FRAME: 0
0 0 0
0 0 0
0 0 0
0 0 0
0 0 0
0 0 0
0 0 0
0 0 0
0 0 0
0 0 0
0 0 0
0 0 0
0 0 0
0 0 0
0 0 0
FRAME: 1
0 0 0
0 0 0
0 0 0
0 0 0
0 0 0
0 0 0
0 0 0
0 0 0
0 0 0
0 0 0
0 0 0
0 0 0
0 0 0
0 0 0
0 0 0
FRAME: 2
0 0 0
0 0 0
0 0 0
0 0 0
0 0 0
0 0 0
0 0 0
0 0 0
0 0 0
0 0 0
0 0 0
0 0 0
0 0 0
0 0 0
0 0 0
FRAME: 3
0 0 0
0 0 0
0 0 0
0 0 0
0 0 0
0 0 0
0 0 0
0 0 0
0 0 0
0 0 0
0 0 0
0 0 0
0 0 0
0 0 0
0 0 0
FRAME: 4
0 0 0
0 0 0
0 0 0
0 0 0
0 0 0
0 0 0
0 0 0
0 0 0
0 0 0
0 0 0
0 0 0
0 0 0
0 0 0
0 0 0
0 0 0
FRAME: 5
0 0 0
0 0 0
0 0 0
0 0 0
0 0 0
0 0 0
0 0 0
0 0 0
0 0 0
0 0 0
0 0 0
0 0 0
0 0 0
0 0 0
0 0 0
FRAME: 6
0 0 0
0 0 0
0 0 0
0 0 0
0 0 0
0 0 0
0 0 0
0 0 0
0 0 0
0 0 0
0 0 0
0 0 0
0 0 0
0 0 0
0 0 0
FRAME: 7
0 0 0
0 0 0
0 0 0
0 0 0
0 0 0
0 0 0
0 0 0
0 0 0
0 0 0
0 0 0
0 0 0
0 0 0
0 0 0
0 0 0
0 0 0
FRAME: 8
0 0 0
0 0 0
0 0 0
0 0 0
0 0 0
0 0 0
0 0 0
0 0 0
0 0 0
0 0 0
0 0 0
0 0 0
0 0 0
0 0 0
0 0 0
FRAME: 9
0 0 0
0 0 0
0 0 0
0 0 0
0 0 0
0 0 0
0 0 0
0 0 0
0 0 0
0 0 0
0 0 0
0 0 0
0 0 0
0 0 0
0 0 0
FRAME: 10
0 0 0
0 0 0
0 0 0
0 0 0
0 0 0
0 0 0
0 0 0
0 0 0
0 0 0
0 0 0
0 0 0
0 0 0
0 0 0
0 0 0
0 0 0
FRAME: 11
0 0 0
0 0 0
0 0 0
0 0 0
0 0 0
0 0 0
0 0 0
0 0 0
0 0 0
0 0 0
0 0 0
0 0 0
0 0 0
0 0 0
0 0 0
FRAME: 12
0 0 0
0 0 0
0 0 0
0 0 0
0 0 0
0 0 0
0 0 0
0 0 0
0 0 0
0 0 0
0 0 0
0 0 0
0 0 0
0 0 0
0 0 0
FRAME: 13
0 0 0
0 0 0
0 0 0
0 0 0
0 0 0
0 0 0
0 0 0
0 0 0
0 0 0
0 0 0
0 0 0
0 0 0
0 0 0
0 0 0
0 0 0
FRAME: 14
0 0 0
0 0 0
0 0 0
0 0 0
0 0 0
0 0 0
0 0 0
0 0 0
0 0 0
0 0 0
0 0 0
0 0 0
0 0 0
0 0 0
0 0 0
FRAME: 15
0 0 0
0 0 0
0 0 0
0 0 0
0 0 0
0 0 0
0 0 0
0 0 0
0 0 0
0 0 0
0 0 0
0 0 0
0 0 0
0 0 0
0 0 0
FRAME: 16
0 0 0
0 0 0
0 0 0
0 0 0
0 0 0
0 0 0
0 0 0
0 0 0
0 0 0
0 0 0
0 0 0
0 0 0
0 0 0
0 0 0
0 0 0
FRAME: 17
0 0 0
0 0 0
0 0 0
0 0 0
0 0 0
0 0 0
0 0 0
0 0 0
0 0 0
0 0 0
0 0 0
0 0 0
0 0 0
0 0 0
0 0 0
FRAME: 18
0 0 0
0 0 0
0 0 0
0 0 0
0 0 0
0 0 0
0 0 0
0 0 0
0 0 0
0 0 0
0 0 0
0 0 0
0 0 0
0 0 0
0 0 0
FRAME: 19
0 0 0
0 0 0
0 0 0
0 0 0
0 0 0
0 0 0
0 0 0
0 0 0
0 0 0
0 0 0
0 0 0
0 0 0
0 0 0
0 0 0
0 0 0
FRAME: 20
0 0 0
0 0 0
0 0 0
0 0 0
0 0 0
0 0 0
0 0 0
0 0 0
0 0 0
0 0 0
0 0 0
0 0 0
0 0 0
0 0 0
0 0 0
FRAME: 21
0 0 0
0 0 0
0 0 0
0 0 0
0 0 0
0 0 0
0 0 0
0 0 0
0 0 0
0 0 0
0 0 0
0 0 0
0 0 0
0 0 0
0 0 0
FRAME: 22
0 0 0
0 0 0
0 0 0
0 0 0
0 0 0
0 0 0
0 0 0
0 0 0
0 0 0
0 0 0
0 0 0
0 0 0
0 0 0
0 0 0
0 0 0
FRAME: 23
0 0 0
0 0 0
0 0 0
0 0 0
0 0 0
0 0 0
0 0 0
0 0 0
0 0 0
0 0 0
0 0 0
0 0 0
0 0 0
0 0 0
0 0 0
FRAME: 24
0 0 0
0 0 0
0 0 0
0 0 0
0 0 0
0 0 0
0 0 0
0 0 0
0 0 0
0 0 0
0 0 0
0 0 0
0 0 0
0 0 0
0 0 0
FRAME: 25
0 0 0
0 0 0
0 0 0
0 0 0
0 0 0
0 0 0
0 0 0
0 0 0
0 0 0
0 0 0
0 0 0
0 0 0
0 0 0
0 0 0
0 0 0
FRAME: 26
0 0 0
0 0 0
0 0 0
0 0 0
0 0 0
0 0 0
0 0 0
0 0 0
0 0 0
0 0 0
0 0 0
0 0 0
0 0 0
0 0 0
0 0 0
FRAME: 27
0 0 0
0 0 0
0 0 0
0 0 0
0 0 0
0 0 0
0 0 0
0 0 0
0 0 0
0 0 0
0 0 0
0 0 0
0 0 0
0 0 0
0 0 0
FRAME: 28
0 0 0
0 0 0
0 0 0
0 0 0
0 0 0
0 0 0
0 0 0
0 0 0
0 0 0
0 0 0
0 0 0
0 0 0
0 0 0
0 0 0
0 0 0
FRAME: 29
0 0 0
0 0 0
0 0 0
0 0 0
0 0 0
0 0 0
0 0 0
0 0 0
0 0 0
0 0 0
0 0 0
0 0 0
0 0 0
0 0 0
0 0 0
FRAME: 30
0 0 0
0 0 0
0 0 0
0 0 0
0 0 0
0 0 0
0 0 0
0 0 0
0 0 0
0 0 0
0 0 0
0 0 0
0 0 0
0 0 0
0 0 0
FRAME: 31
0 0 0
0 0 0
0 0 0
0 0 0
0 0 0
0 0 0
0 0 0
0 0 0
0 0 0
0 0 0
0 0 0
0 0 0
0 0 0
0 0 0
0 0 0
FRAME: 32
0 0 0
0 0 0
0 0 0
0 0 0
0 0 0
0 0 0
0 0 0
0 0 0
0 0 0
0 0 0
0 0 0
0 0 0
0 0 0
0 0 0
0 0 0
FRAME: 33
0 0 0
0 0 0
0 0 0
0 0 0
0 0 0
0 0 0
0 0 0
0 0 0
0 0 0
0 0 0
0 0 0
0 0 0
0 0 0
0 0 0
0 0 0
FRAME: 34
0 0 0
0 0 0
0 0 0
0 0 0
0 0 0
0 0 0
0 0 0
0 0 0
0 0 0
0 0 0
0 0 0
0 0 0
0 0 0
0 0 0
0 0 0
FRAME: 35
0 0 0
0 0 0
0 0 0
0 0 0
0 0 0
0 0 0
0 0 0
0 0 0
0 0 0
0 0 0
0 0 0
0 0 0
0 0 0
0 0 0
0 0 0
FRAME: 36
0 0 0
0 0 0
0 0 0
0 0 0
0 0 0
0 0 0
0 0 0
0 0 0
0 0 0
0 0 0
0 0 0
0 0 0
0 0 0
0 0 0
0 0 0
FRAME: 37
0 0 0
0 0 0
0 0 0
0 0 0
0 0 0
0 0 0
0 0 0
0 0 0
0 0 0
0 0 0
0 0 0
0 0 0
0 0 0
0 0 0
0 0 0
FRAME: 38
0 0 0
0 0 0
0 0 0
0 0 0
0 0 0
0 0 0
0 0 0
0 0 0
0 0 0
0 0 0
0 0 0
0 0 0
0 0 0
0 0 0
0 0 0
FRAME: 39
0 0 0
0 0 0
0 0 0
0 0 0
0 0 0
0 0 0
0 0 0
0 0 0
0 0 0
0 0 0
0 0 0
0 0 0
0 0 0
0 0 0
0 0 0
FRAME: 40
0 0 0
0 0 0
0 0 0
0 0 0
0 0 0
0 0 0
0 0 0
0 0 0
0 0 0
0 0 0
0 0 0
0 0 0
0 0 0
0 0 0
0 0 0
FRAME: 41
0 0 0
0 0 0
0 0 0
0 0 0
0 0 0
0 0 0
0 0 0
0 0 0
0 0 0
0 0 0
0 0 0
0 0 0
0 0 0
0 0 0
0 0 0
FRAME: 42
0 0 0
0 0 0
0 0 0
0 0 0
0 0 0
0 0 0
0 0 0
0 0 0
0 0 0
0 0 0
0 0 0
0 0 0
0 0 0
0 0 0
0 0 0
FRAME: 43
0 0 0
0 0 0
0 0 0
0 0 0
0 0 0
0 0 0
0 0 0
0 0 0
0 0 0
0 0 0
0 0 0
0 0 0
0 0 0
0 0 0
0 0 0
FRAME: 44
0 0 0
0 0 0
0 0 0
0 0 0
0 0 0
0 0 0
0 0 0
0 0 0
0 0 0
0 0 0
0 0 0
0 0 0
0 0 0
0 0 0
0 0 0
FRAME: 45
0 0 0
0 0 0
0 0 0
0 0 0
0 0 0
0 0 0
0 0 0
0 0 0
0 0 0
0 0 0
0 0 0
0 0 0
0 0 0
0 0 0
0 0 0
FRAME: 46
0 0 0
0 0 0
0 0 0
0 0 0
0 0 0
0 0 0
0 0 0
0 0 0
0 0 0
0 0 0
0 0 0
0 0 0
0 0 0
0 0 0
0 0 0
FRAME: 47
0 0 0
0 0 0
0 0 0
0 0 0
0 0 0
0 0 0
0 0 0
0 0 0
0 0 0
0 0 0
0 0 0
0 0 0
0 0 0
0 0 0
0 0 0
FRAME: 48
0 0 0
0 0 0
0 0 0
0 0 0
0 0 0
0 0 0
0 0 0
0 0 0
0 0 0
0 0 0
0 0 0
0 0 0
0 0 0
0 0 0
0 0 0
FRAME: 49
0 0 0
0 0 0
0 0 0
0 0 0
0 0 0
0 0 0
0 0 0
0 0 0
0 0 0
0 0 0
0 0 0
0 0 0
0 0 0
0 0 0
0 0 0
FRAME: 50
0 0 0
0 0 0
0 0 0
0 0 0
0 0 0
0 0 0
0 0 0
0 0 0
0 0 0
0 0 0
0 0 0
0 0 0
0 0 0
0 0 0
0 0 0
FRAME: 51
0 0 0
0 0 0
0 0 0
0 0 0
0 0 0
0 0 0
0 0 0
0 0 0
0 0 0
0 0 0
0 0 0
0 0 0
0 0 0
0 0 0
0 0 0
FRAME: 52
0 0 0
0 0 0
0 0 0
0 0 0
0 0 0
0 0 0
0 0 0
0 0 0
0 0 0
0 0 0
0 0 0
0 0 0
0 0 0
0 0 0
0 0 0
FRAME: 53
-115.059 624.717 2228.16
-306.458 440.183 2622.55
-53.1695 -752.234 2738.43
-451.599 704.396 2551.43
-102.374 74.5943 2595.79
-147.174 -377.779 2677.44
-111.005 448.798 2468.95
-80.9063 381.726 2320.42
-198.403 160.426 2067.03
-68.6154 -867.778 2357.87
-435.432 127.233 1970.06
-56.4622 -27.7145 2369.22
-97.1676 -449.178 2360.25
-50.8074 314.654 2171.88
-80.1622 202.583 2401.46
FRAME: 54
-122.621 625.651 2216.58
-240.593 350.698 2593.06
-61.9872 -744.564 2730.22
-424.031 666.066 2619.49
-107.602 81.4144 2577.93
-187.839 -368.999 2566.97
-106.665 447.653 2464.81
-85.3439 382.495 2308.37
-197.912 139.3 2030.41
-92.2097 -865.908 2334.25
-151.106 110.258 2122.56
-73.9466 -21.439 2330.98
-111.243 -468.585 2327.42
-64.023 317.336 2151.93
-88.0591 206.241 2381.41
FRAME: 55
-138.055 619.02 2197.35
-261.378 383.191 2654.97
-83.9942 -718.289 2523.19
-434.879 619.392 2667.01
-100.76 73.9835 2601.31
-167.01 -336.101 2488.55
-127.852 446.09 2413.77
-109.388 373.835 2265.85
-239.432 85.6438 2025
-125.526 -911.985 2306.16
-262.86 -28.1833 1966.8
-63.9854 -72.266 2313.8
-114.101 -501.295 2322.89
-90.9233 301.58 2117.94
-95.8801 187.347 2361.71
FRAME: 56
-153.036 585.776 2180.53
-241.021 364.181 2590.78
-123.319 -843.667 2486.96
-393.913 592.446 2714.45
-108.988 54.4414 2554.36
-192.093 -350.207 2627.91
-108.482 436.541 2447.69
-96.3472 367.759 2276.82
-173.473 90.0753 1985.9
-127.783 -892.682 2292.63
-41.0204 141.09 2174.42
-90.451 -50.6317 2293.33
-141.851 -470.877 2244.37
-84.2124 298.977 2105.95
-98.0335 184.832 2350.33
FRAME: 57
-171.909 562.553 2155.43
-263.539 348.858 2645.05
-143.803 -867.527 2466.67
-366.177 492.408 2782.17
-102.084 -9.44514 2494.06
-177.037 -443.87 2331.57
-121.618 363.666 2456.97
-105.124 332.72 2260.03
-165.234 77.8818 1917.69
-157.843 -896.467 2390.79
-234.57 -224.332 1717.38
-78.9081 -94.1098 2199.55
-103.78 -521.062 2233.81
-88.6308 301.774 2063.1
-97.8102 140.471 2303.42
FRAME: 58
-179.639 551.409 2143.95
-258.258 335.711 2643.68
-169.165 -864.041 2416.39
-376.47 461.599 2783.57
-101.617 -8.90494 2463.34
-175.576 -479.037 2245.64
-123.758 350.986 2443.94
-104.666 315.881 2243.91
-150.255 56.0712 1910.41
-155.118 -896.164 2375.3
-213.961 -241.369 1721
-77.194 -92.7597 2196.07
-133.081 -547.011 2216.14
-85.5732 280.777 2043.88
-97.0357 132.525 2286.81
FRAME: 59
-184.112 529.549 2122.62
-256.295 287.925 2639.37
-141.001 -874.034 2363.24
-396.079 426.062 2841.08
-98.7087 -67.6757 2346
-160.686 -499.574 2269.36
-142.551 309.403 2448.47
-104.471 301.294 2245.52
-100.311 46.2414 1895.69
-164.728 -865.892 2340.96
-198.306 -231.591 1718.46
-75.8092 -103.024 2200.72
-137.691 -538.525 2202.6
-66.3908 293.185 2042.58
-95.865 107.972 2259.44
FRAME: 60
-181.539 512.298 2107.3
-253.382 212.766 2595.79
-142.128 -903.394 2353.14
-377.149 238.559 2694.85
-92.6061 -98.5891 2271.64
-149.995 -517.25 2271.92
-137.692 284.508 2436.12
-96.3199 284.62 2223.96
-89.2041 50.4774 1876.44
-160.505 -864.18 2302.98
-224.797 -206.485 1713.48
-76.0309 -97.4829 2186.99
-151.323 -522.369 2193.69
-54.948 284.731 2011.79
-90.3192 93.2918 2226.64
FRAME: 61
-174.027 498.838 2093.38
-229.772 180.114 2551.21
-148.232 -909.718 2347.64
-441.427 295.897 2631.69
-98.376 -106.368 2277.17
-149.079 -515.618 2324.83
-132.424 284.514 2419.62
-90.7002 277.062 2212.04
-80.1722 48.4264 1870.33
-141.914 -875.265 2235.23
-261.017 -189.742 1700.06
-79.7338 -109.921 2181.4
-158.418 -524.957 2191.61
-48.9765 269.611 2004.46
-89.8775 84.459 2220.67
FRAME: 62
-170.665 494.3 2090.61
-228.404 192.263 2520.02
-141.292 -918.173 2391.47
-494.285 335.89 2579.49
-114.552 -100.066 2288.82
-209.34 -492.396 2370.5
-125.8 272.017 2393.37
-87.4948 263.972 2208.28
-65.7544 64.0114 1905.52
-138.885 -893.747 2228.41
-223.808 -174.519 1768.1
-91.0461 -107.195 2164.13
-178.002 -531.904 2186.26
-49.1901 255.926 2023.2
-95.147 80.1706 2217.38
FRAME: 63
-159.174 499.508 2090.28
-245.292 194.686 2570.72
-127.297 -866.565 2386.54
-531.988 333.792 2495.11
-109.425 -68.5249 2327.67
-194.488 -454.844 2389.27
-127.598 300.553 2379.26
-77.8728 270.413 2203.01
-39.2956 28.6302 1906.43
-144.828 -861.562 2269.05
-289.267 -185.431 1755.2
-75.7855 -95.7447 2199.45
-165.671 -489.576 2185.51
-28.1475 240.272 2026.75
-85.239 94.1389 2233.28
FRAME: 64
-156.406 504.193 2088.98
-250.93 257.067 2560.77
-101.43 -890.937 2395.31
-511.152 353.727 2469.62
-98.9224 19.5279 2363.49
-162.82 -358.858 2354.57
-106.584 328.186 2350.27
-83.1814 283.01 2207.72
-58.3994 23.274 2030.21
-162.295 -867.499 2274.58
-317.047 -173.995 1789.86
-126.507 -85.1654 2220.34
-202.242 -455.59 2303.11
-59.7787 237.834 2065.17
-97.9481 125.096 2249.82
FRAME: 65
-148.746 514.875 2099.88
-289.567 215.557 2547.38
-182.635 -851.233 2444.99
-486.588 263.356 2610.15
-208.926 71.2734 2391.96
-301.585 -228.903 2504.47
-177.346 328.728 2426.66
-74.0854 286.865 2279.4
-12.1123 97.4933 2137.13
-68.3647 -669.089 2382.7
-188.33 -96.0819 1910.97
-28.8966 11.6907 2207.23
-111.635 -337.262 2393.76
29.1751 245.003 2132.14
-96.4983 164.174 2289.5
FRAME: 66
-132.848 535.312 2115.33
-282.002 205.875 2535.62
-87.5611 -832.53 2425.79
-496.184 245.317 2363.42
-144.08 7.58986 2388.84
-207.511 -416.491 2436.33
-156.147 362.218 2381.49
-90.1582 322.843 2235.45
-49.803 58.7189 2017.83
-82.9177 -848.654 2272.27
-272.161 -110.917 1901.27
-80.423 -32.4982 2244.83
-142.543 -450.949 2237.84
-24.1693 283.468 2089.42
-101.205 155.194 2276.15
FRAME: 67
-119.118 557.627 2113.26
-324.439 189.291 2471.95
-172.197 -787.92 2595.83
-457.468 189.308 2367.62
-187.994 52.5218 2424.96
-266.607 -288.274 2527.34
-187.411 344.108 2441.99
-89.6545 310.864 2289.81
-26.502 90.4124 2137.81
-67.5611 -710.502 2358.84
-269.418 -116.205 1926.02
-57.5378 12.6018 2236.11
-94.1713 -338.264 2337.02
8.10194 277.62 2137.64
-106.21 171.713 2310.17
FRAME: 68
-114.888 566.501 2139.46
-328.917 183.508 2455.77
-106.252 -728.337 2679.21
-433.043 100.207 2369.96
-126.135 20.5097 2420.52
-196.408 -360.436 2501.27
-187.458 350.254 2413.83
-94.8233 327.569 2282.64
-17.3239 85.8514 2152.68
-83.0796 -777.47 2357.11
-258.474 -98.5413 1988.92
-41.5316 -0.878244 2299.19
-95.3895 -399.328 2342.76
-2.18812 304.885 2151.45
-89.3283 168.692 2321.25
FRAME: 69
-103.907 578.655 2166.42
-322.281 202.529 2439.99
-123.419 -711.609 2707.99
-398.069 118.315 2276.98
-160.94 22.567 2490.23
-206.278 -345.734 2511.65
-202.38 362.363 2424.31
-91.6043 325.356 2329.31
-12.9756 83.6478 2200.34
-56.3849 -777.767 2399.61
-270.421 -41.3073 2052.87
-34.595 -22.9457 2380.05
-42.4096 -400.018 2328.82
19.171 288.349 2234.31
-94.6859 162.583 2382.22
FRAME: 70
-95.1426 586.648 2198.06
-294.964 185.528 2472.09
-141.451 -726.982 2791.26
-349.491 77.1586 2237.72
-171.055 4.55422 2527.95
-199.074 -375.456 2559.9
-215.703 373.537 2456.46
-88.8689 341.055 2356.58
33.7081 82.6599 2260.62
-30.7522 -810.465 2420.08
-194.437 -121.165 2106.97
-15.0677 -34.103 2408.74
-20.1424 -423.127 2352.45
37.9649 308.573 2256.71
-90.9652 163.14 2412.46
FRAME: 71
-90.8734 591.975 2211.25
-279.044 163.392 2467.4
-147.708 -726.226 2791.83
-309.033 63.1581 2250.42
-160.749 -14.8384 2517.75
-198.883 -378.4 2578.33
-219.749 368.503 2464.01
-84.3266 347.955 2368.53
46.4679 94.0708 2293.88
-14.7887 -808.839 2453.4
-209.57 -111.753 2152.61
-5.07461 -38.8388 2419.11
-10.1314 -422.328 2366.69
51.0958 327.408 2273.05
-83.6193 160.558 2418.48
FRAME: 72
-82.9685 597.844 2226.81
-282.712 146.701 2438.56
-133.319 -730.802 2806.9
-283.41 95.3221 2172.78
-136.106 -18.5649 2516.69
-188.383 -387.318 2587.33
-229.452 359.092 2468.45
-83.5651 352.198 2383.67
55.6579 101.481 2317.52
-0.505025 -781.453 2482.5
-114.647 -111.645 2180.85
14.5937 -30.0048 2432.64
-3.39192 -405.01 2378.52
62.322 345.304 2298.88
-72.1606 163.957 2429.17
FRAME: 73
-68.5716 608.447 2268.31
-277.229 158.746 2440.68
-104.82 -789.766 2820.44
-221.934 43.5327 2199.23
-136.143 -12.9953 2521.77
-184.432 -434.282 2608.52
-200.564 384.921 2438.57
-62.6715 372.622 2381.65
82.6971 119.63 2342.65
66.6028 -860.463 2514.12
-112.674 -97.9608 2215.99
28.2396 -28.0346 2453.54
35.5519 -456.714 2417.47
75.2206 360.322 2324.73
-58.3115 176.053 2434.65
FRAME: 74
-60.291 617.491 2280.05
-256.954 145.055 2455.54
-103.571 -785.088 2825.84
-150.9 39.8883 2165.3
-132.86 -3.37481 2533.47
-178.665 -427.215 2615.53
-190.74 391.418 2445.28
-52.3909 378.446 2392.78
80.8911 124.371 2347.35
91.4614 -864.344 2585.36
-83.554 -99.6448 2239.15
37.3336 -19.4588 2468.94
53.9568 -449.763 2451.47
85.9578 365.473 2340.27
-50.077 183.515 2446.99
FRAME: 75
-49.2129 627.455 2291.72
-226.027 164.622 2430.02
-103.578 -787.106 2828.57
-118.871 34.9482 2171.09
-128.347 9.87624 2544.94
-174.567 -418.486 2622.41
-180.078 397.723 2452.78
-41.7875 382.783 2402.87
74.9334 124.823 2344.69
103.529 -841.641 2624.75
-64.8791 -95.9144 2245.16
41.8769 -8.737 2483.3
68.6197 -435.103 2485.34
96.5026 367.843 2352.95
-42.5112 191.676 2458.49
FRAME: 76
-36.2338 635.893 2302.46
-203.997 155.781 2442.79
-103.027 -790.599 2833.96
-89.7485 38.3275 2169.73
-113.5 21.1596 2555.54
-163.582 -407.536 2635.32
-167.598 399.481 2452.1
-31.8402 384.7 2408.06
66.5964 134.015 2336.75
122.916 -811.114 2694.13
-47.6078 -53.7184 2234.37
47.1083 3.42462 2503.22
84.2102 -421.202 2512.44
103.917 369.919 2364.02
-32.5181 198.496 2468.72
FRAME: 77
-19.0296 643.398 2316.14
-158.391 146.936 2428.83
-104.026 -790.284 2830.41
-34.5517 -19.6741 2211.86
-102.376 30.9298 2562.13
-162.911 -406.241 2644.63
-157.746 397.632 2453.42
-19.6715 385.42 2419.77
61.1802 145.125 2331.77
157.641 -780.721 2783.48
-30.6258 -20.6956 2219.62
58.9687 16.4386 2522.14
116.728 -401.073 2583.86
118.403 373.209 2386.13
-20.6874 204.552 2480.95
FRAME: 78
-6.10788 640.931 2323.64
-152.23 133.16 2410.76
-104.858 -785.542 2842.89
-6.54636 -26.0059 2189.66
-96.6045 29.5685 2576.88
-158.532 -399.368 2653.09
-144.325 389.377 2466.77
-9.05908 375.985 2436.35
79.2563 138.619 2365.27
167.595 -785.591 2803.92
-10.8268 -44.7418 2251.28
63.5796 13.4518 2540.38
115.912 -408.297 2607.67
126.207 362.594 2405.93
-12.7858 198.748 2497.49
FRAME: 79
9.38265 634.032 2329.49
-136.462 122.421 2410.01
-107.744 -783.265 2838.58
28.4303 -43.6837 2198.09
-98.7802 20.593 2588.42
-156.875 -399.269 2653.82
-138.403 384.761 2474.11
4.45519 370.787 2454.57
85.5125 131.892 2370.96
174.704 -787.267 2817.46
43.1205 -101.291 2288.1
71.3601 3.93806 2564.78
131.074 -414.123 2633.24
147.313 356.813 2435.02
-4.62743 191.526 2515.58
FRAME: 80
21.792 628.738 2329.02
-140.099 105.726 2411.64
-114.601 -774.983 2846
24.7183 -8.43852 2165.13
-92.5329 3.53514 2581.74
-151.207 -400.088 2659.71
-135.208 384.5 2467.75
9.52267 372.842 2455.17
99.9656 118.577 2381.1
176.998 -797.727 2845.6
93.0447 -156.29 2311.9
71.913 -9.69453 2567.54
142.031 -419.124 2660.35
154.253 361.185 2442.6
-0.393642 184.881 2514.91
FRAME: 81
32.4459 627.021 2341.47
-125.285 100.364 2414.37
-110.716 -788.297 2837.44
48.0174 -36.1784 2193.53
-75.3611 2.0634 2589.54
-138.967 -413.026 2661.42
-115.064 371.381 2456.03
21.515 365.413 2455.03
114.903 108.475 2417.33
183.072 -802.799 2857.07
114.163 -131.027 2295.1
83.7068 -4.76281 2588.54
159.514 -415.733 2673.38
158.094 359.446 2454.04
12.8439 182.032 2522.04
FRAME: 82
46.9543 627.327 2337.85
-125.943 101.598 2418.3
-112.172 -779.362 2862.62
46.5141 8.99822 2165.69
-77.721 5.085 2600.49
-126.933 -407.528 2675.14
-109.854 376.931 2457.91
28.9812 367.293 2455.47
154.782 101.98 2462.69
185.942 -814.623 2892.74
109.1 -155.727 2314.02
88.8712 -6.6244 2597.77
164.745 -424.705 2689.04
167.817 357.655 2453.04
17.2782 183.261 2527.3
FRAME: 83
50.9491 623.997 2339.18
-122.222 91.8118 2420.66
-114.644 -781.503 2844.59
62.982 15.0202 2165.61
-65.9852 4.73875 2601.05
-120.876 -404.13 2687.75
-99.1168 376.628 2457.71
38.9589 367.684 2459.15
184.369 131.857 2452.66
187.37 -802.356 2885.78
129.761 -127.748 2335.38
92.43 -5.87456 2603.25
173.646 -412.294 2697.35
177.035 358.74 2460.58
26.0907 183.558 2530.65
FRAME: 84
64.201 628.233 2339.65
-115.399 102.031 2404.14
-113.633 -781.718 2877.21
63.1104 10.4107 2156.49
-59.5383 19.7103 2614.34
-119.428 -404.194 2716.8
-94.5587 389.117 2454.21
41.2332 378.37 2451.04
172.637 141.275 2406.51
189.727 -811.766 2889.79
136.989 -84.0467 2294.08
101.288 6.72305 2610.62
177.506 -411.915 2697.41
177.025 367.622 2447.87
31.0541 195.793 2531.76
FRAME: 85
69.0403 629.948 2337.89
-105.384 102.598 2414.34
-112.498 -778.216 2876.75
77.4311 8.69252 2166.09
-56.7619 16.6766 2617.71
-118.198 -405.496 2720.9
-94.4777 390.027 2459.96
44.7805 379.041 2458.45
194.6 156.434 2417.74
191.081 -802.649 2898.19
135.13 -133.113 2369.27
102.082 3.9754 2615.67
181.082 -407.921 2703.88
184.039 368.055 2456.94
33.7203 194.683 2537.57
FRAME: 86
72.9089 629.265 2339.75
-100.729 99.4957 2433.44
-112.599 -779.385 2860.22
87.9217 -23.8261 2216.63
-51.2067 21.501 2629.68
-114.812 -403.068 2710.95
-79.4907 390.755 2466.26
61.0468 374.926 2461.38
185.204 150.628 2411.23
190.789 -805.935 2899.58
135.162 -110.579 2333.72
102.892 4.07602 2624.91
183.871 -404.847 2721.58
201.584 359.097 2456.5
43.4448 193.857 2544.34
FRAME: 87
75.1762 629.932 2332.4
-101.077 86.5766 2450.92
-110.826 -786.675 2880.29
79.7197 -30.6172 2207.4
-51.3449 18.2905 2640.65
-119.49 -405.176 2719.75
-83.057 378.742 2465.05
59.0971 363.546 2457.82
185.503 162.798 2394.8
195.351 -798.854 2908.34
136.673 -110.544 2340.37
110.984 1.19599 2632.25
187.74 -408.659 2734.46
201.251 348.349 2450.59
44.4584 186.644 2547.14
FRAME: 88
77.5905 626.825 2335.94
-93.2107 85.9868 2455.3
-99.3596 -787.155 2878.97
62.3528 -41.8665 2202.79
-48.3573 19.7643 2649.86
-115.675 -399.051 2718.28
-80.4647 372.44 2464.37
63.5839 356.285 2457.93
187.593 154.84 2401.25
193.726 -794.072 2909.22
131.298 -123.465 2361.47
114.81 1.57327 2642.71
189.125 -402.677 2733.82
207.633 340.129 2451.48
48.4052 183.477 2552.1
FRAME: 89
78.057 625.326 2331.59
-93.2736 101.12 2475.55
-98.5159 -791.003 2884.42
39.231 -67.1697 2251.08
-51.791 27.1436 2654.2
-116.922 -401.047 2722.06
-74.8671 376.163 2464.17
63.501 362.301 2459.83
187.037 138.314 2432.04
194.833 -798.262 2902.58
117.262 -140.466 2380.75
120.552 10.3925 2649.13
189.952 -404.42 2729.52
201.869 348.439 2455.49
48.9409 190.534 2555.75
FRAME: 90
75.372 618.291 2323.69
-124.144 129.951 2464.65
-91.5903 -790.467 2882.9
-51.3956 -80.3675 2274.52
-59.4542 24.0024 2653.36
-119.718 -404.351 2717.94
-85.7053 390.373 2469.64
59.1352 371.964 2456.89
187.161 109.064 2466.22
189.898 -802.165 2892.62
50.2069 -156.605 2404.36
118.86 0.801443 2637.41
185.628 -410.094 2716.61
203.976 353.554 2444.14
44.4191 192.183 2551.14
FRAME: 91
65.8436 603.013 2318.33
-140.255 127.146 2509.99
-84.6713 -788.589 2888.06
-144.4 -60.6749 2248.81
-54.3488 10.4589 2637.62
-126.479 -410.554 2717.64
-94.3989 387.285 2477.04
52.2629 372.298 2461.95
202.268 121.164 2475.81
185.235 -806.876 2876.65
-0.334807 -147.706 2424.39
117.902 -7.36232 2619.46
178.893 -419.814 2695.85
198.925 357.312 2446.86
42.0197 186.923 2545.25
FRAME: 92
54.6677 594.376 2319.55
-170.925 123.855 2559.68
-78.5787 -793.061 2883.04
-178.781 -31.5633 2286.31
-62.9467 3.86229 2639.67
-123.943 -425.179 2715.1
-112.476 388.305 2499.41
38.7356 369.368 2467.34
201.308 121.018 2472.08
180.701 -813.48 2875.56
-74.3045 -57.0521 2385.17
111.861 -18.2267 2602.28
164.55 -444.569 2675.73
189.947 350.432 2435.26
31.5964 181.093 2544.15
FRAME: 93
36.6364 587.333 2313.19
-235.633 174.232 2511.61
-75.9741 -803.239 2881.1
-243.776 -82.0816 2300.06
-64.1053 -2.77347 2649.88
-124.524 -436.469 2713.38
-128.958 391.573 2523.89
19.3936 370.605 2468.09
149.74 127.508 2444.29
175.05 -802.267 2869.94
-112.929 -58.0873 2368.19
106.951 -27.0398 2585.5
144.062 -455.107 2649.05
167.745 349.637 2412.29
20.4081 177.849 2542.89
FRAME: 94
17.97 583.718 2314
-314.159 242.799 2425.5
-70.3423 -805.331 2883.75
-311.812 -14.9626 2299.45
-76.0949 -11.9357 2661.54
-126.246 -442.393 2713.9
-138.827 388 2533.25
-0.175202 364.532 2464.79
117.555 120.361 2434.65
172.273 -801.991 2866.4
-187.834 -31.7971 2339.45
96.2728 -41.3611 2576.21
118.975 -481.235 2602.75
138.477 341.064 2396.33
4.95687 168.942 2541.83
FRAME: 95
0.385646 579.052 2312.91
-271.801 178.452 2517.54
-71.3966 -807.239 2884.7
-355.907 191.716 2330.35
-77.948 -8.30379 2658.06
-132.927 -452.979 2714
-143.402 390.762 2537.14
-12.7244 366.343 2460.1
47.8617 112.066 2377.24
163.966 -800.424 2853.87
-288.718 41.4387 2289.71
83.858 -38.6531 2562.64
96.2159 -491.993 2579.39
117.953 341.924 2383.06
-4.88471 171.432 2535.23
FRAME: 96
-15.5014 575.224 2309.52
-254.681 161.226 2586.32
-72.4903 -805.919 2884.05
-434.51 225.752 2317.79
-86.2599 -12.9049 2653.99
-140.854 -453.967 2715.27
-150.507 384.762 2554.71
-27.9727 355.643 2460.64
-36.4068 109.642 2331.48
164.195 -797.835 2826.52
-357.788 83.9453 2267.97
57.8231 -47.4692 2543.35
56.9096 -501.438 2551.52
94.5613 326.523 2366.57
-21.0955 162.728 2529.65
FRAME: 97
-37.1274 573.064 2301.48
-266.529 172.91 2587.38
-68.925 -805.745 2887.73
-450.199 269.648 2285.31
-85.985 -13.1283 2652.02
-147.37 -456.314 2719.43
-154.293 381.949 2565.33
-42.0278 351.555 2458.9
-105.304 125.796 2309.96
151.77 -801.35 2785.9
-393.947 150.425 2250.89
44.2524 -48.445 2528.88
25.7175 -501.852 2516.1
70.2373 321.161 2352.47
-31.447 160.384 2524.68
FRAME: 98
-60.0739 572.357 2287.77
-301.618 244.136 2588.56
-69.6393 -805.844 2874.31
-479.583 371.137 2313.75
-94.0008 -10.342 2644.55
-157.639 -451.355 2708.98
-148.188 387.534 2563.97
-56.6202 349.97 2441.22
-184.683 181.644 2237.61
103.18 -843.222 2634.49
-509.328 299.877 2177.59
15.2306 -55.2827 2497.94
-11.433 -501.061 2475.64
34.948 312.406 2318.46
-48.0026 158.579 2506.23
FRAME: 99
-80.8925 574.573 2269.99
-308.237 268.018 2581.5
-44.2441 -810.259 2840.07
-481.665 449.385 2311.33
-96.0472 -5.13124 2642.37
-155.703 -443.746 2700.26
-137.085 398.174 2546.48
-66.106 354.797 2417.04
-197.086 190.938 2204.68
84.8326 -865.361 2588.49
-529.66 303.738 2108.05
-2.1449 -62.4616 2471.51
-46.3323 -505.24 2439.98
4.87273 311.419 2287.6
-57.601 160.5 2486.99
FRAME: 100
-97.5751 580.713 2247.5
-327.9 316.625 2543.39
-49.7981 -798.939 2820.99
-496.322 513.608 2312.82
-96.6132 5.02786 2629.75
-156.299 -430.566 2679.01
-132.476 408.339 2519.6
-74.1748 361.526 2386.72
-213.964 200.919 2165.25
30.5507 -887.081 2484.97
-542.625 312.816 2051.57
-12.0258 -62.7568 2436.98
-68.1886 -506.598 2411.25
-15.8736 314.713 2253.85
-64.2471 166.331 2460.05
FRAME: 101
-116.993 588.811 2231.83
-334.517 327.326 2544.24
-54.4627 -794.147 2793.08
-506.362 510.559 2325.11
-102.16 11.1482 2619.86
-163.139 -422.351 2660.84
-134.209 418.938 2493.72
-85.5471 370.087 2359.29
-240.07 216.517 2113.38
9.51258 -905.88 2454.09
-535.564 290.691 1979.4
-24.4047 -66.7877 2405.18
-83.5097 -509.522 2387.34
-36.8852 321.236 2224.87
-74.4146 171.134 2435.91
FRAME: 102
-131.624 596.595 2211.52
-343.771 333.043 2542.1
-70.7201 -788.169 2782.5
-511.767 531.344 2341.97
-107.051 18.0063 2604.49
-167.637 -413.867 2650.97
-136.645 427.531 2471.92
-96.6307 374.536 2330.85
-250.401 218.205 2075.62
-53.9925 -906.467 2386.85
-541.67 266.212 1886.36
-41.2098 -69.221 2372.64
-98.8066 -505.868 2358.08
-56.6163 321.541 2189.78
-85.3807 174.464 2409.71
FRAME: 103
-143.621 599.567 2184.01
-348.235 348.558 2534.32
-107.991 -798.148 2693.52
-512.489 569.583 2366.21
-112.738 22.8756 2587.94
-171.02 -404.455 2641.86
-140.669 428.38 2434.76
-105.857 370.502 2294.71
-246.234 194.025 2030.58
-81.4595 -927.323 2351.41
-499.878 155.597 1800.09
-51.7022 -77.2923 2348.32
-108.536 -515.078 2338.06
-71.0459 312.624 2154.66
-94.0389 171.647 2381.42
FRAME: 104
-154.789 597.79 2166.87
-341.354 370.9 2539.11
-141.167 -766.848 2533.66
-510.063 601.697 2456.13
-121.227 25.6382 2571.81
-183.057 -402.686 2626.32
-148.001 422.768 2391.78
-120.261 364.412 2259.99
-254.791 179.75 1972.01
-103.951 -925.599 2364.49
-494.743 125.622 1785.15
-66.2557 -89.781 2311.98
-108.691 -516.02 2317.59
-92.5201 306.056 2128.21
-107.001 166.17 2350.94
FRAME: 105
-170.988 590.812 2146.82
-342.167 395.461 2502.32
-170.791 -777.719 2393.99
-519.389 590.263 2518.46
-123.351 27.4322 2552.27
-184.658 -402.924 2612.38
-154.761 417.715 2359.65
-133.785 351.72 2223.81
-260.848 136.909 1927.16
-133.393 -929.925 2355.42
-493.528 47.4911 1655.55
-81.8742 -102.736 2283.45
-116.933 -526.08 2301.76
-112.809 285.725 2087.96
-118.199 157.034 2320.83
FRAME: 106
-193.119 566.083 2122.18
-342.455 403.035 2505.42
-185.637 -824.133 2395.27
-485.297 528.685 2545.69
-124.274 7.59468 2532.31
-185.694 -420.578 2595.61
-157.742 403.519 2353.39
-143.734 333.919 2199.95
-258.273 106.6 1878.43
-158.244 -940.042 2315.49
-421.622 -59.9968 1631.47
-97.0279 -128.36 2231.53
-166.282 -556.627 2237.77
-129.725 264.318 2046.5
-127.192 136.768 2290.93
FRAME: 107
-211.245 541.453 2102.02
-343.584 385.141 2504.61
-191.313 -846.147 2394.51
-505.549 522.008 2638.83
-129.801 -13.474 2499.6
-197.864 -441.323 2541.3
-161.898 386.355 2348.87
-150.919 320.312 2186.08
-258.012 93.9835 1855.44
-158.028 -937.551 2315.96
-404.427 -109.418 1587.17
-112.246 -139.72 2199.24
-207.619 -580.027 2197.07
-139.939 254.269 2023.3
-135.971 121.858 2267.75
FRAME: 108
-219.702 525.46 2089.35
-336.617 368.106 2484.42
-202.364 -891.322 2362.97
-507.885 482.107 2652.55
-136.537 -29.2536 2463.95
-196.389 -464.247 2506.14
-169.022 369.654 2336.7
-157.885 306.406 2169.45
-254.349 75.7443 1841.07
-169.897 -946.752 2297.33
-380.813 -156.53 1565.38
-119.497 -144.495 2178.39
-218.004 -581.661 2189.95
-146.749 243.158 2002.2
-142.951 109.766 2245.31
FRAME: 109
-224.971 512.878 2077.57
-339.988 330.629 2489.65
-205.688 -902.664 2381.08
-513.908 438.001 2652.74
-149.768 -69.3232 2390.38
-198.56 -478.746 2455.18
-175.584 345.91 2332.8
-159.73 294.469 2157.14
-236.317 64.6682 1824.93
-177.498 -938.926 2276.45
-396.783 -151.292 1539.42
-136.576 -146.886 2161.65
-224.759 -582.443 2190.7
-143.876 243.027 1981.48
-151.451 93.1821 2216.58
FRAME: 110
-228.77 497.329 2061.45
-344.523 334.707 2492.96
-221.684 -904.077 2365.63
-514.66 456.914 2630.97
-157.54 -84.8475 2371.49
-213.451 -501.761 2448.88
-180.134 329.882 2308.19
-163.873 276.951 2138.99
-237.13 45.1913 1815.47
-170.575 -912.635 2305.08
-407.037 -164.123 1539.27
-142.437 -162.513 2159.04
-231.536 -589.561 2185.5
-147.611 224.019 1969.79
-156.931 76.6352 2202.13
FRAME: 111
-228.516 487.184 2049.51
-343.227 315.304 2479.68
-227.473 -912.266 2366.88
-529.724 419.104 2561.51
-163.597 -88.9792 2374.09
-225.547 -510.333 2435.18
-184.73 315.924 2288.7
-167.328 260.785 2126.11
-242.681 23.0434 1806.97
-165.149 -903.137 2320.25
-411.828 -156.981 1534.05
-139.263 -171.321 2158.02
-244.119 -603.186 2167.49
-149.927 205.645 1963.53
-159.379 65.3173 2196.08
FRAME: 112
-226.132 482.729 2040.43
-333.335 247.369 2435.48
-211.711 -910.874 2379.77
-565.361 437.833 2498.76
-164.359 -93.0165 2366.7
-224.434 -514.795 2426.97
-184.864 305.32 2266.05
-166.359 248.208 2114.79
-243.17 9.37204 1805.01
-169.941 -911.772 2310.36
-438.061 -134.574 1546.24
-142.415 -178.439 2158.37
-256.154 -602.782 2158.79
-147.854 191.096 1963.52
-159.873 56.2403 2188.66
FRAME: 113
-217.369 483.843 2034.92
-346.604 242.302 2441.88
-196.173 -906.901 2390.92
-590.116 389.994 2379.69
-174.38 -112.884 2336.78
-220.707 -521.534 2427.76
-187.774 295.248 2265.03
-161.933 245.561 2117.32
-225.74 10.848 1807.46
-176.14 -918.917 2297.97
-412.901 -107.262 1606.27
-145.632 -176.1 2160.07
-265.552 -597.837 2157.25
-136.092 195.873 1969.61
-160.969 50.5344 2182.87
FRAME: 114
-196.888 497.967 2038.08
-342.252 218.182 2433.53
-179.843 -894.061 2419.91
-520.148 273.409 2354.71
-181.885 -108.379 2339.76
-227.252 -517.264 2447.63
-180.355 296.197 2287.29
-149.489 251.407 2142.66
-206.963 13.1906 1834.85
-178.939 -921.496 2274.95
-428.904 -87.9139 1701.13
-148.211 -160.305 2179.01
-243.371 -569.871 2178.66
-118.623 206.618 1998.03
-157.269 58.5326 2201.02
FRAME: 115
-180.461 509.883 2053.26
-350.604 194.201 2422.06
-174.968 -888.968 2451.1
-523.037 247.914 2297.72
-186.577 -94.8876 2357.95
-233.221 -511.073 2454.13
-185.324 305.187 2307.9
-143.393 260.408 2166.5
-188.647 18.9843 1877.94
-171.231 -919.457 2259.63
-447.927 -26.3522 1713.37
-140.153 -144.593 2201.58
-228.984 -552.249 2191.34
-101.462 215.629 2025.09
-153.379 70.3339 2223.13
FRAME: 116
-158.656 533.703 2089.57
-367.138 159.487 2438.18
-169.982 -888.696 2475.87
-489.543 182.527 2297.49
-191.622 -86.1927 2381.95
-252.834 -498.902 2481.76
-232.266 326.946 2356.12
-148.43 301.254 2234.52
-106.873 42.3146 2033.98
-138.788 -903.361 2270.88
-397.114 -20.5226 1862.13
-106.593 -112.983 2257.37
-189.296 -535.401 2230.37
-64.5928 275.562 2112.91
-148.769 100.833 2277.09
FRAME: 117
-149.948 546.908 2116.28
-389.121 135.719 2442.17
-139.807 -862.193 2546.32
-475.63 101.446 2201.17
-189.466 -77.6874 2402.38
-252.144 -492.06 2501.56
-256.655 336.19 2382.61
-154.873 314.323 2261.43
-80.8658 43.9508 2075.03
-124.253 -898.923 2287.34
-354.995 -33.5242 1965.85
-93.5604 -98.5832 2287.53
-148.583 -527.77 2266.64
-53.0907 292.456 2140.24
-148.193 113.094 2303.19
FRAME: 118
-144.245 556.762 2143.04
-392.806 123.534 2442.7
-118.384 -856.938 2598.63
-441.699 51.619 2155.74
-189.819 -68.4538 2423.27
-242.177 -489.653 2513.26
-269.573 338.365 2400.38
-150.826 321.67 2289.42
-55.1724 39.2709 2127.44
-103.669 -897.164 2298.86
-327.225 -51.5942 2029.85
-74.7872 -85.0519 2315.4
-117.906 -519.71 2294.11
-32.0794 304.974 2178.46
-141.565 122.458 2329.38
FRAME: 119
-138.564 563.127 2163.79
-403.677 158.08 2351.28
-124.917 -837.344 2656.7
-404.441 107.511 2119.94
-204.417 -66.7224 2461.32
-242.464 -488.117 2521.08
-283.361 339.074 2399.86
-152.836 320.68 2305.61
-60.4196 52.7128 2202.77
-87.2123 -884.455 2336.8
-323.19 -59.2605 2066.99
-66.9674 -86.3537 2362.43
-94.1009 -509.479 2329.45
-22.3116 302.286 2211.36
-144.264 122.071 2358.74
FRAME: 120
-132.441 568.986 2185.78
-398.856 160.375 2343.24
-128.216 -824.202 2685.72
-351.479 33.6359 2146.77
-215.932 -58.0319 2487.82
-242.163 -481.446 2539.12
-280.183 347.596 2408.23
-148.457 328.527 2324.16
-50.7101 73.8183 2238.42
-70.7683 -879.318 2355.88
-274.622 -88.3745 2153.88
-56.3415 -81.6284 2385.38
-78.3823 -500.611 2347.72
-16.7302 309.458 2240.09
-142.297 129.348 2380.38
FRAME: 121
-124.346 577.551 2213.59
-384.492 194.33 2269.43
-122.522 -828.355 2701.05
-320.017 92.0452 2154.05
-206.979 -48.5766 2491.41
-234.94 -485.619 2546.6
-272.77 353.546 2409.32
-135.715 338.584 2339.95
8.49679 76.2304 2296.79
-54.694 -885.381 2397.48
-238.408 -121.798 2182.56
-40.0434 -67.0661 2406.39
-60.4212 -497.467 2366.07
1.34035 323.621 2270.59
-129.613 140.381 2394.43
FRAME: 122
-116.959 587.9 2236.09
-372.692 209.209 2274.19
-126.885 -815.965 2757.72
-326.722 183.178 2134.09
-197.458 -38.8483 2504.96
-230.42 -476.27 2568.06
-267.809 363.017 2418.42
-126.455 350.674 2356.82
29.2367 88.1253 2318.14
-23.4947 -869.754 2438.62
-177.624 -135.549 2210.93
-28.28 -53.6859 2431.05
-39.6455 -478.602 2389.79
14.8992 338.332 2295.22
-119.662 152.204 2412.41
FRAME: 123
-106.774 601.799 2261.41
-378.634 194.15 2341.87
-129.138 -812.763 2786.39
-315.775 176.587 2104.45
-177.8 -30.21 2518.66
-220.51 -466.491 2582.42
-254.56 374.463 2447.41
-112.621 363.859 2384.45
44.7775 86.4153 2340.73
2.90041 -865.16 2479.56
-149.492 -107.461 2231.05
-19.8084 -42.0525 2448.95
-17.4603 -462.777 2413.14
29.3182 353.255 2321.5
-105.713 163.864 2434.13
FRAME: 124
-88.0556 616.767 2283.21
-271.319 196.179 2396.57
-127.682 -805.393 2801.88
-217.305 135.372 2143.33
-170.416 -15.6191 2534.78
-205.29 -451.246 2600.31
-242.747 388.878 2461
-97.2792 378.96 2403.69
33.723 117.655 2356.21
76.5466 -833.629 2628.64
-106.329 -54.0354 2252.49
-1.67917 -27.1301 2468.74
34.3347 -435.448 2480.13
48.1881 369.041 2346.37
-91.6635 178.793 2452.72
FRAME: 125
-72.6049 626.922 2300.32
-259.733 203.293 2394.83
-124.157 -795.638 2812.36
-143.111 86.7391 2205.68
-158.656 6.29994 2551.29
-192.818 -430.501 2615.06
-211.784 398.617 2460.46
-74.3688 386.76 2413.78
33.5441 117.903 2366.77
89.4913 -821.722 2662.5
-61.927 -72.4466 2276.14
15.7911 -8.82502 2492.04
46.8393 -427.065 2504.14
63.0466 374.903 2367.11
-72.9005 192.749 2467.72
FRAME: 126
-60.2156 634.59 2314
-246.95 206.342 2396.1
-123.183 -790.621 2823.39
-105.059 65.5206 2204.01
-145.946 16.0201 2573.35
-181.349 -414.502 2629.84
-189.063 401.458 2460.94
-57.7117 388.343 2420.84
26.5752 131.198 2362.57
113.013 -802.985 2732.27
-40.2176 -51.4948 2278.44
28.8126 -1.89969 2519.11
63.3657 -421.964 2539.58
73.6402 375.227 2380.73
-58.1392 197.702 2483.53
FRAME: 127
-48.634 639.963 2330.42
-227.214 204.935 2405.88
-121.007 -787.092 2834.59
-99.3028 52.0075 2197.63
-139.733 22.5271 2594.22
-172.012 -408.94 2651.1
-177.662 408.3 2473.56
-47.8995 394.921 2437.21
41.089 141.996 2383.19
132.099 -796.026 2770.28
-2.4588 -47.7952 2312.13
35.6048 3.69263 2544.01
77.1121 -421.147 2570.15
81.8625 381.542 2400.85
-49.9817 204.015 2503.16
FRAME: 128
-39.4762 641.948 2339.31
-211.564 211.036 2425.45
-118.904 -782.154 2842.46
-80.3493 30.6038 2226.44
-128.56 21.829 2609
-166.076 -403.981 2666.86
-153.668 409.838 2499.07
-25.5784 394.911 2462.96
53.6821 148.558 2407.01
150.216 -784.934 2801.32
21.2539 -47.4883 2306.78
43.3866 1.44846 2560.06
90.5652 -416.918 2590.73
102.512 379.985 2426.85
-34.0826 203.275 2523.74
FRAME: 129
-26.0364 640.537 2347.31
-190.029 198.864 2424.92
-118.273 -786.235 2849.14
-9.57635 -8.93252 2239.7
-123.172 11.1282 2619.42
-156.989 -406.898 2676.85
-146.419 403.38 2504.21
-16.9953 389.407 2472.32
62.7913 154.038 2408.47
160.403 -798.346 2845.69
39.3226 -40.8737 2332.97
49.3997 -7.542 2577.58
107.4 -429.879 2624.85
112.429 375.434 2440.43
-26.9407 195.6 2535.41
FRAME: 130
5.17944 627.38 2364.67
-160.691 166.575 2425.88
-123.522 -795.998 2843.56
30.9797 -37.6235 2232.11
-115.753 2.52412 2625.77
-156.133 -415.595 2672.38
-129.27 384.074 2494.84
-1.71517 374.666 2491.79
130.515 155.885 2503.19
165.977 -799.772 2875.6
55.4409 -46.8831 2363.9
59.0521 -10.7293 2621.31
128.095 -430.565 2660.03
125.84 365.257 2488.74
-15.0329 185.282 2557.67
FRAME: 131
25.2179 623.5 2369.42
-121.118 106.303 2422.18
-126.692 -795.81 2838
55.7562 -7.92354 2238.35
-96.4448 0.814985 2634.99
-147.451 -418.691 2672.14
-117.13 379.66 2485.69
12.7747 373.807 2497.26
148.658 143.046 2525.7
171.993 -801.908 2893.54
113.666 -83.8359 2401.12
63.1082 -6.42008 2649.38
148.215 -419.83 2693.57
142.679 367.954 2508.83
-1.9468 185.502 2569.72
FRAME: 132
37.3079 625.896 2368.99
-105.896 99.3173 2425.07
-128.668 -796.635 2842.41
61.6062 1.34313 2235.23
-82.4734 -2.03631 2642.24
-140.462 -419.322 2684.17
-103.561 369.193 2472.08
28.4101 367.741 2495.84
163.056 126.137 2549.95
173.529 -797.025 2905.26
133.033 -85.2169 2423.96
73.5289 -3.49904 2671.03
159.168 -411.953 2712.58
160.381 366.29 2519.6
11.9689 182.487 2576.24
FRAME: 133
44.7102 629.971 2367.64
-94.2091 103.682 2435.83
-133.232 -794.144 2851.25
66.0229 16.623 2229
-73.8091 -1.01663 2654.46
-136.706 -413.853 2700.5
-95.4725 372.021 2469.74
39.8598 371.083 2494.93
170.722 126.271 2564.69
175.559 -794.33 2911.95
149.954 -99.7267 2412.61
83.3166 -1.83604 2684.04
164.664 -409.686 2726.88
175.192 370.145 2520.12
22.3068 184.828 2582.09
FRAME: 134
52.2408 634.234 2365.58
-84.6278 114.209 2443.43
-136.685 -793.226 2857.01
79.7741 8.2036 2245.11
-70.9391 4.25787 2657.48
-133.847 -409.57 2710.05
-90.2546 380.879 2468.84
47.2333 379.205 2496.19
176.61 130.694 2564.14
177.686 -794.669 2923.78
153.85 -96.3826 2411.27
86.2458 2.60507 2688.87
167.88 -408.361 2740.32
184.721 377.531 2523.54
27.4433 191.318 2584.68
FRAME: 135
57.2793 639.646 2360.02
-77.3931 118.14 2444.2
-138.639 -788.671 2867.77
61.4657 17.3638 2231.48
-69.2497 7.06325 2667.96
-132.598 -404.956 2724.65
-81.4812 387.272 2469.64
54.8714 384.674 2493.58
182.452 135.244 2566.69
179.288 -790.775 2928.77
150.15 -95.1051 2424.57
97.8398 3.94577 2697.35
170.009 -407.578 2750.37
191.224 382.077 2517.53
34.5832 195.089 2588.12
FRAME: 136
59.2569 641.088 2362.06
-77.3155 133.682 2449.15
-139.049 -784.806 2868.17
64.8746 5.67358 2245.52
-69.7253 17.4817 2677.13
-132.493 -398.078 2726.8
-79.5003 390.096 2473.1
57.1994 386.738 2494.85
184.048 138.319 2572.75
180.257 -793.236 2929.15
152.092 -103.42 2443.52
103.113 13.4129 2704.79
174.186 -404.13 2752.89
193.899 383.38 2516.6
36.9467 201.093 2592.91
FRAME: 137
59.2862 638.471 2361.61
-74.3885 149.598 2450.98
-137.413 -781.995 2868.28
52.8605 -29.0627 2266.02
-70.8968 36.9398 2683.47
-133.633 -391.728 2724.44
-76.8344 397.855 2487.27
58.9682 390.834 2499.85
183.55 139.39 2556.88
181.071 -794.084 2930.24
145.386 -138.407 2460.33
115.12 27.7729 2701.01
176.875 -401.382 2753.09
194.771 383.812 2512.44
40.54 211.595 2596.05
FRAME: 138
56.1452 602.186 2361.66
-92.1299 150.904 2471.98
-135.957 -790.754 2871.52
5.7047 -81.508 2298.31
-69.2991 41.4509 2694.73
-134.28 -395.656 2724.59
-76.7207 392.215 2503.56
53.4442 381.482 2505.79
176.63 136.712 2547.88
184.327 -791.285 2916.01
93.086 -159.972 2460.95
111.942 27.5745 2697.96
175.481 -396.616 2741.83
183.609 370.749 2508.01
37.3828 207.997 2601.06
FRAME: 139
51.3808 583.649 2363.63
-121.345 123.817 2472.5
-134.333 -807.546 2874.98
-32.9739 -123.193 2293.74
-66.0655 19.0536 2699.54
-138.069 -408.029 2728.71
-99.2735 368.811 2517.47
41.5038 353.801 2504.83
183.049 94.1426 2534.47
187.651 -785.065 2894.06
38.3568 -197.743 2427.69
108.091 0.903671 2683.79
175.212 -399.851 2718.95
182.281 338.792 2492.18
31.2584 181.89 2598.25
FRAME: 140
46.1671 572.87 2365.07
-169.347 112.816 2454.13
-127.66 -817.357 2873.1
-90.373 -116.594 2281.33
-65.1201 0.461522 2693.53
-144.978 -423.903 2721.01
-116.427 356.024 2526.79
31.7854 337.99 2504.45
178.935 63.8374 2525.98
184.701 -786.639 2895
-11.2787 -191.042 2405.45
97.0492 -19.3598 2668.6
168.954 -417.995 2707.73
179.998 319.955 2482.11
23.875 164.27 2592.76
FRAME: 141
37.5984 563.976 2366.14
-185.759 87.7417 2515.92
-123.85 -818.297 2872.42
-162.077 -87.8117 2267.77
-71.0681 -18.8825 2696.21
-147.683 -446.082 2716.47
-133.374 346.951 2537.86
18.1055 328.808 2505.65
158.527 54.1356 2526.57
180.6 -789.06 2897.03
-51.2662 -127.676 2400.43
95.3772 -38.8648 2660.54
146.97 -438.788 2698.09
169.585 310.666 2473.44
15.13 149.967 2592.01
FRAME: 142
23.8536 558.67 2363.38
-244.643 131.486 2466.09
-121.816 -823.554 2868.67
-230.65 22.5185 2267.69
-84.375 -29.1945 2695.45
-150.397 -458.904 2714.16
-166.943 348.443 2543.73
-12.457 328.38 2494.17
124.013 60.91 2507.34
172.839 -783.785 2898.27
-140.362 -75.9236 2331.53
75.2846 -50.115 2644.06
108.438 -482.678 2646.14
142.029 308.317 2444.6
-8.5011 144.363 2581.96
FRAME: 143
1.79096 557.101 2353.93
-282.749 169.049 2420.17
-120.342 -823.051 2868.31
-297.023 -8.0331 2267.53
-102.814 -23.8176 2693.94
-159.888 -462.818 2711.01
-172.887 365.649 2558.41
-28.8022 339.723 2491.59
44.4817 72.6831 2431.07
162.716 -780.497 2886.55
-223.38 -29.666 2292.45
61.0035 -53.3332 2617.84
80.4556 -494.765 2600.23
115.282 313.797 2424.76
-24.8537 150.574 2573.74
FRAME: 144
-24.2374 559.201 2341.68
-283.723 153.028 2499.32
-124.791 -819.525 2861.1
-419.712 189.154 2285.5
-118.116 -16.9866 2683.5
-181.524 -463.613 2705.99
-177.619 382.373 2566.09
-51.9525 352.462 2480.2
-25.8818 104.091 2372.54
146.208 -790.879 2840.4
-345.065 90.2822 2231.27
35.1553 -53.5823 2578.57
41.1062 -502.209 2579.39
73.7141 322.551 2394.32
-46.7163 158.589 2555.62
FRAME: 145
-60.3276 562.07 2313.97
-319.678 188.971 2551.81
-118.885 -810.353 2859.06
-443.44 334.398 2296.49
-119.677 -9.29821 2678.8
-190.477 -458.854 2702.37
-180.245 393.177 2558.58
-78.004 356.603 2454.81
-160.117 155.752 2262.69
109.096 -859.351 2652.72
-484.165 273.582 2174.52
8.59342 -55.1907 2548.52
-16.998 -502.745 2507.86
24.2371 320.029 2351.03
-66.7728 162.179 2534.23
FRAME: 146
-79.5974 565.263 2292.28
-349.116 234.611 2569.49
-117.333 -809.839 2853.92
-465.36 364.237 2278.93
-126.34 -7.60871 2664
-196.943 -455.452 2697.78
-177.452 396.78 2551.45
-89.3642 355.806 2432.34
-195.963 173.505 2214.92
96.5106 -874.578 2598.81
-515.174 283.227 2113.91
-7.72721 -62.8518 2503.14
-45.2611 -510.778 2463.54
-1.27634 314.832 2313.23
-78.199 160.288 2507.96
FRAME: 147
-97.3556 571.599 2265.5
-361.525 277.718 2565.34
-97.6062 -813.264 2831.32
-479.544 420.307 2275.26
-126.227 -4.39645 2641.21
-196.207 -449.595 2689.89
-177.501 397.867 2527.04
-99.3199 355.829 2404.4
-213.919 180.719 2186.01
40.4621 -892.489 2500.83
-524.658 299.336 2063.24
-18.3269 -63.9004 2470.54
-65.2666 -509.895 2433.66
-21.1392 313.79 2281.76
-85.7984 160.84 2480.14
FRAME: 148
-112.464 579.934 2242.83
-372.937 303.492 2525.13
-86.78 -807.073 2808.21
-498.651 467.938 2271.92
-129.464 4.23223 2629.67
-191.681 -432.829 2670.64
-175.957 403.117 2504.25
-107.183 357.19 2376.84
-232.894 201.779 2123
2.08504 -906.409 2453.11
-534.896 277.634 2002.5
-26.4072 -66.4816 2435.99
-84.0962 -507.813 2402.86
-38.4094 311.263 2249.44
-92.5594 163.033 2454.84
FRAME: 149
-125.544 586.563 2216.3
-379.127 322.335 2517.91
-91.7472 -802.342 2788.99
-488.91 549.164 2318.69
-131.586 17.5392 2621.41
-194.534 -421.145 2653.73
-165.412 409.75 2466.11
-111.596 356.874 2339.87
-248.579 196.571 2083.31
-49.4687 -940.04 2385.89
-568.583 260.098 1917.35
-39.8853 -74.337 2404
-100.528 -517.572 2373.46
-57.7792 303.998 2213.63
-98.6655 164.238 2426.29
FRAME: 150
-142.804 588.501 2184.55
-383.633 341.484 2509.03
-102.092 -798.438 2773.3
-502.769 569.408 2335.44
-130.122 21.2251 2604.97
-195.345 -415.375 2644.3
-163.976 418.9 2439.89
-120.043 361.349 2307.91
-253.123 180.732 2057.35
-85.7911 -945.719 2347.12
-506.229 173.96 1873.02
-52.5802 -80.719 2372.28
-112.125 -524.357 2344.32
-76.1093 303.798 2175.94
-105.697 165.801 2398.27
FRAME: 151
-172.235 576.823 2151.34
-362.397 381.409 2515.22
-197.855 -821.379 2428.1
-493.083 622.992 2462.04
-139.162 23.1497 2584.08
-205.347 -416.849 2610.04
-161.558 411.996 2400.62
-133.83 351.894 2263.66
-280.249 143.528 1980.95
-156.661 -952.425 2300.19
-520.719 58.7348 1808.57
-80.8375 -102.406 2297.84
-139.941 -543.723 2281.77
-106.103 291.792 2126.69
-121.915 156.133 2352.31
FRAME: 152
-210.264 555.876 2106.2
-399.815 386.092 2298.74
-223.081 -745.72 2260.63
-508.715 599.214 2391.35
-142.83 40.3665 2554.11
-207.73 -393.966 2567.62
-183.837 406.16 2356.49
-163.79 329.301 2209.48
-271.849 118.415 1954.32
-187.677 -946.44 2287.92
-460.312 77.0389 1835.05
-102.096 -113.227 2262.61
-186.018 -530.672 2261.86
-143.743 252.442 2062.47
-143.127 146.435 2308.92
FRAME: 153
-226.209 535.332 2079.23
-411.329 336.274 2242.32
-261.913 -758.328 2219.97
-507.032 439.249 2278.73
-177.69 16.1981 2477.74
-243.544 -386.707 2451.2
-220.082 370.287 2307.81
-191.407 313.686 2161.96
-262.33 108.909 1916.01
-215.373 -819.439 2271.33
-440.545 8.57372 1754.94
-141.978 -101.037 2188.61
-184.172 -444.621 2200.78
-162.731 257.085 2016.11
-175.62 135.633 2247.57
FRAME: 154
-218.328 531.158 2095.92
-316.258 334.867 2430.02
-234.272 -848.471 2284.57
-422.643 356.114 2461.59
-156.841 -31.648 2449.95
-233.828 -447.592 2472.72
-184.496 358.31 2334.4
-174.587 305.307 2182.37
-269.544 80.904 1909.31
-206.672 -872.2 2271.12
-395.98 -64.4761 1761.39
-141.81 -135.536 2186.87
-231.819 -553.139 2190.37
-164.677 252.303 2030.35
-161.956 110.857 2250.39
FRAME: 155
-229.818 513.65 2086.48
-320.898 324.606 2465.27
-221.059 -892.534 2327.74
-429.059 386.285 2586.34
-159.666 -63.9169 2425.68
-231.684 -487.523 2466.84
-193.85 342.941 2330.55
-183.159 295.147 2174.23
-266.207 53.8105 1897.23
-183.577 -917.235 2275.59
-413.546 -185.304 1674.68
-145.702 -152.443 2170.07
-259.216 -591.461 2175.9
-172.468 247.353 2017.91
-167.922 93.4835 2236.05
FRAME: 156
-239.653 501.008 2077.01
-313.397 294.383 2463.17
-206.25 -874.358 2376.77
-396.835 299.928 2573.29
-162.982 -90.8282 2387.09
-233.872 -502.948 2475.63
-194.184 327.507 2334.2
-184.446 288.245 2171.64
-267.733 42.1757 1882.19
-200.412 -901.505 2239.42
-403.807 -172.586 1678.08
-153.535 -159.456 2154.72
-271.474 -599.407 2165.71
-174.708 248.982 2009.08
-171.352 81.5514 2221.27
FRAME: 157
-245.604 493 2067.87
-312.51 275.393 2471.85
-191.114 -891.323 2446.9
-430.692 345.243 2610.85
-165.833 -115.187 2342.29
-241.162 -520.822 2436.51
-192.741 308.552 2325.97
-183.081 274.997 2160.98
-266.277 30.7741 1874.66
-198.051 -924.528 2236.1
-406.237 -197.325 1658.2
-158.588 -166.886 2147.76
-272.998 -604.762 2162.94
-173.42 241.442 1996
-172.645 66.9802 2203
FRAME: 158
-249.499 484.589 2056.36
-331.076 254.66 2487.26
-191.242 -913.395 2428.6
-455.683 348.531 2609
-168.943 -131.42 2319.57
-246.667 -543.897 2397.58
-193.868 297.91 2319.91
-182.825 266.919 2151.37
-263.68 28.2683 1867.56
-195.439 -931.225 2232.91
-443.95 -196.494 1628.57
-159.75 -174.221 2137.94
-279.591 -608.9 2159.71
-171.781 235.929 1982.84
-173.586 57.0496 2190.06
FRAME: 159
-249.769 479.24 2043.95
-333.109 249.089 2487.8
-193.44 -909.51 2432.57
-518.802 381.471 2592.36
-170.731 -136.279 2311.55
-239.841 -546.709 2401.26
-195.335 294.48 2312.84
-182.078 261.901 2142.29
-265.891 22.4602 1861.66
-188.2 -940.136 2229.61
-456.646 -187.141 1638.75
-158.781 -177.605 2134.58
-274.864 -611.049 2159.95
-168.821 229.323 1971.75
-173.417 52.4798 2182.68
FRAME: 160
-249.757 477.663 2037.11
-349.867 219.955 2476.81
-197.98 -901.764 2422.91
-555.569 370.871 2493.99
-173.581 -137.79 2305.65
-241.485 -541.673 2413.34
-195.9 289.144 2302.62
-179.404 253.787 2133.51
-264.194 14.0579 1858
-187.846 -943.543 2230.96
-464.697 -180.174 1648.42
-158.195 -178.557 2136.62
-270.666 -610.702 2165.61
-162.908 218.429 1964.4
-172.646 47.8067 2177.32
FRAME: 161
-246.903 477.69 2031.43
-340.569 181.764 2463.81
-190.365 -898.326 2442.43
-554.334 287.157 2432.23
-175.581 -135.344 2307.77
-244.213 -544.975 2410.49
-198.556 289.341 2296.1
-178.881 251.188 2130.3
-256.082 2.72079 1857.42
-177.402 -970.391 2231.38
-475.129 -170.034 1669.81
-157.254 -177.033 2144.89
-265.755 -611.952 2166.17
-159.206 213.034 1964.49
-172.649 47.4997 2178.31
FRAME: 162
-243.247 480.294 2029.82
-343.313 179.917 2458.82
-177.273 -894.833 2443.16
-566.716 274.349 2381.91
-176.645 -133.379 2313.16
-243.703 -545.084 2424.9
-198.161 290.823 2290.23
-175.273 248.134 2128.98
-243.649 -13.3069 1862.37
-180.839 -966.943 2223.31
-484.732 -154.09 1687.14
-155.892 -175.874 2162.4
-259.808 -609.267 2176.78
-152.385 205.445 1967.72
-170.771 46.7539 2183.38
FRAME: 163
-235.563 487.679 2032.7
-360.224 178.463 2455.43
-178.395 -915.272 2418.57
-585.406 278.238 2323.69
-181.642 -127.699 2321.07
-245.803 -539.252 2435.04
-201.271 292.062 2289.31
-170.397 249.775 2138.05
-227.954 -18.7705 1877.8
-176.744 -967.057 2234.27
-478.549 -147.236 1732.94
-152.998 -168.642 2179.18
-255.46 -602.452 2180.22
-139.523 207.488 1986.8
-168.858 50.8021 2194.09
FRAME: 164
-215.564 515.473 2045.74
-374.254 192.261 2422.19
-167.482 -900.417 2455.19
-518.52 186.68 2247.72
-194.915 -95.5929 2351.72
-246.79 -516.052 2442.85
-210.17 308.35 2292.59
-167.572 264.833 2156.45
-188.748 17.4616 1939.11
-174.452 -961.843 2233.43
-447.9 -129.508 1848.37
-148.103 -143.35 2205.2
-222.289 -574.003 2190.93
-124.974 221.317 2020.31
-169.54 72.681 2217.46
FRAME: 165
-204.486 539.486 2075.68
-396.399 157.729 2381.01
-150.091 -885.257 2503.42
-496.533 148.162 2147.79
-202.819 -73.9559 2380.39
-263.364 -469.87 2476.7
-259.548 331.194 2330.92
-181.612 297.758 2202.69
-170.62 57.5791 2041.73
-118.647 -894.337 2277.91
-390.303 -111.288 1967.04
-124.701 -107.601 2252.99
-164.82 -530.873 2232.85
-103.676 264.322 2074.46
-172.686 103.49 2259.69
FRAME: 166
-196.714 549.449 2102.92
-394.709 136.647 2356.63
-127.623 -854.794 2560.66
-446.245 101.818 2067.63
-210.972 -61.8264 2406.73
-273.9 -467.034 2481.41
-281.107 333.125 2350.86
-179.817 307.805 2237.3
-154.499 50.0016 2070.32
-95.4354 -881.813 2288.22
-370.99 -102.67 2024.85
-101.625 -90.8693 2284.18
-133.28 -516.094 2267.91
-78.5265 282.485 2123.75
-168.058 115.729 2291.38
FRAME: 167
-189.476 556.444 2128.52
-398.572 139.434 2315.6
-131.361 -848.894 2595.99
-426.566 25.5556 2113.33
-222.424 -54.4668 2437.67
-276.491 -469.286 2494.34
-295.429 335.264 2354.01
-179.337 311.649 2254.46
-137.027 56.7766 2106.5
-81.649 -887.391 2316.96
-330.924 -140.55 2077.88
-82.1088 -83.6119 2317.1
-102.569 -511.753 2297.62
-63.2458 288.034 2154.9
-165.802 121.305 2315.92
FRAME: 168
-180.226 561.304 2162.04
-401.831 149.03 2289.98
-127.883 -843.713 2643.49
-396.239 42.7337 2105.2
-217.502 -63.4646 2458.42
-265.091 -489.294 2508.32
-307.725 325.496 2368.2
-178.772 308.505 2278.85
-127.595 61.583 2141.11
-71.5186 -900.464 2340.59
-289.588 -152.519 2124.23
-65.7307 -83.9022 2352.76
-86.1461 -514.654 2320.23
-49.8182 291.514 2189.5
-160.194 117.411 2342.22
FRAME: 169
-172.795 564.947 2186.69
-392.398 213.218 2222.01
-144.314 -841.253 2706.51
-345.978 113.738 2087.29
-215.435 -67.7774 2478.25
-265.284 -492.931 2526.17
-299.852 325.115 2394.46
-169.864 310.96 2308.59
-70.9567 60.7729 2210.54
-59.5305 -913.969 2352.52
-263.168 -143.827 2156.37
-55.769 -85.5843 2372.34
-67.0496 -517.598 2342.92
-39.8762 296.805 2222.72
-152.733 117.14 2366.94
FRAME: 170
-163.833 566.189 2216.48
-394.962 215.666 2245.67
-148.656 -836.212 2720.43
-307.793 157.549 2098.65
-198.358 -61.8572 2486.62
-259.772 -494.369 2536.18
-288.051 327.851 2423.78
-156.068 317.565 2339.72
-29.6342 69.7992 2252.66
-33.6088 -886.898 2384.44
-224.904 -109.682 2157.98
-47.8895 -73.7093 2390.59
-48.1663 -496.557 2363.12
-24.0853 307.279 2255.65
-139.596 124.891 2389.16
FRAME: 171
-143.637 578.279 2251.32
-292.094 197.033 2408.95
-138.83 -830.832 2745.15
-229.349 51.636 2217.69
-180.643 -46.0779 2501.31
-240.531 -481.359 2552.52
-259.12 349.702 2443.85
-134.182 339.132 2361.59
-57.7746 108.775 2246.77
17.2943 -875.313 2457.83
-145.665 -119.795 2203.67
-37.2437 -58.3362 2407.21
-13.8216 -477.335 2390.92
-9.24454 328.563 2279.34
-121.563 143.463 2407.93
FRAME: 172
-123.302 597.165 2275.44
-295.408 181.634 2404.34
-127.477 -823.14 2772.42
-192.512 37.3233 2189.56
-168.355 -23.2698 2525.06
-217.385 -461.084 2575.87
-250.94 363.498 2439.94
-121.577 355.926 2376.58
-55.4356 117.935 2263.37
71.5686 -858.38 2576
-121.962 -37.6472 2226.02
-16.5016 -32.0857 2451.26
29.747 -451.806 2454.85
7.78504 348.354 2313.22
-107.003 164.124 2432.37
FRAME: 173
-108.948 607.865 2288.38
-270.881 183.326 2410.14
-126.857 -816.388 2791.85
-155.876 44.3754 2187.27
-157.796 -13.7972 2551.96
-200.709 -448.746 2600.5
-227.526 373.036 2473.91
-105.7 363.368 2409.37
-51.8934 121.908 2268.67
81.2193 -857.617 2615.81
-107.902 -55.1813 2250.34
-9.32383 -25.7292 2473.71
49.4808 -448.667 2484.41
16.1264 353.699 2344.84
-94.6298 171.802 2461.1
FRAME: 174
-96.4329 619.347 2301.48
-249.378 182.72 2396.06
-129.975 -812.936 2797.98
-154.24 47.0691 2236.09
-149.025 1.839 2568.2
-195.023 -434.035 2616.26
-212.277 377.569 2469.02
-94.474 369.292 2413.97
-45.7563 125.033 2263.96
97.3344 -838.445 2666.21
-69.0811 -64.3847 2272.41
8.23688 -9.4031 2496.57
61.7142 -439.235 2507.56
23.3291 361.014 2358.92
-82.4341 182.755 2473.18
FRAME: 175
-86.7622 625.985 2308.61
-232.41 163.87 2387.99
-131.04 -807.549 2815.18
-103.678 -0.829365 2223.71
-148.288 4.18547 2586.86
-190.199 -425.636 2634.9
-207.504 379.046 2471.25
-86.2476 371.813 2425.89
-26.9566 129.219 2274.7
119.588 -825.013 2732.84
-57.1997 -33.2919 2292.04
22.9795 -6.54208 2523.68
76.9861 -435.016 2540.37
35.0091 364.581 2380.53
-74.451 185.318 2490.58
FRAME: 176
-75.6357 633.172 2320.14
-221.293 173.048 2415.79
-133.35 -804.31 2814.67
-94.0441 -8.15449 2239.63
-141.505 15.198 2590.83
-179.434 -418.105 2640.05
-196.989 388.414 2474.83
-71.1183 380.602 2435.54
-10.4213 164.045 2285.64
141.756 -819.309 2771.08
-36.4048 -16.0908 2307.65
30.2251 4.43744 2539.78
93.9104 -428.359 2568.87
54.7529 372.791 2396.24
-63.379 195.21 2500.42
FRAME: 177
-63.3935 634.832 2328.97
-203.047 168.628 2423.24
-135.486 -810.256 2811.1
-53.2375 -28.5227 2230.64
-130.482 20.5521 2593.5
-176.588 -420.841 2640.1
-196.879 401.243 2473.03
-60.507 393.9 2444.78
-5.09062 183.327 2278.22
158.471 -806.282 2809.78
4.90452 -50.1113 2310.68
24.9914 12.067 2564.06
103.52 -416.672 2602.07
75.8653 386.556 2416.54
-56.6261 205.105 2511.78
FRAME: 178
-36.7347 625.593 2338.34
-170.256 149.377 2420.65
-134.545 -803.919 2812.42
2.22337 -67.0352 2221.59
-129.544 20.3328 2609.5
-172.225 -414.633 2640.31
-189.6 390.471 2467.36
-51.4286 381.268 2448.94
33.4945 142.702 2316.2
162.994 -806.725 2830.18
42.0731 -98.9012 2353.72
18.8856 10.472 2590.16
119.717 -415.632 2635.12
86.7424 372.065 2430.52
-53.379 198.335 2524.39
FRAME: 179
-12.7152 619.768 2350.79
-158.795 131.224 2423.84
-137.26 -799.478 2814.65
21.6439 -74.0497 2224.48
-123.086 14.1056 2625.91
-170.237 -410.685 2642.6
-158.151 371.105 2461.89
-24.4179 365.343 2462.02
118.975 112.814 2446.68
169.351 -814.023 2849.73
40.123 -91.2685 2353.87
41.2026 7.01941 2626.75
138.428 -419.175 2662.48
109.315 359.581 2462.15
-32.6799 187.953 2544.17
FRAME: 180
7.43016 612.849 2357.37
-136.611 120.186 2423.98
-143.701 -796.329 2822.72
38.8011 -76.2833 2223.78
-105.929 9.95446 2637.45
-167.562 -409.71 2654.41
-123.797 356.411 2465.17
5.46748 348.719 2473.93
124.791 109.72 2460.25
173.715 -822.597 2863.02
55.2802 -98.1793 2366.83
51.198 0.531039 2648.23
153.496 -426.465 2680.99
134.732 341.028 2482.69
-10.949 176.981 2558.38
FRAME: 181
17.5326 609.953 2357
-122.627 98.1381 2437.92
-149.412 -796.852 2829.2
31.2365 -47.7305 2205.95
-101.204 5.1849 2644.13
-165.412 -412.685 2663.58
-112.506 352.638 2466.46
17.4257 344.549 2481.37
128.938 97.0571 2489.95
177.186 -824.848 2881.97
76.715 -108.467 2390.56
53.4827 -4.05611 2662.55
162.123 -427.857 2691.7
147.357 336.46 2496.27
-3.21741 172.557 2567.35
FRAME: 182
25.9464 609.895 2357.67
-114.059 93.471 2443.12
-157.766 -794.379 2837.22
49.5198 -61.8848 2232.52
-96.1735 3.45296 2647.81
-164.674 -412.291 2677.15
-107.182 355.799 2463.73
22.3439 348.924 2481.37
132.794 93.0688 2517.06
177.887 -826.009 2891.99
108.304 -150.086 2401.81
55.3802 -3.98882 2669.28
167.663 -432.257 2704.44
151.869 342.048 2499.01
0.973605 174.328 2569.96
FRAME: 183
30.6294 612.612 2355.06
-111.031 99.7061 2441.38
-155.121 -794.269 2843.64
31.4132 -30.7046 2210.29
-85.2316 0.669024 2656.02
-147.795 -412.059 2689.64
-100.665 361.011 2473.49
29.1867 352.442 2486.44
140.267 97.8229 2535.6
176.497 -825.279 2896.96
108.75 -142.742 2418.81
59.5546 -8.24996 2671.65
166.335 -431.705 2708.71
159.039 343.873 2499.39
8.17411 174.326 2575.14
FRAME: 184
33.9255 618.053 2353.19
-106.33 138.809 2421.74
-151.505 -797.103 2850.8
25.8002 -76.3263 2260.78
-82.1315 21.6823 2664.14
-143.235 -403.909 2697.6
-85.6943 378.571 2490.08
42.648 363.607 2497.79
154.959 117.85 2526.87
172.094 -816.9 2893.28
108.743 -128.184 2419.91
58.3118 5.65138 2673.24
164.689 -419.764 2712.46
170.99 348.642 2505.5
15.3691 188.637 2583.24
FRAME: 185
34.761 622.967 2353.73
-98.8621 164.024 2430.89
-142.067 -789.911 2860.58
13.6486 -28.8156 2277.09
-88.1332 30.6182 2673.56
-140.903 -396.829 2704.18
-79.966 393.133 2506.38
45.4098 375.09 2502.77
150.351 115.513 2501.3
167.325 -821.426 2892.81
108.537 -146.773 2427.65
73.8747 7.31127 2669.05
161.375 -423.871 2716.95
170.786 357.047 2499.15
19.1403 197.028 2587.04
FRAME: 186
32.4425 626.528 2353.77
-116.91 167.804 2472.94
-120.986 -795.961 2866.49
-32.8277 -49.5413 2281.85
-74.6434 46.2337 2679.15
-142.425 -399.857 2700.9
-87.1725 413.048 2497.35
42.9234 391.771 2486.63
146.681 120.706 2494.72
164.134 -813.341 2899.27
70.4328 -157.289 2440.92
72.1705 22.6457 2667.9
156.425 -414.543 2723.86
173.019 370.493 2475.91
20.8435 213.105 2580.08
FRAME: 187
26.645 630.21 2353.48
-152.823 151.78 2469.6
-104.841 -799.977 2862.19
-63.7379 -54.9048 2278.01
-74.6178 49.1129 2676.03
-143.661 -401.18 2698.58
-114.825 413.547 2497.31
27.2782 393.98 2483.11
159.096 128.747 2503.09
161.645 -804.421 2899.62
37.7979 -150.851 2453.16
68.1757 29.3946 2662.11
151.7 -406.987 2719.42
169.381 374.413 2468.92
12.0286 216.617 2576.09
FRAME: 188
16.2486 631.718 2361.87
-198.512 161.022 2452.9
-97.8866 -804.602 2853.28
-137.673 -0.685403 2275.72
-81.8211 40.0855 2664.3
-145.581 -406.853 2693.32
-154.085 410.974 2515.81
3.11141 391.697 2488.82
165.152 124.58 2499.96
154.621 -801.579 2895.9
-1.58013 -164.097 2433.96
55.5601 23.1175 2640.76
137.114 -409.481 2706.29
160.308 372.421 2461.82
-5.00955 211.649 2570.67
FRAME: 189
2.78194 625.998 2365.41
-200.654 146.664 2540.5
-95.9353 -805.942 2860.93
-155.453 -82.2886 2340.24
-95.1051 18.0195 2655.32
-162.55 -421.468 2707.19
-161.865 407.14 2534.1
-4.80905 388.755 2498.35
168.286 128.633 2517.48
153.084 -812.006 2888.01
-32.4598 -149.541 2454.3
59.6304 -0.247984 2619.62
119.532 -436.357 2679.44
152.247 370.371 2462.61
-11.2732 198.821 2567.91
FRAME: 190
-10.0427 617.276 2373.65
-211.904 143.741 2609.01
-91.4668 -816.958 2861.95
-231.525 -33.1818 2350.93
-106.455 0.959007 2648.83
-178.141 -441.085 2718.22
-169.062 401.169 2550.86
-14.5016 384.977 2507.23
156.611 122.614 2505.67
148.88 -803.531 2860.94
-67.5018 -94.4829 2448.4
61.7595 -16.6853 2601.22
93.9894 -451.716 2640.48
140.058 368.786 2463.59
-18.4247 188.557 2566.13
FRAME: 191
-22.2549 607.085 2372.44
-274.334 170.455 2583.6
-91.1045 -817.628 2862.21
-266.579 -37.6944 2366.92
-128.574 -4.43773 2657.95
-184.112 -448.603 2720.85
-173.78 402.832 2560.04
-26.9554 378.911 2502.5
121.297 129.743 2483.41
146.511 -803.598 2844.19
-104.989 -73.02 2443.36
41.3302 -32.2669 2591.41
66.3748 -476.309 2612.77
119.87 354.99 2444.97
-35.2886 180.279 2563.59
FRAME: 192
-38.6479 593.833 2375.39
-303.877 180.658 2549.07
-94.031 -819.042 2854.14
-319.905 -42.2195 2384.89
-137.947 -4.08685 2670.75
-193.538 -454.218 2717.02
-176.694 400.794 2569.36
-39.916 371.749 2497.85
91.862 123.04 2468.46
142.794 -800.162 2824.84
-174.104 -83.7426 2415.59
27.098 -39.1694 2584.91
34.4946 -493.226 2580.59
96.8618 342.704 2426.34
-47.6703 175.06 2562.84
FRAME: 193
-54.1823 587.183 2379.96
-409.195 217 2467.84
-93.5849 -814.271 2852.95
-350.424 -1.82372 2379.53
-145.633 -9.20995 2686.58
-201.791 -453.084 2713.85
-191.033 382.917 2595.97
-59.4959 355.087 2510.97
55.8135 123.701 2445.05
125.268 -812.309 2789.23
-247.307 -33.9391 2399.73
20.9012 -44.6666 2579.37
3.43088 -501.053 2542.3
72.0412 327.258 2425.96
-60.9309 164.075 2571.97
FRAME: 194
-79.5055 573.894 2365.35
-307.813 151.747 2634.95
-91.1428 -816.574 2858.14
-468.616 189.396 2422.88
-144.381 -16.2371 2690.13
-205.899 -458.574 2717.69
-192.707 373.922 2610.02
-76.4075 342.74 2507.29
-24.9908 106.829 2422.28
65.8002 -848.25 2707.13
-415.535 53.304 2362.99
-1.08962 -54.708 2563.69
-28.7946 -508.414 2516.25
39.8918 311.559 2404.56
-74.5715 153.634 2567.1
FRAME: 195
-95.5085 567.531 2357.74
-313.221 155.712 2658.59
-82.8383 -822.893 2855.51
-485.974 218.64 2429.81
-138.961 -28.1539 2679.3
-213.986 -467.711 2718.98
-190.74 361.952 2618.66
-89.5091 333.266 2505.88
-170.127 110.011 2377.76
44.9425 -859.95 2664.02
-505.249 141.75 2333.97
-18.8078 -62.442 2544.95
-56.9294 -506.904 2491.01
11.7216 304.58 2393.1
-84.1968 143.984 2559
FRAME: 196
-109.152 568.38 2347.35
-336.659 180.206 2654.29
-72.9402 -820.678 2866.27
-498.37 264.55 2427.47
-135.571 -26.7244 2674.63
-212.371 -462.061 2718.92
-178.275 365.742 2613.74
-94.0916 335.269 2494.38
-222.282 131.375 2342.69
5.41607 -889.052 2592.15
-532.183 191.657 2307.41
-30.2503 -65.1932 2524.79
-81.779 -504.963 2476.85
-9.90821 304.797 2375.02
-88.5011 144.655 2547.05
FRAME: 197
-135.152 574.732 2317.04
-361.638 244.026 2630.75
-75.4089 -817.173 2856.43
-528.038 312.792 2401.49
-132.813 -20.7559 2665.22
-209.978 -453.917 2716.19
-171.745 385.437 2586.86
-105.221 349.634 2459.08
-258.422 176.183 2273.78
-55.6608 -913.819 2496.77
-590.383 293.5 2238.27
-42.8313 -69.4835 2492.15
-116.624 -506.589 2442.68
-38.6964 313.831 2331.3
-96.5214 152.257 2518.88
FRAME: 198
-157.854 581.81 2293.43
-383.604 290.06 2615.18
-77.5304 -814.081 2846.98
-542.733 350.078 2395.23
-133.681 -13.9706 2657.31
-208.181 -447.302 2709.38
-171.809 393.507 2562.65
-120.803 351.468 2426.18
-288.957 189.151 2233.81
-106.44 -928.081 2440.73
-633.255 315.094 2135.2
-58.7525 -75.8495 2456.58
-139.631 -510.115 2418.69
-69.796 309.429 2289.7
-108.51 153.279 2491.56
FRAME: 199
-175.012 586.404 2272.88
-386.015 344.374 2613.56
-83.7866 -813.166 2838.98
-549.98 360.187 2410.68
-138.09 -9.77835 2646.32
-211.124 -444.876 2703.69
-168.363 402.932 2545.77
-126.307 356.883 2404.45
-308.672 204.053 2173.46
-139.26 -936.911 2411.77
-654.698 298.958 2051.49
-75.5683 -78.5131 2436.07
-153.056 -519.835 2402.15
-84.2513 310.834 2263.14
-116.568 156.369 2472.82
FRAME: 200
-185.23 587.783 2247.78
-378.757 370.608 2592.9
-101.703 -812.028 2801.85
-533.182 424.957 2428.4
-139.012 -9.4395 2635.1
-212.268 -444.675 2699.35
-165.975 404.159 2522.63
-136.855 353.841 2373.83
-328.475 182.923 2127.83
-168.286 -958.516 2402.06
-674.968 268.483 1968.99
-92.6878 -90.5449 2395.73
-171.221 -541.896 2377.34
-107.735 303.522 2225.03
-126.352 151.924 2444.62
FRAME: 201
-199.003 589.162 2228.63
-360.937 415.687 2587.46
-121.243 -810.903 2743.51
-502.045 572.005 2520.02
-140.574 -10.3042 2621.51
-213.484 -447.399 2693.3
-166.683 407.109 2515.15
-144.145 355.514 2357.78
-320.807 171.287 2091.32
-172.043 -905.467 2476.11
-606.092 159.297 1892.3
-104.375 -93.3974 2368.44
-189.572 -545.098 2361.04
-121.607 303.919 2200.41
-133.31 151.831 2426.38
FRAME: 202
-233.509 583.846 2186.69
-348.159 266.87 2405.32
-126.916 -789.844 2732.21
-427.604 384.506 2443.69
-145.338 -11.2608 2599.25
-218.901 -446.686 2683.13
-178.651 405.617 2489.53
-173.423 351.744 2318.07
-306.157 114.431 2015.19
-200.125 -927.171 2441.11
-586.912 51.3907 1796.61
-136.001 -105.622 2296.57
-232.026 -558.819 2315.36
-168.194 297.871 2146.61
-157.046 146.651 2382.99
FRAME: 203
-288.022 536.696 2116.8
-357.327 216.676 2375.12
-155.304 -790.947 2651.81
-517.656 178.755 2129.55
-176.92 -20.8813 2482.46
-222.939 -447.113 2623.73
-213.288 363.254 2438.46
-206.689 325.519 2256.37
-285.056 126.366 2001.42
-208.026 -902.272 2438.3
-342.209 73.0747 1939.87
-173.36 -88.4816 2223.33
-290.784 -535.789 2240.07
-200.09 287.785 2074.28
-190.914 135.419 2304.63
FRAME: 204
-296.732 528.581 2109.72
-396.373 173.284 2280.66
-185.322 -804.714 2591.03
-543.37 100.484 2092.32
-239.087 -54.6777 2323.41
-250.326 -462.844 2522.37
-264.635 302.823 2303.26
-235.562 297.876 2169.46
-248.91 113.655 1972.22
-214.246 -893.852 2432.04
-309.34 86.6456 1929.3
-200.828 -63.3548 2200.03
-294.33 -521.17 2229.16
-206.489 292.93 2035.66
-227.76 119.43 2215.59
FRAME: 205
-304.904 515.995 2105.68
-325.576 73.1135 2194.73
-179.9 -787.658 2625.1
-412.161 -107.532 2129.09
-235.774 -91.6774 2277.75
-252.434 -465.813 2500.67
-241.881 292.786 2314.2
-219.947 288.784 2175.56
-244.463 69.9326 1954.1
-216.223 -934.513 2405.91
-374.756 -157.744 1750.72
-204.521 -96.9255 2191.35
-310.905 -558.09 2214.42
-198.013 284.781 2036.92
-220.047 97.2411 2205.06
FRAME: 206
-315.831 497.405 2090.53
-280.78 66.2774 2229.29
-182.585 -796.119 2648.58
-404.624 -177.534 2040.16
-221.55 -110.896 2269.24
-260.98 -474.19 2491.23
-216.071 289.06 2343.64
-206.96 275.637 2180.66
-255.077 32.3652 1920.33
-223.738 -961.657 2360.55
-426.9 -212.154 1693.35
-211.755 -122.473 2177.7
-331.486 -580.653 2195.36
-197.848 262.213 2017.68
-211.806 79.4761 2202.06
FRAME: 207
-321.152 485.756 2077.13
-270.902 57.0101 2229.64
-191.666 -817.76 2617.39
-363.755 -185.937 2144.05
-219.119 -124.416 2263.23
-271.579 -489.443 2439.35
-210.357 279.253 2335.72
-205.248 260.421 2167.79
-260.455 9.77028 1906.5
-223.969 -960.124 2354.2
-429.475 -216.781 1689.97
-214.205 -137.91 2176.76
-341.775 -591.409 2192.29
-200.139 241.59 1999.87
-210.955 64.629 2193.89
FRAME: 208
-323.789 480.24 2067.75
-258.884 63.2824 2262.08
-192.298 -824.841 2610.77
-375.854 -192.657 2066.63
-215.753 -129.634 2268.24
-272.802 -496.398 2427.13
-206.68 273.588 2328.29
-203.852 252.124 2160.59
-261.242 4.58423 1895.4
-221.724 -961.422 2344.7
-447.489 -214.513 1690.92
-213.652 -146.647 2169.6
-340.075 -592.637 2195.54
-201.024 230.659 1992.9
-209.277 56.9916 2189.76
FRAME: 209
-323.499 478.843 2065.39
-238.342 61.5423 2281.63
-186.282 -828.72 2611.25
-341.956 -180.717 2207
-203.605 -127.43 2284.47
-271.572 -499.98 2425.94
-204.537 275.335 2315.83
-200.766 248.042 2155.27
-262.833 2.77189 1894.08
-221.591 -961.753 2339.28
-437.822 -211.959 1719.98
-201.925 -150.242 2171.3
-331.659 -595.407 2194.41
-196.995 220.748 1994.71
-201.766 54.6027 2191.58
FRAME: 210
-322.497 479.112 2060.91
-237.18 58.5396 2295.24
-190.428 -843.746 2593.02
-347.228 -179.53 2191.4
-199.339 -125.726 2292.55
-270.028 -501.864 2438.2
-201.185 276.43 2323.9
-197.288 247.454 2158.72
-254.263 0.141007 1891.22
-214.661 -959.007 2342.41
-454.592 -176.389 1684.51
-196.906 -149.437 2167.45
-323.183 -595.646 2193.47
-193.391 218.479 1993.55
-197.705 54.9363 2194.36
FRAME: 211
-320.405 480.903 2056.27
-238.285 83.2236 2326.4
-206.76 -854.338 2531.83
-392.506 -104.98 2121.95
-197.791 -125.315 2295.24
-268.432 -509.429 2379.63
-197.58 281.904 2314.55
-191.843 250.843 2152.74
-257.114 -0.442626 1886.02
-210.421 -950.98 2345.99
-469.86 -141.534 1669.95
-193.8 -150.794 2167.12
-309.901 -592.036 2197.62
-186.105 219.782 1990.92
-193.819 56.3943 2191.96
FRAME: 212
-311.615 492.226 2054.72
-261.668 153.914 2382.08
-197.632 -858.656 2505.37
-394.345 4.20218 2229.13
-201.025 -121.626 2298.77
-269.121 -505.504 2381.41
-198.8 287.288 2309.38
-186.562 257.608 2153.73
-256.415 -1.18447 1887.31
-204.784 -956.69 2340.13
-480.835 -140.16 1676.51
-190.512 -148.48 2163.9
-296.804 -588.177 2201.32
-174.325 227.928 1998.09
-191.165 61.2773 2192.53
FRAME: 213
-299.597 505.106 2053.86
-290.387 194.473 2402.8
-193.445 -857.03 2484.67
-505.631 302.642 2437.74
-203.538 -113.309 2308.35
-264.971 -495.551 2444.71
-198.325 295.237 2306.32
-182.647 263.325 2155.31
-250.609 -6.52721 1893.81
-195.801 -954.856 2361.89
-479.493 -118.692 1715.71
-189.235 -143.447 2170.37
-281.091 -585.095 2207.31
-166.969 231.414 2004.3
-189.517 67.4737 2197.33
FRAME: 214
-289.809 520.201 2055.37
-351.435 273.586 2475.46
-183.163 -853.815 2480.74
-560.098 385.653 2473.48
-202.677 -107.198 2315.42
-259.007 -494.322 2468.71
-198.443 304.764 2306.07
-177.637 269.739 2155.9
-236.99 -5.54994 1911.2
-195.697 -957.967 2359.86
-495.737 -93.1073 1720.19
-183.813 -139.693 2179.4
-265.912 -584.495 2216.89
-156.832 234.715 2005.72
-185.441 73.1471 2201.65
FRAME: 215
-280.488 529.856 2060.18
-373.703 260.04 2486.98
-169.227 -840.342 2497.62
-562.65 366.434 2431.14
-202.114 -99.5534 2321.67
-256.621 -486.996 2472.73
-202.09 314.296 2309.34
-169.621 281.636 2168.49
-213.812 -1.35552 1931.22
-186.681 -936.242 2400.57
-482.85 -79.2013 1752.52
-172.39 -129.992 2192.83
-240.767 -573.802 2224.76
-137.152 248.976 2027.63
-178.437 83.4315 2212.87
FRAME: 216
-272.462 537.9 2065.64
-372.589 239.543 2487.3
-150.396 -831.887 2568.74
-561.911 319.207 2430.57
-202.376 -92.5116 2332.45
-258.55 -487.568 2496.54
-207.895 327.165 2318.87
-166.606 295.354 2180.83
-191.711 14.9809 1943.88
-184.495 -924.532 2398.01
-457.579 -67.1034 1802.1
-164.596 -121.946 2206.55
-225.777 -563.955 2227.36
-125.318 263.542 2042.79
-175.046 94.0625 2225.17
FRAME: 217
-262.03 545.741 2072.21
-369.854 237.212 2478.08
-144.529 -837.362 2550.08
-555.657 263.088 2420.39
-202.358 -80.3069 2343.99
-257.009 -482.73 2502.88
-212.235 336.305 2324.81
-164.309 303.153 2189.7
-157.192 41.1901 1951.91
-186.877 -922.823 2360.6
-429.851 -71.133 1846.36
-158.822 -110.771 2221.28
-217.266 -553.469 2223.87
-116.383 270.001 2054.6
-172.45 103.807 2236.17
FRAME: 218
-250.163 553.046 2083.85
-364.202 222.961 2475.92
-131.498 -829.679 2597.57
-541.166 213.452 2388.02
-202.256 -75.4161 2354.59
-257.274 -472.067 2510.16
-213.508 340.724 2335.47
-162.593 308.697 2203.24
-138.284 50.4488 1976.14
-182.554 -929.431 2326.73
-409.806 -62.053 1895.82
-156.208 -104.763 2234.26
-212.299 -542.938 2225.96
-111.677 276.67 2071.02
-170.912 109.304 2248.84
FRAME: 219
-231.601 569.219 2110.78
-374.284 209.18 2474.99
-124.401 -834.587 2614.68
-527.951 201.442 2281.9
-201.709 -72.5786 2365.64
-255.318 -469.808 2511.3
-236.963 355.245 2374.93
-165.949 331.354 2238.04
-110.605 67.7858 2044.31
-168.511 -936.867 2324.16
-371.578 -54.7536 1976.08
-142.3 -93.1016 2251.31
-203.993 -533.905 2235.96
-94.9347 307.462 2101.15
-168.977 124.257 2273.26
FRAME: 220
-212.965 580.538 2145.19
-304.432 151.384 2540.34
-119.195 -839.693 2638.33
-495.726 64.8243 2339.29
-202.099 -66.753 2386.33
-248.3 -467.019 2522.9
-238.035 361.565 2396.25
-156.693 342.91 2274.97
-41.7258 87.4496 2165.42
-148.846 -941.683 2350.44
-284.303 -105.751 2106.31
-130.122 -84.0187 2278.74
-189.021 -524.604 2270.62
-75.3509 324.256 2153.69
-161.402 133.762 2303.75
FRAME: 221
-203.092 586 2168.12
-294.708 148.464 2555.06
-111.171 -839.487 2659.77
-469.371 5.91119 2373.45
-203.094 -59.5656 2420.8
-242.199 -470.244 2531.14
-235.989 369.469 2417.56
-150.383 349.191 2298.27
-6.04678 68.8081 2203.27
-144.437 -931.666 2344.53
-257.273 -130.103 2153.16
-119.091 -80.6372 2302.01
-176.73 -518.196 2291.77
-64.7772 328.913 2178.99
-155.738 139.545 2329.84
FRAME: 222
-193.694 591.445 2190.23
-291.075 140.568 2563.6
-108.355 -843.368 2662.12
-445.835 -13.2606 2389.76
-203.997 -50.5399 2460.44
-239.795 -475.109 2534.73
-237.577 372.485 2440.75
-145.395 349.7 2322.11
9.21733 63.1735 2237.04
-135.572 -909.701 2357.4
-221.9 -143.043 2196.9
-102.825 -76.2017 2329.65
-164.504 -507.945 2314.42
-53.2122 326.915 2203.46
-149.403 143.165 2358.58
FRAME: 223
-185.286 594.898 2210.12
-287.084 138.233 2569.03
-106.279 -846.524 2677.55
-419.23 -32.9524 2395.4
-205.77 -41.0495 2481.32
-232.994 -469.3 2556.96
-239.161 376.385 2460.41
-140.531 352.314 2341.19
35.4638 66.5977 2275.79
-126.574 -879.285 2375.38
-190.033 -153.268 2230.68
-95.5621 -67.9695 2348.11
-152.857 -492.914 2334.32
-41.9018 328.243 2221.96
-145.599 148.902 2377.95
FRAME: 224
-182.059 597.876 2227.92
-281.635 132.891 2576.38
-102.925 -841.241 2697.93
-381.386 -52.0125 2377.81
-201.385 -38.5816 2493.49
-229.194 -463.962 2582.49
-241.812 376.917 2471.8
-135.488 353.728 2357.61
62.1364 77.32 2311.43
-127.618 -869.799 2376.07
-170.407 -123.119 2274.72
-86.8156 -63.5956 2370.24
-148.045 -485.837 2346.7
-29.1643 330.539 2243.42
-139.794 151.32 2394.74
FRAME: 225
-177.977 600.625 2246.26
-279.03 123.549 2575.92
-101.985 -839.407 2699.91
-354.294 -39.7153 2380.94
-193.208 -37.8779 2507.88
-223.591 -458.539 2608.29
-241.432 375.471 2485.13
-129.749 355.282 2377.6
76.6211 85.1778 2336.7
-126.556 -862.771 2380.76
-135.758 -131.829 2278
-73.1594 -59.5726 2392.44
-140.239 -479.305 2359.34
-18.066 335.092 2270.06
-131.466 153.278 2413.88
FRAME: 226
-173.691 605.299 2265.22
-270.011 124.874 2590.95
-102.982 -840.997 2703.61
-331.574 -47.3375 2421.22
-185.263 -33.1662 2527.5
-219.239 -453.973 2624.6
-240.144 383.039 2508.72
-123.028 365.807 2403.31
93.6458 102.252 2370.25
-120.628 -849.61 2400.96
-59.7108 -106.054 2276.72
-59.4984 -51.7142 2414.3
-128.75 -467.565 2376.81
-5.91148 348.576 2297.89
-122.704 161.684 2437.1
FRAME: 227
-169.641 610.111 2282.34
-262.099 128.432 2599.87
-102.301 -838.059 2711.13
-310.618 -55.4277 2444.32
-182.258 -30.088 2541.46
-217.794 -446.885 2636.45
-238.887 390.906 2524.07
-116.858 375.753 2422.63
106.62 118.385 2395.51
-112.996 -854.967 2428.76
-48.8784 -93.8634 2288.8
-48.984 -46.6836 2430.62
-117.542 -466.258 2396.71
5.17085 360.6 2321.18
-116.239 168.684 2454.33
FRAME: 228
-166.818 615.315 2292.19
-259.076 135.728 2610.74
-98.1501 -833.364 2725.67
-294.782 -58.2907 2461.28
-174.922 -23.7216 2552.61
-212.69 -439.745 2649.15
-238.297 400.022 2533.67
-112.308 386.233 2435.94
116.223 130.95 2413.37
-96.4264 -866.713 2459.47
-38.6747 -93.1708 2315.11
-40.8981 -38.4468 2448.55
-100.482 -470.616 2417.88
13.6807 372.444 2338.2
-110.109 177.574 2468.26
FRAME: 229
-161.693 624.966 2306.17
-256.866 147.724 2626.66
-94.8093 -827.887 2722.31
-297.562 -42.5734 2482.83
-173.178 -14.976 2567.95
-200.997 -435.429 2663.98
-240.139 409.275 2543.23
-111.148 395.567 2447.45
120.004 141.92 2427.15
-76.242 -865.092 2508.16
-12.8795 -94.689 2347.39
-35.4457 -29.7052 2465.78
-77.1303 -462.898 2445.09
17.8439 381.858 2351.68
-107.73 186.613 2482.16
FRAME: 230
-158.616 628.516 2314.22
-258.585 177.009 2671.3
-88.4472 -826.398 2754.45
-289.964 -43.6525 2504.7
-174.393 -5.38632 2581.12
-200.079 -433.842 2671.6
-242.028 413.937 2554.73
-109.722 401.184 2461.09
124.683 144.505 2436.53
-61.9298 -867.898 2547.73
8.91853 -92.3412 2357.23
-28.4772 -19.526 2477.9
-62.6161 -458.799 2462.03
22.5848 388.431 2367.44
-105.578 194.364 2495.3
FRAME: 231
-154.281 634.876 2322.38
-259.597 196.324 2697.1
-73.2853 -825.812 2818.6
-260.593 -53.9498 2517.24
-173.608 2.97225 2593.22
-194.035 -429.973 2675.45
-246.38 418.803 2563.58
-109.697 407.628 2472.5
130.348 150.442 2447.87
-48.5628 -862.454 2571.57
-3.68774 -100.227 2379.23
-20.3007 -9.59543 2491.13
-47.5891 -454.413 2479.41
26.9866 396.453 2381.41
-103.326 202.158 2507.33
FRAME: 232
-148.541 640.218 2334.05
-260.66 201.775 2712.15
-66.5423 -837.095 2824.56
-268.061 -46.9256 2569.84
-169.026 9.62482 2601.75
-188.546 -433.328 2674.83
-251.515 419.675 2571.89
-110.279 412.105 2485.3
137.811 156.736 2464.95
-32.6937 -865.012 2580.09
0.68668 -96.4104 2389.11
-11.6571 1.18805 2505.22
-37.4467 -450.734 2494.71
30.9573 404.536 2398.7
-100.31 208.756 2519.39
FRAME: 233
-143.281 644.067 2349.38
-260.331 201.392 2713.83
-57.8254 -845.791 2836.76
-281.22 -54.651 2545.85
-163.907 8.99353 2609.85
-175.372 -441.339 2677.93
-252.379 422.431 2575.32
-109.325 416.911 2492.79
144.886 161.581 2478.44
-18.2927 -872.497 2588.45
-22.2029 -100.814 2395.23
-4.66544 2.82281 2517.93
-23.8031 -451.602 2512.33
33.7288 411.391 2410.26
-96.8055 211.409 2528.34
FRAME: 234
-137.524 647.632 2357.82
-266.737 198.238 2715.53
-59.0649 -847.807 2838.92
-300.122 -53.8018 2535.55
-157.578 8.44051 2616.02
-167.426 -446.725 2679.89
-251.849 420.174 2577.46
-102.605 419.575 2506.65
154.843 163.828 2505.62
25.0236 -851.505 2640.13
-9.35533 -98.0738 2418.01
14.0116 7.7498 2534.68
14.7784 -441.388 2541.25
46.639 418.977 2435.85
-87.194 213.835 2541
FRAME: 235
-128.487 651.331 2366.77
-274.731 198.752 2713.59
-58.0918 -847.609 2841.04
-302.03 -58.014 2533.63
-150.759 12.1552 2621.54
-161.639 -445.233 2683.43
-251.54 419.949 2577.92
-99.2018 423.317 2514.06
159.382 168.112 2525.65
43.0223 -845.693 2659.62
-21.8329 -90.8436 2437.15
28.8785 16.1285 2546.31
35.009 -434.123 2554.87
53.137 426.685 2450.21
-80.0709 218.73 2549
FRAME: 236
-117.84 653.781 2373.4
-280.114 197.681 2710.01
-57.5124 -848.646 2843.35
-303.864 -58.2385 2494.39
-143.923 11.7917 2629.15
-152.216 -448.476 2688.52
-250.166 418.868 2576.99
-93.9341 425.939 2521.82
162.362 171.021 2543.81
77.4071 -832.221 2719.76
-21.4142 -69.6325 2464.83
45.2327 20.3896 2562.44
64.1059 -430.489 2585.12
62.2979 433.01 2466.66
-71.6398 221.015 2558.81
FRAME: 237
-105.689 655.346 2377.57
-284.736 197.588 2705.94
-57.5426 -849.119 2842.64
-282.632 -52.8897 2481.32
-137.23 13.4559 2634.25
-144.969 -448.694 2692.8
-247.263 418.58 2577.53
-86.4476 427.966 2529.53
165.211 171.356 2562.88
90.1133 -825.301 2736.36
13.8911 -89.2936 2463.41
57.2382 24.8299 2576.28
86.7921 -423.793 2606.47
74.3674 437.352 2481.53
-63.2218 223.554 2567.4
FRAME: 238
-97.2841 655.112 2382.54
-300.914 193.023 2687.54
-56.8218 -846.862 2842.64
-410.453 -23.7651 2412.46
-136.565 13.3318 2636.67
-143.727 -447.219 2693.38
-243.765 420.453 2575.81
-80.6607 430.264 2535.25
168.081 172.167 2581.09
106.942 -813.999 2759.25
3.61363 -85.4584 2473.28
62.8051 25.3978 2587.11
110.413 -417.283 2627.35
82.4441 440.075 2494.7
-58.7704 224.815 2573.57
FRAME: 239
-84.9423 654.602 2387.04
-309.753 186.602 2675.12
-56.5423 -844.068 2841.08
-523.69 70.4868 2405.65
-136.56 16.2717 2637.18
-141.341 -442.624 2692.26
-241.004 423.85 2576.59
-75.4005 432.378 2539.33
173.277 177.955 2596.49
120.269 -802.865 2787.93
30.9725 -82.1897 2471.02
61.9799 26.5673 2592.52
121.039 -407.953 2643.42
90.2033 440.906 2502.08
-56.3453 226.899 2577.09
FRAME: 240
-70.7179 655.963 2392.24
-313.414 179.508 2665.11
-56.3211 -842.392 2839.43
-436.733 25.0707 2351.18
-132.643 22.3907 2639.46
-139.84 -433.702 2691.06
-238.783 424.163 2576.78
-70.5401 432.766 2543.47
180.967 180.181 2606.33
124.31 -798.192 2805.12
-9.15178 -72.0984 2483.03
63.3688 32.4738 2600.85
128.365 -403.135 2658.64
97.7025 441.369 2510.16
-52.5885 230.099 2581.81
FRAME: 241
-60.2657 657.813 2397.43
-318.855 182.358 2651.1
-57.7028 -841.666 2839.6
-409.412 27.6613 2371.14
-131.015 27.434 2640.46
-133.538 -428.236 2693.68
-231.312 428.118 2577.49
-62.4841 434.785 2548.41
183.212 179.859 2616.34
131.953 -791.898 2825.65
17.6443 -80.689 2478.12
63.7237 35.1334 2607.08
132.223 -396.256 2666.25
106.344 441.452 2519.34
-48.0649 233.034 2586.09
FRAME: 242
-50.4267 660.337 2401.13
-318.955 181.457 2628.51
-58.1426 -829.761 2839.55
-376.421 39.0415 2349.95
-127.177 34.4518 2644.93
-125.712 -411.238 2693.07
-222.934 428.795 2578.55
-53.4903 434.517 2553.96
187.873 175.813 2626.52
143.417 -789.567 2862.97
28.8811 -85.3404 2476.65
69.4512 41.2146 2616.75
141.575 -393.476 2677.79
115.954 440.24 2529.38
-41.1767 236.175 2592.4
FRAME: 243
-40.3075 661.123 2406.97
-317.525 177.846 2616.15
-57.0778 -828.592 2841.23
-360.757 66.1363 2307.42
-122.781 38.3912 2647.97
-116.291 -407.611 2694.12
-215.657 428.137 2579.68
-47.1159 435.652 2559.48
192.557 177.435 2633.12
145.423 -787.006 2878.86
34.638 -70.6815 2469.41
82.1729 47.5832 2623.68
143.764 -387.633 2681.9
121.425 443.167 2539.28
-33.71 239.32 2597.65
FRAME: 244
-15.9027 665.17 2423.61
-307.552 178.732 2587.83
-56.1426 -827.021 2846.75
-284.884 101.905 2267.02
-115.403 36.6494 2650.98
-104.975 -406.497 2698.6
-195.259 428.247 2580.06
-29.4709 433.414 2567.55
201.008 170.16 2651.37
145.455 -786.16 2890.83
54.0327 -68.0455 2472.44
92.0951 42.993 2635.44
149.66 -384.758 2693.59
136.317 438.58 2555.05
-20.5624 236.617 2605.38
FRAME: 245
0.615279 668.674 2433.7
-296.232 176.46 2569.15
-54.8343 -822.141 2846.32
-238.799 105.382 2273.66
-90.842 26.351 2661.99
-93.1749 -407.403 2701.9
-186.87 422.584 2583.04
-17.6122 431.023 2573.12
210.172 166.683 2658.33
142.159 -786.814 2897.81
119.01 -85.9431 2499.64
105.082 35.9367 2650.74
151.96 -387.277 2710.19
151.645 439.462 2563.19
-5.24599 231.083 2614.74
FRAME: 246
15.7345 672.838 2442.83
-240.239 175.042 2577.6
-52.1891 -819.909 2846.21
-169.893 104.093 2286.04
-75.6491 21.8364 2672.63
-80.9469 -411.918 2706.55
-176.419 423.077 2585.09
-8.83687 432.153 2575.82
223.448 175.566 2656.4
140.153 -787.224 2908.6
95.6686 -65.257 2490.12
111.904 31.9248 2662.43
156.14 -392.77 2734.21
158.745 441.229 2566.55
4.64532 229.517 2621.67
FRAME: 247
28.7571 678.33 2447.35
-207.855 177.553 2563.68
-50.1194 -818.8 2850.93
-137.207 129.95 2292.3
-70.8523 21.4726 2677.31
-74.3715 -416.402 2712.64
-163.072 427.789 2582.38
1.65122 435.574 2576.46
237.493 184.851 2658.4
140.149 -787.191 2915.81
152.682 -85.3445 2516.54
119.657 30.4889 2670.57
157.8 -398.009 2751.66
166.375 443.358 2570.53
13.0269 230.777 2625.2
FRAME: 248
41.0875 680.31 2455.06
-189.115 165.85 2564.35
-48.7217 -819.551 2850.25
-56.0145 77.3902 2323.44
-61.4492 15.2652 2682.15
-71.4282 -421.829 2716.55
-151.338 431.091 2586.22
13.742 436.667 2578.78
244.189 187.616 2660.91
141.124 -787.439 2922.18
90.3079 -36.7155 2456.26
126.29 21.6181 2673.85
160.517 -401.264 2768.49
178.822 442.243 2571.34
23.0812 227.554 2628.39
FRAME: 249
62.1871 685.637 2470.94
-167.299 175.639 2591.36
-48.0958 -818.425 2850.04
32.8254 26.2709 2416.84
-49.1658 14.658 2687.01
-66.1618 -421.647 2721.23
-131.859 433.015 2586.08
31.7545 438.07 2584.07
257.601 188.321 2667.25
142.365 -785.68 2927.19
106.271 -5.52377 2470.6
141.251 20.5359 2684.71
164.643 -398.583 2777.16
195.368 443.124 2582.06
38.8985 227.833 2634.96
FRAME: 250
81.5829 690.347 2483.87
-141.253 204.915 2611.42
-46.5432 -815.015 2852.52
37.0023 63.6337 2418.22
-36.3971 16.2681 2693.29
-53.6593 -416.077 2727.35
-90.5508 440.915 2586.47
62.5729 440.558 2591.58
272.389 191.643 2685.43
145.908 -787.518 2931.61
120.439 7.45919 2456.22
152.279 15.7699 2699.51
173.097 -398.48 2790.29
215.697 440.201 2596.7
60.2569 228.289 2643.99
FRAME: 251
98.6413 692.817 2497.36
-118.723 205.075 2603.86
-44.239 -814.456 2856.15
37.1857 125.423 2338.24
-26.4564 18.5997 2693.43
-47.4135 -415.36 2732.6
-74.7639 445.516 2588.51
77.816 443.722 2599.15
276.916 194.206 2698.21
148.538 -784.801 2939.26
170.162 7.08034 2473.34
157.827 16.4154 2706.22
177.779 -399.378 2797.49
230.396 441.929 2609.8
71.7506 230.615 2649.49
FRAME: 252
107.763 693.377 2505.74
-102.838 210.814 2592.2
-45.0628 -811.67 2859.64
71.6088 62.4373 2425.03
-17.1433 22.7773 2695.99
-43.5451 -412.112 2735.62
-56.7271 453.824 2594.4
93.4689 448.463 2606.03
280.314 196.187 2709.68
151.379 -783.596 2943.66
161.342 -0.451174 2490.26
158.139 16.4917 2709.48
183.194 -397.818 2804.12
243.665 443.103 2617.66
81.9833 234.049 2654.38
FRAME: 253
114.705 695.897 2513.02
-89.6309 221.098 2595.58
-44.3206 -814.344 2864.52
80.7454 56.6338 2453.82
0.174838 24.6787 2695.54
-35.3102 -415.959 2739.29
-48.5947 454.815 2594.72
100.592 451.569 2610.6
293.325 208.712 2714.19
155.541 -781.681 2945.69
165.844 7.47575 2520.4
161.849 20.8007 2712.59
189.626 -395.447 2813.23
249.778 448.324 2626.48
90.802 237.155 2657.33
FRAME: 254
123.967 695.654 2521.25
-74.0451 223.088 2587.8
-44.5927 -806.906 2869.19
117.406 53.0414 2486.09
-1.09389 24.2598 2699.26
-32.1908 -411.124 2742.47
-38.078 455.301 2604.78
107.286 449.18 2618.41
304.887 203.394 2710.01
156.293 -787.783 2949.35
152.11 6.19455 2514.8
162.661 17.294 2714.65
190.313 -402.064 2820.56
252.651 443.059 2632.03
94.0351 234.978 2662.68
FRAME: 255
138.983 697.225 2532.08
-55.3488 229.993 2596.27
-45.451 -799.111 2864.16
144.243 47.7692 2493.91
5.68743 21.8698 2702.11
-29.4388 -406.229 2737.03
-20.4881 453.988 2612.75
119.134 443.29 2623.46
315.432 203.153 2704.54
159.552 -796.888 2959.14
211.824 -29.1784 2534.44
153.517 10.8853 2713.9
193.13 -407.095 2832.3
258.756 432.592 2634.17
99.368 229.834 2665.73
FRAME: 256
155.55 696.161 2543.52
-33.1968 225.562 2597.23
-44.7918 -800.258 2867.07
169.109 36.2074 2514.51
13.152 20.6791 2710.33
-21.7149 -408.926 2737.27
-10.9867 452.479 2624.95
130.787 439.345 2635.77
318.773 197.184 2710.55
160.131 -797.529 2960.01
219.436 -33.4557 2555.18
157.552 7.81661 2721.47
194.17 -406.017 2831.12
272.56 426.212 2646.58
108.069 226.797 2675.83
FRAME: 257
169.01 698.548 2547.32
-38.026 240.74 2607.61
-45.083 -804.387 2870.26
148.622 42.12 2529.13
14.0128 24.1825 2711.85
-19.9205 -411.042 2737.39
0.721683 459.737 2633.57
142.91 443.207 2645.09
340.801 201.229 2726.58
160.999 -795.957 2960.94
244.288 -23.7833 2558.59
161.204 7.41689 2723.78
196.424 -402.693 2835.48
285.099 426.676 2656.61
115.259 229.503 2681.45
FRAME: 258
180.635 698.762 2550.03
-30.5071 241.777 2611.05
-45.7299 -804.467 2869.41
141.804 33.0553 2528.47
13.9231 26.9579 2717.12
-15.1511 -412.073 2736.42
4.27151 465.887 2638.03
149.313 447.477 2649.87
345.838 204.396 2728.99
162.336 -793.308 2965.37
223.301 -17.2163 2548.41
163.393 8.17372 2729.51
198.466 -400.47 2841.09
294.355 429.066 2661.71
118.986 232.521 2686.59
FRAME: 259
189.487 698.325 2553.23
-18.9207 236.159 2611.54
-46.1376 -801.747 2865.1
135.018 36.7862 2534.76
13.9287 32.1291 2719.76
-11.8811 -407.727 2730.82
9.40929 470.845 2639.08
155.098 451.293 2651.71
355.253 205.298 2736.69
165.197 -791.66 2964.47
252.154 -43.2389 2579.84
167.55 11.5828 2733.16
200.654 -396.655 2843.21
300.787 431.741 2664.35
122.919 236.574 2689.08
FRAME: 260
195.649 698.917 2554.5
-8.3566 244.096 2621.23
-47.539 -803.624 2866.72
154.04 22.5809 2558.25
14.9512 37.8415 2729.22
-14.5038 -408.787 2730.03
14.545 475.13 2639.48
160.674 455.282 2651.71
365.918 218.955 2750.07
166.388 -788.059 2964.65
250.979 -29.2829 2560.43
175.403 16.1151 2742.85
201.73 -394.468 2848.23
306.802 435.433 2663.94
127.925 241.13 2693.87
FRAME: 261
200.064 698.364 2551.83
-15.6843 248.806 2637.35
-62.1126 -798.163 2868.9
122.164 45.4619 2570.34
20.1456 60.266 2749.25
-22.7621 -406.013 2729.11
15.3716 481.372 2643.95
160.919 460.854 2648.58
360.317 211.461 2735.28
176.349 -772.167 2969.65
264.673 -46.8842 2574.05
194.914 33.1938 2747.51
213.627 -382.846 2845.38
306.467 440.336 2653.21
134.225 253.792 2698.48

