FRAME: 0
0 0 0
0 0 0
0 0 0
0 0 0
0 0 0
0 0 0
0 0 0
0 0 0
0 0 0
0 0 0
0 0 0
0 0 0
0 0 0
0 0 0
0 0 0
FRAME: 1
0 0 0
0 0 0
0 0 0
0 0 0
0 0 0
0 0 0
0 0 0
0 0 0
0 0 0
0 0 0
0 0 0
0 0 0
0 0 0
0 0 0
0 0 0
FRAME: 2
0 0 0
0 0 0
0 0 0
0 0 0
0 0 0
0 0 0
0 0 0
0 0 0
0 0 0
0 0 0
0 0 0
0 0 0
0 0 0
0 0 0
0 0 0
FRAME: 3
0 0 0
0 0 0
0 0 0
0 0 0
0 0 0
0 0 0
0 0 0
0 0 0
0 0 0
0 0 0
0 0 0
0 0 0
0 0 0
0 0 0
0 0 0
FRAME: 4
0 0 0
0 0 0
0 0 0
0 0 0
0 0 0
0 0 0
0 0 0
0 0 0
0 0 0
0 0 0
0 0 0
0 0 0
0 0 0
0 0 0
0 0 0
FRAME: 5
0 0 0
0 0 0
0 0 0
0 0 0
0 0 0
0 0 0
0 0 0
0 0 0
0 0 0
0 0 0
0 0 0
0 0 0
0 0 0
0 0 0
0 0 0
FRAME: 6
0 0 0
0 0 0
0 0 0
0 0 0
0 0 0
0 0 0
0 0 0
0 0 0
0 0 0
0 0 0
0 0 0
0 0 0
0 0 0
0 0 0
0 0 0
FRAME: 7
0 0 0
0 0 0
0 0 0
0 0 0
0 0 0
0 0 0
0 0 0
0 0 0
0 0 0
0 0 0
0 0 0
0 0 0
0 0 0
0 0 0
0 0 0
FRAME: 8
0 0 0
0 0 0
0 0 0
0 0 0
0 0 0
0 0 0
0 0 0
0 0 0
0 0 0
0 0 0
0 0 0
0 0 0
0 0 0
0 0 0
0 0 0
FRAME: 9
0 0 0
0 0 0
0 0 0
0 0 0
0 0 0
0 0 0
0 0 0
0 0 0
0 0 0
0 0 0
0 0 0
0 0 0
0 0 0
0 0 0
0 0 0
FRAME: 10
0 0 0
0 0 0
0 0 0
0 0 0
0 0 0
0 0 0
0 0 0
0 0 0
0 0 0
0 0 0
0 0 0
0 0 0
0 0 0
0 0 0
0 0 0
FRAME: 11
0 0 0
0 0 0
0 0 0
0 0 0
0 0 0
0 0 0
0 0 0
0 0 0
0 0 0
0 0 0
0 0 0
0 0 0
0 0 0
0 0 0
0 0 0
FRAME: 12
0 0 0
0 0 0
0 0 0
0 0 0
0 0 0
0 0 0
0 0 0
0 0 0
0 0 0
0 0 0
0 0 0
0 0 0
0 0 0
0 0 0
0 0 0
FRAME: 13
0 0 0
0 0 0
0 0 0
0 0 0
0 0 0
0 0 0
0 0 0
0 0 0
0 0 0
0 0 0
0 0 0
0 0 0
0 0 0
0 0 0
0 0 0
FRAME: 14
0 0 0
0 0 0
0 0 0
0 0 0
0 0 0
0 0 0
0 0 0
0 0 0
0 0 0
0 0 0
0 0 0
0 0 0
0 0 0
0 0 0
0 0 0
FRAME: 15
0 0 0
0 0 0
0 0 0
0 0 0
0 0 0
0 0 0
0 0 0
0 0 0
0 0 0
0 0 0
0 0 0
0 0 0
0 0 0
0 0 0
0 0 0
FRAME: 16
0 0 0
0 0 0
0 0 0
0 0 0
0 0 0
0 0 0
0 0 0
0 0 0
0 0 0
0 0 0
0 0 0
0 0 0
0 0 0
0 0 0
0 0 0
FRAME: 17
0 0 0
0 0 0
0 0 0
0 0 0
0 0 0
0 0 0
0 0 0
0 0 0
0 0 0
0 0 0
0 0 0
0 0 0
0 0 0
0 0 0
0 0 0
FRAME: 18
0 0 0
0 0 0
0 0 0
0 0 0
0 0 0
0 0 0
0 0 0
0 0 0
0 0 0
0 0 0
0 0 0
0 0 0
0 0 0
0 0 0
0 0 0
FRAME: 19
0 0 0
0 0 0
0 0 0
0 0 0
0 0 0
0 0 0
0 0 0
0 0 0
0 0 0
0 0 0
0 0 0
0 0 0
0 0 0
0 0 0
0 0 0
FRAME: 20
0 0 0
0 0 0
0 0 0
0 0 0
0 0 0
0 0 0
0 0 0
0 0 0
0 0 0
0 0 0
0 0 0
0 0 0
0 0 0
0 0 0
0 0 0
FRAME: 21
0 0 0
0 0 0
0 0 0
0 0 0
0 0 0
0 0 0
0 0 0
0 0 0
0 0 0
0 0 0
0 0 0
0 0 0
0 0 0
0 0 0
0 0 0
FRAME: 22
0 0 0
0 0 0
0 0 0
0 0 0
0 0 0
0 0 0
0 0 0
0 0 0
0 0 0
0 0 0
0 0 0
0 0 0
0 0 0
0 0 0
0 0 0
FRAME: 23
0 0 0
0 0 0
0 0 0
0 0 0
0 0 0
0 0 0
0 0 0
0 0 0
0 0 0
0 0 0
0 0 0
0 0 0
0 0 0
0 0 0
0 0 0
FRAME: 24
0 0 0
0 0 0
0 0 0
0 0 0
0 0 0
0 0 0
0 0 0
0 0 0
0 0 0
0 0 0
0 0 0
0 0 0
0 0 0
0 0 0
0 0 0
FRAME: 25
0 0 0
0 0 0
0 0 0
0 0 0
0 0 0
0 0 0
0 0 0
0 0 0
0 0 0
0 0 0
0 0 0
0 0 0
0 0 0
0 0 0
0 0 0
FRAME: 26
0 0 0
0 0 0
0 0 0
0 0 0
0 0 0
0 0 0
0 0 0
0 0 0
0 0 0
0 0 0
0 0 0
0 0 0
0 0 0
0 0 0
0 0 0
FRAME: 27
0 0 0
0 0 0
0 0 0
0 0 0
0 0 0
0 0 0
0 0 0
0 0 0
0 0 0
0 0 0
0 0 0
0 0 0
0 0 0
0 0 0
0 0 0
FRAME: 28
0 0 0
0 0 0
0 0 0
0 0 0
0 0 0
0 0 0
0 0 0
0 0 0
0 0 0
0 0 0
0 0 0
0 0 0
0 0 0
0 0 0
0 0 0
FRAME: 29
0 0 0
0 0 0
0 0 0
0 0 0
0 0 0
0 0 0
0 0 0
0 0 0
0 0 0
0 0 0
0 0 0
0 0 0
0 0 0
0 0 0
0 0 0
FRAME: 30
0 0 0
0 0 0
0 0 0
0 0 0
0 0 0
0 0 0
0 0 0
0 0 0
0 0 0
0 0 0
0 0 0
0 0 0
0 0 0
0 0 0
0 0 0
FRAME: 31
0 0 0
0 0 0
0 0 0
0 0 0
0 0 0
0 0 0
0 0 0
0 0 0
0 0 0
0 0 0
0 0 0
0 0 0
0 0 0
0 0 0
0 0 0
FRAME: 32
0 0 0
0 0 0
0 0 0
0 0 0
0 0 0
0 0 0
0 0 0
0 0 0
0 0 0
0 0 0
0 0 0
0 0 0
0 0 0
0 0 0
0 0 0
FRAME: 33
0 0 0
0 0 0
0 0 0
0 0 0
0 0 0
0 0 0
0 0 0
0 0 0
0 0 0
0 0 0
0 0 0
0 0 0
0 0 0
0 0 0
0 0 0
FRAME: 34
0 0 0
0 0 0
0 0 0
0 0 0
0 0 0
0 0 0
0 0 0
0 0 0
0 0 0
0 0 0
0 0 0
0 0 0
0 0 0
0 0 0
0 0 0
FRAME: 35
0 0 0
0 0 0
0 0 0
0 0 0
0 0 0
0 0 0
0 0 0
0 0 0
0 0 0
0 0 0
0 0 0
0 0 0
0 0 0
0 0 0
0 0 0
FRAME: 36
0 0 0
0 0 0
0 0 0
0 0 0
0 0 0
0 0 0
0 0 0
0 0 0
0 0 0
0 0 0
0 0 0
0 0 0
0 0 0
0 0 0
0 0 0
FRAME: 37
0 0 0
0 0 0
0 0 0
0 0 0
0 0 0
0 0 0
0 0 0
0 0 0
0 0 0
0 0 0
0 0 0
0 0 0
0 0 0
0 0 0
0 0 0
FRAME: 38
0 0 0
0 0 0
0 0 0
0 0 0
0 0 0
0 0 0
0 0 0
0 0 0
0 0 0
0 0 0
0 0 0
0 0 0
0 0 0
0 0 0
0 0 0
FRAME: 39
0 0 0
0 0 0
0 0 0
0 0 0
0 0 0
0 0 0
0 0 0
0 0 0
0 0 0
0 0 0
0 0 0
0 0 0
0 0 0
0 0 0
0 0 0
FRAME: 40
0 0 0
0 0 0
0 0 0
0 0 0
0 0 0
0 0 0
0 0 0
0 0 0
0 0 0
0 0 0
0 0 0
0 0 0
0 0 0
0 0 0
0 0 0
FRAME: 41
0 0 0
0 0 0
0 0 0
0 0 0
0 0 0
0 0 0
0 0 0
0 0 0
0 0 0
0 0 0
0 0 0
0 0 0
0 0 0
0 0 0
0 0 0
FRAME: 42
0 0 0
0 0 0
0 0 0
0 0 0
0 0 0
0 0 0
0 0 0
0 0 0
0 0 0
0 0 0
0 0 0
0 0 0
0 0 0
0 0 0
0 0 0
FRAME: 43
0 0 0
0 0 0
0 0 0
0 0 0
0 0 0
0 0 0
0 0 0
0 0 0
0 0 0
0 0 0
0 0 0
0 0 0
0 0 0
0 0 0
0 0 0
FRAME: 44
0 0 0
0 0 0
0 0 0
0 0 0
0 0 0
0 0 0
0 0 0
0 0 0
0 0 0
0 0 0
0 0 0
0 0 0
0 0 0
0 0 0
0 0 0
FRAME: 45
0 0 0
0 0 0
0 0 0
0 0 0
0 0 0
0 0 0
0 0 0
0 0 0
0 0 0
0 0 0
0 0 0
0 0 0
0 0 0
0 0 0
0 0 0
FRAME: 46
0 0 0
0 0 0
0 0 0
0 0 0
0 0 0
0 0 0
0 0 0
0 0 0
0 0 0
0 0 0
0 0 0
0 0 0
0 0 0
0 0 0
0 0 0
FRAME: 47
0 0 0
0 0 0
0 0 0
0 0 0
0 0 0
0 0 0
0 0 0
0 0 0
0 0 0
0 0 0
0 0 0
0 0 0
0 0 0
0 0 0
0 0 0
FRAME: 48
0 0 0
0 0 0
0 0 0
0 0 0
0 0 0
0 0 0
0 0 0
0 0 0
0 0 0
0 0 0
0 0 0
0 0 0
0 0 0
0 0 0
0 0 0
FRAME: 49
0 0 0
0 0 0
0 0 0
0 0 0
0 0 0
0 0 0
0 0 0
0 0 0
0 0 0
0 0 0
0 0 0
0 0 0
0 0 0
0 0 0
0 0 0
FRAME: 50
0 0 0
0 0 0
0 0 0
0 0 0
0 0 0
0 0 0
0 0 0
0 0 0
0 0 0
0 0 0
0 0 0
0 0 0
0 0 0
0 0 0
0 0 0
FRAME: 51
0 0 0
0 0 0
0 0 0
0 0 0
0 0 0
0 0 0
0 0 0
0 0 0
0 0 0
0 0 0
0 0 0
0 0 0
0 0 0
0 0 0
0 0 0
FRAME: 52
0 0 0
0 0 0
0 0 0
0 0 0
0 0 0
0 0 0
0 0 0
0 0 0
0 0 0
0 0 0
0 0 0
0 0 0
0 0 0
0 0 0
0 0 0
FRAME: 53
0 0 0
0 0 0
0 0 0
0 0 0
0 0 0
0 0 0
0 0 0
0 0 0
0 0 0
0 0 0
0 0 0
0 0 0
0 0 0
0 0 0
0 0 0
FRAME: 54
0 0 0
0 0 0
0 0 0
0 0 0
0 0 0
0 0 0
0 0 0
0 0 0
0 0 0
0 0 0
0 0 0
0 0 0
0 0 0
0 0 0
0 0 0
FRAME: 55
0 0 0
0 0 0
0 0 0
0 0 0
0 0 0
0 0 0
0 0 0
0 0 0
0 0 0
0 0 0
0 0 0
0 0 0
0 0 0
0 0 0
0 0 0
FRAME: 56
0 0 0
0 0 0
0 0 0
0 0 0
0 0 0
0 0 0
0 0 0
0 0 0
0 0 0
0 0 0
0 0 0
0 0 0
0 0 0
0 0 0
0 0 0
FRAME: 57
-112.425 181.339 2283.74
-134.198 -219.993 2721.67
-70.2528 -1205.05 2714.61
-123.619 -472.388 2726.15
-106.786 -451.322 2447.93
-176.806 -863.612 2506.91
-134.374 -60.1003 2491.82
-65.7532 -62.1514 2359.92
88.356 -296.724 2150.28
10.3112 -1242.31 2413.07
23.3135 -432.957 1791.67
-22.2096 -453.851 2285.35
-56.065 -873.656 2256.71
2.86795 -64.2026 2228.01
-65.1256 -257.369 2363.28
FRAME: 58
-112.544 174.973 2258.21
-121.264 -220.139 2710.92
-61.008 -1215.07 2695.61
-116.476 -471.848 2722.89
-105.862 -463.98 2442
-166.223 -879.408 2491.91
-128.276 -65.2445 2469.43
-63.5782 -73.1613 2338.12
89.771 -314.493 2125.47
12.0021 -1272.79 2402.59
48.7177 -425.771 1765.18
-25.8949 -473.766 2279.7
-49.7755 -895.559 2264.34
1.11974 -81.0782 2206.81
-64.7283 -271.017 2349.49
FRAME: 59
-116.24 166.928 2232.62
-112.988 -219.208 2698.15
-46.8988 -1219.58 2678.05
-128.073 -447.442 2731.39
-102.369 -465.232 2437.42
-156.123 -881.421 2482.14
-120.655 -68.6664 2447.42
-60.3287 -80.7288 2320.45
89.7999 -321.967 2101.17
13.1302 -1282.8 2388.13
73.5392 -419.289 1744.73
-25.0877 -480.685 2274.76
-48.9089 -901.864 2262.83
-0.00205982 -92.7912 2193.47
-62.0285 -276.844 2338.27
FRAME: 60
-113.895 160.152 2211.25
-103.375 -234.614 2683.23
-79.024 -1161.67 2616.04
-141.976 -457.677 2696.09
-73.0459 -472.156 2390.1
-152.421 -867.749 2419.1
-111.385 -82.4611 2426.64
-55.2857 -87.325 2298.29
90.586 -315.833 2086.22
6.4752 -1139.21 2312.85
81.881 -407.599 1718.01
-10.7394 -477.558 2247.55
-43.9265 -871.568 2266.35
0.814018 -92.1888 2169.93
-48.5892 -281.091 2308.55
FRAME: 61
-111.715 156.603 2197.68
-107.088 -247.622 2667.12
-154.544 -820.027 2305.86
-149.2 -463.045 2650.48
-88.6909 -494.143 2361.55
-149.283 -837.496 2354.43
-132.021 -92.6525 2409.41
-60.9276 -92.2566 2281.32
98.3768 -312.285 2067.64
-9.45687 -1100.61 2349.64
85.0971 -391.664 1712.92
-6.46897 -493.685 2213.41
-31.4927 -925.04 2259.92
10.1655 -91.8608 2153.23
-54.2537 -293.085 2284.4
FRAME: 62
-108.497 151.454 2178.41
-105.826 -258.928 2653.61
-136.953 -831.15 2307.19
-157.841 -458.816 2612.63
-74.9825 -496.225 2331.14
-147.416 -822.795 2297.84
-122.552 -100.497 2408.64
-56.8985 -93.6651 2278.9
100.321 -306.805 2055.48
0.875565 -1058.17 2329.29
88.546 -385.524 1701.5
-8.58323 -489.315 2199.93
-28.0188 -912.337 2258.05
8.75501 -86.833 2149.17
-49.3407 -293.218 2272.22
FRAME: 63
-104.343 152.601 2166.38
-105.312 -260.986 2639.62
-150.682 -804.396 2298.92
-134.888 -275.065 2304.27
-78.7201 -500.262 2330.06
-141.514 -791.917 2248.18
-122.844 -97.949 2401.22
-55.0792 -93.8467 2271.58
104.354 -308.798 2050.56
-49.4635 -667.397 2053.41
87.8346 -390.866 1708.05
-10.0547 -496.105 2198.7
-31.1204 -915.193 2247
12.6854 -89.7444 2141.95
-49.7333 -296.015 2267.98
FRAME: 64
-92.0575 158.407 2154.61
-106.055 -260.716 2624.24
-192.775 -781.432 2197.09
-245.831 -382.666 2314.22
-93.4721 -515.792 2314.38
-140.88 -520.22 1869.05
-125.928 -100.718 2366.24
-51.4733 -101.99 2252.16
112.967 -320.321 2052.88
-52.6066 -749.461 2099.51
86.3031 -407.907 1717.15
-15.654 -517.123 2195.15
-47.701 -928.015 2230.85
22.9815 -103.263 2138.08
-53.0182 -309.224 2253.46
FRAME: 65
-87.9263 163.858 2151.02
-107.506 -264.798 2607.35
-90.6579 -831.441 2108.7
-177.742 -513.905 2433.53
-98.4892 -521.508 2303.59
-134.82 -514.901 1874.28
-131.568 -100.077 2351.18
-52.6497 -101.791 2243.91
113.859 -320.13 2055.33
-19.2481 -698.064 2063.54
81.0907 -417.116 1730.64
-15.7395 -523.306 2191.1
-53.9518 -932.156 2219.5
26.2686 -103.505 2136.63
-54.882 -312.099 2245.63
FRAME: 66
-85.8925 168.04 2149.6
-107.229 -259.928 2593.69
-103.39 -835.519 2129.57
-189.393 -517.734 2416.99
-103.227 -517.458 2300.69
-132.857 -552.513 1935.06
-137.418 -94.0486 2340.32
-53.2227 -98.0104 2235.49
112.821 -323.661 2058.46
-14.976 -759.922 2096.66
68.8536 -430.723 1743.09
-15.8924 -521.567 2191.96
-58.1222 -934.428 2209.64
30.9731 -101.972 2130.66
-56.3912 -308.761 2240.91
FRAME: 67
-85.0392 171.847 2150.47
-112.8 -260.094 2580.46
-119.319 -858.814 2131.93
-212.983 -497.877 2365.35
-89.1882 -500.837 2284.02
-128.343 -606.273 1991.37
-140.095 -92.6413 2336.86
-54.4939 -93.5782 2232.28
112.392 -321.421 2059.86
55.5627 -1308.13 2148.23
59.1208 -436.682 1766.87
-14.2152 -501.658 2192.43
-58.1757 -922.071 2206.61
31.1067 -94.515 2127.71
-53.0978 -297.413 2235.25
FRAME: 68
-84.4383 174.897 2151.65
-114.895 -264.035 2572.49
-123.471 -866.462 2124
-211.474 -505.783 2379.61
-91.7752 -487.07 2293.74
-127.045 -645.4 2038.92
-144.202 -71.8588 2346.43
-61.2505 -71.2422 2236.99
108.675 -316.814 2058.45
56.6347 -1299.44 2162.32
44.6162 -446.723 1781.61
-12.6036 -486.481 2189.29
-52.8244 -908.604 2203.49
21.7007 -70.6257 2127.55
-56.72 -279.009 2239.25
FRAME: 69
-80.9833 182.854 2161.92
-119.672 -266.8 2561.98
-131.87 -1165.97 2101.36
-214.08 -511.343 2388.63
-94.4793 -491.859 2294.4
-137.503 -775.923 1982.39
-144.345 -77.654 2343.73
-60.4624 -77.6976 2236.58
108.329 -315.821 2061.57
56.2488 -1306.8 2157.29
32.2061 -460.388 1802.32
-12.6626 -491.902 2189.89
-45.5977 -914.555 2203.02
23.4206 -77.7413 2129.43
-57.0167 -284.789 2239.36
FRAME: 70
-74.7442 191.651 2177.72
-162.51 -287.332 2464.33
-146.576 -953.551 2178.19
-207.123 -506.453 2415.39
-96.4683 -485.065 2310.1
-86.3537 -869.216 2422.69
-139.435 -75.1786 2346.6
-58.605 -78.3137 2236.7
109.455 -318.402 2078.3
49.1138 -1302.34 2156
18.5822 -473.859 1836.54
-10.9335 -488.383 2193.8
-40.2639 -909.41 2205.22
22.2249 -81.4488 2126.79
-56.153 -282.519 2244.32
FRAME: 71
-71.2578 196.247 2188.46
-167.453 -261.362 2475.68
-155.265 -969.746 2180.08
-208.245 -512.817 2415.82
-102.327 -456.246 2327.99
-117.192 -842.446 2452.63
-140.204 -64.6192 2355.22
-58.992 -70.5489 2243.89
112.177 -305.875 2111.01
30.0432 -1203.02 2192.74
7.52668 -476.381 1859.48
-11.8668 -462.851 2203.98
-19.4932 -774.796 2110.23
22.2205 -76.4786 2132.55
-58.0445 -265.049 2254.94
FRAME: 72
-69.8804 204.59 2204.12
-165.119 -272.166 2481.13
-156.344 -1003.38 2224.56
-209.384 -525.744 2417.78
-108.991 -451.564 2338.33
-157.352 -834.308 2462.55
-141.334 -53.331 2394.25
-55.9754 -50.3478 2283.33
112.699 -286.322 2121.98
42.868 -1165.9 2233.57
-11.5037 -472.875 1892.86
-6.0014 -447.965 2204.5
-16.6688 -782.384 2109.23
29.3834 -47.3646 2172.41
-56.7357 -250.056 2277.37
FRAME: 73
-67.7646 210.07 2211.88
-165.125 -266.865 2522.97
-150.174 -1021.64 2277.95
-208.59 -528.471 2410.53
-107.358 -448.806 2341.87
-184.554 -808.915 2469.89
-142.488 -52.0344 2415.8
-54.4712 -44.1702 2300.68
113.772 -276.019 2133.6
43.4678 -1148.72 2261.6
-18.9879 -463.287 1921.98
-2.2187 -439.412 2204.36
9.65974 -783.883 2234.45
33.5451 -36.306 2185.56
-54.6298 -244.14 2286.9
FRAME: 74
-61.7704 219.064 2226.14
-176.416 -267.351 2517.45
-141.645 -1033.41 2308.27
-219.969 -530.829 2397.45
-100.267 -447.77 2344.26
-181.459 -806.83 2496.47
-140.342 -48.5068 2447.84
-49.9608 -34.3714 2323.6
111.349 -259.758 2174.11
8.39826 -1097.31 2290.04
-29.5878 -464.67 1961.76
-1.87674 -432.382 2209.01
5.80406 -791.456 2234.55
40.4203 -20.2361 2199.36
-50.5162 -237.224 2300.12
FRAME: 75
0 0 0
0 0 0
0 0 0
0 0 0
0 0 0
0 0 0
0 0 0
0 0 0
0 0 0
0 0 0
0 0 0
0 0 0
0 0 0
0 0 0
0 0 0
FRAME: 76
-57.2834 232.737 2273.76
-166.07 -238.005 2533.24
-132.612 -991.09 2283.98
-196.281 -499.734 2443.33
-82.3792 -410.387 2463.54
-179.38 -772.563 2619.65
-134.413 -13.8378 2473.78
-46.5934 -21.3144 2358.98
112.072 -268.959 2216.55
-13.2508 -1089.77 2345.92
-45.052 -486.447 2038.86
20.2276 -419.123 2329.4
20.7262 -803.665 2286.32
41.2261 -28.791 2244.17
-38.8346 -218.035 2377.72
FRAME: 77
-51.1029 251.736 2313.09
-176.84 -239.675 2544.67
-58.9393 -860.301 2303.17
-198.921 -503.034 2454.75
-92.277 -405.41 2478.77
-179.193 -780.602 2626.37
-143.007 -2.43486 2507.57
-43.5347 -7.93608 2393.81
125.566 -256.013 2269.61
-193.892 -844.299 2694.52
-36.8572 -470.31 2132.39
14.9682 -411.342 2356.12
6.66698 -787.624 2317.3
55.9373 -13.4373 2280.05
-41.0946 -208.156 2405.63
FRAME: 78
-56.4154 261.113 2358.36
-170.311 -238.421 2567.24
-12.3893 -1182.83 2767.41
-183.19 -509.21 2493.99
-95.1899 -403.653 2509.07
-173.936 -801.093 2626.57
-136.483 0.577148 2534.43
-45.8719 -1.06148 2431.31
115.729 -251.837 2291.12
-130.836 -849.779 2715.54
-58.0245 -459.048 2161.16
18.5416 -405.71 2379.64
-1.56468 -799.764 2363.13
44.7393 -2.7001 2328.19
-42.098 -202.872 2437.83
FRAME: 79
-57.37 281.425 2391.55
-177.067 -243.871 2606.62
-43.5463 -1158.9 2667.84
-249.752 -494.474 2562.82
-108.21 -386.35 2552.18
-164.369 -788.135 2642.14
-157.123 14.0775 2572.78
-52.5336 6.63924 2461.83
119.462 -252.302 2347.36
-17.4697 -1094.25 2422.05
-52.7825 -454.385 2196.54
7.90659 -394.04 2425.97
-7.40613 -785.336 2398.29
52.0559 -0.798965 2350.87
-51.3425 -191.778 2475.45
FRAME: 80
-57.629 285.699 2408.49
-179.89 -232.183 2677.64
-26.2628 -1169.56 2624.94
-272.765 -494.729 2618.91
-109.887 -388.216 2576.09
-147.806 -799.786 2630.19
-158.088 22.7087 2594.28
-57.7041 16.6096 2487.34
116.975 -256.502 2368.77
-45.4838 -1068.03 2459.58
-44.0666 -447.966 2249.19
5.1943 -395.163 2452.84
-6.71778 -816.014 2378.92
42.6799 10.5105 2380.4
-55.0251 -187.54 2500.9
FRAME: 81
-59.4481 298.18 2432.06
-181.248 -224.853 2695.07
-22.5587 -1151.36 2685.98
-270.369 -491.878 2636.01
-113.839 -379.273 2593.25
-151.309 -790.848 2646.21
-161.18 35.0026 2609.54
-59.6604 29.394 2507.18
116.577 -250.57 2390.31
-36.7276 -1088.01 2474.69
-57.2042 -446.263 2269.71
4.17841 -385.977 2474.19
-5.16901 -814.244 2392.2
41.8588 23.7854 2404.83
-57.2453 -176.615 2520.45
FRAME: 82
-61.327 308.829 2453.8
-182.958 -213.101 2718.09
-24.4926 -1124.72 2769.64
-288.946 -494.433 2665.57
-119.589 -365.635 2615.77
-153.827 -773.571 2665.47
-166.68 45.2569 2629.32
-57.9733 38.4561 2529.8
112.85 -241.721 2417.89
-36.6657 -1080.64 2504.89
-49.6526 -431.453 2301.43
6.05408 -373.9 2499.97
-3.63602 -783.036 2449.98
50.7332 31.6553 2430.28
-57.3703 -165.656 2543.84
FRAME: 83
-60.6379 320.113 2474.1
-184.065 -198.89 2742.46
-25.2628 -1128.42 2796.71
-271.268 -478.373 2685.85
-125.018 -356.876 2639.48
-153.393 -763.324 2679.45
-168.752 60.7882 2647.05
-60.9388 53.9199 2549.39
110.906 -231.829 2438.34
-17.8885 -1100.45 2491.42
-38.3057 -419.702 2331.55
6.84971 -365.315 2519.5
1.00987 -780.285 2460.21
46.8742 47.0517 2451.73
-60.0115 -153.588 2564.44
FRAME: 84
-58.8903 334.067 2496.61
-187.341 -185.202 2776.45
-15.9401 -1136.73 2822.59
-289.11 -460.468 2708.66
-122.917 -350.643 2665.5
-142.924 -766.222 2695.72
-170.729 68.115 2664.79
-64.2425 60.4973 2566.61
114.114 -219.107 2466.56
-7.69268 -1095.65 2457.11
-26.1158 -424.36 2349.72
7.02097 -359.93 2545.76
25.9499 -734.834 2496.11
42.2438 52.8797 2468.43
-61.0954 -147.395 2586.12
FRAME: 85
-58.4357 343.323 2502.86
-186.275 -182.357 2772.49
-28.0216 -1117.82 2857.05
-273.979 -453.114 2714.97
-124 -337.891 2667.21
-135.465 -743.486 2724.53
-175.17 70.7008 2678.49
-60.4001 66.1289 2584.8
116.889 -209.246 2491.35
-12.0059 -1087.97 2504.9
-21.146 -418.362 2385.14
13.8987 -343.399 2554.85
18.8451 -732.376 2475.36
54.3695 61.5569 2491.11
-57.7253 -137.258 2597.92
FRAME: 86
-58.4706 353.733 2525.59
-192.351 -168.339 2806.43
-18.3681 -1129.3 2869.61
-268.902 -460.771 2747.91
-117.89 -335.76 2687.6
-127.858 -754.075 2739.16
-175.18 79.2367 2689.39
-62.9784 75.8745 2597.92
119.34 -194.807 2507.9
11.5786 -1115.9 2453.86
-21.1514 -410.055 2400
21.4304 -339.93 2573.85
33.9064 -730.242 2500.81
49.2236 72.5123 2506.45
-55.6041 -130.985 2614.32
FRAME: 87
-58.6763 369.132 2538.29
-198.965 -152.682 2816.79
-31.0576 -1102.53 2888.35
-263.022 -449.939 2757.32
-119.67 -323.543 2693.72
-124.143 -744.141 2740.47
-180.203 87.6074 2699.28
-62.5932 86.4064 2613.12
121.554 -181.135 2531.47
10.5671 -1098.15 2491.07
-13.6179 -397.76 2428
26.6651 -325.056 2586.35
38.6337 -707.441 2511.68
55.0161 85.2054 2526.96
-54.5478 -118.946 2626.58
FRAME: 88
-58.5744 383.737 2553.45
-204.386 -141.41 2814.96
-26.3717 -1084.97 2909.94
-253.381 -454.343 2762.52
-120.42 -309.06 2706.7
-120.417 -730.389 2752.51
-184.836 101.99 2702.87
-62.3558 100.867 2622.3
122.394 -167.186 2560.55
20.609 -1080.25 2519.35
7.13428 -389.459 2444.55
33.2365 -310.506 2605.54
42.7609 -692.862 2528.45
60.1248 99.744 2541.73
-52.9737 -104.458 2639.21
FRAME: 89
-57.1041 389.198 2561.6
-210.387 -134.885 2818.2
-34.8447 -1060.52 2937.07
-276.769 -442.956 2774.16
-124.012 -295.201 2718.69
-120.207 -717.782 2764.94
-188.705 108.079 2704.86
-62.8266 106.937 2630.41
131.257 -159.054 2575.07
43.206 -1088.03 2554.5
12.4663 -395.75 2471.7
38.9917 -296.733 2622.27
47.3551 -674.663 2559.91
63.052 105.795 2555.95
-52.6683 -94.515 2650.44
FRAME: 90
-55.8455 398.286 2571.72
-212.619 -126.037 2822.38
-41.0758 -1071.71 2924.84
-280.236 -427.119 2798.94
-125.923 -285.107 2726.85
-128.12 -707.789 2773.83
-189.356 119.263 2710.56
-60.7916 118.218 2640.43
135.305 -150.056 2591.06
62.185 -1079.82 2655.12
29.639 -391.253 2468.57
42.3484 -286.559 2634.82
54.0263 -675.748 2582.71
67.7728 117.172 2570.3
-51.2894 -83.8075 2660.64
FRAME: 91
-51.1277 407.604 2586.99
-215.554 -119.662 2824.94
-44.0246 -1067.29 2922.33
-271.09 -419.551 2798.97
-124.242 -274.205 2732.95
-127.38 -691.993 2783.68
-190.049 129.577 2716.32
-58.3205 129.686 2652.77
139.322 -141.449 2607.24
72.8804 -1072.39 2740.09
59.7892 -410.13 2498.67
46.0931 -274.089 2650.71
62.4121 -670.778 2617.56
73.4076 129.795 2589.23
-48.6976 -72.2303 2672.3
FRAME: 92
-45.6102 414.186 2595.53
-218.162 -115.69 2825.47
-46.7855 -1065.01 2930.76
-261.736 -416.75 2817.33
-124.278 -266.923 2738.63
-126.604 -686.033 2791.54
-189.985 134.037 2719.35
-55.5904 134.13 2660.92
145.606 -134.189 2630.45
79.6021 -1069.04 2778.85
73.3987 -402.806 2524.01
48.6194 -266.84 2663.45
69.9194 -670.28 2643.29
78.8045 134.224 2602.48
-46.7098 -66.3756 2680.98
FRAME: 93
-39.251 420.345 2606.39
-219.447 -115.345 2822.69
-42.7886 -1069.82 2930.37
-247.329 -403.597 2799.53
-119.165 -265.466 2743.73
-115.214 -690.983 2802.92
-188.605 139.068 2722.42
-52.914 140.124 2667.09
150.225 -124.192 2649.06
81.1064 -1070.84 2806.03
92.015 -412.312 2546.46
53.6715 -264.107 2673.34
81.6492 -675.429 2667.9
82.7771 141.181 2611.77
-42.8303 -62.3314 2687.81
FRAME: 94
-33.0211 423.21 2610.6
-218.896 -110.815 2822.94
-42.5507 -1062.99 2938.83
-258.452 -396.852 2801.87
-120.116 -259.278 2752.5
-115.692 -686.173 2808
-186.901 146.446 2723.73
-49.9168 146.748 2672.11
152.948 -118.708 2661.8
87.66 -1066.88 2853.94
123.344 -409.021 2559.93
57.5867 -258.912 2685.65
92.081 -676.934 2705.05
87.067 147.05 2620.49
-40.5907 -56.1734 2695.59
FRAME: 95
-30.7225 424.77 2613.45
-218.146 -107.625 2822.3
-42.5143 -1065.62 2940.07
-246.419 -386.965 2798.59
-115.885 -259.455 2760.21
-107.756 -687.483 2816.39
-185.759 150.156 2725.7
-46.7594 150.681 2675.98
155.928 -112.134 2676.87
86.7175 -1066.57 2869.62
141.189 -414.337 2598.33
63.0189 -258.796 2696.29
95.7519 -677.39 2723.23
92.2407 151.207 2626.25
-36.5962 -54.222 2702.11
FRAME: 96
-26.0224 429.723 2616.84
-216.854 -103.434 2822.58
-41.0853 -1063.81 2945.16
-248.957 -388.751 2797.47
-117.13 -256.781 2765.16
-107.71 -688.167 2819.25
-184.124 150.693 2725.18
-44.6578 150.596 2676.94
160.127 -113.472 2691
85.5944 -1066.67 2877.5
162.427 -410.993 2612.42
66.6152 -256.853 2701.71
92.3888 -681.226 2735.79
94.808 150.5 2628.7
-34.9575 -53.1104 2705.19
FRAME: 97
-24.0089 430.715 2615.61
-215.758 -104.355 2820.61
-41.9834 -1062.78 2947.04
-244.48 -395.415 2791.41
-112.524 -255.179 2770.92
-99.9652 -686.722 2826.39
-182.903 153.122 2724.14
-41.585 154.393 2679.83
168.755 -102.112 2708.1
89.7935 -1070.21 2892.96
173.776 -410.415 2633.12
75.46 -253.436 2712.07
89.6998 -682.137 2764.04
99.7328 155.665 2635.52
-30.0584 -49.957 2710.66
FRAME: 98
-20.6668 431.806 2621.33
-213.428 -109.095 2818.04
-38.8631 -1059.84 2947.51
-234.295 -398.848 2786.7
-111.611 -254.403 2775.16
-97.2285 -685.249 2829.97
-179.498 154.105 2724.28
-37.3856 155.07 2683.72
171.332 -100.763 2712.45
90.4997 -1055.28 2898.07
187.554 -414.632 2650.76
79.1823 -253.008 2720.84
88.0065 -673.886 2774.63
104.727 156.035 2643.16
-26.8 -49.3176 2715.86
FRAME: 99
-18.6335 431.364 2620.49
-213.165 -107.023 2819.58
-30.9265 -1081.5 2961.4
-220.818 -378.743 2778
-107.444 -256.191 2779.17
-93.9735 -701.585 2850.02
-178.194 152.69 2723.96
-34.8292 154.557 2685.07
180.142 -101.607 2722.66
100.591 -1071.42 2885.83
201.686 -415.761 2679.68
85.612 -253.613 2726.83
92.1249 -680.63 2770.08
108.535 156.424 2646.18
-22.8727 -50.1725 2719.03
FRAME: 100
-13.7556 432.233 2619.97
-210.457 -101.949 2822.77
-31.7548 -1099.07 2965.54
-212.745 -379.708 2776.47
-103.233 -262.185 2785.98
-87.6065 -711.288 2854.64
-176.184 152.685 2725.15
-30.9777 154.293 2686.74
185.787 -100.117 2728.83
122.869 -1072.41 2873.63
219.689 -424.832 2702.28
89.9335 -259.927 2734.94
100.082 -686.07 2765.71
114.228 155.901 2648.33
-18.8136 -53.3815 2723.6
FRAME: 101
-12.029 433.844 2620.79
-207.551 -112.662 2815.61
-28.2686 -1097.06 2965.99
-221.274 -420.997 2781.22
-101.422 -264.387 2788.14
-81.6307 -709.142 2861.95
-175.993 148.231 2724.02
-26.8381 151.465 2691.58
188.417 -110.95 2743.44
106.856 -1061.31 2878.58
225.088 -409.605 2718.91
98.5193 -259.932 2744.73
106.64 -685.372 2765.88
122.317 154.699 2659.15
-14.1446 -55.3471 2729.01
FRAME: 102
-6.81308 434.084 2621.43
-204.457 -117.491 2815.96
-26.9161 -1104.43 2967.47
-216.634 -413.989 2777.65
-96.0183 -265.604 2792.47
-75.1126 -714.832 2867.27
-173.934 145.967 2726.54
-21.9905 149.932 2695.94
193.964 -114.063 2754.08
103.53 -1065.18 2898.44
237.496 -399.803 2734.72
104.511 -260.328 2752.15
114.037 -686.242 2779.69
129.953 153.898 2665.34
-8.87218 -56.5169 2734.13
FRAME: 103
-1.70556 435.48 2622.95
-201.663 -118.948 2813.72
-26.337 -1105.14 2970.34
-217.451 -415.069 2762.72
-95.8935 -266.13 2793.68
-71.867 -712.738 2871.46
-171.468 146.821 2726.08
-18.5055 151.091 2698.79
195.389 -110.274 2764.41
105.553 -1069.68 2904.86
242.088 -412.878 2766.77
109.529 -260.324 2757.08
119.622 -688.791 2790.6
134.457 155.361 2671.49
-5.84396 -56.0679 2737.08
FRAME: 104
1.94303 436.12 2623.39
-201.181 -120.547 2813.89
-26.8731 -1109.8 2973.79
-204.75 -416.647 2765.72
-95.9312 -265.34 2793.37
-72.7495 -711.963 2870.07
-168.667 148.604 2727.48
-15.4551 152.292 2701.74
196.37 -109.588 2769.96
103.935 -1076.97 2923.3
259.441 -402.111 2781.78
110.124 -260.343 2758.79
118.505 -695.313 2809.82
137.757 155.979 2676
-4.17947 -55.2749 2738.91
FRAME: 105
8.13877 438.189 2625.75
-198.842 -121.008 2814.95
-28.2316 -1106.45 2970.87
-199.924 -415.909 2751.55
-94.0204 -265.359 2794.79
-73.8521 -711.977 2868.78
-166.685 149.07 2729.58
-12.8457 152.355 2704.88
196.385 -107.663 2775.76
102.431 -1082.71 2934.25
267.012 -399.523 2804.22
109.801 -260.978 2762.09
116.289 -701.344 2827.08
140.994 155.639 2680.17
-2.47773 -55.407 2741.66
FRAME: 106
10.5963 438.379 2626.89
-195.322 -121.449 2816.1
-28.6276 -1104.13 2971.64
-192.848 -411.538 2738.46
-92.5208 -264.655 2795.06
-73.5413 -711.98 2870.81
-164.006 149.849 2730.97
-9.92404 152.418 2707.24
196.96 -105.477 2782.43
104.834 -1086.5 2940.45
262.013 -390.873 2809.3
108.945 -261.27 2764.02
115.895 -702.846 2836.05
144.158 154.986 2683.52
-0.856 -55.2725 2743.39
FRAME: 107
14.9854 439.293 2630.43
-190.937 -120.457 2815.81
-29.3009 -1105.35 2971.9
-191.313 -417.962 2740.47
-88.7249 -264.393 2796.02
-72.5419 -710.216 2869.2
-161.122 150.457 2732.36
-6.98239 152.724 2709.1
197.697 -103.318 2785.72
106.426 -1087.97 2947.81
269.702 -396.653 2826
108.907 -261.456 2766.2
117.979 -705.939 2841.2
147.157 154.991 2685.85
1.55441 -55.1003 2745.11
FRAME: 108
17.7391 440.705 2635.07
-188.311 -121.759 2817.17
-29.1314 -1101.06 2969.57
-193.986 -419.395 2744.74
-88.6955 -264.4 2796.46
-72.8917 -707.569 2867.28
-159.068 151.665 2732.72
-5.84602 153.825 2710.75
198.276 -101.838 2789.73
102.676 -1085.34 2950.64
269.207 -388.465 2822.75
109.329 -261.582 2768.07
119.463 -705.785 2841.68
147.376 155.986 2688.77
2.23537 -54.5829 2746.51
FRAME: 109
19.407 440.777 2636.21
-187.863 -116.664 2818.75
-29.1769 -1107.88 2974.8
-193.581 -413.611 2728.79
-88.1876 -264.267 2796.18
-72.0007 -710.314 2869.7
-158.673 152.923 2733.1
-4.55088 155.246 2712.51
198.173 -98.4644 2795.03
102.635 -1089.27 2951.57
267.252 -390.044 2837.03
110.586 -261.255 2769.64
119.512 -707.946 2844.81
149.572 157.568 2691.92
3.32413 -53.7575 2747.71
FRAME: 110
20.5453 441.68 2638.4
-187.568 -116.432 2818.6
-29.7724 -1109.28 2976.28
-194.345 -411.32 2742.23
-87.4677 -264.275 2796.4
-71.7668 -708.678 2868.67
-156.585 153.471 2734.06
-2.7314 155.402 2713.99
197.955 -95.3459 2800.51
102.979 -1090.45 2952.48
262.984 -382.531 2839.1
110.741 -261.775 2770.54
119.439 -708.678 2846.1
151.123 157.332 2693.93
4.45274 -53.8119 2748.73
FRAME: 111
22.1345 441.322 2641.93
-185.636 -115.875 2818.75
-28.6042 -1111.47 2979.42
-204.518 -414.243 2765.07
-85.9204 -263.025 2795.54
-70.9849 -707.771 2869.13
-154.191 154.728 2735.46
-1.30378 156.531 2716.06
199.187 -95.9132 2801.63
101.915 -1092.79 2953.64
259.133 -388.549 2846.15
110.262 -260.705 2770.64
120.126 -708.552 2846.23
151.583 158.333 2696.65
5.43362 -52.6672 2749.57
FRAME: 112
23.5155 442.541 2644.68
-183.53 -115.447 2818.43
-29.486 -1113.19 2981.4
-204.472 -408.766 2756.79
-82.1957 -262.766 2797.12
-70.0797 -708.902 2870.74
-152.369 154.675 2736.55
0.184386 157.085 2717.37
200.336 -95.5165 2804.28
102.1 -1090.04 2953.47
261.237 -372.647 2838.26
112.88 -259.68 2772.66
120.162 -707.443 2846.18
152.737 159.495 2698.19
7.76318 -52.0688 2751.13
FRAME: 113
24.6508 443.639 2647.88
-183.469 -114.771 2818.26
-29.9824 -1113.87 2986.18
-205.185 -413.811 2771.16
-82.1625 -262.374 2797.6
-69.6269 -708.855 2873.37
-151.398 155.026 2736.76
1.16198 157.819 2718.98
201.633 -94.8746 2807.96
101.703 -1090.19 2953.28
263.967 -381.427 2844.57
115.525 -258.733 2774.6
120.597 -707.335 2846.56
153.722 160.613 2701.2
8.92154 -51.3671 2752.54
FRAME: 114
25.5327 444.223 2650.58
-182.917 -114.186 2818.96
-30.4553 -1113.63 2987.54
-207.216 -415.318 2771.13
-80.2637 -262.361 2798.71
-69.2377 -708.613 2874.92
-148.802 155.713 2738.83
2.83729 158.504 2721.02
202.976 -94.8412 2810.02
101.44 -1090.86 2953.28
259.88 -390.648 2837.25
116.959 -258.71 2775.55
120.556 -706.714 2847.4
154.477 161.296 2703.21
10.5925 -51.0156 2754.07
FRAME: 115
25.7728 444.771 2652.17
-181.604 -113.187 2819.9
-30.3325 -1113.94 2987.22
-202.508 -416.635 2770.83
-79.623 -261.859 2799.76
-68.6957 -708.025 2874.91
-146.991 156.292 2741.05
4.19179 159.076 2723.3
204.787 -95.8765 2812.5
101.046 -1090.97 2953.13
261.927 -391.021 2834.75
118.725 -258.188 2776.48
120.859 -706.586 2848.56
155.374 161.86 2705.56
11.8714 -50.4737 2755.71
FRAME: 116
26.245 444.935 2653.45
-180.078 -113.434 2821.37
-30.2683 -1114.74 2987.43
-199.687 -417.099 2783.24
-76.8783 -262.612 2801.12
-68.0026 -710.173 2876.45
-145.61 156.452 2743.74
5.36385 159.416 2725.39
203.793 -95.698 2812.8
99.6976 -1091.86 2954.16
243.989 -380.501 2811.62
119.661 -258.74 2777.22
120.796 -706.967 2849.56
156.337 162.381 2707.03
13.3776 -50.6295 2757.28
FRAME: 117
26.9319 444.852 2655.47
-179.108 -114.453 2821.83
-30.427 -1113 2984.38
-195.216 -413.626 2778.86
-74.1813 -263.736 2803.64
-67.2906 -709.098 2876.44
-143.868 156.475 2746.07
6.85839 159.913 2727.74
205.715 -95.9793 2814.55
100.378 -1092.54 2952.52
252.044 -387.569 2802.55
122.738 -259.235 2779.71
122.078 -706.586 2847.77
157.585 163.35 2709.41
15.5683 -50.7863 2759.71
FRAME: 118
27.1995 444.541 2658.33
-179.03 -113.981 2822.87
-29.5756 -1108.05 2981.15
-195.725 -409.224 2772.97
-73.2683 -264.112 2805.91
-66.723 -708.047 2876.73
-142.876 157.722 2747.85
7.65984 161.289 2729.68
206.455 -93.6289 2816.95
99.1362 -1086.12 2950.68
244.998 -392.943 2785.65
124.166 -259.432 2782.09
125.658 -704.197 2842.68
158.196 164.855 2711.51
16.5545 -50.2417 2761.84
FRAME: 119
27.241 444.611 2659.5
-177.564 -112.193 2823.77
-29.6073 -1110.77 2984.38
-196.671 -407.279 2777.19
-73.4969 -262.731 2806.53
-66.0051 -706.434 2877.8
-141.91 159.926 2748.72
8.395 163.52 2731.11
203.09 -87.2601 2812.24
102.44 -1081.51 2945.83
245.636 -384.363 2807.91
125.496 -257.976 2783.21
131.869 -695.202 2830.77
158.7 167.115 2713.5
17.1974 -48.4166 2762.99
FRAME: 120
27.0149 444.65 2662.98
-177.014 -113.538 2828.27
-29.2204 -1109.06 2985.12
-196.945 -414.113 2792.87
-72.7679 -261.661 2809.02
-66.1145 -704.15 2877.52
-141.233 159.917 2751.28
8.76604 163.31 2732.69
204.899 -91.7377 2814.14
103.173 -1079.27 2942.92
244.346 -381.236 2787.72
125.366 -257.176 2784.47
134.858 -693.247 2823.02
158.765 166.702 2714.09
17.5326 -48.0542 2764.72
FRAME: 121
27.2381 444.659 2665.8
-177.027 -113.724 2832.07
-29.1143 -1109.4 2985.58
-194.988 -414.078 2790.31
-72.4931 -261.546 2812.85
-65.6776 -704.116 2877.33
-140.602 160.519 2754.71
9.15177 163.596 2734.37
207.624 -94.1157 2815.14
101.901 -1079.05 2940.66
245.019 -376.318 2781.7
125.927 -257.461 2785.9
134.676 -692.193 2819.29
158.905 166.673 2714.02
17.9345 -47.9538 2766.87
FRAME: 122
27.2277 445.001 2667.13
-177.137 -112.57 2833.92
-29.3854 -1105.46 2984.51
-197.27 -406.506 2792.52
-73.3718 -259.44 2816.25
-65.5231 -702.487 2876.37
-140.235 162.417 2757.69
9.63267 164.885 2736.16
207.729 -93.4179 2813.96
103.088 -1077.47 2935.33
224.881 -384.789 2770.14
125.515 -256.16 2787.66
131.288 -688.388 2814.41
159.5 167.353 2714.63
17.8522 -46.4574 2769.05
FRAME: 123
26.7368 445.717 2667.88
-178.142 -112.743 2837.66
-29.4279 -1106.23 2985.16
-196.934 -405.163 2785.24
-74.5296 -257.419 2817.65
-66.0737 -700.751 2876.14
-140.342 163.353 2760.02
9.62138 165.292 2737.65
207.246 -87.8239 2814.64
100.728 -1075.16 2935.65
218.17 -385.959 2755.8
124.191 -254.848 2787.98
122.913 -677.201 2820.64
159.585 167.232 2715.27
17.2262 -45.4206 2770.23
FRAME: 124
26.609 446.248 2670.67
-174.295 -109.802 2851.33
-29.4116 -1102.35 2984.39
-197.538 -409.479 2790.58
-75.4105 -254.191 2820.3
-66.632 -698.222 2875.62
-140.841 165.182 2764.65
9.1206 166.295 2741.17
208.708 -90.5043 2815.25
100.816 -1078.75 2935.98
196.309 -384.697 2735.44
119.947 -252.704 2789.7
113.776 -681.494 2824.94
159.082 167.409 2717.69
15.6944 -43.5761 2773.09
FRAME: 125
25.9231 446.999 2674.23
-174.66 -107.777 2860.88
-29.3232 -1101.81 2984.32
-199.18 -407.245 2789.64
-77.1861 -252.041 2824.47
-67.0559 -697.331 2874.85
-142.527 166.083 2770.12
7.93621 166.295 2744.58
210.419 -95.5961 2813.71
99.8986 -1079.32 2937.8
182.914 -383.604 2712.81
115.786 -251.739 2791.68
110.552 -679.352 2829.09
158.399 166.506 2719.04
13.6182 -42.7977 2776.33
FRAME: 126
24.8718 447.207 2676.95
-175.158 -107.362 2860.71
-29.934 -1097.51 2983.38
-202.421 -404.931 2778.41
-76.837 -252.942 2826.82
-68.4074 -696.228 2873.16
-144.079 166.383 2775.82
6.71321 166.272 2748
211.373 -104.337 2807.79
100.065 -1080.48 2940.7
149.687 -392.039 2707.24
112.336 -253.034 2791.92
111.65 -680.168 2833.48
157.506 166.161 2720.19
12.2312 -43.3579 2778.69
FRAME: 127
22.9901 447.255 2680.85
-176.041 -106.391 2862.19
-29.6799 -1095.92 2981.7
-208.158 -402.851 2778.66
-78.91 -252.053 2829.65
-70.3305 -693.788 2869.52
-145.32 167.412 2779.71
5.49172 165.856 2750.31
208.169 -110.492 2799.68
100.694 -1082.09 2946.69
130.544 -390.889 2692.87
105.273 -253.934 2793.73
112.112 -680.348 2838.23
156.303 164.3 2720.9
9.33664 -43.5686 2781
FRAME: 128
20.1264 447.88 2685.83
-175.934 -104.651 2869.35
-30.6678 -1095.25 2980.31
-211.006 -405.103 2769
-80.8681 -251.145 2831.59
-72.6001 -691.468 2866.91
-147.268 167.413 2784.56
2.98669 165.991 2753.26
203.202 -107.573 2787.66
102.646 -1085.76 2951.14
96.4641 -389.647 2683.57
103.59 -252.869 2793.15
113.78 -681.247 2838.39
153.242 164.569 2721.95
7.17379 -43.0081 2782.81
FRAME: 129
18.032 448.75 2688.37
-175.835 -104.353 2871.5
-30.8295 -1094.94 2979.61
-230.52 -391.764 2767.12
-81.7112 -250.762 2831.6
-73.3495 -692.669 2867.37
-148.921 167.102 2787.92
0.578196 166.142 2755.57
202.148 -105.914 2780.81
102.861 -1088.75 2952.59
74.0446 -371.782 2688.83
101.857 -251.94 2791.89
113.045 -682.99 2839.78
150.077 165.183 2723.22
5.32554 -42.6045 2783.66
FRAME: 130
13.8373 449.593 2692.63
-175.922 -104.798 2872.21
-31.4893 -1097.85 2980.32
-258.946 -381.85 2762.75
-82.05 -251.983 2831.49
-75.4678 -695.963 2866.87
-150.985 166.682 2790.77
-2.57724 166.36 2757.32
196.805 -104.628 2770.88
102.644 -1091.9 2955.37
33.0235 -363.608 2669.84
99.3322 -252.356 2790.64
113.708 -687.237 2838.78
145.831 166.037 2723.88
3.03193 -42.9048 2784.19
FRAME: 131
7.95276 450.005 2698.37
-177.049 -104.383 2874.64
-31.6485 -1110.89 2981.63
-318.79 -341.857 2742.53
-85.9602 -254.821 2833.33
-83.4587 -711.927 2869.23
-153.078 167.056 2793.87
-9.16854 167.402 2757.54
191.923 -95.6125 2758
98.398 -1101.1 2950.19
-14.6275 -312.146 2684.18
96.3599 -254.362 2787.34
109.983 -695.604 2834.23
134.741 167.748 2721.21
-1.98434 -43.5949 2783.94
FRAME: 132
-6.40598 447.619 2707.52
-193.463 -117.222 2888.01
-29.9322 -1116.79 2983.08
-471.207 -407.295 2628.8
-90.4032 -261.202 2836.73
-91.2494 -724.98 2870.79
-158.812 167.022 2797.59
-20.3535 168.123 2754.88
171.596 -92.1674 2725.55
90.9177 -1106.78 2936.49
-94.1195 -262.348 2659.11
89.8491 -259.783 2781.18
97.4665 -710.99 2812.09
118.104 169.224 2712.17
-10.3153 -46.1849 2781.92
FRAME: 133
-15.955 447.054 2711.6
-203.622 -123.433 2897.3
-29.0115 -1121.37 2981.19
-463.55 -360.141 2632.57
-94.3268 -266.773 2835.18
-98.4308 -734.769 2869.68
-164.613 168.882 2811.06
-28.88 170.659 2757.89
159.868 -86.428 2708.83
87.6654 -1105.94 2923.3
-111.187 -230.426 2639.56
81.4198 -264.482 2766.26
90.2729 -717.227 2796.3
106.853 172.435 2704.72
-17.6667 -47.4846 2779.3
FRAME: 134
-26.1121 443.395 2713.6
-211.421 -123.555 2903.06
-24.505 -1123.02 2981.58
-518.413 -274.781 2639.44
-100.694 -272.139 2835.84
-107.931 -742.104 2872.29
-167.595 169.032 2818.22
-35.19 170.55 2759.25
142.765 -89.6955 2702.41
83.9263 -1106.48 2917.43
-137.621 -202.547 2634.74
73.8853 -270.148 2758.07
86.2191 -722.013 2786.39
97.2153 172.069 2700.29
-24.2972 -50.2966 2778.1
FRAME: 135
-31.373 443.479 2713.98
-216.207 -116.782 2912.85
-23.4034 -1112.01 2975.18
-504.554 -208.619 2672.33
-104.457 -268.777 2840.67
-107.377 -738.763 2871.23
-169.35 172.197 2830.41
-42.0148 173.436 2763.24
128.767 -83.3083 2697.49
80.9318 -1097.38 2911.91
-169.25 -174.278 2627.43
63.6764 -267.172 2751.8
80.844 -716.919 2775.93
85.3201 174.675 2696.07
-31.2025 -47.2691 2779.74
FRAME: 136
-36.8742 442.846 2713.6
-213.931 -113.658 2919.17
-25.4459 -1098.89 2962.97
-508.134 -151.874 2695.82
-105.917 -262.001 2845.24
-110.104 -727.567 2864.3
-171.125 172.235 2839.43
-45.4486 173.352 2766.26
112.388 -80.1976 2685.86
81.4846 -1077.5 2899.54
-195.535 -146.039 2609.42
58.8691 -260.607 2749.02
78.5156 -703.185 2760.48
80.2283 174.468 2693.08
-34.4863 -43.9764 2781.69
FRAME: 137
-41.6947 442.805 2712.54
-215.545 -109.076 2923.45
-24.2831 -1094.3 2958.51
-501.59 -106.225 2723.28
-105.349 -259.963 2845.24
-112.459 -725.196 2864.24
-172.282 173.218 2844.43
-48.8288 174.517 2766.71
93.827 -83.5196 2668.75
79.3384 -1070.81 2878.27
-231.889 -98.3104 2614.23
53.0019 -258.346 2745.17
69.321 -698.673 2747.91
74.6242 175.816 2688.99
-37.5011 -42.3188 2780.96
FRAME: 138
-43.8988 443.073 2711.65
-238.897 -98.2728 2921.7
-22.7433 -1095.15 2960.19
-487.814 -61.1053 2757.37
-106.655 -258.205 2846.24
-116.015 -721.454 2867.2
-173.628 172.384 2852.97
-54.3527 174.521 2768.55
81.7529 -78.0197 2664.1
75.1496 -1072.09 2860.28
-250.658 -54.7071 2605.47
46.5026 -255.455 2737.81
61.5583 -694.093 2727.57
64.9223 176.657 2684.14
-42.2145 -41.1545 2780.29
FRAME: 139
-49.8608 444.445 2711.78
-265.504 -86.3687 2927.51
-25.4116 -1097.81 2964.31
-460.407 -5.08831 2743.22
-106.04 -259.187 2845.78
-115.488 -720.411 2868.04
-175.067 175.489 2856.05
-59.0675 178.074 2768.12
47.6406 -75.3466 2654.36
72.4988 -1086.11 2835.26
-318.366 -5.60406 2649.64
40.7421 -255.906 2734.39
49.5663 -691.669 2700.55
56.9321 180.66 2680.18
-45.8583 -39.736 2779.1
FRAME: 140
-53.2418 445.492 2710.07
-272.423 -78.6138 2931.65
-26.0177 -1097.28 2962.88
-481.652 16.3815 2799.93
-106.841 -258.338 2842.96
-117.547 -718.978 2867.14
-173.915 175.444 2861.53
-62.8455 178.482 2767.52
-44.6618 -58.5283 2632.44
69.2139 -1087.58 2809.36
-355.298 23.5808 2681.9
32.7057 -254.502 2724.79
38.6606 -686.392 2678.99
48.2238 181.52 2673.52
-49.9565 -38.9693 2775.7
FRAME: 141
-58.0898 445.954 2705.11
-277.299 -60.0882 2932.21
-29.1988 -1088.1 2973.7
-467.876 60.2287 2796.02
-104.338 -256 2841.37
-119.354 -712.102 2866.97
-172.863 175.774 2861.23
-71.0471 178.674 2758.09
-34.8478 -53.9052 2616.29
65.4497 -1085.77 2771.34
-344.322 84.606 2670.71
24.0069 -252.379 2711.38
27.3951 -681.55 2646.94
30.769 181.573 2654.95
-55.6064 -37.7578 2767.23
FRAME: 142
-67.4408 447.521 2699.03
-274.952 -46.2623 2938.35
-33.441 -1079.22 2973.13
-462.5 79.3956 2818.25
-105.832 -252.282 2839.05
-128.172 -698.183 2863.22
-170.656 178.801 2861.31
-74.6629 180.948 2752.98
-36.2978 -54.658 2607.28
62.3971 -1085.19 2742.84
-341.46 92.7847 2661.36
15.5698 -249.586 2702.05
18.3497 -674.97 2617.44
21.3306 183.095 2644.64
-59.8969 -34.9931 2761.76
FRAME: 143
-73.7066 446.977 2691.04
-267.192 -33.5056 2943.19
-36.0796 -1074.41 2968.68
-434.855 87.2449 2804.06
-105.083 -250.203 2835.47
-130.739 -694.559 2861.6
-169.08 180.219 2859.34
-78.9875 182.492 2745.72
-59.3443 -52.333 2602.93
44.5407 -1076.6 2667.2
-336.144 116.22 2648.15
10.7604 -247.295 2689.16
8.31489 -669.036 2588.37
11.1053 184.766 2632.1
-63.0744 -33.1282 2754.02
FRAME: 144
-79.9218 446.33 2680.81
-270.024 -23.2188 2940.81
-37.9931 -1064.94 2971.41
-429.068 100.178 2793.75
-104.494 -246.089 2831.85
-134.913 -686.771 2857.93
-164.342 185.103 2851.48
-80.6553 185.947 2735.48
-74.445 -60.9047 2587.78
37.6255 -1074.95 2635.18
-331.682 125.005 2636.22
6.35721 -244.993 2677.96
3.43597 -660.913 2562.35
3.0312 186.79 2619.48
-64.8618 -29.7971 2745.19
FRAME: 145
-85.0636 445.826 2671.77
-269.875 -17.1911 2933.89
-41.4367 -1062.86 2970.46
-381.858 97.6737 2723.44
-105.241 -241.005 2824.06
-137.913 -679.582 2849.96
-162.106 187.479 2841.98
-82.7684 188.135 2725.13
-74.5177 -65.4559 2570.37
31.516 -1074.86 2596.75
-333.483 133.452 2630.06
3.25256 -240.069 2663.99
1.79551 -655.092 2545.28
-3.43097 188.791 2608.27
-66.8813 -26.201 2734.58
FRAME: 146
-89.397 445.226 2661.86
-288.922 -5.40934 2907.68
-43.7972 -1061.59 2970.25
-350.537 125.431 2633.65
-107.689 -238.457 2815.6
-138.975 -677.085 2845.01
-160.847 189.477 2829.82
-84.6437 188.696 2713.09
-88.1281 -59.4914 2554.69
21.9929 -1067.14 2569.42
-331.004 132.625 2632.06
-2.66893 -239.524 2654.25
-4.23879 -647.769 2525.86
-8.44022 187.915 2596.37
-69.9114 -25.1472 2724.01
FRAME: 147
-94.4125 442.088 2650.77
-294.533 -5.58671 2877.63
-39.601 -1060.59 2973.55
-343.795 118.277 2599.2
-114.439 -239.197 2797.11
-139.087 -678.087 2843.51
-164.119 187.764 2813.7
-86.1572 187.376 2701.38
-108.36 -47.1863 2547.46
18.0699 -1064.82 2559.24
-341.757 128.002 2656
-7.92181 -239.713 2643.23
-11.8952 -643.495 2506.75
-8.19556 186.989 2589.05
-73.6689 -26.0393 2710.77
FRAME: 148
-98.2106 439.991 2641.08
-312.12 3.64162 2846.28
-39.5084 -1062.55 2968.15
-327.037 91.7993 2569.11
-116.644 -242.386 2789.26
-142.845 -678.649 2838.06
-163.616 182.732 2803.32
-89.2497 181.264 2689.28
-106.087 -59.9528 2520.08
12.4852 -1059.33 2529.49
-341.738 129.325 2615.38
-13.9258 -244.484 2631.73
-15.3332 -640.558 2494.57
-14.8833 179.795 2575.24
-77.2672 -31.0857 2699.89
FRAME: 149
-102.69 436.14 2630.74
-320.031 -1.98368 2834.51
-39.3104 -1070.64 2965.91
-321.75 69.236 2547.41
-121.631 -249.141 2773.33
-146.617 -681.367 2833.26
-165.291 174.948 2790.08
-91.0062 174.565 2677.4
-101.71 -56.6171 2531.98
10.9662 -1054.43 2524.22
-337.51 115.048 2622.06
-16.2916 -249.714 2613.68
-18.4793 -637.198 2478.39
-16.722 174.182 2564.72
-79.9839 -37.4313 2685.45
FRAME: 150
-108.057 430.938 2616.31
-321.784 -6.79553 2822.85
-40.1661 -1071.18 2963.53
-327.264 60.2965 2531.39
-122.449 -252.991 2766.54
-148.358 -685.773 2828.34
-164.767 170.091 2779.1
-91.1337 167.342 2664.3
-104.978 -58.8588 2517.59
6.78148 -1049.85 2514.17
-345.227 129.628 2603.25
-20.3891 -256.773 2607.43
-23.2075 -637.777 2462.54
-17.5008 164.593 2549.5
-81.2763 -43.7701 2675.64
FRAME: 151
-115.304 422.667 2590.58
-321.094 -26.4515 2800.07
-37.754 -1074.61 2963.73
-328.074 26.3731 2508.7
-126.014 -260.681 2751.93
-154.533 -692.987 2822.02
-167.67 161.48 2761.44
-93.2266 156.719 2645.54
-101.29 -83.4157 2498.88
0.985709 -1052.3 2500.02
-339.555 92.6573 2558.38
-26.1217 -267.046 2596.13
-30.8498 -642.556 2443.45
-18.783 151.957 2529.63
-84.6473 -53.5725 2659.78
FRAME: 152
-119.988 412.8 2568.81
-306.384 -41.8021 2759.85
-36.8201 -1081.11 2960.94
-275.955 -56.571 2439.46
-131.111 -274.211 2734.17
-159.616 -712.476 2803.2
-167.006 151.415 2747.36
-93.3636 147.309 2628.78
-95.4031 -105.365 2476.54
-1.39257 -1053.72 2487.26
-352.563 72.0463 2502.2
-29.2266 -279.847 2569.92
-36.0613 -656.604 2425.14
-19.7209 143.203 2510.2
-86.7663 -64.86 2640.41
FRAME: 153
-123.514 402.085 2551.3
-302.528 -67.0214 2684.21
-36.7964 -1087.91 2952.92
-238.481 -110.886 2395.91
-133.905 -286.174 2717.34
-164.415 -724.227 2782.48
-168.289 137.293 2729.37
-95.7558 132.549 2609.89
-85.4269 -127.575 2461.77
-4.33512 -1054.99 2478.53
-338.95 27.1564 2470.37
-32.8706 -292.784 2551.64
-40.3785 -669.923 2406
-23.2231 127.805 2490.41
-89.5719 -78.4651 2622.19
FRAME: 154
-127.787 387.646 2531.93
-318.873 -86.5581 2655.42
-37.4388 -1092.71 2947.33
-241.752 -144.672 2362.14
-134.216 -301.863 2701.88
-171.093 -738.075 2766.8
-168.433 121.984 2711.98
-96.5841 116.244 2589.93
-94.7803 -157.697 2427.07
-8.23709 -1055.91 2464.67
-356.643 -8.69663 2422.4
-33.9851 -309.731 2532.7
-44.7503 -685.992 2384.26
-24.7353 110.504 2467.89
-90.3423 -94.7767 2603.61
FRAME: 155
-129.266 367.501 2512.26
-316.935 -103.015 2664.73
-39.722 -1090.9 2936.3
-275.038 -160.828 2337.45
-132.104 -311.633 2689.72
-179.079 -743.841 2747.05
-169.805 107.998 2697.22
-99.5879 99.1615 2569.45
-93.4952 -184.302 2378.4
-13.2053 -1062.67 2450.23
-364.336 -42.0668 2391.26
-38.9276 -323.507 2521.28
-50.6597 -696.933 2369
-29.3705 90.3249 2441.68
-92.5518 -109.204 2587.47
FRAME: 156
-130.206 351.201 2493.92
-322.545 -125.06 2654.55
-40.219 -1096.28 2921.23
-308.445 -173.628 2320.09
-128.026 -325.344 2668.64
-185.943 -753.758 2728.54
-169.12 91.6294 2682.46
-101.164 83.0149 2552.41
-89.2788 -205.304 2345.63
-19.7759 -1078.77 2434.33
-379.865 -69.1546 2350.75
-43.1424 -336.151 2507.34
-58.1121 -716.546 2353.64
-33.2091 74.4004 2422.37
-93.3742 -123.866 2570.2
FRAME: 157
-132.355 333.965 2466.43
-309.519 -154.51 2668.24
-46.8652 -1093.79 2911.1
-339.308 -191.995 2323.55
-135.135 -343.317 2653.62
-196.036 -778.416 2708.98
-169.709 79.4307 2664.72
-98.7854 70.3608 2536.98
-82.3249 -218.934 2323.45
-19.5063 -1093.77 2423.4
-365.771 -142.701 2287.78
-43.3408 -355.178 2490.55
-65.3875 -742.914 2331.38
-27.8622 61.291 2409.23
-94.0116 -139.443 2554.53
FRAME: 158
-137.957 312.586 2441.29
-280.818 -168.943 2683.31
-54.0688 -1101.03 2897.67
-369.198 -207.605 2366.24
-138 -353.524 2636.05
-200.153 -791.734 2691.48
-172.834 65.4143 2645.5
-99.6157 56.8493 2516.74
-69.5201 -228.438 2310.32
-21.1066 -1104.18 2420.47
-343.382 -197.349 2221.79
-41.6732 -364.993 2468.09
-70.5769 -755.194 2309.61
-26.3972 48.2843 2387.98
-94.7262 -151.205 2534.4
FRAME: 159
-143.822 291.374 2408.14
-274.419 -176.813 2677.49
-53.8363 -1116.41 2888.44
-402.771 -225.778 2446.42
-139.056 -361.859 2612.04
-198.483 -804.985 2672.04
-176.776 50.7932 2620.53
-104.74 41.1034 2487.78
-40.3629 -230.383 2281.16
-23.055 -1127.98 2430.98
-305.797 -254.058 2148.39
-45.2343 -375.148 2439.92
-93.8319 -772.066 2274.08
-32.7042 31.4136 2355.04
-98.4426 -163.7 2506.88
FRAME: 160
-149.228 258.745 2356.14
-239.63 -173.844 2673.83
-64.7092 -1121.87 2860.45
-464.875 -238.232 2579.85
-149.441 -380.788 2557.87
-206.373 -811.232 2622.7
-191.64 12.5474 2516.82
-115.971 1.72607 2417.33
-28.8418 -265.605 2244.86
-29.0029 -1149.18 2445.91
-256.027 -366.802 2004.53
-32.6956 -398.379 2401.2
-102.124 -798.975 2253.75
-40.3026 -9.09524 2317.83
-103.52 -193.929 2448.43
FRAME: 161
-151.452 238.575 2322.72
-230.421 -187.587 2663.62
-70.5175 -1125.06 2820.21
-443.507 -274.568 2562.25
-139.125 -391.075 2521.81
-196.816 -814.394 2595.18
-191.918 -5.10752 2494.6
-117.105 -16.0407 2383.78
-8.89822 -276.571 2207.81
-34.5397 -1181.13 2444.55
-192.535 -400.463 1941.07
-32.4147 -408.421 2360.59
-107.227 -820.703 2248.15
-42.2921 -26.9739 2272.96
-101.438 -207.895 2412.49
FRAME: 162
-158.428 216.539 2291.45
-217.13 -190.523 2657.76
-68.9823 -1138.44 2799.44
-432.46 -284.879 2545.35
-134.844 -400.257 2505.21
-188.691 -814.501 2551.99
-190.308 -15.1312 2475.86
-119.511 -27.7888 2358.13
7.90547 -281.171 2176.21
-42.1834 -1192.63 2453.64
-148.634 -435.285 1891.67
-33.8037 -420.83 2333.44
-97.4036 -838.797 2250.16
-48.7141 -40.4464 2240.41
-101.917 -219.166 2388.73
FRAME: 163
-160.778 202.05 2266.07
-210.49 -193.537 2650.53
-72.2059 -1159.17 2772.15
-422.19 -305.133 2486.84
-136.795 -408.051 2496.61
-182.588 -826.541 2533.52
-185.383 -21.765 2462.83
-122.623 -37.0825 2335.18
14.0717 -285.873 2152.97
-38.8459 -1212.25 2444.41
-102.38 -462.786 1835.64
-40.6938 -434.03 2297.7
-75.3979 -854.096 2239.85
-59.8623 -52.4 2207.52
-105.684 -229.062 2366.17
FRAME: 164
-161.221 186.616 2239.69
-206.636 -198.667 2640.22
-77.1961 -1179.32 2734.68
-419.103 -319.116 2464.8
-141.788 -422.072 2471.42
-189.377 -848.41 2492.25
-185.619 -36.0218 2441.9
-124.461 -51.567 2310.97
18.3167 -294.726 2121.45
-35.701 -1221.04 2430.42
-83.3456 -482.363 1791.08
-47.4994 -450.07 2264.51
-62.4294 -871.14 2204.04
-63.3031 -67.1122 2180.03
-109.552 -243.819 2339.47
FRAME: 165
-160.476 173.222 2214.13
-204.654 -205.468 2629.33
-77.5578 -1202.24 2701.46
-419.51 -329.227 2431.73
-147.963 -439.842 2445.45
-182.935 -866.759 2477.42
-186.408 -48.8904 2423.04
-124.626 -63.3895 2291.93
16.1387 -301.636 2095.58
-33.1022 -1237.53 2409.4
-49.1222 -490.941 1766.24
-53.791 -466.161 2240.8
-63.5982 -886.264 2185.43
-62.8446 -77.8885 2160.82
-112.752 -258.196 2317.53
FRAME: 166
-160.667 163.658 2192.19
-200.328 -209.776 2614.6
-78.6565 -1226.71 2669.19
-420.701 -337.924 2420.94
-143.3 -455.527 2402.06
-184.174 -880.578 2466.79
-184.12 -61.9953 2384.36
-123.374 -77.2039 2263.91
10.6101 -315.911 2071.1
-30.7408 -1262.19 2393.58
-35.5156 -496.434 1740.22
-58.0581 -477.782 2231.38
-68.9981 -902.061 2164.49
-62.6287 -92.4126 2143.46
-112.027 -271.929 2290.31
FRAME: 167
-160.304 156.806 2174.76
-197.023 -217.252 2601.15
-78.3967 -1239.1 2641.8
-423.27 -338.44 2387.84
-143.992 -463.03 2388.43
-184.277 -885.334 2468.08
-184.552 -68.8081 2360.37
-123.931 -86.0608 2242.48
12.4867 -327.123 2053.54
-29.1085 -1278.3 2382.73
-30.2882 -496.421 1713.02
-57.2121 -488.503 2217.98
-72.524 -913.663 2158.88
-63.3098 -103.314 2124.59
-112.266 -280.914 2272.84
FRAME: 168
-160.116 151.628 2160.88
-195.601 -222.625 2586.58
-79.8018 -1240.86 2610.8
-424.453 -334.776 2364.16
-144.941 -465.637 2378
-178.774 -897.86 2415.73
-185.479 -74.4444 2341.53
-124.486 -93.6994 2224.64
15.9724 -334.477 2041.12
-30.9711 -1284.63 2366.56
-18.6808 -499.098 1703.52
-57.4149 -494.647 2208.26
-75.6046 -924.43 2160.81
-63.493 -112.954 2107.75
-112.832 -286.921 2258.88
FRAME: 169
-159.825 147.638 2148.11
-192.419 -230.939 2574.74
-77.426 -1259.74 2585.69
-423.597 -344.878 2352.56
-144.185 -472.967 2357.11
-176.324 -904.769 2415.18
-188.936 -79.4524 2327.74
-125.951 -96.5465 2212.32
22.531 -335.136 2027.37
-29.143 -1290.08 2352.69
-8.49758 -491.08 1696.3
-57.9186 -498.185 2198.26
-79.7597 -927.052 2163.48
-62.965 -113.641 2096.91
-113.501 -291.061 2245
FRAME: 170
-158.701 142.588 2132.15
-196.612 -243.007 2556.68
-81.7751 -1239.57 2550.17
-427.625 -350.221 2333.32
-150.839 -478.812 2343.44
-177.145 -902.392 2392.34
-193.426 -81.9348 2315.92
-127.09 -98.4622 2203.34
23.8347 -335.943 2022.26
-42.3009 -1254.14 2322.4
6.88866 -486.866 1699
-61.0931 -502.05 2190.58
-86.3579 -927.077 2160.28
-60.7541 -114.99 2090.76
-116.528 -294.446 2235.17
FRAME: 171
-158.826 139.862 2121.77
-198.618 -247.016 2546.28
-88.2415 -1206.24 2488.87
-432.081 -350.553 2308.06
-160.339 -483.823 2334.91
-185.905 -905.982 2382.56
-200.569 -83.868 2309.33
-129.573 -99.9775 2198.46
24.7108 -337.182 2019.51
-50.9468 -1280.8 2322.26
5.08066 -486.507 1700.74
-65.1549 -505.686 2186.09
-100.726 -930.212 2151.01
-58.5771 -116.087 2087.59
-121.16 -297.366 2229.48
FRAME: 172
-158.993 138.206 2116.44
-201.096 -251.636 2537.13
-79.6624 -1237.74 2489.58
-429.587 -347.724 2312.25
-163.534 -489.484 2329.65
-189.779 -904.227 2341.13
-205.963 -84.9087 2306.81
-131.932 -100.293 2196.27
25.9775 -336.422 2019.77
-53.9168 -1288.18 2310.56
2.31182 -484.603 1704.62
-68.0822 -508.902 2186.55
-104.128 -933.746 2145.35
-57.9016 -115.678 2085.73
-123.87 -299.743 2227.18
FRAME: 173
-158.313 138.507 2114.9
-208.432 -258.582 2522.28
-88.2149 -1208.31 2450.56
-444.127 -360.707 2297.41
-165.872 -488.254 2329.93
-188.115 -904.993 2341.49
-209.762 -84.9402 2306.31
-133.387 -99.7801 2196.27
26.0849 -333.698 2024.84
-48.5378 -1315.17 2296.02
3.3048 -485.02 1711.68
-66.3089 -507.037 2186.33
-106.79 -933.225 2144.56
-57.0122 -114.62 2086.23
-124.739 -298.713 2227.2
FRAME: 174
-157.976 139.254 2115.14
-211.557 -261.86 2512.64
-81.0205 -1281.41 2489.78
-445.14 -371.713 2309.87
-166.355 -488.719 2329.61
-191.021 -911.576 2345.51
-210.283 -83.2616 2306.57
-134.429 -97.4221 2197.35
24.2656 -329.477 2031.02
-47.3655 -1324.95 2290.55
-5.87127 -489.942 1723.85
-67.8985 -506.856 2187.6
-107.378 -935.681 2146.62
-58.5744 -111.583 2088.13
-125.778 -297.605 2227.98
FRAME: 175
-157.553 141.83 2117.12
-211.115 -259.205 2507.98
-84.1131 -1277.4 2478.01
-444.708 -386.429 2313.29
-168.742 -487.111 2328.6
-184.484 -913.961 2351.43
-214.227 -79.0643 2305.36
-136.188 -93.155 2198.07
22.3297 -327.992 2035.27
-50.7418 -1323.34 2284.09
-22.6929 -493.946 1728.5
-69.9705 -504.537 2192.6
-110.188 -932.609 2143.25
-58.1492 -107.246 2090.78
-127.772 -294.49 2229.33
FRAME: 176
-155.586 149.465 2123.54
-227.803 -268.241 2485.26
-87.2047 -1283.47 2473.4
-442.268 -431.302 2323.04
-171.18 -484.414 2327.59
-185.964 -911.208 2345.52
-214.582 -73.8984 2307.72
-134.388 -87.7563 2201.64
26.8854 -325.077 2050.06
-52.6177 -1324.23 2279.43
-9.6322 -500.016 1766.94
-71.7031 -501.187 2195.26
-111.092 -930.099 2142.55
-54.1932 -101.614 2095.56
-127.915 -290.278 2231.53
FRAME: 177
-150.657 163.828 2137.59
-229.257 -272.014 2482.02
-88.6725 -1282.42 2472.02
-439.589 -445.852 2336.4
-174.518 -478.678 2331.71
-193.61 -905.445 2350.64
-216.985 -67.7952 2314.35
-133.986 -80.1452 2211.47
33.0046 -324.75 2062.74
-67.0936 -1306.03 2261.77
-12.7578 -496.498 1793.44
-70.4533 -493.99 2202.36
-134.612 -914.338 2127.39
-50.9861 -92.4952 2108.59
-128.236 -283.24 2239.25
FRAME: 178
-145.523 187.4 2168.41
-229.52 -275.282 2489.07
-103.566 -1240.26 2468.99
-410.081 -496.093 2409.99
-183.186 -462.523 2358.73
-218.776 -876.058 2389.43
-217.487 -55.9362 2347.35
-131.442 -66.8217 2243.64
42.3583 -313.174 2087.25
-58.4657 -1287.98 2266.76
-16.8344 -492.505 1847.4
-68.55 -477.719 2219.74
-106.481 -892.932 2151.17
-45.3963 -77.7072 2139.92
-128.655 -268.471 2266.43
FRAME: 179
-136.196 212.798 2208.93
-228.037 -270.813 2505.11
-107.615 -1239.93 2461.5
-379.48 -518.457 2477.68
-185.004 -455.612 2387.79
-221.899 -871.429 2438.73
-216.954 -44.7395 2381.16
-127.872 -54.7292 2276.46
55.5969 -306.282 2126.6
-55.7327 -1290.11 2277.57
-24.3149 -501.818 1901.83
-65.0855 -471.353 2245.58
-94.0873 -889.356 2183.3
-38.7898 -64.7188 2171.76
-126.459 -259.106 2296.57
FRAME: 180
-132.079 231.362 2241.43
-226.325 -263.84 2514.64
-112.34 -1224.86 2471.3
-367.819 -519.81 2510.59
-181.367 -440.565 2421.19
-221.572 -854.671 2480.98
-216.503 -26.5591 2411.75
-125.442 -35.2455 2310.16
63.6973 -294.802 2163.85
-51.2128 -1289.83 2290.22
-11.7467 -497.81 1947.72
-56.3681 -454.452 2279.6
-74.3953 -885.239 2244.64
-34.3805 -43.9318 2208.56
-122.154 -241.377 2330.28
FRAME: 181
-128.871 249.986 2272.81
-224.789 -262.54 2527.13
-109.344 -1225.08 2475.27
-352.126 -525.189 2541.98
-182.318 -427.168 2451.16
-217.884 -842.416 2512.22
-214.065 -11.924 2448.08
-120.89 -18.9876 2344.15
70.5539 -278.889 2202.75
-41.5736 -1270.17 2300.32
-3.77419 -482.546 1988.15
-50.0998 -438.307 2300.92
-61.0646 -860.624 2277.1
-27.7154 -26.0511 2240.23
-118.55 -225.862 2360.1
FRAME: 182
-125.915 265.617 2295.45
-224.232 -260.841 2542.4
-114.214 -1204.85 2526.09
-335.276 -522.773 2565.29
-181.811 -412.15 2475.56
-211.632 -830.095 2538.8
-214.135 0.074981 2470.17
-117.459 -6.74752 2367.37
77.0941 -264.344 2238.91
-52.0913 -1251.59 2344.67
18.796 -471.808 2053.7
-41.3879 -423.397 2323.58
-61.3704 -845.422 2303.02
-20.784 -13.57 2264.58
-114.529 -212.261 2383.47
FRAME: 183
-123.611 281.309 2316.3
-225.411 -251.43 2563.18
-117.924 -1189.03 2548.75
-314.58 -517.99 2593.86
-183.236 -394.583 2513.4
-210.884 -809.697 2586.9
-216.008 18.7748 2494.41
-114.688 11.0398 2397.46
84.7961 -251.894 2285.3
-54.8124 -1209.33 2385.96
33.9707 -451.438 2099.7
-30.2353 -407.259 2365.34
-53.1017 -822.34 2332.8
-13.368 3.30477 2300.51
-110.712 -194.94 2418.42
FRAME: 184
-123.345 296.904 2345.14
-230.182 -242.812 2592.52
-113.493 -1180.54 2573.7
-312.086 -519.015 2624.95
-188.889 -379.911 2540.31
-210.374 -786.812 2607.8
-220.323 31.2185 2513.53
-112.792 22.2499 2420.89
84.7559 -243.536 2320.79
-62.9724 -1168.93 2466.15
33.5097 -457.375 2132.14
-24.198 -394.876 2395.6
-40.8089 -808.731 2363.95
-5.2623 13.2813 2328.25
-109.668 -182.572 2444.42
FRAME: 185
-122.474 309.298 2372.18
-230.282 -225.627 2629.57
-115.414 -1159.63 2598.5
-304.834 -496.95 2661.95
-183.702 -370.069 2566.8
-207.721 -769.567 2625.52
-227.752 43.0559 2544.27
-113.795 37.3643 2456.36
89.372 -235.733 2356.91
-51.1149 -1152.03 2477.11
49.8538 -449.857 2192.86
-15.7794 -378.732 2436.54
-27.4922 -786.507 2396.85
0.162368 31.6726 2368.45
-106.768 -168.518 2479.02
FRAME: 186
-122.067 321.601 2396.17
-231.905 -206.839 2666.89
-120.35 -1022.5 2717.09
-300.593 -487.646 2690.64
-185.507 -360.839 2590.58
-208.096 -756.099 2653.61
-231.648 53.8114 2565.39
-113.831 48.4039 2480.31
91.1678 -226.478 2393.89
-29.8819 -1100.11 2470.73
61.0265 -445.248 2246.86
-11.7863 -369.119 2464.47
-13.1197 -768.424 2433.36
3.98598 42.9965 2395.22
-106.239 -158.288 2503.92
FRAME: 187
-120.623 333.28 2417.91
-236.645 -191.134 2701.32
-113.853 -1013.75 2759.74
-293.877 -482.112 2710.42
-179.642 -353.118 2615.51
-201.367 -748.764 2672.01
-237.681 63.568 2586.12
-115.186 59.8466 2505.06
95.5042 -210.812 2432.12
-28.9505 -1081.69 2492.39
65.3461 -438.444 2280.61
-6.28137 -358.671 2500.05
-6.01091 -754.035 2460.09
7.30842 56.1252 2424.01
-104.074 -148.024 2531.42
FRAME: 188
-117.613 359.354 2458.88
-242.793 -163.414 2734.18
-79.3182 -1036.66 2794.3
-291.393 -485.748 2782.6
-174.082 -332.853 2633.42
-183.663 -742.316 2696.1
-242.486 83.9031 2612.41
-117.09 83.9413 2537.69
106.521 -164.347 2507.36
-13.7931 -1116.14 2456.29
95.6236 -411.594 2393.72
-5.44571 -332.83 2533.02
-7.6986 -732.859 2473.8
8.30624 83.9794 2462.97
-103.427 -124.45 2560.46
FRAME: 189
-119.021 369.788 2473.53
-248.159 -153.213 2751.78
-56.3357 -1086.6 2835.96
-294.929 -476.474 2815.46
-173.79 -317.882 2645.55
-172.341 -736.444 2715.86
-243.407 94.5546 2629.19
-114.761 96.4673 2558
111.126 -150.243 2545.08
-6.78932 -1131.39 2471.44
107.031 -405.86 2434.94
-0.080944 -315.3 2549.12
0.944516 -717.212 2483.3
13.8844 98.3801 2486.81
-100.848 -110.062 2577.67
FRAME: 190
-118.6 379.768 2488.49
-252.292 -150.627 2762.64
-48.4292 -1069.91 2873.84
-293.185 -476.655 2822.49
-171.688 -307.92 2658.35
-161.947 -726.642 2731.32
-243.631 101.381 2643.42
-112.336 105.371 2574.48
111.915 -138.781 2562.93
0.982106 -1127.67 2489.5
118.433 -406.289 2464.2
9.4161 -302.453 2562.5
9.77536 -706.545 2490.01
18.9595 109.361 2505.55
-96.7359 -99.9079 2592.45
FRAME: 191
-115.457 390.026 2503.81
-255.88 -148.831 2770.73
-45.989 -1078.41 2880.14
-294.019 -456.557 2839.71
-167.439 -301.637 2670.23
-152.819 -722.144 2743.7
-242.194 108.03 2654.43
-109.763 113.361 2589.26
116.922 -130.547 2583.96
12.7307 -1125.45 2507.43
133.923 -405.058 2509.12
16.1074 -294.297 2579.46
13.8927 -700.685 2502.47
22.6673 118.692 2524.09
-92.7148 -92.3032 2607.05
FRAME: 192
-112.034 397.435 2518.25
-259.278 -146.132 2777.79
-44.8525 -1080.55 2888.26
-303.277 -445.304 2850.61
-163.622 -297.894 2683.33
-144.884 -720.364 2753.94
-241.386 112.278 2665.74
-107.523 118.189 2602.83
121.941 -128.066 2605.42
52.9762 -1076.94 2599.69
143.758 -406.312 2531.15
19.9514 -289.818 2596.88
25.722 -700.068 2529.5
26.3402 124.1 2539.92
-89.6791 -87.8334 2621.47
FRAME: 193
-105.944 405.058 2536.26
-261.746 -146.158 2780.41
-43.4947 -1082.97 2895.38
-306.222 -452.389 2854.83
-159.924 -295.383 2693.39
-135.779 -719.878 2768.82
-241.206 115.123 2673.14
-104.53 121.307 2614.17
127.421 -127.63 2625.15
63.9622 -1084.46 2604.75
164.84 -394.632 2577.63
22.6352 -287.125 2614.57
36.1767 -698.911 2546.09
32.1464 127.491 2555.2
-86.5872 -84.9735 2634.08
FRAME: 194
-102.672 408.655 2544.49
-264.619 -143.995 2787.66
-36.4379 -1095.48 2919.09
-311.124 -443.229 2855.67
-158.388 -297.055 2703.9
-131.922 -725.905 2786.59
-241.079 117.279 2680.91
-101.991 124.195 2625.15
128.795 -126.525 2640.01
68.9299 -1096.01 2611.7
171.974 -409.107 2599.05
28.9767 -287.719 2628.63
50.2648 -701.829 2572.39
37.0973 131.112 2569.38
-83.3481 -84.0957 2645.71
FRAME: 195
-98.8094 413.349 2552.42
-267.444 -143.589 2797.91
-28.09 -1117.8 2935.09
-315.688 -449.51 2855.17
-156.395 -300.076 2718.57
-129.667 -732.568 2800.81
-241.273 120.182 2686.2
-99.7819 127.747 2633.97
127.562 -121.199 2656.56
76.4448 -1098.91 2634.45
188.009 -399.133 2637.04
38.1105 -289.673 2646.53
61.3728 -709.388 2600.8
41.7097 135.311 2581.74
-79.462 -83.5638 2658.26
FRAME: 196
-94.8579 416.71 2562.47
-267.174 -142.04 2801.1
-25.0057 -1129.32 2946.2
-322.268 -422.663 2816.34
-150.291 -300.172 2733.26
-123.422 -741.074 2814.54
-238.8 123.664 2692.39
-95.8435 131.839 2643.19
133.101 -113.08 2686.6
86.3465 -1102.82 2826.3
194.922 -391.284 2662.14
46.1414 -288.932 2665.54
71.6456 -718.021 2652.06
47.1131 140.014 2593.99
-73.9593 -81.3565 2671.3
FRAME: 197
-84.6021 424.194 2585.41
-265.991 -142.907 2800.53
-27.6884 -1123.77 2953.59
-311.718 -436.709 2788.57
-140.274 -298.782 2750.88
-113.046 -742.133 2829.27
-236.204 124.088 2696.31
-90.7877 135.698 2655.12
135.954 -103.167 2714.36
85.8245 -1082.64 2874.63
215.756 -380.394 2708.89
64.5698 -282.41 2692.85
85.9931 -708.931 2727.76
54.6283 147.308 2613.94
-64.3199 -77.4489 2688.49
FRAME: 198
-75.4736 427.725 2600.86
-260.841 -140.401 2805.28
-33.1709 -1121.16 2962.75
-307.081 -437.594 2782.83
-133.21 -297.044 2761.95
-109.519 -742.452 2837.22
-230.738 127.46 2702.38
-85.6 140.082 2664.88
137.939 -94.2614 2736.81
87.3009 -1087.35 2890.98
214.762 -380.905 2744.46
72.824 -279.117 2708.71
90.751 -715.505 2757.6
59.5385 152.705 2627.38
-57.8964 -73.9992 2700.1
FRAME: 199
-69.705 432.396 2607.68
-259.8 -137.552 2805.33
-34.4191 -1118.13 2962.94
-299.147 -424.96 2771.96
-129.348 -290.032 2768.87
-106.199 -736.938 2841.38
-226.552 131.318 2706
-81.466 144.592 2672.96
143.669 -93.0309 2749.58
86.8517 -1092.1 2899.42
221.645 -396.738 2771.95
77.0628 -271.154 2721.87
91.8235 -716.328 2776.95
63.62 157.866 2639.92
-53.8042 -68.0005 2709.17
FRAME: 200
-64.4692 434.92 2612.53
-256.752 -134.275 2805.56
-35.3148 -1114.6 2966.32
-297.229 -429.089 2774.8
-126.588 -284.335 2773.93
-102.664 -730.198 2845
-221.598 133.934 2707.58
-76.2079 147.175 2678.17
150.233 -100.033 2758.83
86.229 -1097.67 2905.49
217.659 -398.13 2780.44
81.2101 -265.402 2731.92
92.871 -712.671 2792.39
69.1822 160.416 2648.76
-49.4485 -63.8468 2715.55
FRAME: 201
-60.6032 435.701 2616.1
-255.745 -134.052 2803.43
-36.0138 -1112.8 2969.26
-286.742 -421.393 2752.26
-124.494 -278.9 2777.23
-101.364 -724.939 2848.11
-217.577 135.023 2708.81
-70.4619 148.325 2682.7
156.365 -103.824 2767.22
86.6917 -1104.38 2910.01
221.994 -399.544 2794.66
86.006 -259.832 2739.89
94.3395 -710.716 2804.06
76.6528 161.626 2656.59
-44.8529 -60.5208 2720.63
FRAME: 202
-54.2352 437.521 2620.75
-254.075 -134.203 2803.71
-36.4337 -1110.7 2971.57
-275.099 -420.032 2736.76
-121.723 -275.709 2779.01
-100.076 -721.732 2850.37
-214.341 135.917 2710.74
-66.5804 149.379 2686.1
154.578 -102.527 2766.62
88.2873 -1106.37 2912.68
228.497 -395.426 2808.5
89.4223 -256.427 2743.76
97.2064 -705.567 2812.38
81.1802 162.84 2661.45
-41.3654 -58.3448 2723.74
FRAME: 203
-47.85 438.443 2627.3
-249.977 -133.223 2804.38
-36.6422 -1110.78 2970.93
-265.532 -424.514 2718.04
-119.471 -271.436 2780.13
-99.404 -718.169 2850.95
-210.963 137.755 2712.58
-61.4883 151.145 2689.83
155.201 -102.499 2766.87
88.4208 -1109.22 2916.7
226.117 -393.661 2798.17
93.0126 -252.38 2747.8
97.1904 -702.655 2816.14
87.9865 164.536 2667.09
-37.3588 -55.3813 2726.9
FRAME: 204
-44.6121 439.889 2631.21
-247.694 -132.038 2804.37
-36.5262 -1109.32 2971.73
-255.555 -413.308 2717.73
-116.805 -270.901 2782.84
-99.1536 -717.521 2852.72
-208.024 139.242 2714.76
-58.3603 152.366 2692.8
157.979 -100.258 2770.57
89.3055 -1105.93 2922.04
224.105 -375.459 2799.98
94.5402 -252.345 2751.84
97.9046 -702.572 2819.99
91.3032 165.49 2670.83
-34.7465 -54.6287 2730.07
FRAME: 205
-37.1932 441.455 2638.61
-241.542 -130.167 2804.25
-34.4618 -1110.92 2974.33
-230.506 -415.801 2713.06
-113.237 -269.262 2787.87
-97.3326 -716.029 2855.63
-203.767 141.474 2717.1
-54.1744 154.126 2696.36
160.196 -97.8013 2774.88
88.8846 -1105.67 2924.66
225.663 -372.798 2811.81
96.2993 -251.523 2758.86
98.2666 -702.436 2821.65
95.4187 166.778 2675.63
-31.3216 -53.1334 2734.87
FRAME: 206
-32.4369 441.871 2642.03
-235.454 -132.569 2802.67
-34.0037 -1113.36 2973.82
-223.258 -420.053 2708.82
-109.981 -269.457 2789.93
-94.7529 -716.008 2858.12
-199.402 143.432 2719.06
-49.958 155.832 2700.11
163.875 -97.9061 2780.14
89.0152 -1107.91 2927.93
226.351 -391.379 2813.92
98.6175 -252.146 2763.51
98.8106 -705.294 2825.63
99.4862 168.233 2681.16
-27.8199 -52.4844 2738.42
FRAME: 207
-27.093 442.633 2645.39
-232.342 -135.296 2802.16
-35.9224 -1115.51 2973.21
-212.596 -427.741 2706.89
-106.554 -269.965 2791.13
-92.7321 -715.098 2858.88
-197.246 142.939 2721.01
-46.7801 155.36 2702.96
166.022 -100.364 2784.82
92.0117 -1104.11 2926.29
227.064 -390.18 2807.04
100.02 -252.913 2766.35
101.683 -705.107 2825.52
103.686 167.781 2684.9
-25.0235 -53.0397 2740.85
FRAME: 208
-23.2298 443.297 2647.37
-227.128 -137.68 2800.19
-35.8723 -1111.71 2972.54
-210.577 -417.051 2695.09
-102.804 -268.676 2795
-91.1236 -713.889 2861.14
-194.894 143.474 2723.32
-44.3705 156.121 2705.76
168.587 -99.9844 2788.69
93.5234 -1101.68 2924.46
230.428 -384.701 2816.41
102.035 -251.459 2771.15
107.026 -700.73 2824
106.153 168.769 2688.21
-22.3776 -51.9731 2744.42
FRAME: 209
-18.1472 444.497 2649.9
-222.796 -136.347 2803.1
-35.2237 -1109.31 2971.18
-205.06 -417.287 2701.93
-101.042 -267.304 2796.83
-89.8621 -711.661 2861.67
-190.576 146.227 2727.31
-40.8825 157.719 2709.38
169.669 -99.3952 2791.26
94.0821 -1097.44 2922.3
229.111 -390.082 2816.64
101.424 -251.761 2772.61
111.318 -696.034 2819.53
108.811 169.211 2691.44
-20.3456 -50.907 2747.05
FRAME: 210
-14.9656 444.105 2651.96
-221.232 -136.851 2804.59
-34.8602 -1104.92 2971.11
-199.076 -424.367 2707.36
-98.7868 -266.237 2799.36
-88.0432 -708.954 2862.57
-186.691 147.814 2731.3
-37.785 158.469 2712.76
171.615 -99.4972 2792.69
93.8472 -1090.34 2921.43
225.83 -382.612 2795.1
101.466 -251.901 2774.46
111.546 -691.33 2813.27
111.121 169.124 2694.22
-18.2226 -50.2998 2749.83
FRAME: 211
-13.8137 443.91 2653.1
-221.384 -132.603 2807.19
-35.6086 -1103.52 2973.25
-199.309 -433.702 2725.99
-98.3377 -262.756 2802.86
-85.4185 -706.059 2866.06
-184.438 149.747 2734.83
-36.8111 159.946 2715
170.873 -94.1858 2791.75
97.2073 -1081.55 2919.33
230.384 -386.081 2811.94
102.055 -248.905 2775.97
113.056 -679.863 2805.52
110.816 170.145 2695.17
-17.4762 -47.9422 2752.21
FRAME: 212
-12.2564 443.551 2655
-219.449 -128.675 2813.38
-36.9526 -1099.72 2975.91
-206.422 -422.962 2735.43
-99.6318 -259.803 2806.04
-84.016 -704.316 2866.66
-182.971 152.322 2738.21
-36.4286 161.917 2717.22
169.798 -85.9164 2792.22
96.5911 -1069.25 2918.97
228.601 -384.025 2811.34
102.453 -246.57 2777.11
112.585 -669.845 2802.76
110.114 171.512 2696.23
-17.5091 -45.6349 2754.4
FRAME: 213
-11.1946 443.139 2657.7
-217.212 -128.094 2818.39
-37.3445 -1100.75 2977.5
-207.185 -423.679 2741.5
-99.8367 -256.169 2808.96
-84.0257 -702.674 2868.15
-180.267 155.315 2743.42
-34.7498 164.341 2720.76
173.434 -86.1337 2796.06
95.1429 -1068.73 2917.79
223.608 -381.574 2791.78
104.263 -243.505 2777.19
110.535 -665.824 2801.48
110.768 173.366 2698.1
-16.2683 -42.7483 2756.92
FRAME: 214
-9.94884 443.307 2660.28
-214.017 -125.393 2823.63
-36.282 -1096.38 2978.38
-218.135 -416.847 2774.56
-99.7008 -254.448 2811.23
-82.6194 -697.847 2868.93
-178.712 157.489 2749.78
-33.0688 165.958 2725.32
175.79 -87.9061 2798.54
88.2995 -1059.13 2925.62
215.184 -382.749 2780.5
104.847 -242.556 2776.87
111.282 -661 2802.1
112.574 174.427 2700.86
-15.2478 -41.2722 2759.68
FRAME: 215
-9.24749 443.5 2662.64
-212.871 -121.14 2835.76
-35.0325 -1088.54 2976.76
-245.73 -403.329 2780.5
-99.6551 -250.393 2814.14
-81.6209 -692.046 2867.54
-177.076 159.178 2754.53
-31.5136 166.53 2728.18
176.366 -90.6523 2795.83
90.0399 -1058.86 2926.18
199.999 -380.577 2737.09
102.718 -240.16 2777.51
109.109 -657.26 2804.95
114.049 173.882 2701.84
-14.9912 -39.373 2762.01
FRAME: 216
-8.75827 444.137 2665.35
-208.817 -117.689 2843.9
-36.2511 -1078.54 2978.27
-231.846 -410.268 2776.97
-100.15 -247.457 2814.66
-81.5119 -685.072 2867.56
-176.271 160.529 2758.08
-30.2442 167.186 2731.18
178.29 -90.3306 2798.19
90.6133 -1062.66 2926.5
181.052 -375.626 2731.87
100.976 -238.259 2777.63
107.378 -657.727 2806.18
115.782 173.843 2704.28
-14.9156 -37.8359 2763.66
FRAME: 217
-9.34466 444.376 2667.13
-206.255 -115.217 2849.83
-36.8509 -1082.43 2980.17
-233.685 -406.897 2784.65
-98.9504 -249.273 2816.01
-82.3727 -688.711 2868.55
-175.688 160.687 2761.45
-29.3798 166.807 2733.39
180.91 -93.1381 2797.5
91.2667 -1070.23 2931.79
168.279 -373.835 2707.39
99.0014 -240.977 2778.08
102.35 -661.282 2810.69
116.928 172.928 2705.34
-14.6771 -39.159 2765.22
FRAME: 218
-9.52164 444.947 2670.84
-205.121 -113.561 2854.88
-36.887 -1085.02 2981.97
-248.105 -391.89 2784.29
-98.4606 -251.109 2816.74
-82.4432 -691.277 2869.78
-175.24 161.436 2764.51
-28.7657 166.375 2735.32
182.714 -96.8201 2795.89
92.6192 -1073.35 2933.11
144.381 -383.052 2699.44
93.5561 -244.582 2778.49
99.7776 -669.967 2819.38
117.708 171.313 2706.14
-15.609 -40.7354 2766.47
FRAME: 219
-10.4488 446.332 2676.69
-205.348 -113.633 2855.47
-37.3624 -1088.66 2987.8
-260.35 -395.607 2770.45
-98.2571 -252.115 2818.81
-83.4092 -693.439 2870.25
-175.252 163.219 2769.66
-28.8128 167.107 2738.01
186.832 -97.0571 2773.39
94.5479 -1079.62 2937.09
115.414 -384.875 2683.85
88.8658 -247.089 2778.37
102.881 -679.389 2825.46
117.627 170.995 2706.35
-16.7542 -41.2474 2768.3
FRAME: 220
-12.2522 447.651 2679.83
-205.949 -111.356 2860.22
-37.6735 -1093.87 2990.96
-268.293 -384.223 2766.47
-98.459 -253.971 2819.75
-85.2173 -697.242 2871.02
-175.552 163.844 2773.41
-29.1198 167.081 2739.9
187.143 -96.0977 2772.49
91.6077 -1090.25 2939.99
93.4714 -386.7 2676.91
85.5399 -249.864 2777.64
103.421 -690.029 2826.73
117.312 170.318 2706.38
-17.7897 -42.4184 2769.29
FRAME: 221
-13.9057 447.824 2681.67
-206.832 -112.547 2862.85
-36.5069 -1118.42 2996.83
-280.75 -384.498 2772.23
-99.4333 -258.217 2821.56
-95.2504 -716.777 2875.59
-175.419 164.773 2777.33
-29.6442 166.908 2741.16
183.484 -96.5976 2755.17
89.4324 -1103.29 2944.5
64.4883 -377.576 2667.65
81.2685 -255.558 2776.72
102.219 -705.31 2826.1
116.13 169.044 2704.98
-19.3633 -44.9896 2770.15
FRAME: 222
-15.3232 448.208 2684.14
-207.417 -106.932 2873.8
-36.2566 -1117.4 2999.2
-291.837 -368.601 2771.94
-100.506 -260.275 2823.69
-101.218 -721.844 2875.48
-176.637 165.715 2782.52
-32.0865 167.499 2743.4
177.076 -91.8157 2738.03
85.6491 -1111.95 2942.18
23.7609 -355.517 2650.59
77.2957 -258.074 2775.57
98.1111 -713.22 2821.54
112.464 169.284 2704.28
-21.8458 -45.8374 2771.51
FRAME: 223
-19.0602 446.893 2687.85
-208.863 -110.111 2875.53
-36.523 -1121.68 3001.29
-316.21 -375.895 2744.75
-102.125 -264.883 2826.09
-107.754 -731.005 2873.04
-177.174 164.408 2785.77
-34.2576 166.31 2744.17
173.852 -94.0789 2730.48
83.1731 -1120.64 2938.04
1.02677 -341.64 2646.66
77.5427 -262.484 2773.77
93.9073 -721.86 2809.64
108.658 168.211 2702.58
-23.2742 -48.6868 2772.05
FRAME: 224
-23.0124 446.15 2690.89
-210.385 -110.621 2884.61
-36.3134 -1112.56 2993.16
-365.736 -407.379 2670.11
-113.249 -269.989 2824
-113.607 -729.824 2867.27
-177.204 167.337 2796.61
-37.712 166.901 2746.66
168.024 -94.9535 2717.1
86.2835 -1117.19 2934
-73.7103 -298.452 2640.72
67.1752 -270.583 2759.46
91.6426 -721.923 2790.01
101.78 166.465 2696.72
-30.3743 -51.6924 2769.2
FRAME: 225
-27.5826 445.19 2691.03
-213.172 -112.368 2896.19
-35.0029 -1109.32 2983.46
-352.763 -396.134 2627.42
-114.697 -270.416 2821.51
-118.081 -731.155 2865.63
-177.872 168.189 2804.78
-43.1541 168.702 2747.76
152.178 -97.5981 2697.14
88.0111 -1099.91 2916.85
-94.7299 -266.311 2630.15
62.2198 -269.766 2746.67
89.7358 -712.983 2770.39
91.5642 169.215 2690.74
-34.6964 -50.6943 2765.93
FRAME: 226
-35.7869 442.999 2691.22
-221.072 -110.183 2913.7
-33.6037 -1102.12 2975.72
-375.94 -356.248 2728.02
-118.065 -272.16 2823.2
-121.513 -732.252 2862.94
-178.698 170.363 2811.5
-48.8276 171.267 2748.25
143.152 -97.878 2684.03
87.3892 -1088.17 2896.51
-134.858 -231.778 2603.07
57.8113 -270.927 2737.51
85.787 -708.551 2752.77
81.0429 172.17 2685.01
-39.4774 -50.1384 2764.31
FRAME: 227
-40.5021 441.75 2689.46
-219.788 -109.256 2909.74
-32.7456 -1102.79 2972.99
-304.872 -376.168 2788.35
-118.598 -272.438 2820.8
-123.481 -731.671 2862.41
-179.205 170.286 2811.81
-50.6435 171.74 2746.64
138.488 -96.89 2676.88
85.8452 -1082.13 2876.67
-165.131 -202.175 2582.56
57.4122 -270.44 2731.59
81.0564 -705.736 2736.31
77.9185 173.193 2681.47
-40.6183 -49.8498 2761.42
FRAME: 228
-42.2332 440.738 2688.96
-217.943 -109.887 2902.75
-28.9387 -1105.74 2968.68
-315.827 -360.902 2779.45
-116.745 -269.973 2817.77
-125.086 -727.333 2860.83
-179.162 169.345 2810.05
-51.3031 171.149 2744.48
133.087 -97.1356 2672.05
82.0284 -1093.85 2841.03
-86.3494 -254.603 2592
56.3638 -267.527 2729.04
69.5 -701.077 2711.85
76.5557 172.954 2678.9
-40.7469 -48.8002 2758.94
FRAME: 229
-45.8093 439.854 2686.68
-222.588 -104.801 2898.15
-29.2832 -1106.93 2969.34
-315.058 -352.596 2760.53
-117.314 -267.67 2816.46
-125.002 -724.207 2860.11
-179.388 169.499 2810.83
-52.749 170.935 2741.91
121.845 -102.393 2653.11
81.5753 -1101.15 2819.98
-152.48 -181.275 2586.64
52.7161 -265.739 2724
61.8447 -700.035 2694.65
73.8902 172.37 2672.99
-42.524 -47.8848 2756.07
FRAME: 230
-48.2661 438.979 2684.29
-220.484 -93.765 2899.13
-32.7031 -1109.2 2965.75
-326.137 -317.575 2754.41
-117.227 -263.771 2812.7
-126.154 -721.449 2855.67
-176.484 171.053 2812.89
-54.5415 172.284 2739.42
107.19 -94.7764 2636.75
84.8038 -1095.17 2794.76
-180.442 -140.574 2584.75
45.9979 -262.142 2714.33
53.5216 -693.316 2670.2
67.401 173.514 2665.95
-45.078 -45.3364 2751.47
FRAME: 231
-51.5019 436.58 2680.22
-223.224 -94.9721 2894.81
-33.714 -1113.75 2963.91
-333.363 -295.931 2743.78
-116.163 -259.747 2807.67
-128.986 -719.353 2850.42
-175.42 168.948 2813.52
-57.713 171.08 2734.63
68.3545 -89.0132 2612.98
78.1477 -1084.52 2767.54
-221.335 -98.119 2589.15
42.6516 -256.93 2701.11
44.6634 -684.709 2642.87
59.9943 173.211 2655.74
-47.2342 -43.6294 2744.51
FRAME: 232
-54.6235 434.308 2672.28
-222.94 -93.2342 2891.09
-31.112 -1104.48 2956.09
-358.698 -235.79 2728.21
-113.113 -255.355 2805.01
-127.564 -711.272 2842.34
-175.091 170.112 2813.33
-65.2743 172.689 2724.7
22.7089 -74.7842 2586.47
63.6982 -1082.6 2713.17
-283.57 -37.4622 2604.01
35.6423 -251.907 2684.92
30.345 -676.216 2606.23
44.5424 175.265 2636.07
-52.0048 -40.4711 2734.83
FRAME: 233
-62.4793 431.781 2656.7
-225.458 -96.6018 2882.86
-29.2807 -1099.84 2960.61
-362.769 -132.29 2693.78
-108.704 -254.248 2799.26
-127.603 -704.787 2835.76
-172.918 168.323 2816.12
-71.7762 171.516 2716.21
-21.4547 -66.3569 2560.2
49.1861 -1106.34 2621.75
-318.897 -35.294 2629.6
25.3582 -250.081 2666.75
22.5324 -673.963 2571.28
29.3658 174.708 2616.3
-56.7246 -40.3244 2724.61
FRAME: 234
-71.6145 428.886 2642.08
-227.423 -97.3516 2876.98
-29.3914 -1092.47 2960.58
-371.831 -107.381 2682.16
-107.971 -254.323 2793.61
-127.39 -699.762 2831.63
-170.373 168.123 2815.67
-75.5594 170.824 2706.24
-49.4481 -59.7854 2540.43
47.0255 -1108.19 2609.29
-337.719 -20.4633 2634.63
16.7694 -250.817 2649.57
11.5827 -669.229 2540.7
19.2538 173.526 2596.82
-60.5801 -40.8729 2713.92
FRAME: 235
-77.3914 427.489 2631.03
-236.958 -95.1674 2864.03
-28.1309 -1085.58 2957.55
-365.818 -79.0461 2676.77
-105.809 -256.979 2787.64
-126.879 -697.224 2829.5
-167.195 167.304 2813.23
-76.7152 169.712 2698.37
-69.5711 -53.5396 2522.79
42.5101 -1105.33 2595.16
-349.541 -8.91444 2635.91
12.0452 -253.879 2638.03
3.54732 -666.992 2517.29
13.7641 172.119 2583.51
-61.7985 -42.8585 2705.6
FRAME: 236
-81.5413 423.595 2612.86
-260.889 -79.3614 2830.79
-30.8617 -1074.38 2954.24
-329.487 -9.49134 2605.6
-101.635 -260.083 2776.2
-128.418 -690.459 2816.76
-151.906 165.108 2794.28
-71.3511 163.367 2676
-86.5916 -51.2686 2515.02
39.7542 -1105.89 2585.57
-380.365 -3.20995 2650.95
4.92058 -262.47 2619.64
-1.52652 -664.584 2495.33
9.20408 161.625 2557.72
-59.8541 -48.9551 2686.96
FRAME: 237
-82.5323 420.102 2594.98
-267.58 -76.481 2813.75
-29.6047 -1072.92 2947.86
-323.218 25.8521 2553.37
-99.8638 -264.158 2763.63
-128.062 -693.227 2813.18
-145.089 162.766 2777.23
-69.4027 159.26 2657.69
-101.827 -69.9054 2495.01
36.5387 -1095.78 2566.56
-361.413 16.7543 2628.44
1.85312 -269.005 2602.81
-5.74749 -656.805 2475.04
6.28342 155.755 2538.15
-59.204 -53.6606 2670.46
FRAME: 238
-85.8293 416.501 2578.71
-271.33 -66.8025 2799.69
-32.2016 -1074.69 2941.35
-334.731 18.6553 2547.08
-98.674 -266.195 2747.63
-127.673 -698.171 2808.9
-143.188 163.01 2758.1
-69.5732 158.098 2639.94
-90.6514 -92.2996 2485.27
28.2588 -1083.5 2542.56
-350.842 40.8583 2606.86
-1.9777 -272.822 2591.86
-12.4171 -652.471 2453.14
4.04175 153.187 2521.77
-59.9495 -55.7051 2654.84
FRAME: 239
-91.8107 410.868 2557.76
-270.428 -65.6379 2787.27
-26.1648 -1084.06 2935.46
-298.529 22.8094 2491.18
-100.33 -269.002 2724.66
-128.661 -707.492 2795.51
-148.689 159.515 2732.1
-76.2 154.109 2614.57
-94.9246 -104.114 2462.16
30.5192 -1087.64 2515.7
-355.563 58.3017 2605.59
-6.86486 -276.052 2573.4
-13.8804 -656.962 2436.02
-3.71066 148.703 2497.05
-64.8988 -59.209 2631.8
FRAME: 240
-93.5451 404.91 2541.94
-270.152 -62.7723 2782.93
-25.2979 -1093.45 2924.52
-276.765 -6.50374 2444.57
-103.538 -273.472 2711.47
-130.823 -713.671 2778.34
-150.828 154.012 2711.98
-80.1382 148.226 2593.97
-98.4229 -113.123 2434.88
26.9307 -1091.83 2510.02
-349.264 63.6466 2570.55
-6.65798 -281.341 2549.73
-17.0393 -663.136 2421.75
-9.44839 142.44 2475.97
-67.6182 -64.5903 2612.29
FRAME: 241
-97.7416 394.825 2523.68
-273.034 -68.0811 2770.76
-22.1064 -1101.09 2921.69
-282.899 -14.8933 2440.86
-103.838 -282.451 2699.96
-136.856 -722.255 2764.06
-150.008 148.071 2701.55
-80.0183 141.918 2581.21
-89.8238 -125.241 2425.54
20.4387 -1086.75 2480.03
-337.48 56.5477 2547.18
-8.09743 -290.894 2535.25
-22.4383 -667.188 2399.5
-10.0282 135.765 2460.86
-67.9931 -72.3771 2599.4
FRAME: 242
-99.0554 387.653 2507.78
-285.191 -75.3648 2739.19
-14.7245 -1105.17 2910.33
-281.463 -34.2434 2422.36
-102.928 -293.212 2685.55
-135.07 -739.301 2749.54
-144.16 131.598 2679.78
-76.9661 122.938 2562.29
-94.8983 -146.536 2392.55
14.43 -1099.08 2470.11
-336.431 58.1342 2520.86
-11.3449 -305.028 2526.44
-33.0934 -687.636 2382.45
-9.77219 114.277 2444.8
-67.0514 -88.0913 2584.14
FRAME: 243
-102.099 378.17 2484.39
-279.609 -87.4171 2698.67
-15.5967 -1104.78 2912.56
-282.099 -54.6754 2394.34
-104.118 -302.69 2673.25
-138.971 -743.855 2738.01
-138.231 122.29 2662.29
-75.4421 111.553 2543.92
-93.6123 -155.92 2367.57
15.1334 -1091.27 2450.01
-334.919 17.1267 2491.44
-15.8126 -317.855 2507.25
-38.305 -695.717 2366.07
-12.6528 100.816 2425.56
-67.7036 -99.3599 2567.09
FRAME: 244
-103.214 364.045 2463.8
-291.295 -90.4576 2627.81
-18.4004 -1108.34 2902.01
-269.409 -78.0463 2357.87
-104.776 -310.556 2656.28
-145.951 -753.031 2723.28
-143.063 114.731 2634.88
-79.1261 103.234 2519.45
-79.6653 -182.749 2349.85
12.3297 -1099.41 2449.38
-318.684 -18.4808 2386.65
-12.908 -327.4 2490.82
-37.185 -710.759 2349.64
-15.1896 91.7378 2404.02
-68.9842 -107.872 2546.5
FRAME: 245
-108.478 336.484 2421.32
-264.94 -133.8 2594.71
-19.7309 -1119.85 2888.68
-244.741 -158.416 2299.04
-103.351 -327.019 2629.32
-148.407 -774.022 2683.53
-140.063 95.2051 2602.46
-78.151 81.0836 2481.21
-47.6551 -221.975 2295.42
10.3372 -1113.11 2436.43
-331.853 -85.2079 2286.59
-12.736 -348.45 2450.69
-45.2916 -734.817 2316.2
-16.2392 66.9621 2359.95
-68.0974 -128.325 2510.61
FRAME: 246
-109.463 315.795 2393.86
-264.387 -167.693 2574.42
-20.2083 -1126.79 2876.45
-276.349 -193.95 2275.91
-104.544 -344.967 2596.81
-152.873 -783.984 2658.53
-142.503 74.7668 2586.13
-76.6004 62.179 2460.54
-37.2997 -240.703 2270.3
7.31739 -1156.15 2423.93
-340.908 -116.322 2247.48
-14.9465 -362.625 2424.28
-56.2889 -771.194 2281.16
-10.6981 49.5912 2334.94
-68.1728 -145.809 2485.54
FRAME: 247
-113.297 289.357 2356.95
-261.772 -196.71 2549.62
-16.8814 -1131.25 2865.7
-283.968 -252.007 2228.68
-107.353 -367.247 2555.67
-149.217 -791.555 2638.76
-148.561 49.0224 2558.93
-77.0148 38.8204 2434.03
-23.6092 -252.832 2242.34
1.86115 -1167.72 2420.54
-314.327 -177.962 2168.6
-16.9159 -380.44 2397.77
-66.894 -793.76 2239.3
-5.46899 28.6185 2309.13
-69.5746 -167.512 2455.37
FRAME: 248
-115.734 273.668 2335.31
-232.101 -199.848 2545.84
-20.3979 -1138.49 2843.3
-297.636 -267.834 2234.21
-110.344 -370.393 2547.46
-151.551 -799.157 2624.25
-147.531 40.2514 2537.47
-76.2419 25.3726 2410.94
-14.3218 -261.666 2222.51
-14.6635 -1161.11 2415.14
-301.507 -229.638 2109.09
-18.6465 -390.521 2384.44
-77.4563 -803.419 2216.16
-4.95254 10.4938 2284.41
-70.3686 -177.542 2438.44
FRAME: 249
-116.123 251.266 2299.5
-197.647 -211.442 2565.31
-27.7133 -1151.77 2814.86
-343.117 -311.721 2294.98
-114.212 -379.891 2524.32
-153.459 -815.613 2596.67
-145 23.4861 2508.91
-74.4357 5.97293 2380.63
-1.73979 -275.684 2189.12
-18.8818 -1162.31 2399.45
-273.021 -293.024 2023
-21.7231 -404.324 2355.91
-86.8003 -813.798 2202.78
-3.87093 -11.5402 2252.35
-71.2015 -193.067 2410.37
FRAME: 250
-118.245 237.171 2271.63
-169.88 -209.977 2571.57
-33.5581 -1163.61 2797.97
-360.764 -333.702 2426.08
-118.079 -395.499 2495.06
-157.861 -835.781 2562.58
-144.338 10.5295 2469.16
-76.4219 -5.56458 2346.91
2.18039 -282.58 2157.92
-18.5339 -1175.07 2395.97
-247.062 -341.078 1954.08
-18.4894 -420.387 2318.76
-98.2486 -829.394 2178.87
-8.50592 -21.6587 2224.65
-72.3531 -206.754 2376.91
FRAME: 251
-118.746 221.094 2249.02
-164.758 -207.034 2573.75
-41.2253 -1165.12 2763.08
-362.467 -357.505 2436.38
-121.72 -414.416 2478.08
-151.01 -841.212 2517.28
-150.86 -6.1835 2435.82
-82.0574 -25.4136 2317.37
9.97952 -305.388 2122.89
-31.4002 -1177.78 2382.92
-210.122 -389.748 1885.06
-19.9135 -444.166 2303.53
-98.3815 -844.777 2161.19
-13.255 -44.6436 2198.92
-76.4371 -227.352 2354.09
FRAME: 252
-125.027 210.133 2222.15
-156.707 -210.789 2568.15
-39.5254 -1184.36 2741.35
-354.594 -367.813 2413.78
-108.668 -424.234 2437.26
-139.963 -852.51 2487.07
-147.931 -23.0821 2397.82
-83.532 -39.0104 2282.11
13.9514 -314.25 2085.3
-37.0572 -1188.18 2380.09
-175.031 -420.012 1826.84
-14.0167 -450.012 2263.99
-78.3664 -864.336 2162.17
-19.1326 -54.9386 2166.4
-72.4372 -238.067 2316.37
FRAME: 253
-130.286 181.511 2176.39
-148.061 -213.833 2560.18
-50.0348 -1191.42 2704.42
-339.236 -388.29 2359.32
-104.474 -436.532 2410.48
-151.299 -872.077 2452.86
-142.679 -43.3884 2372.93
-85.6828 -59.4592 2248.6
26.6516 -322.733 2050.14
-20.405 -1253.97 2343.72
-90.6212 -462.916 1740.37
-15.1108 -465.158 2213.62
-57.8858 -894.458 2150.32
-28.6861 -75.53 2124.26
-72.7377 -255.152 2280.32
FRAME: 254
-132.927 169.467 2144.22
-151.498 -237.511 2528.29
-43.8196 -1232.43 2681.95
-352.722 -421.477 2323.2
-89.4746 -471.883 2327.47
-144.987 -888.161 2452.48
-143.808 -62.5369 2338.27
-87.4223 -70.9442 2214.46
36.1547 -323.732 2013.23
-17.304 -1285.12 2339.37
-63.4846 -472.149 1708.11
-24.5977 -482.733 2182.5
-60.0657 -922.676 2146.98
-31.0368 -79.3516 2090.65
-72.2292 -274.126 2234.72
FRAME: 255
-133.012 160.944 2121.32
-149.694 -246.406 2502.7
-52.8277 -1243.55 2614.51
-355.382 -424.877 2302.93
-86.4317 -484.528 2302.19
-143.418 -896.97 2422.87
-142.434 -72.1864 2315.94
-87.772 -79.331 2195.59
39.1822 -322.73 1986.42
-12.7964 -1311.61 2319
-40.7071 -481.572 1680.97
-25.2935 -492.96 2166.97
-60.9814 -936.492 2141.73
-33.1103 -86.4757 2075.23
-71.8173 -284.038 2215.09
FRAME: 256
-134.911 152.907 2099.71
-162.493 -269.686 2447.7
-40.243 -1229.26 2594.15
-358.541 -427.232 2290.54
-90.8837 -485.887 2275.7
-142.373 -889.476 2409.09
-146.821 -75.6295 2273.67
-88.2901 -85.6916 2162.18
44.4855 -321.093 1968.17
-11.4437 -1312.19 2300.28
-14.168 -480.948 1666.6
-23.3661 -496.738 2153.45
-58.628 -932.167 2131.05
-29.7593 -95.7537 2050.69
-72.7075 -288.502 2188.38
FRAME: 257
-136.804 154.16 2085.01
-155.361 -272.484 2439.38
-37.7707 -1224.23 2564.67
-356.981 -425.506 2270
-94.246 -488.541 2265.43
-135.349 -910.92 2385.44
-149.415 -78.873 2263.54
-89.8886 -89.9169 2150.05
46.8465 -324.336 1958.98
1.80191 -1337.01 2310.54
-3.46821 -478.543 1653.2
-27.3174 -500.34 2139.69
-58.1459 -949.225 2130.83
-30.3618 -100.961 2036.55
-75.3352 -292.179 2176.3
FRAME: 258
-135.281 145.113 2076.72
-151.4 -275.522 2437
-42.4414 -1236.92 2518.18
-349.925 -429.786 2251.77
-96.4532 -500.541 2269.73
-135.386 -917.856 2376.12
-154.016 -88.0112 2263.05
-92.3432 -99.7262 2146.2
48.5361 -339.548 1937.35
-10.0096 -1341.69 2272.8
-0.339167 -486.236 1642.53
-25.27 -514.163 2133.16
-62.4006 -955.172 2130.13
-30.6708 -111.441 2029.35
-76.6024 -303.539 2173.82
FRAME: 259
-135.912 143.413 2067.37
-149.432 -276.389 2422.46
-46.0006 -1252.76 2494.32
-350.256 -430.859 2246.49
-100.284 -510.873 2271.46
-134.75 -928.644 2358.62
-150.696 -89.4062 2251.7
-90.9881 -103.653 2136.2
48.0401 -345.631 1931.12
-6.83847 -1361.82 2270.65
4.9714 -486.187 1630.64
-26.3007 -528.393 2127.67
-57.2346 -970.444 2133.52
-31.2806 -117.901 2020.7
-77.1403 -311.643 2167.88
FRAME: 260
-134.904 141.116 2062.2
-146.852 -278.787 2415.52
-58.0308 -1251.22 2473.67
-348.097 -422.272 2255.37
-102.076 -512.114 2273.46
-148.009 -930.823 2348.99
-150.07 -87.469 2251.06
-90.0472 -102.316 2134.51
50.6444 -344.536 1932.01
-19.4705 -1337.5 2254.36
2.04103 -481.996 1633.34
-25.365 -530.776 2124.37
-58.3795 -967.742 2124.04
-30.0239 -117.163 2017.96
-76.8838 -311.88 2166.71
FRAME: 261
-132.59 140.053 2060.96
-146.946 -277.765 2412.2
-77.6261 -1198.85 2420.81
-349.423 -419.383 2258.63
-102.516 -501.001 2279.33
-151.294 -917.966 2335.44
-150.82 -83.0541 2252.63
-88.9837 -99.518 2137.28
56.2831 -344.554 1934.83
-35.9185 -1261.02 2239.53
5.78089 -481.446 1634.4
-24.9936 -521.403 2134.88
-62.0069 -917.654 2103.92
-27.147 -115.982 2021.94
-76.3693 -305.36 2172.2
FRAME: 262
-131.248 142.316 2062.97
-145.006 -276.298 2407.33
-68.2637 -1253.75 2432.97
-356.137 -413.739 2253.21
-108.716 -486.049 2287.5
-166.391 -909.985 2311.73
-151.522 -75.8596 2253.36
-90.0898 -94.0508 2140.31
57.9824 -345.508 1947.93
-48.918 -1210.12 2266.09
0.0803747 -480.077 1648.42
-28.5846 -508.746 2139.73
-61.5651 -918.743 2101.86
-28.6578 -112.242 2027.27
-79.3701 -295.724 2176.96
FRAME: 263
-129.176 145.791 2066.89
-148.78 -280.322 2404.33
-68.9963 -1315.54 2425.03
-359.864 -423.542 2256.33
-110.594 -487.249 2282.75
-158.618 -930.956 2316.59
-153.493 -75.1008 2255.19
-88.1987 -91.4626 2143.44
62.8807 -340.98 1961.57
-32.9503 -1318.05 2237.91
2.13055 -479.681 1665
-27.9242 -507.407 2141.26
-67.9403 -941.812 2096.67
-22.9046 -107.824 2031.7
-78.7288 -294.395 2177.72
FRAME: 264
-122.226 159.202 2077.31
-152.549 -276.967 2404.42
-50.197 -1306.28 2429.01
-360.267 -449.826 2256.3
-113.547 -491.427 2277.42
-141.583 -938.24 2318.2
-155.689 -70.229 2258.77
-87.4985 -82.1758 2152.86
65.7813 -329.559 1979.45
-25.8353 -1341.19 2262.89
0.111416 -480.803 1686.66
-27.2235 -506.592 2143.17
-70.5136 -947.07 2106.6
-19.3084 -94.1225 2046.96
-78.9419 -290.593 2181.58
FRAME: 265
-112.959 167.166 2089.09
-159.42 -277.467 2403.66
-68.5107 -1270.36 2401.04
-360.259 -441.818 2259.32
-114.517 -485.979 2280.83
-145.192 -913.215 2306.52
-161.24 -61.9595 2267.55
-86.8313 -74.2427 2159.41
67.649 -326.86 1980.95
-30.2269 -1328.87 2237.78
-7.20953 -481.991 1710.16
-26.4828 -500.41 2152.21
-72.0816 -938.392 2098.92
-12.4223 -86.5258 2051.27
-78.6657 -283.718 2187.96
FRAME: 266
-104.983 189.96 2117.01
-163.175 -278.771 2407.98
-69.5282 -1232.52 2369.5
-365.413 -449.285 2310.18
-116.353 -477.109 2289.65
-134.86 -913.275 2309.78
-163.41 -53.1701 2280.09
-87.5407 -64.0946 2173.41
66.3578 -319.395 1992.35
-25.5375 -1334.08 2239.05
-23.8462 -483.065 1760.11
-26.7672 -490.214 2163.31
-69.2241 -931.644 2107.43
-11.6715 -75.0191 2066.73
-79.5503 -273.878 2199.94
FRAME: 267
-101.716 204.054 2146.54
-165.31 -281.666 2421.9
-70.5292 -1175.82 2362.29
-363.574 -449.434 2354.59
-111.931 -454.996 2313.57
-130.166 -895.147 2313.06
-167.081 -40.0357 2318.64
-91.8924 -47.2211 2207.49
68.8024 -296.502 2025.2
-32.1534 -1288.61 2249.5
-24.8328 -472.381 1811.47
-24.4165 -463.722 2184.12
-52.6553 -896.864 2121.7
-16.7041 -54.4065 2096.34
-80.033 -253.29 2228.17
FRAME: 268
-96.5327 219.169 2174.7
-165.017 -278.794 2433.27
-57.8365 -1191.04 2415.29
-354.302 -453.513 2388.89
-112.59 -430.374 2347.61
-134.374 -873.137 2328.05
-168.651 -25.8573 2356.97
-92.8314 -30.3784 2244.36
72.6672 -279.266 2056.74
-28.69 -1259.42 2260.29
-31.9349 -471.195 1850.22
-18.665 -436.196 2208.41
-35.0368 -869.324 2140.04
-17.0118 -34.8995 2131.76
-79.2295 -231.832 2261.19
FRAME: 269
-93.0874 230.781 2197.48
-166.096 -273.136 2446.01
-60.5227 -1171.52 2431.42
-358.688 -456.896 2416.63
-116.555 -413.343 2379.41
-138.234 -855.692 2345.84
-167.977 -15.1718 2380.7
-92.4979 -21.1761 2267.09
74.1567 -276.533 2088.42
-29.5467 -1236.34 2277.3
-37.7484 -477.864 1898.98
-17.1871 -421.515 2229.5
-30.6116 -852.766 2165.87
-17.0186 -27.1804 2153.49
-79.6844 -219.302 2285.78
FRAME: 270
-90.0839 247.512 2228.13
-163.575 -271.112 2460.42
-54.1237 -1204.15 2479.26
-334.376 -458.586 2439.68
-118.978 -406.912 2397.59
-147.319 -851.302 2384.57
-166.038 -9.85007 2411.71
-90.9114 -11.5894 2298.86
77.0589 -265.005 2114.21
-22.8481 -1228.01 2305.51
-49.0468 -476.115 1934.17
-16.6347 -409.581 2244.05
-25.047 -849.521 2201.91
-15.7844 -13.3288 2186.01
-79.3589 -209.918 2309.84
FRAME: 271
-87.0388 262.242 2259.44
-168.392 -270.562 2476.61
-69.3353 -1193.85 2467.85
-335.092 -462.727 2457.1
-130.71 -403.731 2430.98
-164.2 -821.073 2437.79
-173.354 -0.812066 2439.31
-90.2397 -3.21246 2330.51
77.963 -263.238 2138.43
-25.6305 -1235.75 2317.25
-51.4879 -474.165 1969.7
-12.6267 -407.038 2276.09
-35.7071 -846.87 2217.13
-7.1258 -5.61285 2221.7
-80.9541 -204.299 2342.02
FRAME: 272
-85.0627 281.832 2311.83
-179.941 -256.699 2524.34
-71.1879 -1190.39 2500.35
-329.613 -471.894 2518.07
-131.356 -392.701 2473.54
-171.826 -805.897 2490.25
-179.82 14.0211 2480.55
-90.3643 11.5217 2376.75
84.1369 -260.163 2219.7
-23.4001 -1220.65 2322.24
-88.0303 -498.026 2046.16
-9.62255 -395.615 2331.06
-26.6471 -826.843 2321.96
-0.908494 9.02234 2272.95
-80.4267 -191.318 2389.52
FRAME: 273
-95.5264 325.312 2399.76
-204.623 -222.433 2641.34
-77.6704 -1168.06 2556.76
-315.92 -448.401 2573.85
-140.063 -363.546 2561.95
-176.819 -784.545 2573.92
-196.279 47.1019 2549.23
-97.1163 37.6342 2441.79
85.6472 -244.967 2282.27
-16.243 -1189.06 2334.52
-20.1052 -463.462 2178.41
-15.5362 -375.159 2427.13
-21.765 -799.749 2372.67
2.04641 28.1664 2334.35
-87.4579 -165.859 2468.17
FRAME: 274
-98.9498 331.901 2411.84
-204.418 -209.594 2672.16
-69.2061 -1155.37 2607.83
-310.324 -445.748 2607.41
-139.271 -355.286 2590.7
-174.787 -780.635 2619.38
-198.114 60.0956 2573.85
-99.0097 51.9124 2469.19
87.7934 -230.891 2337.52
-12.2294 -1171.84 2353.79
-18.2115 -462.793 2220.39
-11.3624 -365.782 2455.59
-18.8098 -784.389 2410.85
0.0945435 43.7291 2364.54
-87.1633 -154.311 2496.17
FRAME: 275
-98.2024 340.209 2434.77
-210.571 -190.839 2707.54
-69.1393 -1089.69 2745.85
-311.2 -436.873 2629.44
-143.274 -343.217 2609.16
-180.513 -769.06 2642.87
-205.096 74.0505 2591
-102.321 66.6649 2489.9
92.7957 -212.877 2386.03
-8.50775 -1162.31 2366.51
-9.14666 -463.071 2274.56
-12.5544 -352.505 2480.44
-9.82562 -752.223 2426.15
0.452809 59.2794 2388.8
-90.1178 -140.598 2517.35
FRAME: 276
-98.029 347.754 2454.42
-215.673 -169.191 2731.86
-70.6753 -1078.4 2787.38
-320.923 -437.163 2670.99
-146.263 -335.442 2626.69
-182.368 -762.233 2671.86
-208.617 87.3031 2606.15
-100.347 80.1363 2509.82
98.9295 -209.587 2418.06
-6.95002 -1147.5 2379.93
4.20682 -467.019 2288.06
-9.73649 -344.448 2504.84
-3.09431 -739.915 2434.07
7.92299 72.9696 2413.48
-89.1736 -129.904 2537.79
FRAME: 277
-99.8878 354.896 2472.61
-219.361 -158.967 2745.55
-55.8319 -1075.87 2825.55
-319.849 -443.166 2699.54
-150.68 -320.968 2639.93
-177.318 -746.054 2691.66
-215.486 93.4753 2618.35
-101.259 86.4107 2526.56
105.867 -197.809 2450.81
-5.38814 -1146.92 2395.61
12.6259 -449.628 2341.54
-10.4782 -329.63 2527.18
0.171648 -722.63 2443.12
12.9683 79.3461 2434.78
-90.919 -119.444 2555.06
FRAME: 278
-100.325 365.749 2487.65
-222.6 -148.842 2753.76
-43.6856 -1092.81 2840.8
-318.407 -442.356 2737.32
-155.071 -312.165 2647.27
-170.081 -740.088 2706.59
-216.884 102.425 2629.01
-99.7273 97.1829 2543.34
107.702 -181.898 2481.33
-1.50606 -1149.65 2421.44
25.1225 -447.051 2386.32
-7.74338 -318.738 2539.34
1.34191 -721.226 2455.08
17.4293 91.9409 2457.67
-90.5674 -109.134 2568.32
FRAME: 279
-99.0291 381.746 2506.7
-232.709 -144.747 2762.61
-40.3921 -1092.29 2845.6
-318.232 -440.07 2792.75
-156.564 -304.701 2658.6
-163.739 -737.81 2721.94
-222.988 108.843 2647.74
-102.548 107.691 2566.22
111.934 -161.194 2517.43
6.91057 -1150.12 2455.11
68.6889 -398.29 2446.72
-2.19617 -306.135 2553.93
6.59793 -715.817 2491.87
17.8927 106.538 2484.7
-90.9639 -98.8636 2586.24
FRAME: 280
-98.4829 394.417 2526.41
-241.312 -136.453 2772.1
-29.9924 -1091.95 2878.45
-313.94 -436.758 2802.17
-156.81 -296.73 2672.23
-158.027 -730.402 2749.8
-227.422 118.901 2663.27
-104.072 119.515 2585.79
116.44 -141.687 2543.41
11.8644 -1147.64 2482.25
80.958 -395.696 2469.3
-0.31857 -295.884 2573.76
3.71488 -715.3 2528.21
19.2775 120.129 2508.3
-91.3182 -88.3962 2604.39
FRAME: 281
-98.9628 403.897 2543.37
-246.925 -129.337 2785.61
-30.1454 -1080.68 2894.43
-318.241 -439.228 2831.54
-156.952 -291.368 2683.74
-151.776 -725.839 2765.11
-229.823 125.874 2675.67
-103.836 127.683 2600.22
119.066 -131.458 2568.64
31.1838 -1124.79 2560.4
92.3634 -402.644 2486.1
3.63395 -288.994 2587.44
8.63007 -715.326 2552.55
22.151 129.491 2524.77
-90.2474 -81.249 2617.91
FRAME: 282
-99.7007 409.052 2554.15
-251.763 -124.497 2796.23
-32.8708 -1075.95 2912.87
-312.819 -429.278 2857.82
-157.741 -285.878 2697.62
-147.605 -720.811 2777.38
-231.79 130.095 2684.59
-103.66 131.809 2611.48
120.903 -129.201 2585.62
51.8103 -1105.71 2699.75
105.51 -389.651 2518.25
6.48606 -283.602 2603.79
13.6887 -713.502 2576.82
24.4698 133.524 2538.38
-89.6439 -76.4652 2631.1
FRAME: 283
-98.791 413.901 2564.28
-254.968 -123.409 2802.24
-34.4283 -1078.29 2915.21
-314.662 -426.737 2869.03
-157.555 -282.713 2710.28
-145.902 -718.279 2789.6
-233.163 133.08 2693.5
-103.641 134.828 2621.98
123.394 -123.515 2606.06
54.786 -1107.12 2723.6
128.665 -392.722 2541.28
8.78382 -280.384 2618.32
19.2458 -712.358 2602.81
25.8808 136.575 2550.46
-89.0133 -73.3604 2643.14
FRAME: 284
-98.2749 417.068 2572.06
-259.739 -123.517 2806.56
-31.9108 -1076.86 2918.51
-316.345 -426.993 2866.54
-156.965 -280.399 2720.95
-142.737 -715.705 2803.63
-234.326 135.333 2699.11
-102.818 136.567 2629.47
126.484 -119.986 2624.03
52.5071 -1085.62 2753.58
125.105 -407.871 2562.62
9.79038 -278.728 2632.62
19.022 -703.667 2617.27
28.69 137.802 2559.83
-88.2026 -71.4983 2653.13
FRAME: 285
-95.9299 420.945 2581.19
-261.267 -125.755 2806.48
-25.9032 -1087 2924.08
-310.763 -432.398 2877.65
-154.326 -279.998 2730.88
-140.159 -717.052 2810.9
-233.589 136.729 2702.12
-101.063 138.185 2635.94
129.932 -114.48 2635.92
49.2912 -1085.86 2787.15
139.024 -392.486 2598.3
14.7398 -278.016 2646.45
25.2431 -706.945 2639.93
31.4629 139.641 2569.75
-85.428 -70.411 2662.3
FRAME: 286
-91.9255 422.72 2592.33
-263.089 -126.147 2808.36
-11.856 -1094.16 2938.97
-309.134 -422.822 2870.62
-151.312 -280.141 2743.64
-133.755 -721.193 2824.55
-234.311 137.605 2703.66
-99.7089 140.111 2643.04
131.914 -104.008 2654.32
52.9469 -1088.25 2829.88
147.541 -390.032 2619.13
23.6221 -276.716 2664.85
41.6847 -711.679 2670.89
34.8935 142.617 2582.42
-81.777 -69.159 2673.64
FRAME: 287
-90.0881 424.586 2599.65
-264.251 -126.147 2808.18
-16.2654 -1093.88 2946.88
-306.156 -423.434 2861.23
-149.623 -278.661 2751.63
-128.102 -720.719 2833.38
-233.982 138.16 2704.94
-98.2394 142.308 2650.16
134.747 -99.2739 2671.22
55.0748 -1086.26 2853.56
128.35 -380.783 2601.69
32.1044 -272.86 2678.29
51.1604 -708.234 2699.82
37.5033 146.457 2595.37
-78.4995 -66.7263 2682.56
FRAME: 288
-87.9244 424.389 2603.62
-265.091 -129.541 2811.36
-24.5033 -1088.76 2952.67
-305.341 -430.543 2867.7
-147.516 -277.181 2759.21
-122.299 -717.295 2838.48
-233.465 137.859 2706.48
-97.0186 143.092 2655.63
135.252 -95.7497 2687.57
59.6605 -1080.91 2873.66
144.37 -380.027 2644.5
38.5523 -269.637 2689.77
62.6524 -697.683 2726.31
39.4277 148.326 2604.77
-75.7503 -65.1584 2690.06
FRAME: 289
-86.3127 424.391 2609.42
-265.236 -129.81 2811.95
-29.6211 -1088.77 2955.71
-302.354 -433.826 2855.14
-147.28 -274.692 2762.69
-122.177 -713.965 2837.87
-232.934 138.1 2707.89
-92.898 144.566 2663.68
137.579 -97.8678 2710.25
64.1097 -1084.67 2887.85
167.634 -380.65 2685.59
44.8707 -265.371 2701.99
69.5859 -694.26 2752.28
47.1383 151.033 2619.46
-72.0513 -62.7325 2698.01
FRAME: 290
-83.5769 426.134 2613.83
-265.773 -132.917 2814.28
-38.7597 -1092.2 2962.63
-297.525 -440.68 2843.66
-145.024 -273.088 2768.33
-119.146 -712.711 2840.56
-231.909 137.185 2709.34
-91.5779 144.745 2667.66
141.088 -94.9255 2726.01
71.5014 -1090.07 2901.12
167.62 -385.687 2698.74
50.2356 -262.137 2710.27
75.2122 -691.329 2771.34
48.7535 152.305 2625.97
-69.4861 -61.4341 2703.48
FRAME: 291
-80.5896 427.077 2617.6
-264.658 -131.869 2813.89
-37.5241 -1098.1 2963.34
-288.526 -438.947 2832.54
-143.723 -273.278 2772.68
-112.13 -712.752 2845.25
-231.342 137.682 2710.04
-88.8859 145.967 2672.01
142.422 -91.6126 2740.74
78.7065 -1089.81 2913.17
171.087 -384.854 2706.49
54.9401 -261.274 2719.57
77.4141 -695.706 2785.3
53.5707 154.251 2633.98
-66.6387 -60.6546 2709.07
FRAME: 292
-77.5321 429.02 2620.63
-263.02 -131.345 2812.45
-35.5166 -1104.36 2969.49
-280.937 -431.11 2793.37
-142.167 -273.975 2773.81
-109.446 -714.989 2847.54
-230.026 138.723 2710.41
-83.9044 147.654 2678.31
143.295 -93.4482 2744.44
80.743 -1093.44 2921.57
187.293 -381.272 2740.62
58.7432 -261.282 2729.62
81.5219 -699.012 2792.36
62.2169 156.584 2646.2
-62.8082 -59.9872 2715.01
FRAME: 293
-76.1363 430.401 2623.39
-261.899 -134.581 2810.04
-33.9707 -1101.43 2963.5
-279.377 -430.307 2778.46
-139.262 -274.217 2774.18
-107.063 -715.569 2846.79
-229.256 139.224 2711.72
-80.9185 149.095 2683.51
143.485 -95.937 2749.15
80.7832 -1093.08 2923.26
196.178 -376.794 2748.92
61.2812 -260.534 2735.95
86.8315 -699.707 2798.66
67.4189 158.966 2655.3
-59.9544 -59.1404 2719.29
FRAME: 294
-72.719 431.146 2627.66
-261.024 -136.732 2808.3
-33.5653 -1101.95 2963.97
-269.356 -436.385 2772.3
-134.654 -272.12 2776.55
-104.57 -716.144 2847.78
-228.663 138.166 2712.2
-79.075 149.795 2686.87
143.772 -99.0735 2755.24
82.8863 -1087.09 2925.6
192.32 -384.124 2737.51
66.5243 -256.077 2742.38
88.8833 -693.804 2800.35
70.5126 161.424 2661.54
-56.57 -57.1518 2723.17
FRAME: 295
-68.96 432.983 2631.16
-260.035 -140.779 2805.61
-32.5144 -1104.35 2963.79
-268.761 -436.453 2742.8
-130.4 -272.892 2778.13
-103.301 -717.602 2848.44
-227.946 136.886 2713.52
-77.7063 150.087 2689.81
144.873 -99.3475 2756.8
80.2177 -1081.88 2928.58
197.763 -377.901 2752.67
71.5039 -254.758 2746.19
92.4469 -689.982 2802.12
72.5332 163.289 2666.1
-53.5771 -56.8688 2725.98
FRAME: 296
-66.4315 432.144 2633.11
-256.854 -143.095 2800.31
-31.0493 -1100.34 2964.98
-257.081 -440.016 2725.81
-126.326 -272.886 2779.44
-100.926 -715.549 2849.92
-226.638 135.349 2712.59
-75.1965 149.517 2690.91
146.532 -103.227 2764.98
80.2434 -1078.81 2930.67
204.458 -377.005 2779.22
75.4396 -253.634 2750.5
94.4737 -687.125 2802.48
76.2447 163.686 2669.23
-50.3198 -56.8715 2727.94
FRAME: 297
-63.4907 433.88 2635.29
-249.14 -147.699 2790.93
-32.3043 -1101.17 2964.14
-256.742 -442.284 2699.64
-121.444 -273.386 2781.93
-99.1925 -717.091 2852.37
-224.225 133.248 2712.93
-72.1901 149.592 2694.53
150.496 -101.326 2777.14
83.5598 -1074.64 2934.46
203.887 -380.012 2764.38
84.7033 -250.882 2756.87
93.4079 -684.006 2803.5
79.8447 165.936 2676.13
-45.2802 -56.2711 2731.97
FRAME: 298
-59.6377 434.358 2638.14
-243.936 -146.537 2781.41
-29.3058 -1092.68 2966.38
-240.654 -444.544 2676.05
-118.54 -272.358 2781.87
-96.7258 -714.688 2853.66
-219.806 133.998 2712.71
-68.1172 150.461 2697.25
151.717 -100.698 2782.4
82.3947 -1070.87 2930.13
205.839 -380.755 2765.88
87.7711 -249.564 2760.65
92.4762 -682.257 2802.7
83.5721 166.924 2681.8
-41.7509 -55.2499 2734.26
FRAME: 299
-55.9708 433.831 2640.52
-238.488 -146.502 2772.09
-27.0025 -1096.44 2965.53
-239.907 -450.839 2645.33
-114.682 -271.967 2780.78
-93.733 -713.394 2854.97
-219.062 134.551 2714.03
-66.1881 151.242 2699.12
151.979 -95.9217 2789.28
82.2755 -1062.59 2936.02
210.1 -375.931 2799.7
87.3425 -249.607 2760.9
94.8657 -679.149 2805.42
86.6858 167.934 2684.21
-39.929 -54.7724 2734.98

