FRAME: 0
0 0 0
0 0 0
0 0 0
0 0 0
0 0 0
0 0 0
0 0 0
0 0 0
0 0 0
0 0 0
0 0 0
0 0 0
0 0 0
0 0 0
0 0 0
FRAME: 1
0 0 0
0 0 0
0 0 0
0 0 0
0 0 0
0 0 0
0 0 0
0 0 0
0 0 0
0 0 0
0 0 0
0 0 0
0 0 0
0 0 0
0 0 0
FRAME: 2
0 0 0
0 0 0
0 0 0
0 0 0
0 0 0
0 0 0
0 0 0
0 0 0
0 0 0
0 0 0
0 0 0
0 0 0
0 0 0
0 0 0
0 0 0
FRAME: 3
0 0 0
0 0 0
0 0 0
0 0 0
0 0 0
0 0 0
0 0 0
0 0 0
0 0 0
0 0 0
0 0 0
0 0 0
0 0 0
0 0 0
0 0 0
FRAME: 4
0 0 0
0 0 0
0 0 0
0 0 0
0 0 0
0 0 0
0 0 0
0 0 0
0 0 0
0 0 0
0 0 0
0 0 0
0 0 0
0 0 0
0 0 0
FRAME: 5
0 0 0
0 0 0
0 0 0
0 0 0
0 0 0
0 0 0
0 0 0
0 0 0
0 0 0
0 0 0
0 0 0
0 0 0
0 0 0
0 0 0
0 0 0
FRAME: 6
0 0 0
0 0 0
0 0 0
0 0 0
0 0 0
0 0 0
0 0 0
0 0 0
0 0 0
0 0 0
0 0 0
0 0 0
0 0 0
0 0 0
0 0 0
FRAME: 7
0 0 0
0 0 0
0 0 0
0 0 0
0 0 0
0 0 0
0 0 0
0 0 0
0 0 0
0 0 0
0 0 0
0 0 0
0 0 0
0 0 0
0 0 0
FRAME: 8
0 0 0
0 0 0
0 0 0
0 0 0
0 0 0
0 0 0
0 0 0
0 0 0
0 0 0
0 0 0
0 0 0
0 0 0
0 0 0
0 0 0
0 0 0
FRAME: 9
0 0 0
0 0 0
0 0 0
0 0 0
0 0 0
0 0 0
0 0 0
0 0 0
0 0 0
0 0 0
0 0 0
0 0 0
0 0 0
0 0 0
0 0 0
FRAME: 10
0 0 0
0 0 0
0 0 0
0 0 0
0 0 0
0 0 0
0 0 0
0 0 0
0 0 0
0 0 0
0 0 0
0 0 0
0 0 0
0 0 0
0 0 0
FRAME: 11
0 0 0
0 0 0
0 0 0
0 0 0
0 0 0
0 0 0
0 0 0
0 0 0
0 0 0
0 0 0
0 0 0
0 0 0
0 0 0
0 0 0
0 0 0
FRAME: 12
0 0 0
0 0 0
0 0 0
0 0 0
0 0 0
0 0 0
0 0 0
0 0 0
0 0 0
0 0 0
0 0 0
0 0 0
0 0 0
0 0 0
0 0 0
FRAME: 13
0 0 0
0 0 0
0 0 0
0 0 0
0 0 0
0 0 0
0 0 0
0 0 0
0 0 0
0 0 0
0 0 0
0 0 0
0 0 0
0 0 0
0 0 0
FRAME: 14
0 0 0
0 0 0
0 0 0
0 0 0
0 0 0
0 0 0
0 0 0
0 0 0
0 0 0
0 0 0
0 0 0
0 0 0
0 0 0
0 0 0
0 0 0
FRAME: 15
0 0 0
0 0 0
0 0 0
0 0 0
0 0 0
0 0 0
0 0 0
0 0 0
0 0 0
0 0 0
0 0 0
0 0 0
0 0 0
0 0 0
0 0 0
FRAME: 16
0 0 0
0 0 0
0 0 0
0 0 0
0 0 0
0 0 0
0 0 0
0 0 0
0 0 0
0 0 0
0 0 0
0 0 0
0 0 0
0 0 0
0 0 0
FRAME: 17
0 0 0
0 0 0
0 0 0
0 0 0
0 0 0
0 0 0
0 0 0
0 0 0
0 0 0
0 0 0
0 0 0
0 0 0
0 0 0
0 0 0
0 0 0
FRAME: 18
0 0 0
0 0 0
0 0 0
0 0 0
0 0 0
0 0 0
0 0 0
0 0 0
0 0 0
0 0 0
0 0 0
0 0 0
0 0 0
0 0 0
0 0 0
FRAME: 19
0 0 0
0 0 0
0 0 0
0 0 0
0 0 0
0 0 0
0 0 0
0 0 0
0 0 0
0 0 0
0 0 0
0 0 0
0 0 0
0 0 0
0 0 0
FRAME: 20
0 0 0
0 0 0
0 0 0
0 0 0
0 0 0
0 0 0
0 0 0
0 0 0
0 0 0
0 0 0
0 0 0
0 0 0
0 0 0
0 0 0
0 0 0
FRAME: 21
0 0 0
0 0 0
0 0 0
0 0 0
0 0 0
0 0 0
0 0 0
0 0 0
0 0 0
0 0 0
0 0 0
0 0 0
0 0 0
0 0 0
0 0 0
FRAME: 22
0 0 0
0 0 0
0 0 0
0 0 0
0 0 0
0 0 0
0 0 0
0 0 0
0 0 0
0 0 0
0 0 0
0 0 0
0 0 0
0 0 0
0 0 0
FRAME: 23
0 0 0
0 0 0
0 0 0
0 0 0
0 0 0
0 0 0
0 0 0
0 0 0
0 0 0
0 0 0
0 0 0
0 0 0
0 0 0
0 0 0
0 0 0
FRAME: 24
0 0 0
0 0 0
0 0 0
0 0 0
0 0 0
0 0 0
0 0 0
0 0 0
0 0 0
0 0 0
0 0 0
0 0 0
0 0 0
0 0 0
0 0 0
FRAME: 25
0 0 0
0 0 0
0 0 0
0 0 0
0 0 0
0 0 0
0 0 0
0 0 0
0 0 0
0 0 0
0 0 0
0 0 0
0 0 0
0 0 0
0 0 0
FRAME: 26
0 0 0
0 0 0
0 0 0
0 0 0
0 0 0
0 0 0
0 0 0
0 0 0
0 0 0
0 0 0
0 0 0
0 0 0
0 0 0
0 0 0
0 0 0
FRAME: 27
0 0 0
0 0 0
0 0 0
0 0 0
0 0 0
0 0 0
0 0 0
0 0 0
0 0 0
0 0 0
0 0 0
0 0 0
0 0 0
0 0 0
0 0 0
FRAME: 28
0 0 0
0 0 0
0 0 0
0 0 0
0 0 0
0 0 0
0 0 0
0 0 0
0 0 0
0 0 0
0 0 0
0 0 0
0 0 0
0 0 0
0 0 0
FRAME: 29
0 0 0
0 0 0
0 0 0
0 0 0
0 0 0
0 0 0
0 0 0
0 0 0
0 0 0
0 0 0
0 0 0
0 0 0
0 0 0
0 0 0
0 0 0
FRAME: 30
0 0 0
0 0 0
0 0 0
0 0 0
0 0 0
0 0 0
0 0 0
0 0 0
0 0 0
0 0 0
0 0 0
0 0 0
0 0 0
0 0 0
0 0 0
FRAME: 31
0 0 0
0 0 0
0 0 0
0 0 0
0 0 0
0 0 0
0 0 0
0 0 0
0 0 0
0 0 0
0 0 0
0 0 0
0 0 0
0 0 0
0 0 0
FRAME: 32
0 0 0
0 0 0
0 0 0
0 0 0
0 0 0
0 0 0
0 0 0
0 0 0
0 0 0
0 0 0
0 0 0
0 0 0
0 0 0
0 0 0
0 0 0
FRAME: 33
0 0 0
0 0 0
0 0 0
0 0 0
0 0 0
0 0 0
0 0 0
0 0 0
0 0 0
0 0 0
0 0 0
0 0 0
0 0 0
0 0 0
0 0 0
FRAME: 34
0 0 0
0 0 0
0 0 0
0 0 0
0 0 0
0 0 0
0 0 0
0 0 0
0 0 0
0 0 0
0 0 0
0 0 0
0 0 0
0 0 0
0 0 0
FRAME: 35
0 0 0
0 0 0
0 0 0
0 0 0
0 0 0
0 0 0
0 0 0
0 0 0
0 0 0
0 0 0
0 0 0
0 0 0
0 0 0
0 0 0
0 0 0
FRAME: 36
0 0 0
0 0 0
0 0 0
0 0 0
0 0 0
0 0 0
0 0 0
0 0 0
0 0 0
0 0 0
0 0 0
0 0 0
0 0 0
0 0 0
0 0 0
FRAME: 37
0 0 0
0 0 0
0 0 0
0 0 0
0 0 0
0 0 0
0 0 0
0 0 0
0 0 0
0 0 0
0 0 0
0 0 0
0 0 0
0 0 0
0 0 0
FRAME: 38
0 0 0
0 0 0
0 0 0
0 0 0
0 0 0
0 0 0
0 0 0
0 0 0
0 0 0
0 0 0
0 0 0
0 0 0
0 0 0
0 0 0
0 0 0
FRAME: 39
0 0 0
0 0 0
0 0 0
0 0 0
0 0 0
0 0 0
0 0 0
0 0 0
0 0 0
0 0 0
0 0 0
0 0 0
0 0 0
0 0 0
0 0 0
FRAME: 40
0 0 0
0 0 0
0 0 0
0 0 0
0 0 0
0 0 0
0 0 0
0 0 0
0 0 0
0 0 0
0 0 0
0 0 0
0 0 0
0 0 0
0 0 0
FRAME: 41
0 0 0
0 0 0
0 0 0
0 0 0
0 0 0
0 0 0
0 0 0
0 0 0
0 0 0
0 0 0
0 0 0
0 0 0
0 0 0
0 0 0
0 0 0
FRAME: 42
0 0 0
0 0 0
0 0 0
0 0 0
0 0 0
0 0 0
0 0 0
0 0 0
0 0 0
0 0 0
0 0 0
0 0 0
0 0 0
0 0 0
0 0 0
FRAME: 43
0 0 0
0 0 0
0 0 0
0 0 0
0 0 0
0 0 0
0 0 0
0 0 0
0 0 0
0 0 0
0 0 0
0 0 0
0 0 0
0 0 0
0 0 0
FRAME: 44
0 0 0
0 0 0
0 0 0
0 0 0
0 0 0
0 0 0
0 0 0
0 0 0
0 0 0
0 0 0
0 0 0
0 0 0
0 0 0
0 0 0
0 0 0
FRAME: 45
0 0 0
0 0 0
0 0 0
0 0 0
0 0 0
0 0 0
0 0 0
0 0 0
0 0 0
0 0 0
0 0 0
0 0 0
0 0 0
0 0 0
0 0 0
FRAME: 46
0 0 0
0 0 0
0 0 0
0 0 0
0 0 0
0 0 0
0 0 0
0 0 0
0 0 0
0 0 0
0 0 0
0 0 0
0 0 0
0 0 0
0 0 0
FRAME: 47
0 0 0
0 0 0
0 0 0
0 0 0
0 0 0
0 0 0
0 0 0
0 0 0
0 0 0
0 0 0
0 0 0
0 0 0
0 0 0
0 0 0
0 0 0
FRAME: 48
0 0 0
0 0 0
0 0 0
0 0 0
0 0 0
0 0 0
0 0 0
0 0 0
0 0 0
0 0 0
0 0 0
0 0 0
0 0 0
0 0 0
0 0 0
FRAME: 49
0 0 0
0 0 0
0 0 0
0 0 0
0 0 0
0 0 0
0 0 0
0 0 0
0 0 0
0 0 0
0 0 0
0 0 0
0 0 0
0 0 0
0 0 0
FRAME: 50
0 0 0
0 0 0
0 0 0
0 0 0
0 0 0
0 0 0
0 0 0
0 0 0
0 0 0
0 0 0
0 0 0
0 0 0
0 0 0
0 0 0
0 0 0
FRAME: 51
0 0 0
0 0 0
0 0 0
0 0 0
0 0 0
0 0 0
0 0 0
0 0 0
0 0 0
0 0 0
0 0 0
0 0 0
0 0 0
0 0 0
0 0 0
FRAME: 52
0 0 0
0 0 0
0 0 0
0 0 0
0 0 0
0 0 0
0 0 0
0 0 0
0 0 0
0 0 0
0 0 0
0 0 0
0 0 0
0 0 0
0 0 0
FRAME: 53
0 0 0
0 0 0
0 0 0
0 0 0
0 0 0
0 0 0
0 0 0
0 0 0
0 0 0
0 0 0
0 0 0
0 0 0
0 0 0
0 0 0
0 0 0
FRAME: 54
0 0 0
0 0 0
0 0 0
0 0 0
0 0 0
0 0 0
0 0 0
0 0 0
0 0 0
0 0 0
0 0 0
0 0 0
0 0 0
0 0 0
0 0 0
FRAME: 55
7.14248 353.692 2168.83
57.174 204.587 1820.24
36.4211 -940.429 2431.04
196.468 429.625 1741.04
85.188 -212.369 2220.85
109.329 -620.756 2251.84
13.7032 127.947 2050.14
43.6476 142.506 2064.85
108.124 309.356 1905.78
132.255 -892.543 2565.58
136.807 483.288 1657.9
169.135 -171.732 2258.52
275.604 -564.806 2356.4
73.592 157.065 2079.55
85.4045 -24.7721 2152.27
FRAME: 56
4.52731 353.356 2169.37
52.2716 221.964 1869.12
35.8411 -901.336 2431.37
70.166 269.002 1900.8
86.6138 -202.822 2206.38
108.069 -624.384 2256.46
3.51915 150.464 2091.02
41.7597 165.68 2120.22
172.967 216.069 2129.91
101.528 -904.299 2556.02
157.492 387.943 1640.65
167.739 -170.717 2254.12
263.649 -578.575 2355.89
80.0003 180.896 2149.41
84.468 -10.5448 2175.23
FRAME: 57
2.92841 355.496 2162.61
53.024 161.868 1863.05
46.7294 -906.655 2440.2
140.299 270.604 1738.22
78.3986 -211.267 2205.36
96.8329 -615.789 2264.64
-3.10682 145.967 2098.1
40.4015 164.743 2128.32
139.983 214.19 1987.71
78.1469 -893.552 2511.47
177.127 310.853 1615.69
171.881 -170.539 2266.97
263.723 -570.895 2370.92
83.9098 183.519 2158.54
82.7706 -13.08 2182.24
FRAME: 58
2.38708 356.945 2164.16
75.181 105.349 1864.24
48.7082 -888.183 2436.19
209.224 150.443 1665.93
79.1074 -209.006 2206.51
92.3605 -612.822 2265.02
-0.178634 134.107 2108.32
58.1117 154.891 2143.41
182.111 182.14 2002.47
70.8609 -897.592 2457.22
193.714 184.792 1576.89
178.374 -172.332 2267.13
268.398 -567.415 2377.01
116.402 175.675 2178.5
93.4261 -17.8891 2190.12
FRAME: 59
23.103 380.796 2189.15
52.7982 40.6402 1893.81
53.0061 -905.126 2438.36
204.949 77.3203 1679.95
76.0464 -198.08 2214.49
87.4919 -598.439 2275.68
-2.73441 156.14 2119.45
60.8708 175.839 2148.16
189.18 129.043 1996.96
64.2013 -890.564 2461.93
195.208 90.2073 1573.21
185.451 -164.014 2263.5
254.057 -560.458 2358.72
124.476 195.539 2176.87
95.8097 -2.60363 2193.58
FRAME: 60
19.298 383.781 2170.25
46.2153 13.3197 1909.38
51.7012 -906.164 2432.61
197.174 -57.3463 1672.24
78.7277 -214.629 2219.31
84.9492 -602.504 2278.31
-3.81325 148.943 2121.47
61.264 168.784 2145.06
172.384 82.1137 1951.6
49.358 -887.971 2454.91
194.829 9.61442 1615.68
199.04 -178.022 2263.05
251.068 -566.382 2396.82
126.341 188.624 2168.66
100.074 -13.7707 2193.12
FRAME: 61
41.6652 444.25 2192.42
2.87233 9.16674 1957.84
50.1507 -920.796 2456.61
188.719 -97.489 1711.3
75.5709 -155.556 2225.12
87.2586 -581.948 2284.48
-8.7856 217.897 2132.81
48.5371 233.422 2144.72
181.145 184.791 2037.66
54.2761 -878.791 2464.61
84.5542 219.375 1856.68
176.812 -129.56 2235.84
250.971 -526.536 2355.7
105.86 248.947 2156.62
87.3643 45.4319 2187.6
FRAME: 62
25.6437 430.524 2151.59
-15.1395 4.11262 1974.87
52.7761 -922.204 2460.26
146.153 -158.96 1688
61.5611 -141.693 2213.86
92.8947 -568.528 2286.39
-11.5256 229.362 2128.55
44.3211 242.75 2137.51
188.316 280.124 2056.5
50.8996 -879.226 2459.65
46.7767 442.901 2059.64
172.835 -115.42 2230.15
248.092 -525.209 2347.29
100.168 256.137 2146.48
80.7594 57.0968 2179.76
FRAME: 63
22.2374 417.128 2123.89
-24.4565 -7.42132 2042.22
55.6582 -903.535 2464.4
100.637 -273.851 1822.84
63.9075 -123.683 2228
93.8673 -540.283 2298.49
-12.351 237.219 2122.52
38.5829 250.811 2133.59
194.954 410.367 2069.2
70.7518 -869.17 2469.66
15.4685 580.615 1934.12
149.864 -100.475 2247.88
239.736 -510.569 2343.9
89.5169 264.404 2144.66
72.7344 69.3663 2185.76
FRAME: 64
20.8754 420.927 2108.37
-27.8562 -25.1738 2065.13
51.2333 -899.987 2468.39
73.9706 -324.061 1879.45
53.5875 -109.498 2236.72
66.3239 -524.568 2316.61
-18.5752 248.243 2113.91
35.594 262.617 2126.16
188.024 475.014 2030.25
79.2266 -867.08 2436.76
-4.8021 706.945 1865.23
144.286 -84.9526 2259.27
247.546 -480.333 2358.42
89.7632 276.992 2138.41
67.2655 82.696 2187.08
FRAME: 65
33.1013 424.765 2095.25
-40.0851 -40.2013 2125.43
49.5841 -891.759 2469.95
49.0824 -360.435 1931.29
51.0966 -111.687 2240.42
61.3842 -533.504 2315.6
-21.4527 244.95 2117.17
38.6078 261.046 2129.95
187.235 460.996 2023.98
144.515 -836.17 2591.84
57.1892 683.061 1820.9
153.036 -84.6489 2264.4
274.214 -487.456 2379.56
98.6684 277.142 2142.73
70.337 81.4392 2191.18
FRAME: 66
35.023 409.861 2092.52
-55.9175 -28.9646 2156.21
48.8095 -895.326 2485.2
13.5274 -363.195 1986.85
52.0771 -124.535 2255.07
62.0893 -545.216 2331.51
-29.5551 234.249 2138.83
36.3769 250.772 2143.68
188.221 441.141 2026.88
182.314 -822.472 2624.6
117.063 663.093 1842.68
164.512 -96.1319 2267.33
285.37 -500.821 2379.32
102.309 267.294 2148.54
72.3356 70.219 2202.44
FRAME: 67
23.4296 384.07 2091.64
-67.9176 -32.4664 2175.05
51.0082 -900.03 2488.93
-7.6875 -377.547 2039.01
51.404 -132.783 2264.79
64.6745 -548.005 2338.31
-27.9787 233.972 2135.24
37.7291 249.521 2138.74
178.299 415.278 2003.66
204.874 -821.138 2681.06
131.385 589.603 1826.51
178.874 -102.474 2272.49
290.959 -519.299 2407.07
103.437 265.07 2142.24
76.4341 65.9462 2203.69
FRAME: 68
23.5529 384.727 2091.71
-76.5273 -42.7529 2188.75
47.8108 -901.063 2485.84
-55.045 -404.922 2131.36
44.3056 -142.945 2270.81
54.7061 -564.747 2345.29
-22.5054 223.397 2128.26
42.0039 240.581 2137.28
206.225 387.326 1986.15
208.328 -829.836 2689.52
419.19 464.093 1639.33
179.733 -106.771 2294.35
286.458 -522.919 2420.09
106.513 257.766 2146.31
77.0117 57.8617 2209.93
FRAME: 69
14.7866 375.26 2086.26
-54.7083 -22.6545 2157.31
38.0586 -883.466 2476.34
-13.3287 -344.682 2124.73
39.0865 -134.369 2265.33
36.9513 -545.074 2349.24
-26.0336 205.607 2103.92
47.3984 231.767 2127.52
283.557 354.104 1948.6
231.562 -838.949 2724.77
437.103 412.922 1711.01
164.967 -83.8431 2319.46
293.105 -513.874 2441.5
120.83 257.927 2151.12
74.7125 61.3304 2209.96
FRAME: 70
-10.0018 346.916 2059.25
-69.8988 -28.2271 2182.38
29.6511 -892.224 2478.89
-99.938 -395.378 2217.84
28.3845 -147.444 2278.29
24.0464 -555.41 2360.43
-40.3334 192.991 2111.48
41.888 218.449 2135.78
287.505 332.887 1956.39
236.273 -844.708 2741.28
506.733 254.518 1755.97
161.395 -104.905 2322.7
296.805 -535.642 2447.12
124.109 243.908 2160.07
68.3889 46.1374 2218.14
FRAME: 71
-14.3225 341.644 2052.35
-137.156 -45.7997 2227.93
33.7761 -900.067 2487.18
-140.94 -367.105 2301.49
19.4648 -158.636 2297.86
20.501 -565.432 2370.6
-60.1988 179.599 2111.53
31.7761 206.672 2134.75
318.692 250.937 1986.46
226.234 -841.817 2741.29
548.759 38.2828 1825.8
157.611 -117.717 2333.1
272.596 -553.158 2443.67
123.751 233.744 2157.97
60.1571 34.2476 2225.12
FRAME: 72
-15.9406 339.86 2049.15
-146.656 -50.6479 2239.52
35.5716 -909.586 2497.15
-163.403 -353.591 2326.13
10.7028 -171.977 2314.8
16.7051 -582.396 2380.07
-70.7472 166.036 2120.05
18.1846 189.813 2131.29
338.395 205.577 1998.69
219.902 -836.561 2738.45
546.271 129.689 1797.08
160.101 -131.799 2333.8
259.75 -567.083 2433.81
107.116 213.59 2142.53
51.7934 18.9626 2227.8
FRAME: 73
-11.306 340.866 2050.65
-156.796 -65.0811 2256.19
34.3352 -904.56 2497.42
-178.606 -353.564 2355.02
3.87046 -180.391 2320.15
11.8825 -583.198 2384.97
-83.9423 152.004 2120.49
10.1252 177.676 2129.65
339.88 182.5 2003.44
200.275 -846.231 2697.17
562.558 66.2178 1856.57
161.513 -137.167 2335.72
252.019 -568.997 2433.15
104.193 203.348 2138.81
46.4085 9.44869 2228.79
FRAME: 74
-14.0574 339.359 2045.13
-162.889 -69.2174 2268.11
31.8558 -906.592 2505.52
-194.497 -343.964 2371.87
-1.32978 -181.565 2325.57
12.9513 -578.581 2389.66
-90.2521 144.169 2118.91
6.67652 169.083 2126.01
341.325 163.515 2012.51
202.378 -845.484 2716.45
565.084 58.4579 1912.3
154.357 -141.349 2337.4
241.312 -568.836 2435.7
103.605 193.998 2133.11
41.595 3.81305 2228.75
FRAME: 75
-11.5155 337.468 2044.55
-166.738 -67.3138 2271.52
29.8033 -902.04 2501.85
-204.459 -328.997 2388.69
-7.12986 -179.978 2325.81
8.79414 -571.179 2386.05
-92.2189 136.353 2116.63
11.0743 161.829 2124.66
339.714 143.116 2013.99
232.562 -835.691 2681.49
546.826 24.6574 1872.38
155.695 -139.783 2338.51
234.941 -570.561 2443.57
114.367 187.305 2132.68
42.6783 0.974132 2228.41
FRAME: 76
-9.19344 335.899 2041.56
-171.106 -58.9713 2284.26
34.1787 -914.911 2508.33
-228.752 -301.666 2399.85
-13.7102 -186.978 2330.8
12.0371 -577.413 2389.91
-94.5091 137.725 2121.26
10.7947 157.356 2124.55
342.455 119.305 2019.01
246.822 -815.94 2629.48
561.63 14.2852 1937.43
145.333 -157.247 2335.93
226.626 -582.788 2451.63
116.099 176.986 2127.83
38.303 -7.37838 2228.96
FRAME: 77
-3.83401 334.898 2039.69
-177.277 -54.0621 2290.4
37.1081 -923.913 2515.06
-233.63 -295.22 2399.43
-13.7948 -193.937 2334.51
13.3572 -582.037 2393.55
-95.9454 136.401 2123.78
10.0519 154.05 2125.37
342.459 100.698 2021.23
187.202 -831.95 2730.41
551.015 -6.01287 1918.14
139.367 -168.484 2336.89
213.37 -594.807 2454.09
116.049 171.7 2126.96
36.419 -13.5799 2230.53
FRAME: 78
0.768504 333.499 2037.09
-176.271 -51.946 2292.99
29.81 -922.511 2523.13
-232.191 -284.332 2404.28
-15.6195 -200.135 2332.19
10.4772 -585.735 2388.65
-97.795 134.663 2126.42
10.2014 151.406 2124.99
341.818 87.1533 2018.23
237.985 -806.209 2560.45
538.479 -12.2767 1886.35
145.231 -175.607 2328.76
236.562 -569.125 2410.33
118.198 168.149 2123.55
37.5035 -18.2325 2227.73
FRAME: 79
2.25915 333.765 2036.69
-179.901 -51.209 2288.68
30.1609 -921.607 2523
-231.721 -290.268 2391.12
-20.2938 -197.554 2332.12
9.85367 -582.397 2391.44
-98.0892 135.445 2124.94
11.2143 151.174 2125.25
347.088 72.067 2025.44
173.268 -852.818 2678.25
558.63 -76.3371 1952.06
137.647 -174.977 2332.22
200.824 -589.19 2471.34
120.518 166.903 2125.55
34.9455 -17.5456 2228.71
FRAME: 80
7.99145 333.282 2037.06
-179.444 -55.5288 2286.35
31.7364 -919.176 2527.2
-235.843 -307.099 2382.97
-20.3864 -200.185 2334.38
5.73174 -584.59 2394.39
-97.0704 134.382 2123.31
12.9188 149.934 2124.67
344.692 70.9303 2034.67
183.735 -821.412 2673.43
557.967 -53.6911 1956.73
136.943 -177.949 2336.2
204.561 -590.303 2456.96
122.908 165.485 2126.02
35.5984 -19.5666 2229.98
FRAME: 81
12.2319 335.034 2038.97
-178.754 -59.307 2287.65
29.0774 -919.454 2526.13
-229.468 -320.464 2363.37
-22.917 -207.916 2335.03
3.74072 -590.614 2395.73
-95.7851 132.613 2125.45
14.9909 145.89 2124.71
346.837 71.348 2036.99
287.461 -724.656 2459.53
559.23 -69.6334 1969.05
138.073 -188.639 2333.95
188.343 -621.805 2451.75
125.767 159.168 2123.97
36.2844 -26.1937 2229.6
FRAME: 82
15.8004 335.41 2039.55
-176.932 -60.0059 2286.35
29.2466 -916.857 2523.24
-228.227 -321.804 2343.65
-24.7566 -209.22 2332.55
3.26678 -586.774 2392.5
-95.8807 132.892 2124.72
15.9033 145.03 2124.39
352.102 69.6262 2042.38
198.668 -777.893 2622.4
546.567 -64.0286 1928.07
133.108 -192.048 2331.9
188.11 -616.81 2451.86
127.687 157.167 2124.06
35.0395 -27.8021 2228.31
FRAME: 83
18.0234 335.045 2040.75
-178.726 -62.1408 2282.81
29.8764 -918.34 2524.8
-231.84 -333.361 2329.76
-26.2785 -208.583 2330
-0.847936 -586.866 2392.29
-95.0497 131.561 2123.98
15.4439 144.261 2124.45
354.886 68.9376 2053.47
178.219 -797.728 2671.23
561.926 -66.5055 1980.44
134.644 -189.933 2330.74
181.806 -598.469 2433.9
125.938 156.961 2124.92
34.8132 -27.4984 2227.41
FRAME: 84
18.6326 334.996 2041.9
-180.325 -66.0635 2275.6
29.9081 -923.382 2529.77
-226.839 -331.753 2320.45
-29.284 -205.059 2327.6
-4.43317 -589.721 2392.86
-96.2822 133.455 2123.18
12.6385 146.365 2123.53
351.741 68.356 2057.13
159.924 -827.356 2662.69
552.902 -103.07 1978.6
134.72 -185.449 2328.14
175.949 -596.973 2430.8
121.559 159.274 2123.88
32.6784 -24.4447 2225.7
FRAME: 85
19.9969 335.929 2042.73
-178.116 -72.2143 2265.62
28.8058 -923.348 2529.47
-214.831 -348.681 2274.81
-28.9915 -205.193 2326.77
-7.86572 -590.493 2391.82
-95.2628 133.244 2122.49
13.549 146.388 2124.11
355.392 68.6954 2065.67
136.97 -842.503 2654.68
560.476 -86.101 2001.47
132.742 -185.557 2329.19
168.804 -605.98 2437.15
122.361 159.532 2125.73
32.7121 -24.4933 2226.05
FRAME: 86
22.226 337.962 2045.85
-175.983 -78.0821 2255.5
28.4849 -922.211 2528.4
-206.993 -350.912 2254.92
-30.4834 -206.392 2324.99
-14.1943 -594.56 2394.29
-93.4945 133.941 2123.12
16.6788 146.715 2126.33
355.185 67.4144 2067.91
100.813 -874.314 2708.05
552.682 -83.4126 1994.64
131.648 -187.347 2329.9
165.069 -606.249 2442.91
126.852 159.488 2129.54
33.6305 -25.0774 2226.89
FRAME: 87
24.3507 339.504 2048.18
-172.378 -80.3634 2249.17
24.8713 -934.617 2529.38
-197.876 -355.613 2242.32
-29.2169 -209.012 2327.32
-13.4639 -599.521 2397.49
-91.3317 132.613 2123.37
18.5116 146.12 2128.75
356.225 68.6138 2081.56
106.785 -878.25 2683.97
559.299 -51.9769 2019.24
131.103 -189.204 2335.19
161.949 -605.526 2449.03
128.355 159.626 2134.12
34.7273 -26.494 2230
FRAME: 88
25.6258 341.177 2050.12
-170.492 -81.4101 2242.58
27.429 -950.15 2530.22
-180.97 -358.636 2214.63
-30.1898 -210.456 2325.5
-15.3761 -607.93 2398.22
-90.6269 133.185 2123.16
18.5141 146.872 2129.66
349.438 64.2914 2099.84
141.411 -870.354 2615.48
534.202 -147.16 2024.98
129.928 -190.253 2335.08
161.699 -607.927 2453.25
127.655 160.559 2136.17
34.1916 -26.7415 2229.98
FRAME: 89
27.8874 342.616 2052.72
-161.682 -85.301 2229.12
27.3196 -940.842 2529.11
-146.92 -380.071 2181.2
-22.7768 -217.353 2320.22
-9.78329 -602.547 2388.28
-81.2472 129.523 2122.06
26.6838 144.054 2134.66
352.314 45.1142 2143.1
122.582 -899.433 2644.67
549.074 -140.836 2075.89
125.724 -197.331 2336.98
168.189 -605.099 2452.33
134.615 158.586 2147.25
39.0787 -31.6439 2231.63
FRAME: 90
30.9132 343.852 2056.47
-141.003 -103.904 2214.97
25.8818 -930.521 2533.19
-136.864 -382.704 2150.05
-20.6829 -225.491 2319.38
-12.1422 -608.877 2379.22
-73.7775 125.158 2118.72
32.1088 141.241 2138.01
355.527 33.9233 2167.77
176.619 -890.813 2546.8
531.471 -134.737 2055.36
121.885 -203.766 2345.19
177.567 -613.024 2449.45
137.995 157.323 2157.31
41.3549 -36.694 2235.15
FRAME: 91
33.903 345.729 2059.21
-131.455 -108.859 2209.3
27.2594 -931.157 2531.86
-110.19 -389.672 2140.32
-18.4855 -229.31 2324.4
-11.2236 -615.261 2371.42
-67.0479 123.042 2118.09
36.0913 139.001 2138.91
350.745 24.1536 2189.81
145.907 -920.709 2584.67
517.356 -204.489 2096.49
119.803 -207.669 2352.53
177.372 -612.275 2453.46
139.23 154.959 2159.72
43.3751 -39.7444 2238.69
FRAME: 92
38.9828 347.937 2061.98
-108.257 -122.525 2189.74
27.0826 -922.071 2524.2
-60.78 -397.498 2113.55
-14.8452 -228.81 2321.64
-12.5078 -615.726 2363.22
-57.7899 119.107 2118.69
43.0322 135.666 2143.78
346.924 -1.85478 2226.92
108.382 -916.548 2662.25
491.174 -250.48 2143.82
119.233 -206.54 2355.4
189.299 -603.851 2470.59
143.854 152.224 2168.87
47.6131 -41.0048 2241.15
FRAME: 93
42.2976 348.573 2063.81
-88.3428 -139.174 2175.6
25.0326 -910.718 2512.08
-23.5166 -398.255 2082.84
-8.53434 -236.481 2319.92
-20.9909 -613.775 2361.19
-44.7702 112.357 2117.9
52.2359 129.691 2148.85
345.103 -14.36 2249.2
218.587 -802.431 2352.82
463.366 -281.772 2144.71
117.417 -213.765 2360.54
210.737 -607.075 2452.13
149.242 147.025 2179.8
53.3387 -47.716 2244.54
FRAME: 94
43.1491 348.226 2064.25
-77.3572 -150.94 2167.16
24.4055 -910.186 2513.77
16.2865 -397.84 2070.53
-2.56868 -239.923 2324.78
-28.5735 -622.22 2365.76
-31.4721 109.068 2115.6
59.6145 127.046 2149.09
336.602 -20.8387 2263.71
213.015 -828.702 2334.44
443.117 -281.199 2192.07
117.208 -216.048 2369.09
206.213 -603.322 2457.59
150.701 145.024 2182.58
58.4672 -50.4697 2248.01
FRAME: 95
49.9987 348.907 2067.74
-53.4825 -148.341 2146.42
26.3476 -913.204 2516.82
77.8063 -387.071 2063.91
0.581683 -234.97 2330.52
-23.5088 -625.368 2365.73
-20.0083 108.165 2116.79
65.5624 126.942 2152.62
307.379 -41.1063 2283.6
154.308 -936.259 2455.52
388.336 -335.92 2208.06
112.92 -210.109 2377.77
203.281 -599.491 2455.83
151.133 145.719 2188.45
61.1565 -47.7986 2253.38
FRAME: 96
55.7757 350.02 2070.58
-39.648 -146.85 2135.49
17.6767 -916.596 2516.85
115.058 -395.816 2062
3.20902 -229.89 2336.4
-23.5897 -623.186 2368.86
-9.44599 107.73 2117.9
70.2935 128.79 2157.52
284.621 -46.2971 2294.73
159.26 -921.982 2368.6
358.036 -334.954 2192.58
111.492 -201.031 2390.72
211.857 -604.695 2416.1
150.033 149.85 2197.14
63.8221 -43.3353 2260.54
FRAME: 97
63.1445 349.64 2071.92
-26.2284 -146.138 2126.06
15.2162 -915.77 2539.34
137 -374.152 2046.79
1.23392 -226.477 2338.05
-25.0347 -615.874 2372.66
-7.20555 105.355 2119.76
71.4956 128.402 2162.87
266.709 -60.3807 2305.2
156.548 -960.041 2394.98
316.474 -361.909 2193.45
112.666 -193.527 2399.82
212.667 -599.86 2407.23
150.197 151.448 2205.98
64.2227 -40.8002 2265.9
FRAME: 98
70.1527 349.639 2072.1
-8.17538 -139.694 2110.15
12.2791 -907.431 2547.56
116.682 -387.825 1998.34
-0.666007 -229.395 2336.14
-26.2528 -615.03 2379.69
-2.89602 107.491 2126.32
73.6459 129.716 2171.67
249.008 -67.7851 2316.46
110.69 -927.982 2446.22
308.296 -346.327 2256.95
111.904 -196.38 2403.45
212.443 -593.443 2386.55
150.188 151.94 2217.02
64.6323 -41.586 2270.73
FRAME: 99
78.3708 347.253 2078.94
7.95571 -143.875 2098.55
8.313 -904.005 2547.43
189.157 -454.649 1968
-0.706579 -228.084 2334.8
-27.9149 -595.872 2375.69
1.93031 104.674 2129.83
78.2359 126.186 2175.19
238.524 -74.3721 2326.12
87.6126 -921.319 2485.75
274.957 -354.367 2232.47
114.949 -195.142 2404.21
193.897 -590.59 2376.67
154.542 147.699 2220.56
67.6786 -42.7133 2272.35
FRAME: 100
84.9842 345.461 2086.71
24.5754 -149.154 2090.01
5.53021 -911.991 2556.19
158.534 -354.508 2033.32
0.0774796 -224.495 2335.96
-29.0262 -592.88 2386.1
8.1968 103.291 2134.64
82.1648 124.353 2180.57
228.16 -75.2946 2333.62
63.8835 -914.524 2487.21
267.671 -347.806 2252.46
114.669 -191.677 2407.54
192.943 -586.623 2392.74
156.133 145.415 2226.5
69.769 -41.8664 2276.16
FRAME: 101
91.3605 345.28 2094.77
33.8399 -149.896 2088.51
-2.1717 -908.502 2552.72
167.689 -376.717 1969.23
-0.789147 -220.833 2341.02
-30.4384 -587.658 2392.43
12.4952 104.87 2143.73
85.3765 124.41 2188.43
219.876 -75.8149 2338.32
39.1916 -909.603 2494.07
270.45 -345.117 2257.08
115.975 -189.28 2413.06
154.751 -575.607 2377.28
158.258 143.949 2233.13
71.4846 -40.3234 2282.74
FRAME: 102
95.6367 346.231 2103.72
39.1246 -146.112 2088.4
-5.92984 -906.058 2548.45
148.095 -322.165 1991.52
1.89249 -217.07 2342.35
-28.5232 -587.318 2393.49
14.7322 107.497 2152.27
90.073 125.972 2199.39
217.991 -77.6485 2340.56
32.0745 -908.451 2492.5
260.457 -343.895 2237.77
115.634 -188.86 2414.01
143.758 -575.407 2377.81
165.414 144.447 2246.51
74.4181 -38.4964 2288.78
FRAME: 103
99.8274 349.082 2113.73
41.7919 -146.502 2090.75
-8.34856 -905.181 2549.76
156.066 -395.331 1944.62
2.50717 -211.831 2346.59
-28.1069 -586.305 2393.66
18.0026 108.798 2160.24
94.203 125.84 2206.94
217.601 -77.3551 2339.98
25.7934 -911.354 2490.39
267.304 -341.433 2245.8
116.546 -185.96 2417.05
143.732 -568.347 2394.51
170.403 142.882 2253.64
76.8649 -36.5278 2294.38
FRAME: 104
103.373 353.563 2123.41
44.3849 -144.977 2094.32
-9.04232 -902.72 2543.58
142.186 -371.359 1983.09
2.15564 -207.16 2354.15
-16.3894 -582.386 2387.18
19.1243 110.436 2165.17
95.6751 126.69 2210.52
218.803 -79.4154 2339.65
24.4722 -911.112 2494.62
257.155 -340.175 2239
115.672 -182.618 2422.18
130.155 -546.849 2373.66
172.226 142.944 2255.87
77.2944 -34.0995 2299.34
FRAME: 105
106.102 356.233 2134.23
42.9992 -143.925 2100.14
-8.09678 -901.724 2550.25
138.033 -363.193 1975.01
3.3839 -201.948 2362.63
-16.3232 -577.476 2388.03
21.6997 111.199 2172.99
98.3979 126.009 2216.75
220.121 -83.1057 2335.57
22.1546 -906.177 2493.02
257.848 -327.035 2209.9
112.697 -179.786 2426.61
127.128 -544.228 2372.99
175.096 140.82 2260.51
78.2192 -32.4286 2305.68
FRAME: 106
108.958 361.871 2149.59
45.6586 -139.4 2100.52
-5.98548 -906.12 2541.1
193.967 -283.965 1876.89
5.16149 -199.943 2365.25
-23.5766 -575.38 2398.6
19.837 117.44 2182.41
98.3177 131.027 2226.13
218.7 -81.8917 2339.08
23.0628 -901.36 2493.08
264.57 -337.628 2235.67
112.433 -180.134 2426.54
121.938 -541.172 2369.93
176.798 144.613 2269.84
78.5574 -29.506 2311.01
FRAME: 107
110.739 363.169 2158.22
50.4071 -131.995 2104.24
-14.2225 -898.894 2550.44
183.839 -337.396 1949.5
5.31271 -200.686 2363.19
-15.5452 -570.617 2404.52
22.7673 119.074 2186.57
96.924 133.721 2230.89
219.543 -72.0133 2344.12
22.0461 -905.051 2505.23
268.867 -331.348 2258.86
115.891 -177.249 2431.55
102.059 -544.804 2390.25
171.081 148.368 2275.22
78.763 -27.6235 2314.13
FRAME: 108
110.935 366.745 2171.37
54.8936 -130.834 2103.49
-14.2193 -892.988 2572.35
156.998 -336.559 1999.61
4.62272 -209.44 2371.61
-15.2159 -574.45 2409.51
25.4166 122.542 2193.93
95.6318 141.128 2245.69
215.504 -65.0652 2350.41
29.5467 -899.169 2485.99
279.348 -333.202 2276.84
117.219 -178.296 2456.74
91.9137 -537.757 2391.9
165.847 159.714 2297.44
78.2763 -26.3698 2329.93
FRAME: 109
110.54 369.399 2182.24
60.5109 -132.063 2111.88
-16.075 -895.955 2576.74
184.104 -346.243 2028.93
4.07318 -210.54 2375.46
-21.4212 -573.734 2416.07
29.7789 122.718 2198.69
97.2496 142.388 2252.87
215.145 -59.7853 2356.37
29.0619 -896.743 2492.71
288.325 -298.851 2299.5
115.851 -175.656 2467.85
96.1494 -534.774 2389.95
164.72 162.058 2307.04
78.6057 -25.3549 2337.26
FRAME: 110
108.939 372.686 2193.44
66.1025 -131.49 2124
-16.5277 -898.065 2578.49
185.69 -356.822 2051.21
5.70825 -210.432 2381.93
-21.1729 -576.679 2417.42
31.328 126.33 2205.75
96.8484 146.265 2260.62
215.65 -57.5608 2363.22
29.5865 -897.279 2491.14
294.811 -312.74 2317.15
113.303 -175.248 2474.62
95.4986 -533.092 2408.05
162.369 166.2 2315.48
78.1769 -23.2872 2344.44
FRAME: 111
108.218 375.271 2203.88
68.1528 -129.639 2136.89
-16.1502 -894.861 2599.22
189.453 -347.113 2059.83
9.17833 -209.492 2387.19
-21.4736 -580.414 2421.08
33.7597 131.018 2216.38
97.511 149.777 2270.83
215.743 -52.9994 2382.5
30.0326 -901.065 2490.02
292.154 -283.923 2337.06
112.301 -176.668 2477.84
88.7538 -534.037 2411.55
161.262 168.536 2325.28
79.1254 -21.6514 2351.67
FRAME: 112
106.958 378.13 2214.4
71.8917 -130.526 2150.9
-14.1031 -899.171 2618.91
197.392 -359.856 2068.58
11.9911 -209.825 2390.38
-19.6499 -583.434 2426.97
34.3064 131.814 2220.14
97.2638 151.514 2276.26
216.675 -51.6032 2392.57
30.9565 -900.773 2497
248.414 -298.399 2329.74
111.981 -174.693 2483.7
91.3599 -535.094 2441.62
160.221 171.214 2332.38
79.625 -20.3726 2356.65
FRAME: 113
106.426 380.811 2222.54
72.3832 -127.434 2169.77
-9.17618 -903.394 2625.49
196.831 -353.211 2079.89
12.0287 -210.83 2397.9
-22.4609 -588.821 2432.93
34.5425 131.258 2229.82
96.2301 151.981 2286.81
210.475 -50.0131 2408.26
26.7975 -901.407 2557.19
263.968 -282.718 2350.9
116.216 -174.283 2495.94
97.56 -546.048 2495.61
157.918 172.705 2343.8
80.1764 -20.2876 2366.86
FRAME: 114
104.704 382.273 2229.36
75.542 -125.288 2178.84
-9.25891 -917.517 2601.53
206.942 -349.647 2035.09
12.4712 -209.761 2406.17
-24.4014 -591.502 2434.54
36.393 136.996 2239.82
96.7838 154.882 2292.4
204.355 -54.0541 2430.16
19.8904 -896.529 2600.23
246.228 -306.614 2374.69
110.128 -179.007 2493.4
101.503 -557.526 2517.32
157.175 172.768 2344.97
79.0416 -19.751 2371.09
FRAME: 115
102.257 384.927 2239.79
73.9139 -128.639 2197.81
-6.33389 -919.089 2618.39
211.508 -374.262 2124.8
12.0613 -208.818 2411.6
-21.3603 -594.342 2439.67
34.7579 140.963 2250.4
94.0445 158.295 2305.26
198.298 -64.4568 2451.21
19.4229 -895.795 2621.56
251.352 -323.563 2358.04
104.177 -180.79 2497.7
106.664 -558.708 2535.65
153.331 175.627 2360.12
76.0817 -18.2542 2379.96
FRAME: 116
97.9148 389.633 2253.33
67.1291 -134.63 2221.84
-10.0559 -929.132 2621.06
210.68 -405.021 2151.55
14.6924 -204.888 2412.06
-19.0024 -594.345 2443.33
39.5176 145.628 2264.74
93.4348 163.204 2322.6
192.072 -66.1336 2463.06
27.8479 -909.49 2597.98
241.125 -322.867 2422.68
104.678 -174.702 2508.8
107.741 -566.469 2526.66
147.352 180.781 2380.47
76.56 -13.2955 2391.52
FRAME: 117
94.5846 388.769 2261.69
70.5291 -136.803 2233.18
-2.467 -936.565 2604.22
214.669 -385.801 2150.62
13.8342 -211.19 2417.37
-14.6564 -595.556 2449.11
36.9666 140.575 2264.78
91.104 158.97 2321.75
194.699 -74.5557 2461.09
31.1732 -875.341 2632.99
221.476 -355.641 2302.81
105.212 -179.389 2513.23
132.333 -574.664 2561.45
145.241 177.364 2378.72
75.3135 -18.1598 2393.53
FRAME: 118
92.5174 391.235 2271.66
53.4234 -139.746 2258.86
-3.82272 -951.214 2611.78
213.77 -410.335 2158.69
12.8879 -210.183 2429.29
-12.6677 -598.26 2459.79
31.666 137.778 2276.33
84.4133 153.072 2325.53
198.186 -86.0412 2429.68
53.6339 -853.972 2560.19
226.841 -384.066 2252.16
103.684 -182.357 2515.06
168.902 -558.921 2541.95
137.161 168.366 2374.73
71.3495 -21.5989 2398.85
FRAME: 119
89.3413 391.122 2277.4
65.739 -131.335 2267.14
-11.005 -960.634 2613.05
225.683 -398.667 2225.78
9.9193 -213.564 2430.37
-12.8615 -605.749 2456.04
38.0261 143.921 2280.05
86.1594 160.338 2332.81
186.948 -98.843 2387.19
93.1645 -802.819 2468.08
212.822 -424.647 2229.72
96.1105 -183 2524.82
150.82 -548.049 2545.71
134.293 176.756 2385.56
69.5872 -18.9719 2405.2
FRAME: 120
85.7253 392.717 2286.72
83.3745 -108.22 2269.22
-11.8336 -953.127 2614.6
251.545 -369.58 2272.98
16.938 -209.275 2427.66
-3.80712 -602.567 2455.21
48.3426 153.933 2287.68
85.6782 170.517 2347.42
192.822 -88.5651 2380.28
26.9107 -906.09 2595.97
241.766 -394.04 2294.1
83.4466 -177.064 2532.94
116.084 -547.41 2554.17
123.014 187.102 2407.16
67.9352 -11.3263 2413.86
FRAME: 121
83.9109 394.526 2292.8
118.853 -92.7202 2255.64
-5.72585 -946.173 2598.99
281.825 -370.208 2258.05
22.0297 -205.583 2426.4
4.49615 -602.549 2452.94
48.8087 155.731 2285.42
80.4409 175.623 2359.72
185.946 -69.5425 2381.28
22.7114 -885.276 2630.76
292.285 -384.241 2262.38
73.423 -171.251 2540.83
92.2737 -561.075 2579.34
112.073 195.514 2434.02
64.0836 -6.39716 2421.67
FRAME: 122
81.5602 395.384 2298.14
135.598 -93.4208 2242.66
-5.26461 -943.86 2597.61
286.903 -348.897 2238.3
22.0692 -203.002 2427.23
14.2228 -596.335 2449.97
45.0055 152.121 2285.65
77.1167 173.804 2370.4
184.026 -62.801 2390.45
-5.19306 -876.874 2663.57
279.366 -372.755 2354.96
71.4185 -169.532 2546.47
100.711 -547.428 2577.02
109.228 195.487 2455.14
61.9303 -6.23163 2428.62
FRAME: 123
78.4077 395.976 2300.74
166.238 -70.9366 2223.79
-1.34514 -941.025 2584.04
333.546 -232.839 2171.41
22.3225 -203.706 2426.87
30.7838 -595.397 2443.67
46.1071 149.848 2284.18
75.5156 173.45 2373.56
184.39 -17.2464 2458.39
-12.7032 -876.043 2680.37
287.203 -246.233 2437.16
69.0567 -167.907 2552.64
112.658 -547.509 2616.62
104.924 197.051 2462.95
60.6026 -6.17843 2431.66
FRAME: 124
75.8259 397.604 2300.78
188.321 -41.8676 2206.41
7.95044 -931.252 2572.29
409.449 -128.831 2096.54
23.6976 -202.645 2422.84
45.0568 -596.976 2439.59
47.7836 152.684 2283.04
74.5767 177.108 2376.36
143.901 13.5571 2546.74
-15.4745 -879.295 2684.86
278.649 -231.875 2479.46
64.7626 -166.507 2553.08
105.46 -556.369 2642.28
101.37 201.531 2469.69
59.4034 -3.73398 2432.16
FRAME: 125
71.4758 398.062 2300.49
202.418 4.62104 2160.6
3.27228 -923.522 2585.26
435.047 -69.9067 2079.31
22.5082 -206.881 2424.8
46.1784 -605.201 2441.78
48.4038 153.713 2274.48
73.5035 178.758 2366.95
153.729 50.9943 2468.77
-7.30782 -874.413 2661.29
285.619 -112.615 2453.54
68.1668 -166.383 2557.68
107.749 -562.271 2650.89
98.6032 203.803 2459.42
59.4205 -3.93726 2429.09
FRAME: 126
69.6585 398.52 2299.39
232.673 51.4234 2129.63
-1.21601 -927.767 2590.92
429.683 -27.7409 2073.56
24.3734 -207.602 2422.65
49.1163 -614.163 2438.28
52.1458 154.927 2270.42
76.2223 181.568 2358.14
181.433 101.122 2417.31
-5.14515 -878.874 2666.89
401.495 27.0408 2187.62
67.7742 -162.693 2558.59
108.919 -555.832 2646.6
100.299 208.209 2445.85
61.148 -1.78942 2424.38
FRAME: 127
67.5792 399.149 2295.95
241.839 100.029 2093.45
1.35428 -932.555 2575.92
459.102 77.0807 1967.06
27.0174 -205.206 2419.55
50.5196 -610.575 2435.56
53.4095 156.876 2262.9
76.1441 185.154 2357.32
162.559 112.983 2465.9
-5.04906 -872.727 2662.79
345.935 66.342 2362.7
66.0391 -161.378 2557.06
113.787 -552.902 2640.66
98.8788 213.431 2451.74
61.3362 0.930722 2422.81
FRAME: 128
62.674 401.738 2286.84
247.235 159.634 2064.16
0.634268 -937.047 2582.8
455.357 184.043 1933.79
35.4001 -203.251 2404.63
52.6983 -617.43 2425.36
59.8535 158.795 2239.8
78.9552 193.527 2345.32
155.123 181.919 2553.65
13.174 -878.333 2603.62
345.147 204.021 2252.67
65.5589 -151.537 2555.16
107.88 -544.309 2638.72
98.057 228.259 2450.83
64.7174 8.06654 2412.61
FRAME: 129
67.4206 402.276 2274.46
240.61 203.472 2037.94
2.64797 -933.93 2597.62
439.018 276.475 1886.57
43.5825 -201.476 2386.25
57.0325 -614.239 2412.05
64.6419 167.157 2229.52
78.9962 202.385 2338.23
168.627 200.68 2419.58
32.2868 -880.247 2533.29
383.224 342.59 2003.63
69.6988 -143.915 2554.92
88.1083 -533.473 2559.47
93.3505 237.613 2446.93
67.8184 14.8446 2404.41
FRAME: 130
68.085 407.723 2267.77
226.626 233.008 2025.02
3.91389 -924.983 2626.4
413.498 344.581 1874.65
51.7454 -198.831 2374.64
58.1556 -620.024 2402.59
70.154 166.428 2216.3
81.2469 204.475 2330.87
141.489 219.821 2441.78
38.3144 -878.224 2493.66
334.851 397.949 2015.28
71.2397 -138.095 2550.33
97.1999 -530.372 2599
92.3399 242.523 2445.45
71.3698 18.0062 2396.68
FRAME: 131
72.4146 410.025 2259.48
208.573 252.84 2017.77
7.22916 -911.788 2657.41
382.399 390.14 1874.61
61.2977 -198.159 2361.34
64.942 -618.763 2396.03
73.4635 166.426 2203.47
81.3872 206.52 2323.11
148.139 254.7 2382.76
40.2975 -876.738 2496.08
294.199 435.127 1999.46
74.5157 -135.262 2543.95
92.4347 -526.993 2568.97
89.311 246.614 2442.75
74.647 19.9046 2387.88
FRAME: 132
79.6025 413.009 2248.9
209.712 303.121 2002.56
9.80923 -908.673 2658.7
331.873 465.585 1894.94
72.1756 -197.513 2345.99
82.4351 -614.889 2382.94
80.7043 171.25 2187.6
84.0142 212.92 2311.65
142.547 273.169 2312.88
43.1464 -875.98 2490.08
223.019 505.039 2005.33
77.8341 -131.94 2537.23
96.2005 -522.863 2564.04
87.324 254.59 2435.71
79.5095 24.0968 2376.63
FRAME: 133
79.1873 413.444 2242.93
192.226 342.273 1991.97
15.4651 -897.469 2642.68
297.581 529.589 1909.45
77.2703 -185.541 2331.22
83.3551 -591.911 2368.97
82.2366 179.068 2177.34
84.5337 215.729 2301.98
151.541 334.086 2131.89
44.9766 -881.473 2492.96
199.906 663.069 1807.8
79.1056 -128.697 2503.45
95.5075 -520.71 2513.93
86.8307 252.389 2426.62
81.3608 29.3048 2359.66
FRAME: 134
76.3506 414.927 2244.18
174.88 369.637 1985.73
28.2119 -873.082 2630.53
259.819 583.328 1899.55
88.7133 -161.687 2313.82
96.6453 -572.28 2347.34
83.3702 195.192 2167.95
80.9228 220.688 2283.39
154.149 349.356 2077.59
46.2395 -889.002 2502.34
163.329 642.454 1872.02
79.0785 -119.867 2450.17
96.7159 -520.883 2463.8
78.4754 246.183 2398.84
82.4094 39.9552 2332.69
FRAME: 135
77.9556 418.711 2244.44
159.626 387.809 1977.28
38.3076 -871.146 2613.9
235.65 625.377 1903.49
94.7021 -166.261 2299.15
110.346 -580.701 2330.96
79.6659 210.756 2154.12
74.6157 231.722 2253.2
151.704 342.612 2045.57
49.0728 -891.714 2485.08
138.619 659.339 1853.14
79.9031 -120.698 2434.42
97.3479 -522.8 2422.13
69.5655 252.687 2352.28
80.9592 44.1211 2309.99
FRAME: 136
74.8102 418.044 2247.02
148.332 381.851 1980.63
42.7777 -887.124 2564.23
187.21 644.085 1889.62
89.9515 -159.119 2288.97
108.585 -576.823 2323.45
77.0447 205.749 2152.22
79.5291 224.327 2243.73
141.808 343.422 2024.75
56.6372 -885.912 2484.21
119.703 652.723 1872.25
90.7544 -124.406 2404.17
106.441 -516.228 2371.8
82.0134 242.905 2335.23
84.941 41.2825 2295.15
FRAME: 137
72.3866 416.688 2241.73
133.349 389.265 1975.23
51.907 -913.058 2521.01
138.893 665.2 1911.89
97.7762 -158.723 2265.17
103.63 -579.871 2314.32
77.7667 206.469 2145.62
83.5056 217.811 2216.38
125.896 335.507 1998.69
56.6479 -884.846 2498.85
99.3503 648.06 1888.42
104.545 -131.95 2357.24
126.699 -529.687 2316.33
89.2444 229.152 2287.14
92.3332 36.2371 2263.79
FRAME: 138
74.6513 416.807 2237.93
125.861 384.576 1967.44
55.9114 -945.698 2488.91
108.665 670.85 1913.29
97.3695 -177.055 2259.05
106.866 -596.498 2310.41
77.2852 195.697 2138.88
85.4325 210.429 2206.7
113.553 334.991 2040.18
65.6127 -887.635 2484.08
96.4728 633.312 1971.96
110.188 -141.998 2368.14
143.929 -546.229 2305.53
93.5799 225.16 2274.52
94.6057 25.4512 2260.15
FRAME: 139
73.7017 403.036 2208.47
120.101 397.038 1978.3
56.7718 -951.042 2498.14
103.053 683.091 1937.43
98.6519 -177.164 2260.1
109.993 -602.673 2312.44
75.1622 195.869 2145.69
89.9692 193.984 2165.19
126.788 319.158 1963.34
50.426 -877.961 2546.82
101.481 600.49 1910.07
117.404 -167.914 2288.17
145.648 -574.693 2294.78
104.776 192.099 2184.69
98.9986 10.7227 2219.66
FRAME: 140
74.1115 390.002 2201.43
111.594 377.555 1977.25
53.5229 -961.339 2488.77
48.1087 665.834 1901.47
95.186 -186.754 2255.67
110.489 -615.257 2311.03
72.4476 179.377 2138.62
95.0763 177.631 2153.93
118.968 337.76 1978.94
65.7656 -880.556 2540.37
107.392 600.135 1954.81
126.527 -183.733 2262.7
159.47 -576.697 2287.87
117.705 175.885 2169.24
102.966 -3.80617 2206.56
FRAME: 141
73.476 372.802 2181.38
108.818 368.433 1971.41
46.085 -971.83 2474.22
28.36 658.824 1887.93
94.1858 -195.624 2248.83
107.601 -622.767 2307.11
71.6832 166.468 2124.84
97.8998 166.762 2137.38
123.186 336.574 1944.07
66.9378 -877.262 2564.59
106.969 643.162 1929.65
130.641 -188.688 2260.36
167.563 -585.523 2284.13
124.116 167.055 2149.92
105.157 -12.697 2195.99
FRAME: 142
73.949 371.734 2148.5
102.428 360.48 1963.2
42.7079 -966.947 2459.16
51.2563 641.664 1896.09
94.8248 -199.012 2237.67
103.739 -628.214 2292.88
67.6588 162.221 2110.96
97.7915 165.924 2126.28
124.442 348.84 1950.47
61.3755 -819.776 2616.74
105.544 653.078 1923.98
139.462 -182.774 2268.25
179.101 -591.284 2275.47
127.924 169.628 2141.61
107.467 -12.4843 2189.62
FRAME: 143
74.7188 405.54 2181.5
105.127 347.277 1952.91
60.8537 -958.563 2427.57
68.1948 640.208 1880.95
113.121 -190.752 2204.72
117.074 -621.124 2263.44
70.4485 207.217 2093.94
84.3839 216.237 2146
102.616 345.648 2056.14
53.117 -808.581 2640.17
111.313 651.935 2052.11
130.233 -169.725 2279.36
167.042 -586.331 2300.25
98.3193 225.257 2198.05
103.03 17.9994 2194.02
FRAME: 144
70.9894 402.467 2174.23
102.83 355.609 1959.24
64.5393 -967.499 2415.38
67.5299 640.404 1868.93
112.063 -178.029 2220.58
127.974 -617.25 2257.3
70.268 202.154 2103.93
85.2182 204.651 2140.52
98.742 332.84 2034.65
59.953 -816.54 2619.95
106.207 656.091 2059.92
129.881 -171.733 2255.94
166.807 -586.611 2311.29
100.168 207.149 2177.12
103.095 14.8851 2189.39
FRAME: 145
65.0813 393.646 2175.67
96.4648 329.077 1944.84
60.702 -969.381 2412.07
65.478 618.138 1837.82
108.674 -184.008 2219.7
128.096 -624.286 2249.96
66.2303 192.504 2101.59
86.3117 196.437 2137.54
93.5849 327.048 2025.34
73.3322 -825.368 2615.67
90.7421 644.203 1937.63
135.987 -176.045 2256.59
180.161 -590.488 2324.08
106.393 200.371 2173.5
104.321 8.20538 2187.84
FRAME: 146
57.3193 396.115 2177.16
92.1348 331.895 1927.75
51.5851 -1002.62 2376.4
107.669 567.393 1800.4
103.812 -196.773 2213.79
123.26 -634.359 2241.75
65.1824 172.04 2087.65
87.6905 182.113 2130.82
98.4499 297.293 1989.62
80.4218 -843.719 2592.03
91.1677 612.47 1842.61
144.016 -177.902 2264.18
198.771 -586.267 2338.34
110.199 192.187 2173.99
105.802 -2.61225 2184.9
FRAME: 147
49.9105 397.966 2176.53
89.9601 331.122 1911.96
43.0102 -987.944 2392.22
100.447 586.966 1753.06
103.717 -198.57 2215.19
115.586 -631.508 2243.95
53.8303 169.875 2085.98
83.7766 177.267 2119.73
105.297 291.703 1947.49
79.2394 -846.239 2571.56
100.848 596.246 1793.93
148.859 -190.031 2234.82
215.744 -571.271 2354.73
113.723 184.658 2153.48
105.032 -8.51706 2172.37
FRAME: 148
35.4976 392.659 2178.88
74.024 275.712 1940.15
47.5707 -988.453 2411.46
101.115 506.361 1770.85
94.0043 -186.598 2251.74
110.671 -626.446 2276.25
14.0742 198.244 2180.63
58.344 200.164 2159.08
107.152 297.311 1903.07
68.3648 -837.54 2546.42
119.637 584.916 1696.57
139.892 -185.849 2223.03
210.246 -555.382 2331.74
102.614 202.084 2137.53
87.6461 6.9702 2198.23
FRAME: 149
40.0475 394.937 2179.51
26.4151 164.945 2017.16
48.7028 -976.864 2414.31
80.4873 326.389 1888.04
91.4555 -189.875 2240.09
96.5167 -628.274 2274.14
14.793 189.853 2170.73
57.9393 196.873 2165.26
103.84 228.176 1902.88
76.304 -854.112 2495.52
144.461 434.662 1645.81
143.608 -181.567 2230.59
214.922 -537.974 2349.04
101.086 203.894 2159.79
87.7355 5.57628 2200.3
FRAME: 150
42.7876 396.789 2162.5
26.7741 160.112 1995.83
46.3192 -993.401 2396.12
71.9146 272.145 1841.83
86.455 -185.609 2229.24
80.6834 -632.534 2261.58
15.9773 197.954 2162.72
67.42 208.153 2183.52
166.005 192.879 1953.33
61.4527 -856.053 2449.49
145.285 351.744 1671.92
147.776 -174.527 2240.71
227.766 -527.77 2374.42
118.863 218.352 2204.32
92.2678 14.0425 2209.25
FRAME: 151
41.9387 391.874 2153.9
44.2276 158.929 1980.04
49.6672 -977.897 2391.93
108.206 280.339 1761.76
85.9503 -180.184 2226.04
79.1754 -625.05 2237.03
4.14497 205.955 2172.3
70.5104 216.876 2202.33
173.035 172.389 2011.41
68.7411 -854.832 2468.11
150.282 230.571 1816.11
157.339 -169.073 2251.84
238.786 -531.674 2387.27
136.876 227.798 2232.36
96.0775 21.1239 2220.63
FRAME: 152
41.6209 390.234 2144.65
69.6973 150.44 1877.73
52.5207 -955.087 2408.74
157.101 209.122 1648.06
92.6764 -185.138 2220.5
80.1083 -616.978 2246.18
7.96014 198.374 2145.88
82.4903 210.957 2181.02
180.958 184.223 1987.87
63.1044 -862.55 2456.98
166.097 160.045 1757.5
160.851 -173.521 2251.36
239.521 -535.919 2378.42
157.02 223.54 2216.15
104.627 15.8138 2208.47
FRAME: 153
50.3358 391.814 2148.61
64.6557 120.464 1880.23
66.2408 -947.646 2425.45
179.674 135.375 1568.36
98.2017 -185.44 2215.04
81.71 -614.58 2260.08
19.1798 195.41 2121.64
96.3836 209.793 2165.46
180.611 172.701 1967.18
90.7334 -888.025 2449.3
187.094 147.113 1593.4
165.877 -172.779 2253.16
224.833 -550.417 2366.09
173.587 224.175 2209.27
114.212 15.3414 2199.78
FRAME: 154
56.846 400.989 2147.74
38.2991 37.2569 1916.95
66.7285 -937.122 2420.72
168.737 -46.7807 1646.18
93.7223 -184.711 2214.21
87.6811 -601.99 2268.84
16.7893 189.952 2109.99
94.3592 206.739 2157.58
173.44 138.83 1981.04
91.9369 -883.755 2464.88
192.418 4.39284 1760.04
168.806 -169.074 2258.09
221.848 -546.31 2371.98
171.929 223.525 2205.17
112.812 14.9232 2196.87
FRAME: 155
75.5374 437.947 2159.79
16.259 32.7771 1949.87
71.028 -917.856 2429.29
154.999 -134.011 1621.97
96.0379 -180.32 2216.67
89.6305 -594.89 2266.53
15.1285 215.106 2109.39
92.2702 230.916 2147.41
192.214 223.924 1987.75
100.461 -882.258 2502.32
96.53 342.747 2049.99
170.073 -165.37 2252.88
224.73 -551.313 2367.03
169.412 246.727 2185.44
112.663 29.0355 2191.09
FRAME: 156
79.1748 467.936 2163.67
12.0018 35.2968 1993.92
58.8216 -910.572 2434.34
115.156 -201.407 1737.67
79.6768 -142.562 2218.99
68.764 -569.173 2271.39
20.3199 242.06 2101.21
93.4956 254.74 2127.64
208.231 320.196 2016.83
101.019 -887.826 2496.54
75.0308 408.31 2095.27
166.245 -127.493 2250.14
223.425 -545.064 2356.83
166.671 267.42 2154.07
108.228 59.856 2181.1
FRAME: 157
83.2043 474.635 2167.06
8.87456 24.4079 2059.25
60.3519 -910.753 2430.68
80.5022 -240.827 1856.15
78.6076 -129.747 2222.99
70.8262 -559.088 2271.46
30.1821 260.797 2093.47
104.605 273.303 2120.18
226.12 400.179 1977.76
150.439 -867.49 2540.83
44.339 644.94 2028.15
176.26 -112.794 2258.5
225.442 -524.92 2357.73
179.027 285.81 2146.89
116.019 76.0164 2180.46
FRAME: 158
74.1699 461.628 2139.65
-7.72132 -26.0916 2122.05
58.6611 -912.894 2445.87
8.22882 -340.441 2029.71
79.2331 -132.468 2235.27
75.5992 -559.951 2288.74
25.7065 255.518 2096.64
99.7189 268.285 2115.64
245.793 417.231 1961.28
148.411 -849.849 2545.73
96.4213 667.986 1881.4
183.177 -113.982 2263.23
238.04 -511.385 2365.1
173.731 281.053 2134.64
115.462 72.5302 2182.44
FRAME: 159
50.1365 399.024 2074.92
-14.0594 -53.5608 2165.91
52.4668 -905.702 2462.7
-27.5797 -366.91 2075.19
61.4615 -151.783 2258.34
62.0619 -567.962 2309
-6.20781 216.023 2135.92
83.4187 227.635 2137.25
257.712 399.26 1973.73
128.772 -860.53 2542.85
119.088 655.51 1825.59
191.059 -134.755 2261.55
247.858 -532.59 2364.69
173.045 239.247 2138.58
104.839 42.183 2198.6
FRAME: 160
39.6366 381.891 2056.21
-54.3664 -53.2717 2227.25
52.164 -909.971 2479.81
-54.8517 -369.491 2147.82
44.5672 -153.589 2266.43
52.166 -569.176 2332.86
-30.8291 211.301 2154.86
71.2639 221.692 2145.29
263.268 397.36 1969.57
121.926 -871.727 2556.46
154.511 619.437 1806.86
190.38 -138.4 2254.63
244.657 -544.217 2360.47
173.357 232.082 2135.71
94.3688 37.8488 2202.91
FRAME: 161
37.4658 380.674 2054.99
-59.6341 -55.1119 2231.14
55.0603 -903.348 2480.64
-76.3327 -398.608 2223.28
31.9719 -155.349 2275.64
37.5218 -563.077 2338.67
-38.8364 200.891 2155.97
67.2304 210.394 2145.94
266.991 376.281 1965.94
100.599 -849.163 2589.75
158.262 612.361 1740.99
187.883 -141.276 2262.05
239.903 -555.981 2375.02
173.297 219.898 2135.91
88.579 31.041 2207.39
FRAME: 162
37.7608 377.957 2052.73
-70.4993 -67.2588 2242.55
51.9228 -913.408 2486.46
-88.3274 -391.198 2259.65
24.6156 -167.597 2296.89
34.4247 -571.897 2357.88
-48.4511 191.269 2167.24
61.9313 200.173 2151.12
263.497 349.436 1952.4
124.267 -872.796 2621.42
178.469 580.292 1693.52
195.196 -154.01 2272.53
231.827 -572.988 2391.84
172.314 209.077 2134.99
85.9185 19.6846 2217.91
FRAME: 163
36.2428 377.801 2053.03
-79.8591 -50.6627 2260.98
50.3058 -911.177 2485.55
-97.2541 -356.177 2308.53
16.061 -158.724 2306.8
29.3114 -560.557 2369.15
-51.6196 196.366 2170.28
60.3691 204.535 2153.69
247.177 340.142 1932.21
134.543 -873.764 2605.32
225.62 519.619 1683.62
195.678 -145.864 2280.58
229.094 -568.356 2386.85
172.358 212.703 2137.09
83.1192 26.1202 2223.69
FRAME: 164
42.0519 384.735 2052.99
-59.3221 -3.03325 2227.38
48.6872 -893.401 2488.14
-50.095 -238.793 2178.94
6.03787 -136.643 2302.52
24.1505 -540.74 2375.83
-37.3934 231.882 2149.22
66.1113 234.853 2130.48
234.262 339.012 1880.62
129.54 -847.738 2651.79
268.254 432.718 1593.99
192.909 -131.961 2271.05
227.558 -562.031 2390.56
169.616 237.823 2111.73
82.7924 50.2754 2208.63
FRAME: 165
37.3768 377.913 2054.32
-34.5001 27.2641 2197.55
40.5338 -876.234 2482.97
-36.8457 -200.684 2176.57
1.86411 -137.216 2304.71
14.8374 -537.021 2377.28
-27.9361 229.479 2143.44
73.6813 232.887 2130.15
246.863 337.541 1877.23
136.745 -856.529 2655.13
346.313 350.767 1496.24
198.549 -131.849 2283.34
228.226 -564.939 2398.26
175.299 236.294 2116.86
86.9439 49.1772 2212.09
FRAME: 166
35.2389 370.44 2052.49
-57.3009 -1.87516 2220.36
35.2746 -859.933 2481.39
-26.8138 -198.604 2179.76
-0.355093 -143.293 2309.22
7.48394 -530.862 2375.92
-37.3019 215.253 2146.86
69.8979 220.583 2136.07
308.068 236.373 1901.31
144.003 -856.337 2660.95
440.005 117.185 1524.17
197.464 -133.96 2292.09
230.759 -568.74 2398.51
177.098 225.913 2125.28
84.2261 40.9783 2218.36
FRAME: 167
33.9215 369.649 2054.28
-63.1258 -0.695707 2224.58
38.6941 -844.907 2501.21
-54.8267 -245.559 2221.69
2.19485 -159.415 2311.34
-0.565925 -550.153 2387.95
-55.5019 194.637 2158.5
57.4582 204.135 2150.52
308.812 229.699 1921.8
141.534 -871.502 2659.85
459.344 121.906 1586.41
193.835 -143.075 2299.36
236.354 -579.796 2400.86
170.418 213.633 2142.54
77.7366 26.4452 2227.93
FRAME: 168
29.8075 361.811 2055.05
-53.0745 8.29332 2214.57
54.1643 -864.94 2480.04
-72.4339 -269.518 2267.26
8.16798 -173.319 2319.5
2.03917 -558.613 2389.85
-66.7134 172.898 2153.46
51.461 184.573 2140.57
327.902 191.871 1911.74
146.23 -877.868 2660.3
474.556 41.8714 1663.6
190.252 -154.942 2301.95
240.282 -588.539 2407.97
169.635 196.248 2127.68
75.3355 10.2213 2225.65
FRAME: 169
15.9957 358.957 2062.11
-90.8345 -28.5629 2277.92
36.1624 -871.61 2500.91
-99.364 -292.573 2313.86
5.72544 -180.311 2324.15
0.148281 -575.289 2397.53
-65.0618 177.893 2158.08
45.1366 188.293 2139.67
310.588 184.491 1892.93
160.64 -833.04 2633.89
468.935 29.5849 1689.84
192.51 -158.311 2280.46
239.734 -577.115 2360.65
155.335 198.692 2121.27
72.1272 9.49105 2220.99
FRAME: 170
4.30242 359.018 2067.64
-108.536 -49.7366 2295.78
44.4338 -873.29 2506.94
-158.512 -355.888 2367.99
4.51832 -187.133 2332.44
-3.51069 -588.269 2414.35
-74.6887 172.164 2163.71
38.1742 180.976 2139.2
328.055 162.264 1924.25
138.592 -859.088 2678.05
470.372 -6.17156 1721.99
186.097 -168.085 2282.66
236.073 -587.874 2378.24
151.037 189.789 2114.69
66.7409 1.6838 2223.38
FRAME: 171
1.11649 354.692 2067.38
-115.025 -47.5292 2294.19
37.4738 -884.451 2506.04
-153.408 -317.821 2350.91
0.71545 -192.93 2344.48
-6.06001 -595.064 2427.58
-93.3676 161.353 2168.66
26.5912 169.08 2142.48
333.013 113.1 1934.52
205.912 -832.41 2652.82
497.332 -56.4844 1821.77
175.541 -181.955 2306.77
222.324 -608.497 2411.3
146.55 176.808 2116.3
57.3597 -9.181 2234.05
FRAME: 172
-2.02805 350.811 2068.57
-138.922 -69.7454 2326.35
39.3036 -894.266 2514.21
-178.51 -340.345 2377.32
5.99515 -202.405 2349.45
-4.17529 -604.567 2435.19
-93.97 154.829 2171.31
24.368 162.483 2141.75
330.026 91.5762 1956.16
205.45 -819.569 2665.76
505.391 -53.7124 1825.38
177.969 -189.039 2299.77
214.472 -608.339 2417.6
142.706 170.137 2112.18
58.1751 -16.6192 2233.18
FRAME: 173
-3.34781 349.253 2069
-138.755 -69.5472 2331.01
38.6368 -893.024 2515.14
-188.424 -336.834 2397.55
5.29892 -205.222 2357.45
-8.31832 -607.719 2440.28
-93.8114 152.77 2177.59
23.1708 159.492 2145.9
330.105 75.7037 1972
227.844 -788.708 2645.91
509.984 -66.7508 1866.16
177.818 -192.108 2300.33
202.205 -611.098 2424.29
140.153 166.214 2114.21
57.3646 -19.5867 2237.4
FRAME: 174
-1.34478 346.138 2066.77
-142.227 -64.0135 2326.97
37.284 -901.971 2520.29
-195.101 -338.993 2394.37
2.13169 -207.311 2360.32
-8.5561 -607.22 2444.89
-96.6398 155.387 2180.99
20.4241 160.77 2149.03
328.961 69.7397 1978.97
241.605 -782.713 2593.31
513.715 -59.1531 1879.15
170.549 -196.553 2305.76
205.611 -620.112 2427.86
137.488 166.153 2117.06
53.3823 -20.5811 2241.03
FRAME: 175
0.58434 347.131 2066.46
-142.215 -66.2276 2331.2
40.3827 -913.319 2520.32
-204.247 -338.308 2402.21
-0.603417 -207.878 2364.25
-10.285 -607.327 2439.1
-96.1401 151.764 2188.48
21.2215 156.965 2153.28
325.048 64.7606 1979.05
238.466 -764.787 2605.24
517.855 -54.1977 1887.74
176.944 -193.146 2299.32
218.531 -614.298 2415.24
138.583 162.166 2118.08
54.696 -21.7735 2242.53
FRAME: 176
1.77758 346.764 2068.34
-148.857 -64.5948 2329.81
34.5925 -919.074 2526.41
-217.907 -332.211 2403.3
-0.354918 -210.057 2364.89
-12.6054 -611.002 2440.16
-95.8321 148.569 2188.01
21.3383 152.69 2156.03
332.888 56.0554 1997.95
233.232 -785.628 2576.16
509.233 -82.2548 1888.65
165.824 -200.923 2312.48
204.109 -621.522 2422.56
138.509 156.811 2124.06
52.0365 -26.4002 2247.36
FRAME: 177
2.80978 348.331 2070.1
-151.769 -52.3334 2334.14
37.6674 -916.248 2523.27
-224.951 -341.87 2393.3
-4.70419 -212.263 2364.49
-12.6565 -611.475 2436.32
-94.7878 146.349 2184.41
20.3708 151.667 2155.15
330.81 54.5459 2006.41
175.914 -824.743 2693.86
517.691 -83.9342 1928.87
168.598 -200.12 2312.18
218.125 -607.799 2409.01
135.529 156.986 2125.89
51.1589 -27.2619 2246.74
FRAME: 178
3.23104 347.7 2070.98
-153.757 -57.8138 2328.8
35.0193 -913.703 2527.12
-202.983 -315.149 2392.65
-9.4774 -220.533 2359.92
-15.4199 -611.755 2436.06
-96.3728 142.857 2186.82
20.1835 150.512 2164.36
332.563 55.1726 2019.83
210.298 -818.454 2589.09
500.712 -67.1733 1894.94
165.084 -205.193 2319.17
202.722 -625.182 2423.88
136.74 158.167 2141.9
48.9934 -31.1754 2251.95
FRAME: 179
5.04557 348.864 2075.21
-158.678 -58.9299 2323.22
34.5347 -912.977 2525.89
-231.119 -341.938 2359.97
-10.0299 -218.245 2360.31
-17.0505 -611.529 2437.99
-95.2634 143.213 2182.94
22.181 149.528 2163.76
334.141 49.298 2036.86
213.177 -825.814 2553.86
507.045 -59.5876 1913.79
154.212 -209.337 2333.49
203.564 -629.77 2426.78
139.625 155.843 2144.58
47.1361 -32.1316 2255.33
FRAME: 180
7.2705 350.727 2079.45
-160.043 -59.9257 2319.41
34.8689 -930.072 2527.66
-224.682 -351.866 2331.6
-12.5909 -221.805 2355.73
-11.7191 -612.08 2432.76
-91.7389 142.886 2180.69
24.2398 148.82 2162.73
341.161 43.7941 2050.1
185.093 -839.735 2582.58
505.352 -91.3549 1939.83
154.406 -213.168 2329.88
218.969 -619.645 2414.69
140.218 154.754 2144.77
47.5737 -34.3332 2252.77
FRAME: 181
10.4801 351.63 2083.34
-158.683 -64.7048 2315.22
49.8981 -915.163 2513.89
-217.474 -363.112 2311.89
-12.538 -231.286 2351.89
-12.2077 -630.672 2429.38
-88.3227 140.626 2184.67
24.5592 151.208 2164.82
340.022 44.7852 2064.69
196.546 -823.029 2470.38
511.416 -86.1516 1975.54
183.306 -205.579 2305.31
230.532 -616.278 2386.21
137.441 161.79 2144.97
54.9716 -33.612 2246.71
FRAME: 182
13.3981 354.195 2087.14
-159.913 -67.0504 2308.88
44.7029 -935.595 2517.24
-210.374 -367.451 2297.6
-12.1071 -233.852 2349.97
-8.75347 -636.971 2422.84
-86.7697 140.987 2182.09
24.6576 152.733 2161.54
344.94 36.6352 2078.88
190.052 -848.094 2484.36
491.503 -189.086 1997.1
191.266 -204.466 2297.63
218.772 -626.612 2380.4
136.085 164.479 2141
57.1185 -33.2132 2242.67
FRAME: 183
16.6741 356.574 2089.88
-157.698 -72.7615 2297.06
21.827 -971.812 2527.64
-187.603 -375.208 2269.59
-9.5845 -236.587 2346.35
-8.96268 -643.689 2420.28
-84.7168 140.376 2182.86
27.144 153.089 2161.82
344.943 26.4331 2105.41
205.042 -849.813 2406.97
504.577 -157.631 2039.38
199.091 -204.245 2291.33
234.056 -610.685 2341.24
139.005 165.803 2140.78
60.9487 -33.6633 2240.33
FRAME: 184
19.6166 357.468 2091.86
-151.273 -80.9238 2290.7
29.8326 -972.125 2516.96
-169.639 -376.115 2239.31
-12.7058 -241.947 2341.32
-9.5575 -649.762 2409.6
-83.2784 138.436 2188.8
29.483 152.977 2164.04
339.659 16.083 2124.47
225.39 -878.978 2409.6
463.586 -222.575 2031.12
221.81 -202.017 2274.08
232.961 -606.333 2325.72
142.244 167.518 2139.28
67.0175 -34.5027 2235.87
FRAME: 185
23.4324 358.32 2092.67
-132.901 -108.035 2269.78
25.7005 -955.8 2514.74
-112.128 -402.97 2202.18
-16.2825 -243.216 2329.58
-8.11914 -643.576 2406.63
-82.6624 136.397 2187.17
32.6857 151.337 2166.69
335.398 -11.0834 2167.13
203.787 -890.268 2393.01
423.941 -291.613 2087.85
216.551 -203.964 2272.63
239.145 -626.52 2313.93
148.034 166.278 2146.2
66.4101 -36.1263 2233.9
FRAME: 186
31.1597 358.685 2094.2
-116.251 -117.352 2249.96
21.7456 -936.43 2533.15
-82.6393 -401.924 2165.04
-18.7729 -246.607 2315.46
-8.01114 -636.54 2406.21
-79.3249 134.407 2181.91
35.5764 148.859 2167.56
326.393 -27.6553 2199.68
226.179 -947.095 2357.29
390.457 -317.603 2094.05
202.129 -211.78 2270.94
226.519 -629.006 2327.25
150.478 163.31 2153.22
63.6273 -40.1674 2230.38
FRAME: 187
36.4059 360.184 2093.68
-109.994 -113.823 2226.02
29.8025 -918.201 2546.79
-49.826 -382.887 2121.18
-15.1311 -233.456 2324.33
-11.2864 -627.771 2411.25
-78.7525 138.779 2164.71
38.4864 148.847 2166.53
316.705 -39.3204 2228.11
178.897 -990.553 2396.61
381.613 -326.159 2142.27
151.197 -218.889 2326.74
201.449 -633.986 2363.35
155.725 158.914 2168.35
53.2598 -38.6628 2246.03
FRAME: 188
45.6436 359.539 2092.33
-90.7912 -122.564 2210.48
26.39 -897.268 2545.29
31.99 -388.969 2057.56
-11.3977 -233.253 2328.28
-24.6416 -647.641 2399
-70.6439 136.511 2162.04
43.4385 145.266 2166.05
296.593 -46.971 2250.95
105.3 -935.242 2532.34
347.528 -341.714 2180.81
143.511 -221.156 2333.88
182.869 -630.523 2384.82
157.521 154.02 2170.06
54.7475 -40.9694 2248.57
FRAME: 189
54.0467 357.729 2090.73
-70.4724 -135.015 2185.83
24.0011 -884.994 2524.54
55.4445 -380.2 2043.6
-11.4413 -230.636 2325.89
-27.9829 -645.31 2388.2
-53.8689 129.542 2150.35
52.5626 138.384 2162.97
285.163 -55.3492 2270.89
147.238 -928.997 2496.16
330.944 -354.728 2178.58
135.476 -218.237 2343.73
185.736 -614.038 2396.71
158.994 147.227 2175.59
57.2899 -43.0263 2248.89
FRAME: 190
60.7554 354.984 2088.93
-52.1815 -135.669 2164.98
18.7491 -892.719 2520.25
72.7228 -358.401 2029.37
-6.7831 -229.5 2326.17
-31.5289 -635.059 2385.66
-43.107 124.165 2142.94
57.7222 133.812 2161.53
277.129 -63.3021 2276.88
130.341 -946.266 2530.09
320.892 -358.346 2188.58
123.711 -216.556 2351.13
163.718 -607.976 2403.92
158.551 143.459 2180.12
58.0931 -44.608 2250.09
FRAME: 191
68.1712 353.55 2089.33
-32.6337 -140.404 2137.87
15.5612 -894.423 2548.72
117.017 -382.377 2002.72
-6.95781 -232.696 2336.07
-33.6526 -627.986 2395.88
-32.6345 116.882 2133.27
61.1644 131.956 2164.12
265.621 -66.8265 2291.77
101.583 -870.763 2500.67
302.856 -353.277 2202.27
113.218 -212.574 2376.77
159.208 -605.424 2383.51
154.963 147.03 2194.96
57.1473 -45.3393 2260.27
FRAME: 192
73.4797 352.463 2089.73
-13.3927 -147.621 2116.32
5.81821 -894.354 2552.06
139.68 -405.334 1988.24
-2.91674 -232.988 2330.21
-38.9712 -607.951 2397.6
-18.5968 113.04 2131.05
68.2132 129.978 2167.79
256.784 -73.0671 2295.88
74.8003 -870.132 2506.17
287.556 -365.345 2208.2
114.537 -209.322 2381.11
162.59 -614.339 2418.42
155.023 146.917 2204.53
62.0117 -45.5883 2261.72
FRAME: 193
80.2062 350.783 2089.73
4.97256 -144.648 2094.61
-7.35518 -903.765 2557.41
161.196 -395.106 1954.78
-0.943362 -226.989 2331.66
-40.7238 -601.372 2400.24
-5.53442 110.933 2134.13
77.6979 126.99 2173.19
243.486 -82.0564 2299.5
51.4858 -910.524 2518.91
288.047 -352.25 2218.06
113.377 -204.416 2386.24
171.697 -607.094 2397.69
160.93 143.047 2212.24
66.9573 -44.3562 2266.07
FRAME: 194
84.4278 349.418 2093.07
17.0096 -150.515 2085.12
-12.3409 -924.514 2539.78
163.667 -344.88 1958.21
1.29062 -219.205 2328.64
-39.1169 -599.167 2401.15
2.83998 105.684 2136.16
83.9883 122.506 2178.37
236.996 -84.6797 2297.27
45.9001 -896.181 2500.05
277.378 -344.224 2214.56
115.057 -194.951 2388.72
182.291 -595.778 2386.88
165.137 139.329 2220.57
71.081 -42.2858 2268.52
FRAME: 195
88.0367 348.338 2094.78
27.5087 -145.41 2078.85
-18.3016 -919.056 2576.3
153.598 -367.89 1957.29
0.337408 -213.562 2336.18
-41.7929 -598.289 2401.77
7.42867 104.834 2140.57
88.7245 122.768 2186.17
232.208 -85.2455 2300.48
44.0512 -892.257 2493.16
279.204 -337.706 2216.73
113.744 -187.916 2400.82
188.22 -584.793 2388.9
170.02 140.702 2231.77
72.8826 -38.9854 2277.34
FRAME: 196
92.0737 347.543 2098.62
33.7805 -143.141 2077.98
-16.0603 -930.725 2567.73
174.821 -338.686 1959.32
1.13405 -217.396 2335.07
-43.5926 -600.996 2398.15
7.34513 106.831 2144.88
89.5452 123.762 2189.6
229.172 -79.2638 2294.32
39.4476 -907.783 2532.82
294.88 -342.461 2211.05
114.946 -192.912 2398.64
170.845 -596.589 2399.88
171.745 140.693 2234.32
73.7926 -40.6961 2278.23
FRAME: 197
97.8775 347.811 2107.25
41.6911 -144.899 2076.06
-19.3637 -934.828 2587.47
154.191 -338.418 1984.46
2.15309 -217.272 2339.34
-44.8204 -607.134 2404.89
13.8099 107.587 2148.69
91.507 126.037 2197.15
225.842 -74.8806 2294.21
46.1884 -904.629 2544.46
288.409 -335.633 2223.21
112.519 -189.631 2410.41
163.191 -600.653 2422.19
169.204 144.487 2245.62
74.4216 -38.7073 2286.01
FRAME: 198
102.599 348.716 2117.64
53.8068 -149.311 2079.51
-23.0499 -940.972 2584.02
203.786 -404.617 1945.4
-2.05809 -221.018 2348.88
-49.0951 -612.705 2411.9
17.9988 104.64 2147.63
92.8417 126.841 2198.99
221.332 -70.8016 2301.18
46.9614 -892.961 2531.53
304.078 -327.641 2226.81
116.969 -182.678 2433.73
181.527 -594.132 2442.76
167.685 149.043 2250.34
75.1485 -37.5033 2295.14
FRAME: 199
105.47 352.25 2127.63
57.5388 -139.932 2089.05
-16.2435 -918.249 2636.79
175.726 -334.142 1989.34
1.45815 -216.916 2348.2
-44.5849 -614.641 2411.34
23.2289 112.335 2153.48
93.3255 134.602 2207.09
222.222 -63.6732 2311.26
38.1586 -907.392 2556.28
307.846 -329.039 2254.71
113.093 -179.076 2435.72
133.704 -587.758 2452.03
163.422 156.869 2260.69
75.3007 -31.697 2299.53
FRAME: 200
107.456 356.393 2137.48
62.6894 -136.101 2092.95
-19.2576 -919.094 2643.38
180.281 -343.712 2006.79
2.39606 -216.179 2354.89
-35.8387 -612.82 2406.24
26.7798 113.945 2159.96
96.4398 136.602 2216.16
218.477 -60.2155 2318.61
37.1644 -916.443 2546.91
303.641 -321.937 2259.62
113.107 -177.929 2445.72
136.96 -593.133 2441.27
166.1 159.259 2272.36
77.0958 -30.2259 2308.23
FRAME: 201
108.439 359.97 2151.45
68.2063 -133.888 2108.03
-28.4568 -918.309 2627.7
195.833 -350.179 2016.56
5.89539 -212.788 2364.53
-35.2542 -611.937 2410.83
34.2056 115.299 2173.89
100.572 138.764 2232.22
215.702 -54.4648 2335.95
31.5015 -914.725 2526.22
279.72 -301.83 2267.21
115.13 -173.161 2460.91
140.351 -586.108 2438.69
166.939 162.23 2290.55
80.5426 -27.105 2322.47
FRAME: 202
108.595 362.329 2167.13
70.6263 -128.033 2122.45
-31.908 -928.751 2610.45
195.468 -359.252 2030.97
8.81215 -211.194 2368.66
-32.9402 -611.764 2414.68
35.3505 118.848 2181.87
102.524 143.19 2246.29
214.374 -47.5176 2349.84
28.7708 -909.708 2514.15
287.908 -312.418 2290.96
113.141 -171.976 2469.29
95.3923 -574.741 2424.52
169.698 167.532 2310.7
81.7504 -24.1976 2332.63
FRAME: 203
107.082 364.548 2178.9
72.8455 -128.515 2132.75
-33.6549 -918.368 2627.98
200.508 -368.867 2046.2
12.8582 -214.314 2373.73
-26.8667 -605.704 2422.85
36.5526 124.245 2191.07
98.6782 147.051 2252.45
216.647 -39.8786 2363.4
26.9709 -916.576 2524.56
278.175 -285.994 2270.88
106.124 -178.956 2467.18
87.4126 -584.174 2420.43
160.804 169.858 2313.82
79.0847 -24.7918 2336.45
FRAME: 204
104.982 369.602 2189.56
74.7986 -126.012 2148.23
-31.1416 -915.16 2652.2
196.022 -357.927 2064.97
18.5701 -213.635 2381.62
-48.246 -618.385 2439.1
39.5477 129.076 2199.53
98.4587 151.027 2257.85
211.519 -28.3724 2384.12
36.8457 -931.35 2512.28
298.023 -254.134 2359.76
105.951 -179.078 2470.3
55.8669 -586.301 2416.74
157.37 172.978 2316.16
80.3595 -22.6648 2341.91
FRAME: 205
102.858 376.281 2207.48
70.9646 -123.697 2173.63
-26.5622 -907.332 2657.64
198.562 -370.756 2108.31
22.6153 -212.485 2391.4
-34.3343 -611.953 2438.84
45.2829 136.469 2222.02
99.9967 155.396 2277.08
209.997 -33.2216 2404.76
35.2731 -922.209 2529.77
275.272 -274.567 2386.8
103.32 -182.278 2476.22
68.0252 -594.183 2443.9
154.71 174.324 2332.14
81.4821 -20.9925 2355.44
FRAME: 206
101.085 381.587 2225.02
67.576 -116.757 2192.75
-23.8167 -901.505 2651.41
192.769 -386.941 2123.54
25.8593 -209.08 2402.15
-17.489 -605.992 2438.21
47.6867 141.282 2236.67
102.286 159.682 2294.18
208.626 -43.1716 2420.74
30.5881 -925.635 2537.01
254.198 -294.677 2397.39
102.087 -181.635 2485.07
76.2173 -596.886 2488.86
156.885 178.083 2351.68
83.1296 -17.8375 2368.89
FRAME: 207
98.8556 383.791 2238.64
69.3365 -121.591 2206.37
-22.8222 -907.816 2625.58
188.99 -361.603 2156.99
25.8735 -207.868 2411.75
-11.0517 -602.706 2442.7
47.9664 136.31 2247.42
100.129 155.567 2304.17
205.168 -51.9377 2436.12
25.0948 -924.758 2552.34
254.235 -298.042 2419.88
105.789 -178.01 2498.45
107.555 -592.843 2519.21
152.291 174.824 2360.93
82.98 -18.6861 2379.64
FRAME: 208
94.63 385.591 2254.48
65.81 -123.019 2227.48
-14.2129 -918.415 2618.36
185.486 -384.469 2176.54
25.1205 -208.59 2414.78
-4.89391 -604.484 2450.87
44.6196 141.749 2258.82
97.9447 159.578 2315.21
199.859 -60.7256 2449.6
19.9172 -920.099 2564.81
249.466 -318.154 2412.74
106.032 -180.386 2501.69
132.634 -585.8 2558.62
151.27 177.406 2371.59
81.7606 -17.4552 2386.72
FRAME: 209
92.1742 386.525 2263.63
58.8777 -108.518 2238.93
-12.5548 -925.843 2609.72
187.744 -411.863 2165.12
23.8956 -207.605 2421.68
-5.7389 -602.454 2454.35
44.9245 146.376 2267.9
94.7156 164.308 2324.43
187.329 -53.9422 2467.6
36.1754 -883.465 2527.06
238.557 -325.307 2483.89
103.069 -178.871 2511.24
129.296 -585.589 2563.68
144.507 182.24 2380.96
79.0988 -14.4646 2395.44
FRAME: 210
88.5077 390.217 2277.11
58.9491 -95.3191 2259.51
-12.0876 -929.382 2610.88
196.04 -404.242 2266.5
23.1157 -206.629 2431.1
0.348312 -604.746 2460.47
45.2509 153.842 2285.52
92.0793 170.329 2339.61
176.777 -53.9931 2477.42
18.762 -909.806 2566.53
202.355 -348.87 2338.27
102.698 -178.203 2522.95
128.04 -594.513 2566.81
138.908 186.816 2393.7
77.493 -11.0434 2408.32
FRAME: 211
86.1133 392.383 2288.17
49.967 -116.562 2280.92
-9.04347 -961.187 2606.77
216.624 -440.102 2173.28
22.0137 -210.217 2442.01
4.62836 -616.028 2468.42
39.3788 133.011 2299.28
81.2041 149.44 2345.99
180.021 -78.9831 2427.12
24.7296 -877.829 2588.38
209.362 -391.989 2287.94
99.8899 -178.628 2530.11
143.126 -581.28 2560.62
123.029 165.868 2392.7
71.078 -22.4914 2416.02
FRAME: 212
83.5969 393.851 2306.77
74.7564 -106.951 2294.7
-14.5392 -991.275 2618.48
208.529 -391.156 2285.5
19.5566 -210.473 2449.06
4.51154 -625.148 2478.02
39.4268 135.342 2305.84
80.6945 152.149 2357.69
187.405 -93.3962 2388.45
53.0835 -810.8 2575.68
218.848 -414.9 2288.47
99.0463 -178.16 2543.81
155.716 -581.21 2562.7
121.962 168.955 2409.53
69.998 -21.084 2427.06
FRAME: 213
82.3666 395.901 2312.19
81.7735 -97.8008 2299.93
-6.09128 -984.31 2620.69
241.315 -345.056 2297.17
24.8736 -211.344 2446.87
11.7486 -621.816 2472.04
40.3702 139.681 2313.3
80.2118 156.737 2373.64
187.336 -88.6035 2399.23
14.5763 -843.189 2656.6
244.073 -378.591 2361.3
98.5519 -179.131 2547.36
132.201 -569.577 2581.16
120.054 173.793 2433.99
70.9623 -19.2505 2435.38
FRAME: 214
79.9268 397.281 2319.9
113.603 -86.573 2290.99
-11.9993 -978.015 2615.73
321.965 -323.756 2269.42
25.0613 -219.655 2450.7
26.2299 -629.25 2469.61
45.4487 140.503 2311.56
81.8447 160.387 2383.05
207.068 -73.0598 2387.18
-12.8021 -877.158 2720.13
276.771 -378.088 2361.29
90.3075 -183.671 2566.71
127.055 -572.038 2595.62
118.241 180.272 2454.53
69.7646 -20.6378 2445.88
FRAME: 215
77.4531 400.657 2322.55
155.735 -78.2388 2268.45
-16.2662 -958.482 2635.34
317.245 -274.238 2247.32
26.315 -213.093 2450.7
38.0476 -619.03 2464.41
50.3856 147.431 2307.4
80.043 170.678 2387.92
216.423 -25.3569 2357.8
-15.3698 -870.369 2710.77
363.949 -228.237 2244.01
78.4145 -172.642 2577.93
115.145 -554.114 2600.9
109.7 193.925 2468.45
66.2038 -11.095 2451.12
FRAME: 216
74.9098 402.313 2326.16
174.937 -56.9927 2248.48
-7.75225 -960.426 2614.77
368.148 -193.723 2188.58
27.8151 -211.14 2447.96
43.9967 -619.098 2464.38
52.766 150.504 2307.7
80.3711 174.077 2392.16
213.18 3.58913 2370.32
-11.8534 -874.543 2720.06
385.903 -166.971 2230.34
76.1189 -169.469 2581.96
113.305 -562.207 2619.8
107.976 197.65 2476.63
66.169 -8.11372 2453.56
FRAME: 217
74.5464 402.139 2325.1
210.307 -18.6388 2215.67
-9.54434 -963.017 2617.38
446.513 -98.6879 2098.89
25.6425 -212.485 2447.67
41.8904 -621.337 2465.48
55.6524 150.312 2303.57
82.6503 174.281 2387.8
204.292 45.0372 2393.46
-15.7352 -867.665 2742.68
431.801 -97.8447 2186.55
74.2781 -170.92 2581.33
129.15 -561.692 2642.94
109.648 198.25 2472.03
66.3053 -8.71089 2451.15
FRAME: 218
72.4539 404.231 2324.41
228.607 25.8868 2171.81
1.84412 -956.827 2582.26
486.369 -21.3896 2082.38
26.7518 -209.962 2446.85
45.0088 -613.769 2461.27
55.7621 153.488 2302.33
80.6395 178.32 2388.32
207.253 89.0307 2427.99
-19.0174 -868.753 2749.69
425.081 4.88387 2206.07
71.6953 -167.708 2582.91
122.325 -562.813 2666.76
105.517 203.152 2474.32
64.9316 -5.25748 2451.6
FRAME: 219
70.5954 407.073 2320.22
258.936 96.3124 2133.38
11.746 -952.774 2569.07
492.46 111.081 1974.27
33.2967 -206.114 2442.61
50.6574 -611.28 2456.24
60.6637 164.405 2277.42
83.9061 196.736 2378.8
188.324 169.434 2583.6
-25.5004 -862.522 2753.62
388.695 139.84 2272.28
67.1613 -159.877 2582.5
111.988 -556.91 2669.89
107.148 229.068 2480.18
67.0676 6.8702 2445.68
FRAME: 220
68.222 411.353 2309.58
270.662 157.812 2082.88
6.30992 -960.747 2562.6
487.966 140.776 1961.22
37.7552 -203.316 2431.69
51.2661 -618.059 2452.14
67.81 166.995 2258.67
88.5598 203.924 2365.27
216.725 213.601 2512.49
-23.0466 -851.55 2743
370.207 197.828 2273.11
68.6448 -150.028 2582.44
109.597 -547.02 2667.18
109.31 240.853 2471.86
70.8799 13.6258 2436.17
FRAME: 221
67.5232 413.639 2300.87
257.688 184.721 2069.46
10.1625 -967.548 2548.63
459.179 234.632 1939.18
45.1537 -189.784 2419.48
53.0181 -608.545 2436.27
68.6293 171.821 2246.83
87.2991 211.69 2361.02
207.958 233.944 2473.21
-14.3221 -841.937 2715.08
356.325 299.217 2089.77
72.8446 -132.602 2579.03
109.983 -532.641 2671.01
105.969 251.559 2475.22
73.1491 25.2483 2430.14
FRAME: 222
70.3178 418.126 2282.6
225.311 227.333 2047.94
16.136 -946.153 2554.88
431.351 297.815 1930.73
53.1481 -183.581 2397.6
63.0592 -604.135 2417.33
75.4003 182.354 2235.13
89.1244 222.273 2353.37
188.47 267.401 2419.34
-9.09818 -836.654 2684.77
331.772 472.176 1938.77
75.0423 -122.757 2573.93
107.951 -518.353 2658.39
102.848 262.192 2471.61
76.6098 34.5519 2419.57
FRAME: 223
71.5832 420.285 2271.88
209.474 271.377 2031.71
17.5954 -931.113 2564.34
366.411 388.509 1933.41
61.193 -176.144 2378.71
71.2289 -600.617 2400.34
82.2276 183.218 2222.29
91.5693 222.178 2347.47
184.271 334.289 2206.66
0.0676836 -848.606 2641.31
296.418 594.102 1846.27
73.9274 -119.89 2553.14
93.6789 -516.59 2621.57
100.911 261.137 2472.65
79.5648 37.0804 2406.7
FRAME: 224
73.0836 423.265 2264.73
208.542 329.086 2028.14
16.0045 -934.706 2574.24
324.63 489.72 1939.72
74.1048 -174.167 2371.43
74.2774 -603.264 2388.4
93.1376 180.149 2210.17
95.7404 222.738 2334.45
184.752 362.803 2149.86
12.2293 -845.935 2599.99
243.935 668.153 1822.23
78.5963 -110.35 2552.47
90.6137 -501.903 2593.79
98.3433 265.328 2458.72
86.0455 40.2398 2398.2
FRAME: 225
74.1767 424.949 2259.3
189.096 355.299 2019.56
19.4725 -921.814 2569.08
278.542 557.359 1927.48
78.7932 -158.544 2349.84
79.1139 -585.047 2370.76
94.5874 190.27 2202.58
92.9148 227.277 2325.78
180.675 378.796 2097.39
22.1203 -857.648 2563.41
194.527 680.905 1840.47
77.46 -102.241 2521.75
86.221 -499.701 2539.81
91.2423 264.283 2448.98
85.5207 48.4422 2380.79
FRAME: 226
72.4691 429.601 2256.85
166.675 371.971 2009.56
26.7286 -916.896 2571.21
225.07 548.553 1964.91
80.2724 -158.043 2335.41
84.6198 -585.459 2365.31
94.4861 198.562 2190.75
92.3941 234.344 2306.9
163.14 379.255 2068.67
22.3916 -859.554 2560.31
153.05 691.391 1861.48
77.558 -101.245 2508.66
80.4284 -499.45 2505.99
90.3022 270.126 2423.04
85.6547 52.35 2364.47
FRAME: 227
70.7301 432.691 2257.39
146.731 396.863 2001.46
32.9708 -913.217 2564.96
156.478 628.271 1960.49
87.692 -158.805 2313.11
97.0165 -592.663 2348.76
94.583 213.897 2171.91
88.205 246.552 2278.76
121.228 352.161 2072.58
28.9798 -867.518 2542.06
109.953 632.415 1933.47
76.806 -98.8471 2489.96
87.1756 -501.513 2469.28
81.827 279.206 2385.6
85.227 58.8627 2340.14
FRAME: 228
71.26 432.404 2256.86
134.833 412.311 1996.65
32.1479 -918.925 2568.42
122.88 674.817 1951.94
87.5392 -165.033 2301.15
100.887 -604.204 2343.23
91.2901 212.166 2164.16
89.5137 241.111 2264.38
105.939 358.712 2066.84
36.9238 -871.79 2532.57
70.7292 660.138 1937
86.5773 -105.155 2478.6
96.6538 -503.957 2472.88
87.7374 270.056 2364.6
88.286 53.0083 2327.13
FRAME: 229
64.7887 428.982 2242.01
121.594 405.366 1988.79
40.4237 -933.771 2533.93
86.1214 678.05 1956.47
89.4977 -168.141 2290.97
102.079 -615.992 2329.44
89.2552 208.254 2152.02
89.8047 234.824 2245.35
103.929 340.549 2032.84
53.7703 -878.668 2515.88
85.6075 662.561 1926.2
91.4875 -113.535 2449.45
115.868 -519.564 2429.5
90.3542 261.394 2338.69
90.1487 46.9927 2307.78
FRAME: 230
56.5319 423.244 2201.11
109.02 414.74 1990.39
35.5026 -930.873 2533.01
43.7397 690.385 1941.97
85.0498 -158.007 2281.13
100.998 -607.14 2322.37
80.6555 216.007 2146.31
90.4963 228.956 2221.08
104.669 325.606 2025.93
59.3121 -879.649 2521.56
78.5869 571.599 1947.65
102.396 -127.196 2373.73
134.487 -534.919 2361.67
100.337 241.904 2295.84
92.1097 43.1772 2274.25
FRAME: 231
48.3777 402.772 2184.9
85.5845 390.247 1997.09
33.4772 -952.58 2496.2
8.72789 676.977 1942.49
82.4413 -164.555 2274.44
98.8933 -608.531 2310.33
61.1935 196.46 2146.18
80.6984 204.051 2207.18
103.886 311.72 2007.62
63.6575 -875.337 2549.63
58.8391 565.93 1954.44
112.24 -154.435 2315.23
150.307 -551.883 2360.09
100.203 211.643 2268.17
89.0195 22.2783 2251.01
FRAME: 232
44.0285 384.464 2170.19
68.1697 353.117 2007.57
30.7047 -966.883 2489.76
1.41524 651.546 1948.79
82.9757 -188.518 2273.35
101.632 -623.53 2305.62
53.9125 165.427 2148.66
80.9228 174.851 2167.27
94.055 308.491 1983.37
69.2015 -862.254 2538.87
55.87 616.151 1962.29
124.393 -164.381 2310.95
162.498 -553.293 2361.41
107.933 184.275 2185.88
92.3035 -0.79917 2229.71
FRAME: 233
43.9402 385.042 2164.48
60.2156 336.112 1993.78
38.8733 -990.358 2445
-15.4915 628.495 1943.11
83.84 -199.477 2264.13
101.082 -629.604 2300.28
43.0652 154.369 2138.05
78.7683 163.886 2148.23
94.9444 337.737 1987.36
59.3604 -853.406 2580.37
49.9595 630.915 1968.92
140.186 -175.443 2292.51
181.227 -563.764 2373.25
114.471 173.402 2158.4
95.3908 -11.7873 2213.27
FRAME: 234
49.2685 374.895 2160.49
49.795 337.376 2007.95
46.2651 -990.645 2428.56
-30.6405 618.001 1923.37
88.6767 -212.199 2245.96
118.251 -650.269 2274.19
35.7381 154.752 2134.13
75.28 163.645 2151.74
91.2788 311.011 2005.69
57.9587 -825.619 2609.51
62.839 554.812 1991.44
140.446 -191.734 2282.17
188.849 -584.982 2389.47
114.822 172.538 2169.35
94.9207 -19.1608 2207.9
FRAME: 235
48.9688 367.115 2161.72
44.5373 326.803 2017.95
49.7872 -1017.83 2406.9
-23.3715 591.566 1974.12
94.636 -225.001 2241.66
128.375 -667.111 2264.04
42.5901 146.135 2144.12
76.1449 153.063 2156.22
85.8095 304.52 1986.17
61.8946 -842.123 2617.71
37.7733 574.6 1963.7
138.533 -208.039 2272.04
200.917 -598.109 2397.31
109.7 159.991 2168.33
96.3647 -31.7283 2206.54
FRAME: 236
45.9308 362.171 2159.33
43.1105 318.611 1989.49
54.8749 -1020.52 2405.28
-26.6327 593.386 1965.62
97.6863 -229.89 2234.57
135.712 -668.612 2254.52
41.2382 142.121 2143.02
73.6437 147.37 2148
70.516 311.807 1972.81
57.5285 -857.628 2617.68
22.4493 609.113 1919.66
139.283 -214.609 2257.89
204.162 -603.566 2385.92
106.049 152.618 2152.98
96.0641 -37.4398 2197.12
FRAME: 237
33.8094 362.019 2166.41
31.5464 321.945 2038.05
57.3324 -1019.84 2392.41
-38.7957 616.091 2001.13
95.5048 -234.933 2228.79
135.462 -667.158 2247.14
38.919 149.224 2149.57
66.4416 154.154 2155.11
62.7403 303.808 1977.59
75.5108 -858.858 2603.16
11.748 628.108 1882.89
134.442 -223.398 2248.8
223.744 -599.417 2387.63
93.9642 159.084 2160.66
90.7074 -37.506 2196.95
FRAME: 238
19.9198 362.611 2167.52
25.6746 343.457 2028.2
49.1989 -1013.91 2382.32
-58.1189 609.879 2085.66
90.863 -222.531 2221.08
135.355 -656.368 2241.16
28.1893 152.974 2153.67
63.8928 161.394 2153.47
65.774 305.393 1975.35
96.9273 -872.27 2604.21
18.1373 629.281 1868.17
139.179 -206.488 2226.37
235.135 -615.438 2355.04
99.5962 169.814 2153.26
89.4569 -26.5577 2188.59
FRAME: 239
10.9497 371.693 2171.9
34.1522 349.3 2005.86
48.8203 -984.873 2370.09
-20.8092 642.883 1866.33
102.035 -219.864 2208.66
145.401 -650.366 2225.4
23.7821 162.977 2132.55
53.6863 174.237 2167.62
60.9524 297.97 2011.01
90.198 -864.294 2605.88
22.813 578.462 1872.96
142.064 -202.591 2255.72
234.057 -600.054 2366.72
83.5905 185.497 2202.69
87.8679 -18.4954 2199.9
FRAME: 240
-2.94953 379.081 2177.97
47.5098 342.108 1962.2
47.5304 -962.571 2390.95
45.8254 555.799 1856.88
101.686 -215.52 2205.32
140.151 -642.38 2230.54
11.2905 162.683 2128.17
44.911 174.743 2165.02
57.5077 258.003 2011.03
89.0286 -883.018 2594.33
52.2413 510.832 1823.92
143.855 -197.179 2259.2
235.902 -595.066 2361.27
78.5314 186.803 2201.87
83.8409 -15.8034 2198.64
FRAME: 241
-9.06631 379.962 2180.12
32.5282 298.926 1966.53
50.2693 -954.234 2397.73
15.0106 504.188 1772.74
102.296 -205.865 2211.53
124.875 -636.31 2241.18
0.493128 158.214 2125.71
38.0933 171.613 2146.4
65.3465 258.444 1941.67
94.7978 -902.44 2558.57
77.6987 529.358 1783.61
151.465 -185.442 2247.53
251.57 -578.844 2384.43
75.6935 185.011 2167.1
82.4868 -12.0203 2187.97
FRAME: 242
-1.22795 384.773 2172.84
-12.9395 173.886 2130
47.4311 -957.84 2404.91
-62.3877 257.289 1985.65
90.254 -198.693 2225.61
120.107 -635.781 2253.97
-11.1998 167.752 2150.13
37.5692 180.387 2145.13
82.2084 268.757 1916.18
88.5067 -918.498 2501.75
112.055 534.362 1666.61
154.787 -177.821 2239.51
256.695 -576.948 2363.76
86.3381 193.022 2140.12
80.0449 -3.93496 2188.84
FRAME: 243
5.67354 384.634 2167.68
-6.0638 154.398 2137.19
50.9944 -953.358 2400.64
7.77024 256.883 1947.32
89.7227 -191.231 2229.01
119.588 -613.706 2248.7
-6.79307 173.121 2150.07
46.4113 184.954 2144.16
91.7474 261.162 1924.58
90.2946 -899.891 2460.73
132.818 483.261 1615.24
159.681 -174.078 2228.85
257.745 -560.068 2364.68
99.6156 196.786 2138.26
85.5565 1.14947 2186.55
FRAME: 244
10.684 383.907 2163.57
28.1301 154.68 2049.58
54.9035 -941.798 2420.97
55.9104 239.592 1892.38
86.5417 -191.864 2231.01
113.782 -612.897 2246.6
-4.5916 173.604 2144.2
47.8857 185.602 2154.91
96.6996 222.728 1990.34
86.639 -905.355 2453.88
155.269 372.143 1645.07
157.527 -175.955 2242.13
256.026 -556.532 2371.93
100.363 197.6 2165.61
84.96 0.846327 2195.74
FRAME: 245
-1.22916 381.584 2158.11
39.7778 140.701 1946.75
59.1557 -934.495 2427.88
128.844 165.718 1755.42
91.7508 -197.682 2215.25
103.248 -609.026 2247.39
5.01163 183.125 2126.47
66.279 198.694 2167.82
145.337 213.109 2014.8
82.6635 -888.175 2491.23
190.381 243.118 1699.69
167.957 -178.87 2260.11
259.609 -552.354 2381.95
127.546 214.262 2209.16
98.0665 5.20887 2202.75
FRAME: 246
5.51944 383.652 2169.38
61.93 105.226 1907.05
60.0031 -932.831 2441.73
179.593 121.57 1646.99
93.0975 -200.5 2219.17
96.8094 -613.36 2262.12
5.56194 171.765 2126.73
76.2089 190.744 2170.09
152.567 189.258 1963.68
77.2818 -894.533 2491.06
205.267 207.164 1597.06
179.508 -177.15 2271.27
261.664 -555.403 2383.64
146.856 209.723 2213.45
106.256 0.959781 2207.66
FRAME: 247
28.6661 403.288 2187.59
42.8129 52.6067 1906.88
59.9605 -923.935 2458.93
206.482 59.8736 1657.64
93.5223 -193.435 2222.76
95.0451 -603.721 2273.55
18.1307 188.026 2116.36
86.0711 204.873 2158.43
165.707 153.947 1995.8
88.6023 -900.461 2475.88
221.76 63.8255 1676.86
186.493 -170.123 2275.22
252.837 -565.935 2378.73
154.011 221.719 2200.5
113.039 11.5469 2203.71
FRAME: 248
43.3468 423.36 2174.14
40.2971 45.8463 1915.64
54.6774 -912.868 2471.47
195.152 -99.5559 1644.35
97.8886 -174.836 2228.35
89.8724 -583.794 2288.99
22.2851 205.582 2108.45
85.7663 223.852 2149.66
165.086 113.2 2036.5
99.7865 -905.465 2474.07
171.388 -64.2451 1844.54
174.105 -152.758 2275.15
239.264 -562.287 2372.85
149.248 242.122 2190.87
110.882 30.0275 2200.7
FRAME: 249
66.9112 456.844 2157.74
12.7327 14.7503 1975.38
54.551 -913.802 2469.78
186.559 -175.789 1680.83
97.97 -146.249 2220.26
88.5719 -564.627 2295.06
16.6763 238.901 2101.2
76.8368 256.504 2135.33
164.366 205.748 2026.48
112.71 -883.919 2509.11
124.125 148.95 1920.63
174.587 -123.863 2261.38
239.291 -537.475 2367.46
136.997 274.108 2169.46
106.558 60.7241 2188.07
FRAME: 250
73.2524 502.271 2136.66
-0.582637 32.2935 2020.31
56.0294 -915.264 2457.56
118.338 -197.771 1784.57
78.3017 -109.827 2219.5
72.5709 -542.756 2294.92
9.07976 266.146 2086.28
70.1445 285.775 2126.8
201.295 374.732 2036.51
97.0761 -825.832 2550.15
64.4753 453.803 1964.49
156.511 -85.1748 2267.71
229.458 -499.798 2374.47
131.209 305.405 2167.32
93.7754 94.1372 2185.2
FRAME: 251
52.45 451.559 2107.83
-7.50468 0.525989 2076.36
52.3965 -915.298 2476.71
86.803 -263.899 1850.54
63.1321 -103.25 2248.03
48.7405 -532.005 2315.26
-0.871052 254.192 2113.73
63.8044 269.617 2127.98
217.497 459.476 2008.5
142.001 -824.408 2521.81
52.5946 679.848 1936.35
158.748 -81.7325 2269.76
237.458 -483.663 2330.01
128.48 285.042 2142.23
87.3722 88.5628 2193.44
FRAME: 252
19.363 398.242 2079.55
-12.1174 9.6156 2092.67
53.1659 -918.123 2473.08
57.3656 -249.495 1914.83
73.3105 -112.025 2257.29
56.3645 -541.759 2332.21
-3.11936 241.237 2128.72
62.2699 255.38 2138.34
221.581 448.71 2011.68
157.85 -815.584 2586.34
65.2326 718.135 1889.1
162.977 -92.2605 2274.69
230.231 -478.52 2353.78
127.659 269.523 2147.95
90.2068 76.6183 2202.16
FRAME: 253
12.1216 382.265 2067.93
-24.8029 -37.8785 2140.76
48.3806 -911.32 2483.8
-9.27978 -354.447 1996.77
73.2943 -133.48 2272.4
55.7548 -544.666 2349.44
-14.0008 223.376 2139.38
60.3416 237.952 2143.26
225.545 432.31 2009.07
147.964 -837.532 2604.28
127.891 662.049 1789.62
175.946 -113.775 2277.75
248.254 -501.27 2387.53
134.684 252.528 2147.15
92.4809 57.1622 2209.17
FRAME: 254
10.216 376.202 2065.36
-32.373 -57.8833 2154.19
43.7014 -904.974 2494.28
-32.4886 -378.444 2030.58
66.1042 -161.211 2280.47
53.0137 -554.331 2364.1
-20.7671 200.308 2140.56
61.5861 216.89 2143.46
221.723 403.073 1997.44
137.653 -838.343 2630.77
151.151 629.307 1736.23
192.998 -135.823 2284.9
251.796 -513.127 2388.44
143.939 233.473 2146.36
95.5686 34.1867 2213.07
FRAME: 255
10.8784 372.948 2064.72
-39.3304 -79.4097 2177.47
46.7504 -903.49 2492.68
-53.3088 -407.972 2077.4
54.8964 -169.053 2285.05
49.2223 -556.355 2364.26
-29.089 187.333 2140.89
64.1579 204.082 2142.04
214.805 382.983 1971.72
125.566 -844.346 2661.12
158.395 595.736 1850.46
198.294 -143.688 2286.46
251.345 -536.381 2401.36
157.405 220.832 2143.19
95.3765 23.8558 2213.9
FRAME: 256
8.57554 368.271 2062.32
-50.2723 -104.413 2227.1
48.1698 -933.942 2509.26
-72.5953 -414.52 2136.06
49.0217 -192.947 2303.97
42.2499 -592.549 2383.5
-42.7677 166.656 2158.02
61.94 184.925 2156.87
203.387 337.045 1972.15
124.029 -843.47 2700.46
218.893 472.128 1738.85
203.38 -166.212 2302.11
243.203 -555.569 2420.47
166.648 203.194 2155.71
94.0704 2.67265 2229.95
FRAME: 257
32.3947 351.916 2040.88
-16.371 -57.712 2184.05
54.2502 -892.764 2495.98
-38.5575 -311.58 2163.15
39.1605 -171.228 2291.74
36.9072 -579.183 2375.42
1.37786 168.449 2118.23
97.3642 186.693 2128.21
323.508 232.981 1922.5
126.971 -860.981 2701.57
473.772 217.127 1625.43
204.982 -133.325 2318.77
249.096 -548.163 2436.14
193.351 204.937 2138.2
109.718 17.2083 2216.73
FRAME: 258
10.7684 353.287 2057.41
-59.5908 -38.4965 2221.46
40.0209 -863.831 2476.26
-78.0486 -295.282 2235.69
37.8872 -170.702 2312.72
26.6988 -582.331 2391.9
-29.1144 172.826 2133.95
74.878 193.06 2145.33
316.799 230.507 1937.8
132.507 -865.82 2700.69
444.747 134.861 1627.01
198.628 -138.433 2333.36
252.139 -558.855 2434.36
178.87 213.295 2156.71
96.5679 19.2464 2234.18
FRAME: 259
32.4264 346.982 2037.17
-76.984 -64.9635 2253.36
37.7833 -874.754 2485.42
-116.587 -358.452 2313.11
42.312 -177.231 2320.03
24.2016 -588.512 2401.67
-31.8838 164.649 2121.89
80.8677 178.886 2137.83
331.908 213.584 1928.76
154.626 -840.056 2726.17
532.709 -23.1732 1688.21
206.999 -135.398 2314.65
248.752 -555.309 2423.79
193.619 193.122 2153.77
102.762 11.2856 2227.58
FRAME: 260
22.4957 345.303 2057.99
-70.2174 -56.9941 2264.4
30.9327 -869.995 2484.82
-99.9184 -327.876 2335.14
36.7186 -180.743 2326.45
17.4317 -590.921 2405.28
-40.799 160.774 2133.66
64.6868 182.609 2134.51
357.903 163.067 1900.07
160.223 -835.518 2749.17
491.62 -0.70054 1701.48
219.241 -139.047 2304.02
248.571 -567.637 2429.48
170.173 204.445 2135.36
96.3334 11.3572 2224.87
FRAME: 261
13.627 344.59 2055.44
-93.1969 -70.5109 2291.38
31.8538 -870.912 2509.99
-130.568 -321.615 2406.93
29.8862 -197.291 2342.7
20.2819 -595.003 2431.75
-60.2259 144.659 2158.65
52.9719 162.439 2150.04
351.916 109.218 1946.15
164.615 -834.963 2704.83
511.774 -22.6575 1785.82
208.563 -166.63 2317.9
239.214 -610.078 2430.88
166.17 180.219 2141.43
86.0983 -9.76077 2240.17
FRAME: 262
4.24869 343.062 2055.86
-107.021 -69.3764 2324.4
36.2779 -884.208 2517.78
-139.373 -309.149 2423.91
27.609 -212.573 2354.48
26.7142 -605.475 2426.91
-62.2039 141.344 2160.73
52.8987 151.34 2140.97
348.464 81.2415 1950.58
245.622 -796.147 2629.05
525.598 -59.2771 1820.66
202.238 -193.308 2311.98
249.834 -612.782 2414.76
168.001 161.337 2121.21
83.911 -25.8001 2237.1
FRAME: 263
7.48061 340.084 2057.11
-102.734 -56.592 2344.74
40.3487 -888.684 2510.82
-146.003 -302.201 2435.56
20.9245 -209.554 2359.26
23.821 -602.04 2422.34
-67.7644 150.263 2176.4
48.4797 156.474 2146.89
345.92 70.4014 1959.54
206.025 -809.196 2697.87
525.307 -96.7369 1856.45
196.717 -193.88 2302.35
255.938 -586.194 2382.58
164.724 162.685 2117.39
78.6501 -22.6216 2238.85
FRAME: 264
4.5885 337.611 2055.78
-114.642 -48.2786 2340.55
38.5491 -903.585 2524.82
-153.745 -291.638 2443.17
18.4793 -209.524 2361.66
27.2937 -604.377 2421.52
-69.4325 149.526 2174.32
47.9489 149.037 2143.16
350.183 56.3917 1963.64
249.207 -807.426 2624.36
530.015 -88.5187 1853.78
178.199 -210.129 2319.57
244.389 -609.709 2388.48
165.33 148.549 2112
73.1439 -30.3946 2241.89
FRAME: 265
4.48806 335.016 2053.62
-113.817 -46.9601 2346.48
38.2041 -914.506 2526.64
-164.236 -292.238 2441.95
18.6569 -219.544 2366.97
25.0461 -607.993 2421.33
-68.3793 143.725 2174.09
47.9074 144.627 2142.02
352.836 48.4459 1967.4
188.174 -820.631 2710.5
521.316 -89.8684 1837.98
189.879 -215.463 2314.73
234.323 -617.33 2403.06
164.194 145.529 2109.94
76.0877 -36.438 2241.43
FRAME: 266
4.2118 335.033 2052.98
-113.038 -49.8085 2350.83
39.1388 -920.484 2530.83
-163.645 -295.771 2438.73
18.6548 -219.924 2371.23
19.3658 -602.26 2419.58
-65.3837 137.079 2177.27
48.1245 140.272 2143.94
348.738 42.1363 1977.56
178.464 -828.953 2748.15
522.595 -125.801 1874.52
206.094 -207.062 2304.87
208.801 -607.169 2407.29
161.633 143.466 2110.61
80.2494 -36.6104 2241
FRAME: 267
8.34195 332.768 2054.42
-111.658 -35.821 2351.09
36.2943 -920.881 2525.93
-165.42 -295.915 2435.01
18.1969 -216.889 2372.33
20.4629 -607.952 2422.77
-67.2084 138.033 2178.56
47.9724 138.848 2142.99
354.151 29.248 1978.58
188.703 -837.87 2741.25
514.605 -180.717 1856.9
199.626 -208.386 2305.89
225.175 -605.929 2413.41
163.153 139.663 2107.41
78.442 -36.8948 2241.05
FRAME: 268
8.86264 332.128 2055.56
-111.83 -37.3936 2346.26
37.1606 -914.629 2524.65
-168.009 -297.954 2409.22
16.8734 -216.696 2370.12
17.6286 -604.984 2421.81
-61.3139 139.02 2177.33
51.2459 139.21 2143.19
353.238 26.6249 1983.8
189.278 -851.038 2727.29
502.079 -149.418 1849.73
197.371 -209.987 2304.45
220.285 -605.357 2420.7
163.806 139.4 2109.05
79.1842 -37.0657 2240.24
FRAME: 269
12.3241 330.761 2054.93
-114.252 -35.6606 2342.16
36.7262 -924.509 2530.91
-170.109 -303.105 2389.94
18.5513 -218.099 2371.46
15.1617 -604.182 2422.25
-61.5574 141.237 2177.08
52.2512 138.676 2142.96
353.22 23.8047 1983.34
185.367 -838.524 2712.13
516.995 -166.319 1862.41
186.76 -218.907 2315.64
217.7 -601.421 2414.16
166.06 136.116 2108.84
77.4534 -39.9133 2243.25
FRAME: 270
17.4542 330.264 2056.72
-113.243 -37.8404 2341.26
36.3467 -923.336 2529.25
-165.106 -306.935 2375.18
20.9605 -218.476 2370.34
16.2364 -602.06 2421.63
-60.8653 140.191 2175.74
54.0304 138.056 2141.62
357.819 18.0159 1987.33
206.621 -863.847 2678.3
545.153 -138.199 1899.58
189.304 -218.287 2314.91
222.846 -594.235 2408.35
168.926 135.92 2107.5
79.5814 -40.163 2242.12
FRAME: 271
18.9293 331.127 2057.93
-113.372 -41.5244 2339.09
36.6908 -927.087 2526.87
-166.809 -307.59 2352.59
20.191 -217.608 2367.31
16.4572 -604.4 2423.63
-60.9403 142.29 2176.63
55.1202 139.221 2142.28
361.694 17.2276 1992.01
176.006 -852.683 2707.01
521.614 -160.15 1869.34
185.877 -218.916 2314.74
200.329 -608.46 2395.38
171.181 136.153 2107.93
79.077 -39.5205 2241.65
FRAME: 272
24.0107 331.48 2059.28
-115.389 -58.2781 2319.06
35.624 -933.426 2524.32
-157.602 -326.734 2346.02
20.2615 -217.558 2363.97
16.2287 -602.349 2421.88
-60.8194 138.95 2175.91
56.6038 137.661 2143.25
365.673 18.7147 1997.91
161.617 -854.253 2724.75
541.103 -129.188 1899.94
190.272 -215.937 2312.24
189.105 -615.32 2402.06
174.027 136.372 2110.58
80.9354 -39.5431 2240.68
FRAME: 273
32.1745 335.472 2063.3
-113.109 -54.8951 2312.53
35.5312 -934.977 2522.17
-151.649 -327.8 2331.33
23.0079 -217.938 2355.86
15.5247 -605.298 2415.78
-55.6256 138.02 2170.97
60.5206 138.239 2142.81
376.58 28.4094 2009.06
214.956 -852.188 2614.96
523.089 -139.756 1886.45
188.775 -214.713 2311.07
208.44 -611.049 2406.08
176.667 138.458 2114.66
83.206 -39.0433 2238.14
FRAME: 274
36.5337 337.867 2064.49
-112.787 -55.9464 2312.97
37.387 -936.461 2519.91
-149.1 -325.616 2318.37
23.4186 -216.78 2347.87
15.4845 -608.458 2412.67
-54.8943 139.548 2175.6
61.3428 138.909 2143.24
374.704 27.9373 2008.9
197.484 -843.982 2624.1
545.869 -139.473 1918.68
191.199 -214.085 2296.69
215.483 -602.515 2387.42
177.58 138.27 2110.88
84.3257 -38.2619 2232.76
FRAME: 275
43.5941 341.768 2069.14
-114.108 -62.7293 2301.23
40.6728 -950.229 2516.92
-148.782 -328.242 2311.68
20.5862 -214.621 2344.51
17.2379 -612.313 2409.24
-53.1482 140.228 2169.69
62.5919 138.568 2141.68
380.431 18.8856 2024.98
265.355 -832.254 2492.42
527.752 -124.346 1901.89
181.471 -216.866 2305.36
226.115 -605.143 2375.61
178.332 136.907 2113.68
81.8103 -38.588 2233.31
FRAME: 276
47.3943 345.198 2067.88
-111.887 -62.7783 2302.76
38.1268 -960.432 2517.78
-146.659 -328.819 2304.21
22.4889 -219.535 2337.59
17.5969 -617.357 2405.35
-52.4975 139.756 2172.41
63.3211 139.356 2143.93
373.267 25.3926 2021.73
294.166 -814.69 2434.5
536.751 -143.124 1931.11
185.837 -219.802 2297.14
235.294 -605.526 2343.34
179.14 138.957 2115.45
83.7421 -40.1559 2230.65
FRAME: 277
51.0591 347.534 2067.17
-112.668 -61.0096 2300.99
35.8216 -957.566 2512.29
-148.05 -328.287 2290.97
22.9375 -219.639 2329.24
20.23 -618.523 2392.93
-52.951 141.038 2170.82
62.9675 142.482 2144.68
368.644 30.6809 2039.73
270.548 -839.353 2450.03
505.417 -193.867 1937.87
186.537 -217.501 2292.32
245.292 -593.604 2316.32
178.886 143.926 2118.55
83.8523 -38.0442 2227.73
FRAME: 278
54.3247 350.4 2067.21
-112.828 -57.9788 2299.26
28.9377 -959.85 2511.2
-144.556 -331.259 2293.01
24.2957 -222.99 2320.13
19.8294 -622.405 2386.39
-50.1626 141.202 2170
63.8376 144.966 2144.43
365.241 27.7804 2051.18
217.025 -886.023 2496.21
515.678 -145.165 1938.04
195.538 -214.669 2279.28
245.777 -611.552 2318.91
177.838 148.731 2118.85
86.8771 -36.9316 2222.07
FRAME: 279
55.6958 353.377 2065.92
-111.291 -55.9412 2300.6
34.3934 -963.083 2497.17
-148.124 -334.095 2285.82
23.9883 -223.438 2315.99
17.7325 -626.967 2383.93
-48.116 141.871 2167.69
65.2991 146.426 2142.84
360.301 18.0704 2061.57
244.381 -852.977 2382.73
493.911 -220.366 1986.69
200.668 -212.693 2273.24
242.64 -607.123 2333.15
178.714 150.982 2118
88.8136 -35.8195 2218.73
FRAME: 280
56.1807 354.331 2067.24
-110.661 -53.8623 2298.62
38.5467 -955.741 2495.27
-147.994 -339.36 2275.53
23.0565 -224.256 2311.47
13.6335 -629.992 2376.98
-46.7893 141.683 2163.75
66.0425 146.324 2140.39
361.562 4.08529 2073.17
233.352 -899.17 2342.4
482.875 -224.308 2000.53
200.555 -213.899 2270.92
241.54 -612.986 2333.13
178.874 150.964 2117.04
88.9242 -36.377 2215.79
FRAME: 281
54.9135 354.387 2067.36
-112.435 -56.3032 2294.09
42.2753 -947.783 2486.09
-141.414 -361.42 2256.48
22.6318 -226.418 2308.72
10.5114 -633.466 2372.04
-48.3877 140.303 2159.88
65.958 146.091 2140.19
348.797 -19.8415 2113.56
252.295 -942.94 2360.25
459.031 -237.665 2024.36
198.582 -217.224 2277.5
237.371 -627.234 2343.51
180.304 151.88 2120.49
88.2825 -37.8649 2216.65
FRAME: 282
52.5013 353.87 2067.81
-113.791 -61.9311 2287.47
47.1568 -940.171 2468.9
-142.179 -363.166 2244.52
22.1286 -229.589 2303.83
4.6277 -639.525 2370.12
-50.7656 137.5 2158.76
64.8652 145.231 2141.3
345.514 -26.2597 2149.2
246.527 -958.345 2384.07
420 -286.492 2073.7
201.64 -217.499 2276.33
237.434 -629.203 2337.37
180.496 152.963 2123.84
88.3747 -39.1562 2215.69
FRAME: 283
51.1124 352.882 2066.66
-113.207 -80.27 2280.83
48.8854 -956.29 2479.17
-130.701 -373.865 2239.24
22.9821 -233.319 2305.97
7.00182 -641.659 2369.07
-50.7214 136.843 2160.14
65.4125 144.12 2142.55
338.027 -42.3726 2186.56
232.1 -971.723 2400.7
365.524 -334.886 2084.4
199.796 -222.166 2279.07
226.227 -643.633 2320.33
181.546 151.396 2124.97
88.4006 -41.8115 2217.54
FRAME: 284
47.004 352.669 2066.26
-111.21 -78.9307 2270.99
47.4967 -950.965 2472.99
-119.131 -382.554 2224.1
22.2977 -232.508 2302.36
6.42912 -642.966 2366.47
-50.9082 138.35 2161.76
64.6858 145.831 2145.94
325.429 -35.4879 2204.95
221.436 -963.314 2401.38
302.343 -378.101 2111.52
194.861 -221.314 2278.73
223.037 -644.642 2324.04
180.28 153.313 2130.12
86.6326 -40.5396 2218.24
FRAME: 285
46.1299 353.539 2066.17
-109.352 -81.0176 2272.38
42.6666 -923.885 2458.58
-97.4997 -392.085 2208.04
21.3434 -233.877 2299.96
7.84703 -647.917 2357.69
-53.997 140.678 2166.26
62.0932 147.75 2148.9
314.207 -31.6002 2222.75
198.25 -947.451 2387.43
359.633 -270.028 2167.27
190.05 -223.429 2275.01
201.264 -647.169 2309.32
178.183 154.822 2131.54
83.8951 -40.4513 2218.19
FRAME: 286
45.7431 354.851 2067.41
-104.315 -88.7439 2264.99
46.4825 -883.731 2371.99
-72.5983 -387.946 2199.4
7.88659 -232.615 2288.5
-5.62927 -638.616 2332.82
-54.8556 139.6 2166.67
62.115 145.045 2153.18
285.399 -52.5751 2255.44
139.307 -852.079 2515.25
301.918 -315.806 2208.11
180.09 -224.581 2268.9
190.057 -653.783 2316.34
179.086 150.49 2139.69
78.0516 -41.7762 2215.94
FRAME: 287
41.5216 354.418 2067.82
-100.851 -98.3 2258.95
38.3254 -874.875 2364.14
-55.2411 -382.644 2190.64
-1.15637 -226.52 2282.56
-10.3067 -628.96 2318.94
-58.124 135.125 2166.23
60.0221 141.543 2157.34
269.45 -65.3804 2259.13
159.679 -816.71 2612.19
294.421 -293.51 2210.96
178.75 -216.6 2269.3
185.127 -652.463 2321.76
178.168 147.961 2148.45
74.4094 -40.0085 2216.63
FRAME: 288
38.0849 354.58 2070.43
-95.0969 -96.3148 2257.51
41.767 -871.076 2421.73
-34.7175 -385.522 2168.99
-0.185874 -224.414 2286.55
-6.55798 -608.177 2277.32
-61.5016 135.088 2170.13
57.1651 141.499 2159.9
258.054 -64.6616 2265.82
178.023 -813.001 2685.17
295.353 -281.831 2232.02
174.42 -214.833 2271.8
185.907 -638.626 2349.7
175.832 147.909 2149.67
72.1412 -39.0623 2219.54
FRAME: 289
35.9571 355.379 2073.38
-89.0138 -96.8063 2244.26
49.2199 -857.01 2456.02
-22.4262 -383.777 2161.64
0.0814723 -218.748 2284.58
-0.494001 -601.34 2276.32
-60.4727 130.219 2170.19
57.6715 138.904 2163.01
242.949 -80.2373 2281.49
186.262 -811.68 2685
283.297 -285.326 2216.23
180.986 -205.132 2274.05
199.294 -559.483 2356.47
175.816 147.588 2155.82
74.1026 -36.518 2221.16
FRAME: 290
33.2937 354.718 2078.52
-81.4708 -96.2904 2244.89
43.2664 -840.57 2426.72
-35.1095 -409.427 2099.96
4.25042 -222.664 2289.35
-16.8091 -608.688 2269.22
-57.9601 128.758 2171.82
58.8162 137.247 2166.5
237.939 -84.9098 2285.78
189.28 -826.187 2679.36
265.637 -298.018 2213.34
174.831 -209.763 2282.12
216.727 -550.007 2386.44
175.592 145.735 2161.19
74.1784 -39.4835 2226.12
FRAME: 291
32.2554 355.489 2082.46
-71.3516 -101.568 2246.48
47.453 -884.047 2490.5
-19.1189 -410.212 2124.02
12.2281 -222.471 2290.11
-9.37787 -607.791 2300.06
-57.5262 124.563 2173.45
59.8765 135.218 2172.01
237.142 -90.2591 2294.93
183.084 -837.461 2656.57
251.152 -309.343 2200.98
173.783 -207.496 2288.81
211.76 -551.612 2381.06
177.279 145.874 2170.57
76.4411 -39.8824 2230.73
FRAME: 292
33.572 356.312 2084.17
-59.3588 -107.454 2247.52
62.9003 -870.535 2508.51
1.07918 -411.165 2140.57
12.9225 -225.102 2286.52
-9.73816 -613.269 2304
-56.1692 123.247 2172.62
61.747 135.232 2175.21
241.756 -90.9947 2308.79
176.528 -837.442 2664.7
218.318 -317.049 2216.16
175.736 -207.632 2291.06
218.969 -554.871 2383.36
179.663 147.217 2177.81
78.0381 -40.5675 2232
FRAME: 293
32.7926 356.737 2088.41
-51.5657 -118.923 2237.3
58.2051 -890.698 2531.97
-2.2598 -427.814 2146.92
20.4334 -234.244 2283.21
-2.20824 -641.316 2319.65
-51.9723 122.537 2171.52
63.8776 135.815 2178.62
239.266 -91.0061 2307.1
185.544 -841.233 2664.23
237.051 -305.014 2209.4
176.064 -215.9 2293.61
215.199 -565.288 2393.53
179.727 149.093 2185.72
81.0633 -44.6287 2233.51
FRAME: 294
35.4521 359.359 2098.77
-45.0218 -119.98 2235.94
80.5312 -879.289 2546.88
5.49748 -412.566 2169.79
30.9707 -231.839 2288.47
-5.37951 -634.256 2339.03
-46.6704 123.39 2171.98
67.3664 137.527 2183.14
237.294 -89.0379 2320
187.177 -852.628 2657.77
251.079 -298.354 2226.92
170.187 -213.999 2303.06
208.584 -570.75 2399.27
181.403 151.664 2194.3
83.9727 -42.6959 2239.45
FRAME: 295
41.3459 363.668 2112.46
-36.4691 -117.478 2244.48
101.574 -882.878 2572.83
5.85111 -420.812 2174.51
39.3836 -229.163 2301.51
-8.72866 -639.76 2337.74
-42.4787 126.532 2183.72
70.787 140.77 2192.13
234.956 -85.1385 2327.06
190.084 -864.73 2651.14
267.081 -293.685 2267.39
176.167 -211.457 2313.26
201.384 -578.423 2405.88
184.053 155.008 2200.54
89.2812 -39.7702 2249.76
FRAME: 296
47.2591 367.406 2125.23
-34.9293 -116.115 2245.18
82.0502 -866.705 2542.96
-9.29141 -415.998 2179.52
33.498 -229.819 2301.48
-2.27056 -663.665 2345.83
-39.6808 130.025 2188.27
74.7707 144.201 2202.55
236.878 -81.0675 2339.74
188.501 -873.429 2638.07
277.065 -291.779 2293.66
179.281 -211.283 2320.37
197.813 -586.15 2408.86
189.222 158.377 2216.82
90.5802 -38.1749 2256.73
FRAME: 297
53 370.458 2132.69
-34.9129 -110.442 2257.01
34.494 -861.368 2521.59
10.6811 -416.01 2193.08
31.6371 -232.78 2303.77
12.7711 -660.716 2357.65
-39.3275 129.761 2195.12
78.142 142.829 2211.69
244.006 -83.6722 2355.86
184.961 -873.66 2630.1
276.484 -294.123 2314.32
177.363 -216.617 2324.52
200.009 -593.818 2413.31
195.612 155.897 2228.26
91.3211 -40.9348 2262.92
FRAME: 298
63.9484 374.008 2147.1
-26.5716 -104.712 2277.52
52.2342 -869.857 2537.28
-24.5306 -405.699 2191.63
29.8455 -236.479 2315.08
15.0955 -659.904 2365.75
-31.1719 135.385 2217.03
86.6516 144.553 2230.31
253.732 -90.9807 2365.91
185.178 -877.332 2638.46
291.567 -305.185 2322.41
180.671 -224.408 2332.88
190.782 -594.593 2432.87
204.475 153.72 2243.59
95.955 -42.9454 2277.15
FRAME: 299
76.7633 376.558 2164.82
-25.9754 -107.162 2306
59.9652 -872.489 2552.7
-100.271 -465.477 2159.57
31.0072 -238.192 2323.93
2.90781 -664.239 2370.39
-28.1865 139.824 2234.94
91.8282 148.615 2248.11
260.313 -90.9967 2378.11
182.855 -881.568 2642.62
291.747 -299.219 2314.44
189.342 -226.096 2342.3
189.281 -609.203 2456.2
211.843 157.405 2261.29
101.001 -41.7646 2290.61
FRAME: 300
85.5377 379.505 2181.37
-21.5168 -98.3535 2315.59
68.7895 -855.805 2571.67
18.4054 -413.045 2236.01
19.0447 -243.379 2336.31
3.69073 -674.642 2380.79
-24.8862 140.224 2245.82
97.2457 145.905 2257.89
270.077 -97.5972 2396.63
180.896 -889.99 2637.17
291.532 -302.048 2333.34
193.33 -235.218 2353.79
195.704 -600.489 2465.97
219.378 151.586 2269.95
101.717 -46.6966 2301.47

