FRAME: 0
0 0 0
0 0 0
0 0 0
0 0 0
0 0 0
0 0 0
0 0 0
0 0 0
0 0 0
0 0 0
0 0 0
0 0 0
0 0 0
0 0 0
0 0 0
FRAME: 1
0 0 0
0 0 0
0 0 0
0 0 0
0 0 0
0 0 0
0 0 0
0 0 0
0 0 0
0 0 0
0 0 0
0 0 0
0 0 0
0 0 0
0 0 0
FRAME: 2
0 0 0
0 0 0
0 0 0
0 0 0
0 0 0
0 0 0
0 0 0
0 0 0
0 0 0
0 0 0
0 0 0
0 0 0
0 0 0
0 0 0
0 0 0
FRAME: 3
0 0 0
0 0 0
0 0 0
0 0 0
0 0 0
0 0 0
0 0 0
0 0 0
0 0 0
0 0 0
0 0 0
0 0 0
0 0 0
0 0 0
0 0 0
FRAME: 4
0 0 0
0 0 0
0 0 0
0 0 0
0 0 0
0 0 0
0 0 0
0 0 0
0 0 0
0 0 0
0 0 0
0 0 0
0 0 0
0 0 0
0 0 0
FRAME: 5
0 0 0
0 0 0
0 0 0
0 0 0
0 0 0
0 0 0
0 0 0
0 0 0
0 0 0
0 0 0
0 0 0
0 0 0
0 0 0
0 0 0
0 0 0
FRAME: 6
0 0 0
0 0 0
0 0 0
0 0 0
0 0 0
0 0 0
0 0 0
0 0 0
0 0 0
0 0 0
0 0 0
0 0 0
0 0 0
0 0 0
0 0 0
FRAME: 7
0 0 0
0 0 0
0 0 0
0 0 0
0 0 0
0 0 0
0 0 0
0 0 0
0 0 0
0 0 0
0 0 0
0 0 0
0 0 0
0 0 0
0 0 0
FRAME: 8
0 0 0
0 0 0
0 0 0
0 0 0
0 0 0
0 0 0
0 0 0
0 0 0
0 0 0
0 0 0
0 0 0
0 0 0
0 0 0
0 0 0
0 0 0
FRAME: 9
0 0 0
0 0 0
0 0 0
0 0 0
0 0 0
0 0 0
0 0 0
0 0 0
0 0 0
0 0 0
0 0 0
0 0 0
0 0 0
0 0 0
0 0 0
FRAME: 10
0 0 0
0 0 0
0 0 0
0 0 0
0 0 0
0 0 0
0 0 0
0 0 0
0 0 0
0 0 0
0 0 0
0 0 0
0 0 0
0 0 0
0 0 0
FRAME: 11
0 0 0
0 0 0
0 0 0
0 0 0
0 0 0
0 0 0
0 0 0
0 0 0
0 0 0
0 0 0
0 0 0
0 0 0
0 0 0
0 0 0
0 0 0
FRAME: 12
0 0 0
0 0 0
0 0 0
0 0 0
0 0 0
0 0 0
0 0 0
0 0 0
0 0 0
0 0 0
0 0 0
0 0 0
0 0 0
0 0 0
0 0 0
FRAME: 13
0 0 0
0 0 0
0 0 0
0 0 0
0 0 0
0 0 0
0 0 0
0 0 0
0 0 0
0 0 0
0 0 0
0 0 0
0 0 0
0 0 0
0 0 0
FRAME: 14
0 0 0
0 0 0
0 0 0
0 0 0
0 0 0
0 0 0
0 0 0
0 0 0
0 0 0
0 0 0
0 0 0
0 0 0
0 0 0
0 0 0
0 0 0
FRAME: 15
0 0 0
0 0 0
0 0 0
0 0 0
0 0 0
0 0 0
0 0 0
0 0 0
0 0 0
0 0 0
0 0 0
0 0 0
0 0 0
0 0 0
0 0 0
FRAME: 16
0 0 0
0 0 0
0 0 0
0 0 0
0 0 0
0 0 0
0 0 0
0 0 0
0 0 0
0 0 0
0 0 0
0 0 0
0 0 0
0 0 0
0 0 0
FRAME: 17
0 0 0
0 0 0
0 0 0
0 0 0
0 0 0
0 0 0
0 0 0
0 0 0
0 0 0
0 0 0
0 0 0
0 0 0
0 0 0
0 0 0
0 0 0
FRAME: 18
0 0 0
0 0 0
0 0 0
0 0 0
0 0 0
0 0 0
0 0 0
0 0 0
0 0 0
0 0 0
0 0 0
0 0 0
0 0 0
0 0 0
0 0 0
FRAME: 19
0 0 0
0 0 0
0 0 0
0 0 0
0 0 0
0 0 0
0 0 0
0 0 0
0 0 0
0 0 0
0 0 0
0 0 0
0 0 0
0 0 0
0 0 0
FRAME: 20
0 0 0
0 0 0
0 0 0
0 0 0
0 0 0
0 0 0
0 0 0
0 0 0
0 0 0
0 0 0
0 0 0
0 0 0
0 0 0
0 0 0
0 0 0
FRAME: 21
0 0 0
0 0 0
0 0 0
0 0 0
0 0 0
0 0 0
0 0 0
0 0 0
0 0 0
0 0 0
0 0 0
0 0 0
0 0 0
0 0 0
0 0 0
FRAME: 22
0 0 0
0 0 0
0 0 0
0 0 0
0 0 0
0 0 0
0 0 0
0 0 0
0 0 0
0 0 0
0 0 0
0 0 0
0 0 0
0 0 0
0 0 0
FRAME: 23
0 0 0
0 0 0
0 0 0
0 0 0
0 0 0
0 0 0
0 0 0
0 0 0
0 0 0
0 0 0
0 0 0
0 0 0
0 0 0
0 0 0
0 0 0
FRAME: 24
0 0 0
0 0 0
0 0 0
0 0 0
0 0 0
0 0 0
0 0 0
0 0 0
0 0 0
0 0 0
0 0 0
0 0 0
0 0 0
0 0 0
0 0 0
FRAME: 25
0 0 0
0 0 0
0 0 0
0 0 0
0 0 0
0 0 0
0 0 0
0 0 0
0 0 0
0 0 0
0 0 0
0 0 0
0 0 0
0 0 0
0 0 0
FRAME: 26
0 0 0
0 0 0
0 0 0
0 0 0
0 0 0
0 0 0
0 0 0
0 0 0
0 0 0
0 0 0
0 0 0
0 0 0
0 0 0
0 0 0
0 0 0
FRAME: 27
0 0 0
0 0 0
0 0 0
0 0 0
0 0 0
0 0 0
0 0 0
0 0 0
0 0 0
0 0 0
0 0 0
0 0 0
0 0 0
0 0 0
0 0 0
FRAME: 28
0 0 0
0 0 0
0 0 0
0 0 0
0 0 0
0 0 0
0 0 0
0 0 0
0 0 0
0 0 0
0 0 0
0 0 0
0 0 0
0 0 0
0 0 0
FRAME: 29
0 0 0
0 0 0
0 0 0
0 0 0
0 0 0
0 0 0
0 0 0
0 0 0
0 0 0
0 0 0
0 0 0
0 0 0
0 0 0
0 0 0
0 0 0
FRAME: 30
0 0 0
0 0 0
0 0 0
0 0 0
0 0 0
0 0 0
0 0 0
0 0 0
0 0 0
0 0 0
0 0 0
0 0 0
0 0 0
0 0 0
0 0 0
FRAME: 31
0 0 0
0 0 0
0 0 0
0 0 0
0 0 0
0 0 0
0 0 0
0 0 0
0 0 0
0 0 0
0 0 0
0 0 0
0 0 0
0 0 0
0 0 0
FRAME: 32
0 0 0
0 0 0
0 0 0
0 0 0
0 0 0
0 0 0
0 0 0
0 0 0
0 0 0
0 0 0
0 0 0
0 0 0
0 0 0
0 0 0
0 0 0
FRAME: 33
0 0 0
0 0 0
0 0 0
0 0 0
0 0 0
0 0 0
0 0 0
0 0 0
0 0 0
0 0 0
0 0 0
0 0 0
0 0 0
0 0 0
0 0 0
FRAME: 34
0 0 0
0 0 0
0 0 0
0 0 0
0 0 0
0 0 0
0 0 0
0 0 0
0 0 0
0 0 0
0 0 0
0 0 0
0 0 0
0 0 0
0 0 0
FRAME: 35
0 0 0
0 0 0
0 0 0
0 0 0
0 0 0
0 0 0
0 0 0
0 0 0
0 0 0
0 0 0
0 0 0
0 0 0
0 0 0
0 0 0
0 0 0
FRAME: 36
0 0 0
0 0 0
0 0 0
0 0 0
0 0 0
0 0 0
0 0 0
0 0 0
0 0 0
0 0 0
0 0 0
0 0 0
0 0 0
0 0 0
0 0 0
FRAME: 37
0 0 0
0 0 0
0 0 0
0 0 0
0 0 0
0 0 0
0 0 0
0 0 0
0 0 0
0 0 0
0 0 0
0 0 0
0 0 0
0 0 0
0 0 0
FRAME: 38
0 0 0
0 0 0
0 0 0
0 0 0
0 0 0
0 0 0
0 0 0
0 0 0
0 0 0
0 0 0
0 0 0
0 0 0
0 0 0
0 0 0
0 0 0
FRAME: 39
0 0 0
0 0 0
0 0 0
0 0 0
0 0 0
0 0 0
0 0 0
0 0 0
0 0 0
0 0 0
0 0 0
0 0 0
0 0 0
0 0 0
0 0 0
FRAME: 40
0 0 0
0 0 0
0 0 0
0 0 0
0 0 0
0 0 0
0 0 0
0 0 0
0 0 0
0 0 0
0 0 0
0 0 0
0 0 0
0 0 0
0 0 0
FRAME: 41
0 0 0
0 0 0
0 0 0
0 0 0
0 0 0
0 0 0
0 0 0
0 0 0
0 0 0
0 0 0
0 0 0
0 0 0
0 0 0
0 0 0
0 0 0
FRAME: 42
0 0 0
0 0 0
0 0 0
0 0 0
0 0 0
0 0 0
0 0 0
0 0 0
0 0 0
0 0 0
0 0 0
0 0 0
0 0 0
0 0 0
0 0 0
FRAME: 43
0 0 0
0 0 0
0 0 0
0 0 0
0 0 0
0 0 0
0 0 0
0 0 0
0 0 0
0 0 0
0 0 0
0 0 0
0 0 0
0 0 0
0 0 0
FRAME: 44
0 0 0
0 0 0
0 0 0
0 0 0
0 0 0
0 0 0
0 0 0
0 0 0
0 0 0
0 0 0
0 0 0
0 0 0
0 0 0
0 0 0
0 0 0
FRAME: 45
0 0 0
0 0 0
0 0 0
0 0 0
0 0 0
0 0 0
0 0 0
0 0 0
0 0 0
0 0 0
0 0 0
0 0 0
0 0 0
0 0 0
0 0 0
FRAME: 46
0 0 0
0 0 0
0 0 0
0 0 0
0 0 0
0 0 0
0 0 0
0 0 0
0 0 0
0 0 0
0 0 0
0 0 0
0 0 0
0 0 0
0 0 0
FRAME: 47
0 0 0
0 0 0
0 0 0
0 0 0
0 0 0
0 0 0
0 0 0
0 0 0
0 0 0
0 0 0
0 0 0
0 0 0
0 0 0
0 0 0
0 0 0
FRAME: 48
0 0 0
0 0 0
0 0 0
0 0 0
0 0 0
0 0 0
0 0 0
0 0 0
0 0 0
0 0 0
0 0 0
0 0 0
0 0 0
0 0 0
0 0 0
FRAME: 49
0 0 0
0 0 0
0 0 0
0 0 0
0 0 0
0 0 0
0 0 0
0 0 0
0 0 0
0 0 0
0 0 0
0 0 0
0 0 0
0 0 0
0 0 0
FRAME: 50
0 0 0
0 0 0
0 0 0
0 0 0
0 0 0
0 0 0
0 0 0
0 0 0
0 0 0
0 0 0
0 0 0
0 0 0
0 0 0
0 0 0
0 0 0
FRAME: 51
0 0 0
0 0 0
0 0 0
0 0 0
0 0 0
0 0 0
0 0 0
0 0 0
0 0 0
0 0 0
0 0 0
0 0 0
0 0 0
0 0 0
0 0 0
FRAME: 52
0 0 0
0 0 0
0 0 0
0 0 0
0 0 0
0 0 0
0 0 0
0 0 0
0 0 0
0 0 0
0 0 0
0 0 0
0 0 0
0 0 0
0 0 0
FRAME: 53
0 0 0
0 0 0
0 0 0
0 0 0
0 0 0
0 0 0
0 0 0
0 0 0
0 0 0
0 0 0
0 0 0
0 0 0
0 0 0
0 0 0
0 0 0
FRAME: 54
0 0 0
0 0 0
0 0 0
0 0 0
0 0 0
0 0 0
0 0 0
0 0 0
0 0 0
0 0 0
0 0 0
0 0 0
0 0 0
0 0 0
0 0 0
FRAME: 55
0 0 0
0 0 0
0 0 0
0 0 0
0 0 0
0 0 0
0 0 0
0 0 0
0 0 0
0 0 0
0 0 0
0 0 0
0 0 0
0 0 0
0 0 0
FRAME: 56
0 0 0
0 0 0
0 0 0
0 0 0
0 0 0
0 0 0
0 0 0
0 0 0
0 0 0
0 0 0
0 0 0
0 0 0
0 0 0
0 0 0
0 0 0
FRAME: 57
0 0 0
0 0 0
0 0 0
0 0 0
0 0 0
0 0 0
0 0 0
0 0 0
0 0 0
0 0 0
0 0 0
0 0 0
0 0 0
0 0 0
0 0 0
FRAME: 58
0 0 0
0 0 0
0 0 0
0 0 0
0 0 0
0 0 0
0 0 0
0 0 0
0 0 0
0 0 0
0 0 0
0 0 0
0 0 0
0 0 0
0 0 0
FRAME: 59
0 0 0
0 0 0
0 0 0
0 0 0
0 0 0
0 0 0
0 0 0
0 0 0
0 0 0
0 0 0
0 0 0
0 0 0
0 0 0
0 0 0
0 0 0
FRAME: 60
0 0 0
0 0 0
0 0 0
0 0 0
0 0 0
0 0 0
0 0 0
0 0 0
0 0 0
0 0 0
0 0 0
0 0 0
0 0 0
0 0 0
0 0 0
FRAME: 61
-228.259 375.581 2670.88
-208.478 -34.7755 2564.69
-145.498 -915.64 3001.47
-62.2048 126.893 2461.54
-112.839 -108.094 2840.52
-98.3451 -538.667 2885.87
-194.143 238.835 2682.55
-119.91 259.823 2694.48
-24.8685 357.72 2684.15
-71.042 -825.945 3228.65
68.0941 657.435 2416.81
17.6923 -70.8927 2861.76
58.2013 -456.496 3025.16
-45.6764 280.811 2706.4
-83.7416 85.1648 2772.81
FRAME: 62
-235.609 353.928 2666.16
-246.119 -70.3672 2666.22
-145.172 -907.339 2998.72
-56.653 -50.5816 2384.3
-123.482 -105.018 2867.59
-103.886 -525.286 2883.14
-196.029 222.063 2677.11
-111.968 238.236 2683.95
23.7828 346.399 2581.35
-72.5469 -818.935 3230.44
90.888 535.842 2339.55
3.40387 -79.5438 2879.15
65.0389 -466.571 3018.06
-27.9084 254.408 2690.8
-86.0038 72.9772 2778.66
FRAME: 63
-240.242 343.559 2670.2
-247.899 -92.5412 2691.94
-145.126 -905.179 2971.82
-72.0949 -116.313 2455.71
-129.613 -142.829 2851.47
-100.969 -532.357 2860.71
-209.008 210.409 2716.06
-117.747 219.648 2706.94
31.4052 162.693 2695.79
-77.3605 -802.111 3265.96
38.7668 154.061 2308.3
-7.44066 -130.092 2838.86
53.0848 -484.677 3038.34
-26.4851 228.888 2697.82
-93.1369 41.5938 2776.05
FRAME: 64
-240.67 335.313 2659.47
-241.618 -80.2276 2669.89
-149.847 -908.526 2999.91
-64.5477 -148.828 2448.17
-134.305 -132.704 2864.73
-110.778 -540.692 2882.69
-227.304 202.861 2739.05
-123.547 212.795 2722.2
42.3549 136.258 2666.18
-87.995 -809.956 3240.53
4.08217 -14.0069 2365.84
-7.61923 -120.924 2844.03
54.3739 -473.961 3023.64
-19.7905 222.73 2705.34
-97.2548 42.9909 2788.29
FRAME: 65
-243.994 325.069 2661.18
-236.493 -97.9993 2680.14
-147.313 -899.5 2999.66
-73.2602 -179.765 2483.7
-142.455 -165.568 2855.44
-108.511 -558.117 2884.92
-239.018 184.649 2733.22
-122.607 195.677 2724.61
10.1434 -67.0344 2907.13
-105.67 -809.154 3242.21
43.1199 154.862 2321.98
-16.779 -153.663 2846.15
38.6435 -513.336 3019.74
-6.19582 206.704 2715.99
-101.112 18.0308 2787.7
FRAME: 66
-237.195 318.493 2652.49
-241.527 -10.0843 2848.99
-155.937 -891.911 3012.4
-128.903 -184.109 2559.09
-145.797 -119.504 2922.65
-116.929 -525.357 2897.41
-252.506 195.353 2768.34
-141.42 193.211 2726.81
38.9429 -11.5939 2572.23
-99.8214 -827.527 3246.75
-11.1641 -120.462 2441.81
-20.1877 -127.155 2868.49
36.2799 -504.223 3025.65
-30.3334 191.07 2685.28
-112.206 34.9409 2811.19
FRAME: 67
-231.177 314.893 2638.65
-209.416 6.52243 2907.55
-155.858 -900.776 3020.58
-92.5155 -199.828 2582.47
-145.352 -126.084 2930.27
-121.298 -531.323 2914.88
-259.349 193.519 2779.01
-148.316 185.388 2723.76
2.60173 -67.4896 2546.04
-111.59 -825.037 3251.51
-63.7478 -152.611 2457.75
-23.8584 -138.696 2865.16
36.6552 -494.266 3031.28
-37.2836 177.257 2668.51
-116.461 26.499 2810.74
FRAME: 68
-226.621 312.004 2626.96
-191.975 11.3996 2953.89
-161.019 -897.691 3016.25
-129.15 -232.538 2664.73
-154.573 -140.534 2935.74
-131.638 -534.709 2921.02
-262.613 187.376 2788.4
-150.856 174.135 2724.98
-4.98948 -85.5681 2567.59
-116.101 -831.027 3279.6
-109.031 -183.958 2493.88
-24.7468 -158.8 2858.04
26.1822 -500.114 3061.1
-39.1003 160.894 2661.56
-120.258 12.2339 2810.94
FRAME: 69
-224.403 312.946 2628.41
-214.696 1.79034 2895.71
-160.024 -901.326 3016.6
-104.279 -194.85 2646.76
-145.06 -149.367 2944.02
-135.233 -544.701 2926.7
-263.368 184.276 2798.26
-153.831 169.816 2728.16
-1.44036 -82.0029 2582.59
-118.807 -831.26 3290.4
-143.34 -208.117 2546.03
-22.9588 -167.766 2863.35
15.3832 -500.785 3075.7
-44.2943 155.355 2658.06
-118.92 5.62444 2815.93
FRAME: 70
-217.615 313.875 2622.17
-235.033 -23.6348 2943.78
-160.14 -905.132 3019.87
-172.399 -195.129 2633.08
-146.711 -164.836 2926.44
-140.26 -559.406 2937.41
-271.59 170.921 2788.28
-156.26 161.472 2723.29
-4.57233 -102.775 2599.78
-115.873 -819.003 3310.93
-153.205 -188.774 2552.59
-29.0156 -174.539 2859.77
6.51398 -494.579 3063.98
-40.9295 152.022 2658.3
-122.062 -4.10786 2808.2
FRAME: 71
-210.49 311.363 2622.63
-233.957 -32.565 2922.12
-170.383 -900.292 3004.45
-168.821 -143.66 2584.77
-160.141 -154.972 2941.96
-152.166 -555.587 2922.4
-263.681 163.856 2772.78
-151.199 150.092 2715.27
3.63532 -117.84 2628.86
-102.658 -817.868 3333.08
-137.897 -192.435 2569.89
-24.7287 -172.165 2874.16
21.5297 -502.042 3092.84
-38.7169 136.328 2657.75
-121.817 -6.73819 2811.66
FRAME: 72
-204.267 319.473 2616.84
-256.802 -46.2376 2913.74
-165.97 -907.164 3021.05
-154.632 -157.683 2615.98
-161.616 -164.627 2923.12
-154.784 -565.065 2937.1
-268.667 170.144 2787.85
-153.082 156.7 2721.7
0.954055 -112.01 2641.3
-112.406 -834.117 3333.93
-174.435 -193.881 2554.56
-32.6299 -179.712 2849.34
4.87976 -498.977 3082.37
-37.4962 143.255 2655.55
-125.102 -7.73464 2803.97
FRAME: 73
-188.555 331.884 2573.77
-265.217 -68.5284 2883.59
-169.19 -887.991 3051.9
-150.286 -152.621 2614.86
-163.701 -168.13 2915.68
-159.14 -571.007 2964.98
-269.464 164.235 2762.71
-148.153 155.093 2708.41
15.7238 -90.9508 2680.03
-114.081 -824.053 3417.25
-154.109 -188.304 2569.2
-27.1765 -177.155 2856.77
8.73253 -508.22 3097.3
-26.842 145.952 2654.1
-121.796 -8.7746 2797.32
FRAME: 74
-177.287 345.981 2604.44
-267.446 -70.796 2890.42
-167.662 -888.829 3056.02
-156.456 -199.474 2766.35
-164.915 -173.12 2922.18
-155.568 -572.577 2971.59
-273.094 162.536 2764.23
-145.118 159.613 2720.21
55.6467 -59.6452 2732.69
-116.363 -830.382 3392.95
-154.347 -183.483 2577.62
-21.1237 -175.762 2873.81
-2.92014 -518.107 3096.39
-17.1424 156.69 2676.2
-119.069 -7.41385 2809.1
FRAME: 75
-164.223 358.383 2630.28
-265.193 -67.3295 2895.31
-167.438 -884.346 3055.91
-145.41 -203.93 2828.27
-171.857 -178.185 2925.31
-157.314 -573.871 2973.35
-272.916 160.766 2760.83
-139.448 161.685 2727.78
59.8298 -51.0734 2752.17
-112.841 -840.687 3368.78
-120.311 -167.079 2664.13
-17.0253 -176.482 2888.07
-12.7508 -535.094 3094.27
-5.97971 162.605 2694.74
-116.945 -7.82405 2817.24
FRAME: 76
-157.875 365.397 2649.51
-271.49 -44.0232 2921.2
-167.384 -888.157 3056.68
-164.11 -207.85 2801.34
-176.073 -176.426 2925.13
-153.371 -569.736 2970.28
-271.143 164.913 2765.21
-135.073 169.583 2742.02
73.99 -37.0823 2779.44
-132.38 -864.276 3304.02
-134.463 -95.7486 2682.93
-14.155 -170.518 2898.16
-19.1375 -547.031 3082.57
0.996167 174.253 2718.84
-115.094 -1.94445 2826.83
FRAME: 77
-152.135 369.089 2678.13
-269.399 -46.5457 2932.75
-169.598 -900.926 3048.19
-150.662 -193.639 2851.68
-177.161 -176.302 2923.01
-154.335 -564.005 2956.45
-269.336 162.48 2780.61
-131.571 167.928 2763.81
80.7407 -46.0382 2819.47
-133.585 -879.193 3242.84
-182.938 -119.279 2728.53
-21.8939 -169.898 2904.53
-22.9373 -542.296 3072.66
6.19505 173.375 2747.02
-115.549 -2.58639 2838.79
FRAME: 78
-145.357 374.742 2668.53
-269.633 -47.6845 2913.88
-175.209 -870.109 3054.55
-173.263 -192.601 2721.84
-184.526 -196.28 2931.45
-152.488 -567.171 2966.23
-267.939 163.681 2765.96
-130.833 174.994 2763.59
92.4582 -28.3365 2883.03
-113.834 -844.676 3238.53
-125.035 -142.063 2692.61
-12.355 -181.497 2929.12
-20.6781 -565.126 3097.47
6.27329 186.307 2761.21
-114.637 -6.94719 2846.93
FRAME: 79
-134.967 376.549 2700.85
-275.158 -47.7711 2922.49
-173.286 -899.318 3048.38
-175.77 -187.421 2750.23
-177.363 -192.508 2930.66
-146.127 -579.098 2949.67
-263.606 160.271 2788.57
-124.636 169.834 2787.43
105.617 -21.1754 2915.19
-124.467 -860.936 3236.87
-93.5136 -148.245 2722.14
-20.7301 -181.318 2929.83
-24.7001 -546.735 3084.22
14.333 179.396 2786.29
-111.841 -8.53951 2858.84
FRAME: 80
-126.687 371.974 2732.75
-279.549 -47.0557 2923.56
-178.183 -912.942 3044.13
-158.749 -192.843 2754.56
-175.751 -207.013 2933.61
-143.586 -594.352 2950.24
-262.518 151.331 2799.55
-120.831 163.173 2807.89
103.881 -30.5675 2927.15
-121.18 -865.174 3263.52
-83.0765 -169.364 2794.14
-20.8393 -194.018 2942.72
-16.4928 -547.539 3101.64
20.8559 175.015 2816.24
-109.563 -18.6715 2873.03
FRAME: 81
-118.802 371.288 2748.94
-275.172 -71.4316 2927.09
-175.936 -917.833 3034.3
-150.751 -202.702 2744.64
-167.199 -209.733 2935.63
-135.983 -588.471 2932.92
-253.133 145.649 2817.37
-114.091 157.251 2830.24
94.1523 -48.5472 2932.19
-116.938 -859.066 3256.67
-107.649 -142.006 2791.44
-22.3694 -197.48 2949.27
-21.5321 -563.45 3109.7
24.9521 168.853 2843.11
-104.437 -23.178 2886.34
FRAME: 82
-111.249 374.37 2761.66
-271.387 -69.6975 2910.51
-177.78 -914.375 3022.23
-124.914 -201.844 2729.25
-162.522 -209.549 2937.82
-131.102 -586.958 2927.96
-244.142 145.529 2822.3
-109.731 156.636 2842.89
83.1292 -54.1234 2956.36
-121.961 -864.298 3250.42
-97.4595 -141.292 2756.54
-30.2781 -198.319 2958.51
-23.1756 -559.547 3113.75
24.6798 167.743 2863.47
-103.066 -23.649 2895.52
FRAME: 83
-104.334 383.013 2767.86
-269.124 -76.6212 2889.54
-182.608 -904.234 3006.62
-179.217 -168.752 2651.78
-160.489 -207.332 2937.42
-128.909 -581.38 2923.33
-235.842 155.01 2821.12
-106.795 165.478 2848.05
61.7226 -49.2488 2973.11
-125.088 -848.251 3260.75
-67.6339 -155.884 2752.27
-36.7595 -197.089 2963.55
-36.8623 -546.836 3131.25
22.2518 175.945 2874.98
-102.71 -18.3664 2899.27
FRAME: 84
-99.2675 390.328 2772.16
-259.872 -58.9982 2866.36
-191.906 -897.354 3010.27
-125.266 -140.871 2625.06
-163.54 -201.184 2937.08
-133.177 -578.207 2925.37
-214.491 163.532 2807.85
-97.7823 174.805 2848.68
46.3838 -31.2898 2976.86
-122.645 -845.163 3260.19
-59.8877 -141.922 2748.38
-42.9686 -188.461 2982.5
-37.478 -539.225 3133.6
18.9266 186.078 2889.51
-100.518 -10.0091 2904.24
FRAME: 85
-96.6927 390.528 2780.56
-162.889 -65.7156 2789.53
-189.235 -903.119 2985.68
-119.294 -50.4842 2797.35
-160.587 -199.173 2923.16
-125.589 -578.488 2912.32
-198.651 160.969 2798.51
-98.2001 171.605 2852.35
48.8056 -11.7502 2951.38
-120.296 -835.793 3267.17
-39.8522 -145.686 2739.65
-59.5812 -188.277 2978.64
-53.0929 -536.756 3149.54
2.25067 182.24 2906.2
-104.142 -11.0602 2901.63
FRAME: 86
-94.1513 394.815 2775.16
-207.254 -55.7179 2828.76
-185.758 -905.201 2981.29
-139.939 -136.778 2672.36
-154.072 -204.242 2910.06
-116.96 -583.661 2905.99
-201.035 150.988 2779.05
-133.652 172.703 2862.38
15.3624 153.22 2885.41
-179.862 -829.941 3168.35
-31.9004 -6.05969 2706.35
-78.8733 -180.247 3001.64
-74.2734 -531.095 3182.08
-66.2687 194.417 2945.72
-125.062 -9.77082 2909.12
FRAME: 87
-92.2317 396.056 2776.29
-202.063 -56.4874 2797.88
-197.315 -898.368 2976.22
-111.619 -120.897 2662.93
-165.092 -194.197 2909.97
-122.155 -571.437 2904.87
-197.746 146.022 2760.18
-134.733 172.017 2849.05
12.8993 113.532 2904.03
-180.195 -826.966 3215.81
-21.6192 -24.2499 2709.94
-90.9852 -165.483 3006.22
-70.9092 -528.313 3163.64
-71.7188 198.012 2937.91
-131.386 -3.9114 2903.57
FRAME: 88
-89.5792 397.669 2774.57
-200.471 -43.8295 2785.69
-213.841 -893.099 2970.57
-123.189 -120.63 2683.38
-178.29 -183.598 2885.6
-136.878 -561.075 2900.59
-187.591 163.438 2745.29
-113.379 180.523 2823.34
14.1429 37.827 2927.41
-179.385 -852.429 3117.22
2.55148 -57.9214 2610.25
-93.7317 -164.109 2969.55
-98.7909 -528.48 3098.12
-39.1677 197.607 2901.39
-124.695 3.33464 2875.46
FRAME: 89
-85.5613 397.636 2771.98
-175.847 -57.5306 2731.77
-217.84 -889.744 2966.85
-22.6209 -83.3019 2645.67
-185.083 -184.968 2870.21
-146.515 -561.777 2890.9
-179.547 166.031 2731.54
-103.036 180.565 2808.82
7.49124 -19.9546 2931.04
-177.967 -873.616 3160.95
13.2087 -79.7376 2614.56
-101.233 -167.012 2959.13
-102.275 -542.518 3025.56
-26.5258 195.099 2886.1
-123.097 2.28754 2861.74
FRAME: 90
-82.3264 396.946 2773.54
-187.006 -58.5107 2730.46
-214.482 -896.436 2962
0.871902 -115.543 2609.72
-180.988 -189.492 2855.98
-145.871 -566.089 2880.34
-165.102 160.692 2715.82
-96.1508 177.386 2807.94
13.3433 -30.0585 2902.53
-205.53 -876.15 3055.69
33.1075 -91.5658 2606.99
-103.823 -169.643 2959.21
-106.498 -543.336 2980.75
-27.1999 194.079 2900.05
-119.278 -1.09096 2857.77
FRAME: 91
-76.2547 396.19 2766.81
-179.765 -56.0467 2684.98
-216.457 -894.623 2957.14
37.6749 -138.644 2605.71
-184.017 -193.046 2840.79
-144.403 -568.497 2867.45
-149.941 140.437 2692.23
-91.0259 163.011 2797.21
10.5819 -46.7025 2908.6
-200.236 -880.555 3044.07
44.6258 -96.9523 2609.39
-116.697 -166.688 2959.94
-109.608 -544.877 2965.62
-32.1113 185.584 2902.19
-120.691 -8.42823 2848.79
FRAME: 92
-68.314 390.934 2759.41
-177.9 -52.6902 2677.21
-215.717 -892.549 2951.95
39.9196 -176.724 2634.63
-185.085 -194.53 2824.86
-143.931 -571.939 2858.83
-145.296 139.826 2681.1
-91.0391 162.715 2790.41
-2.33616 -49.822 2914.78
-198.08 -882.736 3052.38
66.7303 -136.474 2626.09
-119.877 -165.492 2958.26
-112.944 -547.307 2951.16
-36.7826 185.605 2899.73
-121.76 -8.64777 2840.98
FRAME: 93
-64.9733 385.593 2752.86
-163.862 -74.3111 2651.86
-220.322 -899.666 2956.87
76.3078 -234.666 2673.77
-189.537 -209.844 2807.92
-148.426 -582.477 2853.39
-135.456 134.572 2670.37
-93.5211 159.763 2785.74
-20.7463 -56.607 2920.96
-209.782 -896.806 2974.83
52.9453 -139.838 2647.8
-132.182 -174.712 2965.98
-111.634 -561.172 2955.74
-51.586 184.954 2901.11
-127.19 -16.2572 2836.34
FRAME: 94
-62.3096 382.101 2747.92
-149.135 -76.6728 2659.38
-216.594 -896.858 2946.78
37.0437 -258.857 2699.74
-185.397 -211.037 2791.41
-141.689 -591.558 2842.25
-143.083 135.804 2688.05
-101.476 154.846 2790.74
-52.9908 -55.3975 2936.36
-199.026 -880.203 3040.86
72.9058 -210.373 2680.41
-135.467 -183.819 2921.59
-113.006 -565.548 2954.57
-59.8685 173.887 2893.43
-130.954 -21.291 2823.62
FRAME: 95
-64.4665 375.21 2743.46
-135.911 -95.3281 2639.97
-213.57 -909.031 2949.84
21.7591 -304.706 2715.06
-176.124 -223.482 2786.32
-133.318 -606.625 2840.2
-135.65 124.737 2676.4
-109.958 149.298 2788.67
-137.933 -47.6522 2940.24
-202.55 -876.619 2994.17
2.69567 -258.596 2832.44
-144.461 -190.88 2933.38
-117.504 -568.758 2934.82
-84.2664 173.859 2900.94
-135.125 -28.9415 2824.26
FRAME: 96
-71.9578 375.379 2740.74
-119.55 -101.309 2630.38
-211.388 -908.796 2942.14
78.3165 -322.405 2692.99
-167.428 -225.038 2780.4
-125.508 -614.692 2831.03
-123.758 123.073 2649.33
-109.936 151.208 2776.35
-144.962 -44.9258 2932.42
-202.295 -891.122 2957.18
0.378948 -241.402 2834.04
-149.513 -188.094 2942.43
-120.609 -570.516 2896.68
-96.1138 179.342 2903.36
-134.203 -27.6792 2818.88
FRAME: 97
-86.318 372.663 2735.29
-91.5601 -103.109 2614.68
-205.238 -913.83 2940.74
130.649 -296.071 2680.37
-159.123 -228.979 2774.71
-118.311 -614.304 2826.13
-121.1 121.051 2640.66
-109.844 148.453 2769.83
-121.463 -39.3629 2919.36
-204.742 -883.823 2975.67
46.8672 -215.746 2866.52
-147.523 -194.838 2923.62
-126.224 -570.328 2907.62
-98.5888 175.856 2899.01
-131.584 -31.7277 2809.5
FRAME: 98
-100.794 377.041 2735.19
-40.0835 -88.2707 2614.42
-204.729 -912.28 2936.57
218.608 -234.933 2630.92
-162.082 -219.391 2779
-115.643 -603.755 2825.05
-128.318 124.946 2647.21
-112.9 146.877 2766.29
-112.299 -32.3605 2929.22
-201.382 -883.939 2954.49
67.6627 -173.331 2879.03
-146.802 -193.826 2903.74
-125.9 -564.387 2908.29
-97.4822 168.807 2885.38
-133.671 -29.866 2803.83
FRAME: 99
-112.497 383.316 2734.19
5.60753 -55.348 2631.42
-203.132 -903.082 2928.78
215.765 -128.117 2639.56
-155.556 -209.962 2774.93
-114.2 -600.738 2818.96
-124.519 131.525 2648.14
-109.956 151.742 2765.01
-97.4919 -21.9945 2929.69
-200.689 -894.765 2956.07
78.4617 -102.417 2884.04
-140.69 -187.779 2887.62
-126.332 -560.393 2876.56
-95.3935 171.958 2881.88
-129.04 -23.5643 2798.15
FRAME: 100
-122.97 391.765 2731.42
-10.8408 -4.21532 2670.11
-215.758 -903.056 2954.76
194.14 -35.8809 2639.92
-161.924 -187.285 2802.11
-127.691 -582.616 2840.18
-152.897 161.379 2680.47
-111.41 166.677 2736.95
-17.2255 11.4462 2853.23
-187.356 -885.267 2925.36
219.222 47.9829 2760.26
-123.34 -180.109 2859.94
-109.038 -543.943 2857.91
-69.9237 171.975 2793.43
-127.021 -8.51025 2783.99
FRAME: 101
-136.116 405.436 2729.47
-126.208 95.8738 2767.81
-213.597 -903.331 2941.09
-131.087 87.0921 2861.06
-152.021 -176.873 2787.82
-129.267 -567.949 2825.84
-135.795 191.388 2671.05
-95.628 202.316 2731.91
9.69792 77.644 2817.49
-191.627 -865.87 2917.57
206.607 236.657 2727
-116.865 -160.443 2867.36
-112.39 -517.746 2856.4
-55.4606 213.245 2792.77
-115.035 16.829 2779.75
FRAME: 102
-143.751 416.079 2726.8
-226.892 110.805 2855.05
-219.274 -882.543 2925.26
-263.739 26.7655 2971.83
-151.871 -144.736 2770.32
-140.227 -544.238 2810.59
-154.897 246.318 2689.89
-103.853 251.463 2734.57
62.3729 270.535 2684.05
-188.714 -872.534 2917.15
149.865 460.474 2674.33
-106.342 -135.474 2834.29
-108.224 -507.118 2838.15
-52.8088 256.607 2779.26
-116.48 55.6789 2768.44
FRAME: 103
-149.987 424.387 2724.35
-205.708 147.848 2828.83
-227.497 -883.47 2931.78
-285.119 115.69 2986.77
-161.222 -123.163 2773.3
-154.703 -529.567 2817.97
-169.332 282.857 2694.47
-106.994 285.933 2722.12
101.909 397.496 2585.35
-182.424 -863.846 2910.55
147.102 672.232 2599.19
-97.4537 -116.519 2821.73
-101.156 -485.819 2801.74
-44.6553 289.009 2749.78
-118.166 83.046 2759.82
FRAME: 104
-151.224 431.081 2722.2
-173.195 172.296 2807.68
-225.968 -890.783 2935.3
-260.784 183.171 2961.09
-161.803 -118.243 2777.39
-152.308 -526.933 2823.8
-175.693 289.961 2708.96
-113.929 294.663 2717.81
77.2233 447.314 2566.88
-184.666 -843.596 2896.64
100.681 739.945 2588.94
-100.95 -108.414 2821.57
-99.6068 -465.159 2797.69
-52.1646 299.364 2726.65
-122.653 90.6668 2758.64
FRAME: 105
-150.588 434.827 2723.72
-155.154 214.132 2779.79
-216.74 -870.798 2908.86
-230.309 262.783 2930.74
-145.635 -86.5208 2753.87
-136.929 -501.294 2797.71
-172.145 304.647 2705.5
-121.407 306.184 2717.36
43.885 443.773 2562.87
-190.134 -851.404 2908.47
79.7365 739.774 2595.88
-106.042 -81.6157 2783.97
-109.413 -466.359 2788.78
-70.6704 307.72 2729.21
-123.623 111.058 2743.14
FRAME: 106
-142.523 442.117 2722.91
-165.874 233.462 2794.16
-211.575 -859.436 2907.44
-221.455 306.122 2910.1
-154.175 -78.6967 2763.78
-142.591 -488.515 2802.91
-194.038 309.182 2727.33
-134.924 313.747 2718.3
33.7281 440.963 2557.03
-175.525 -849.381 2913.86
60.0348 729.238 2584.68
-102.119 -72.3345 2771.17
-106.104 -463.761 2790.12
-75.8101 318.312 2709.27
-131.535 119.116 2742.89
FRAME: 107
-153.197 442.143 2730.96
-185.26 215.969 2836.09
-206.341 -868.199 2910.9
-243.124 291.917 2922.03
-143.042 -78.6584 2777.4
-129.626 -496.612 2808.57
-194.318 300.623 2767.67
-139.582 303.071 2728.1
8.50659 430.864 2553.69
-174.512 -848.832 2927.69
40.6936 723.808 2597.28
-103.541 -75.2414 2763.67
-107.748 -466.636 2798.06
-84.845 305.519 2688.52
-131.437 113.061 2749.32
FRAME: 108
-168.16 442.141 2750.7
-186.561 233.718 2830.49
-205.473 -869.447 2909.02
-246.512 313.97 3011.92
-132.34 -82.8806 2775.22
-117.354 -502.288 2802.77
-190.089 300.357 2765.07
-143.211 303.824 2730.47
-6.84076 424.461 2558.5
-172.013 -852.849 2930.06
39.8379 698.383 2629.7
-96.6622 -78.866 2764.51
-102.651 -473.508 2803.02
-96.3338 307.291 2695.88
-128.856 111.475 2750.17
FRAME: 109
-178.612 432.527 2750.85
-191.979 207.684 2858.06
-203.25 -875.7 2916.08
-273.57 308.717 2999.92
-127.916 -82.8868 2776.58
-105.903 -512.864 2810.39
-201.312 286.811 2793.77
-147.705 290.271 2741.05
-28.0943 419.181 2573.02
-163.739 -853.157 2915.73
55.8748 691.938 2647.33
-88.8803 -80.3768 2758.65
-92.1802 -477.742 2785.77
-94.0984 293.731 2688.33
-128.052 104.32 2754.33
FRAME: 110
-177.735 432.136 2769.15
-206.917 221.831 2877.04
-196.177 -874.67 2914.55
-249.651 332.388 2959.65
-116.622 -84.2732 2777.06
-89.847 -512.891 2813.67
-190.803 285.908 2795.75
-145.111 290.116 2750.39
-39.2 411.802 2576.19
-156.568 -842.277 2910.72
64.291 675.454 2653.23
-85.6494 -81.2803 2768.09
-84.2553 -474.657 2778.2
-99.4182 294.324 2705.02
-123.123 103.67 2761.48
FRAME: 111
-178.136 440.592 2775.21
-233.67 211.621 2916.83
-189.183 -877.511 2911.25
-287.994 317.95 2987.44
-112.587 -83.4333 2784.92
-82.3771 -514.104 2816.96
-183.859 292.913 2785.61
-143.589 293.903 2748.87
-42.7554 358.047 2611.37
-136.734 -843.073 2926.93
43.3377 552.129 2654.75
-83.0443 -84.7824 2772.7
-75.6491 -477.272 2794.27
-103.319 294.892 2712.14
-120.702 104.897 2763.84
FRAME: 112
-191.424 428.387 2792.72
-211.406 269.645 2860.27
-191.74 -884.422 2899.09
-220.217 381.743 2934.37
-112.103 -80.0668 2801.43
-83.7535 -517.06 2811.64
-177.195 288.359 2786.52
-140.469 289.86 2761.53
-63.1163 318.166 2617.01
-121.582 -852.958 2943.92
33.0133 499.58 2647.97
-69.9713 -80.0999 2777.33
-64.5085 -479.323 2816.2
-103.744 291.361 2736.55
-115.753 104.888 2775.46
FRAME: 113
-179.167 416.445 2794.8
-266.338 265.313 2884.53
-176.895 -897.994 2910.63
-222.39 362.844 2931.35
-118.114 -82.59 2804.2
-84.387 -512.393 2835.78
-186.299 285.524 2777.76
-143.677 284.818 2767.89
-63.3147 316.691 2669.45
-107.936 -837.567 2934.43
62.0624 487.626 2664.13
-65.2394 -82.3564 2779.49
-53.9475 -473.173 2812.62
-101.055 284.113 2758.03
-117.677 101.173 2779.87
FRAME: 114
-195.873 408.145 2803.57
-159.429 323.248 2764.08
-162.835 -877.654 2914.92
-107.69 435.876 2793.09
-114.132 -71.2923 2797.92
-93.5335 -496.496 2820.7
-182.917 292.011 2755.12
-148.368 293.785 2784.96
-55.7951 343.173 2727.67
-91.1776 -839.591 2952.49
95.8656 504.648 2669.88
-65.7523 -68.1881 2802.15
-52.612 -468.48 2833.24
-113.819 295.559 2814.8
-119.155 112.022 2792.5
FRAME: 115
-194.907 403.891 2797.24
-130.208 341.362 2645.56
-165.977 -886.997 2903.12
-26.9108 439.048 2708.43
-111.893 -85.0553 2789.5
-83.3754 -504.714 2823.75
-182.256 279.729 2755.41
-142.589 279.66 2785.77
-55.1656 310.814 2711
-95.9773 -832.97 2965.7
61.7283 381.825 2736.55
-66.9581 -82.9389 2810.02
-51.2195 -480.261 2840.33
-102.921 279.591 2816.14
-116.007 97.8314 2792.77
FRAME: 116
-199.252 400.019 2798.67
-135.002 306.643 2627.84
-160.046 -890.694 2911.86
52.4982 466.034 2590.52
-107.508 -103.642 2796.46
-68.7707 -522.89 2820.26
-173.567 264.501 2744.19
-139.459 268.124 2793.4
-81.0578 256.168 2764.29
-104.739 -845.713 2975.53
55.1634 373.341 2752.55
-65.3076 -97.3999 2825.49
-54.2626 -490.251 2849.23
-105.35 271.747 2842.61
-112.933 83.8015 2802.19
FRAME: 117
-203.859 398.283 2795.72
-157.527 290.739 2524.72
-159.68 -886.163 2913.66
63.093 412.008 2471.24
-102.996 -105.504 2801.37
-63.0404 -516.615 2830.74
-177.523 248.555 2715.64
-141.206 256.554 2786.79
-94.8618 188.003 2856.95
-128.299 -850.653 2981.05
25.8669 282.865 2827.46
-70.8816 -97.9824 2843.89
-63.1904 -492.921 2852.46
-104.888 264.553 2857.95
-114.072 77.4056 2804.71
FRAME: 118
-208.932 394.685 2793.6
-179.618 253.101 2498.62
-160.921 -891.886 2929.58
48.5049 370.414 2401.19
-102.784 -116.438 2812.42
-58.8043 -525.782 2839.02
-179.038 223.861 2714.99
-134.491 238.489 2801.4
-103.997 162.672 2856.73
-157.944 -839.507 2973.55
8.01319 197.557 2806.68
-71.7975 -107.3 2860.42
-68.0489 -491.34 2871.72
-89.9443 253.116 2887.81
-110.891 63.3098 2818.91
FRAME: 119
-210.975 402.612 2771.38
-190.939 239.917 2502.18
-172.104 -878.914 2944.98
19.427 336.148 2363.55
-113.997 -108.79 2824.58
-72.4761 -510.377 2854.22
-209.449 258.093 2746.6
-137.73 273.661 2815.38
-104.378 182.689 2879.42
-160.488 -837.015 2993.44
-36.1419 170.323 2824.75
-63.282 -98.1298 2866.6
-58.5019 -476.374 2912.1
-66.0123 289.229 2884.16
-113.185 85.1005 2830.48
FRAME: 120
-237.215 415.721 2783.29
-190.425 211.686 2490.41
-175.958 -872.354 2952.91
4.24119 298.259 2343.58
-117.046 -91.0315 2828.85
-86.7962 -493.273 2863.08
-218.4 278.193 2731.37
-137.679 297.271 2805.45
-98.4329 192.552 2875.36
-165.933 -824.245 3021.04
-49.375 172.282 2773.25
-62.3467 -78.073 2877.05
-61.0861 -453.04 2958.84
-56.9576 316.349 2879.53
-113.688 106.359 2829.2
FRAME: 121
-238.996 421.286 2757.29
-200.341 188.066 2482.89
-182.031 -859.053 2972.06
-18.1784 266.889 2317.63
-134.266 -81.8546 2845.33
-109.341 -479.063 2880.67
-218.951 290.212 2721.81
-133.621 308.771 2776.78
-89.2949 177.3 2876.51
-144.178 -819.589 3088.02
-35.6039 142.475 2789.1
-54.0148 -64.387 2888.87
-58.903 -447.667 2979.44
-48.2915 327.33 2831.76
-113.881 117.825 2821.94
FRAME: 122
-250.299 416.262 2748.96
-227.948 189.017 2509.78
-187.829 -854.456 2991.69
-74.236 231.173 2317.74
-144.885 -64.3105 2876.95
-126.359 -466.597 2896.37
-230.709 297.284 2732.95
-139.489 318.065 2765.57
-73.437 264.269 2847.39
-137.262 -787.461 3126.76
-62.8344 184.19 2692.87
-35.339 -40.2585 2909.56
-37.528 -423.565 3006.02
-48.269 338.846 2798.19
-114.801 132.89 2829.41
FRAME: 123
-232.192 426.146 2751.02
-268.124 130.61 2615.65
-188.681 -869.541 3007.03
-153.763 146.305 2354.23
-152.216 -63.1983 2876.36
-131.405 -476.308 2900.42
-232.006 300.842 2742.57
-145.634 323.015 2787.83
-73.5554 315.353 2782.48
-147.918 -779.515 3131.04
-96.0617 381.28 2553.52
-48.8423 -37.4737 2924.16
-35.3051 -401.972 3028.99
-59.261 345.187 2833.09
-123.081 136.339 2844.04
FRAME: 124
-229.882 441.106 2741.57
-271.383 88.7307 2633.96
-189.445 -874.083 3025.24
-127.651 95.2243 2344.69
-158.41 -56.8378 2880.15
-140.277 -477.427 2914.32
-242.072 307.462 2714.76
-159.733 335.73 2759.05
-75.8504 326.762 2782.87
-146.044 -774.947 3195.58
-100.9 403.6 2576.01
-53.3811 -20.8164 2934.73
-18.3811 -399.984 3060.95
-77.3946 363.997 2803.34
-132.814 148.451 2833.24
FRAME: 125
-237.889 428.773 2731.97
-295.789 36.695 2650.19
-194.262 -879.364 3036.53
-133.79 36.9254 2350.13
-160.396 -66.8373 2878.3
-148.303 -482.927 2926.58
-250.821 292.604 2705.84
-171.381 326.286 2763.75
-76.4187 429.05 2708.92
-168.452 -781.856 3156.3
-62.1716 557.166 2504.41
-70.7809 -28.649 2941.55
-39.8347 -403.607 3042.24
-91.9404 359.968 2821.66
-143.484 139.271 2836.84
FRAME: 126
-264.112 380.955 2720.43
-307.249 -18.0577 2699.63
-201.277 -887.635 3052.92
-143.067 -89.2452 2421.64
-177.989 -82.2583 2882.34
-158.954 -495.482 2939.04
-272.496 260.554 2707.96
-176.775 294.12 2751.27
-51.0978 375.289 2649.47
-162.365 -768.871 3170.73
-12.3572 432.89 2346.39
-67.0516 -43.2161 2931.98
-35.2762 -402.351 3052.95
-81.0534 327.687 2794.59
-149.647 115.692 2829.22
FRAME: 127
-293.123 347.288 2711.62
-303.425 -44.2456 2709.45
-211.163 -884.978 3083.83
-149.023 -167.214 2509.02
-199.632 -106.793 2923.19
-167.997 -503.891 2965.17
-294.305 201.643 2751.54
-181.401 224.664 2765.47
-37.302 172.763 2627.57
-163.912 -776.199 3176.82
-20.3703 164.891 2337.61
-73.346 -80.5845 2939.01
-13.1694 -421.322 3064.73
-68.4976 247.684 2779.4
-158.945 65.4873 2848.29
FRAME: 128
-309.897 331.965 2700.25
-287.499 14.4659 2788.17
-234.799 -872.052 3069.68
-149.063 -159.644 2575.68
-226.568 -106.307 2917.94
-196.841 -495.261 2956.67
-313.614 200.181 2803.57
-203.374 204.439 2769.55
-44.6077 107.541 2603.53
-192.142 -808.332 3082.26
-58.5575 -21.043 2373.48
-104.657 -104.478 2873.86
-89.0344 -448.99 3000.31
-93.1343 208.697 2735.53
-184.493 49.5231 2832.73
FRAME: 129
-313.65 328.966 2695.44
-270.864 41.6875 2837.73
-226.432 -858.194 3074.15
-177.293 -141.605 2729.84
-218.571 -100.829 2936.69
-190.222 -482.93 2965.29
-330.523 203.885 2830.56
-216.318 202.766 2779.03
-42.8237 37.329 2572.86
-192.632 -813.258 3113.58
-99.2832 -140.457 2468.29
-111.797 -103.651 2884.92
-84.0557 -455.661 3006.06
-102.112 201.646 2727.5
-190.751 50.2629 2844.92
FRAME: 130
-315.307 327.749 2689.9
-273.24 42.8886 2861.35
-225.584 -856.223 3079.3
-178.437 -150.461 2740.47
-219.053 -101.879 2955.92
-195.145 -484.276 2980.64
-342.214 205.095 2846.12
-223.807 199.956 2784.19
-47.7743 -2.38668 2602.92
-184.302 -809.32 3169.51
-129.921 -160.464 2520.24
-111.94 -107.522 2897.21
-80.3273 -460.39 3018.46
-105.401 194.816 2722.27
-194.652 47.6277 2855.38
FRAME: 131
-314.907 326.978 2688.75
-273.274 43.9502 2884.82
-231.041 -860.447 3075.48
-210.817 -163.181 2766.07
-221.873 -117.043 2964.68
-204.639 -501.242 2985.61
-342.816 198.087 2854.7
-226.974 188.956 2785.15
-64.86 -55.0486 2631.03
-184.315 -805.827 3192.98
-181.514 -191.401 2550.13
-109.759 -126.232 2896.65
-80.3137 -469.536 3028.08
-111.133 179.825 2715.61
-196.395 33.6594 2857.91
FRAME: 132
-314.744 326.213 2687.95
-277.616 35.6693 2901.77
-234.478 -862.712 3076.42
-221.174 -145.895 2844.07
-224.816 -125.561 2975.81
-205.976 -508.372 2986.75
-347.031 191.168 2851.23
-230.314 179.378 2783.24
-66.1219 -70.494 2655.12
-202.976 -814.211 3193.12
-195.218 -186.763 2593.62
-114.273 -136.127 2912.04
-98.874 -477.943 3030.03
-113.597 167.589 2715.24
-199.929 24.2671 2863.58
FRAME: 133
-313.881 325.591 2684.26
-294.987 28.855 2938.88
-238.098 -859.735 3080.77
-235.997 -141.272 2857.6
-226.444 -126.029 2981.69
-214.884 -510.553 2995.01
-353.174 183.179 2848.94
-235.221 171.806 2783.37
-64.3654 -75.7216 2680.92
-207.869 -819.66 3168.49
-217.218 -188.706 2628.06
-118.471 -135.376 2923.19
-114.37 -486.235 3030.83
-117.268 160.433 2717.8
-203.839 20.5518 2867.9
FRAME: 134
-312.138 326.035 2683.13
-307.109 14.5667 2940.23
-235.792 -867.443 3089.55
-261.179 -163.047 2825.18
-224.338 -133.374 2983.01
-218.344 -522.791 3003.29
-351.256 182.269 2848.13
-234.33 172.63 2784.39
-66.8863 -74.2064 2696.03
-208.623 -808.451 3196.55
-221.774 -173.642 2660.16
-116.018 -141.551 2924.92
-103.129 -482.073 3056.83
-117.403 162.99 2720.66
-202.254 17.5835 2869.18
FRAME: 135
-309.271 327.796 2684.61
-336.896 -17.2001 2953.93
-236.501 -868.108 3092.52
-241.675 -132.349 2822.18
-227.171 -134.719 2985.32
-222.9 -524.082 3006.9
-351.533 178.531 2846.22
-233.22 169.293 2787.31
-70.4666 -75.5791 2712.19
-236.283 -800.734 3211.12
-213.95 -158.289 2683.09
-122.104 -141.77 2933.36
-112.693 -493.05 3080.25
-114.907 160.056 2728.39
-203.929 15.5244 2873.32
FRAME: 136
-298.71 337.038 2688.76
-338.743 -29.6424 2981.76
-241.683 -867.264 3092.54
-242.845 -126.216 2764.61
-232.885 -137.513 2986.82
-227.003 -523.143 3007.19
-349.049 180.904 2851.87
-231.492 171.166 2794.86
-58.5174 -66.7283 2746.75
-234.705 -822.6 3187.21
-210.12 -174.068 2712.05
-127.248 -144.882 2936.02
-125.334 -507.149 3070.99
-113.935 161.428 2737.84
-205.779 14.984 2878.14
FRAME: 137
-283.622 348.25 2700.26
-341.19 -16.3651 2982.64
-240.907 -870.197 3101.9
-269.455 -144.962 2827.11
-235.133 -145.518 2987.76
-230.271 -529.631 3017.71
-344.147 184.273 2852.37
-222.726 175.503 2801.76
-31.5172 -46.052 2796.98
-240.359 -814.098 3199.04
-201.417 -167.071 2767.11
-122.931 -150.219 2943.27
-121.162 -518.375 3070.17
-101.306 166.733 2751.16
-200.879 13.8172 2883.64
FRAME: 138
-270.803 357.864 2712.9
-340.638 -5.483 2984.85
-248.41 -862.194 3108.55
-280.433 -138.632 2865.41
-239.998 -142.127 2991.76
-235.731 -523.438 3024.98
-343.891 189.465 2850.08
-216.603 181.737 2813.32
-13.4741 -37.7672 2817.7
-235.128 -848.158 3147.5
-202.664 -160.311 2754.88
-135.834 -144.883 2962.53
-129.769 -530.854 3053.77
-89.3156 174.009 2776.57
-202.259 19.1162 2895.23
FRAME: 139
-259.17 363.929 2729.91
-340.146 -11.3286 3000.93
-249.793 -859.171 3114.35
-273.869 -101.203 2870.74
-237.188 -143.802 2998.74
-235.246 -524.424 3028.23
-344.033 186.235 2864.05
-213.059 181.648 2827.81
1.33973 -33.046 2861.44
-234.257 -834.932 3173.07
-178.132 -152.323 2815.51
-125.394 -145.926 2966.75
-119.12 -527.826 3061.45
-82.0851 177.061 2791.58
-197.175 18.3921 2905.28
FRAME: 140
-246.532 371.686 2747.83
-341.587 -13.7273 3005.65
-251.506 -872.057 3117.5
-289.435 -135.41 2872.3
-236.94 -153.064 3001.02
-231.889 -538.613 3022.16
-340.932 183.841 2874.37
-208.428 181.247 2842.45
3.25509 -33.2356 2877.68
-234.577 -844.883 3164.26
-188.163 -156.309 2809.98
-122.38 -153.883 2972.1
-119.377 -543.556 3067.4
-75.924 178.653 2810.53
-194.044 13.8866 2914.51
FRAME: 141
-232.709 376.559 2765.81
-337.242 -33.9415 3005.3
-246.443 -878.887 3113.72
-282.56 -152.342 2880.3
-236.723 -164.717 2999.34
-226.666 -549.441 3010.78
-336.285 172.3 2883.45
-201.078 175.321 2863.03
2.98048 -39.8649 2890.9
-242.528 -866.706 3151.82
-212.705 -141.375 2816.86
-111.853 -161.298 2979.59
-111.557 -545.515 3083.14
-65.872 178.343 2842.62
-187.683 6.157 2926.25
FRAME: 142
-218.768 378.38 2780.24
-334.771 -49.0724 2997.12
-247.6 -882.627 3112.36
-269.422 -175.876 2867.2
-237.138 -175.213 3005.01
-224.575 -557.835 3005.67
-332.775 167.172 2887.34
-194.787 171.937 2877.01
10.0569 -42.8816 2903.81
-234.006 -859.521 3156.34
-180.534 -99.42 2830.93
-109.647 -170.489 2995.25
-113.95 -542.655 3089.21
-56.7988 176.703 2866.68
-184.09 -0.456914 2938.57
FRAME: 143
-196.242 379.278 2809
-338.133 -54.8043 2987.84
-252.947 -884.404 3101.68
-234.938 -184.656 2802.05
-236.495 -185.849 3006.13
-217.713 -562.945 2994.22
-323.485 160.651 2891.41
-186.355 166.574 2891.94
13.7097 -50.7545 2929.7
-228.288 -858.37 3156.48
-183.988 -145.031 2833.66
-107.164 -179.774 3006.9
-112.335 -545.005 3111.71
-49.2253 172.498 2892.47
-179.092 -8.1185 2949.23
FRAME: 144
-182.037 382.11 2824.35
-337.51 -59.9924 2976.27
-260.44 -880.228 3091.16
-205.083 -169.379 2768.11
-234.18 -187.628 3002.24
-212.445 -563.321 2989.07
-318.778 160.797 2892.2
-181.085 167.938 2903.45
10.8314 -49.1712 2950.01
-231.832 -845.612 3182.56
-162.995 -153.717 2813.83
-108.44 -180.678 3012.81
-112.214 -541.201 3127.15
-43.3916 175.079 2914.7
-176.197 -8.10769 2955.49
FRAME: 145
-176 385.793 2832.45
-331.724 -56.2067 2963.43
-266.032 -882.068 3083.47
-194.244 -143.261 2741.89
-233.021 -188.581 2998.68
-211.421 -560.798 2985.61
-311.837 162.623 2890.65
-177.096 169.362 2906.13
7.71397 -48.4842 2962.09
-237.686 -846.321 3195.63
-133.84 -154.127 2787.58
-108.655 -181.912 3013.24
-118.578 -537.427 3152.38
-42.3538 176.101 2921.62
-173.967 -7.94235 2956.05
FRAME: 146
-169.672 394.343 2837.36
-325.489 -54.3842 2937.87
-272.878 -887.737 3080.35
-193.95 -114.827 2731.73
-234.297 -190.321 2993.46
-214.161 -570.285 2987.1
-300.974 169.324 2881.6
-171.427 176.942 2904.72
5.14953 -43.8817 2967.46
-242.174 -841.789 3226.84
-118.619 -131.379 2764.5
-102.238 -182.29 3017.36
-115.813 -538.834 3152.77
-41.881 184.561 2927.84
-169.848 -4.68165 2955.06
FRAME: 147
-161.893 407.578 2839.81
-303.349 -49.2318 2864.89
-282.05 -874.628 3068.76
-140.579 -107.704 2728.51
-232.926 -182.999 2989.08
-214.231 -556.943 2980.55
-290.238 177.859 2869.1
-167.583 185.424 2899.48
2.12113 -35.5038 2978.55
-265.106 -845.195 3174.36
-105.695 -111.486 2717.32
-109.617 -175.235 3019.97
-117.881 -538.346 3153.76
-44.9285 192.989 2929.87
-169.427 3.15358 2952
FRAME: 148
-159.964 411.091 2841.66
-290.843 -43.1324 2822.4
-285.786 -880.508 3067.65
-101.765 -80.609 2705.39
-232.851 -186.415 2978.39
-216.286 -555.606 2980.41
-274.464 178.69 2852.66
-161.535 186.857 2895.21
3.42394 -32.0728 2979.24
-268.399 -839.271 3189.76
-70.8834 -95.4035 2732.65
-116.484 -178.017 3022.22
-128.241 -548.621 3106.38
-48.6062 195.024 2937.75
-168.102 2.32039 2947.76
FRAME: 149
-154.437 420.462 2845.34
-279.687 -33.0122 2802.69
-288.18 -884.271 3065.29
-47.3431 -57.3771 2696.7
-235.617 -183.966 2957.54
-217.895 -556.404 2976.43
-260.144 184.224 2830.17
-158.756 194.822 2891.7
-13.6212 -18.4082 2992.33
-271.899 -841.944 3187.65
-32.4164 -81.0553 2731.18
-124.681 -172.558 3024.4
-135.222 -548.991 3124.83
-57.3681 205.421 2953.23
-169.452 8.28004 2941.33
FRAME: 150
-147.188 421.786 2849.01
-259.637 -47.0015 2782.94
-287.986 -889.477 3061.89
-6.52929 -80.6689 2710.85
-235.627 -188.588 2937.04
-217.586 -560.862 2969.78
-242.681 175.218 2815.52
-158.176 188.091 2897.38
-18.7434 -27.3173 3004.24
-278.834 -843.525 3183.28
11.5287 -70.7186 2721.09
-136.952 -173.63 3032.51
-138.427 -552.554 3139.35
-73.6709 200.963 2979.23
-172.233 3.49086 2941.08
FRAME: 151
-142.625 418.927 2852.5
-219.85 -61.0936 2762.07
-284.474 -894.308 3060.04
53.0701 -107.908 2721.25
-235.468 -193.578 2923.06
-214.708 -568.057 2960.83
-228.315 169.551 2802.71
-157.663 184.419 2896.6
-22.6298 -28.3763 3007.61
-283.804 -841.528 3173.05
40.6808 -78.1063 2742.69
-148.366 -175.336 3038.68
-150.096 -554.912 3149.91
-87.0098 199.286 2990.49
-174.79 -0.0190187 2938.74
FRAME: 152
-138.61 415.056 2857.96
-190.08 -71.5117 2745.36
-278.938 -897.714 3057
92.6031 -130.366 2790.66
-230.965 -199.024 2911.6
-209.459 -571.318 2953.81
-218.543 167.435 2793.97
-163.636 184.7 2901.68
-108.955 -5.14805 3071.64
-294.48 -846.431 3164.41
38.4307 -119.976 2867.89
-162.734 -177.647 3045.37
-158.241 -558.104 3156.11
-108.73 201.966 3009.38
-180.243 -1.81741 2940.08
FRAME: 153
-137.23 409.155 2862.77
-175.815 -87.3933 2741.95
-278.012 -901.575 3058.8
84.2082 -155.512 2820.29
-229.94 -202.055 2906.48
-205.658 -576.76 2955
-199.436 147.517 2780.96
-174.224 170.36 2904.19
-130.421 -8.18242 3099.55
-299.436 -846.155 3124.32
37.5167 -135.413 2938.15
-200.224 -174.965 3052.51
-193.975 -551.147 3151.84
-149.013 193.202 3027.43
-194.653 -9.07517 2941.85
FRAME: 154
-137.565 406.952 2866.59
-148.147 -95.2735 2756.21
-280.749 -900.476 3057.67
93.2737 -192.098 2878.72
-227.226 -202.385 2907.04
-206.69 -575.98 2956.12
-186.038 141.461 2775.3
-168.599 167.354 2902.51
-137.849 -6.16606 3104.41
-306.877 -843.544 3076.36
27.0774 -142.781 2953.83
-206.857 -172.024 3056.2
-197.831 -542.38 3155.01
-151.16 193.246 3029.71
-192.82 -9.92541 2942.06
FRAME: 155
-137.075 407.945 2869.97
-142.756 -93.4581 2770.38
-281.412 -900.086 3056.99
66.0432 -207.564 2903.15
-221.48 -202.297 2909.98
-205.608 -576.578 2959.16
-178.165 140.487 2772.38
-167.008 168.529 2901.58
-136.156 -2.36335 3104.82
-299.114 -841.362 3084.27
20.7926 -134.049 2938.08
-208.852 -170.531 3056.27
-205.434 -536.844 3163.74
-155.851 196.571 3030.78
-191.087 -8.94241 2942.35
FRAME: 156
-137.37 410.783 2881.67
-118.957 -96.3079 2794.45
-280.196 -903.48 3058.11
24.293 -264.866 2979.12
-212.61 -195.648 2920.02
-203.394 -577.645 2961.57
-163.407 145.308 2782.02
-161.682 173.133 2908.79
-133.146 1.81721 3092.12
-297.642 -841.039 3084.74
18.4945 -158.077 2938.52
-210.675 -165.997 3054.9
-205.764 -531.666 3164.44
-159.956 200.957 3035.56
-186.662 -3.84478 2948.13
FRAME: 157
-137.116 412.902 2890.73
-99.8684 -87.4429 2819.03
-281.8 -903.356 3057.64
17.7542 -255.579 2977.35
-207.58 -190.139 2925.56
-198.75 -575.847 2963.45
-157.427 149.09 2796.24
-160.369 175.443 2917.85
-114.655 10.4921 3023.98
-292.403 -845.092 3087.01
37.5213 -170.152 2945.99
-209.126 -162.432 3054.89
-201.93 -527.489 3172.81
-163.31 201.796 3039.45
-184.361 -0.421391 2954.04
FRAME: 158
-138.447 416.18 2898.33
-83.1483 -72.7315 2823.91
-281.919 -904.198 3063.1
29.9862 -248.459 3023.96
-200.962 -183.98 2933.51
-190.031 -575.815 2975.84
-151.412 159.742 2808.37
-157.486 182.516 2923.55
-91.7458 13.9169 3003.98
-286.855 -846.759 3100.11
67.6933 -172.266 2966.17
-205.903 -160.726 3048.51
-199.25 -530.294 3147.04
-163.56 205.289 3038.74
-180.459 5.08137 2957.28
FRAME: 159
-141.787 421.447 2908.01
-80.3079 -41.3542 2875
-279.572 -904.318 3065.84
73.9286 -204.08 3011.67
-193.188 -180.272 2942.98
-178.657 -575.993 2983.57
-146.825 166.86 2825.7
-157.019 187.313 2933.31
-54.3678 18.1366 2979.18
-276.466 -851.814 3125.9
141.693 -161.862 3009.59
-204.309 -158.737 3052.18
-194.989 -528.963 3130.73
-167.214 207.767 3040.93
-177.884 8.90442 2965.45
FRAME: 160
-149.333 433.498 2913.36
-119.068 -3.13187 2980.86
-299.042 -899.466 3087.17
4.11945 -163.184 3083.4
-207.823 -164.756 2974.53
-191.604 -565.247 3010.41
-193.701 190.515 2884.63
-160.26 197.769 2940.57
25.6478 25.703 3004.23
-244.695 -859.925 3141.66
235.036 -64.9475 3087.89
-184.079 -155.655 3034.16
-171.799 -531.596 3136.02
-126.82 205.023 2996.51
-178.106 18.7817 2972.46
FRAME: 161
-156.196 441.657 2917.6
-94.4619 21.8122 2988.67
-294.891 -903.059 3086.74
92.9597 -82.7155 3103.41
-201.02 -165.577 2982.29
-182.721 -566.781 3016.24
-187.512 197.185 2894.1
-158.897 206.332 2944.18
49.7072 79.3748 3018.71
-234.795 -858.871 3173.71
302.731 67.1194 3073.01
-186.469 -153.531 3044.13
-172.203 -522.472 3144.49
-130.283 215.478 2994.27
-176.321 23.3888 2978.7
FRAME: 162
-163.318 447.648 2925.73
-186.412 58.7027 3059.47
-307.353 -902.602 3095.78
-109.178 -23.0799 3180.65
-212.729 -147.392 2999.23
-188.786 -552.429 3028.29
-224.397 218.863 2928.14
-155.862 219.962 2949.69
121.037 152.578 3033.72
-218.737 -851.627 3204.23
353.352 218.295 3076.95
-166.713 -143.189 3032.07
-155.27 -516.283 3169.15
-87.3258 221.061 2971.24
-172.791 37.3356 2982.67
FRAME: 163
-170.778 455.792 2933.48
-228.862 109.111 3071.09
-310.671 -900.487 3102.24
-193.059 63.4724 3164.08
-211.48 -135.747 3007.31
-183.26 -543.308 3035.74
-238.702 245.089 2941.87
-157.181 248.228 2957.49
74.0912 292.127 3027.5
-208.763 -830.898 3227.76
193.157 449.981 3115.11
-150.016 -130.278 3032.17
-143.551 -505.575 3183.18
-75.6606 251.368 2973.1
-168.965 57.6079 2988.61
FRAME: 164
-176.502 465.48 2941.18
-241.562 133.484 3068.41
-307.134 -897.139 3100.31
-212.076 123.084 3154.16
-211.047 -125.242 3013.49
-177.949 -537.974 3039.5
-252.54 267.605 2952.35
-157.153 269.907 2958.81
96.7158 351.559 3001.6
-197.225 -830.269 3298.44
206.304 553.775 3042.93
-139.409 -121.114 3028.73
-139.39 -502.985 3186.96
-61.7653 272.209 2965.26
-166.19 73.3646 2989.96
FRAME: 165
-177.442 473.276 2942.2
-278.035 159.06 3068.57
-300.01 -887.669 3096.79
-353.72 170.965 3205.94
-209.747 -113.551 3015.03
-168.99 -526.041 3036.48
-264.369 288.837 2954.23
-163.785 293.072 2965.65
55.8866 366.618 3006.87
-204.277 -835.737 3303.35
147.273 610.565 3045.57
-128.358 -109.168 3028.99
-140.7 -506.168 3178.62
-63.2009 297.307 2977.06
-166.419 90.8565 2993.83
FRAME: 166
-178.855 477.458 2944.49
-335.994 159.646 3095.38
-308.174 -881.356 3097.72
-517.989 163.16 3278.22
-221.899 -104.66 3019.52
-174.987 -518.056 3038.81
-290.065 310.063 2970.52
-170.989 311.248 2968.38
35.4006 388.975 2995.89
-190.351 -839.955 3303.06
129.077 676.597 3004.26
-119.084 -103.45 3020.32
-127.527 -508.171 3174.5
-51.9119 312.433 2966.23
-170.74 103.596 2994.15
FRAME: 167
-180.272 478.384 2942.3
-354.492 166.54 3117.76
-295.09 -876.943 3088.4
-537.766 190.36 3277.94
-214.662 -100.883 3026.54
-164.097 -516.491 3033.79
-291.922 308.115 2983.47
-174.667 310.339 2969.99
44.3272 427.614 2946.34
-199.805 -846.494 3301.58
96.509 695.204 2994.08
-117.292 -98.755 3018.14
-130.438 -508.525 3169.61
-57.4113 312.564 2956.5
-170.322 105.26 2996.16
FRAME: 168
-181.429 482.593 2942.64
-358.953 156.649 3130.52
-277.039 -861.966 3076.13
-555.373 197.133 3313.19
-209.874 -79.5936 3018.51
-152.798 -499.983 3023.58
-298.812 326.025 2991.09
-180.77 329.372 2967.18
43.8438 455.047 2889
-208.271 -858.494 3311.15
68.8163 701.886 2979.98
-107.272 -76.4564 2998.25
-132.867 -507.099 3142.46
-62.7289 332.72 2943.26
-169.672 125.674 2987.78
FRAME: 169
-184.436 484.174 2943.28
-369.626 144.981 3157.22
-267.831 -859.451 3069.52
-565.505 243.059 3314.08
-210.002 -69.7797 3020.74
-146.014 -496.455 3015.19
-300.352 336.892 2994.77
-185.186 341.322 2959.97
20.1648 461.894 2868.78
-209.457 -857.833 3306.19
50.5986 694.314 2978.36
-103.85 -65.4296 2990.73
-131.306 -506.865 3140.39
-70.0195 345.751 2925.17
-171.056 136.858 2982.85
FRAME: 170
-192.2 481.445 2943.59
-376.941 145.473 3170.02
-257.646 -868.223 3053.53
-538.678 230.498 3288.97
-200.387 -75.3635 3008.46
-133.454 -507.602 2995.76
-296.856 327.109 2989.55
-197.321 334.984 2961.17
-56.7447 381.593 2911.49
-219.195 -850.113 3300.49
16.6157 498.881 3030.42
-109.269 -67.7654 2984.43
-133.176 -499.715 3143.51
-97.7851 342.859 2932.78
-176.074 131.71 2978.81
FRAME: 171
-209.998 470.802 2941.67
-375.71 154.337 3174.07
-252.213 -876.992 3042.19
-516.172 240.271 3273.5
-196.154 -82.6769 2991.56
-124.271 -518.586 2975.49
-298.441 319.378 2977.88
-202.744 330.377 2956.51
-98.805 311.064 2932.35
-219.766 -842.441 3288.97
2.05459 404.614 3075.61
-105.684 -71.8923 2975.16
-130.533 -491.255 3146.24
-107.048 341.375 2935.14
-176.832 126.546 2969.94
FRAME: 172
-228.35 462.316 2942.77
-349.408 173.822 3146.19
-255.289 -882.535 3034.47
-423.176 207.829 3240.85
-198.513 -87.1449 2975.72
-120.738 -525.847 2953.98
-296.268 311.483 2974.99
-205.578 323.096 2957.18
-119.294 277.334 2944.87
-212.324 -836.558 3280.7
-25.745 322.777 3117.58
-98.5556 -74.8553 2964.8
-120.618 -486.383 3141.86
-114.888 334.71 2939.36
-177.056 121.048 2963.72
FRAME: 173
-253.074 446.618 2952.22
-287.778 205.815 3057.57
-251.14 -884.188 3027.45
-27.8107 465.681 2912.93
-187.436 -96.5996 2949.6
-114.217 -531.667 2935.71
-273.305 300.267 2951.06
-199.125 310.649 2956.42
-126.008 259.149 2966.65
-206.246 -831.114 3276.83
-69.2342 216.091 3143.26
-101.037 -84.4926 2968.65
-122.654 -484.815 3159.55
-124.945 321.031 2961.78
-171.681 110.052 2957.77
FRAME: 174
-262.918 442.002 2952.87
-263.895 244.94 3019.03
-250.513 -892.55 3009.48
-24.3321 451.857 2923.66
-190.362 -89.9908 2953.71
-111.892 -539.588 2909.69
-280.593 310.131 2957.07
-207.943 321.36 2962.9
-145.632 264.693 2973.8
-200.128 -825.637 3295.46
-87.4327 207.221 3126.31
-109.277 -77.4532 2967.75
-120.376 -480.879 3158.77
-135.292 332.589 2968.74
-178.881 118.819 2961.82
FRAME: 175
-268.198 431.122 2943.84
-253.419 277.384 2970.77
-248.866 -896.705 2984.99
-133.967 349.036 3018.39
-180.242 -82.4103 2937.2
-111.864 -547.159 2882.31
-248.582 314.138 2911.97
-194.551 321.687 2935.71
-145.68 289.248 2933.6
-198.011 -827.941 3299.73
-89.1871 307.998 3075.95
-108.34 -71.8868 2960.22
-114.269 -481.604 3149.37
-140.52 329.236 2959.45
-169.421 122.269 2942.21
FRAME: 176
-279.719 415.579 2932.63
-234.874 292.575 2914.08
-247.353 -901.215 2981.78
-168.236 320.55 2967.48
-178.157 -90.9851 2919.75
-120.594 -555.964 2859.64
-255.061 298.131 2906.71
-196.365 306.985 2928.1
-143.689 300.812 2921.95
-201.389 -826.541 3284.19
-54.7502 292.083 2997.12
-101.724 -79.125 2935.54
-93.7952 -481.374 3127.78
-137.669 315.839 2949.49
-168.153 110.965 2927.87
FRAME: 177
-293.254 399.729 2918.39
-245.046 301.866 2842.57
-237.823 -900.455 2987.16
-105.687 338.15 2839.84
-175.889 -112.756 2889.8
-116.485 -561.95 2850.6
-256.255 275.512 2872.59
-191.92 283.05 2909.6
-164.508 251.6 2951.61
-189.847 -841.462 3169.91
-110.725 209.423 3014.55
-92.4685 -102.467 2924.72
-72.0571 -503.11 3074.36
-127.585 290.588 2946.6
-163.05 87.7195 2908.43
FRAME: 178
-297.558 395.334 2895.95
-230.78 321.184 2736.23
-226.26 -889.39 2990.44
-100.934 348.746 2787
-175.191 -134.9 2846.08
-110.795 -558.336 2840.97
-259.529 254.331 2838.09
-193.642 262.096 2886.82
-181.325 227.111 2984.66
-201.294 -838.909 3125.78
-107.672 180.214 2991.5
-87.2603 -124.299 2898.87
-67.4221 -502.958 3056.66
-127.756 269.862 2935.55
-162.434 66.2485 2879.65
FRAME: 179
-312.649 391.396 2884.31
-174.421 317.081 2623.8
-226.983 -888.162 2985.64
-19.9938 342.348 2700.69
-180.08 -145.649 2826.09
-127.845 -557.71 2835.02
-262.298 239.157 2787.68
-185.583 253.524 2842.45
-182.663 182.355 3018.31
-218.633 -843.046 3095.43
-87.781 69.1374 3006.96
-77.7934 -126.209 2897
-56.6689 -505.753 3046.27
-108.868 267.89 2897.22
-157.26 58.7972 2852
FRAME: 180
-309.654 396.017 2862.53
-202.359 313.986 2574.2
-226.985 -884.082 2982.41
30.8648 357.575 2614.71
-176.685 -147.563 2819.18
-137.657 -555.011 2832.16
-264.494 244.304 2773.4
-189.772 260.486 2836.7
-175.376 144.016 2995.86
-214.867 -833.264 3078.22
-76.0283 21.2589 2985.96
-76.0221 -125.782 2900.4
-40.6786 -494.546 3031.9
-115.05 276.668 2900
-158.063 61.9067 2848.24
FRAME: 181
-293.721 413.761 2828.06
-239.442 248.378 2552.69
-238.125 -878.592 2988.2
-41.2299 323.772 2573.55
-188.46 -135.584 2823.38
-156.094 -546.225 2845.68
-287.844 267.174 2778.87
-196.94 285.785 2835.16
-192.763 190.366 2996.27
-187.885 -816.757 3145.4
-113.431 123.466 2906.13
-71.5768 -110.99 2897.91
-29.2804 -483.927 3027.5
-106.036 304.396 2891.45
-163.479 81.2492 2847.9
FRAME: 182
-312.619 415.757 2819.34
-250.945 230.758 2546.73
-235.917 -881.903 2995.2
-25.8884 312.365 2532.61
-184.861 -121.365 2832.98
-162.789 -538.727 2862.54
-292.458 301.839 2769.99
-189.019 321.649 2824.96
-138.611 198.498 2909.39
-169.955 -806.204 3190.82
-111.624 170.708 2786.04
-64.9369 -97.411 2897.74
-20.6346 -484.946 3019.16
-85.5809 341.459 2879.93
-156.959 106.13 2845.16
FRAME: 183
-315.903 414.914 2800.64
-265.713 183.202 2559.89
-232.011 -883.707 2998.33
-90.1389 246.519 2499.71
-186.599 -113.072 2847.14
-171.541 -529.552 2880.73
-297.374 293.419 2766.42
-189.607 317.197 2809.11
-102.952 214.255 2722.35
-142.968 -788.186 3219.65
-159.113 174.635 2690.13
-56.1517 -83.3525 2900.24
-12.6317 -477.109 3011.58
-81.8403 340.975 2851.79
-155.491 109.492 2841.4
FRAME: 184
-323.444 414.58 2788.11
-306.563 109.614 2627.52
-221.46 -881.723 3008.31
-152.136 150.776 2450.62
-188.482 -106.241 2860.14
-175.912 -525.68 2890.83
-298.181 274.584 2772.45
-187.087 301.059 2803.28
-104.121 217.061 2690.36
-111.956 -776.187 3218.73
-167.39 194.802 2681.21
-45.5747 -71.3769 2901.1
-6.96095 -466.595 3005.7
-75.9924 327.533 2834.12
-152.057 106.125 2841.95
FRAME: 185
-326.303 406.915 2781.15
-331.071 80.4881 2661.97
-208.895 -872.44 3006.23
-177.846 97.3326 2460.15
-187.514 -98.3351 2870.75
-176.693 -516.287 2893.55
-295.584 273.763 2781.41
-184.946 300.995 2811.05
-114.432 287.705 2740.45
-94.0748 -786.32 3205.4
-147.746 312.315 2684.84
-37.1922 -60.3783 2910.91
-2.12178 -454.276 3002.03
-74.3078 328.227 2840.68
-148.649 110.819 2850.94
FRAME: 186
-334.171 395.228 2769.99
-352.272 33.6337 2729.35
-200.442 -865.528 3000.88
-222.453 27.7519 2494.64
-182.077 -92.7411 2879.87
-177.13 -508.735 2893.29
-291.381 266.571 2790.99
-179.778 295.306 2822.65
-113.201 333.391 2724.15
-84.1943 -789.122 3194.25
-95.9903 559.757 2571.05
-30.7146 -52.8766 2922.25
-5.64051 -448.361 3006.99
-68.1742 324.04 2854.31
-143.087 111.248 2861.86
FRAME: 187
-336.716 378.83 2765.94
-359.953 -8.87014 2770.74
-197.179 -872.045 3007.41
-214.359 -15.3343 2487.91
-180.347 -101.51 2891.79
-179.985 -517.137 2900.58
-293.357 247.082 2804.06
-181.443 277.433 2829.04
-108.345 357.943 2679.61
-73.3003 -792.399 3177.82
-53.774 515.859 2523.57
-26.2575 -59.2736 2926.12
-6.56189 -446.772 3000.21
-69.5285 307.784 2854.01
-142.372 98.5207 2869
FRAME: 188
-343.336 367.735 2764.45
-361.314 -12.4372 2804.76
-196.468 -866.731 3012.13
-231.14 -58.8407 2539.8
-182.117 -111.106 2906.29
-184.052 -517.464 2910.03
-296.07 236.777 2810.01
-184.559 265.688 2824.19
-99.3557 317.114 2659.03
-66.4699 -804.791 3166.56
-35.1736 420.161 2437.1
-26.1592 -70.3234 2925.67
-6.46438 -455.406 2996.46
-73.048 294.598 2838.36
-144.349 87.4864 2870.08
FRAME: 189
-344.706 355.018 2771.19
-336.725 -29.8751 2865.43
-202.983 -860.05 3034.59
-239.219 -145.885 2589.28
-184.879 -135.068 2944.06
-190.853 -520.071 2945.11
-305.267 195.817 2849.32
-191.184 223.06 2838.86
-72.3484 192.834 2707.86
-61.3641 -828.901 3157.82
-59.6528 92.1386 2551.39
-20.8231 -96.1862 2928.36
-9.01105 -481.428 2998.24
-77.1015 250.302 2828.39
-147.018 53.7161 2887.53
FRAME: 190
-342.075 347.006 2774.09
-264.702 -49.7763 2879.58
-200.556 -862.843 3079.53
-260.326 -204.377 2655.56
-177.565 -134.606 2986.35
-196.672 -524.595 2992.56
-324.712 167.284 2899.35
-220.186 188.376 2845.91
-58.4451 142.699 2709.32
-73.7449 -840.573 3134.8
-89.8381 -50.4471 2521.27
-37.2392 -106.594 2915.64
-27.1516 -494.602 2983.07
-115.66 209.469 2792.46
-163.794 33.8882 2898.45
FRAME: 191
-340.95 342.354 2775.77
-264.729 -38.9155 2918.95
-208.577 -865.653 3106.32
-270.567 -204.018 2714.72
-176.55 -134.667 2999.56
-202.705 -526.313 3010.86
-332.212 164.567 2920.99
-225.524 179.255 2850.63
-67.6362 31.8202 2665.1
-80.0106 -853.015 3142.38
-157.243 -116.91 2527.8
-50.9068 -117.371 2917.23
-38.6399 -505.735 2992.83
-118.835 193.943 2780.27
-169.626 26.6179 2904.51
FRAME: 192
-339.068 336.832 2776.72
-271.591 -33.3163 2935.84
-215.103 -873.424 3123.19
-263.179 -196.911 2733.14
-176.384 -140.279 3008.8
-209.736 -532.914 3033.81
-345.023 159.066 2933.47
-235.165 173.309 2855.74
-78.9588 3.88963 2676.23
-83.1668 -855.923 3146.06
-192.808 -159.208 2609.5
-57.068 -124.877 2924.43
-45.5662 -512.08 3005.44
-125.307 187.551 2778.01
-175.946 20.3655 2911.18
FRAME: 193
-337.59 334.843 2779.11
-304.958 -44.0292 3009.15
-237.735 -884.714 3157.85
-279.897 -199.09 2713.69
-193.014 -141.231 3024.74
-221.75 -533.219 3042.82
-357.843 153.21 2929.4
-244.522 164.529 2853.52
-113.781 -35.3924 2700.78
-82.4706 -866.888 3149.49
-224.338 -172.195 2652.07
-63.1274 -128.355 2937.35
-51.2501 -519.532 3021.37
-131.202 175.848 2777.64
-186.296 14.8679 2917.28
FRAME: 194
-338.072 336.663 2778.83
-325.295 -47.9828 3031.77
-271.35 -872.202 3187.74
-303.534 -195.172 2749.17
-208.278 -140.149 3046.94
-240.362 -529.263 3058.38
-364.908 156.562 2933.39
-250.436 160.529 2857.08
-126.578 -59.8023 2729.74
-80.71 -872.479 3157.28
-248.158 -179.084 2674.95
-75.9603 -135.682 2958.24
-54.0735 -525.05 3035.8
-135.963 164.497 2780.77
-196.277 11.3069 2929.83
FRAME: 195
-340.728 337.607 2780.2
-344.882 -50.3442 3047.74
-294.158 -856.175 3209.76
-299.942 -189.603 2749.5
-211.268 -138.162 3060.24
-254.684 -519.825 3075.93
-374.896 160.769 2943.47
-260.259 163.563 2864.5
-120.563 -53.3826 2769.02
-79.8479 -871.108 3165.16
-262.385 -174.015 2736.68
-83.8549 -135.202 2971.81
-59.4098 -525.393 3045.56
-145.623 166.356 2785.54
-203.91 13.4404 2940.27
FRAME: 196
-341.042 340.819 2779.25
-349.559 -38.4831 3078.34
-329.141 -842.55 3240.06
-312.885 -177.055 2831.3
-219.843 -135.399 3071.22
-264.83 -520.803 3089.36
-384.382 163.894 2949.14
-269.076 165.946 2870.65
-106.862 -48.569 2803.62
-80.3485 -872.634 3170.32
-248.499 -178.528 2789.02
-92.5679 -133.192 2984.15
-65.3709 -525.085 3050.86
-153.77 167.997 2792.15
-212.641 15.8253 2949.17
FRAME: 197
-349.513 346.987 2788.7
-366.605 -40.805 3090.89
-335.01 -849.865 3251.2
-326.641 -200.829 3023.88
-248.894 -139.282 3082.14
-288.132 -528.677 3111.91
-394.805 167.505 2956.74
-280.658 170.74 2886.83
-102.423 -47.5529 2845.43
-82.196 -871.716 3173.7
-208.992 -203.353 2857.08
-108.003 -135.284 2995.94
-79.0137 -530.717 3056.89
-166.511 173.975 2816.91
-229.553 16.7283 2962.93
FRAME: 198
-355.25 350.241 2806.34
-383.699 -45.4582 3099.69
-339.194 -858.688 3252.08
-348.96 -196.83 3023.43
-272.681 -143.924 3088.91
-306.385 -534.441 3119.71
-407.68 166.554 2964.67
-291.448 171.194 2900.61
-103.366 -47.3782 2858.13
-81.5752 -876.291 3175.73
-188.705 -199.975 2889.88
-123.078 -137.956 3006.49
-86.831 -533.963 3058.82
-175.215 175.834 2836.55
-244.663 15.1272 2974.15
FRAME: 199
-359.993 357.362 2825.85
-406.128 -54.5608 3095.73
-344.973 -859.777 3250.61
-344.836 -196.1 3023.57
-290.059 -155.256 3092.33
-321.798 -543.453 3117.44
-415.79 164.859 2973.12
-297.427 170.905 2914.54
-107.204 -46.9043 2897.89
-80.8451 -875.08 3181.97
-182.783 -214.895 2863.9
-133.809 -147.276 3015.12
-93.0256 -539.516 3062.14
-179.064 176.95 2855.96
-254.681 9.81909 2984.13
FRAME: 200
-359.304 367.796 2842.64
-421.426 -61.437 3101.87
-344.466 -866.952 3254.37
-376.946 -175.551 3001.03
-300.89 -148.47 3092.51
-327.818 -545.601 3119.99
-428.323 166.595 2990.19
-304.059 175.68 2932.64
-106.672 -40.7484 2964.72
-81.1896 -875.303 3180.94
-140.456 -228.187 2933.45
-145.453 -137.006 3020.68
-96.4285 -536.117 3058.25
-179.794 184.765 2875.1
-263.615 16.471 2994.62
FRAME: 201
-356.874 383.877 2862.41
-446.587 -63.6312 3103.84
-346.261 -866.653 3253.56
-382.551 -186.126 2989.46
-310.415 -150.537 3093.44
-334.567 -545.849 3120.83
-439.233 166.657 2997.08
-310.316 178.805 2944.48
-104.552 -43.122 2980.59
-81.5042 -867.014 3184.29
-171.8 -191.218 2951.31
-153.732 -135.711 3029.56
-101.235 -528.427 3064.44
-181.399 190.952 2891.88
-271.195 17.8404 3002.99
FRAME: 202
-352.337 396.663 2877.15
-451.949 -52.0611 3095.66
-347.737 -876.703 3254.23
-396.875 -163.105 2978.51
-319.724 -147.237 3089.22
-340.095 -549.379 3122.43
-442.453 181.6 2999.66
-313.178 196.546 2955.56
-109.325 -13.5808 2984.24
-82.9241 -869.514 3191.92
-180.333 -184.896 2943.47
-157.049 -128.463 3033.73
-106.354 -523.9 3071.81
-183.903 211.492 2911.46
-275.782 29.3483 3008.52
FRAME: 203
-346.002 420.441 2906.05
-467.122 -34.0404 3093.48
-351.387 -878.681 3251.46
-431.602 -127.793 2908.25
-335.022 -133.16 3086.46
-350.952 -543.558 3128
-447.764 196.531 3003.74
-315.88 212.037 2968.87
-108.472 10.4877 3006.32
-114.644 -837.933 3216.65
-184.546 -187.134 2934.82
-167.343 -113.508 3042.17
-122.717 -502.357 3086.98
-183.996 227.544 2934.01
-283.531 44.3518 3016.59
FRAME: 204
-341.862 435.323 2921.43
-475.346 -25.2489 3090.16
-353.604 -878.245 3253.4
-340.534 -69.7539 2905.71
-345.379 -125.834 3087.9
-360.096 -536.697 3134.67
-452.617 205.456 3006.15
-318.295 221.875 2980.25
-111.486 16.4096 3008.49
-133.148 -828.975 3241.71
-187.595 -177.147 2944.3
-174.062 -104.925 3054.88
-132.228 -493.386 3098.64
-183.973 238.295 2954.34
-289.008 53.2479 3025.82
FRAME: 205
-336.313 448.207 2934.61
-484.043 -14.5528 3079.72
-353.626 -874.374 3253.23
-362.958 -67.6194 2882.58
-349.95 -120.477 3089.89
-362.038 -531.428 3141.34
-453.613 213.451 3010.37
-317.548 229.915 2989.34
-113.988 28.2004 3017.99
-149.618 -825.535 3264.81
-227.737 -157.858 2957.36
-176.666 -99.5207 3063.24
-136.061 -491.04 3107.99
-181.483 246.378 2968.31
-290.428 59.9579 3032.95
FRAME: 206
-331.75 457.533 2951.01
-489.774 3.51648 3073.98
-355.287 -874.361 3251.08
-356.783 -41.3131 2866.05
-354.159 -118.599 3090.37
-365.522 -527.305 3141.32
-453.842 222.693 3011.53
-317.646 239.695 2999.21
-109.558 57.0696 3051.98
-165.56 -817.634 3274.71
-238.431 -84.3805 2918.84
-179.78 -96.8387 3074.65
-144.877 -486.39 3122.12
-181.449 256.697 2986.89
-292.308 65.9882 3040.86
FRAME: 207
-325.469 461.55 2965.98
-487.747 19.4173 3057.2
-357.98 -866.076 3255.32
-366.792 -26.3489 2825.19
-359.546 -119.654 3091.86
-368.389 -526.566 3141.33
-453.288 230.397 3015.06
-318.709 246.782 3009.11
-110.893 71.328 3062.28
-191.896 -808.224 3300.84
-257.974 -56.4462 2931.93
-184.531 -98.335 3084.12
-155.908 -485.369 3140.4
-184.131 263.168 3003.17
-295.374 68.894 3048.55
FRAME: 208
-321.589 465.083 2974.02
-536.904 69.6859 2942.69
-356.705 -857.694 3254.58
-510.628 25.9576 2642.74
-363.258 -117.423 3093.24
-368.293 -518.882 3140.86
-448.019 238.516 3019.32
-315.046 251.864 3015.42
-117.087 61.2079 3083.99
-212.33 -795.265 3327.29
-232.607 -49.8258 2932.86
-190.413 -100.1 3088.16
-160.71 -483.918 3154.92
-182.074 265.213 3011.52
-295.941 71.5514 3053.06
FRAME: 209
-315.232 467.26 2983.03
-502.804 67.3869 3018.97
-358.916 -855.002 3253.23
-432.17 25.4725 2895.61
-363.724 -116.998 3092.21
-368.531 -516.23 3139.37
-440.84 245.213 3030.03
-307.468 255.827 3028.87
-116.617 53.5779 3087.36
-226.42 -793.148 3334.26
-255.654 -28.5705 2937.44
-192.391 -103.386 3090.71
-170.446 -483.001 3165.84
-174.097 266.442 3027.72
-292.763 72.8176 3060.17
FRAME: 210
-293.109 470.184 3009.28
-466.422 65.5346 3006.71
-360.007 -851.782 3247.67
-355.745 79.7538 2914.95
-364.938 -120.9 3090.77
-364.023 -525.448 3136.81
-424.554 247.366 3029.26
-300.901 255.316 3037.59
-115.062 50.6411 3085.58
-266.071 -819.447 3342.77
-260.102 23.2551 2900.05
-197.319 -110.186 3101.94
-192.116 -500.286 3199.9
-177.248 263.266 3045.92
-291.015 69.8866 3066.97
FRAME: 211
-274.413 462.92 3030.82
-450.562 72.3981 3012.98
-361.812 -855.855 3246.83
-355.909 91.2983 2920.46
-364.386 -124.535 3094.59
-360.638 -530.776 3136.14
-400.074 239.342 3027.94
-288.391 243.555 3044.38
-120.082 59.8089 3096.27
-285.943 -831.337 3366.11
-251.393 35.2481 2878.05
-202.1 -118.392 3118.01
-200.935 -510.822 3237.74
-176.707 247.769 3060.82
-285.817 61.0461 3075.34
FRAME: 212
-269.857 462.402 3049.1
-423.779 51.7178 3013.5
-354.685 -852.96 3240.35
-355.922 72.068 2941.1
-352.713 -139.76 3091.88
-345.489 -542.834 3131.9
-395.52 229.654 3032.72
-281.358 234.478 3079.21
-114.61 57.8866 3097.34
-297.564 -846.016 3384.42
-217.371 65.1556 2906.9
-209.452 -133.751 3149.56
-210.487 -528.555 3265.48
-167.196 239.302 3125.7
-281.22 48.8611 3099.96
FRAME: 213
-260.348 464.511 3058.93
-370.666 28.2989 3001.14
-352.401 -850.673 3241.51
-366.4 84.0897 2958.19
-342.902 -147.948 3098.13
-335.599 -551.125 3135.14
-388.51 230.883 3031.08
-281.343 237.665 3093.68
-123.31 71.62 3124.05
-305.286 -843.29 3397.1
-196.11 50.5355 2915.04
-216.368 -139.956 3171.61
-214.851 -531.823 3281.89
-174.176 244.447 3156.28
-280.489 46.8566 3114.27
FRAME: 214
-243.991 467.174 3066.6
-365.293 27.6218 3024.22
-351.178 -849.437 3239.18
-326.99 66.851 2969.35
-338.527 -152.316 3107
-331.66 -557.089 3136.35
-379.561 233.857 3033.61
-273.952 240.35 3097.18
-127.389 70.3123 3143.76
-308.388 -847.62 3399.28
-170.976 30.7873 3002.43
-215.823 -144.877 3180.46
-212.391 -535.499 3293.7
-168.344 246.843 3160.75
-275.563 45.8767 3120.46
FRAME: 215
-223.773 467.171 3073.38
-371.1 31.4378 3046.47
-348.483 -842.212 3240.81
-297.917 37.7779 2963.29
-331.306 -146.242 3110.65
-324.16 -555.626 3134.05
-368.382 240.891 3038.53
-264.954 246.552 3103.83
-144.127 57.286 3158.15
-306.249 -858.429 3410.1
-156.586 -12.4269 3053.96
-211.448 -139.719 3186.2
-210.135 -537.168 3302.61
-161.525 252.213 3169.12
-268.165 51.7859 3126.13
FRAME: 216
-206.914 469.687 3081.94
-371.733 35.0003 3055.83
-338.321 -840.615 3238.19
-278.974 20.2086 2968.52
-325.161 -139.839 3110.39
-309.457 -548.977 3128.83
-359.235 248.845 3041.68
-257.882 253.081 3110.08
-144.723 53.5806 3163.13
-299.396 -855.547 3405.61
-130.784 -8.20702 3026.31
-211.226 -135.113 3187.58
-204.337 -526.755 3305.52
-156.529 257.317 3178.48
-263.038 57.8027 3129.53
FRAME: 217
-199.423 471.674 3084.72
-373.042 36.8125 3061.3
-334.317 -843.922 3239.71
-265.949 19.1943 2972.66
-318.616 -135.529 3115.69
-300.687 -545.345 3129.1
-350.934 254.355 3044.64
-250.858 257.84 3114.46
-142.708 42.5626 3168.53
-297.635 -853.45 3404.86
-130.58 -20 3039.51
-210.606 -131.791 3191.29
-203.459 -513.903 3306.5
-150.782 261.325 3184.28
-257.735 62.0903 3133.97
FRAME: 218
-190.445 474.178 3089.64
-368.65 35.2603 3062.37
-322.472 -849.566 3237.95
-262.905 -7.29537 2972.63
-310.974 -129.26 3116.66
-288.445 -536.899 3125.47
-343.483 262 3045.46
-246.859 266.351 3118.27
-141.059 43.4687 3162.43
-299.207 -859.039 3393.34
-153.683 -32.943 3049.83
-205.365 -124.414 3196.43
-204.123 -512.908 3303.15
-150.234 270.702 3191.09
-252.514 69.7571 3137.41
FRAME: 219
-179.199 479.099 3094.43
-358.725 33.3206 3046.3
-310.479 -864.529 3227.56
-228.764 6.817 2995.18
-294.318 -125.523 3115.11
-276.381 -531.303 3125.02
-322.744 266.68 3042.02
-236.1 271.105 3126.13
-137.083 42.3269 3157.83
-284.927 -856.277 3381.47
-172.113 -28.6644 3046.65
-203.167 -120.723 3203.86
-200.967 -507.635 3297.1
-149.456 275.529 3210.24
-242.421 73.9908 3142.81
FRAME: 220
-169.175 479.712 3095.93
-348.816 28.6179 3047.71
-288.663 -867.344 3211.88
-221.429 -47.2174 2989.53
-283.023 -120.627 3110.89
-262.768 -526.391 3119.17
-308.159 269.75 3033.25
-228.332 273.993 3128.98
-139.516 54.8979 3172.1
-280.971 -864.145 3372.84
-157.931 -11.7467 3030.17
-205.125 -116.476 3205.3
-204.621 -502.588 3298.92
-148.506 278.237 3224.72
-236.203 77.7208 3143.54
FRAME: 221
-161.027 479.609 3095.42
-343.518 28.5015 3039.91
-273.708 -872.109 3202.19
-213.679 -80.0813 2978.93
-273.859 -120.118 3108.11
-249.582 -521.023 3116.31
-295.424 268.52 3026.02
-223.901 272.47 3132.67
-146.727 57.9531 3190.84
-270.905 -866.899 3348.06
-157.048 -34.3996 3062.08
-208.18 -116.475 3207.3
-203.583 -499.419 3317.57
-152.378 276.421 3239.32
-232.46 77.0869 3145.19
FRAME: 222
-156.26 478.745 3092.68
-341.594 22.4546 3027.74
-258.979 -875.811 3193.98
-205.152 -124.784 2979.3
-270.599 -118.894 3105.63
-237.205 -516.529 3114.29
-283.384 265.688 3017.55
-218.492 270.223 3131.04
-153.068 47.7617 3214.45
-265.826 -865.721 3325.9
-148.389 -79.9185 3112.43
-211.547 -114.661 3210.38
-208.568 -488.807 3344.18
-153.6 274.758 3244.52
-229.783 76.723 3144.52
FRAME: 223
-150.115 476.614 3088.52
-315.45 14.5672 3014.83
-247.032 -872.167 3187.01
-213.229 -101.492 2982.23
-267.746 -122.827 3104.85
-231.537 -516.122 3112.35
-274.239 258.683 3010.52
-214.9 264.748 3127.25
-159.783 44.3628 3226.05
-255.7 -855.752 3253.6
-145.439 -90.8076 3105.98
-213.317 -116.991 3213.78
-208.625 -488.453 3341.02
-155.56 270.813 3243.97
-227.716 72.4197 3143.28
FRAME: 224
-144.977 472.947 3083.87
-284.176 13.5754 2996.57
-236.338 -874.893 3178.92
-237.797 -132.643 2995.86
-262.111 -124.056 3099.56
-218.127 -514.372 3109
-266.693 256.544 3006.07
-211.519 262.709 3124.98
-164.466 41.89 3237.56
-249.383 -857.306 3223.01
-154.485 -101.28 3168.26
-210.88 -118.131 3211.56
-206.278 -484.805 3355.57
-156.346 268.875 3243.89
-224.008 70.8077 3140.27
FRAME: 225
-135.762 467.24 3072.46
-261.579 9.58673 2966.14
-229.84 -885.645 3173.84
-234.208 -144.948 3003.14
-252.11 -126.547 3090.59
-214.538 -516.635 3110.45
-256.47 250.908 2991.58
-210.181 258.508 3117.41
-176.744 50.7616 3250.96
-247.137 -854.441 3213.69
-145.868 -119.187 3229.74
-211.082 -119.38 3204.1
-202.423 -489.505 3352.51
-163.892 266.108 3243.24
-220.888 67.7724 3132.38
FRAME: 226
-126.938 463.609 3049.8
-258.943 -2.64624 2955.13
-226.252 -881.812 3170.24
-226.203 -182.573 3001.71
-242.106 -127.907 3079.16
-211.996 -513.761 3108.17
-250.886 244.17 2974.47
-211.521 254.344 3107.2
-188.909 50.9048 3259.08
-242.337 -849.934 3204.82
-149.02 -125.835 3231.06
-207.373 -118.529 3198.56
-192.444 -489.555 3346.68
-172.156 264.519 3239.93
-218.13 65.5632 3123.03
FRAME: 227
-122.726 460.796 3040.53
-257.529 -5.95254 2945.26
-222.675 -881.185 3167.56
-227.627 -192.441 2995.56
-234.847 -131.536 3072.02
-208.044 -513.951 3098.29
-247.99 233.392 2954.04
-211.776 246.859 3092.46
-194.781 45.5753 3262.96
-243.109 -844.506 3200.5
-142.883 -135.494 3238.13
-205.136 -120.305 3187.74
-189.878 -483.665 3339.54
-175.561 260.327 3230.89
-215.884 60.4693 3111.17
FRAME: 228
-124.082 457.797 3023.59
-251.907 -10.2934 2929.19
-221.456 -875.536 3164.47
-200.643 -192.236 2993.62
-228.182 -134.127 3061.45
-207.054 -516.247 3088.8
-246.868 226.655 2930.25
-212.167 243.121 3076.63
-198.023 53.2862 3259.61
-244.175 -844.24 3184.52
-130.484 -131.649 3232.87
-201.818 -121.443 3175.16
-183.797 -495.436 3307.44
-177.465 259.587 3223.01
-213.584 57.6679 3097.47
FRAME: 229
-126.432 454.973 3004.13
-247.099 -29.8696 2920.64
-220.714 -876.609 3161.92
-185.676 -213.476 3000.78
-222.502 -139.077 3055.12
-204.732 -527.007 3089.34
-248.175 209.197 2920.26
-221.863 231.192 3050.53
-202.791 67.2629 3256.6
-246.426 -836.806 3191.73
-65.3396 -114.897 3211.56
-200.549 -120.526 3165.82
-187.522 -497.149 3311.75
-195.552 253.187 3180.8
-216.694 50.6953 3080.5
FRAME: 230
-127.306 450.1 2985.19
-219.486 -39.7759 2894.52
-216.212 -875.498 3157.42
-217.44 -213.246 2991.3
-219.363 -143.146 3042.74
-202.097 -526.527 3080.48
-251.896 206.318 2911.91
-223.167 228.373 3041.49
-200.766 68.7819 3253.82
-251.228 -834.899 3200.31
-61.3278 -111.002 3178.22
-194.384 -124.438 3155.45
-164.887 -486.767 3270.41
-194.438 250.428 3171.06
-215.02 47.2904 3070.29
FRAME: 231
-126.177 446.995 2975.43
-202.022 -43.4882 2876.98
-216.852 -867.493 3156.65
-212.573 -224.632 2999.05
-220.958 -149.494 3031.89
-204.299 -523.849 3071.05
-252 207.603 2904.7
-221.694 228.363 3036.85
-202.314 64.0469 3251.1
-250.572 -836.757 3231.64
-49.1983 -103.415 3140.51
-193.687 -130.931 3151.82
-147.018 -491.6 3251.39
-191.387 249.123 3168.99
-214.508 44.0752 3064.35
FRAME: 232
-126.749 445.161 2968.48
-217.697 -31.3066 2868.2
-216.15 -869.798 3153.51
-169.163 -204.885 2986.68
-225.611 -152.436 3018.71
-201.4 -529.001 3063.29
-258.942 208.185 2902.82
-221.299 225.479 3032.88
-197.914 60.9324 3251.17
-251.854 -838.327 3282.72
-20.1495 -93.7785 3119.51
-190.18 -136.519 3140.4
-134.438 -503.194 3245.97
-183.655 242.772 3162.95
-214.597 40.5005 3056.22
FRAME: 233
-128.626 443.543 2965.4
-214.6 -31.3739 2855.71
-217.62 -866.059 3151.82
-149.155 -193.13 2978.01
-226.133 -157.304 3008.37
-208.24 -534.531 3061.31
-261.508 206.431 2901.53
-217.003 221.06 3029.01
-190.604 55.4401 3250.45
-234.509 -850.135 3306
-13.9982 -99.3426 3082.23
-181.906 -143.553 3131.99
-131.018 -517.02 3225.75
-172.498 235.688 3156.5
-210.511 35.3157 3049.6
FRAME: 234
-129.532 445.021 2957.99
-222.645 -29.6677 2852.96
-212.312 -866.659 3136.95
-153.216 -179.435 2960.89
-226.241 -165.123 2993.71
-206.625 -544.627 3047.07
-275.137 206.631 2904.1
-206.628 217.965 3017.38
-162.383 49.1619 3230.57
-250.408 -844.689 3312.64
22.6515 -92.4026 2973.42
-155.623 -154.375 3107.18
-126.289 -525.981 3221.99
-138.118 229.299 3130.66
-198.78 29.1078 3033.91
FRAME: 235
-129.318 442.519 2948.15
-220.236 -36.5528 2849.75
-210.754 -885.46 3135.79
-172.029 -199.068 2963.14
-228.015 -173.795 2985.26
-207.91 -567.075 3042.84
-281.359 195.058 2891.83
-201.059 208.836 2999.98
-82.8101 46.0279 3176.19
-254.319 -846.421 3338.46
22.9314 -83.9606 2955.34
-141.067 -159.837 3098.34
-110.946 -541.613 3215.88
-120.758 222.615 3108.13
-192.8 21.0102 3020.89
FRAME: 236
-129.21 441.173 2931.34
-211.356 -38.3302 2842.7
-211.576 -893.952 3135.05
-179.808 -191.03 2940.2
-227.221 -176.178 2982.61
-212.475 -571.147 3041.27
-284.789 194.07 2885.89
-200.846 209.355 2992.19
-85.7255 38.2065 3163.72
-237.018 -827.386 3357.58
29.6338 -87.2133 2885.66
-135.697 -160.463 3095.05
-80.7751 -542.452 3194.79
-116.903 224.64 3098.49
-191.153 20.5174 3015.51
FRAME: 237
-129.375 439.591 2931.17
-198.752 -37.7946 2828.34
-208.265 -899.968 3134.23
-198.453 -188.996 2944.97
-225.047 -176.282 2980.14
-213.771 -578.497 3035.51
-284.811 188.793 2879.43
-201.466 206.681 2983.53
-96.4063 34.7729 3158.6
-222.003 -832 3356.98
24.5512 -83.2011 2855.68
-131.898 -157.124 3093.21
-70.3028 -531.444 3186
-118.122 224.568 3087.63
-189.969 19.9886 3010.1
FRAME: 238
-128.513 438.619 2919.43
-210.487 -33.735 2824.57
-208.827 -890.968 3134.15
-150.866 -180.31 2940.03
-232.266 -171.734 2975.91
-216.203 -570.791 3033.34
-287.682 193.272 2880.3
-197.723 208.811 2977.93
-96.2132 25.5428 3142.91
-199.983 -825.638 3334.89
23.3067 -86.2312 2865.26
-127.987 -154.922 3085.43
-62.0664 -523.263 3183.31
-107.764 224.35 3075.56
-188.925 22.7417 3004.3

