FRAME: 0
0 0 0
0 0 0
0 0 0
0 0 0
0 0 0
0 0 0
0 0 0
0 0 0
0 0 0
0 0 0
0 0 0
0 0 0
0 0 0
0 0 0
0 0 0
FRAME: 1
0 0 0
0 0 0
0 0 0
0 0 0
0 0 0
0 0 0
0 0 0
0 0 0
0 0 0
0 0 0
0 0 0
0 0 0
0 0 0
0 0 0
0 0 0
FRAME: 2
0 0 0
0 0 0
0 0 0
0 0 0
0 0 0
0 0 0
0 0 0
0 0 0
0 0 0
0 0 0
0 0 0
0 0 0
0 0 0
0 0 0
0 0 0
FRAME: 3
0 0 0
0 0 0
0 0 0
0 0 0
0 0 0
0 0 0
0 0 0
0 0 0
0 0 0
0 0 0
0 0 0
0 0 0
0 0 0
0 0 0
0 0 0
FRAME: 4
0 0 0
0 0 0
0 0 0
0 0 0
0 0 0
0 0 0
0 0 0
0 0 0
0 0 0
0 0 0
0 0 0
0 0 0
0 0 0
0 0 0
0 0 0
FRAME: 5
0 0 0
0 0 0
0 0 0
0 0 0
0 0 0
0 0 0
0 0 0
0 0 0
0 0 0
0 0 0
0 0 0
0 0 0
0 0 0
0 0 0
0 0 0
FRAME: 6
0 0 0
0 0 0
0 0 0
0 0 0
0 0 0
0 0 0
0 0 0
0 0 0
0 0 0
0 0 0
0 0 0
0 0 0
0 0 0
0 0 0
0 0 0
FRAME: 7
0 0 0
0 0 0
0 0 0
0 0 0
0 0 0
0 0 0
0 0 0
0 0 0
0 0 0
0 0 0
0 0 0
0 0 0
0 0 0
0 0 0
0 0 0
FRAME: 8
0 0 0
0 0 0
0 0 0
0 0 0
0 0 0
0 0 0
0 0 0
0 0 0
0 0 0
0 0 0
0 0 0
0 0 0
0 0 0
0 0 0
0 0 0
FRAME: 9
0 0 0
0 0 0
0 0 0
0 0 0
0 0 0
0 0 0
0 0 0
0 0 0
0 0 0
0 0 0
0 0 0
0 0 0
0 0 0
0 0 0
0 0 0
FRAME: 10
0 0 0
0 0 0
0 0 0
0 0 0
0 0 0
0 0 0
0 0 0
0 0 0
0 0 0
0 0 0
0 0 0
0 0 0
0 0 0
0 0 0
0 0 0
FRAME: 11
0 0 0
0 0 0
0 0 0
0 0 0
0 0 0
0 0 0
0 0 0
0 0 0
0 0 0
0 0 0
0 0 0
0 0 0
0 0 0
0 0 0
0 0 0
FRAME: 12
0 0 0
0 0 0
0 0 0
0 0 0
0 0 0
0 0 0
0 0 0
0 0 0
0 0 0
0 0 0
0 0 0
0 0 0
0 0 0
0 0 0
0 0 0
FRAME: 13
0 0 0
0 0 0
0 0 0
0 0 0
0 0 0
0 0 0
0 0 0
0 0 0
0 0 0
0 0 0
0 0 0
0 0 0
0 0 0
0 0 0
0 0 0
FRAME: 14
0 0 0
0 0 0
0 0 0
0 0 0
0 0 0
0 0 0
0 0 0
0 0 0
0 0 0
0 0 0
0 0 0
0 0 0
0 0 0
0 0 0
0 0 0
FRAME: 15
0 0 0
0 0 0
0 0 0
0 0 0
0 0 0
0 0 0
0 0 0
0 0 0
0 0 0
0 0 0
0 0 0
0 0 0
0 0 0
0 0 0
0 0 0
FRAME: 16
0 0 0
0 0 0
0 0 0
0 0 0
0 0 0
0 0 0
0 0 0
0 0 0
0 0 0
0 0 0
0 0 0
0 0 0
0 0 0
0 0 0
0 0 0
FRAME: 17
0 0 0
0 0 0
0 0 0
0 0 0
0 0 0
0 0 0
0 0 0
0 0 0
0 0 0
0 0 0
0 0 0
0 0 0
0 0 0
0 0 0
0 0 0
FRAME: 18
0 0 0
0 0 0
0 0 0
0 0 0
0 0 0
0 0 0
0 0 0
0 0 0
0 0 0
0 0 0
0 0 0
0 0 0
0 0 0
0 0 0
0 0 0
FRAME: 19
0 0 0
0 0 0
0 0 0
0 0 0
0 0 0
0 0 0
0 0 0
0 0 0
0 0 0
0 0 0
0 0 0
0 0 0
0 0 0
0 0 0
0 0 0
FRAME: 20
0 0 0
0 0 0
0 0 0
0 0 0
0 0 0
0 0 0
0 0 0
0 0 0
0 0 0
0 0 0
0 0 0
0 0 0
0 0 0
0 0 0
0 0 0
FRAME: 21
0 0 0
0 0 0
0 0 0
0 0 0
0 0 0
0 0 0
0 0 0
0 0 0
0 0 0
0 0 0
0 0 0
0 0 0
0 0 0
0 0 0
0 0 0
FRAME: 22
0 0 0
0 0 0
0 0 0
0 0 0
0 0 0
0 0 0
0 0 0
0 0 0
0 0 0
0 0 0
0 0 0
0 0 0
0 0 0
0 0 0
0 0 0
FRAME: 23
0 0 0
0 0 0
0 0 0
0 0 0
0 0 0
0 0 0
0 0 0
0 0 0
0 0 0
0 0 0
0 0 0
0 0 0
0 0 0
0 0 0
0 0 0
FRAME: 24
0 0 0
0 0 0
0 0 0
0 0 0
0 0 0
0 0 0
0 0 0
0 0 0
0 0 0
0 0 0
0 0 0
0 0 0
0 0 0
0 0 0
0 0 0
FRAME: 25
0 0 0
0 0 0
0 0 0
0 0 0
0 0 0
0 0 0
0 0 0
0 0 0
0 0 0
0 0 0
0 0 0
0 0 0
0 0 0
0 0 0
0 0 0
FRAME: 26
0 0 0
0 0 0
0 0 0
0 0 0
0 0 0
0 0 0
0 0 0
0 0 0
0 0 0
0 0 0
0 0 0
0 0 0
0 0 0
0 0 0
0 0 0
FRAME: 27
0 0 0
0 0 0
0 0 0
0 0 0
0 0 0
0 0 0
0 0 0
0 0 0
0 0 0
0 0 0
0 0 0
0 0 0
0 0 0
0 0 0
0 0 0
FRAME: 28
0 0 0
0 0 0
0 0 0
0 0 0
0 0 0
0 0 0
0 0 0
0 0 0
0 0 0
0 0 0
0 0 0
0 0 0
0 0 0
0 0 0
0 0 0
FRAME: 29
0 0 0
0 0 0
0 0 0
0 0 0
0 0 0
0 0 0
0 0 0
0 0 0
0 0 0
0 0 0
0 0 0
0 0 0
0 0 0
0 0 0
0 0 0
FRAME: 30
0 0 0
0 0 0
0 0 0
0 0 0
0 0 0
0 0 0
0 0 0
0 0 0
0 0 0
0 0 0
0 0 0
0 0 0
0 0 0
0 0 0
0 0 0
FRAME: 31
0 0 0
0 0 0
0 0 0
0 0 0
0 0 0
0 0 0
0 0 0
0 0 0
0 0 0
0 0 0
0 0 0
0 0 0
0 0 0
0 0 0
0 0 0
FRAME: 32
0 0 0
0 0 0
0 0 0
0 0 0
0 0 0
0 0 0
0 0 0
0 0 0
0 0 0
0 0 0
0 0 0
0 0 0
0 0 0
0 0 0
0 0 0
FRAME: 33
0 0 0
0 0 0
0 0 0
0 0 0
0 0 0
0 0 0
0 0 0
0 0 0
0 0 0
0 0 0
0 0 0
0 0 0
0 0 0
0 0 0
0 0 0
FRAME: 34
0 0 0
0 0 0
0 0 0
0 0 0
0 0 0
0 0 0
0 0 0
0 0 0
0 0 0
0 0 0
0 0 0
0 0 0
0 0 0
0 0 0
0 0 0
FRAME: 35
0 0 0
0 0 0
0 0 0
0 0 0
0 0 0
0 0 0
0 0 0
0 0 0
0 0 0
0 0 0
0 0 0
0 0 0
0 0 0
0 0 0
0 0 0
FRAME: 36
0 0 0
0 0 0
0 0 0
0 0 0
0 0 0
0 0 0
0 0 0
0 0 0
0 0 0
0 0 0
0 0 0
0 0 0
0 0 0
0 0 0
0 0 0
FRAME: 37
0 0 0
0 0 0
0 0 0
0 0 0
0 0 0
0 0 0
0 0 0
0 0 0
0 0 0
0 0 0
0 0 0
0 0 0
0 0 0
0 0 0
0 0 0
FRAME: 38
0 0 0
0 0 0
0 0 0
0 0 0
0 0 0
0 0 0
0 0 0
0 0 0
0 0 0
0 0 0
0 0 0
0 0 0
0 0 0
0 0 0
0 0 0
FRAME: 39
0 0 0
0 0 0
0 0 0
0 0 0
0 0 0
0 0 0
0 0 0
0 0 0
0 0 0
0 0 0
0 0 0
0 0 0
0 0 0
0 0 0
0 0 0
FRAME: 40
0 0 0
0 0 0
0 0 0
0 0 0
0 0 0
0 0 0
0 0 0
0 0 0
0 0 0
0 0 0
0 0 0
0 0 0
0 0 0
0 0 0
0 0 0
FRAME: 41
0 0 0
0 0 0
0 0 0
0 0 0
0 0 0
0 0 0
0 0 0
0 0 0
0 0 0
0 0 0
0 0 0
0 0 0
0 0 0
0 0 0
0 0 0
FRAME: 42
0 0 0
0 0 0
0 0 0
0 0 0
0 0 0
0 0 0
0 0 0
0 0 0
0 0 0
0 0 0
0 0 0
0 0 0
0 0 0
0 0 0
0 0 0
FRAME: 43
0 0 0
0 0 0
0 0 0
0 0 0
0 0 0
0 0 0
0 0 0
0 0 0
0 0 0
0 0 0
0 0 0
0 0 0
0 0 0
0 0 0
0 0 0
FRAME: 44
0 0 0
0 0 0
0 0 0
0 0 0
0 0 0
0 0 0
0 0 0
0 0 0
0 0 0
0 0 0
0 0 0
0 0 0
0 0 0
0 0 0
0 0 0
FRAME: 45
-197.479 459.201 2420.01
-339.309 222.56 2805.76
-36.3515 -835.602 2962.07
-487.954 225.401 2805.85
-91.6475 -163.471 2730.64
-141.003 -504.569 2780.89
-208.516 272.62 2611
-123.378 235.729 2473.01
-168.12 57.5597 2431.05
-8.22888 -944.461 2455.47
-371.441 62.3389 2610.36
20.0877 -207.326 2557.59
-75.2047 -568.957 2477.7
-38.2411 198.837 2335.03
-79.5791 25.1652 2558.56
FRAME: 46
-178.078 384.617 2459.16
-337.852 176.425 2785.6
-37.2162 -835.413 3005.79
-477.967 311.258 2921.93
-107.502 -136.252 2687.81
-151.053 -496.176 2791.84
-233.518 248.78 2547.48
-131.696 232.392 2450.01
-56.6576 46.4782 2487.08
-12.9643 -960.893 2409.49
-189.408 6.3302 2566.88
43.0851 -159.832 2542.1
-35.7995 -583.487 2476.06
-29.8745 216.004 2352.55
-81.9523 42.1752 2532.48
FRAME: 47
-178.833 364.133 2238.07
-327.915 143.698 2691.83
-7.22276 -913.242 2840.63
-304.508 75.6352 2536.62
-96.8214 -185.08 2638.78
-147.984 -549.073 2794.44
-170.343 230.71 2614.26
-105.644 225.963 2502.35
16.7665 23.3862 2504.99
-34.0218 -977.17 2359.41
-64.331 -155.241 2559.36
1.56532 -192.424 2471.13
-69.9339 -608.125 2384.87
-40.9452 221.217 2390.44
-76.636 18.6055 2528.65
FRAME: 48
-180.008 308.53 2282.85
-308.42 26.0407 2544.16
-49.8926 -943.85 2678.21
-304.437 -91.0529 2717.47
-131.626 -208.436 2533.51
-155.241 -579.61 2749.68
-232.656 181.429 2466.29
-108.792 189.087 2412.82
6.36653 71.1279 2486.53
-52.4863 -901.959 2342.01
-174.178 25.7558 2550.52
11.0319 -201.422 2460.65
-54.0957 -552.94 2393.2
15.0719 196.746 2359.35
-84.5444 -7.92064 2454.95
FRAME: 49
-199.13 318.274 2153.52
-289.508 6.94437 2563.59
-36.7056 -918.396 2786.26
-240.36 -165.189 2717.99
-117.516 -214.292 2512.88
-143.782 -571.59 2732.47
-211.497 189.933 2473.71
-111.562 194.765 2388.65
34.2029 20.1495 2475.23
-53.4525 -905.352 2342.91
-51.886 -135.114 2451.45
10.2123 -207.324 2414.7
-68.6811 -583.666 2365.08
-11.6271 199.597 2303.6
-82.6069 -8.02164 2426.22
FRAME: 50
-198.24 313.68 2155.49
-274.643 -26.2821 2479.08
-38.4843 -939.498 2750.36
-228.94 -154.96 2716.37
-132.372 -221.449 2498.35
-159.914 -592.586 2713.12
-236.583 150.162 2388.77
-122.626 145.475 2319.06
-21.5096 -4.17306 2382.29
-27.6451 -933.419 2361.05
-133.471 -60.7544 2465.22
19.9049 -228.586 2398.21
-67.1943 -588.391 2343.25
-8.66796 140.789 2249.36
-89.4297 -39.7713 2383.67
FRAME: 51
-201.012 299.603 2140.77
-256.733 -18.6772 2467.28
-35.8928 -916.088 2773.26
-232.705 -133.105 2708.41
-117.083 -225.893 2487.2
-152.585 -583.394 2688.65
-213.407 141.856 2363.36
-120.351 135.249 2292.49
-45.3188 -37.4919 2371.84
-11.637 -954.291 2453.26
-168.027 -133.898 2469.66
20.3079 -236.602 2377.48
-72.0581 -617.276 2329.02
-27.2949 128.641 2221.63
-84.3692 -47.9994 2362.42
FRAME: 52
-195.982 291.684 2107.32
-253.587 -117.833 2398.05
-54.6477 -898.533 2736.13
-248.651 -311.012 2629.51
-133.123 -268.819 2430.96
-166.764 -582.829 2675.44
-208.802 80.1255 2257.77
-121.041 71.382 2211.75
-106.485 -122.684 2274.93
-7.92124 -906.154 2576.96
-200.155 -88.7168 2509.19
12.5734 -283.656 2354.57
-54.6779 -658.1 2337.42
-33.2807 62.6385 2165.73
-90.6582 -102.428 2302.26
FRAME: 53
-190.626 286.773 2097.93
-245.829 -114.387 2395.23
-30.8725 -924.177 2620.7
-309.168 -355.689 2269.95
-132.969 -245.49 2453.56
-148.035 -581.314 2595.44
-213.354 99.453 2285.28
-128.326 68.5385 2202.19
-106.439 -146.549 2228.73
-14.4493 -910.603 2570.38
-176.071 -187.858 2407.18
0.935889 -301.705 2315.36
-34.4878 -671.669 2321.11
-43.2981 37.624 2119.09
-97.1713 -102.53 2293.32
FRAME: 54
-174.749 289.644 2077.59
-268.309 -130.273 2267.68
-34.087 -935.25 2566.28
-248.982 -357.291 1977.15
-150.781 -263.837 2391.91
-153.178 -597.202 2576.62
-241.555 106.352 2268.71
-118.901 84.8271 2183.85
7.1753 -171.971 2084.07
-2.59244 -895.373 2501.29
-186.85 -306.487 2070.96
2.61975 -291.884 2284.1
-33.7815 -663.862 2259.44
3.75337 63.3027 2099
-96.4907 -96.5167 2260.93
FRAME: 55
-170.742 291.799 2081.49
-270.142 -109.144 2237.45
-7.57378 -983.506 2586.1
-239.514 -157.822 1953.35
-149.492 -248.975 2327.24
-136.925 -623.508 2516.37
-255.654 114.596 2229.22
-121.927 109.456 2166.99
46.4178 -130.744 2091.22
-21.6934 -923.165 2421.05
-48.4899 -163.541 1899.55
-3.77298 -254.825 2258.87
-37.6149 -629.257 2223.2
11.8 104.316 2104.76
-99.2796 -71.2218 2230.02
FRAME: 56
-178.556 304.312 2067.36
-192.072 -60.8273 1993.18
-49.9327 -973.568 2484.86
50.577 -90.4256 1760.71
-177.285 -233.91 2295.22
-154.584 -630.36 2369.08
-251.767 140.323 2157.91
-104.698 123.159 2114.6
83.3594 -49.0219 1908.06
-8.0172 -868.143 2461.53
41.953 16.2109 1835.49
-6.45861 -253.137 2245.47
-36.5247 -605.846 2181.71
42.3713 105.995 2071.29
-98.285 -60.1824 2192.47
FRAME: 57
-178.941 314.444 2062.57
-176.189 -47.2398 2000.87
-37.0907 -968.269 2456.27
12.1994 -65.1454 1846.96
-201.574 -213.175 2267.93
-184.365 -622.397 2370.12
-258.752 159.249 2123.15
-99.9368 139.975 2093.56
106.557 39.961 1917.84
2.82838 -844.299 2475.6
70.7838 72.4225 1860.04
-7.14154 -234.711 2235.31
-51.7976 -599.719 2165.02
58.8782 120.7 2063.96
-102.147 -41.9841 2172.59
FRAME: 58
-183.191 318.388 2064.58
-101.88 -9.45135 1992.81
-61.6195 -968.573 2487.5
90.2254 48.1985 1907.29
-201.997 -232.81 2254.16
-189.75 -624.67 2354.75
-253.481 131.599 2142.06
-97.1256 120.7 2123.62
130.149 69.4858 1873.49
-12.4763 -888.464 2416.3
137.25 217.298 1815.48
-10.5445 -245.497 2233.66
-56.2173 -601.63 2164.24
59.2295 109.801 2105.19
-101.698 -59.2265 2183.77
FRAME: 59
-188.396 359.698 2066
-86.3992 78.2234 1997.47
-73.5837 -995.055 2415.28
69.3646 160.251 2052.79
-219.652 -221.946 2235.93
-207.726 -614.445 2335.17
-256.517 182.792 2145.21
-109.984 179.838 2150.47
146.033 83.0764 1947.44
-16.6642 -897.403 2432.39
116.032 244.55 1885.12
-18.2804 -225.927 2242.48
-71.7185 -601.749 2182.48
36.5498 176.884 2155.74
-114.475 -22.0494 2194.84
FRAME: 60
-193.914 403.09 2043.79
-84.226 112.524 2011.72
-72.9796 -959.478 2448.02
103.479 213.018 2086.69
-228.783 -178.971 2231.62
-211.672 -579.276 2341.3
-259.551 248.182 2140.41
-121.837 247.705 2153.92
152.502 169.515 1997.61
-35.5698 -898.552 2365.59
80.1932 324.738 1951.6
-33.137 -179.98 2248.89
-70.0562 -591.255 2200.5
15.8777 247.228 2167.42
-126.398 34.1146 2197.09
FRAME: 61
-197.535 433.526 2039.62
-86.8825 147.996 2028.83
-81.0602 -970.207 2418.95
60.8788 277.468 2120.05
-238.092 -161.564 2241.75
-232.085 -566.232 2337.21
-275.302 257.314 2148.56
-134.351 258.18 2154.26
159.276 137.689 2009.11
-34.0989 -913.067 2342.45
-7.03024 331.72 2050.1
-32.5924 -160.642 2249.62
-57.0719 -567.189 2228.49
6.60017 259.046 2159.97
-134.847 48.5385 2199.97
FRAME: 62
-202.611 456.214 2032.46
-105.378 161.146 2028.37
-148.689 -914.637 2577.56
97.6304 220.208 2097.81
-240.276 -136.676 2252.57
-235.59 -553.397 2342.53
-285.083 280.136 2153.77
-138.623 281.13 2157.69
150.302 129.221 2058.56
-35.1775 -917.212 2350.93
39.437 404.102 2091.47
-36.2623 -135.28 2258.77
-45.2091 -552.34 2260.51
7.83779 282.124 2161.6
-138.446 72.5761 2206.68
FRAME: 63
-207.053 472.502 2033.02
-128.518 149.561 2047.82
-228.932 -886.904 2563.31
68.8977 240.003 2115.35
-245.426 -125.868 2258.89
-243.022 -544.526 2338.92
-303.295 300.522 2148.64
-152.23 306.269 2157.94
138.138 145.572 2095.66
-31.357 -917.22 2376.72
32.171 398.608 2075.83
-38.2647 -117.808 2272.05
-38.443 -537.813 2289.27
-1.16493 312.016 2167.23
-147.038 92.2158 2211.7
FRAME: 64
-205.183 483.807 2041.82
-169.885 155.207 2073.35
-267.283 -913.132 2496.22
3.37649 257.278 2133.85
-247.579 -121.424 2269.15
-254.938 -541.798 2337.42
-307.934 304.21 2164.64
-158.915 311.901 2176.74
117.383 130.614 2120.82
-23.5314 -924.469 2417.35
10.459 389.131 2092.1
-40.7961 -110.696 2285.75
-44.1823 -543.184 2306.88
-9.89575 319.591 2188.84
-151.551 97.9202 2227.09
FRAME: 65
-210.226 495.33 2069.68
-264.95 122.477 2164.74
-332.776 -946.131 2444.85
-41.7972 149.139 2149.65
-248.376 -125.341 2285.14
-264.683 -561.066 2325.55
-317.017 305.708 2179.15
-165.849 315.085 2188.97
85.6112 117.859 2111.91
-11.3008 -920.854 2468.75
57.8731 430.241 2054.68
-42.4103 -112.577 2298.23
-30.7927 -542.842 2328
-14.6815 324.462 2198.79
-155.621 98.0628 2240.33
FRAME: 66
-216.409 487.799 2089.22
-344.37 52.6252 2245.32
-352.491 -953.028 2433.9
-62.111 86.1994 2130.71
-250.194 -138.439 2304.65
-267.748 -579.53 2321.32
-325.243 289.154 2200.81
-173.253 300.555 2209.54
49.4544 59.9572 2144.24
6.79753 -921.01 2504.31
43.4202 318.264 2016.86
-43.1583 -122.991 2316.34
-17.5178 -553.522 2346.57
-21.2632 311.956 2218.27
-159.965 84.92 2260.02
FRAME: 67
-217.337 477.415 2109.53
-361.01 4.14919 2260.12
-384.554 -1009.79 2421.91
-110.298 -9.53769 2143.59
-266.508 -170.095 2324.9
-284.526 -609.32 2322.13
-335.708 255.658 2233.11
-188.301 267.154 2243.91
25.244 36.7861 2248.12
27.159 -925.388 2525.36
-20.3832 2.82057 2085.31
-56.2617 -153.66 2340.15
-13.5117 -565.301 2356.69
-40.8948 278.65 2254.7
-174.843 52.6383 2288.22
FRAME: 68
-210.723 454.002 2142.57
-381.687 -29.3995 2304.64
-388.194 -991.29 2404.5
-125.408 -56.7969 2206.29
-271.59 -185.886 2354.44
-276.618 -590.344 2330.33
-341.355 224.102 2251.77
-194.643 236.228 2267.02
6.34838 8.65488 2379.06
52.0517 -895.687 2572.7
-25.8551 -105.566 2150.57
-70.0898 -169.036 2375.35
-12.4982 -560.314 2388.2
-47.9322 248.354 2282.27
-182.742 29.3834 2315.96
FRAME: 69
-197.072 417.112 2204.02
-388.182 -60.5829 2358.64
-392.479 -1024.13 2413.15
-176.509 -130.841 2231.51
-269.605 -212.112 2361.42
-285.887 -651.153 2327.69
-343.842 189.619 2296.82
-193.655 200.715 2300.88
10.1734 -27.5189 2409.33
56.9715 -903.552 2748.38
8.42718 -191.671 2151.21
-62.7165 -196.889 2366.31
-10.601 -600.028 2418.76
-43.4675 211.81 2304.93
-179.908 -1.89278 2332.37
FRAME: 70
-181.806 415.532 2230.91
-382.008 -53.6287 2380.21
-341.741 -999.811 2490.54
-206.008 -106.232 2195.95
-263.866 -213.209 2403.24
-281.594 -623.858 2326.63
-335.309 175.471 2317.72
-182.527 183.687 2337.79
14.8443 -46.3365 2456.13
56.6398 -898.65 2686.22
-26.5998 -297.759 2344.85
-80.6908 -203.291 2426.89
5.4741 -581.023 2451.48
-29.744 191.903 2357.87
-177.402 -12.2817 2376.43
FRAME: 71
-170.157 417.598 2254.53
-374.701 -55.8104 2424.92
-349.931 -986.444 2481.13
-248.123 -167.765 2273.31
-261.236 -216.381 2425.15
-279.913 -629.552 2352.32
-330.529 177.31 2337.54
-173.962 185.163 2357.6
32.8774 -46.702 2486.07
64.3544 -891.909 2750.51
-80.8714 -256.316 2298.92
-67.2906 -206.802 2449.34
-2.40919 -593.477 2489.96
-17.3947 193.015 2377.66
-169.112 -13.2145 2397.42
FRAME: 72
-139.957 416.287 2302.84
-340.034 -43.6243 2485.59
-375.865 -980.664 2522.15
-239.135 -178.855 2313
-240.588 -212.388 2481.97
-271.936 -619.203 2411.98
-299.242 192.535 2405.16
-144.922 195.895 2408.78
78.0069 -37.2549 2552.44
85.2016 -890.19 2781.38
-103.205 -281.813 2399.7
-39.2282 -207.752 2487.47
3.24669 -598.101 2539.84
9.3983 199.255 2412.4
-142.415 -7.08746 2446.75
FRAME: 73
-120.416 416.25 2342.62
-323.099 -50.6412 2529.47
-374.672 -980.192 2534.53
-269.851 -262.522 2441.47
-214.766 -217.689 2533.58
-269.427 -619.391 2444.77
-286.342 189.61 2447.23
-124.646 193.064 2443.7
109.161 -45.8733 2566.6
47.7176 -897.591 2740.31
-89.0327 -292.145 2433.04
-14.2213 -213.272 2529.42
12.8949 -614.863 2581.21
37.049 196.519 2440.17
-119.57 -11.2082 2487.6
FRAME: 74
-113.196 417.114 2359.59
-315.332 -37.9298 2561.07
-356.16 -968.149 2565.28
-292.519 -331.347 2534.51
-211.566 -208.45 2567.19
-271.004 -602.652 2484.36
-277.253 197.539 2466.62
-116.358 198.015 2459.56
132.981 -21.2064 2581.47
65.0269 -901.11 2776.81
-21.4664 -236.555 2462.05
-8.73647 -207.918 2558.25
26.725 -607.02 2600.39
44.5361 198.49 2452.5
-113.255 -5.08475 2511.14
FRAME: 75
-106.574 423.565 2379.43
-322.128 -22.4127 2565.14
-299.708 -957.388 2662.07
-362.896 -354.957 2502.29
-218.218 -191.775 2589.88
-272.898 -593.249 2510.03
-269.412 210.197 2482.38
-109.099 207.027 2472.6
146.99 -3.92057 2584.51
80.4712 -908.332 2792.07
2.19265 -213.35 2476.82
-0.695701 -196.81 2576.6
33.8174 -600.479 2615.26
51.2149 203.856 2462.83
-109.278 6.3672 2527.92
FRAME: 76
-96.1328 431.633 2407
-308.116 -22.9995 2601.32
-250.868 -953.801 2741.54
-256.344 -226.366 2513.28
-219.758 -180.691 2612.17
-254.767 -586.727 2580.89
-269.26 222.012 2507.84
-108.114 215.979 2490.6
154.385 -2.22661 2583.17
27.8215 -842.204 2748.6
-36.8492 -229.164 2495.55
-2.44359 -189.268 2589.08
38.7711 -600.668 2623.44
53.0324 209.947 2473.36
-109.607 15.4998 2545.61
FRAME: 77
-94.3013 439.876 2422.68
-303.699 -3.55946 2630.78
-197.068 -912.523 2872.21
-206.582 -252.668 2552.06
-210.294 -171.309 2643.97
-239.262 -580.818 2638.01
-269.317 238.589 2533.84
-106.666 231.553 2507.82
157.67 6.58061 2569.64
86.5246 -874.765 2793.93
-58.5181 -211.307 2508.02
0.704781 -180.606 2610.22
42.0398 -579.713 2642.16
55.9844 224.517 2481.79
-105.73 27.798 2567.46
FRAME: 78
-98.1104 461.035 2446.38
-302.625 7.81054 2674.13
-153.529 -883.589 2953.43
-254.207 -254.228 2542.85
-194.756 -167.701 2674.84
-241.639 -586.845 2693.83
-269.517 252.874 2563.87
-108.863 246.092 2522.8
154.948 12.2791 2551.64
87.8677 -859.74 2834.76
-74.4998 -194.993 2501.05
7.97207 -176.191 2623.7
47.3227 -577.327 2655.56
51.7899 239.309 2481.72
-101.128 37.0729 2586.03
FRAME: 79
-105.633 472.421 2459.73
-291.398 28.8699 2714.62
-118.066 -873.534 3005.59
-203.286 -252.573 2495.52
-176.574 -169.18 2696.93
-202.646 -586.052 2744.07
-266.787 259.218 2592.4
-107.653 252.941 2540.37
142.682 13.0225 2537.04
83.9763 -854.355 2854.49
-103.523 -179.913 2500.82
12.4789 -176.706 2635.64
39.9473 -579.438 2673.55
51.4812 246.664 2488.34
-94.8502 39.9987 2603.33
FRAME: 80
-108.822 478.669 2471.5
-280.942 35.7192 2725.53
-95.0559 -870.801 3026.66
-244.282 -251.649 2542.8
-164.747 -155.676 2726.81
-197.744 -573.574 2782.35
-270.663 270.435 2626.21
-117.978 265.049 2559.89
112.799 19.2705 2524.97
81.4446 -854.249 2857.34
-113.435 -158.225 2508.96
12.4699 -161.959 2649.88
30.9384 -565.067 2681.33
34.7063 259.664 2493.57
-97.0584 53.1159 2624.12
FRAME: 81
-120.87 478.917 2493.96
-278.596 39.7662 2785.03
-72.5373 -876.913 3043.7
-316.764 -239.866 2586.87
-157.372 -144.819 2774.55
-206.488 -566.058 2835.87
-267.984 283.43 2669.12
-131.127 271.648 2582.43
33.7519 13.9672 2514.28
61.0633 -854.367 2896.73
-192.516 -149.392 2523.95
2.42981 -158.405 2673.61
12.8006 -566.74 2697.36
5.73012 259.867 2495.73
-104.299 60.0181 2653.25
FRAME: 82
-134.531 476.165 2500.81
-278.604 40.1562 2812.96
-58.7228 -884.033 3070.44
-397.258 -229.128 2657.29
-149.295 -143.587 2795.7
-204.877 -552.969 2867.59
-264.829 275.973 2701.64
-145.445 261.925 2601.23
-3.06413 -2.72214 2508.93
73.7577 -860.192 2908.25
-250.269 -171.908 2548.43
-9.85904 -160.079 2677.93
-10.8883 -578.227 2700.11
-26.0616 247.876 2500.82
-112.511 55.0458 2669.02
FRAME: 83
-147.214 469.458 2504.45
-280.808 27.7718 2818.68
-41.7261 -887.725 3089.55
-459.439 -213.142 2718.46
-145.844 -150.025 2801.84
-193.923 -566.809 2884.39
-262.535 264.439 2711.86
-149.678 251.332 2608.09
-51.239 -12.2922 2526.98
77.9078 -864.82 2930.53
-329.171 -177.24 2598.5
-8.81828 -165.924 2675.43
-26.8276 -590.459 2706.85
-36.8205 238.225 2504.32
-113.505 46.6786 2673.36
FRAME: 84
-157.59 457.708 2501.82
-269.402 27.2878 2833.99
-28.6952 -885.702 3086.68
-492.401 -189.685 2772.31
-131.249 -142.604 2819.82
-185.897 -554.122 2895.99
-254.087 255.494 2720.16
-165.664 232.653 2602.45
-182.103 -30.6109 2529.76
49.6215 -867.525 2910.14
-393.056 -150.996 2653.37
-18.8245 -171.61 2669.97
-23.0456 -589.878 2705.64
-77.2419 209.811 2484.73
-120.351 37.7729 2673.67
FRAME: 85
-168.103 449.874 2494.45
-284.272 29.2395 2827.36
-27.7861 -883.646 3093.27
-514.656 -145.094 2793.75
-127.391 -142.404 2825.14
-180.208 -559.781 2907.88
-243.049 254.019 2725.52
-167.236 227.905 2605.2
-214.129 -35.0372 2539.17
49.807 -865.451 2929.61
-431.488 -133.809 2684.9
-27.5981 -176.885 2666.36
-42.2746 -594.159 2703.05
-91.423 201.791 2484.87
-122.365 34.1303 2675.47
FRAME: 86
-178.631 442.416 2485.73
-287.277 37.9202 2828.65
-19.1639 -889.617 3064.24
-553.505 -91.4628 2813.2
-123.284 -139.953 2834.6
-178.692 -551.964 2902.28
-229.09 246.193 2716.56
-167.57 213.783 2599.5
-256.426 -19.6573 2535.41
41.5347 -906.043 2896.14
-457.472 -87.7081 2722.41
-35.6224 -186.15 2669.02
-53.0529 -605.418 2704.49
-106.05 181.373 2482.43
-123.512 25.3658 2675.65
FRAME: 87
-204.56 426.788 2464.59
-295.862 47.2061 2828.82
-19.9704 -889.944 3050.71
-555.411 81.1261 2886.31
-117.698 -136.129 2825.98
-175.226 -549.805 2896.09
-233.926 253.135 2713.11
-184.048 216.981 2590.26
-303.583 11.6681 2549.82
-1.971 -938.842 2771.03
-527.717 37.2945 2833.63
-49.0465 -185.251 2658.78
-144.516 -598.889 2651.6
-134.169 180.827 2467.4
-133.71 28.1456 2666.32
FRAME: 88
-223.2 418.282 2450.68
-323.275 69.6639 2827.02
-17.1055 -888.809 3043.68
-545.854 150.201 2880.41
-117.622 -129.153 2818.74
-170.641 -543.932 2891.96
-240.082 255.956 2705.89
-195.635 219.83 2583.69
-330.371 26.8346 2584.31
-23.7606 -955.018 2736.09
-498.544 124.386 2850.79
-55.5718 -179.474 2648.7
-160.56 -593.143 2626.3
-151.188 183.705 2461.49
-141.116 32.7582 2658.71
FRAME: 89
-238.403 412.799 2435.41
-333.087 90.1196 2822.95
-21.7455 -885.432 3046.43
-544.646 209.019 2879.35
-120.643 -127.771 2806.3
-170.852 -546.033 2884.85
-246.976 259.121 2702.4
-207.251 224.331 2576.68
-328.849 58.9211 2574.51
-49.7833 -964.01 2668.03
-474.653 122.019 2853.2
-63.6192 -177.486 2627.2
-173.394 -589.933 2594.18
-167.526 189.54 2450.96
-149.691 35.851 2646.72
FRAME: 90
-257.357 401.882 2409.72
-364.551 128.723 2797.17
-33.0533 -875.874 3082.04
-516.584 264.787 2910.52
-133.288 -131.6 2786.59
-184.911 -547.063 2884.63
-242.477 262.553 2693.34
-195.041 235.762 2573.42
-251.807 47.1857 2561.18
-64.4 -972.715 2607.89
-413.142 79.3904 2761.74
-61.9796 -172.27 2606.23
-168.416 -583.335 2570.01
-147.606 208.971 2453.5
-146.337 41.9134 2634.91
FRAME: 91
-277.904 388.923 2382.49
-360.079 144.116 2772.97
-37.761 -874.74 3088.61
-469.01 232.862 2763.04
-140.956 -131.903 2776.97
-189.456 -548.513 2877.43
-249.067 267.394 2679.56
-198.367 243.099 2561.25
-235.924 49.6387 2573.14
-82.5953 -989.398 2561.01
-435.827 129.992 2737.69
-62.0142 -170.078 2592.27
-172.425 -585.45 2537.21
-147.667 218.803 2442.94
-149.926 46.054 2622.94
FRAME: 92
-299.383 373.694 2349.65
-347.85 135.453 2766.39
-55.4203 -876.18 3043.19
-427.687 186.704 2752.7
-147.022 -135.88 2756.32
-194.706 -549.612 2872.42
-246.101 263.673 2669.93
-192.203 243.251 2551.86
-178.577 43.7289 2568.69
-102.76 -984.812 2505.74
-334.834 35.0547 2682.88
-60.997 -169.834 2566.47
-174.189 -580.013 2503.56
-138.304 222.828 2433.78
-148.106 45.1968 2606.63
FRAME: 93
-329.684 345.577 2294.48
-339.565 131.27 2748
-75.4079 -868.952 3021.29
-401.796 148.907 2729.38
-154.517 -139.927 2737.88
-199.581 -552.874 2857.99
-247.498 266.673 2651.87
-197.975 247.321 2530.6
-127.129 27.0397 2548.11
-112.395 -995.573 2465.04
-296.229 -11.2791 2659.74
-68.174 -174.932 2525.86
-182.454 -584.607 2459.86
-148.453 227.968 2409.33
-154.661 44.9455 2581.23
FRAME: 94
-339.986 332.703 2265
-329.718 127.64 2732.4
-104.26 -875.389 2941.48
-381.725 119.663 2733.35
-161.145 -150.654 2725.24
-207.791 -558.697 2843.87
-249.366 264.893 2633.17
-204.615 245.89 2508.7
-121.381 18.0569 2521.06
-124.7 -989.949 2464.29
-245.479 -41.8998 2618.11
-74.6916 -187.806 2484.39
-195.956 -594.531 2424.04
-159.863 226.887 2384.23
-161.266 38.3299 2556.76
FRAME: 95
-345.634 319.687 2249
-322.658 99.5645 2699.12
-118.13 -879.154 2925.86
-360.57 92.3898 2730.72
-169.026 -159.957 2705.6
-218.05 -575.336 2801.86
-256.022 250.548 2604.6
-212.97 231.18 2480.93
-138.441 6.65214 2499.86
-119.383 -981.265 2457.79
-220.489 -78.4675 2568.29
-78.6812 -198.944 2454.92
-200.051 -597.477 2401.94
-169.919 211.811 2357.27
-168.412 25.8645 2530.6
FRAME: 96
-348.212 309.334 2219.79
-330.037 74.0593 2637.19
-121.7 -870.882 2914.36
-342.412 38.6914 2742.15
-180.756 -160.096 2685.51
-228.991 -574.587 2741.99
-272.675 236.468 2553.94
-227.971 204.539 2420.8
-190.274 -22.3627 2427.27
-111.551 -987.052 2453.17
-211.074 -92.9745 2580.65
-82.3288 -219.417 2433.01
-205.806 -614.595 2376.1
-183.267 172.609 2287.67
-179.757 7.39103 2490.03
FRAME: 97
-346.017 302.267 2197.19
-330.841 -33.4736 2516.1
-167.03 -905.586 2718.14
-322.966 -209.725 2682.58
-172.282 -154.331 2675.6
-234.539 -572.523 2713.07
-272.566 215.858 2538.99
-235.668 162.21 2382.54
-251.869 -84.1426 2366.08
-129.028 -986.701 2456.68
-284.039 -134.372 2611.02
-96.6772 -249.844 2399.75
-224.8 -646.671 2342.63
-198.769 108.562 2226.08
-185.074 -19.9388 2460.11
FRAME: 98
-341.799 296.98 2184.17
-311.284 23.3015 2569.78
-148.973 -852.982 2709.08
-396.451 -278.177 2463
-185.741 -148.066 2618.65
-242.804 -560.07 2672.73
-308.478 158.718 2378
-267.444 95.8075 2271.58
-280.502 -193.338 2276.59
-118.719 -1035.83 2454.48
-355.649 -272.736 2503.87
-97.9071 -284.737 2403.02
-213.048 -690.785 2352.59
-226.41 32.8967 2165.16
-204.634 -60.2969 2391.21
FRAME: 99
-336.517 295.643 2168.76
-318.175 -62.3129 2491.88
-190.946 -900.897 2575.93
-390.807 -324.462 2344.33
-206.326 -174.811 2568.39
-252.78 -587.491 2615.36
-336.462 138.865 2360.14
-264.037 90.6835 2255.6
-192.892 -201.497 2165.07
-112.684 -989.583 2472.76
-351.343 -304.987 2339.25
-87.8027 -270.646 2383.52
-182.33 -665.666 2353.47
-191.613 42.5025 2151.05
-205.551 -66.0223 2365.78
FRAME: 100
-325.192 302.58 2146.61
-361.605 -104.1 2336.74
-180.821 -941.464 2511.24
-323.207 -284.755 1999.37
-235.545 -240.302 2402.17
-236.94 -621.801 2545.4
-378.659 113.642 2294.73
-244.923 111.322 2225.89
-85.493 -139.992 2132.63
-140.611 -970.887 2432.61
-268.992 -231.196 1834.67
-109.465 -248.471 2331.16
-160.485 -643.679 2276.66
-111.187 109.002 2157.06
-208.714 -66.5325 2296.28
FRAME: 101
-324.324 306.552 2133.79
-377.95 -91.2674 2291.24
-169.894 -952.541 2490.5
-294.742 -78.2607 1955.46
-254.087 -243.273 2378.89
-230.807 -629.595 2515.56
-383.779 133.098 2280.58
-242.786 135.794 2222.57
-60.4215 -93.7181 2125.16
-138.865 -954.104 2460.53
-102.295 -80.2166 1792
-113.413 -240.818 2320.93
-179.076 -625.145 2268.97
-101.793 138.489 2164.57
-213.268 -53.1261 2286.24
FRAME: 102
-325.018 310.521 2128.47
-268.169 -33.3762 2075.01
-204.085 -989.335 2391.82
-33.1884 38.1404 1876.84
-284.845 -218.668 2362.14
-249.077 -634.812 2472.96
-360.849 163.19 2212.54
-220.621 158.118 2180.53
-39.1568 -23.1808 2047.08
-128.183 -925.834 2470.99
-22.7162 70.9 1782.44
-113.764 -225.169 2322.48
-180.597 -602.525 2285.41
-80.3925 153.047 2148.53
-209.963 -31.9001 2261.42
FRAME: 103
-328.146 315.613 2127.56
-223.151 13.5072 2039.4
-205.3 -970.259 2355.26
-37.1697 50.1782 1910.66
-286.31 -223.356 2335.76
-256.523 -634.256 2406.87
-348.383 156.886 2195.32
-203.952 154.276 2189.2
-11.6698 6.70138 2018.94
-129.763 -936.127 2439.81
-11.4314 181.354 1805.57
-113.598 -227.489 2325.24
-154.559 -600.878 2300.78
-59.5204 151.666 2183.08
-201.953 -35.5733 2259.85
FRAME: 104
-308.717 339.848 2118.36
-197.778 54.3769 2033.68
-207.493 -976.281 2336.69
-1.82677 171.412 1992.19
-296.005 -204.061 2305.64
-263.55 -620.809 2367.01
-350.859 186.484 2174.5
-201.947 182.563 2175.34
21.7362 45.8982 2000.78
-129.205 -896.47 2484.92
21.3661 302.686 1897.2
-127.395 -208.97 2305.26
-148.635 -588.893 2302.73
-53.0353 178.642 2176.18
-206.824 -11.9762 2240.4
FRAME: 105
-316.9 385.655 2106.2
-155.74 135.648 2044.83
-189.728 -953.193 2376.86
-17.2862 234.875 2075.01
-300.714 -185.697 2282.81
-273.434 -608.037 2330.49
-350.147 236.732 2163.85
-213.462 240.369 2187.18
38.3838 225.866 2079.29
-143.235 -929.925 2429.37
-13.9633 325.588 2008.71
-136.933 -181.393 2310.36
-157.919 -584.157 2307.34
-76.7778 244.005 2210.52
-216.143 28.4118 2241.88
FRAME: 106
-305.747 424.716 2092.12
-134.973 162.557 2061.63
-194.114 -942.289 2411.04
-41.4902 321.392 2192.77
-304.673 -164.09 2272
-303.888 -572.201 2355.64
-347.873 260.593 2154.94
-214.608 266.43 2191.93
71.0989 225.738 2075.74
-155.556 -944.027 2417.01
-32.2807 381.972 2049.29
-139.414 -157.221 2317.01
-165.823 -571.212 2315.04
-81.3439 272.268 2228.92
-218.326 52.8874 2243.21
FRAME: 107
-301.734 449.302 2074.47
-135.637 176.924 2103.68
-219.419 -922.679 2495.49
-86.7131 334.369 2248.1
-308.945 -156.706 2277.56
-310.622 -566.699 2365.09
-361.139 268.746 2163.23
-223.272 277.277 2197.52
87.8401 229.912 2082.33
-153.924 -948.141 2429.37
-53.7014 432.752 2092.13
-136.351 -146.265 2320.44
-152.082 -571.383 2333.63
-85.4053 285.808 2231.81
-222.96 62.8957 2248.26
FRAME: 108
-296.918 468.291 2078.17
-167.377 170.039 2127.79
-302.194 -896.872 2579.75
-69.3132 294.69 2226.39
-313.541 -147.576 2283.57
-318.191 -564.132 2365.99
-373.641 283.021 2175.55
-230.47 294.044 2208.59
96.2055 226.157 2106.15
-140.904 -952.926 2440.53
-58.549 449.771 2121.68
-127.761 -133.392 2326.71
-144.443 -567.464 2347.7
-87.2991 305.068 2241.63
-225.56 76.7802 2256.86
FRAME: 109
-297.096 478.807 2072.27
-173.694 167.51 2109.86
-374.562 -927.362 2554.38
-34.9108 341.547 2203.84
-316.144 -132.939 2284.25
-321.726 -561.243 2362.91
-367.4 313.721 2176.58
-222.578 323.079 2214.13
91.791 216.701 2135.98
-130.947 -943.797 2478.18
-64.8342 451.457 2171.07
-122.366 -120.455 2334.74
-133.727 -560.303 2363.75
-77.7558 332.437 2251.69
-220.916 98.1907 2261.82
FRAME: 110
-286.626 497.281 2092.58
-213.08 163.505 2123.51
-407.493 -941.86 2483.6
-17.0418 315.19 2199.41
-314.275 -131.928 2294.13
-333.301 -559.838 2356.63
-377.282 312.589 2199.19
-232.719 323.949 2231.52
71.3779 185.354 2203.35
-116.772 -949.178 2488.44
-31.1339 405.52 2164.37
-120.238 -116.771 2337.5
-123.713 -561.144 2372.31
-88.1553 335.31 2263.84
-224.988 99.8 2273.67
FRAME: 111
-277.828 496.302 2118.74
-335.688 104.241 2261.79
-414.861 -953.482 2442.23
-139.991 139.454 2222.11
-315.54 -136.484 2311.9
-340.529 -575.231 2338.19
-380.147 307.016 2207.5
-234.652 320.311 2241.14
69.439 165.399 2209.37
-93.8435 -916.894 2549.11
-16.5537 396.124 2187.83
-116.442 -118.374 2357.8
-107.856 -556.605 2388.81
-89.157 333.605 2274.78
-225.322 96.4406 2287.99
FRAME: 112
-267.642 487.889 2138.04
-332.05 61.634 2260.94
-446.519 -973.626 2399.38
-110.617 87.2153 2223.09
-319.232 -157.907 2330.78
-343 -593.915 2321.29
-376.139 280.084 2220.02
-232.499 294.178 2263.73
66.3128 142.135 2219.58
-67.3857 -893.201 2587.77
78.0616 414.094 2171.47
-118.98 -138.141 2391.97
-95.7594 -557.506 2405.37
-88.859 308.271 2307.44
-225.803 73.0769 2312.55
FRAME: 113
-253.548 458.144 2170.74
-339.79 26.1614 2283.55
-438.166 -973.665 2394.29
-117.876 10.9506 2232.33
-315.106 -171.45 2340.41
-340.227 -606.202 2301.42
-351.147 248.826 2224.68
-218.092 261.806 2290.81
83.6299 117.33 2238.83
-50.08 -872.645 2624.35
220.998 371.523 2060.9
-132.769 -153.043 2431.54
-76.3287 -530.718 2420.67
-85.0362 274.787 2356.94
-221.015 49.7798 2338.39
FRAME: 114
-235.843 432.68 2212.34
-359.554 -11.1099 2329.7
-432.747 -997.299 2398.51
-173.528 -104.44 2290.29
-316.801 -207.156 2346.56
-342.802 -634.38 2277.32
-348.16 219.649 2252.29
-221.338 228.171 2313.19
-33.8083 5.73228 2440.81
-40.0491 -897.999 2666.65
29.2844 -128.466 2262.55
-141.024 -195.37 2430.7
-91.6773 -595.792 2443.12
-94.5162 236.693 2374.08
-225.125 13.454 2350.91
FRAME: 115
-207.935 403.107 2250.2
-358.108 -62.6868 2351.56
-322.636 -978.099 2456
-246.256 -241.221 2353.53
-321.779 -249.915 2373.28
-332.611 -679.735 2338.26
-336.827 181.871 2278.31
-207.074 183.835 2340.7
-78.3948 -40.3822 2541.78
-37.4396 -913.794 2762.93
21.9154 -216.174 2298.53
-150.48 -246.947 2455.97
-87.3216 -650.741 2494.26
-77.3203 185.799 2403.09
-221.602 -32.2981 2377.66
FRAME: 116
-188.539 395.387 2280.72
-364.414 -80.3936 2368.68
-347.846 -986.625 2454.74
-287.165 -271.985 2385.44
-316.402 -259.037 2388.95
-329.932 -688.385 2323.23
-327.564 173.62 2297.21
-196.941 172.192 2357.24
-80.0085 -64.5599 2540.33
-43.7163 -913.473 2799.17
-0.699502 -273.687 2304.84
-151.74 -260.422 2464.97
-84.012 -670.404 2511.64
-66.3178 170.764 2417.26
-215.506 -43.7688 2392.1
FRAME: 117
-158.353 392.066 2305.95
-348.903 -84.5618 2375.05
-333.627 -989.391 2481.27
-188.887 -309.065 2366.71
-288.698 -271.348 2417.06
-315.248 -693.62 2348.42
-308.231 171.844 2320.79
-178.183 172.622 2380.12
-72.6449 -61.8909 2550.2
-25.5562 -931.337 2832.89
-12.0245 -322.794 2411.99
-130.009 -269.106 2491.23
-28.0405 -647.905 2575.56
-48.1357 173.4 2439.45
-193.768 -48.8024 2417.13
FRAME: 118
-130.987 411.527 2332.41
-342.721 -58.6096 2412.36
-377.556 -973.325 2508.39
-172.342 -297.09 2411.26
-273.263 -235.698 2480.3
-315.235 -648.63 2455.9
-291.774 192.937 2363.86
-158.798 194.096 2413.44
-21.5406 -24.6346 2584.18
-18.1929 -938.649 2837.9
-46.5571 -303.776 2459.54
-110.927 -232.818 2542.65
-14.2424 -618.105 2605.32
-25.8217 195.254 2463.01
-175.447 -20.0811 2462.45
FRAME: 119
-120.628 448.215 2353.13
-342.411 -27.2626 2452.89
-398.195 -948.229 2547.91
-185.757 -275.21 2424.73
-260.544 -166.827 2533.07
-305.051 -569.489 2491.49
-286.821 229.046 2398.33
-147.197 232.871 2433.24
29.555 13.9529 2594.22
-21.4408 -942.295 2840.12
-79.706 -256.565 2453.51
-74.3783 -161.426 2580.36
-13.0582 -584.767 2628.91
-7.57339 236.695 2468.15
-157.329 34.3719 2494.98
FRAME: 120
-112.877 476.172 2373.39
-331.53 7.3058 2483.08
-358.37 -939.03 2604.42
-201.567 -262.956 2432
-252.857 -152.884 2558.55
-295.728 -554.607 2520.55
-279.99 265.761 2422.24
-136.916 268.14 2451.81
62.7983 57.8294 2609.39
-21.8166 -938.285 2841.34
-75.0415 -220.232 2463.26
-59.194 -149.649 2598.64
-16.0879 -567.41 2645.6
6.15911 270.519 2481.39
-146.47 58.4367 2515.2
FRAME: 121
-108.596 508.6 2388.94
-331.909 38.002 2518.04
-309.625 -923.459 2683.53
-167.784 -230.929 2448.55
-240 -110.757 2588.28
-271.583 -529.468 2561.17
-276.205 299.673 2448.91
-130.308 301.235 2471.07
85.5283 88.7811 2619.08
-17.5533 -930.976 2845.1
-34.8102 -173.201 2506.83
-51.0849 -108.626 2617.21
-12.8914 -536.552 2671.52
15.5894 302.797 2493.23
-137.925 95.7719 2536.91
FRAME: 122
-107.261 524.24 2398.85
-329.136 77.7652 2564.02
-261.173 -906.374 2768.39
-168.69 -193.742 2477.76
-227.094 -73.8611 2624.9
-249.787 -504.704 2611.29
-277.663 326.156 2474.83
-128.186 330.043 2489.29
102.034 122.828 2632.14
2.13267 -910.582 2858.04
-38.0857 -126.543 2517.07
-36.0481 -68.9768 2643.6
1.71528 -501.111 2701.49
21.292 333.93 2503.75
-129.878 129.312 2561.77
FRAME: 123
-105.397 543.67 2424.12
-326.346 107.581 2610.34
-183.448 -851.488 2876.08
-176.495 -199.457 2505.41
-208.567 -54.2281 2670.15
-216.78 -479.577 2695.54
-277.977 343.063 2516.06
-125.517 348.362 2517.01
125.372 149.238 2646.57
82.8145 -842.99 2937.11
-3.52182 -91.6568 2557.4
-16.3449 -47.4892 2671.73
29.8248 -474.573 2733.63
26.943 353.661 2517.96
-118.986 148.752 2593.97
FRAME: 124
-104.151 552.781 2434.29
-317.829 102.935 2654.2
-171.799 -844.397 2915.97
-148.816 -172.821 2558.12
-195.406 -55.7445 2705.54
-204.429 -478.805 2742.71
-280.435 343.692 2546.79
-122.714 350.646 2537.63
137.59 156.282 2654.66
105.435 -817.57 2989.21
11.4072 -112.024 2566.8
4.67284 -46.9232 2693.89
53.0623 -469.427 2763.01
35.0073 357.599 2528.46
-109.04 149.656 2618.67
FRAME: 125
-102.479 549.798 2452.75
-314.024 98.5119 2699.48
-138.846 -832.853 3003.46
-146.294 -186.987 2587.06
-187.124 -63.9552 2740.29
-199.052 -490.4 2800.93
-278.421 339.548 2581.68
-116.871 344.737 2563.42
144.728 140.272 2666.71
133.024 -820.001 3058.75
8.77882 -109.595 2573.93
17.7477 -57.4439 2716.93
77.1344 -480.802 2813.17
44.6801 349.926 2545.16
-100.779 142.019 2646.02
FRAME: 126
-105.973 532.879 2466.86
-306.541 81.4468 2737.66
-73.9821 -812.992 3116.47
-136.914 -222.289 2642.71
-172.612 -82.4672 2776.56
-191.769 -499.656 2843.22
-277.374 324.814 2620.17
-113.672 329.185 2591.04
148.992 122.502 2672.42
158.558 -822.169 3104.87
31.1749 -136.221 2589.87
28.7637 -77.1582 2740.54
88.9102 -494.666 2845.74
50.0299 333.556 2561.91
-92.7982 124.686 2674.79
FRAME: 127
-101.763 510.428 2515.63
-302.67 44.5738 2754.64
-32.9209 -831.513 3154.01
-122.952 -259.534 2645.35
-154.82 -107.245 2816.87
-168.803 -527.346 2904.26
-275.078 292.186 2656.47
-111.467 300.865 2622.2
150.249 83.5449 2673.9
171.448 -813.807 3124.46
7.01842 -177.203 2621.04
48.3973 -96.3987 2774.45
99.0958 -496.458 2859.35
52.1444 309.544 2587.94
-82.339 99.5217 2708.93
FRAME: 128
-105.656 482.949 2551.36
-279.744 1.24782 2785.82
-21.5055 -838.995 3184.83
-138.732 -291.302 2638.66
-143.35 -134.35 2841.77
-156.055 -556.331 2939.48
-274.473 262.729 2689.46
-112.405 271.703 2648.93
147.544 39.1106 2674.19
163.446 -816.188 3133.78
-9.8055 -185.434 2625.31
47.6075 -123.818 2793.89
98.828 -517.592 2874.21
49.6628 280.677 2608.39
-80.1381 71.3094 2733.38
FRAME: 129
-117.41 460.826 2573.54
-260.58 -21.5653 2820.04
-18.0177 -836.073 3200.93
-186.858 -293.779 2658.18
-140.223 -145.367 2871.43
-154.823 -561.618 2962
-270.205 243.205 2729.61
-115.422 246.068 2673.54
122.06 2.56874 2676.33
161.827 -821.671 3135.71
-70.4944 -196.809 2636.3
43.1982 -142.012 2804.8
93.5096 -540.362 2879.1
39.3609 248.931 2617.47
-81.9673 51.1893 2755.83
FRAME: 130
-128.24 454.056 2577.25
-255.748 -15.4534 2847.56
-15.3551 -840.834 3199.6
-271.902 -288.763 2664.57
-136.693 -146.788 2899.52
-155.598 -564.703 2957.05
-268.267 243.823 2757.08
-123.303 236.557 2680.77
80.5974 -11.4584 2638.85
165.442 -823.205 3146.1
-146.673 -210.496 2629.21
34.1924 -155.879 2809.19
74.3222 -572.916 2880.64
21.6604 229.291 2604.47
-87.2767 42.6119 2767.56
FRAME: 131
-133.061 451.918 2577.08
-264.491 2.22134 2885.37
-15.3145 -840.964 3196.59
-330.707 -259.668 2693.4
-132.65 -148.669 2903.26
-158.37 -567.081 2958.47
-261.224 248.754 2768.83
-124.298 235.134 2681.5
42.2042 -23.5216 2613.86
166.356 -824.573 3138.98
-211.42 -194.59 2622.57
25.471 -164.445 2802.26
56.1268 -588.814 2857.95
12.6286 221.515 2594.16
-88.9435 39.2889 2767.13
FRAME: 132
-138.366 449.291 2571.44
-259.709 11.993 2880.83
-11.0901 -841.343 3204.57
-405.861 -199.874 2744.6
-115.371 -142.151 2899.85
-158.658 -556.073 2953.22
-251.598 254.497 2770.75
-131.432 236.544 2670.25
22.5837 -20.2652 2590.15
148.806 -828.335 3100.17
-271.967 -175.264 2646.18
23.91 -162.949 2783.32
42.2893 -590.556 2824.07
-11.265 218.59 2569.75
-88.5811 41.9971 2755.92
FRAME: 133
-143.997 448.857 2559.21
-265.172 23.7214 2884.64
-4.18824 -839.913 3196.44
-479.717 -135.461 2769.77
-114.003 -132.977 2898.13
-147.641 -545.253 2946.81
-245.32 258.565 2771.57
-134.933 236.765 2664.29
-75.323 -37.495 2597.37
119.948 -850.122 3037.67
-343.641 -118.551 2685.31
20.4147 -159.533 2767.59
27.2584 -580.448 2793.3
-24.5462 214.966 2557.02
-90.8635 45.255 2748.58
FRAME: 134
-150.061 446.162 2532.55
-265.26 40.7556 2879.07
5.47869 -842.463 3182.01
-511.085 -81.2245 2789.44
-110.152 -125.379 2891.98
-127.768 -542.783 2947.62
-238.208 264.277 2767.04
-135.926 238.135 2653.15
-140.816 -11.3064 2577.83
94.7991 -875.237 2963.23
-411.153 -88.0165 2709.29
17.6321 -158.037 2749.77
-0.952266 -576.441 2740.27
-33.6439 211.992 2539.25
-91.0931 48.2133 2737.01
FRAME: 135
-156.867 440.652 2505.45
-268.381 70.6958 2877.12
13.9134 -845.484 3152.13
-504.707 -13.0113 2791.59
-107.604 -121.617 2877.24
-114.395 -539.179 2934.72
-224.348 263.41 2749.14
-136.232 233.455 2633.07
-187.683 -19.6089 2562.3
95.5936 -901.341 2902.11
-436.492 -28.1872 2711.92
13.2761 -162.777 2718.1
-14.6472 -576.309 2694.51
-48.1153 203.5 2517
-91.6979 45.6291 2715.37
FRAME: 136
-169.292 426.483 2463.08
-357.925 160.339 2819.44
24.8678 -850.07 3127.25
-530.971 174.144 2807.82
-89.6317 -120.569 2841.82
-97.9652 -537.011 2910.77
-218.133 252.773 2721.78
-139.352 219.52 2598.05
-239.318 15.3385 2528.27
71.7471 -964.229 2673.59
-427.388 87.2431 2692.5
13.9793 -164.489 2679.34
-36.2711 -582.1 2601.64
-60.5711 186.266 2474.33
-88.5891 38.4954 2679.32
FRAME: 137
-178.996 411.622 2422.76
-380.879 187.675 2813.27
28.8022 -858.24 3120.58
-508.409 191.432 2759.85
-87.5133 -119.513 2803.63
-94.0841 -543.232 2892.76
-215.543 257.246 2710.81
-144.735 225.384 2571.74
-247.219 48.2583 2465.24
63.0406 -965.962 2631.2
-416.112 109.779 2684.75
8.38193 -162.711 2616.53
-44.0054 -579.756 2560.03
-73.9269 193.521 2432.66
-92.1503 42.1359 2640.91
FRAME: 138
-187.559 405.904 2380.38
-404.088 223.918 2768.92
30.5485 -870.804 3100.7
-455.72 212.539 2763.63
-81.3551 -121.502 2752.85
-93.2413 -551.095 2835.22
-220.271 265.413 2686.08
-154.654 236.39 2536.05
-227.34 80.6689 2427.17
36.9988 -977.882 2551.6
-354.81 133.892 2627.85
0.530978 -159.05 2567.69
-54.9934 -580.834 2502.46
-89.0364 207.367 2386.02
-97.5328 48.0572 2598.16
FRAME: 139
-204.682 381.698 2333.56
-364.714 193.986 2696.22
36.2386 -889.261 3067.26
-400.98 182.289 2699.14
-84.527 -133.148 2712.73
-90.6193 -563.041 2805.69
-223.025 255.656 2673.96
-155.183 232.194 2517.11
-256.531 104.398 2437.31
14.4336 -986.801 2493.47
-355.77 156.383 2669.06
-5.88509 -161.142 2532.81
-64.5763 -581.275 2462.17
-87.342 208.731 2360.26
-100.195 42.5244 2569.94
FRAME: 140
-212.251 363.148 2292.2
-319.784 153.164 2668.37
29.1306 -941.19 2927.82
-378.757 125.009 2649.06
-86.3039 -151.151 2666.19
-90.1492 -580.699 2772.46
-224.307 242.961 2661.43
-151.295 228.11 2499.23
-240.956 100.579 2436.87
-1.22264 -996.813 2442.79
-322.813 171.714 2634
-8.66277 -167.242 2493.81
-74.6861 -590.174 2418.94
-78.2838 213.26 2337.02
-99.3892 34.457 2539.61
FRAME: 141
-216.129 333.168 2245.58
-293.867 67.9165 2629.79
24.2969 -971.591 2867.28
-327.649 20.6821 2502.35
-86.1881 -182.933 2616.68
-93.8499 -604.155 2727.82
-213.704 218.459 2644.68
-138.263 207.23 2466.02
-228.016 98.6199 2397.01
-3.89075 -1005.77 2398.23
-317.612 136.878 2592.75
-10.6826 -194.868 2439.89
-87.6221 -605.602 2365.95
-62.8219 196.001 2287.35
-93.3491 9.16471 2497.15
FRAME: 142
-209.289 299.884 2175.33
-259.723 -12.9802 2582.25
17.7775 -1003.7 2789.32
-263.741 -76.585 2373.63
-78.9711 -219.504 2539.79
-88.8883 -611.648 2711.84
-213.047 187.8 2618.06
-146.771 179.636 2406.3
-209.527 86.6227 2364.19
-11.978 -1007.09 2381.86
-225.674 21.5015 2481.22
-21.2954 -227.896 2360.68
-107.264 -627.647 2288.4
-80.4956 171.473 2194.54
-98.4522 -22.0317 2428.27
FRAME: 143
-206.702 286.859 2147.72
-243.664 -12.9954 2549.98
-3.6809 -993.124 2721.44
-281.319 -169.026 2465
-83.0526 -227.696 2503.82
-100.426 -603.389 2688.21
-208.793 153.065 2471.25
-155.672 132.046 2315.42
-213.442 -52.4461 2308.34
-0.116765 -1025.71 2380.26
-286.326 -75.5894 2531.6
-15.7949 -256.11 2340.62
-102.777 -654.886 2274.41
-102.55 111.027 2159.59
-102.548 -54.9284 2368.82
FRAME: 144
-201.914 282.398 2131.27
-242.432 -25.9612 2496.18
-10.2549 -982.86 2685.93
-303.35 -254.566 2413.26
-87.2902 -220.292 2473.98
-104.983 -593.143 2662.19
-205.528 121.334 2334.46
-147.214 81.3473 2223.68
-183.343 -130.785 2274.17
8.11565 -1050.64 2382.55
-281.244 -241.54 2429.73
-8.98744 -277.498 2327.11
-96.5395 -679.106 2271.38
-88.9005 41.361 2112.91
-97.6766 -83.7739 2312.11
FRAME: 145
-196.5 281.991 2111.82
-231.547 -98.4319 2408.55
-12.4519 -1008.14 2665.43
-300.639 -364.766 2266.48
-86.0273 -222.093 2445.25
-126.805 -610.818 2562.6
-214.084 116.848 2309.17
-142.13 80.6685 2202.18
-113.867 -189.81 2142.05
9.35086 -1039.29 2375.11
-276.61 -246.153 2316.97
2.20149 -269.38 2312.52
-89.1906 -672.533 2261.31
-70.175 44.4887 2095.19
-92.0213 -82.5341 2290.53
FRAME: 146
-190.785 284.1 2093.15
-239.623 -109.05 2363.87
-22.6213 -1013.4 2644.92
-283.35 -380.568 2125.86
-104.755 -236.47 2420.63
-134.415 -628.896 2531.28
-236.134 119.052 2277.17
-134.211 89.0495 2177.78
-24.2773 -188.234 2058.9
16.1812 -1034.09 2368.84
-229.467 -378.808 2046.92
5.32744 -271.523 2310.3
-69.1435 -669.642 2264.29
-32.2877 59.0466 2078.4
-91.9622 -82.4736 2271.62
FRAME: 147
-188.133 300.898 2074.04
-277.036 -68.8806 2249.09
-17.5243 -1008.81 2585.84
-235.587 -125.398 1955.22
-144.38 -236.479 2354.9
-138.663 -637.462 2468.94
-246.857 138.691 2226.49
-116.456 126.58 2161.48
48.2193 -118.893 2090.98
9.80629 -1018.98 2353.42
-39.4564 -194.315 1873.67
0.0887268 -249.954 2283.33
-49.6629 -644.94 2229.97
13.945 114.468 2096.46
-94.3008 -58.3186 2240.3
FRAME: 148
-192.666 314.742 2065.04
-196.782 -38.6642 2033.67
-18.4607 -1011.26 2553.42
6.27103 -93.7618 1795.53
-172.465 -232.357 2304.11
-134.252 -630.251 2373.95
-244.694 162.959 2161.99
-109.326 158.451 2132.93
91.4058 -27.7948 2002.76
9.75892 -1013.8 2351.63
58.718 4.85624 1724.84
-6.80847 -237.715 2269.32
-33.3607 -622.718 2236.09
26.0424 153.944 2103.87
-99.4814 -38.2923 2209.82
FRAME: 149
-196.799 324.179 2056.05
-134.148 -2.11759 2001.76
-20.4019 -986.561 2507.54
36.2405 -7.78884 1879.31
-194.097 -223.394 2254.86
-167.075 -629.223 2322.22
-236.722 163.62 2135.96
-94.9501 158.918 2138.05
103.035 16.8525 1971.77
17.1903 -998.521 2377.75
118.682 66.0042 1769.4
-15.3646 -229.069 2258.81
-22.8115 -613.255 2246.84
46.8218 154.215 2140.14
-99.8404 -33.6569 2197.44
FRAME: 150
-207.972 343.274 2041.05
-99.6479 44.557 1970.4
-26.0102 -981.517 2470.55
154.359 134.524 1905.31
-215.8 -215.634 2230.95
-190.543 -620.473 2319.78
-262.609 184.068 2109.79
-110.672 185.081 2126.2
139.715 66.5917 1954.71
15.5833 -974.594 2370.52
209.409 246.592 1792.72
-14.6362 -214.227 2252.91
-19.478 -594.902 2252.14
41.2652 186.094 2142.63
-112.945 -14.9245 2184.07
FRAME: 151
-211.616 367.317 2024.27
-79.1618 80.5841 1976.05
-18.8235 -999.654 2527.34
152.837 160.612 1956.5
-226.107 -192.964 2219.31
-195.499 -610.149 2306.92
-261.717 226.589 2090.37
-109.922 224.793 2101.7
140.594 80.8785 1940.37
11.9757 -984.825 2369.54
205.243 382.927 1915.94
-18.8746 -195.646 2235.04
-27.6072 -596.592 2245.1
41.8722 222.998 2113.02
-116.207 15.2442 2164.43
FRAME: 152
-211.635 390.848 2017.53
-45.5557 129.895 1997.74
-41.5822 -963.182 2442.87
112.906 312.246 2079.92
-231.978 -178.934 2188.44
-206.275 -597.643 2273.93
-260.693 252.788 2083.28
-121.924 256.059 2117.75
157.365 121.687 1991.88
-4.93517 -952.964 2351.23
179.394 406.38 1972.79
-29.2246 -174.136 2238.03
-37.5716 -586.093 2247.08
16.8452 259.331 2152.22
-126.263 39.7621 2165.49
FRAME: 153
-200.716 414.145 2008.1
-41.82 145.362 1990.13
-80.6919 -945.315 2452.96
84.9156 331.071 2125.74
-233.238 -177.717 2172.39
-216.483 -596.808 2256.01
-261.409 265.33 2074.02
-126.294 269.044 2113.22
182.851 172.554 2016.72
-9.89671 -964.888 2356.36
139.812 422.11 2010.72
-39.1287 -172.438 2228.23
-41.0884 -591.903 2246.35
8.82071 272.759 2152.42
-131.239 46.9833 2156.77
FRAME: 154
-210.495 438.236 1992.07
-50.3193 163.841 2012.39
-180.409 -907.444 2469.94
24.6011 365.062 2188.1
-232.858 -183.685 2161.04
-235.814 -617.15 2219.39
-267.311 269.154 2070.69
-136.21 274.356 2108.4
172.549 246.039 2089.37
-14.5666 -977.175 2345.13
-4.43042 441.67 2072.4
-45.367 -176.373 2214.14
-41.5077 -600.417 2238.81
-5.1097 279.559 2146.1
-137.661 47.1638 2147.99
FRAME: 155
-209.778 451.079 1993.16
-72.7861 191.967 2045.26
-210.456 -912.111 2440.46
-87.0077 390.252 2250.72
-236.201 -182.675 2152.11
-245.337 -617.303 2194.38
-268.547 272.247 2067.64
-143.167 278.012 2105.75
114.127 252.998 2153.67
-20.0831 -984.755 2348.19
-40.8212 431.07 2149.98
-49.4024 -174.031 2210.76
-39.359 -604.965 2240.12
-17.7861 283.777 2143.85
-142.984 49.8297 2143.59
FRAME: 156
-213.401 457.037 1991.55
-203.15 240.008 2156.16
-242.263 -958.083 2329.33
-232.748 365.998 2271.3
-247.985 -183.83 2152.36
-259.232 -619.145 2187.29
-291.545 270.016 2085.03
-159.729 277.656 2114.54
144.138 239.298 2173.95
-14.5677 -998.826 2338.78
-51.3757 433.426 2163.1
-57.2491 -172.936 2197.32
-43.7597 -607.392 2241.29
-27.9126 285.297 2144.05
-156.173 49.6367 2144.69
FRAME: 157
-213.557 453.063 1996.73
-233.437 246.618 2161.77
-289.146 -974.391 2327.12
-196.552 399.151 2237.2
-253.609 -196.53 2150.36
-267.676 -634.502 2170.67
-305.981 253.975 2101.91
-170.893 261.488 2133.09
110.736 239.568 2190.02
-24.4005 -992.389 2344.44
-49.0957 417.164 2205.51
-67.0487 -186.152 2196.26
-44.809 -618.717 2240.66
-35.8044 269 2164.27
-165.611 35.0732 2153.2
FRAME: 158
-218.168 461.563 1997.18
-482.504 305.729 2275.67
-298.651 -983.104 2333.14
-489.742 393.868 2257.08
-273.305 -184.934 2173.16
-270.694 -631.15 2182.8
-336.388 285.691 2161.74
-194.359 292.803 2160.39
74.7505 232.979 2263.44
-19.4637 -993.163 2313
-49.0877 351.921 2161.48
-73.1503 -175.032 2173.99
-47.2689 -608.114 2223.15
-52.3311 299.914 2159.04
-183.793 56.4097 2166.98
FRAME: 159
-225.349 465.477 2000.26
-211.581 172.401 2072.82
-343.666 -970.568 2295.46
-103.185 338.986 2213.81
-280.486 -190.18 2149.86
-267.329 -634.387 2149.56
-319.149 267.62 2099.42
-193.274 272.382 2129.4
29.3711 182.483 2257.04
-27.2604 -988.571 2331.65
-78.504 275.04 2136.79
-96.3308 -183.41 2193.96
-58.0643 -612.74 2231.83
-67.3989 277.144 2159.37
-190.841 42.7937 2150.65
FRAME: 160
-230.791 465.466 2005.16
-111.287 50.6696 2032.53
-359.085 -969.63 2269.15
10.5811 276.059 2258.42
-276.648 -199.157 2126.63
-252.998 -638.309 2120.54
-314.987 250.482 2053.44
-204.582 258.397 2114.27
25.1955 144.472 2235.42
-42.0253 -982.557 2351.42
-128.521 241.441 2117.81
-126.683 -188.461 2208.5
-68.8442 -612.143 2239.91
-94.1779 266.311 2175.1
-203.124 32.2938 2140.92
FRAME: 161
-233.335 463.221 2011.94
-127.932 38.4137 2028.55
-336.932 -978.678 2270.83
-19.5707 260.292 2257.55
-283.721 -214.329 2123.79
-257.038 -642.792 2120.46
-319.569 241.893 2047.4
-216.567 250.02 2120.24
35.4057 144.514 2233.33
-41.102 -1004.4 2355.86
-109.379 165.517 2099.1
-148.109 -203.548 2219.1
-73.6291 -622.596 2239.01
-113.565 258.147 2193.09
-216.241 20.5405 2145.85
FRAME: 162
-237.313 460.218 2020.9
-170.937 31.1005 2049.17
-336.183 -984.514 2248.33
-25.6756 209.959 2254.81
-287.987 -214.766 2124.75
-259.332 -646.363 2106.98
-324.822 239.504 2053.43
-221.248 244.095 2145.91
29.6506 127.657 2225.37
-55.8581 -987.522 2370.62
-49.0597 173.286 2126.27
-166.121 -209.353 2232.63
-88.9724 -622.286 2246.67
-117.674 248.686 2238.4
-224.151 16.0178 2162.3
FRAME: 163
-238.298 459.568 2033.81
-185.976 22.3458 2059.05
-328.588 -1017.09 2259.52
-23.2438 171.562 2268.49
-295.328 -221.655 2127.44
-270.111 -656.483 2112.65
-333.125 234.359 2054.75
-240.652 241.756 2153.38
6.31309 73.6342 2260.53
-63.7751 -1013.19 2367.79
-45.7352 93.274 2206.15
-181.07 -212.661 2247.59
-106.82 -634.22 2251.75
-148.179 249.153 2252
-239.426 12.2991 2170.45
FRAME: 164
-237.768 460.647 2048.72
-235.316 4.63346 2043.43
-313.503 -1015.05 2277.02
-5.0667 93.6781 2260.49
-295.005 -219.791 2135.82
-268.99 -647.51 2122.27
-337.372 234.644 2056.1
-251.951 245.022 2163.93
-15.5224 39.9728 2284.33
-70.6838 -1002.9 2373.43
-5.26273 78.0249 2228.12
-189.305 -207.045 2267.57
-111.447 -631.806 2251.39
-166.53 255.401 2271.76
-247.053 15.802 2182.81
FRAME: 165
-238.031 468.631 2066.31
-261.714 11.3866 2066.67
-345.221 -1018.24 2276.95
1.67235 42.8893 2285.92
-304.458 -217.7 2146.75
-280.852 -643.499 2134.43
-346.226 239.12 2065.15
-258.093 250.135 2170.58
-57.252 33.6459 2322.5
-82.7342 -997.26 2387.95
23.0746 -6.12517 2244.3
-194.17 -203.959 2277.64
-114.169 -623.777 2263.27
-169.961 261.15 2276.01
-253.704 19.6526 2191.39
FRAME: 166
-236.104 488.077 2089.51
-332.22 14.6221 2097.72
-357.352 -995.325 2277.39
-262.216 -122.718 2220.74
-314.137 -210.948 2168.01
-304.4 -633.942 2165.86
-362.014 254.529 2084.61
-263.849 267.103 2183.76
-96.9033 35.9266 2359.21
-105.051 -938.19 2483.31
95.8218 -97.1929 2329.17
-188.383 -194.854 2294.66
-120.118 -608.683 2301.64
-165.684 279.676 2282.92
-257.555 32.1008 2207.55
FRAME: 167
-232.843 503.045 2112.7
-373.257 15.2573 2133.4
-379.995 -995.607 2300.23
-283.796 -155.881 2206.66
-323.746 -200.556 2191.81
-319.767 -629.02 2193.66
-373.781 268.411 2110.65
-266.412 281.224 2198.82
-130.76 51.8153 2384.72
-115.023 -910.892 2524.66
93.7275 -137.75 2369.21
-180.732 -183.486 2309.04
-120.411 -593.991 2323.35
-159.042 294.037 2286.98
-259.325 44.6016 2224.62
FRAME: 168
-232.234 513.498 2133.92
-440.099 21.657 2197.19
-384.1 -1008.96 2330.2
-272.326 -148.833 2185.89
-332.471 -186.711 2223.19
-333.153 -625.728 2234.26
-388.472 276.05 2144.99
-269.324 288.766 2220.26
-145.423 58.5677 2412.84
-115.143 -914.671 2589.94
88.31 -183.012 2392.56
-173.315 -169.722 2323.61
-120.293 -593.66 2353.71
-150.175 301.482 2295.54
-261.108 55.2749 2246.83
FRAME: 169
-228.994 517.138 2157.4
-461.664 22.5103 2236.64
-402.909 -1024.08 2364.5
-266.61 -116.86 2175.96
-336.062 -183.002 2258.09
-343.827 -628.098 2268.42
-396.719 282.358 2188.79
-269.112 293.769 2249.15
-143.992 68.7466 2451.93
-100.37 -912.032 2644.65
71.7623 -207.231 2424.27
-165.269 -167.832 2338.41
-110.723 -591.646 2383
-141.505 305.18 2309.5
-259.889 59.1761 2273.7
FRAME: 170
-222.903 521.586 2186.7
-471.49 21.1788 2267.57
-397.8 -1016.9 2369.94
-275.143 -119.614 2211.22
-338.95 -173.442 2292.93
-343.164 -624.242 2299.66
-403.291 281.243 2218.95
-267.62 293.083 2272.85
-129.864 78.8211 2492.94
-112.172 -930.77 2668.61
49.06 -222.551 2444.35
-160.264 -157.944 2363.58
-110.574 -591.902 2412.01
-131.949 304.923 2326.75
-258.614 63.6949 2300.56
FRAME: 171
-216.599 518.87 2220.18
-484.349 23.6066 2307.72
-403.923 -997.908 2376.76
-281.849 -115.378 2236.39
-342.436 -171.279 2327.18
-343.696 -608.394 2315.16
-405.901 281.294 2258.34
-263.515 291.082 2304
-110.898 77.1701 2509.25
-98.0817 -926.002 2780.81
40.9248 -224.474 2466.8
-156.285 -158.548 2386.63
-114.881 -592.439 2443.71
-121.129 300.87 2349.66
-256.438 63.0844 2330.46
FRAME: 172
-200.786 517.192 2276.13
-470.05 25.7626 2397.12
-407.734 -1000.11 2403.93
-262.581 -128.593 2262.38
-325.641 -169.404 2405.87
-343.991 -598.324 2373.02
-395.524 277.643 2341.19
-249.966 286.367 2362.4
-71.1825 80.2903 2540.11
-93.0495 -894.865 2830.9
26.6582 -212.251 2489.64
-137.885 -158.277 2433.08
-107.223 -576.078 2487.98
-104.408 295.09 2383.6
-240.865 61.2631 2390.93
FRAME: 173
-187.869 512.05 2311.85
-453.155 17.5442 2441.69
-404.833 -995.027 2418.34
-289.208 -150.829 2317.55
-315.393 -167.558 2445.7
-341.218 -598.592 2410.44
-385.183 273.368 2374.55
-237.977 281.96 2391.2
-44.9506 76.013 2557.14
-88.2632 -904.355 2857.62
39.553 -193.326 2511.58
-123.794 -156.398 2467.42
-94.2258 -577.819 2524.93
-90.7707 290.553 2407.84
-228.785 59.9913 2423.88
FRAME: 174
-176.359 510.394 2351.72
-428.689 18.2513 2490.72
-404.141 -980.423 2444.68
-351.918 -181.925 2434.33
-303.023 -162.014 2483.29
-332.024 -588.886 2453.45
-371.35 276.358 2414.07
-222.466 283.098 2426.67
-20.4398 78.4321 2579.87
-87.4087 -909.251 2860.64
44.1078 -193.977 2517.9
-113.385 -153.501 2499.42
-88.4654 -573.582 2554.99
-73.5818 289.838 2439.27
-215.335 62.6703 2459.01
FRAME: 175
-171.385 511.961 2384.87
-419.891 20.0939 2523.06
-411.99 -980.834 2468.47
-349.079 -185.829 2461.89
-298.324 -161.637 2516.02
-329.7 -589.48 2493.68
-363.566 276.758 2445.31
-212.801 282.616 2455.05
2.99177 64.5655 2595.62
-85.5041 -908.683 2867.42
35.778 -195.5 2522.34
-101.729 -153.997 2528.82
-78.7969 -577.763 2601.8
-62.0363 288.473 2464.79
-206.414 62.3995 2488.74
FRAME: 176
-158.394 511.28 2413.59
-407.021 26.7057 2572.56
-394.717 -963.952 2495.7
-326.794 -178.899 2500.85
-294.701 -154.335 2556.26
-322.35 -579.845 2526.96
-357.432 282.248 2480.52
-205.014 286.549 2485.53
27.0547 73.8597 2618.43
-86.7348 -913.529 2875.99
40.2188 -187.131 2532.15
-94.7711 -148.709 2562.7
-71.0995 -568.969 2640.39
-52.5968 290.85 2490.54
-199.875 67.5134 2522.5
FRAME: 177
-144.2 523.45 2458.35
-393.487 47.2874 2626.46
-376.897 -946.699 2591.71
-386.202 -211.44 2521.72
-292.34 -140.353 2591.96
-315.637 -567.837 2555.08
-344.366 302.65 2527.13
-188.168 302.279 2530.01
37.1743 75.0758 2643.81
-86.0189 -917.27 2883.03
3.88862 -150.836 2539.23
-88.0649 -140.811 2595.73
-68.0111 -564.306 2667.71
-31.9697 301.907 2532.9
-189.185 80.8483 2561.93
FRAME: 178
-133.814 541.406 2505.7
-385.847 64.0414 2653.96
-359.204 -934.957 2713.05
-404.652 -186.51 2495.77
-285.497 -119.898 2630.92
-312.795 -548.629 2608.4
-334.114 325.019 2566.77
-175.481 322.96 2569.7
50.4557 91.1127 2684.84
-86.4654 -914.555 2895.24
-17.7483 -114.702 2560.06
-79.4433 -122.463 2634.86
-62.557 -549.127 2701.44
-16.849 320.901 2572.62
-178.976 100.89 2601.29
FRAME: 179
-122.98 558.028 2540.03
-379.757 88.2788 2681.05
-343.561 -930.775 2767.24
-391.886 -132.023 2483.17
-282.98 -95.2795 2671.69
-314.741 -532.313 2647.58
-328.888 349.486 2598.78
-168.612 347.596 2606.69
52.8188 95.5113 2711.21
-87.5014 -903.446 2903.92
-34.4249 -110.884 2575.84
-70.5528 -97.7525 2682.2
-54.6158 -522.137 2745.29
-8.33624 345.706 2614.6
-172.689 125.54 2641.81
FRAME: 180
-120.461 575.012 2567.18
-374.982 101.978 2712.56
-329.37 -910.413 2867.3
-429.275 -97.3698 2518.61
-275.708 -85.7222 2701.99
-312.868 -522.254 2683.67
-326.087 360.951 2624.64
-165.812 359.999 2631.05
53.1149 108.179 2735.65
-87.8922 -900.684 2910.27
-46.8138 -103.47 2583.52
-66.4159 -86.9836 2710.35
-50.8109 -511.527 2771.72
-5.53756 359.047 2637.47
-168.437 136.823 2668.61
FRAME: 181
-124.202 588.32 2588.72
-371.884 113.752 2740.35
-318.549 -898.347 2917.89
-283.954 -54.1366 2615.08
-266.557 -79.1553 2726.26
-307.005 -513.271 2722
-325.077 368.394 2648.19
-164.06 368.601 2654.83
52.912 114.211 2751.38
-90.2317 -901.158 2923.56
-56.8449 -101.708 2603.49
-65.8353 -78.8728 2734.4
-56.5097 -507.796 2790.89
-3.04284 368.808 2661.46
-165.128 144.794 2692.58
FRAME: 182
-123.814 596.345 2591.57
-369.441 124.447 2768.15
-299.968 -882.41 2985.84
-307.379 -37.7884 2570.07
-265.419 -80.4386 2744.57
-302.118 -513.034 2767.47
-325.748 375.143 2669.25
-162.901 375.814 2675.86
60.6053 124.25 2779.02
-93.4822 -901.4 2931.31
-52.2174 -99.7932 2657.06
-61.8937 -79.5681 2752.74
-61.7092 -504.598 2808.31
-0.0542159 376.485 2682.48
-163.279 147.905 2712.26
FRAME: 183
-128.264 601.573 2616.68
-370.09 127.677 2788.03
-288.093 -861.493 3070.59
-283.809 -50.472 2586.68
-263.904 -81.1423 2774.62
-294.99 -512.75 2818.96
-326.664 379.551 2698.76
-164.076 380.628 2698.69
55.6728 120.865 2785.48
-89.7097 -904.422 2954.87
-75.4567 -95.2281 2628.73
-56.8162 -79.8334 2774.39
-60.9266 -506.156 2835.41
-1.4889 381.705 2698.61
-162.218 150.07 2736.59
FRAME: 184
-131.489 608.049 2638.86
-387.833 142.394 2817.58
-278.078 -846.965 3138.51
-384.872 17.6828 2608.67
-264.365 -65.7533 2823
-287.109 -500.065 2872.6
-331.371 387.435 2734.45
-168.694 389.486 2729.61
54.2038 128.242 2804.34
-85.5602 -895.548 2975.83
-162.813 -93.7228 2641.82
-54.1073 -63.2525 2816.63
-65.3308 -491.098 2866.67
-6.01608 391.536 2724.77
-163.965 162.492 2774.71
FRAME: 185
-135.137 611.009 2660.24
-409.359 146.675 2830.53
-271.822 -818.992 3205.09
-354.599 -20.2826 2597.17
-267.835 -47.5805 2852.16
-276.927 -477.583 2916.74
-339.361 396.196 2759.04
-176.434 397.221 2751.05
50.6366 152.013 2829.6
-85.3194 -898.58 2981.33
-151.7 -127.959 2646.17
-67.9336 -46.3809 2842.46
-73.5692 -487.833 2883.94
-13.5079 398.246 2743.06
-172.159 175.12 2799.18
FRAME: 186
-148.547 614.058 2691.12
-433.474 163.136 2846.72
-264.341 -818.566 3242.93
-345.25 2.85989 2634
-274.665 -35.0909 2893.02
-272.933 -464.683 2980.84
-346.414 403.728 2798.01
-188.77 405.678 2786.93
47.7825 167.77 2851.32
-83.2311 -897.251 2994.19
-123.594 -103.271 2663.76
-74.7143 -32.7429 2878.51
-81.4663 -476.371 2912.56
-31.1266 407.627 2775.86
-181.73 185.88 2836.35
FRAME: 187
-158.409 613.837 2716.37
-439.928 163.568 2873.47
-262.977 -816.016 3277.83
-387.781 91.3407 2645.35
-273.105 -34.5172 2925.32
-278.123 -459.325 3014.95
-352.758 398.713 2827.89
-196.5 403.393 2816.05
46.2466 176.346 2870.28
-80.2422 -894.796 3004.78
-29.742 8.06045 2664.89
-76.5869 -28.7078 2909.76
-82.982 -470.043 2943.02
-40.2422 408.072 2804.21
-185.673 185.89 2866.8
FRAME: 188
-165.294 612.442 2740.21
-445.211 164.769 2892.08
-262.109 -816.199 3304.85
-372.716 91.9367 2666.41
-270.508 -36.9286 2950.54
-279.878 -460.151 3043.14
-355.136 393.95 2846.29
-199.112 400.304 2834.96
45.1385 172.544 2885.6
-78.8083 -886.785 3011.56
-6.50342 38.271 2680.26
-74.6016 -29.0546 2935.98
-83.7327 -462.883 2964.13
-43.0876 406.659 2823.62
-185.833 183.656 2889.11
FRAME: 189
-166.448 612.972 2756.07
-439.335 169.299 2913.8
-263.864 -810.309 3320.67
-437.521 212.743 2606.91
-271.088 -32.6665 2973.71
-286.065 -462.342 3078.14
-358.743 395.883 2858.01
-200.805 401.929 2845.24
40.675 169.548 2904.48
-78.3172 -886.396 3016.01
-27.3639 41.9158 2689.67
-78.3591 -25.2838 2957.99
-86.8692 -464.422 2974.25
-42.8662 407.976 2832.47
-187.764 186.477 2905.55
FRAME: 190
-176.732 604.686 2781.22
-440.222 151.604 2966.36
-267.805 -809.261 3335.73
-353.457 59.4518 2762.15
-269.809 -29.4728 3009.2
-282.191 -451.453 3113.11
-361.8 388.125 2882.5
-203.296 394.357 2869.14
34.763 157.051 2908.01
-73.7939 -888.984 3029.06
-45.1688 29.8307 2689.64
-78.7516 -21.9961 2992.96
-79.7971 -457.501 3009.69
-44.7916 400.59 2855.77
-188.788 184.311 2935.11
FRAME: 191
-181.182 603.635 2802.83
-429.197 158.016 2980.26
-265.112 -815.454 3346.23
-300.98 26.6564 2800.97
-268.857 -25.0585 3036.92
-277.761 -448.729 3145.44
-358.422 392.566 2909.14
-200.284 397.866 2895.8
28.6725 159.947 2919.2
-60.9734 -891.863 3039.15
-104.534 26.5647 2709.1
-78.7235 -18.7411 3020.69
-70.1201 -459.566 3030.17
-42.1457 403.166 2882.46
-187.037 187.983 2962.3
FRAME: 192
-184.685 599.593 2818.89
-427.664 156.482 3010.65
-264.882 -819.315 3355.72
-305.64 -5.19878 2852.35
-269.227 -30.1607 3051.89
-272.988 -443.901 3180.43
-361.653 389.973 2929.72
-201.968 394.735 2913.1
19.1982 167.698 2947.31
-37.2999 -893.549 3055.74
-133.277 21.4138 2764.48
-78.9806 -24.5085 3032.15
-64.0658 -460.495 3043.35
-42.2837 399.496 2896.48
-188.036 183.7 2977.56
FRAME: 193
-177.139 609.945 2824.69
-405.177 190.683 3053.26
-262.022 -819.27 3352.78
-309.592 -7.19584 2901.66
-262.935 -23.2047 3063.69
-272.93 -447.41 3183.46
-351.317 405.308 2942.4
-195.242 409.254 2923.84
16.4056 174.088 2954.35
-21.1214 -885.622 3068.57
-148.319 38.4455 2785.77
-73.2144 -18.4806 3041.05
-55.8874 -455.555 3051.03
-39.1679 413.201 2905.28
-181.659 194.206 2988.1
FRAME: 194
-173.501 615.034 2832.02
-404.701 204.587 3059.69
-260.349 -818.495 3356.61
-311.567 32.3753 2894.89
-261.474 -22.2256 3070.95
-274.873 -442.064 3193.89
-346.351 414.401 2951.97
-190.569 418.023 2934.18
18.3138 175.038 2975.75
-3.52813 -878.081 3085.66
-134.99 41.8692 2794.67
-69.7594 -17.8441 3048.92
-44.1975 -449.263 3062.8
-34.7878 421.645 2916.38
-178.093 198.994 2997.06
FRAME: 195
-171.087 609.095 2850.79
-390.337 180.967 3042.76
-260.817 -819.056 3367.61
-295.886 3.22248 2891.56
-259.092 -33.333 3069.64
-271.519 -438.982 3215.08
-343.123 403.916 2956.25
-185.381 408.272 2943.9
18.8168 160.662 2996.25
25.0201 -884.412 3113.91
-146.934 28.9101 2810.23
-67.6606 -28.1764 3054.67
-23.9149 -461.585 3079.2
-27.6377 412.628 2931.55
-174.378 188.759 3003.03
FRAME: 196
-161.554 620.047 2845.83
-356.149 181.06 3074.27
-261.897 -815.842 3365.9
-268.244 -0.906281 2911.69
-253.056 -25.494 3069.97
-265.282 -437.993 3204.47
-333.541 415.818 2957.38
-178.295 419.883 2944.61
26.792 166.384 3003.46
49.8647 -862.489 3141.49
-131.664 31.3027 2811.75
-58.5419 -20.444 3053.81
-17.9194 -450.807 3074.01
-23.0489 423.948 2931.84
-167.047 198.457 3003.25
FRAME: 197
-156.542 622.019 2859.38
-345.376 187.804 3086.76
-261.458 -820.033 3373.09
-273.106 17.8148 2907.08
-249.14 -30.3392 3077.28
-259.633 -437.749 3225.15
-328.127 413.877 2969.76
-174.212 417.736 2954.45
28.3862 173.886 3011.38
62.6184 -862.099 3153.95
-149.908 27.6341 2837.56
-53.2266 -25.5466 3057.36
-2.65874 -458.123 3080.39
-20.2967 421.595 2939.14
-162.698 194.897 3010.88
FRAME: 198
-144.121 620.925 2873.43
-322.175 192.482 3095.6
-259.641 -817.122 3377.03
-248.389 16.6418 2920.18
-236.82 -32.923 3080.49
-251.239 -433.908 3234.19
-315.937 411.301 2979.72
-161.185 415.187 2963.18
35.3313 168.901 3018.72
89.7682 -856.196 3181.23
-140.234 15.2247 2841.8
-39.0908 -28.1569 3058.91
18.433 -460.256 3087.9
-6.43401 419.073 2946.65
-149.57 192.324 3016.44
FRAME: 199
-127.057 623.797 2880.32
-291.854 184.939 3114.9
-258.842 -816.974 3375.6
-253.257 7.21871 2976.65
-225.457 -31.4132 3079.36
-244.948 -432.36 3233.23
-300.362 413.507 2987.56
-146.228 416.38 2969.44
49.2605 163.138 3024.68
97.9482 -855.883 3188.94
-132.293 16.9069 2865.69
-26.1904 -27.7417 3055.41
26.0534 -460.053 3090.8
7.90527 419.253 2951.31
-136.026 193.401 3018.41
FRAME: 200
-114.388 621.631 2889.64
-280.59 176.115 3108.72
-258.183 -811.528 3378.88
-245.63 -0.368581 2959.24
-216.623 -31.3783 3075.98
-237.089 -426.27 3236.07
-289.164 411.038 2992.33
-132.371 413.03 2975.25
58.8992 155.973 3023.41
102.88 -856.524 3194.74
-115.069 25.601 2856.22
-16.5192 -28.8491 3053.87
37.5595 -460.844 3097.97
24.4214 415.023 2958.18
-124.471 191.458 3020.09
FRAME: 201
-100.438 614.856 2903.44
-270.045 164.598 3103.49
-256.061 -809.275 3380.11
-233.556 -22.4818 2892.96
-205.184 -37.7486 3069.21
-224.553 -424.711 3238.91
-275.808 403.939 2992.58
-116.702 405.683 2979.81
72.5431 147.275 3019.47
110.072 -857.556 3195.78
-101.341 30.162 2849.6
-6.29233 -35.5854 3052.96
46.553 -461.867 3100.78
42.4043 407.427 2967.04
-111.22 184.508 3020.45
FRAME: 202
-88.9331 615.902 2898.43
-288.11 169.329 3088.24
-254.877 -811.555 3372.62
-234.643 3.55298 2930.87
-193.151 -36.6331 3063.04
-221.49 -428.596 3222.08
-266.146 406.247 2990.14
-105.812 408.607 2979.13
81.3139 149.131 3014.89
113.153 -854.419 3196.83
-69.3695 54.5856 2852.02
4.18055 -33.8497 3049.17
54.6224 -457.542 3102.77
54.5215 410.966 2968.12
-100.149 186.683 3017.62
FRAME: 203
-68.8999 614.617 2895.18
-281.628 172.205 3081.37
-250.266 -813.551 3369.06
-221.283 -17.9281 2960.74
-181.866 -37.1905 3057.72
-212.883 -436.65 3203.45
-249.36 406.909 2988.76
-87.5568 408.014 2975.09
99.2424 140.434 2998.84
117.317 -856.736 3195.92
-55.9737 76.5469 2825.57
22.0416 -35.8932 3039.99
67.1677 -459.483 3100.19
74.2462 409.119 2961.42
-83.7346 185.736 3011.97
FRAME: 204
-51.2315 612.317 2885.83
-234.241 170.613 3073.74
-248.178 -814.505 3359.24
-191.63 -24.7556 2961.81
-169.25 -38.1739 3045.92
-208.434 -440.386 3189.2
-235.523 405.401 2974.94
-71.9221 405.997 2965.92
125.501 141.726 2982.29
117.357 -858.164 3198.32
-28.2512 80.3862 2825.95
38.2159 -37.4746 3033.77
76.6467 -459.208 3104.35
91.6783 406.593 2956.89
-68.7195 184.086 3002.88
FRAME: 205
-35.5893 616.719 2888.85
-203.204 168.221 3090.9
-246.792 -817.507 3349.96
-189.879 -41.0194 2977.74
-153.995 -36.3442 3048.62
-204.209 -446.425 3171.78
-218.018 409.766 2986.47
-57.9971 409.49 2969.93
146.621 140.196 2970.31
117.354 -862.759 3193.53
-3.13333 110.011 2802.56
46.9643 -36.7036 3027.49
81.4947 -461.192 3100
102.024 409.215 2953.4
-55.7563 186.483 3003.99
FRAME: 206
-25.8721 613.274 2885.5
-194.766 165.968 3086.24
-246.887 -815.627 3343.71
-167.02 -23.7289 2934.1
-141.554 -40.1313 3043.73
-199.915 -450.896 3151.47
-207.473 406.589 2983.08
-47.8814 405.903 2965.06
158.772 148.698 2952.66
115.623 -862.305 3193.76
-1.89286 151.489 2793.79
53.4205 -41.0054 3021.49
86.6756 -464.095 3094.85
111.71 405.218 2947.03
-45.974 182.667 2998.83
FRAME: 207
-13.2947 615.51 2869.18
-174.936 169.304 3072.66
-247.259 -811.878 3325.57
-157.071 -54.9618 2971.6
-124.5 -35.511 3036.06
-197.563 -445.514 3129.64
-197.73 408.499 2974.32
-36.9855 407.002 2954.75
180.097 151.219 2925.49
116.385 -861.689 3187.98
28.1422 178.641 2784.04
60.8215 -37.3855 3013.76
89.5063 -460.949 3088.84
123.759 405.504 2935.19
-34.4124 185.277 2989.83
FRAME: 208
-8.08013 616.041 2878.53
-181.051 175.025 3072.51
-251.114 -805.713 3320.26
-152.803 -24.6395 2935.64
-119.79 -33.8825 3040.98
-194.415 -448.604 3110.04
-185.812 411.868 2983.23
-28.7156 408.15 2956.96
181.764 154.928 2901.05
113.928 -860.116 3192.57
21.276 192.414 2767.53
61.9939 -38.4131 3010.37
90.853 -461.413 3085.28
128.38 404.432 2930.69
-28.8068 186.001 2991.32
FRAME: 209
0.935389 622.569 2879.63
-183.278 186.322 3073.97
-256.753 -816.628 3292.43
-126.274 3.77009 2894.5
-113.481 -26.1511 3041.75
-191.19 -444.739 3082.42
-173.387 424.909 2985.16
-19.0517 418.933 2954.15
195.573 174.588 2868.81
112.267 -858.703 3191.46
33.4472 250.052 2747.27
63.8191 -33.1107 3005.97
92.6775 -457.473 3081.62
135.283 412.958 2923.13
-21.9414 194.651 2989

