FRAME: 0
0 0 0
0 0 0
0 0 0
0 0 0
0 0 0
0 0 0
0 0 0
0 0 0
0 0 0
0 0 0
0 0 0
0 0 0
0 0 0
0 0 0
0 0 0
FRAME: 1
0 0 0
0 0 0
0 0 0
0 0 0
0 0 0
0 0 0
0 0 0
0 0 0
0 0 0
0 0 0
0 0 0
0 0 0
0 0 0
0 0 0
0 0 0
FRAME: 2
0 0 0
0 0 0
0 0 0
0 0 0
0 0 0
0 0 0
0 0 0
0 0 0
0 0 0
0 0 0
0 0 0
0 0 0
0 0 0
0 0 0
0 0 0
FRAME: 3
0 0 0
0 0 0
0 0 0
0 0 0
0 0 0
0 0 0
0 0 0
0 0 0
0 0 0
0 0 0
0 0 0
0 0 0
0 0 0
0 0 0
0 0 0
FRAME: 4
0 0 0
0 0 0
0 0 0
0 0 0
0 0 0
0 0 0
0 0 0
0 0 0
0 0 0
0 0 0
0 0 0
0 0 0
0 0 0
0 0 0
0 0 0
FRAME: 5
0 0 0
0 0 0
0 0 0
0 0 0
0 0 0
0 0 0
0 0 0
0 0 0
0 0 0
0 0 0
0 0 0
0 0 0
0 0 0
0 0 0
0 0 0
FRAME: 6
0 0 0
0 0 0
0 0 0
0 0 0
0 0 0
0 0 0
0 0 0
0 0 0
0 0 0
0 0 0
0 0 0
0 0 0
0 0 0
0 0 0
0 0 0
FRAME: 7
0 0 0
0 0 0
0 0 0
0 0 0
0 0 0
0 0 0
0 0 0
0 0 0
0 0 0
0 0 0
0 0 0
0 0 0
0 0 0
0 0 0
0 0 0
FRAME: 8
0 0 0
0 0 0
0 0 0
0 0 0
0 0 0
0 0 0
0 0 0
0 0 0
0 0 0
0 0 0
0 0 0
0 0 0
0 0 0
0 0 0
0 0 0
FRAME: 9
0 0 0
0 0 0
0 0 0
0 0 0
0 0 0
0 0 0
0 0 0
0 0 0
0 0 0
0 0 0
0 0 0
0 0 0
0 0 0
0 0 0
0 0 0
FRAME: 10
0 0 0
0 0 0
0 0 0
0 0 0
0 0 0
0 0 0
0 0 0
0 0 0
0 0 0
0 0 0
0 0 0
0 0 0
0 0 0
0 0 0
0 0 0
FRAME: 11
0 0 0
0 0 0
0 0 0
0 0 0
0 0 0
0 0 0
0 0 0
0 0 0
0 0 0
0 0 0
0 0 0
0 0 0
0 0 0
0 0 0
0 0 0
FRAME: 12
0 0 0
0 0 0
0 0 0
0 0 0
0 0 0
0 0 0
0 0 0
0 0 0
0 0 0
0 0 0
0 0 0
0 0 0
0 0 0
0 0 0
0 0 0
FRAME: 13
0 0 0
0 0 0
0 0 0
0 0 0
0 0 0
0 0 0
0 0 0
0 0 0
0 0 0
0 0 0
0 0 0
0 0 0
0 0 0
0 0 0
0 0 0
FRAME: 14
0 0 0
0 0 0
0 0 0
0 0 0
0 0 0
0 0 0
0 0 0
0 0 0
0 0 0
0 0 0
0 0 0
0 0 0
0 0 0
0 0 0
0 0 0
FRAME: 15
0 0 0
0 0 0
0 0 0
0 0 0
0 0 0
0 0 0
0 0 0
0 0 0
0 0 0
0 0 0
0 0 0
0 0 0
0 0 0
0 0 0
0 0 0
FRAME: 16
0 0 0
0 0 0
0 0 0
0 0 0
0 0 0
0 0 0
0 0 0
0 0 0
0 0 0
0 0 0
0 0 0
0 0 0
0 0 0
0 0 0
0 0 0
FRAME: 17
0 0 0
0 0 0
0 0 0
0 0 0
0 0 0
0 0 0
0 0 0
0 0 0
0 0 0
0 0 0
0 0 0
0 0 0
0 0 0
0 0 0
0 0 0
FRAME: 18
0 0 0
0 0 0
0 0 0
0 0 0
0 0 0
0 0 0
0 0 0
0 0 0
0 0 0
0 0 0
0 0 0
0 0 0
0 0 0
0 0 0
0 0 0
FRAME: 19
0 0 0
0 0 0
0 0 0
0 0 0
0 0 0
0 0 0
0 0 0
0 0 0
0 0 0
0 0 0
0 0 0
0 0 0
0 0 0
0 0 0
0 0 0
FRAME: 20
0 0 0
0 0 0
0 0 0
0 0 0
0 0 0
0 0 0
0 0 0
0 0 0
0 0 0
0 0 0
0 0 0
0 0 0
0 0 0
0 0 0
0 0 0
FRAME: 21
0 0 0
0 0 0
0 0 0
0 0 0
0 0 0
0 0 0
0 0 0
0 0 0
0 0 0
0 0 0
0 0 0
0 0 0
0 0 0
0 0 0
0 0 0
FRAME: 22
0 0 0
0 0 0
0 0 0
0 0 0
0 0 0
0 0 0
0 0 0
0 0 0
0 0 0
0 0 0
0 0 0
0 0 0
0 0 0
0 0 0
0 0 0
FRAME: 23
0 0 0
0 0 0
0 0 0
0 0 0
0 0 0
0 0 0
0 0 0
0 0 0
0 0 0
0 0 0
0 0 0
0 0 0
0 0 0
0 0 0
0 0 0
FRAME: 24
0 0 0
0 0 0
0 0 0
0 0 0
0 0 0
0 0 0
0 0 0
0 0 0
0 0 0
0 0 0
0 0 0
0 0 0
0 0 0
0 0 0
0 0 0
FRAME: 25
0 0 0
0 0 0
0 0 0
0 0 0
0 0 0
0 0 0
0 0 0
0 0 0
0 0 0
0 0 0
0 0 0
0 0 0
0 0 0
0 0 0
0 0 0
FRAME: 26
0 0 0
0 0 0
0 0 0
0 0 0
0 0 0
0 0 0
0 0 0
0 0 0
0 0 0
0 0 0
0 0 0
0 0 0
0 0 0
0 0 0
0 0 0
FRAME: 27
0 0 0
0 0 0
0 0 0
0 0 0
0 0 0
0 0 0
0 0 0
0 0 0
0 0 0
0 0 0
0 0 0
0 0 0
0 0 0
0 0 0
0 0 0
FRAME: 28
0 0 0
0 0 0
0 0 0
0 0 0
0 0 0
0 0 0
0 0 0
0 0 0
0 0 0
0 0 0
0 0 0
0 0 0
0 0 0
0 0 0
0 0 0
FRAME: 29
0 0 0
0 0 0
0 0 0
0 0 0
0 0 0
0 0 0
0 0 0
0 0 0
0 0 0
0 0 0
0 0 0
0 0 0
0 0 0
0 0 0
0 0 0
FRAME: 30
0 0 0
0 0 0
0 0 0
0 0 0
0 0 0
0 0 0
0 0 0
0 0 0
0 0 0
0 0 0
0 0 0
0 0 0
0 0 0
0 0 0
0 0 0
FRAME: 31
0 0 0
0 0 0
0 0 0
0 0 0
0 0 0
0 0 0
0 0 0
0 0 0
0 0 0
0 0 0
0 0 0
0 0 0
0 0 0
0 0 0
0 0 0
FRAME: 32
0 0 0
0 0 0
0 0 0
0 0 0
0 0 0
0 0 0
0 0 0
0 0 0
0 0 0
0 0 0
0 0 0
0 0 0
0 0 0
0 0 0
0 0 0
FRAME: 33
0 0 0
0 0 0
0 0 0
0 0 0
0 0 0
0 0 0
0 0 0
0 0 0
0 0 0
0 0 0
0 0 0
0 0 0
0 0 0
0 0 0
0 0 0
FRAME: 34
0 0 0
0 0 0
0 0 0
0 0 0
0 0 0
0 0 0
0 0 0
0 0 0
0 0 0
0 0 0
0 0 0
0 0 0
0 0 0
0 0 0
0 0 0
FRAME: 35
0 0 0
0 0 0
0 0 0
0 0 0
0 0 0
0 0 0
0 0 0
0 0 0
0 0 0
0 0 0
0 0 0
0 0 0
0 0 0
0 0 0
0 0 0
FRAME: 36
0 0 0
0 0 0
0 0 0
0 0 0
0 0 0
0 0 0
0 0 0
0 0 0
0 0 0
0 0 0
0 0 0
0 0 0
0 0 0
0 0 0
0 0 0
FRAME: 37
0 0 0
0 0 0
0 0 0
0 0 0
0 0 0
0 0 0
0 0 0
0 0 0
0 0 0
0 0 0
0 0 0
0 0 0
0 0 0
0 0 0
0 0 0
FRAME: 38
0 0 0
0 0 0
0 0 0
0 0 0
0 0 0
0 0 0
0 0 0
0 0 0
0 0 0
0 0 0
0 0 0
0 0 0
0 0 0
0 0 0
0 0 0
FRAME: 39
77.2037 603.366 2299.57
187.411 222.834 2624.22
296.289 -804.61 2755.14
191.977 -4.23836 2772.18
237.479 13.4052 2563.21
202.713 -421.881 2652.19
140.749 429.879 2510.55
169.734 416.617 2403.21
203.787 129.769 2294.52
328.671 -855.73 2546.35
312.463 -119.456 2325.39
283.084 -7.46072 2394.33
229.454 -465.105 2412.93
198.72 403.355 2295.87
215.008 209.795 2440.99
FRAME: 40
67.921 602.464 2291.69
177.868 198.114 2595.22
274.066 -800.893 2747.02
189.469 -3.82075 2708.4
250.478 4.26673 2553.42
199.364 -431.464 2542.21
137.035 426.265 2504.97
161.939 407.85 2387.82
282.381 133.349 2337.46
294.259 -852.686 2506.92
350.216 -126.028 2287.25
283.466 -20.16 2397.25
215.127 -467.235 2407.94
186.843 389.435 2270.66
214.456 199.952 2431.57
FRAME: 41
45.6086 590.471 2286.41
120.106 205.316 2494.09
264.56 -825.114 2760.4
133.115 130.794 2583.52
247.39 -1.63543 2533.5
184.091 -447.448 2586.44
113.782 419.044 2476.54
158.579 411.918 2379.79
258.744 160.37 2326.15
254.941 -861.424 2472.11
330.753 -83.5802 2340.78
299.792 -13.3101 2402.21
203.784 -461.772 2391.88
203.376 404.793 2283.04
216.085 202.223 2423.82
FRAME: 42
29.4611 582.446 2291.84
171.907 213.698 2563.98
256.974 -821.928 2647.22
149.663 95.0969 2621.21
257.496 -11.4382 2566.41
190.048 -446.623 2608.11
147.608 422.129 2517.71
164.923 401.79 2399.72
265.234 147.313 2356.4
233.021 -883.657 2436.89
312.806 -103.641 2363.91
283.637 -39.1055 2400.51
191.035 -473.964 2371.93
182.239 381.451 2281.74
217.745 188.259 2441.59
FRAME: 43
16.0545 571.503 2282.36
139.123 224 2534.47
236.647 -843.442 2597.59
154.794 83.7962 2615.43
233.497 -5.50054 2534.88
172.522 -446.148 2590.19
113.505 430.978 2474.53
162.016 423.602 2379.82
270.184 169.156 2330.53
233.422 -871.504 2454.68
344.525 -75.0427 2349.41
297.424 -17.3917 2399.34
198.796 -469.252 2367.73
210.528 416.225 2285.1
213.738 206.078 2423.46
FRAME: 44
2.1369 555.831 2279.43
151.045 247.001 2524.34
232.394 -842.637 2568.32
140.032 126.88 2582.99
242.788 -8.76505 2534.63
180.339 -446.618 2536.75
123.183 430.247 2475.34
167.446 423.643 2378.82
273.84 178.177 2356.66
224.734 -874.903 2435.34
325.845 -77.9344 2348.16
296.542 -21.9983 2391.37
201.398 -474.136 2357.93
211.708 417.039 2282.29
218.555 204.131 2420.91
FRAME: 45
-16.615 536.255 2255.83
141.725 235.377 2532.67
220.594 -880.711 2495.37
117.986 108.293 2576.92
239.002 -12.3602 2516.65
182.51 -457.758 2503.37
106.266 420.917 2457.44
158.141 421.018 2366.72
269.686 187.065 2360.61
221.516 -876.798 2434.78
333.522 -55.6154 2354.19
299.647 -19.2675 2375.37
205.586 -474.79 2349.24
210.016 421.12 2276
213.733 202.602 2406.36
FRAME: 46
-30.4548 521.547 2246.79
157.789 233.418 2535.95
201.291 -905.392 2390.8
131.107 95.1888 2582.91
238.406 -18.3715 2503.04
199.769 -475.861 2427.06
87.1964 411.891 2432.31
140.922 413.035 2339.98
249.306 182.193 2331.12
220.743 -854.309 2475.21
337.087 -49.3837 2342.19
297.429 -25.3654 2360.2
218.055 -475.168 2342.97
194.647 414.179 2247.64
204.419 195.583 2385.8
FRAME: 47
-44.6982 506.403 2225.23
128.291 201.627 2508.38
188.226 -905.238 2342.23
82.7481 144.268 2529.98
230.188 -23.718 2495.85
193.494 -476.582 2401.97
78.2653 404.145 2424.57
133.205 408.36 2333.09
257.342 190.703 2336.29
227.311 -853.94 2497.21
292.794 -28.9059 2333
303.66 -25.0954 2344.75
238.011 -474.571 2349.76
188.145 412.575 2241.62
200.064 191.977 2376.7
FRAME: 48
-49.2519 496.984 2221.18
158.769 193.741 2513.39
186.329 -918.64 2346.82
109.325 104.836 2560.5
219.773 -28.631 2489.13
195.3 -485.384 2411.4
90.8135 395.281 2419.51
144.669 391.899 2316.22
245.222 168.562 2308.39
230.323 -817.572 2585.62
272.626 -3.289 2334.75
298.229 -35.7849 2326.22
241.564 -483.489 2326.46
198.525 388.518 2212.92
201.835 179.846 2361.95
FRAME: 49
-58.0141 491.395 2204.5
109.953 261.861 2444.48
170.149 -923.333 2326.53
78.4557 74.2806 2545.8
201.161 -39.7138 2473.52
174.548 -496.871 2424.36
49.7097 376.573 2382.43
113.142 374.587 2282.43
248.907 194.014 2262.02
237.292 -802.99 2610.64
267.287 13.8031 2273.9
307.154 -42.7195 2315.43
249.605 -490.909 2320.02
176.575 372.6 2182.44
183.65 166.685 2338.45
FRAME: 50
-61.1375 479.888 2185.37
67.4083 296.828 2385.97
173.197 -917.189 2324.38
104.224 158.073 2510.25
208.328 -59.6332 2461.87
156.105 -513.736 2462.63
21.141 342.111 2347.15
86.0204 336.362 2240.25
220.358 145.239 2217.5
238.091 -826.334 2563.34
261.872 -4.18872 2282.93
307.848 -72.9254 2296.93
243.618 -513.218 2297.83
150.9 330.613 2133.36
172.054 135.041 2309.83
FRAME: 51
-61.7751 474.142 2156.88
47.902 250.028 2343.23
202.572 -902.608 2337.91
83.8592 111.93 2455.48
188.248 -96.2201 2413.33
167.217 -523.148 2490.06
20.6901 285.523 2305.56
89.1083 273.324 2202.07
228.079 104.517 2244.09
218.357 -841.027 2551.68
290.514 -47.8016 2328.36
284.033 -113.347 2269.6
225.685 -542.81 2263.19
157.527 261.125 2098.58
162.624 84.2705 2271.77
FRAME: 52
-59.3837 474.578 2147.75
22.755 86.6474 2389.22
207.481 -918.465 2342.12
22.0028 -104.97 2345.32
165.786 -97.8198 2399.47
158.403 -525.495 2474.25
-4.90449 277.641 2311.16
83.4737 276.03 2206.07
261.253 72.638 2193.33
229.831 -865.104 2524.54
242.841 -62.821 2299.07
284.529 -100.465 2259.69
233.757 -540.239 2254.66
171.852 274.419 2100.98
154.316 88.4439 2267.82
FRAME: 53
-58.6582 473.088 2136.27
22.9988 63.2585 2379.69
203.268 -906.908 2441.37
-2.63185 -189.046 2204.91
154.024 -109.099 2395.06
118.763 -544.917 2479.52
-26.0449 283.974 2306.64
79.2306 287.523 2201.94
262.965 72.1517 2173.59
239.231 -885.512 2472.46
100.101 -138.459 2161.6
286.044 -104.825 2264.65
245.909 -531.873 2269.14
184.506 291.072 2097.24
149.632 90.2806 2265.9
FRAME: 54
-57.4062 483.07 2124.89
-4.95356 88.9887 2287.26
218.857 -878.135 2532.67
-3.48804 -155.138 2063.97
125.658 -105.998 2382.46
104.034 -534.351 2471.04
-49.7618 286.392 2287.6
82.2942 289.751 2188.26
266.126 55.9271 2116.99
236.108 -906.43 2412.21
62.4061 -95.2091 1982.58
270.081 -102.216 2273.4
242.476 -539.646 2256.73
214.35 293.11 2088.91
140.082 92.8218 2258.09
FRAME: 55
-60.256 489.216 2110.79
-56.5848 136.525 2268.74
214.115 -876.762 2554.6
16.277 42.2503 2064.57
94.5875 -89.3186 2349.88
92.8195 -529.943 2440.96
-55.6231 320.262 2243.85
89.3005 329.086 2170.35
270.739 96.8183 2073.76
220.565 -891.698 2357
132.6 24.111 1960.07
271.862 -77.6192 2261.23
240.351 -510.561 2242.07
234.224 337.91 2096.85
136.263 122.808 2237.95
FRAME: 56
-60.5823 489.989 2107.39
-69.4536 144.032 2150.17
219.055 -883.125 2574.1
61.5626 53.1373 1933.72
82.2653 -75.132 2344.47
95.616 -533.391 2439.22
-39.4594 332.466 2249.11
100.81 340.387 2184.43
289.451 119.958 2044.5
226.859 -878.87 2344.84
183.621 138.76 1798.39
270.881 -64.5181 2258.73
239.185 -501.682 2243.55
241.08 348.309 2119.74
138.692 135.281 2243.01
FRAME: 57
-61.1063 496.77 2107.95
-63.2314 165.229 2107.99
205.917 -905.523 2516.07
106.354 164.896 1857.82
68.9349 -64.47 2308.01
86.5635 -517.41 2415.49
-38.4157 335.663 2223.84
111.8 347.873 2189.12
312.762 186.917 1989.64
220.132 -881.24 2341.48
244.598 288.267 1792.9
268.258 -48.5517 2261.11
236.259 -490.611 2250.91
262.016 360.083 2154.41
140.198 145.681 2236.84
FRAME: 58
-51.5103 513.333 2106.46
32.915 243.786 2000.26
199.77 -881.674 2538.02
249.113 393.724 1887.07
69.6143 -64.4636 2294.73
74.4157 -500.657 2405.78
-27.2999 333.092 2219.46
130.474 343.017 2202.86
369.318 243.369 1995.63
208.398 -870.528 2335.35
312.846 449.699 1831.92
261.022 -52.3955 2273.6
224.948 -490.159 2260.95
288.248 352.941 2186.27
147.896 142.294 2243.51
FRAME: 59
-47.3931 529.252 2104.56
58.6973 283.001 1979.5
189.632 -871.944 2537.96
253.965 414.639 1895.48
69.2191 -66.5604 2288
66.3547 -492.822 2406.52
-19.88 339.05 2211.55
133.954 347.051 2203.73
396.375 272.479 2010.5
200.666 -870.118 2339.95
305.055 551.872 1934.87
251.343 -57.0946 2278.76
212.018 -489.898 2263.15
287.788 355.052 2195.91
147.118 142.612 2243.55
FRAME: 60
-45.525 538.971 2094.53
91.8864 317.165 1970.74
194.666 -867.509 2541.45
266.873 492.286 1976.97
64.291 -65.0642 2293.1
58.4462 -487.917 2410.52
-20.0323 353.57 2207.17
130.278 360.856 2202.22
420.209 302.076 2040.04
199.87 -861.971 2349.9
326.869 572.427 1967.59
243.718 -56.5084 2287
203.555 -489.339 2271.59
280.588 368.143 2197.27
142.141 150.035 2246.14
FRAME: 61
-42.7112 548.376 2088.23
80.486 319.886 2003.72
193.988 -853.608 2583.14
261.754 553.196 2039.62
62.2216 -60.9003 2299.6
55.784 -477.386 2426.87
-28.5308 361.423 2206.44
121.659 371.254 2208.19
434.313 315.287 2067.59
191.858 -869.429 2354.72
312.636 578.036 2010.98
234.366 -49.7848 2301.53
193.518 -497.384 2273.11
271.85 381.086 2209.95
134.977 157.956 2254.38
FRAME: 62
-33.6341 556.952 2100.32
78.2421 315.183 2093.49
169.841 -822.544 2691.79
207.558 406.921 2189.4
58.1948 -48.1491 2314.67
43.694 -480.773 2435.9
-27.1212 367.154 2212.01
124.193 374.34 2211.43
439.636 329.793 2085.36
194.701 -864.415 2385.01
318.607 595.441 2046.19
232.546 -40.1234 2313.04
190.928 -490.252 2281.64
275.508 381.527 2210.85
134.782 165.102 2262.64
FRAME: 63
-24.0508 563.485 2124.33
97.2966 344.599 2065.21
165.733 -811.099 2642.98
220.413 471.42 2163.46
55.0241 -46.7218 2321.37
46.2362 -470.493 2420.28
-28.1739 375.736 2219.11
121.349 383.063 2222.04
447.722 328.918 2107.98
191.73 -868.485 2375.97
308.304 597.056 2089.76
226.14 -38.5668 2324.34
184.666 -488.515 2282.88
270.871 390.39 2224.96
130.965 170.209 2272.45
FRAME: 64
-19.0224 567.893 2147.45
108.56 356.603 2034.08
165.976 -830.214 2612.22
205.734 526.929 2159.88
54.3192 -41.4126 2336.18
45.8666 -472.307 2423.95
-27.4116 382.37 2232.56
122.451 389.516 2238.97
458.313 328.529 2145.49
189.739 -866.921 2366.87
298.198 573.701 2109.36
223.462 -33.5179 2342.93
178.237 -480.297 2289.84
272.314 396.662 2245.39
130.671 176.026 2289.26
FRAME: 65
-20.7465 573.114 2173.42
96.8599 334.49 2042.77
169.629 -834.598 2623.95
244.787 533.079 2121.16
56.5469 -41.4382 2357.27
46.7178 -476.762 2439.34
-30.2789 383.057 2254.43
119.558 393.256 2271.33
445.118 315.668 2177.81
187.944 -867.317 2367.33
278.134 554.141 2120.39
219.964 -30.4244 2375.09
178.951 -480.102 2326.34
269.395 403.456 2288.23
128.907 178.662 2318.76
FRAME: 66
-23.3502 583.498 2193.78
60.5124 289.279 2104.79
173.007 -836.158 2639.28
221.081 457.556 2133.88
55.5039 -46.4178 2376.96
47.2836 -477.397 2457.66
-25.5682 380.288 2290.6
121.883 389.898 2306.63
436.09 295.685 2208.53
195.032 -867.833 2378.07
267.691 531.868 2134.49
224.934 -35.6711 2393.75
189.822 -485.616 2353.93
269.334 399.508 2322.66
131.051 174.427 2345.99
FRAME: 67
-26.6371 588.161 2211.2
21.5607 241.415 2155.79
169.065 -822.734 2707.77
175.71 364.686 2169.03
56.9496 -62.2545 2405.67
50.3239 -485.913 2499.33
-30.1386 364.648 2321.64
120.409 375.328 2336.17
423.254 291.313 2216.48
205.34 -869.289 2431.86
255.298 523.227 2127.33
229.29 -50.1069 2421.64
206.148 -495.133 2394.37
270.956 386.007 2350.7
131.764 159.573 2374.91
FRAME: 68
-26.5178 595.604 2227.52
10.8431 251.677 2132.01
172.128 -812.214 2764.79
212.682 419.759 2077.99
52.7331 -73.9877 2436.81
50.5274 -497.236 2541.37
-39.0187 352.535 2351.16
117.793 362.347 2359.46
409.639 278.6 2223.32
216.193 -851.589 2466.76
234.053 502.579 2101.32
229.029 -63.1198 2445.36
216.827 -495.319 2427.81
274.604 372.159 2367.77
129.337 146.897 2400.27
FRAME: 69
32.3136 618.028 2300.06
-28.9955 227.922 2183.04
159.19 -776.247 2882.42
198.27 392.448 2114.34
49.3819 -70.1074 2456.59
49.7176 -492.993 2564.54
-49.2909 361.127 2369.84
107.647 372.774 2370.1
395.051 276.289 2228.92
220.044 -849.701 2515.84
225.54 496.313 2096.33
231.182 -57.0152 2455.86
215.667 -486.078 2445.17
264.585 384.421 2370.36
123.964 154.606 2413.16
FRAME: 70
21.3656 632.812 2293.01
-34.7788 217.686 2202.88
153.316 -771.323 2878.91
192.926 378.001 2120.92
49.1276 -53.5253 2471.02
41.4042 -481.245 2589.13
-55.1127 375.378 2381.85
104.694 386.938 2376.73
374.829 271.137 2241.56
222.046 -851.839 2538.53
204.848 480.905 2082.45
230.758 -40.6235 2464.25
216.038 -468.298 2465.43
264.501 398.498 2371.62
122.319 169.932 2422.18
FRAME: 71
11.34 652.503 2298.15
-52.9932 206.831 2228.28
161.716 -773.669 2871.5
175.758 323.605 2103.32
43.0652 -30.5662 2476.9
41.7033 -466.565 2610.53
-58.7544 391.942 2386.79
98.3295 402.661 2378.32
346.591 270.33 2242.09
236.342 -826.349 2639.62
166.559 434.533 2063.42
224.533 -18.2145 2466.59
220.983 -446.097 2496.99
255.413 413.38 2369.85
116.064 189.135 2425.03
FRAME: 72
13.5804 671.377 2298.03
-75.755 206.806 2277.02
163.846 -776.101 2883.24
141.914 302.583 2116.59
29.6789 -0.376207 2495.18
40.2253 -451.924 2627.93
-68.4178 415.655 2407.44
89.0269 424.797 2387.38
296.813 269.575 2231.23
236.366 -815.697 2670.13
127.709 419.739 2027.8
224.483 11.4223 2470.72
226.071 -425.138 2518.51
246.472 433.939 2367.33
108.054 215.16 2435.16
FRAME: 73
4.93742 666.854 2295.98
-95.2321 191.73 2308.2
172.949 -775.739 2854.32
101.456 281.297 2117.52
30.1215 6.97294 2503.16
39.615 -442.2 2632.63
-79.3107 416.904 2420.95
82.2706 428.003 2393.37
302.238 267.402 2255.86
237.059 -802.771 2680.24
106.271 334.042 2089.27
224.876 20.5493 2469.94
229.137 -414.5 2527.64
243.852 439.101 2365.8
104.885 220.882 2439.96
FRAME: 74
27.7075 682.833 2346.17
-86.0379 195.134 2338.71
172.629 -773.72 2847.61
118.926 255.747 2146.94
19.8967 31.2574 2519.58
36.4501 -419.852 2638.88
-78.0196 438.312 2429.06
78.3522 445.554 2394.77
315.541 254.824 2307.47
235.652 -802.294 2678.64
98.1136 297.99 2144.68
221.283 40.6498 2475.14
236.476 -401.093 2545.63
234.724 452.796 2360.49
99.471 240.754 2446.07
FRAME: 75
21.0238 690.998 2332.82
-109.837 210.494 2345.9
179.766 -762.982 2860.93
52.9129 245.927 2104.54
27.1264 46.5271 2529.79
43.7257 -407.831 2656.03
-61.1898 462.559 2439.29
81.7395 465.628 2393.54
328.919 264.857 2344.09
231.798 -809.287 2692.92
130.019 224.358 2161.94
220.188 50.4078 2467.65
227.097 -411.146 2539.55
224.669 468.697 2347.79
102.698 257.048 2446.13
FRAME: 76
9.57958 686.132 2319.24
-124.173 289.322 2349.13
186.99 -755.769 2845.9
30.842 210.76 2119.59
28.5091 58.9739 2546.84
43.854 -389.693 2654.98
-46.1983 492.004 2467.7
85.4312 487.559 2402.93
332.363 269.17 2345.66
223.1 -803.5 2671.85
95.5447 219.35 2175.04
210.343 52.5903 2457.52
216.589 -396.492 2530.62
217.061 483.114 2338.16
102.429 271.671 2452.55
FRAME: 77
7.03826 688.266 2313.16
-143.643 300.184 2414.7
183.117 -759.18 2846.78
13.8198 154.336 2160.32
27.4024 62.9478 2546.46
40.0568 -387.537 2654.84
-52.6979 483.391 2450.24
84.4198 478.542 2389.45
334.09 265.003 2345.32
216.367 -793.39 2682.4
92.8897 192.641 2193.65
212.111 56.3325 2464.73
214.048 -383.064 2540.96
221.538 473.694 2328.66
102.088 269.091 2447.52
FRAME: 78
8.29924 693.226 2301.5
-162.964 261.361 2415
177.684 -755.333 2832.13
-52.4515 119.335 2160.33
22.3502 63.0081 2542.52
31.008 -385.219 2642.14
-67.2803 476.895 2443.03
76.384 472.194 2381.55
333.122 246.142 2338.41
213.123 -795.007 2688.7
54.5288 124.845 2246.32
205.656 56.9968 2463.97
206.43 -380.142 2542.49
220.048 467.493 2320.07
95.1935 266.098 2442.4
FRAME: 79
17.6933 697.448 2291.07
-161.781 216.426 2451.06
158.943 -751.739 2812.73
-112.164 72.5439 2199.95
5.35957 51.8387 2539.85
6.31223 -395.554 2626.52
-77.9161 469.804 2435.05
70.3452 463.388 2374.89
326.321 224.824 2332.74
212.718 -802.455 2692.68
24.0782 81.3339 2283.13
199.97 43.4082 2460.69
196.316 -394.205 2537.93
218.606 456.972 2314.73
86.505 255.506 2437.58
FRAME: 80
28.9057 692.975 2277.33
-154.847 192.15 2485.14
131.171 -750.79 2799
-108.696 65.2647 2228.31
-3.22903 42.388 2541.54
-16.2843 -404.778 2609.81
-80.0585 466.91 2434.48
69.6768 458.19 2372.29
316.29 212.308 2332.83
211.361 -806.019 2694.04
21.487 73.9892 2318.96
198.466 30.6915 2457.75
192.503 -401.283 2533.86
219.412 449.47 2310.09
83.6477 247.365 2435.97
FRAME: 81
38.4102 692.474 2272.36
-131.756 185.954 2493.46
103.53 -755.633 2776.77
-76.2532 49.1873 2272.54
-7.67113 25.5461 2525.8
-30.7331 -413.071 2596.8
-82.6291 457.717 2423.56
69.9038 449.666 2364.49
316.923 200.381 2336.59
211.038 -807.703 2696.11
45.7483 101.012 2314.42
196.239 14.8066 2446.88
190.484 -412.498 2533.09
222.437 441.616 2305.42
82.0939 234.921 2425.42
FRAME: 82
43.3617 691.484 2267.25
-122.066 182.665 2480.68
60.6114 -746.774 2756.1
-47.9427 37.729 2289.15
-14.5451 15.6981 2514.59
-45.0436 -419.164 2581.9
-84.9781 450.008 2411.09
69.5152 442.768 2359.42
317.488 193.571 2335.47
210.1 -814.664 2691
52.7604 143.729 2333.6
193.494 6.02062 2445.18
188.635 -423.235 2528.32
224.008 435.528 2307.74
79.4948 226.814 2419.65
FRAME: 83
49.2501 689.756 2253.97
-129.248 191.984 2481.3
8.93498 -764.484 2751.17
-62.3105 34.9105 2280.78
-13.5579 14.0159 2512.62
-49.3764 -425.823 2584.53
-87.4272 452.816 2409.59
67.5739 445.033 2354.88
318.376 194.979 2326.3
207.119 -807.512 2689.87
54.5595 166.832 2319.93
190.897 3.72822 2440.46
187.359 -423.459 2520.75
222.575 437.25 2300.16
78.1217 226.952 2415.71
FRAME: 84
52.89 693.424 2251.28
-128.342 187.624 2484.73
-27.0012 -779.541 2737.6
-69.663 34.0604 2276.74
-15.773 4.77363 2501.04
-66.6229 -438.547 2569.39
-90.3632 448.766 2400.86
66.8487 442.066 2350.68
314.391 192.313 2327.22
205.25 -807.214 2688.68
45.9278 167.077 2306.37
187.138 -3.88707 2436.39
187.825 -432.225 2519.72
224.061 435.366 2300.5
76.2655 221.255 2409.7
FRAME: 85
54.0694 694.814 2240.95
-131.427 176.767 2467.48
-55.1982 -801.972 2700.07
-92.2924 31.0716 2257.52
-24.5177 1.16487 2493.39
-77.7017 -441.639 2552.76
-102.259 445.446 2377.85
58.7883 439.383 2332.48
296.009 191.522 2313.18
204.334 -803.613 2689.56
25.6035 80.4841 2297.26
183.016 -6.66932 2435.01
187.731 -433.119 2519.79
219.836 433.321 2287.11
69.0188 218.316 2398.34
FRAME: 86
52.3111 694.089 2236.41
-140.606 181.834 2460.46
-63.8166 -823.663 2679.64
-112.608 28.4738 2241.5
-37.739 7.77447 2480.78
-81.9652 -442.118 2544.63
-114.646 445.096 2365.2
49.5669 438.601 2322.11
295.428 194.021 2310.6
201.528 -798.714 2688.09
18.8146 63.8707 2275.89
171.421 -0.497546 2425.88
188.128 -426.083 2517.96
213.78 432.106 2279.03
58.2038 221.12 2387.72
FRAME: 87
47.035 696.29 2226.61
-154.654 194.441 2454.57
-59.604 -842.201 2666.06
-57.9748 30.5763 2258.03
-48.9772 7.98927 2467.17
-86.2595 -448.918 2535.87
-124.172 446.849 2355.51
41.3316 439.416 2313.29
284.016 191.836 2305.98
196.9 -791.961 2692.49
15.479 62.2961 2276.71
157.575 -1.23307 2414.52
188.451 -423.521 2518.7
206.835 431.982 2271.06
47.8153 221.397 2377.06
FRAME: 88
38.3674 692.788 2218.87
-163.903 196.86 2455.58
-53.4748 -844.927 2649.47
-83.735 21.3429 2237.52
-58.563 4.58144 2461.77
-88.8158 -448.082 2526.2
-133.752 444.915 2348.17
31.6032 436.452 2305.74
276.23 191.406 2302.5
193.094 -791.073 2700.44
-3.07807 84.2506 2255.96
143.873 -5.80685 2409.79
188.168 -426.975 2517.32
196.959 427.989 2263.31
37.1292 217.92 2370.76
FRAME: 89
25.9024 691.703 2212.31
-176.006 198.07 2440.45
-52.1051 -846.576 2645.28
-137.513 14.7656 2212.78
-65.0332 5.31003 2457.45
-91.8103 -451.928 2516.15
-139.478 442.929 2344.59
18.8438 434.899 2299.62
250.928 193.51 2275.71
192.568 -795.078 2699.87
-10.4944 72.3887 2237.68
132.307 -4.707 2401.3
179.35 -437.155 2504.52
177.165 426.869 2254.66
26.2405 217.6 2364.5
FRAME: 90
-3.41197 678.976 2210.19
-197.995 177.377 2434.7
-48.6773 -845.748 2634.15
-220.309 -1.21381 2211.37
-80.5989 -15.5566 2453.11
-98.0135 -463.867 2505.02
-158.945 431.089 2349.65
-5.77987 423.842 2294.3
205.395 177.394 2246.61
185.022 -803.3 2660.04
-40.7423 48.0028 2217.42
116.225 -24.9122 2381.97
153.974 -466.174 2468.4
147.385 416.594 2238.94
6.01657 201.804 2355.92
FRAME: 91
-41.2141 664.17 2203.33
-218.422 152.19 2434.17
-45.2601 -843.283 2633.43
-216.795 -32.9831 2244.26
-88.5114 -27.0982 2454.48
-105.731 -475.134 2502.06
-177.373 414.045 2352.77
-34.5479 407.465 2283.26
143.098 151.628 2221.63
171.199 -812.919 2630.17
-83.037 68.9254 2224.12
100.819 -35.8481 2362.3
111.446 -494.209 2389.8
108.277 400.885 2213.76
-14.197 187.996 2345.83
FRAME: 92
-71.9411 646.483 2195.91
-227.013 152.662 2455.61
-38.4679 -845.483 2627.76
-325.964 -25.7981 2282.4
-85.1411 -21.5625 2461.04
-109.769 -472.258 2496.66
-185.355 406.894 2357.01
-60.4094 397.791 2271.44
113.322 141.804 2197.31
153.137 -821.158 2595.43
-169.152 23.6306 2254.65
83.9393 -33.9157 2345.15
88.4818 -493.365 2358.6
64.5362 388.689 2185.88
-30.5052 185.026 2337.27
FRAME: 93
-87.3516 637.41 2187.56
-226.293 153.109 2463.8
-36.1009 -836.598 2637.57
-412.351 3.47442 2331.67
-82.9383 -18.3282 2458.52
-115.38 -463.438 2496.38
-193.31 404.048 2358.86
-79.8231 393.015 2262.59
102.062 150.196 2182.78
119.645 -836.799 2539.73
-175.957 32.9979 2260.41
67.018 -32.8969 2331.33
60.4935 -491.731 2319.2
33.664 381.981 2166.32
-43.8916 183.701 2328.76
FRAME: 94
-106.344 625.804 2175.15
-214.797 164.473 2480.61
-34.4946 -833.294 2631.83
-325.202 -36.5338 2354.87
-85.4673 -21.5404 2454.64
-113.901 -466.739 2492.35
-190.071 394.411 2365.65
-86.2351 382.283 2264.53
44.7445 139.206 2196.73
96.2868 -850.842 2489.53
-220.833 29.5869 2302.79
54.9197 -37.9615 2317.95
32.7475 -494.797 2291.75
17.6005 370.154 2163.41
-50.7545 176.266 2325.42
FRAME: 95
-128.316 613.001 2160.75
-217.608 153.658 2471.02
-30.8198 -833.385 2631.45
-337.382 -34.8005 2415.7
-81.5229 -20.2988 2452.01
-114.318 -466.468 2488.12
-189.243 387.085 2359.12
-95.781 371.343 2251.3
10.8916 111.557 2176.36
74.6558 -868.873 2439.7
-210.466 32.2586 2311.8
46.9492 -42.0147 2303.65
23.2259 -495.896 2280.49
-2.31887 355.6 2143.48
-56.5339 170.093 2314.56
FRAME: 96
-164.576 583.621 2135.21
-205.375 158.824 2466.22
-24.4175 -826.332 2627.71
-299.039 -11.9114 2462.31
-72.4238 -21.6016 2442.75
-108.472 -461.455 2480.39
-182.838 374.663 2344.89
-107.981 352.398 2227.75
-21.4716 104.489 2165.47
37.8989 -893.018 2346
-202.802 39.1204 2324.65
35.3779 -53.5071 2274.46
1.27372 -498.808 2239.13
-33.1238 330.133 2110.61
-63.2518 157.422 2293.18
FRAME: 97
-196.803 563.641 2121.97
-193.025 145.33 2454.81
-21.339 -834.868 2615.05
-276.945 -23.4723 2447.64
-61.6873 -30.2489 2433.86
-104.566 -468.757 2477.95
-184.16 365.221 2340.62
-119.341 342.777 2219.35
-73.9641 102.877 2155.41
20.2519 -920.129 2312.64
-205.999 54.7609 2327.37
31.6328 -62.3919 2259.79
-9.5697 -512.498 2210.44
-54.5226 320.333 2098.09
-67.1843 148.228 2283.09
FRAME: 98
-216.176 542.196 2103.57
-191.244 105.322 2335.5
-22.5293 -841.964 2615.18
-203.679 26.4154 2327.71
-45.6612 -45.1516 2412.24
-95.21 -482.6 2468.81
-175.491 350.45 2340.94
-112.245 330.237 2213.08
-101.543 103.612 2140.48
12.8744 -928.732 2277.39
-174.254 115.907 2277.02
38.1304 -71.8586 2242.35
-13.3115 -511.605 2188.4
-48.9986 310.023 2085.22
-58.0052 135.866 2270.19
FRAME: 99
-237.486 530.021 2093.14
-169.65 126.36 2402.89
-22.3258 -844.997 2598.36
-205.78 70.924 2270
-31.5991 -52.4714 2385.94
-92.6179 -493.621 2450.8
-172.665 345.498 2327.85
-118.491 327.525 2198.78
-43.7404 108.021 2114.46
13.9159 -935.959 2252.46
-84.3025 13.2023 2222.19
36.7285 -74.8435 2222.64
-19.671 -515.93 2165.12
-64.3171 309.551 2069.71
-57.9631 131.934 2251.53
FRAME: 100
-255.57 504.423 2069.44
-162.925 102.681 2358.49
-27.722 -861.936 2587.86
-190.448 53.3301 2280.86
-28.4519 -67.6677 2357.42
-91.6345 -510.94 2434.42
-167.387 331.174 2303.16
-115.928 316.728 2178.4
-61.6363 99.0163 2100.67
28.743 -932.276 2245.06
-58.5734 -33.5848 2181.07
38.8847 -86.1072 2205.26
-9.12445 -521.067 2157.32
-64.4682 302.282 2053.64
-55.3556 119.92 2229.87
FRAME: 101
-281.971 469.259 2043.95
-136.059 109.359 2360.61
-25.0219 -868.394 2576.27
-185.43 30.9394 2266.36
-7.9976 -73.6026 2340.06
-81.6195 -517.605 2417.2
-154.57 327.488 2306.27
-119.597 314.589 2174.41
-76.0032 109.927 2126.1
36.5117 -931.618 2236.31
-57.323 -14.118 2190.55
41.4877 -91.3848 2166.14
-12.1801 -527.38 2134.07
-84.6236 301.691 2042.54
-51.4258 116.048 2213.75
FRAME: 102
-299.128 440.37 2030.36
-144.966 137.829 2332.88
-19.2092 -873.129 2555.62
-189.133 56.0094 2251.56
-5.34999 -73.2292 2328.8
-79.3872 -521.851 2390.65
-146.064 330.675 2275.4
-115.079 319.234 2156.2
-73.5055 90.7592 2134.84
39.7288 -935.829 2229.16
-61.3654 -22.4772 2209.56
44.239 -91.9054 2142.92
-13.6569 -531.439 2118.99
-84.0946 307.793 2036.99
-47.8173 118.333 2196.03
FRAME: 103
-315.743 413.298 2011.3
-128.855 148.16 2313.59
-18.2389 -873.861 2547.03
-177.906 98.1196 2215.7
1.41379 -78.6099 2315.81
-71.2127 -534.569 2374.29
-135.605 311.564 2226.16
-108.027 297.053 2128.27
-51.6711 78.7343 2145.43
38.5863 -943.03 2218.2
-38.923 -21.8895 2214.07
46.2556 -109.298 2129.59
-15.3656 -550.889 2099.27
-80.45 282.542 2030.39
-42.0963 101.55 2175.48
FRAME: 104
-324.422 385.487 1986.25
-113.755 143.067 2301.28
8.03566 -877.277 2531.84
-191.252 49.7713 2296.82
34.5303 -88.2304 2285.57
-37.9387 -552.986 2342.7
-136.43 280.926 2223.82
-134.635 251.533 2114.14
-64.3 49.0464 2138.47
20.5432 -965.805 2212.39
-42.8038 -15.5512 2222.4
32.04 -138.966 2101.16
-30.378 -594.143 2077.01
-132.84 222.14 2004.47
-50.6749 68.9673 2153.76
FRAME: 105
-327.926 362.893 1968.4
-65.8153 148.702 2287.37
17.3557 -887.89 2514.88
-167.218 57.4004 2297.95
39.3624 -85.7911 2285.26
-33.092 -562.363 2326.66
-150.516 265.356 2204.68
-156.472 219.216 2080.78
-118.364 26.2497 2106.26
16.7044 -986.071 2215.25
-31.1628 -16.5786 2230.19
26.1393 -166.302 2078.14
-34.1654 -622.165 2055.87
-162.428 173.077 1956.89
-61.8608 46.5849 2131.24
FRAME: 106
-327.341 336.086 1952.25
-60.8034 112.021 2246.23
27.2203 -911.236 2491.6
-136.099 41.2625 2291.28
49.8994 -111.197 2261.18
-28.129 -580.159 2303.41
-149.912 235.358 2192.86
-160.078 192.456 2058.39
-114.957 -21.9074 2030.33
20.9267 -1037.36 2204.91
-62.6292 -8.5127 2244.46
38.6006 -187.622 2034.83
-28.4223 -647.925 2024.27
-170.244 149.553 1923.93
-57.9138 21.5231 2103.2
FRAME: 107
-327.31 322.987 1931.92
-35.3372 102.012 2216.91
25.5426 -926.718 2479.73
-105.903 -13.1045 2266.51
47.0153 -128.804 2252.56
-29.4342 -610.408 2279.2
-152.946 211.936 2177.87
-152.939 167.642 2032.4
-97.7961 -24.5147 2003.78
30.3234 -1019.19 2190.03
-39.5318 -15.4314 2248.01
52.6533 -204.189 2013.3
-15.4917 -657.463 1999.35
-152.933 123.349 1886.92
-51.5524 0.572948 2082.66
FRAME: 108
-321.764 321.694 1919.73
-65.1509 69.4144 2215.27
29.393 -938.781 2476.31
-97.592 -132.313 2268.88
55.8057 -188.181 2178.03
-26.5477 -620.676 2251.75
-145.252 200.135 2178.09
-142.692 169.92 2016.44
-103.115 -42.8376 1976.17
36.7567 -1068.4 2185.15
-73.1147 -14.8567 2203.3
62.6354 -222.438 2003.48
-1.85068 -680.883 1996.25
-140.131 139.705 1854.78
-41.7355 -17.6944 2053.6
FRAME: 109
-318.438 321.003 1909.13
-106.199 -18.9484 2215.98
22.5057 -939.419 2465.57
-141.722 -310.875 2154.28
43.2613 -191.788 2165.23
-37.8828 -630.254 2233.18
-160.463 167.848 2137.21
-135.295 150.541 1994.18
-62.3674 -122.805 1867.24
6.69145 -974.785 2189.44
-91.7237 -160.733 2161.78
78.7562 -214.192 1989
19.4464 -672.33 1980.64
-110.127 133.235 1851.15
-37.1431 -26.2244 2035.65
FRAME: 110
-311.488 323.501 1902.48
-165.31 -68.767 2121.37
-29.468 -908.708 2503.93
-182.751 -294.939 2012.5
8.88683 -191.904 2175.55
-71.8679 -643.604 2219.02
-217.362 152.878 2100.25
-150.282 150.411 1973.56
-27.867 -112.367 1850.61
46.9722 -950.355 2185.78
-182.727 -333.756 1918.25
101.515 -198.194 1999.81
49.2098 -638.46 1975.5
-83.2024 147.945 1846.87
-47.5407 -22.3187 2030.62
FRAME: 111
-304.251 334.524 1887.3
-214.224 -49.1637 1976.35
-42.2347 -897.056 2503.68
-110.15 -166.918 1761.15
-30.9088 -198.066 2142.59
-86.8582 -638.103 2191.46
-231.974 167.642 2069.97
-113.017 180.774 1962.42
39.1455 -67.2688 1817.54
52.3123 -940.183 2203.39
-101.287 -165.106 1623.49
106.581 -183.718 2018.36
74.2209 -615.37 1994.92
5.94048 193.907 1854.87
-37.5903 -5.05887 2021.45
FRAME: 112
-298.346 347.122 1880.88
-261.215 27.0668 1925.98
-70.6784 -848.629 2579.17
-143.998 -5.08651 1699.25
-54.9888 -198.38 2121.91
-80.0019 -636.66 2189.54
-229.017 192.868 2052.79
-95.5815 208.22 1962.29
76.9872 5.76064 1818
56.043 -952.943 2182.81
-26.2752 22.6861 1511.58
99.5362 -181.168 2018.4
74.0494 -615.801 1991.75
37.8544 223.571 1871.79
-36.6539 9.22259 2016.22
FRAME: 113
-289.063 364.67 1883.38
-239.306 58.2466 1874.9
-78.4881 -836.147 2582.7
-59.9165 126.684 1636.48
-66.497 -200.142 2109.82
-86.4557 -627.933 2175.53
-194.139 193.824 2022.2
-56.2732 200.914 1957.7
112.49 55.8392 1756.33
58.601 -957.276 2196.14
49.6367 194.357 1507.77
99.3544 -191.937 2032.02
80.737 -615.482 2006.34
81.5928 208.004 1893.21
-19.9223 2.43687 2014.31
FRAME: 114
-274.719 380.479 1896.83
-175.755 115.541 1800.24
-85.6544 -827.787 2585.5
45.8026 275.038 1653.24
-72.4197 -201.826 2096.23
-100.15 -622.779 2166.82
-186.861 189.485 2020.64
-39.3688 196.513 1970.55
137.829 101.609 1722.38
72.6243 -969.245 2198.32
94.4672 329.975 1555.04
95.9551 -194.179 2039.19
89.9522 -610.302 2013.69
108.123 203.54 1920.46
-13.8005 -0.744986 2019.13
FRAME: 115
-263.304 401.761 1898.27
-138.646 198.005 1782.91
-99.6132 -834.165 2588
74.9807 356.737 1704.12
-78.3032 -191.737 2090.04
-108.875 -604.125 2163.26
-189.131 202.518 2023.36
-32.3925 212.549 1996.25
182.316 141.316 1763.2
71.2993 -960.764 2218.72
112.125 328.613 1603.49
92.8134 -180.924 2060.24
82.7324 -604.707 2045.23
124.346 222.581 1969.13
-12.5687 13.1096 2035.69
FRAME: 116
-236.88 449.213 1911.43
-109.198 245.451 1797.11
-104.644 -824.381 2598.86
64.8527 430.196 1792.58
-84.2403 -177.839 2097.69
-117.352 -587.835 2169.02
-192.044 251.697 2034.87
-41.9532 262.536 2022.08
238.411 229.392 1843.07
70.6621 -962.55 2223
118.391 486.714 1770.31
75.1829 -166.416 2083.44
72.0015 -598.011 2076.16
108.138 273.374 2009.29
-23.241 45.2041 2056.32
FRAME: 117
-222.801 485.263 1926.66
-83.7413 270.339 1804.05
-113.848 -811.703 2612.35
73.0511 462.495 1837.02
-91.7095 -154.22 2113.99
-127.723 -562.004 2174.2
-199.459 281.182 2037.41
-47.7008 292.307 2031.9
253.657 256.64 1862.9
71.7823 -968.19 2230.51
110.769 498.585 1819.87
66.2179 -142.79 2107.21
64.4799 -581.804 2104.82
104.057 303.432 2026.38
-30.2233 71.9011 2071.25
FRAME: 118
-212.285 505.469 1940.35
-71.13 287.385 1805.47
-99.96 -792.814 2634.12
66.6747 507.743 1922.26
-87.5407 -133.083 2125.25
-126.097 -535.221 2192.4
-195.986 304.015 2035.14
-45.3083 316.7 2045.62
267.131 266.94 1902.38
74.2657 -968.531 2221.01
133.793 510.058 1862.16
60.0791 -120.766 2134.63
57.7736 -572.068 2115.87
105.369 329.385 2056.09
-29.5195 94.8878 2087.78
FRAME: 119
-203.284 513.492 1956.49
-98.3968 290.19 1880.51
-107.48 -775.784 2638.19
51.6403 443.854 2002.32
-95.0922 -108.48 2151.4
-142.213 -493.207 2242.49
-185.838 320.433 2058.46
-40.4548 330.542 2074.28
277.542 268.114 1945.6
84.5825 -953.871 2222.58
131.017 511.183 1932.18
58.8926 -98.9018 2164.67
58.4453 -536.154 2137.36
104.928 340.65 2090.1
-29.2773 113.425 2116.16
FRAME: 120
-176.954 527.187 1991.51
-84.6498 298.77 1881.15
-98.9484 -781.149 2648.52
70.125 481.434 1954.56
-104.14 -104.487 2176.85
-136.944 -510.696 2255.99
-192.241 321.483 2078.56
-44.0035 331.724 2094.88
286.435 273.883 1969.29
81.2701 -942.282 2220.48
141.546 524.097 1931.78
58.9268 -93.5532 2193.72
57.9275 -528.43 2151.85
104.234 341.964 2111.21
-33.3051 116.352 2140.09
FRAME: 121
-154.682 538.762 2035.73
-61.2483 293.117 1886.44
-90.5079 -778.207 2644.88
94.6564 495.61 1971.74
-101.625 -93.8036 2212.56
-131.837 -504.926 2277.12
-185.229 329.277 2105.16
-37.4089 339.937 2125.36
289.034 260.541 2012.59
88.0328 -904.598 2263.59
162.846 518.38 1948.41
62.399 -81.9821 2234.64
61.5686 -518.242 2187.18
110.411 350.598 2145.56
-28.5109 126.022 2174.48
FRAME: 122
-145.168 545.719 2054.06
-66.2825 276.576 1955.71
-84.0598 -777.529 2629.17
136.747 438.001 1987.02
-104.453 -80.1449 2235.33
-124.689 -503.062 2297.92
-182.547 341.637 2149.8
-28.8542 349.753 2171.1
279.663 247.437 2050.74
90.9121 -915.502 2301.33
149.576 495.301 1959.34
71.0145 -70.925 2259.67
73.8565 -520.869 2215.4
124.839 357.87 2192.4
-22.7868 137.109 2209.3
FRAME: 123
-125.94 565.149 2088.99
-86.479 241.053 1983.38
-80.9438 -785.504 2620.26
139.956 448.953 1996.47
-105.483 -77.38 2248.17
-116.873 -505.415 2323.64
-181.75 344.799 2176.78
-27.2841 352.628 2200.41
273.456 226.935 2077.37
111.304 -885.182 2354.36
186.368 469.125 1949.4
77.0031 -68.1413 2275.89
85.0607 -502.81 2239.42
127.182 360.456 2224.04
-20.7619 139.933 2231.22
FRAME: 124
-116.024 581.428 2107.73
-111.395 208.074 2012.16
-84.3084 -797.601 2621.2
128.102 360.982 1973.93
-107.898 -74.8432 2258.82
-115.333 -503.117 2345.53
-186.016 357.088 2187.13
-23.8323 364.939 2215.1
270.468 223.342 2096.02
150.511 -855.841 2406.32
183.943 508.136 1972.57
82.8233 -65.5986 2291.11
96.5292 -491.104 2263.95
138.351 372.789 2243.08
-18.1848 147.359 2245.03
FRAME: 125
-74.0455 615.333 2140.82
-123.353 191.762 2038.38
-67.9665 -808.576 2612.1
160.418 308.059 1968.58
-105.353 -62.9638 2270.76
-110.946 -496.043 2359.66
-176.699 364.048 2198.88
-14.7248 369.364 2220.23
253.133 218.899 2086.31
180.628 -857.107 2444.29
176.713 454.663 1953.64
87.835 -56.6612 2296.06
124.237 -485.569 2315.31
147.25 374.68 2241.57
-11.7419 154.776 2251.82
FRAME: 126
-59.2486 633.146 2141.59
-132.837 164.032 2095.65
-82.8396 -821.932 2625.84
162.557 191.644 1988.17
-96.659 -49.3196 2290.51
-98.0458 -489.98 2400.6
-173.91 378.515 2209.2
-9.35859 385.689 2220.79
228.161 215.234 2073.92
252.693 -805.777 2535.61
170.293 463.693 1955.45
104.828 -40.5049 2304.63
139.437 -471.626 2327.54
155.193 392.862 2232.39
-2.6371 170.388 2259.18
FRAME: 127
-40.4992 656.37 2147.08
-129.763 148.041 2129.55
-88.5041 -817.355 2639.23
149.996 150.472 2005.49
-93.7217 -33.045 2326.7
-101.258 -454.964 2446.75
-163.124 396.029 2213.59
0.883235 399.378 2209.92
180.219 240.548 2006.1
299.104 -760.552 2586.19
181.906 444.901 1733.14
122.223 -28.6881 2321.75
158.818 -481.713 2354.23
164.891 402.726 2206.25
7.56703 184.256 2267.07
FRAME: 128
-31.4741 656.317 2151.68
-134.048 131.91 2173.89
-90.7521 -826.257 2648.22
129.504 119.181 2026.11
-88.0448 -34.1731 2347.35
-87.6829 -461.943 2456.25
-155.594 397.268 2234.27
3.0388 401.204 2223.96
201.696 222.608 2075.59
342.068 -737.219 2650.16
154.899 347.817 1884.07
131.882 -28.8178 2332.69
191.402 -480.122 2394.51
161.672 405.139 2213.66
12.4787 184.854 2281.99
FRAME: 129
-14.3795 660.798 2162.13
-146.677 127.53 2227.65
-92.0603 -819.405 2656.46
83.1069 75.543 2066.02
-70.6064 -33.0866 2370.57
-77.139 -452.875 2472.09
-148.623 395.174 2248.78
8.39116 399.008 2227.96
209.168 203.019 2128.67
355.808 -721.212 2684.25
97.0491 82.1392 2033.22
143.846 -27.774 2342.16
219.378 -472.17 2408.23
165.405 402.842 2207.14
22.5055 184.289 2292.16
FRAME: 130
1.96803 658.098 2169.94
-102.251 144.205 2279.56
-91.1228 -811.746 2656.99
37.792 59.887 2078.73
-39.9334 -46.7391 2400.64
-67.6688 -454.275 2482.03
-123.787 392.059 2264.59
25.0547 392.971 2233.22
197.19 168.956 2121.71
374.508 -742.907 2709.49
59.0556 74.0926 1920.13
163.461 -45.4919 2357.88
256.239 -473.039 2452.77
173.896 393.884 2201.84
43.4093 173.428 2306.24
FRAME: 131
33.7684 637.658 2178.42
-110.668 126.36 2284.89
-86.6491 -811.552 2664.44
-23.7291 -35.7791 2055.96
-14.8254 -57.4219 2414.53
-47.9069 -478.022 2489.16
-94.993 378.84 2280.83
63.7807 377.53 2250.18
252.306 146.115 2192.58
385.179 -746.181 2722.4
-26.284 16.6809 1909.8
191.443 -59.1333 2374.75
277.883 -473.569 2471.28
222.554 376.219 2219.54
76.0447 159.626 2322.41
FRAME: 132
49.4424 628.388 2184.08
-112.721 112.311 2320.1
-82.1275 -813.209 2670.21
-72.029 -26.2781 1977.34
3.5822 -55.3528 2431.02
-34.243 -483.858 2488.31
-77.3446 373.509 2301.73
80.9955 368.561 2261.18
325.394 101.111 2266.24
390.045 -751.83 2731.31
9.64806 7.48517 2030.99
205.629 -61.711 2379.2
294.145 -468.079 2488.29
239.336 363.614 2220.64
92.8005 155.015 2333.15
FRAME: 133
60.4583 618.112 2185.22
-127.691 98.852 2354.11
-78.3974 -812.605 2676.45
-128.133 -68.8084 2052.24
14.3194 -49.4197 2447.16
-30.1968 -482.944 2494.46
-70.5755 369.566 2309.11
87.7542 364.453 2263.99
344.63 96.4809 2264.02
395.86 -758.662 2734.32
19.5678 -51.1533 2151.03
221.803 -56.1231 2388.03
307.181 -455.845 2499.84
246.084 359.34 2218.86
102.908 155.841 2340.79
FRAME: 134
66.257 614.267 2187.7
-99.1848 116.664 2415.63
-57.866 -801.842 2681.83
-73.199 -75.9815 2146.16
26.5215 -33.2023 2484.48
-12.0352 -462.413 2508.28
-61.4232 371.763 2325.17
94.0322 360.486 2267.71
356.727 116.581 2236.72
397.193 -766.212 2760.2
46.6992 -66.9382 2221.09
234.158 -48.1801 2407.9
324.462 -447.774 2511.5
249.488 349.21 2210.26
112.186 159.897 2356.95
FRAME: 135
69.0963 614.906 2184.51
-68.8504 132.78 2427.32
-24.8126 -806.022 2698.18
-37.4183 -49.6152 2196.86
58.1476 -27.9355 2488.01
6.15453 -450.389 2528.33
-42.2824 378.601 2335.82
105.057 366.641 2267.73
357.668 121.43 2236.15
397.435 -764.784 2768.58
92.543 -48.088 2261.91
248.97 -43.3895 2399.94
327.577 -445.185 2518.71
252.396 354.68 2199.64
129.308 165.489 2355.85
FRAME: 136
67.4273 626.025 2186.69
-68.6291 137.376 2449.85
107.462 -807.597 2697.85
-195.221 -43.8401 2221.53
63.4681 -14.9082 2492.97
18.6571 -447.384 2544.47
-38.0095 389.98 2342.4
105.042 376.577 2265.74
334.639 116.845 2220.32
386.625 -758.23 2763.31
70.8701 -10.7471 2282.56
258.706 -33.2242 2388.35
336.084 -434.825 2511.73
248.094 363.174 2189.08
133.064 176.256 2353.2
FRAME: 137
62.0949 641.53 2188.64
-41.0312 190.464 2479.67
150.261 -803.799 2692.84
-29.2105 -32.0999 2267.95
79.975 -7.34838 2489.95
37.4233 -445.694 2551.16
-36.1529 400.569 2352.81
98.699 389.995 2266.58
322.936 140.826 2210.08
378.447 -755.731 2718.69
66.6635 26.1893 2286.7
264.22 -21.9187 2372.03
335.463 -430.581 2486.55
233.551 379.42 2180.35
135.398 187.681 2348.78
FRAME: 138
54.7417 650.992 2187.76
-40.1778 203.696 2485.29
185.117 -804.454 2695
-89.0144 -18.9851 2315.42
92.3444 2.09184 2487.9
73.442 -438.416 2558.41
-37.9778 415.535 2353.7
87.6622 404.764 2258.11
308.496 151.932 2198.65
374.96 -778.703 2681.73
56.3956 31.844 2308.03
263.205 -12.6843 2357.87
319.626 -439.986 2458.62
213.302 393.993 2162.53
132.718 199.734 2340.5
FRAME: 139
39.5578 656.366 2180.4
-39.7893 187.097 2482.19
206.044 -809.13 2699.48
-120.134 -22.4989 2340.47
95.4781 2.60733 2481.45
92.3603 -444.027 2562.34
-37.0175 422.698 2355.58
79.7854 413.421 2255.66
295.363 161.13 2202.57
373.206 -781.059 2662.08
69.3251 8.13428 2306.09
263.057 -10.6486 2338.35
299.556 -455.206 2418.84
196.588 404.144 2155.75
129.527 204.7 2332.78
FRAME: 140
25.0394 656.948 2184.62
-10.2663 193.835 2507.03
222.31 -807.749 2679.96
-126.826 -34.2551 2375.64
114.078 3.568 2481.41
101.775 -435.296 2550.81
-27.4984 419.245 2370.39
71.1981 406.143 2259.43
225.285 132.077 2204.75
377.188 -792.576 2627.39
20.094 8.83562 2327.87
248.5 -14.1857 2330.71
276.818 -463.991 2376.85
169.895 393.041 2148.46
126.244 200.417 2332.74
FRAME: 141
-0.0992005 633.417 2186.08
0.711408 171.419 2512.48
244.139 -818.376 2664.22
-137.891 -69.1255 2467.1
129.608 -2.02511 2475.18
117.723 -443.342 2543.11
-20.4398 397.168 2385.23
48.9467 377.862 2260.04
200.131 135.983 2193.27
342.445 -828.167 2514.68
-5.54883 13.0613 2330.58
223.285 -27.8967 2306.93
251.387 -469.578 2348.51
118.333 358.556 2134.86
112.697 181.451 2325.55
FRAME: 142
-23.6261 598.474 2180.7
1.87269 166.394 2500.37
249.228 -837.291 2652.63
-134.553 -69.8456 2514.02
134.367 -11.9963 2469.48
122.63 -462.368 2542.79
-13.7459 380.914 2377.67
46.0002 356.174 2248.21
147.684 100.697 2166.92
323.87 -835.524 2483.4
-26.5235 4.91787 2351.86
216.013 -45.7944 2293.17
216.092 -494.693 2310.37
105.746 331.434 2118.76
110.595 163.639 2314.77
FRAME: 143
-40.726 587.85 2166.74
12.3453 133.456 2468.38
234.632 -841.962 2618.53
-106.119 -57.1429 2544.84
138.717 -45.4764 2454.18
115.637 -482.176 2544.96
-6.34072 357.744 2363.01
47.0963 330.158 2236.24
114.595 73.3689 2139.48
290.108 -860.179 2428.66
-39.9472 -6.80838 2348.21
209.684 -82.0355 2286.67
194.029 -521.274 2283
100.533 302.572 2109.48
110.648 133.201 2303.33
FRAME: 144
-56.1487 576.09 2160.6
-0.427326 118.405 2447.17
230.207 -836.416 2630.82
-93.9383 -62.7461 2519.54
142.549 -41.092 2454.23
122.815 -480.596 2539.79
-10.9191 361.672 2356.22
32.2143 333.037 2228.99
97.394 75.2078 2143.89
247.266 -890.623 2372.55
17.5101 -21.0248 2330.32
204.594 -80.9611 2279.17
165.321 -530.504 2260.93
75.3476 304.402 2101.76
102.893 136.005 2297.84
FRAME: 145
-68.9943 563.315 2154.25
6.55281 118.207 2451.05
226.039 -844.641 2614.07
-56.9247 -98.6489 2547.14
146.156 -40.4724 2442.25
123.814 -477.971 2523.33
-12.6335 363.916 2360.47
26.8822 339.285 2236.69
55.4023 85.3199 2154.17
217.959 -891.29 2340.41
41.1766 -49.7486 2309.95
200.03 -74.7427 2271.5
152.25 -515.919 2249.95
66.3979 314.654 2112.92
99.9877 140.839 2296.78
FRAME: 146
-95.0785 540.696 2134.87
13.5331 115.468 2447.94
220.07 -850.125 2605.29
-45.5455 3.11611 2409.45
153.522 -45.0262 2420.46
119.226 -480.971 2506.04
-6.99286 360.467 2356.52
26.7612 337.628 2230.16
44.4457 89.7299 2159.08
200.193 -906.273 2314.73
95.4954 -37.7835 2270.12
198.25 -74.7427 2255.49
146.013 -513.577 2222.51
60.5153 314.789 2103.8
101.324 138.872 2284.07
FRAME: 147
-113.167 530.321 2118.97
10.7214 124.826 2443.39
211.391 -847.774 2538.43
-88.602 118.745 2216.78
149.459 -45.7329 2397.57
112.722 -490.496 2490.09
-15.3781 362.44 2330.44
19.9914 342.98 2206.7
47.7225 95.1535 2140.1
181.41 -894.847 2298.56
170.774 -37.7777 2230.24
198.7 -72.1318 2230.86
150.187 -509.98 2203.95
55.3608 323.519 2082.96
97.0355 142.024 2260.45
FRAME: 148
-135.851 504.239 2087.96
8.96948 126.566 2435.53
207.219 -854.56 2462.57
-82.0968 157.078 2180.83
153.093 -54.5434 2367.92
112.705 -505.895 2470.91
-19.2404 357.053 2305.27
19.7648 339.612 2184.2
59.0213 108.224 2123.47
157.293 -894.477 2262.99
182.805 -53.2186 2242.62
198.115 -77.8885 2213.62
151.082 -512.895 2187.33
58.77 322.172 2063.13
97.6845 136.698 2237.48
FRAME: 149
-146.821 489.961 2069.88
-32.1592 135.604 2327.29
160.895 -874.414 2306.17
-87.1992 172.161 2174.27
153.23 -66.6006 2344.27
111.406 -531.027 2436.63
-21.6335 343.411 2283.79
7.84401 324.689 2161.76
11.9214 105.883 2123.52
161.813 -836.571 2371.28
153.826 -32.8048 2253.33
194.868 -89.3214 2194.65
144.172 -533.112 2171.54
37.3215 305.966 2039.73
90.9466 123.364 2215.61
FRAME: 150
-158.927 463.842 2054.04
-50.4 129.954 2252.36
153.271 -882.409 2324.29
-98.0329 211.209 2156.3
145.701 -74.9966 2340.87
99.3091 -543.703 2432.67
-16.0556 334.778 2270.91
20.0955 315.015 2146.31
33.0489 112.22 2117.26
180.972 -832.532 2405.13
138.254 -28.1699 2267.06
199.393 -101.09 2175.97
134.829 -549.203 2154.56
56.2466 295.252 2021.7
96.3215 113.486 2202.36
FRAME: 151
-164.952 428.811 2020.88
-44.127 129.664 2236.85
108.665 -913.446 2197.16
-136.382 242.51 2052.16
137.882 -88.099 2325.2
89.2482 -563.204 2416.81
-14.3812 324.849 2256.66
17.7204 308.063 2132.91
24.8148 101.328 2113.89
192.3 -838.977 2402.88
106.544 -31.3535 2280.59
193.925 -112.305 2139.79
131.538 -561.913 2135.19
49.822 291.278 2009.15
91.8119 103.931 2182.7
FRAME: 152
-168.665 408.437 1997.33
-69.2552 108.2 2179.87
115.847 -939.024 2225.23
-141.279 208.558 2047.73
140.492 -105.08 2296.46
75.404 -584.279 2385.15
-20.6629 305.307 2241.37
9.45459 290.008 2113.27
16.3044 88.3923 2095.16
190.996 -861.462 2388.29
95.3639 -22.2245 2269.88
186.396 -127.293 2118.89
121.387 -572.458 2123.66
39.5721 274.708 1985.18
86.4494 86.9105 2160.47
FRAME: 153
-175.348 383.692 1967.98
-69.1867 57.9279 2156.05
118.899 -966.695 2260.04
-91.1341 145.13 2116.32
119.742 -146.872 2264.22
73.3336 -593.376 2371.4
-27.3506 267.908 2229.15
21.1878 253.556 2088.04
15.5808 49.6304 2032.1
186.886 -854.601 2378.9
95.8162 -12.3052 2179.35
179.341 -163.741 2107.1
120.807 -597.041 2119.88
69.7262 239.204 1946.94
85.3648 49.1251 2136.85
FRAME: 154
-174.405 382.553 1959.48
-45.4164 -8.09016 2173.54
143.019 -971.548 2314.92
-52.2564 15.2539 2239.68
133.528 -143.696 2264.21
60.9542 -601.755 2331.53
-23.3125 259.264 2236.49
10.2812 233.415 2082.5
-14.1953 13.7019 2032.19
176.793 -903.605 2328.68
-10.0529 -82.5685 2319.59
172.828 -174.266 2098.21
111.414 -603.243 2099.4
43.875 207.567 1928.52
81.7296 37.2173 2131.85
FRAME: 155
-174.808 378.027 1945.75
-37.3054 10.1742 2218.47
151.272 -966.435 2321.3
-70.9383 -155.257 2216.29
110.628 -154.358 2236.86
56.7207 -588.74 2311.25
-76.1078 197.666 2142.3
-21.6731 177.831 2028.16
52.5593 -61.9466 1979.06
178.508 -908.663 2331.69
61.0519 -164.87 2195.09
180.086 -180.356 2089.75
133.497 -603.758 2089.94
32.7616 157.995 1914.03
61.8421 5.23689 2095.73
FRAME: 156
-173.163 378.425 1924.03
-64.4861 -0.917761 2198.46
153.117 -968.146 2327.1
-90.8582 -248.317 2056
87.7904 -154.77 2225.77
37.6419 -594.013 2286.58
-114.576 201.254 2122.72
-31.7818 192.728 2009.55
105.469 -66.4614 1936.14
178.417 -902.706 2320.21
-59.1336 -297.693 1979.11
186.464 -165.752 2088.93
143.992 -593.794 2089.43
51.0124 184.201 1896.39
52.6726 16.2335 2083.45
FRAME: 157
-170.308 381.215 1910.27
-83.3521 -26.0134 2116.59
130.625 -953.908 2311.26
-49.9706 -226.276 1926.27
50.0483 -154.282 2207.63
14.1555 -584.274 2272.12
-128.408 211.607 2088.55
-10.9289 207.862 1986.34
164.602 -67.0449 1899.44
177.694 -924.695 2292.61
-42.0051 -287.97 1818.68
182.467 -159.517 2092.76
144.47 -591.026 2089.11
106.55 204.117 1884.13
52.6644 25.4811 2068.27
FRAME: 158
-171.157 383.142 1907.1
-144.221 3.95111 2055.72
155.13 -936.084 2372.75
-56.3322 -50.9186 1780.49
23.2662 -157.22 2182.13
24.7472 -580.098 2284.33
-132.128 222.317 2073.54
4.64869 227.51 1994.65
231.27 -6.16783 1960.8
173.551 -922.779 2281.5
162.775 -117.933 1832.84
178.526 -151.801 2093.12
147.405 -578.316 2095.89
141.426 232.703 1915.77
52.7725 36.4999 2066.14
FRAME: 159
-171.281 390.818 1895.13
-165.333 53.9969 1995.15
150.685 -940.323 2383.1
-17.3242 35.2273 1728.42
13.5273 -144.617 2164.54
27.7148 -577.976 2289.13
-126.396 248.607 2057.26
13.7829 254.814 1990.99
243.485 49.2119 1890.87
160.454 -918.023 2260.7
200.764 52.3912 1591.33
175.05 -137.57 2089.08
140.13 -568.361 2074.82
153.962 261.021 1924.72
54.0358 56.8603 2058.9
FRAME: 160
-168.753 411.756 1887.14
-41.4798 131.264 1854.04
142.548 -929.647 2385.44
215.75 245.831 1684.48
5.45512 -133.801 2129.53
24.4046 -563.988 2282.29
-104.72 259.804 2031.09
45.8561 268.985 2002.75
280.931 153.379 1850.11
153.865 -904.454 2254.34
292.441 318.418 1674.78
175.315 -123.778 2097.52
136.245 -555.551 2082.36
196.432 278.165 1974.41
68.1205 70.0978 2058.14
FRAME: 161
-164.498 433.934 1889.13
14.1433 180.674 1796.19
136.368 -919.141 2350.03
266.37 399.385 1786.36
5.17615 -136.593 2116.55
19.5462 -552.218 2269.14
-88.5247 255.576 2009.22
50.7846 268.146 2006.14
302.438 175.586 1857.87
138.697 -885.161 2246.34
333.991 379.884 1694.41
172.982 -121.48 2112.71
131.744 -548.396 2098.74
190.094 280.715 2003.06
69.9318 69.5546 2060.39
FRAME: 162
-160.76 445.141 1888.94
57.2268 230.532 1795.92
133.925 -923.889 2347.46
253.03 417.716 1848.97
2.66838 -128.017 2110.37
10.7135 -547.52 2257.15
-87.9753 272.278 1996.15
52.6833 284.518 2003.79
326.259 228.337 1874.44
129.948 -849.165 2267.71
309.567 496.777 1774.22
162.86 -114.653 2117.5
127.331 -541.962 2102.72
193.342 296.759 2011.43
67.7237 81.5916 2058.86
FRAME: 163
-150.041 464.491 1892.71
72.8031 299.463 1809.72
134.923 -909.171 2347.82
214.72 514.752 1912.51
-3.57223 -105.101 2094.82
0.132715 -514.799 2225.1
-83.9128 323.96 1986.4
58.0906 336.382 2022.02
365.745 240.442 1916.76
121.016 -877.694 2296.39
306.352 495.805 1822.32
151.332 -91.8414 2133.17
117.748 -533.866 2123.24
200.094 348.804 2057.64
65.9852 118.955 2068.01
FRAME: 164
-142.795 484.897 1892.85
97.3753 306.756 1823.19
125.434 -876.212 2322.58
198.05 541.614 1951.64
1.21506 -84.6202 2086.3
-5.19639 -486.917 2203.05
-89.5885 338.403 1960.72
48.8254 357.679 2016.57
382.189 274.944 1963.05
122.173 -886.615 2277.02
277.518 510.662 1870.95
139.959 -65.3525 2141.97
115.696 -528.437 2132.21
187.239 376.955 2072.41
59.7063 141.346 2065.35
FRAME: 165
-130.388 511.187 1907.82
96.1701 324.476 1841.02
117.667 -879.419 2316.25
157.175 528.274 1982
-3.2678 -56.6303 2095.64
-7.88052 -486.881 2194.3
-90.9211 348.031 1967.99
51.252 365.881 2024.54
383.623 306.911 1995
122.436 -876.418 2260.93
228.81 494.363 1904.39
135.377 -39.257 2150.45
112.112 -503.75 2135.6
193.425 383.73 2081.1
58.6534 158.969 2073.8
FRAME: 166
-106.633 524.94 1941.79
85.1162 327.1 1837.99
122.862 -890.329 2346.99
137.091 534.495 2030.36
0.7689 -63.5533 2110.86
2.71807 -503.977 2204.62
-88.1023 345.8 1984.37
49.2957 362.87 2045.43
387.686 322.775 2030.03
125.556 -890.977 2255.34
224.869 499.732 1937.42
128.765 -47.7924 2165.33
107.054 -506.846 2144.2
186.694 379.939 2106.48
57.0313 153.598 2091.76
FRAME: 167
-111.066 532.27 1954.41
85.1188 327.418 1857.4
121.543 -880.575 2352.54
127.116 513.645 2029.41
-7.31375 -60.1599 2130.44
-0.243838 -505.433 2210.89
-87.7207 350.491 1999.33
52.0397 365.084 2057.94
390.962 315.001 2043.26
125.216 -892.382 2253.4
221.653 508.97 1985.58
122.449 -46.9371 2182.63
108.795 -506.432 2160.08
191.8 379.678 2116.54
54.8037 155.768 2107.24
FRAME: 168
-102.546 539.601 1984.07
104.335 319.399 1873.06
122.665 -899.898 2391.5
171.978 527.984 2082.13
-1.3762 -75.2472 2144.21
19.1959 -523.046 2226.43
-81.2327 338.811 2014.54
41.1098 356.964 2082.17
369.146 326.504 2085.5
124.215 -898.69 2256.24
243.646 515.238 1978.73
119.227 -57.8556 2207.36
105.283 -515.434 2165.25
163.452 375.117 2149.8
50.0176 145.206 2128.98
FRAME: 169
-86.1977 543.212 2013.67
79.3917 302.286 1896.22
118.424 -888.934 2384.27
159.588 485.994 2064.85
-1.28168 -70.122 2150.75
7.48115 -513.6 2235.96
-93.4091 340.648 2043.49
37.1467 357.135 2106.33
380.038 315.833 2084.35
121.712 -891.323 2268.2
250.604 527.629 2010.64
120.112 -55.4332 2205.21
109.678 -511.207 2188.32
167.703 373.621 2169.17
48.2809 147.179 2142.15
FRAME: 170
-93.1421 559.003 2060.73
68.067 280.686 1932.89
120.074 -894.337 2425.25
190.079 473.318 2064.63
3.95183 -68.9608 2181.7
6.62126 -511.669 2275.67
-96.4442 349.576 2117.55
30.0659 363.23 2158.73
365.732 285.688 2117.46
116.458 -893.557 2271.77
253.762 506.311 2022.36
128.378 -56.0018 2218.84
106.73 -509.031 2202.34
156.576 376.884 2199.92
48.1154 150.374 2179.5
FRAME: 171
-94.2084 565.659 2089.22
37.5123 262.004 1970.54
120.556 -898.94 2406.59
217.731 440.795 2062.07
1.97697 -61.4497 2213.81
-6.6282 -512.781 2309.79
-99.2864 355.042 2142.83
36.1068 369.899 2187.13
363.508 267.274 2132.54
116.869 -896.381 2279.73
254.8 491.936 2024.42
136.669 -47.0837 2255.63
115.875 -504.646 2240.6
171.5 384.755 2231.43
52.715 157.816 2210.92
FRAME: 172
-91.3686 573.888 2105.14
-7.46115 241.404 2009.77
99.4496 -865.016 2535.5
220.019 413.441 2072.9
-11.572 -64.5083 2265.97
-7.6176 -517.203 2339.71
-104.116 362.657 2189.57
39.8909 374.498 2211.12
351.854 241.575 2140.29
119.354 -890.987 2281.9
256.515 465.168 2021.6
146.536 -51.8334 2288
132.513 -497.62 2293.4
183.898 386.34 2232.67
53.6865 158.164 2244.05
FRAME: 173
-84.9422 580.114 2145.93
-24.2683 213.779 2039.29
96.8634 -867.412 2582.07
229.963 373.411 2081.1
-21.2353 -80.9029 2311.34
-12.2914 -534.324 2381.71
-107.463 347.559 2222.77
51.8385 356.122 2230.22
317.922 269.509 2083.62
144.456 -906.727 2334.25
232.758 485.644 2059.67
165.917 -70.8358 2318.82
159.723 -521.062 2317.72
211.14 364.685 2237.68
62.0898 140.126 2272.65
FRAME: 174
-82.9344 585.951 2166.23
-51.5961 189.563 2073.27
101.673 -843.194 2664.65
219.434 336.976 2083.05
-16.1326 -81.3556 2330.32
-4.94366 -531.164 2422.19
-109.172 341.852 2261.49
50.0098 351.594 2258.96
310.406 268.55 2088.03
157.196 -890.607 2351.03
204.636 457.646 2084.05
171.64 -69.7806 2327.33
161.244 -514.69 2322.19
209.191 361.337 2256.43
63.8817 138.013 2293.89
FRAME: 175
-65.4146 600.319 2200.72
-74.9678 159.914 2133.33
106.152 -829.564 2694.08
193.399 271.772 2074.33
-16.6473 -72.3399 2358.99
-1.35928 -511.873 2457.18
-115.053 341.352 2290.37
54.6272 349.598 2280.72
285.023 251.64 2083.2
166.515 -884.972 2370.15
175.663 465.304 2145.3
175.301 -62.9247 2347.97
164.937 -499.527 2332.58
224.307 357.844 2271.06
66.977 140.983 2317.1
FRAME: 176
-53.5806 616.476 2220.4
-88.2058 144.259 2168.81
109.621 -830.994 2706.37
178.326 233.66 2074.73
-20.3114 -56.0533 2375.99
2.41522 -501.422 2472.69
-114.534 359.915 2323.71
51.7795 367.875 2309.65
278.599 244.316 2126.75
172.14 -881.617 2390.5
173.544 420.465 2115.1
175.103 -46.4243 2359.54
170.625 -483.826 2339.87
218.093 375.835 2295.6
64.5876 158.318 2338.71
FRAME: 177
-43.6368 633.534 2236.99
-105.809 143.434 2211.52
110.082 -831.148 2715.17
169.489 199.042 2085.01
-21.0053 -39.1957 2392.86
2.95876 -494.883 2481.94
-106.825 393.861 2343.92
54.5432 399.909 2327.32
266.552 231.677 2177.95
194.178 -865.7 2427.76
172.538 405.366 2041.87
175.337 -31.7373 2372.76
178.42 -464.027 2355.71
215.911 405.957 2310.72
65.8544 182.221 2355.07
FRAME: 178
-35.5833 655.662 2257.27
-117.651 152.406 2256.74
118.681 -826.992 2714.89
152.816 188.848 2100.83
-19.2984 -29.5129 2415.69
9.14752 -481.968 2517.72
-116.598 401.43 2368.17
41.2485 411.886 2342.74
259.499 189.82 2261.54
212.76 -849.229 2476.96
151.322 271.079 2077.23
178.063 -16.3871 2383.43
187.147 -461.401 2375.89
199.095 422.341 2317.3
60.3155 194.468 2371.15
FRAME: 179
-29.8719 664.817 2272.36
-133.386 146.096 2287.34
116.915 -813.104 2716.2
137.9 169.216 2131.98
-19.4102 -16.8909 2439.21
10.3894 -460.07 2526.11
-123.323 402.7 2381.51
34.9865 414.687 2349.05
263.961 192.228 2269.95
233.587 -842.06 2504.53
130.979 273.753 2075.12
181.837 -1.77038 2397.89
203.587 -439.901 2402.02
193.296 426.674 2316.59
58.0999 202.678 2383.8
FRAME: 180
-22.1316 675.971 2289.08
-105.297 163.323 2292
119.737 -807.49 2717.18
108.733 144.784 2166.33
-7.05595 -2.88377 2459.28
19.3471 -449.012 2535.35
-109.828 407.626 2391.77
40.6575 419.327 2354.19
214.051 211.482 2229.11
279.575 -812.215 2572.83
67.1586 343.276 2019.47
188.138 11.9424 2410.66
222.35 -425.76 2424.81
191.143 431.028 2316.62
65.5992 211.928 2394.58
FRAME: 181
-15.5783 682.965 2301.42
-116.523 171.759 2390.99
124.48 -798.665 2721.89
62.6 113.971 2222.9
-3.98231 0.891607 2481.64
25.8454 -442.319 2543.63
-110.565 413.859 2403
38.3607 424.628 2360.08
200.797 188.503 2250.28
292.964 -797.823 2601.18
14.9475 213.407 2169.31
193.764 15.0824 2424.8
238.109 -421.217 2445.1
187.286 435.397 2317.16
66.6257 216.307 2406.65
FRAME: 182
-8.79665 691.922 2308.64
-150.945 186.426 2460.1
130.502 -790.765 2735.04
20.383 106.267 2219.85
0.970448 5.6566 2487.22
34.6596 -432.457 2564.23
-100.558 426.493 2408.18
47.0006 437.147 2368.3
259.306 203.246 2352.11
306.135 -790.604 2621.55
39.7889 158.392 2198.16
203.914 20.2904 2432.38
246.944 -416.096 2455.99
194.559 447.801 2328.41
74.7215 225.06 2414.05
FRAME: 183
0.989678 693.011 2315.72
-153.139 164.61 2442.37
130.098 -786.938 2740.14
-46.4224 95.7685 2182.78
3.95625 -0.628101 2493.94
37.3599 -432.835 2570.71
-108.78 420.361 2411.06
43.2658 432.943 2370.28
304.558 219.835 2398.91
323.426 -778.312 2656.32
53.6591 105.789 2197.66
205.127 16.0429 2439.98
255.697 -418.983 2472.22
195.312 445.525 2329.49
73.9038 220.325 2418.62
FRAME: 184
6.70764 699.213 2318.48
-165.901 165.435 2445.89
133.68 -789.406 2741.74
-76.8034 82.2555 2138.41
7.50752 4.40649 2496.32
38.0239 -435.139 2573.98
-106.312 424.963 2415.89
45.7359 438.096 2374.13
309.346 236.955 2419.09
335.249 -769.432 2677.07
36.1021 84.7141 2175.24
209.144 21.7952 2440.99
267.867 -412.311 2487.81
197.783 451.23 2332.38
77.0308 225.599 2421.39
FRAME: 185
17.6231 704.052 2323.52
-179.55 176.783 2467.55
135.709 -789.229 2744.83
-119.8 65.4178 2200.55
19.6053 8.09395 2513.39
35.0282 -435.798 2576.54
-100.134 430.881 2426.27
52.3579 443.271 2379.27
314.968 238.288 2427.11
358.826 -762.937 2703.82
89.7812 63.9456 2253.05
218.505 24.2621 2452.08
292.137 -405.736 2516.34
204.85 455.661 2332.26
85.7066 229.725 2431
FRAME: 186
24.3983 709.158 2325.91
-163.138 180.395 2474.5
134.642 -789.94 2754.03
-62.0829 32.9843 2201.45
25.7412 5.02485 2521.92
43.6712 -441.633 2600.7
-95.129 434.679 2429.24
59.9596 446.58 2383.78
330.032 243.905 2442.51
366.632 -759.43 2716.23
114.83 51.6702 2286.34
224.777 20.2881 2463.56
308.78 -414.031 2549.49
215.048 458.481 2338.33
92.6093 229.618 2438.26
FRAME: 187
30.7266 710.62 2329.03
-162.292 200.267 2506.57
135.784 -794.248 2758.57
-49.3349 27.8635 2257.9
37.0417 -0.150194 2528.23
51.2414 -444.875 2611.21
-94.3207 434.547 2428.27
65.9304 447.792 2386.25
336.463 228.671 2429.63
372.924 -761.27 2728.09
123.242 47.861 2306.56
228.854 15.7027 2477.93
322.206 -411.015 2562.5
226.182 461.036 2344.24
99.4391 227.784 2444.67
FRAME: 188
41.304 714.216 2331.55
-154.293 207.739 2511.83
137.287 -799.475 2764.25
-72.4462 44.7346 2264.4
46.9028 2.92026 2533
59.3489 -441.108 2613.9
-88.3524 434.877 2426.59
71.8314 448.671 2386.94
344.27 233.085 2434.19
376.135 -759.422 2730.9
145.604 45.3393 2311.12
233.023 18.9411 2486.96
332.442 -401.154 2574.33
232.015 462.465 2347.29
105.897 229.801 2448.46
FRAME: 189
57.5109 716.841 2326.61
-150.847 215.54 2515.32
138.496 -800.002 2767.25
-48.6567 36.1719 2278.97
53.461 6.18248 2535.15
65.6845 -434.654 2620.62
-83.1523 433.547 2421.27
78.0946 449.822 2385.76
355.131 239.301 2443.22
375.321 -760.167 2728.8
153.156 34.6669 2309.34
246.77 25.6449 2492.59
337.049 -395.935 2577.4
239.342 466.097 2350.25
114.105 232.868 2449.82
FRAME: 190
65.7844 717.24 2321.4
-144.879 212.97 2514.32
139.117 -799.26 2770.73
-14.1204 8.16327 2269.58
61.0477 9.76273 2536.78
70.6129 -432.905 2625.34
-78.1312 432.02 2417.38
83.4736 449.817 2384.95
361.468 245.875 2446.6
377.89 -765.711 2727.56
165.198 20.3024 2323.58
253.588 30.8851 2498.39
344.539 -393.151 2587.08
245.078 467.615 2352.53
120.396 235.071 2451.27
FRAME: 191
75.6911 715.154 2310.52
-131.984 207.168 2511.66
139.372 -791.466 2780.57
-7.5258 2.39973 2282.74
67.7045 12.2263 2537.91
75.3478 -428.342 2628.23
-73.9231 431.746 2412.53
89.3556 450.468 2381.83
367.054 251.25 2446.76
379.263 -771.496 2724.96
195.977 31.8992 2314.65
260.834 34.4323 2501.71
347.445 -394.376 2596.85
252.634 469.19 2351.13
126.812 236.899 2450.82
FRAME: 192
89.5397 712.758 2298.82
-125.14 207.811 2510.88
138.42 -790.643 2789.71
-21.8662 40.0859 2266.43
69.2216 12.2844 2537.87
83.1586 -427.279 2629.67
-68.8397 434.045 2407.53
96.825 451.438 2379.08
370.346 249.907 2446.8
378.339 -781.498 2726.76
208.44 30.8887 2300.6
263.082 32.665 2504.61
350.026 -401.982 2605.62
262.49 468.83 2350.64
131.488 236.956 2450.16
FRAME: 193
108.921 710.435 2289.68
-111.333 209.067 2509.37
138.333 -792.362 2787.04
23.3369 25.3455 2269.06
77.3375 13.7952 2532.61
88.5025 -427.825 2628.23
-51.4043 435.48 2398.83
116.703 450.135 2374.75
384.327 235.191 2446.96
372.274 -794.27 2725.36
209.802 33.2732 2282.9
272.058 30.8223 2504.73
351.909 -407.306 2613.12
284.811 464.79 2350.68
145.701 236.222 2446.71
FRAME: 194
127.546 707.751 2286.88
-94.0184 204.075 2500.9
138.437 -790.431 2784.36
38.2223 26.3902 2258.47
88.5424 9.73636 2527.29
97.5519 -427.786 2625.9
-38.289 434.522 2391.85
130.639 448.015 2370.52
397.645 231.482 2446.59
366.926 -802.794 2715.36
234.087 33.724 2281.29
278.235 24.8823 2503.33
351.053 -409.502 2608.34
299.567 461.509 2349.2
157.014 232.662 2442.92
FRAME: 195
150.082 705.249 2278.2
-68.4235 196.518 2465.13
140.991 -781.526 2782.37
46.0474 21.9808 2217.26
93.2159 9.49538 2519.48
104.773 -423.594 2618.68
-24.2582 436.607 2385.29
149.128 446.386 2366.28
414.584 218.265 2437.2
366.77 -803.435 2711.57
240.391 39.3658 2271.73
285.034 20.2512 2498.31
351.262 -411.975 2608.3
322.515 456.164 2347.28
169.127 230.629 2437.59
FRAME: 196
164.256 707.089 2282.77
-62.2757 195.449 2473.21
141.39 -783.842 2778.34
69.2695 45.5626 2210.75
97.4195 11.9825 2519.38
108.411 -422.145 2601.05
-8.27011 441.826 2387.1
161.656 448.37 2366.76
428.363 218.761 2429.88
364.693 -800.197 2711.11
243.173 42.2216 2262.7
293.079 19.512 2495.95
353.455 -410.021 2602.75
331.583 454.913 2346.43
178.453 232.058 2437.21
FRAME: 197
190.556 706.762 2284.01
-50.9389 200.324 2470.59
142.222 -778.702 2770.97
102.337 70.2131 2211.6
104.996 8.25727 2508.17
115.557 -427.58 2581.7
19.8621 448.705 2385.53
184.347 449.88 2363.62
450.332 218.355 2416.85
362.308 -798.382 2706.36
263.559 33.1186 2243.36
304.937 9.70345 2481.54
358.452 -409.064 2591.96
348.832 451.054 2341.7
194.657 229.43 2429.24
FRAME: 198
213.591 707.253 2289.83
-34.4819 202.753 2449.51
140.14 -780.207 2755.02
96.6863 100.062 2179.37
113.478 7.32067 2499.56
123.457 -436.5 2562.07
40.7634 453.007 2381.82
204.892 450.339 2358.62
466.053 213.173 2406.57
362.17 -796.847 2705.65
262.323 39.9635 2243.82
317.437 4.03233 2470.64
366.008 -404.913 2578.86
369.02 447.671 2335.42
210.175 228.008 2421.86
FRAME: 199
231.693 708.858 2290.21
-30.9815 208.006 2441
138.765 -781.201 2742.27
74.2034 73.3235 2188.36
119.503 8.03891 2482.97
127.356 -442.386 2550.42
56.6854 457.578 2370.78
224.162 452.502 2352.15
479.202 194.407 2394.17
363.39 -801.52 2699.39
250.222 53.3654 2230.16
328.159 1.71417 2459.69
372.588 -407.835 2571.58
391.639 447.427 2333.53
223.997 228.689 2411.74
FRAME: 200
249.473 708.853 2281.86
-13.8304 199.063 2378.24
136.072 -772.143 2736.99
-0.561849 125.808 2072.63
129.634 -0.54995 2485.62
125.644 -452.909 2546.88
64.1865 451.966 2369.9
230.081 447.418 2347.41
486.476 198 2391.04
362.207 -804.108 2700.67
274.985 45.6311 2225.15
339.531 -6.36072 2457.11
378.583 -427.296 2560.72
395.975 442.871 2324.92
232.332 221.981 2409.39
FRAME: 201
266.238 707.979 2277.19
-23.8539 207.134 2370.51
127.811 -778.708 2726.2
-40.3272 231.745 2065.34
134.142 -1.4096 2475.9
126.617 -458.871 2534.02
73.5086 452.96 2367.19
239.833 447.518 2345.15
501.253 192.938 2374.81
362.918 -805.886 2695.13
236.196 54.3204 2215.48
347.033 -8.40624 2447.61
386.048 -425.393 2548.1
406.158 442.077 2323.12
240.211 221.305 2403.45
FRAME: 202
285.422 706.574 2272.64
-25.9478 222.592 2339.6
108.855 -786.716 2710.53
-33.0912 277.994 2039.94
148.384 2.52159 2471.41
128.158 -458.285 2527.93
81.6063 453.621 2368.21
248.725 447.945 2342.15
512.271 194.372 2363.91
362.768 -802.532 2689.82
172.532 111.039 2186.9
354.032 -4.44468 2439.35
386.965 -424.703 2537.55
415.845 442.268 2316.09
249.967 223.492 2398.77
FRAME: 203
294.538 703.377 2269.61
-2.02187 231.15 2290.5
98.5752 -784.839 2696.94
4.99745 241.992 2040.08
156.252 3.44689 2468.69
127.442 -453.26 2522.78
90.8506 452.54 2363.1
257.4 445.301 2335.13
518.093 190.606 2356.72
361.604 -802.136 2688.13
277.058 33.311 2218.45
358.82 -5.35255 2434.72
391.386 -421.286 2540.84
423.949 438.062 2307.16
257.468 222.174 2393.42
FRAME: 204
301.531 703.506 2271.71
10.6491 274.595 2242.19
83.5113 -790.583 2682.48
55.3009 152.973 2038.48
161.796 9.41528 2462.57
125.074 -445.672 2513.6
110.107 462.284 2360.53
268.707 452.176 2332.36
522.886 194.013 2356.13
360.639 -803.813 2678.62
275.511 40.1067 2220.36
358.175 -3.12867 2427.81
391.584 -422.024 2530.71
427.308 442.068 2304.19
264.346 227.659 2388.77
FRAME: 205
310.016 703 2266.25
17.1314 290.928 2222.25
74.3151 -789.765 2668.15
52.7154 205.538 2040.11
163.243 10.0203 2461.48
125.762 -439.426 2508.04
110.617 464.002 2357.22
272.173 452.848 2329.04
526.786 192.863 2355.61
362.054 -807.287 2678.04
273.72 47.8393 2219.84
358.89 -3.56695 2427.32
389.992 -422.15 2533.25
433.73 441.695 2300.85
266.62 228.038 2386.72
FRAME: 206
312.357 704.229 2264.59
35.0995 279.048 2224.94
63.2261 -788.985 2660.68
133.314 154.296 2124.31
171.451 12.6992 2452.23
124.619 -434.584 2508
124.556 468.741 2350.82
280.821 456.84 2324.19
531.342 195.776 2350.83
361.914 -806.888 2677.64
267.69 24.5127 2231.86
359.229 -1.78796 2420.08
391.005 -419.633 2530.14
437.087 444.94 2297.56
273.081 231.148 2380.18
FRAME: 207
314.832 703.742 2261.21
48.4923 242.003 2258.95
43.4556 -793.172 2640.6
82.6938 202.077 2154.58
170.723 12.6841 2450.11
124.378 -431.748 2499.2
126.688 469.001 2351.15
282.923 456.111 2323.26
531.474 193.677 2349.85
362.208 -807.46 2674.99
246.824 56.3441 2200.51
359.614 -3.0132 2416.32
390.046 -420.662 2529.79
439.158 443.22 2295.37
274.046 230.473 2378.24
FRAME: 208
317.601 701.279 2256.28
47.8136 236.485 2267.41
34.4519 -796.509 2632.64
77.3486 212.534 2153.38
171.947 8.67107 2443.27
119.607 -431.018 2495.18
127.324 466.841 2348.95
284.975 453.973 2321.42
533.836 192.997 2348.79
362.522 -809.79 2671.64
262.982 51.6112 2210.11
360.711 -6.7891 2410.25
388.978 -421.755 2522.01
442.626 441.104 2293.88
275.652 227.457 2374.09
FRAME: 209
315.43 700.996 2257.16
38.5523 240.463 2260.32
29.9967 -800.566 2630.48
111.246 178.401 2151.75
172.01 7.93219 2441.75
121.378 -429.482 2489.29
122.991 466.28 2347.95
282.3 453.926 2318.9
533.647 195.406 2346.81
363.313 -804.338 2672.42
237.538 86.5919 2176.1
360.635 -6.80069 2407.25
386.656 -419.769 2520.71
441.61 441.572 2289.85
274.311 227.246 2371.7
FRAME: 210
313.716 699.65 2253.91
38.1673 259.59 2226.3
27.7029 -801.045 2635.17
88.6972 193.582 2223.13
168.775 -0.91431 2433.85
118.871 -432.136 2492.98
117.479 461.438 2342.48
279.784 450.323 2316.02
532.357 194.59 2349.48
363.881 -805.925 2674.31
267.948 68.2065 2185.92
361.184 -14.1002 2402.42
386.722 -423.848 2514.81
442.089 439.208 2289.57
272.382 221.408 2367.08
FRAME: 211
309.142 700.844 2252.84
29.6157 263.355 2224.77
25.8466 -812.845 2633.97
107.952 156.747 2203.58
163.1 -4.95434 2436.66
113.248 -440.881 2500.85
116.716 460.688 2352.03
277.676 448.475 2319.67
533.33 194.678 2347.71
361.992 -807.095 2670.92
252.019 67.4587 2185.79
355.011 -19.6942 2399
382.47 -427.595 2508.36
438.635 436.262 2287.3
268.366 218.075 2368.75
FRAME: 212
294.962 700.092 2246.46
23.6827 260.434 2226.38
23.6475 -814.973 2633.7
120.157 168.772 2178.33
147.978 -7.74869 2427.58
104.124 -447.163 2499.35
105.715 459.906 2345.7
266.726 445.798 2313.77
523.627 192.277 2344.18
361.515 -810.266 2675.52
229.166 85.1708 2180.03
340.666 -24.6951 2389.55
374.515 -431.497 2502.81
427.737 431.69 2281.84
255.524 214.788 2361.17
FRAME: 213
284.133 698.817 2243.03
12.567 240.104 2273.74
23.4183 -810.744 2629.19
132.41 135.096 2155.58
137.896 -6.46189 2420.43
98.2204 -446.195 2494.13
93.33 459.644 2340.41
252.627 447.276 2309.93
504.021 199.148 2328.62
361.511 -810.921 2672.23
220.465 81.6269 2164.18
330.998 -21.4699 2383.45
369.025 -429.855 2498.31
411.924 434.908 2279.44
243.537 216.655 2355.94

