FRAME: 0
0 0 0
0 0 0
0 0 0
0 0 0
0 0 0
0 0 0
0 0 0
0 0 0
0 0 0
0 0 0
0 0 0
0 0 0
0 0 0
0 0 0
0 0 0
FRAME: 1
0 0 0
0 0 0
0 0 0
0 0 0
0 0 0
0 0 0
0 0 0
0 0 0
0 0 0
0 0 0
0 0 0
0 0 0
0 0 0
0 0 0
0 0 0
FRAME: 2
0 0 0
0 0 0
0 0 0
0 0 0
0 0 0
0 0 0
0 0 0
0 0 0
0 0 0
0 0 0
0 0 0
0 0 0
0 0 0
0 0 0
0 0 0
FRAME: 3
0 0 0
0 0 0
0 0 0
0 0 0
0 0 0
0 0 0
0 0 0
0 0 0
0 0 0
0 0 0
0 0 0
0 0 0
0 0 0
0 0 0
0 0 0
FRAME: 4
0 0 0
0 0 0
0 0 0
0 0 0
0 0 0
0 0 0
0 0 0
0 0 0
0 0 0
0 0 0
0 0 0
0 0 0
0 0 0
0 0 0
0 0 0
FRAME: 5
0 0 0
0 0 0
0 0 0
0 0 0
0 0 0
0 0 0
0 0 0
0 0 0
0 0 0
0 0 0
0 0 0
0 0 0
0 0 0
0 0 0
0 0 0
FRAME: 6
0 0 0
0 0 0
0 0 0
0 0 0
0 0 0
0 0 0
0 0 0
0 0 0
0 0 0
0 0 0
0 0 0
0 0 0
0 0 0
0 0 0
0 0 0
FRAME: 7
0 0 0
0 0 0
0 0 0
0 0 0
0 0 0
0 0 0
0 0 0
0 0 0
0 0 0
0 0 0
0 0 0
0 0 0
0 0 0
0 0 0
0 0 0
FRAME: 8
0 0 0
0 0 0
0 0 0
0 0 0
0 0 0
0 0 0
0 0 0
0 0 0
0 0 0
0 0 0
0 0 0
0 0 0
0 0 0
0 0 0
0 0 0
FRAME: 9
0 0 0
0 0 0
0 0 0
0 0 0
0 0 0
0 0 0
0 0 0
0 0 0
0 0 0
0 0 0
0 0 0
0 0 0
0 0 0
0 0 0
0 0 0
FRAME: 10
0 0 0
0 0 0
0 0 0
0 0 0
0 0 0
0 0 0
0 0 0
0 0 0
0 0 0
0 0 0
0 0 0
0 0 0
0 0 0
0 0 0
0 0 0
FRAME: 11
0 0 0
0 0 0
0 0 0
0 0 0
0 0 0
0 0 0
0 0 0
0 0 0
0 0 0
0 0 0
0 0 0
0 0 0
0 0 0
0 0 0
0 0 0
FRAME: 12
0 0 0
0 0 0
0 0 0
0 0 0
0 0 0
0 0 0
0 0 0
0 0 0
0 0 0
0 0 0
0 0 0
0 0 0
0 0 0
0 0 0
0 0 0
FRAME: 13
0 0 0
0 0 0
0 0 0
0 0 0
0 0 0
0 0 0
0 0 0
0 0 0
0 0 0
0 0 0
0 0 0
0 0 0
0 0 0
0 0 0
0 0 0
FRAME: 14
0 0 0
0 0 0
0 0 0
0 0 0
0 0 0
0 0 0
0 0 0
0 0 0
0 0 0
0 0 0
0 0 0
0 0 0
0 0 0
0 0 0
0 0 0
FRAME: 15
0 0 0
0 0 0
0 0 0
0 0 0
0 0 0
0 0 0
0 0 0
0 0 0
0 0 0
0 0 0
0 0 0
0 0 0
0 0 0
0 0 0
0 0 0
FRAME: 16
0 0 0
0 0 0
0 0 0
0 0 0
0 0 0
0 0 0
0 0 0
0 0 0
0 0 0
0 0 0
0 0 0
0 0 0
0 0 0
0 0 0
0 0 0
FRAME: 17
0 0 0
0 0 0
0 0 0
0 0 0
0 0 0
0 0 0
0 0 0
0 0 0
0 0 0
0 0 0
0 0 0
0 0 0
0 0 0
0 0 0
0 0 0
FRAME: 18
0 0 0
0 0 0
0 0 0
0 0 0
0 0 0
0 0 0
0 0 0
0 0 0
0 0 0
0 0 0
0 0 0
0 0 0
0 0 0
0 0 0
0 0 0
FRAME: 19
0 0 0
0 0 0
0 0 0
0 0 0
0 0 0
0 0 0
0 0 0
0 0 0
0 0 0
0 0 0
0 0 0
0 0 0
0 0 0
0 0 0
0 0 0
FRAME: 20
0 0 0
0 0 0
0 0 0
0 0 0
0 0 0
0 0 0
0 0 0
0 0 0
0 0 0
0 0 0
0 0 0
0 0 0
0 0 0
0 0 0
0 0 0
FRAME: 21
0 0 0
0 0 0
0 0 0
0 0 0
0 0 0
0 0 0
0 0 0
0 0 0
0 0 0
0 0 0
0 0 0
0 0 0
0 0 0
0 0 0
0 0 0
FRAME: 22
0 0 0
0 0 0
0 0 0
0 0 0
0 0 0
0 0 0
0 0 0
0 0 0
0 0 0
0 0 0
0 0 0
0 0 0
0 0 0
0 0 0
0 0 0
FRAME: 23
0 0 0
0 0 0
0 0 0
0 0 0
0 0 0
0 0 0
0 0 0
0 0 0
0 0 0
0 0 0
0 0 0
0 0 0
0 0 0
0 0 0
0 0 0
FRAME: 24
0 0 0
0 0 0
0 0 0
0 0 0
0 0 0
0 0 0
0 0 0
0 0 0
0 0 0
0 0 0
0 0 0
0 0 0
0 0 0
0 0 0
0 0 0
FRAME: 25
0 0 0
0 0 0
0 0 0
0 0 0
0 0 0
0 0 0
0 0 0
0 0 0
0 0 0
0 0 0
0 0 0
0 0 0
0 0 0
0 0 0
0 0 0
FRAME: 26
0 0 0
0 0 0
0 0 0
0 0 0
0 0 0
0 0 0
0 0 0
0 0 0
0 0 0
0 0 0
0 0 0
0 0 0
0 0 0
0 0 0
0 0 0
FRAME: 27
-630.495 418.652 2424.45
-602.052 54.9455 2536.22
-680.14 -886.593 2415.55
-448.657 354.027 2485.48
-408.98 -127.56 2543.43
-620.996 -480.19 2408.12
-537.379 251.926 2506.45
-477.786 259.167 2454.88
-406.149 82.8812 2556.59
-647.761 -883.885 2455.65
-203.145 -45.2019 2580.2
-346.822 -120.008 2489.63
-575.552 -466.824 2453.8
-418.193 266.407 2403.3
-427.844 67.6913 2485.7
FRAME: 28
-646.375 407.735 2389.62
-505.924 86.269 2556.53
-642.662 -884.496 2570.12
-501.598 89.447 2524.38
-427.806 -165.53 2520.5
-599.056 -506.285 2433.62
-510.198 275.443 2536.37
-468.285 289.127 2470.07
-388.36 93.2155 2547.36
-539.087 -774.918 2628.29
-293.028 -155.381 2530.04
-383.321 -151.272 2437.93
-556.188 -526.411 2435.08
-426.372 302.81 2403.77
-436.925 65.3628 2474.64
FRAME: 29
-653.904 409.662 2351.61
-524.801 58.248 2568.57
-659.487 -893.133 2515.2
-491.632 74.4288 2523.9
-447.344 -166.575 2510.8
-615.054 -504.367 2392.44
-527.865 265.35 2525.6
-486.715 274.209 2453.69
-395.724 89.637 2544.35
-477.088 -805.193 2668.7
-400.913 -137.381 2492.36
-399.546 -157.231 2423.78
-564.643 -549.443 2443.56
-445.566 283.069 2381.79
-455.08 56.1532 2460.49
FRAME: 30
-648.522 421.966 2322.74
-556.619 43.1625 2555.95
-656.867 -867.492 2471.18
-673.125 -100.58 2534.44
-443.952 -146.94 2515.52
-606.231 -512.858 2459.6
-575.778 249.031 2497.87
-570.611 228.751 2388.68
-485.84 6.63064 2440.47
-396.591 -701.484 2774.59
-382.62 -175.003 2450.63
-450.702 -177.4 2384.39
-580.394 -573.616 2436.53
-565.444 208.472 2279.49
-508.969 33.2905 2419.32
FRAME: 31
-633.068 447.612 2285.07
-591.521 35.098 2541.81
-660.557 -898.128 2459.28
-777.12 -156.675 2458.47
-453.45 -145.201 2523.37
-619.629 -531.669 2481.66
-580.379 247.648 2491.21
-575.367 221.041 2364.2
-616.228 -59.4153 2273.72
-434.316 -715.422 2706.17
-666.937 -183.702 2409.78
-455.415 -182.871 2366.77
-606.941 -586.195 2393.35
-570.356 194.433 2237.19
-514.9 28.5023 2404.63
FRAME: 32
-614.848 480.651 2253.44
-695.439 54.6417 2388.46
-695.305 -886.554 2392.69
-824.501 25.9429 2009.51
-491.55 -135.572 2507.53
-639.132 -530.796 2448.09
-602.39 264.467 2446.22
-573.496 237.699 2321.61
-606.678 20.0482 2096.35
-436.446 -722.568 2708.12
-745.876 12.4439 2048.42
-458.433 -171.325 2349.28
-597.27 -586.133 2364.17
-544.602 210.931 2197
-524.244 42.1252 2375.01
FRAME: 33
-611.889 508.86 2240.11
-645.152 122.723 2356.78
-676.668 -855.543 2423.19
-685.349 181.421 2006.97
-513.37 -123.799 2510.78
-661.127 -492.356 2385.24
-610.911 308.803 2418.94
-568.897 284.156 2300.47
-583.079 71.3783 2030.74
-413.189 -695.307 2710.8
-758.727 185.38 1783.67
-455.405 -160.899 2343.09
-547.993 -574.082 2380.02
-526.883 259.509 2182.01
-526.642 70.9035 2363.71
FRAME: 34
-611.105 526.817 2228.94
-676.577 224.941 2141.06
-694.199 -879.137 2369.29
-631.324 280.669 1965.42
-540.317 -113.615 2463.31
-652.963 -497.072 2342.91
-600.07 302.405 2336.91
-544.011 293.84 2261.77
-523.959 146.089 1993.86
-398.263 -665.426 2794.94
-600.461 355.314 1809.9
-474.085 -136.594 2342.09
-561.381 -550.603 2419.3
-487.952 285.275 2186.62
-525.606 84.3676 2332.23
FRAME: 35
-594.317 569.805 2215.51
-640.586 301.388 2034.3
-703.347 -853.98 2358.28
-527.687 427.051 1992.81
-607.245 -73.7143 2414.81
-666.099 -481.52 2326.73
-683.355 356.622 2275.39
-573.499 341.661 2217.96
-440.95 191.517 1962.97
-408.736 -672.5 2753.45
-464.682 435.672 1772.85
-481.278 -95.9869 2333.26
-546.225 -511.784 2394.37
-463.642 326.699 2160.53
-558.88 128.405 2296
FRAME: 36
-603.364 585.042 2213.97
-638.204 323.898 2060.37
-675.864 -903.032 2363.92
-385.645 549.11 1936.59
-640.284 -48.5468 2337.41
-637.761 -472.799 2329.82
-716.434 364.806 2237.58
-580.318 355.583 2208.13
-380.847 236.514 1977.02
-451.659 -638.636 2737.02
-412.789 463.812 1831.61
-523.34 -56.2234 2312.52
-566.814 -459.621 2328.81
-444.203 346.36 2178.69
-581.065 151.599 2266.55
FRAME: 37
-614.335 588.686 2196.66
-601.198 368.739 1963.61
-619.73 -823.574 2516.33
-382.932 510.056 2019.81
-658.28 -40.6824 2312.34
-633.987 -491.805 2298.96
-723.208 368.75 2208.73
-587.623 364.694 2204.4
-343.902 284.956 1991.61
-464.768 -665.263 2837.3
-357.845 563.62 1979.12
-532.185 -44.3123 2310.31
-565.549 -443.031 2389.73
-452.038 360.638 2200.07
-591.428 161.098 2257.86
FRAME: 38
-625.944 593.929 2185.02
-556.103 384.718 1968.43
-627.201 -866.508 2451.43
-358.186 497.391 2087.97
-661.893 -32.8023 2293.98
-632.833 -487.177 2296.36
-715.137 384.302 2176.88
-581.375 379.939 2183.36
-315.499 314.814 1972.25
-519.6 -678.288 2794
-362.412 556.233 2045.96
-539.215 -36.9318 2300.99
-566.01 -438.86 2361.61
-447.614 375.577 2189.83
-590.965 172.536 2240.42
FRAME: 39
-623.366 600.589 2176.68
-541.808 389.971 1983.08
-628.739 -857.27 2479.11
-383.942 474.478 2158.45
-676.036 -28.1644 2278.94
-641.415 -485.981 2311.02
-714.981 395.654 2174.02
-584.356 389.112 2186.24
-299.522 355.476 2032.04
-579.212 -717.673 2689.74
-426.288 556.514 2118.13
-552.938 -34.7162 2290.81
-603.906 -449.764 2314.65
-453.732 382.57 2198.46
-599.422 178.836 2235.55
FRAME: 40
-615.639 601.98 2179.41
-537.576 388.208 1991.62
-628.238 -858.004 2467.12
-346.444 473.116 2187.83
-692.732 -23.7567 2268.91
-650.145 -485.07 2303.61
-714.377 405.842 2177.56
-584.912 395.995 2190.46
-280.372 376.667 2058.4
-593.142 -740.428 2629.91
-412.404 562.083 2198.18
-558.12 -34.1254 2282.56
-615.519 -456.25 2295.62
-455.447 386.148 2203.36
-605.169 183.527 2233.1
FRAME: 41
-611.883 605.522 2169.43
-536.276 390.869 1985.78
-617.66 -836.955 2520.75
-352.929 474.382 2197.31
-694.26 -20.8484 2263.88
-684.342 -464.876 2343.39
-710.061 412.958 2169.73
-583.074 402.413 2189.93
-274.422 377.716 2063.34
-608.715 -766.111 2583.55
-401.998 541.545 2174.69
-570.573 -31.6859 2281.95
-624.79 -454.268 2278.94
-456.087 391.868 2210.12
-607.745 188.073 2231.42
FRAME: 42
-607.353 605.425 2168.22
-525.725 394.932 1980.29
-618.113 -807.256 2601.1
-359.257 479.9 2217.23
-707.744 -21.9055 2249.41
-701.248 -472.438 2378.25
-711.549 411.274 2167.59
-584.667 398.448 2189.25
-270.939 382.547 2072.54
-607.415 -804.811 2486.49
-394.09 562.992 2190.97
-572.302 -35.8284 2271.41
-633.3 -455.29 2282.6
-457.786 385.621 2210.92
-612.345 184.79 2224.83
FRAME: 43
-602.917 608.187 2161.97
-527.58 395.238 1980.38
-623.051 -816.437 2570.4
-357.055 484.035 2240.42
-716.778 -26.535 2244.9
-702.181 -467.235 2363.73
-708.656 412.404 2159.63
-581.16 397.951 2182.77
-263.427 388.998 2069.11
-601.379 -794.98 2512.84
-404.832 587.752 2210.68
-572.365 -43.4298 2270.78
-630.257 -460.705 2285.74
-453.664 383.499 2205.92
-612.866 181.484 2220.31
FRAME: 44
-600.498 608.974 2162.84
-507.525 397.247 1982.91
-607.303 -796.976 2627.67
-395.164 507.245 2266.63
-720.615 -21.2244 2238.76
-710.167 -479.019 2354.03
-711.255 411.405 2156.35
-583.345 396.96 2180.6
-257.475 392.424 2074.05
-603.495 -775.033 2577.39
-421.411 570.889 2215.22
-570.828 -38.839 2267.07
-628.258 -465.072 2289.39
-455.436 382.515 2204.84
-614.534 183.464 2216.76
FRAME: 45
-595.84 607.249 2164.11
-532.332 386.563 2004.43
-611.069 -798.882 2603.89
-406.946 506.693 2265.28
-727.71 -21.8503 2237.29
-716.953 -467.213 2353.63
-716.394 409.042 2155.54
-586.51 393.651 2181.51
-254.483 390.782 2081.96
-608.789 -785.961 2537.1
-448.527 525.64 2208.02
-575.229 -40.4095 2268.06
-627.831 -465.545 2291.6
-456.627 378.26 2207.47
-618.99 181.261 2217.09
FRAME: 46
-594.548 606.592 2163.83
-545.714 373.905 2021.88
-604.462 -810.897 2538.47
-442.337 483.293 2286.81
-732.672 -22.0502 2237.55
-720.182 -467.664 2351.29
-717.515 407.823 2160.42
-588.137 391.775 2183.7
-251.915 392.44 2086.02
-604.98 -817.011 2470.54
-446.863 539.585 2208.41
-574.273 -42.1121 2266.5
-629.083 -465.237 2291.81
-458.759 375.727 2206.99
-620.805 179.847 2217.87
FRAME: 47
-593.726 606.224 2163.46
-537.24 384.646 2004.91
-610.438 -822.037 2519.22
-445.115 495.741 2283.61
-731.818 -20.4014 2236.7
-717.153 -466.555 2348.85
-717.489 408.068 2160.2
-588.512 392.523 2184.5
-250.021 398.886 2093.08
-601.859 -810.925 2471.17
-435.454 568.022 2202.59
-572.658 -39.8693 2266.76
-631.58 -463.381 2290.6
-459.535 376.979 2208.8
-620.375 181.194 2218.11
FRAME: 48
-594.081 603.396 2162.11
-547.697 389.055 2017.04
-620.966 -831.708 2495.84
-443.47 476.297 2273.84
-729.48 -19.6508 2237.9
-707.157 -472.132 2348.03
-714.39 406.22 2160.89
-588.362 390.992 2185.32
-246.402 398.586 2104.33
-612.87 -820.33 2443.13
-440.131 566.914 2225.69
-574.762 -38.6528 2267.58
-632.719 -462.26 2286.89
-462.334 375.765 2209.74
-620.241 180.92 2219.03
FRAME: 49
-594.994 604.331 2159.41
-541.307 394.718 2009.43
-616.536 -824.453 2525.22
-439.987 494.602 2264.47
-730.778 -17.6079 2238.17
-702.628 -463.16 2340.84
-715.983 406.872 2159.12
-586.568 391.275 2184.88
-249.58 399.479 2099.98
-594.194 -794.951 2543.05
-444.419 569.621 2214.49
-571.968 -36.8068 2269.88
-628.781 -460.142 2291.91
-457.153 375.677 2210.63
-618.97 182.034 2219.45
FRAME: 50
-592.8 606.336 2170.37
-530.071 404.087 1991.46
-611.082 -825.858 2477.55
-417.011 480.655 2229.35
-725.179 -27.4313 2242.13
-696.796 -468.51 2331.1
-717.854 403.461 2162.67
-588.323 389.528 2188.65
-250.484 398.634 2101.55
-590.993 -787.771 2555.27
-420.596 587.116 2206.52
-571.751 -44.1071 2272.76
-623.417 -459.902 2292.91
-458.791 375.595 2214.64
-618.394 176.879 2223.05
FRAME: 51
-582.523 601.668 2175.95
-530.465 399.086 1993.24
-602.827 -808.398 2545.87
-395.497 506.068 2170.71
-712.625 -26.7495 2247.42
-682.099 -481.218 2321.72
-713.629 404.929 2166.48
-586.334 392.382 2192.18
-247.248 393.479 2099.32
-604.872 -758.517 2582.55
-434.066 572.711 2198.71
-572.77 -40.7056 2275.42
-611.706 -463.697 2300.24
-459.039 379.836 2217.88
-614.516 179.327 2226.8
FRAME: 52
-591.026 604.868 2169.98
-540.327 392.558 1989.12
-601.614 -816.447 2508.38
-400.845 500.811 2190.85
-707.908 -28.4015 2251.7
-668.469 -492.485 2304.35
-713.076 405.419 2174.01
-583.369 392.874 2197.22
-254.62 371.472 2083.35
-604.515 -751.598 2606.68
-398.85 588.063 2174.18
-566.06 -42.205 2277.1
-607.793 -460.38 2308.58
-453.663 380.329 2220.42
-610.177 178.785 2230.81
FRAME: 53
-585.374 601.319 2179.04
-540.952 386.654 1993.42
-612.927 -839.646 2436.25
-416.828 510.946 2176.33
-706.13 -24.1483 2262.78
-664.403 -484.076 2303.73
-706.066 407.984 2184.55
-579.782 394.649 2202.5
-255.251 349.014 2077.04
-600.468 -781.723 2555.68
-402.118 554.952 2159.56
-562.644 -39.5255 2283.6
-616.256 -454.266 2301.32
-453.498 381.314 2220.44
-607.084 181.406 2237.84
FRAME: 54
-592.207 601.96 2184.1
-555.902 376.255 1996.36
-619.891 -816.741 2562.36
-413.824 511.618 2156.67
-700.862 -21.2181 2270.03
-659.862 -495.334 2300.62
-706.101 412.004 2198.47
-575.024 397.976 2218.88
-256.399 317.401 2086.68
-584.198 -775.939 2600.81
-374.849 554.885 2121.17
-557.519 -36.667 2291.72
-606.693 -469.44 2314.83
-443.948 383.948 2239.29
-602.107 184.517 2249.88
FRAME: 55
-593.173 601.34 2201.13
-569.75 355.208 2011.11
-618.308 -855.736 2468.24
-408.853 505.068 2155.61
-698.003 -31.5767 2288.29
-662.533 -498.54 2304.36
-705.613 404.656 2216.52
-570.323 390.291 2234.54
-261.226 292.837 2099.16
-603.269 -732.633 2704.75
-382.06 545.513 2134.18
-548.951 -47.3759 2307.83
-574.685 -469.112 2348.99
-435.033 375.924 2252.56
-596.9 175.407 2266.3
FRAME: 56
-595.597 592.181 2232.77
-597.744 297.599 2064.52
-618.441 -866.956 2447.63
-382.159 434.48 2122.96
-684.991 -34.4466 2313.28
-665.913 -500.449 2304.03
-701.393 394.716 2263.51
-562.933 379.563 2281.42
-297.699 201.282 2165.72
-620.61 -749.016 2680.62
-354.677 501.81 2105.33
-541.559 -50.152 2331.18
-586.996 -474.623 2360.29
-424.474 364.411 2299.33
-588.104 168.632 2301.82
FRAME: 57
-593.106 578.207 2257.95
-607.734 252.869 2101.38
-623.967 -869.515 2486.47
-372.394 425.806 2144.7
-676.587 -50.8634 2341.77
-665.141 -507.926 2300.47
-698.648 379.899 2295.72
-559.014 363.591 2310.87
-307.986 166.25 2189.76
-628.518 -760.079 2695.24
-349.236 435.604 2084.48
-542.459 -66.3743 2354.39
-585.147 -484.139 2385.9
-419.381 347.283 2326.02
-584.269 152.486 2329.47
FRAME: 58
-583.685 568.204 2280.91
-615.412 203.755 2132.18
-636.205 -905.499 2409.82
-370.849 389.977 2120.96
-659.412 -76.613 2381.14
-667.109 -528.446 2349.54
-691.329 347.98 2318.1
-543.798 333.212 2348.12
-322.54 128.333 2234.65
-599.479 -749.686 2733.39
-366.511 372.67 2098.85
-523.82 -87.9802 2408.67
-586.662 -491.329 2404.37
-396.268 318.444 2378.13
-567.707 125.458 2371.51
FRAME: 59
-575.269 564.634 2298.55
-631.575 170.926 2180.5
-619.062 -909.763 2464.94
-376.057 309.916 2126
-635.654 -90.8223 2410.43
-652.012 -536.928 2374.56
-688.098 340.355 2341.08
-546.568 335.216 2367.97
-328.228 109.495 2276.65
-577.877 -743.972 2745.54
-368.841 355.197 2124.45
-505.633 -95.4498 2435.48
-599.153 -495.293 2387.56
-405.038 330.077 2394.86
-558.606 121.04 2395.46
FRAME: 60
-564.01 563.735 2313.02
-653.414 133.576 2235.33
-596.58 -906.081 2562.47
-392.905 240.043 2134.38
-634.774 -96.6198 2446.52
-633.614 -560.044 2423.3
-683.911 330.401 2376.11
-538.128 323.647 2395.51
-317.363 97.7539 2329.34
-577.011 -743.157 2734.27
-393.33 273.544 2148.31
-494.589 -103.166 2464.71
-607.9 -510.16 2425.31
-392.345 316.892 2414.9
-551.405 111.877 2425.56
FRAME: 61
-554.672 565.908 2333.11
-654.843 113.493 2285.33
-562.786 -886.742 2665.28
-397.371 210.942 2159.71
-626.217 -90.4767 2485.4
-602.821 -563.905 2478.41
-680.159 333.865 2406.29
-536.339 329.857 2417.91
-317.039 102.345 2353.2
-547.292 -771.897 2787.92
-411.809 244.616 2186.57
-480.025 -94.4627 2497.46
-584.966 -509.751 2421.57
-392.518 325.85 2429.52
-544.73 118.694 2454.67
FRAME: 62
-538.1 581.45 2361.04
-646.624 112.148 2373.32
-506.843 -853.984 2765.51
-395.477 148.211 2277.13
-625.458 -76.7221 2527.86
-622.35 -523.901 2632.19
-675.905 348.138 2443.39
-534.641 344.041 2442.4
-331.072 114.427 2376.88
-526.505 -813.748 2652.74
-391.095 247.451 2258.09
-467.563 -81.3715 2525.62
-533.719 -496.986 2469.47
-393.377 339.945 2441.4
-540.576 132.497 2484.57
FRAME: 63
-516.987 593.786 2382
-614.196 140.261 2424.62
-505.51 -839.932 2783.54
-384.385 160.526 2294.39
-616.672 -53.1525 2568.52
-623.588 -502.12 2675.1
-658.574 365.649 2479.33
-520.035 358.002 2467.4
-328.575 137.833 2417.94
-501.539 -829.515 2545.08
-397.26 242.631 2264.73
-452.107 -62.0335 2553.65
-505.036 -482.654 2504.95
-381.496 350.355 2455.47
-527.212 150.204 2514.24
FRAME: 64
-506.329 594.435 2400.73
-601.643 149.31 2460.74
-482.366 -834.117 2806.24
-384.021 168.763 2326.34
-603.982 -35.9791 2598.88
-605.724 -487.686 2690.82
-649.696 365.677 2482.99
-514.938 360.835 2473.31
-302.289 173.351 2465.2
-472.923 -845.529 2541.25
-380.822 204.498 2304.66
-438.78 -42.27 2586.59
-483.789 -470.024 2542.24
-380.18 355.993 2463.63
-518.16 160.855 2533.02
FRAME: 65
-493.09 600.387 2415.38
-625.057 149.891 2499.53
-484.811 -843.328 2808.15
-359.233 161.101 2402.92
-596.888 -29.1398 2607.81
-599.133 -477.39 2695.36
-646.544 368.859 2495.67
-511.579 367.266 2495.18
-268.42 216.402 2493.26
-433.213 -856.649 2609.02
-370.362 218.737 2355.44
-422.573 -31.681 2604.59
-455.719 -459.31 2571.75
-376.614 365.672 2494.7
-510.655 168.428 2550.69
FRAME: 66
-476.826 610.929 2444.93
-579.854 164.689 2483.12
-492.016 -816.216 2846.81
-357.588 180.038 2427.82
-580.8 -18.3595 2621.38
-589.946 -463.199 2706.45
-624.857 383.11 2502.07
-487.307 379.064 2502.39
-281.38 208.665 2486.28
-397.732 -821.791 2677.07
-348.451 260.063 2407.99
-412.115 -23.3101 2620.24
-429.887 -450.944 2604.36
-349.758 375.018 2502.71
-491.882 179.115 2561.6
FRAME: 67
-464.685 601.155 2497.04
-542.226 186.123 2477.7
-493.71 -810.122 2904.81
-373.658 175.873 2450.49
-568.263 -19.4428 2636.29
-574.14 -458.584 2725.09
-590.344 377.935 2524.2
-453.512 371.421 2530.65
-268.613 218.622 2540.02
-337.182 -851.841 2738.6
-344.007 197.848 2411.31
-390.024 -28.1825 2644.67
-372.633 -458.079 2649.82
-316.679 364.908 2537.1
-466.328 173.804 2585.57
FRAME: 68
-437.8 595.303 2520.36
-540.006 226.792 2483.01
-497.752 -799.902 2886.77
-352.815 256.245 2480.86
-552.538 -3.21112 2660.11
-567.991 -436.82 2729.73
-579.051 372.497 2552.91
-443.904 368.943 2556.41
-261.428 222.347 2541.05
-290.065 -837.667 2777.83
-330.572 215.214 2467.73
-365.936 -8.19955 2665.7
-339.644 -433.585 2668.19
-308.757 365.389 2559.91
-451.57 181.619 2609.66
FRAME: 69
-414.964 605.139 2528.82
-524.429 222.474 2516.7
-498.408 -799.773 2890.53
-345.401 248.793 2499.1
-521.233 9.81577 2688.57
-549.892 -428.235 2745.91
-557.638 379.534 2569.93
-419.008 379.087 2573.65
-259.983 207.2 2552.8
-162.111 -794.198 2885.99
-332.002 216.404 2471.04
-329.702 9.41807 2694.74
-257.935 -416.081 2715.48
-280.378 378.64 2577.36
-422.238 194.352 2632.65
FRAME: 70
-377.152 614.332 2544.61
-507.107 232.853 2513.35
-501.637 -805.369 2900.51
-365.727 299.754 2453.3
-487.395 14.2461 2719.54
-534.425 -426.791 2768.57
-508.952 384.209 2583.21
-382.58 386.317 2588.31
-264.226 220.861 2528.28
-72.0912 -689.119 2877.43
-344.364 277.046 2481.48
-278.892 17.5303 2727.8
-200.457 -403.211 2750.06
-256.208 388.425 2593.41
-382.862 201.103 2655.99
FRAME: 71
-340.182 632.732 2556.21
-490.269 243.706 2504.01
-501.726 -802.136 2910.16
-355.231 322.539 2413.66
-468.084 26.3687 2739.49
-524.552 -417.884 2779.02
-478.766 399.623 2596.96
-356.778 397.695 2599.8
-258.725 255.984 2509.85
-18.0381 -706.972 2990.35
-328.064 313.146 2443.77
-265.321 23.1231 2744.37
-157.844 -383.268 2799.17
-234.79 395.766 2602.63
-361.74 211.22 2670.86
FRAME: 72
-298.062 637.644 2572.05
-451.693 256.65 2488.85
-500.382 -800.475 2921.94
-357.231 308.28 2394.73
-416.855 23.6449 2778.25
-506.541 -408.841 2797.2
-424.529 396.616 2641.96
-310.205 393.11 2637.57
-253.456 256.93 2513.56
65.2372 -698.512 3044.68
-308.823 331.327 2436
-221.295 17.5358 2770.16
-96.4352 -375.849 2850.72
-195.881 389.605 2633.19
-314.64 206.85 2705.89
FRAME: 73
-256.24 637.634 2596.97
-430.559 233.99 2535.79
-498.867 -806.041 2937.35
-329.688 268.803 2431.76
-393.833 17.0344 2804.11
-488.528 -410.442 2817.18
-392.882 393.648 2669.47
-281.294 389.372 2662.35
-241.676 242.971 2538.19
113.182 -677.471 3071.23
-294.969 342.657 2474.3
-181.125 8.6621 2789.65
-53.5627 -386.963 2871.26
-169.706 385.097 2655.23
-284.387 201.11 2729.62
FRAME: 74
-219.834 633.53 2617.14
-413.285 237.254 2594.74
-495.722 -801.428 2945.26
-261.932 239.809 2466.92
-352.81 11.006 2828.49
-463.83 -407.475 2832.78
-362.558 391.769 2693.99
-248.052 388.628 2684.67
-217.943 220.4 2576.58
141.479 -669.383 3085.92
-283.524 338.808 2535.38
-146.489 5.06652 2812.35
-30.905 -395.428 2892.03
-133.545 385.488 2675.36
-248.851 198.332 2752.55
FRAME: 75
-203.634 632.95 2623.19
-390.555 222.881 2630.82
-453.884 -795.629 2950.54
-225.068 197.238 2523.69
-324.375 9.49846 2835.44
-411.282 -405.495 2843.57
-349.475 399.607 2693.85
-217.988 397.35 2691.83
-152.488 198.239 2620.47
160.353 -674.017 3099.58
-249.207 247.98 2530.46
-120.762 5.76646 2831.84
-11.3448 -407.119 2921.1
-86.502 395.094 2689.81
-220.278 202.491 2762.73
FRAME: 76
-166.464 638.336 2630.34
-373.735 174.863 2755.07
-481.158 -793.885 2945.75
-178.275 157.794 2569.11
-294.181 4.28187 2843.52
-411.113 -411.47 2849.89
-341.499 399.393 2699.91
-190.582 400.565 2700.14
-9.66718 181.2 2745.89
177.057 -696.742 3167.25
-158.549 165.596 2566.1
-82.2081 5.81808 2843.8
57.3521 -380.637 2976.12
-39.6649 401.738 2700.38
-189.388 202.808 2771.9
FRAME: 77
-122.875 620.677 2647.73
-347.889 174.247 2765.29
-476.746 -801.295 2957.65
-138.15 140.312 2566.31
-247.053 -7.50263 2864.16
-364.647 -418.813 2881.01
-309.525 399.504 2720.73
-160.15 403.511 2717.46
26.7566 172.947 2785.4
179.441 -676.191 3169.67
-107.403 150.719 2552.82
-45.8438 -1.67794 2860.04
80.4944 -409.173 2974.5
-10.7756 407.517 2714.18
-153.299 199.46 2789.78
FRAME: 78
-104.737 612.109 2649.26
-286.79 175.655 2749.94
-471.554 -795.238 2967.42
-100.883 119.096 2591.24
-215.011 1.27288 2885.71
-351.022 -408.055 2888.04
-261.803 403.036 2743.19
-128.451 403.474 2732.98
9.79136 183.276 2708.07
187.022 -695.823 3178.58
-107.799 161.136 2561.4
-18.4389 1.53332 2869.87
107.014 -377.208 2988.44
4.90074 403.911 2722.76
-122.588 202.438 2805.38
FRAME: 79
-73.862 592.867 2670.7
-223.516 156.972 2760.61
-447.639 -794.551 2982.61
-59.5445 117.131 2585.62
-183.354 -0.228601 2904.76
-324.103 -395.52 2893.45
-187.445 383.396 2774.3
-67.5178 378.79 2763.11
44.2759 155.26 2687.1
186.887 -698.677 3178.12
-59.3711 165.258 2557.51
4.92434 -6.90334 2890.16
133.109 -364.9 2988.78
52.4099 374.184 2751.93
-78.3663 187.612 2830.29
FRAME: 80
-66.2027 572.675 2742.76
-151.761 151.817 2745.99
-427.817 -811.247 2984.38
-11.129 115.886 2601.15
-153.82 6.07757 2923.48
-307.112 -409.653 2894
-158.115 380.423 2787.08
-41.2454 372.672 2779.02
81.5645 144.368 2752.76
191.362 -700.316 3188.9
-41.74 198.768 2542.33
20.4016 -3.82134 2915.4
140.982 -337.997 3015.17
75.6242 364.92 2770.97
-53.9773 186.9 2849.23
FRAME: 81
-53.7961 575.169 2748.48
-104.922 219.762 2726.63
-359.625 -768.844 3004.6
13.6966 160.855 2598.74
-133.765 28.7576 2928.9
-270.281 -374.136 2900.04
-144.634 389.992 2773.86
-24.0056 384.848 2778.76
116.901 172.357 2777.29
191.253 -695.624 3192.94
-10.9274 189.828 2594.45
40.2771 21.632 2936.19
154.876 -326.542 3012.6
96.6229 379.704 2783.65
-35.3748 205.021 2855.65
FRAME: 82
-2.17033 617.658 2728.07
-83.9369 214.648 2725.81
-335.568 -763.419 3013.26
14.759 139.958 2594.91
-120.101 41.174 2927.24
-248.507 -357.931 2906.3
-135.336 390.619 2773.03
-10.98 387.235 2783.85
135.822 188.05 2793.29
191.461 -701.651 3196.05
9.06279 189.524 2584.92
51.1866 36.6264 2942.48
159.09 -322.402 3018.31
113.376 383.851 2794.68
-22.7187 213.067 2859.36
FRAME: 83
18.9014 630.524 2723.67
-76.9536 218.785 2729.24
-288.881 -746.462 3032.22
24.7867 141.031 2608.53
-107.697 50.4654 2932.79
-230.067 -343.144 2914.93
-99.6151 417.108 2781.91
19.1009 409.543 2792.31
138.496 189.605 2790.2
204.097 -699.73 3206.39
16.872 199.105 2604.83
72.3525 38.8001 2948.53
171.185 -321.187 3023.5
137.817 401.977 2802.72
0.714284 227.088 2866.49
FRAME: 84
19.4404 615.031 2731.59
-80.6749 208.123 2733.2
-281.626 -744.239 3040.06
25.7312 218.424 2623.76
-106.981 63.7399 2940.93
-219.955 -333.658 2921.33
-76.5908 419.506 2791.46
34.8306 412.834 2802.43
146.471 220.086 2791.61
192.717 -692.134 3192.95
35.9012 206.613 2624.88
76.6371 53.4282 2961.98
166.092 -316.912 3016.69
146.252 406.162 2813.4
9.82922 235.709 2876.94
FRAME: 85
46.5565 595.619 2755.61
-86.8102 228.311 2717.17
-273.9 -757.856 3049.65
17.7943 217.927 2626.03
-98.1674 48.7695 2947.73
-206.888 -358.2 2929.82
-62.1737 414.084 2811.43
49.7694 405.377 2817.17
151.486 180.429 2787.21
207.131 -694.844 3197.09
13.4285 214.601 2621.84
95.657 33.0917 2957.92
190.316 -332.911 3035.15
161.713 396.671 2822.91
24.2571 223.154 2885
FRAME: 86
42.603 592.461 2757.11
-106.569 239.74 2748.84
-269.258 -764.852 3059.68
-5.00062 269.766 2643.03
-91.5432 48.4341 2962.82
-201.363 -362.108 2938.44
-56.0864 407.398 2841.85
56.8766 394.371 2836.25
160.672 166.112 2792.42
227.458 -694.213 3198.38
37.7391 228.908 2654.61
92.7187 27.4911 2954.4
195.147 -326.115 3031.35
169.84 381.344 2830.65
28.7322 216.167 2897.43
FRAME: 87
45.6381 614.386 2734.82
-136.788 268.17 2795.28
-263.881 -755.264 3066.83
-34.9349 151.443 2626.75
-83.3256 45.8559 2981.19
-198.663 -351.808 2945.03
-44.5339 421.718 2853.7
62.1947 405.549 2837.65
153.849 144.183 2798.7
229.784 -704.756 3193.18
11.8561 179.814 2634.68
102.647 16.3031 2953.56
194.384 -335.655 3025.46
168.923 389.381 2821.6
35.9278 218.314 2902.51
FRAME: 88
38.6474 623.577 2729.35
-148.249 196.936 2857.44
-267.955 -771.883 3052.92
-21.7613 69.4637 2629.13
-79.1476 34.1039 2967.78
-204.204 -370.171 2927
-117.536 412.94 2806.74
18.4148 409.423 2802.64
166.291 156.802 2818.28
233.097 -695.801 3207.57
-22.6805 120.338 2604.52
104.248 29.2899 2962.55
200.209 -326.848 3039.84
154.366 405.906 2798.54
15.4824 220.56 2883.9
FRAME: 89
26.2419 634.122 2717.11
-167.574 182.4 2878.29
-265.247 -770.298 3051.91
-94.0155 79.1479 2602.88
-78.3189 31.7121 2960.52
-202.986 -373.99 2927.58
-132.479 422.705 2814.1
8.55115 418.294 2799.73
186.82 168.473 2832.47
232.307 -702.699 3206.35
-14.3744 74.2236 2667.78
101.092 26.0025 2942.11
194.562 -337.788 3029.48
149.581 413.883 2785.37
9.96879 223.576 2875.52
FRAME: 90
-7.83859 647.028 2712.09
-186.338 176.707 2899.75
-264.707 -778.906 3051.53
-210.286 69.8023 2659.43
-88.6221 25.1867 2950.96
-208.551 -389.558 2930.73
-152.241 433.54 2835.04
-13.065 426.246 2792.42
171.21 174.327 2796.18
229.228 -695.599 3203.85
-51.2084 90.9438 2707.27
98.7817 15.1774 2893.22
192.049 -336.72 3019.45
126.111 418.952 2749.8
-3.9926 223.214 2857.26
FRAME: 91
-28.2114 647.81 2709.96
-201.937 172.716 2923.18
-261.047 -780.036 3052.92
-271.47 74.8027 2707.51
-93.3669 22.1815 2943.42
-214.377 -398.354 2931.52
-162.619 434.447 2850.74
-34.2702 424.552 2787.04
99.4357 172.171 2715.88
233.056 -685.872 3192.67
-112.151 113.939 2724.74
76.2002 9.20942 2859.53
177.625 -342.19 2998.55
94.0788 414.656 2723.33
-21.4268 220.124 2844.26
FRAME: 92
-61.2401 646.752 2706.77
-186.421 198.122 2985.15
-248.426 -785.743 3062.86
-338.812 95.6665 2757.31
-89.6306 19.6357 2949.63
-217.163 -407.842 2939.59
-171.607 431.041 2867.14
-74.6112 419.741 2777.3
46.8108 156.539 2700.85
223.053 -681.845 3170.15
-174.186 113.728 2734.04
48.5768 3.68191 2821.91
151.203 -349.044 2971.7
22.3847 408.442 2687.47
-47.569 215.7 2831.54
FRAME: 93
-107.158 637.609 2689.96
-193.573 208.055 2986.67
-232.447 -775.623 3071.48
-398.127 134.368 2841.96
-102.274 17.8537 2944.79
-229.217 -404.249 2940.21
-173.244 421.346 2868.41
-98.4155 401.737 2761.25
-14.4962 150.572 2683.88
209.351 -693.223 3154.34
-189.254 126.186 2758.12
5.15706 -10.1895 2791.4
115.83 -370.198 2939.98
-23.5866 382.128 2654.08
-73.487 202.785 2814.67
FRAME: 94
-143.086 635.828 2675.23
-194.742 221.271 2992.48
-228.156 -784.185 3065.91
-400.505 151.098 2875.82
-124.183 15.8074 2928.45
-243.979 -405.974 2932.68
-178.268 431.076 2869.31
-121.966 409.54 2753.02
-68 152.38 2669.19
191.191 -705.268 3134.74
-233.141 135.947 2803.84
-43.6925 -14.4221 2765.12
61.5649 -403.161 2878.9
-65.6645 388.004 2636.72
-102.952 205.116 2799.9
FRAME: 95
-184.09 638.725 2657.74
-210.073 231.715 2977.12
-224.856 -787.603 3052.08
-334.89 164.639 2921.53
-144.355 23.1409 2893.3
-246.034 -408.134 2918.42
-197.682 438.445 2846.63
-149.526 423.589 2744.39
-81.5108 159.676 2676.04
168.992 -695.489 3126.01
-156.297 78.5359 2814.1
-79.3744 3.53167 2757.17
3.59108 -418.055 2836.86
-101.37 408.734 2642.16
-130.695 218.463 2784.81
FRAME: 96
-219.706 645.701 2644.49
-211.05 236.827 2967.88
-228.643 -793.066 3039.36
-319.03 149.945 2909.14
-167.035 24.3618 2869.74
-253.085 -411.48 2903.17
-206.708 445.932 2825.15
-160.675 435.372 2736.02
-87.358 162.385 2681.32
130.557 -687.17 3106.59
-146.832 72.1596 2809.71
-104.001 9.9602 2749.98
-48.5488 -432.299 2819.96
-114.641 424.812 2646.89
-148.096 226.267 2772.94
FRAME: 97
-303.162 648.972 2617.75
-196.156 239.327 2958.46
-238.214 -798.415 3013.89
-295.005 139.95 2915.9
-200.949 19.09 2836
-277.583 -413.512 2890.4
-206.356 456.034 2821.82
-168.295 449.776 2732.93
-101.142 185.628 2707.18
-2.76838 -771.123 2937.78
-177.642 53.2353 2806.5
-149.595 11.2816 2724.2
-192.076 -446.963 2749.7
-130.233 443.518 2644.03
-171.783 232.481 2756.52
FRAME: 98
-340.072 648.122 2602.24
-187.226 240.416 2944.18
-224.999 -797.274 2986.59
-298.905 165.179 2912.92
-216.946 23.465 2833.61
-298.358 -419.515 2879.52
-221.231 460.792 2783.8
-186.655 456.269 2699.88
-110.915 233.952 2768.01
-89.3574 -797.271 2882.23
-193.098 56.938 2783
-164.523 14.0915 2688.1
-227.659 -447.493 2715.37
-152.079 451.747 2615.96
-188.695 237.524 2730.37
FRAME: 99
-376.236 639.378 2590.87
-229.324 245.3 2878.81
-251.442 -821.407 2968.18
-242.399 131.484 2977.39
-230.801 12.5117 2828.51
-333.83 -436.193 2869.12
-246.149 456.206 2796.26
-219.809 451.859 2699.96
-152.441 207.73 2733.63
-180.102 -841.367 2800.02
-194.841 62.3882 2759.55
-189.196 4.26464 2659.97
-295.908 -451.091 2679.71
-193.468 447.512 2603.65
-214.903 230.124 2722.1
FRAME: 100
-413.515 621.465 2579.06
-284.963 236.299 2816.04
-265.784 -832.006 2973.31
-304.579 199.761 2846.82
-253.625 10.8862 2815.68
-370.769 -447.939 2868.8
-266.844 451.971 2791.94
-231.506 450.857 2697.16
-150.344 197.396 2734.12
-291.135 -873.147 2716.24
-208.866 67.1094 2744.95
-195.902 8.48538 2646.1
-354.739 -452.974 2648.96
-196.169 449.743 2602.37
-228.135 230.271 2714.02
FRAME: 101
-458.457 592.938 2567.16
-335.983 224.962 2770.88
-360.468 -865.158 2834.3
-297.436 200.676 2856.04
-278.348 4.21081 2799.78
-421.972 -458.671 2820.11
-335.488 433.349 2761.81
-284.524 435.359 2667.96
-177.488 196.029 2697.36
-360.882 -881.721 2633.62
-259.113 51.9284 2711.67
-202.057 5.39783 2628.14
-405.504 -446.731 2605.48
-233.559 437.37 2574.12
-262.363 220.082 2690.96
FRAME: 102
-557.849 489.859 2550.68
-364.628 183.781 2774.16
-441.992 -874.494 2768.11
-360.396 204.258 2774.91
-299.701 -24.2552 2785.27
-470.628 -486.319 2800.81
-372.447 393.315 2741.62
-328.331 392.254 2646.58
-207.776 176.519 2684.72
-429.726 -790.701 2719.98
-246.399 82.2651 2721.31
-228.93 -28.9736 2604.42
-452.967 -456.228 2567.42
-284.216 391.192 2551.54
-296.323 182.82 2670.71
FRAME: 103
-584.527 455.621 2544.41
-400.292 165.034 2754.45
-470.163 -901.51 2732.39
-407.337 180.688 2754.29
-318.298 -46.7346 2778.12
-507.57 -517.606 2791.59
-411.377 338.943 2714.26
-369.994 336.962 2626.2
-232.77 148.22 2680.92
-476.254 -782.206 2747.92
-241.222 64.1028 2726.52
-249.086 -55.5863 2580.64
-464.601 -475.02 2548.46
-328.612 334.982 2538.15
-326.843 142.901 2652.79
FRAME: 104
-674.205 327.725 2521.37
-428.991 112.564 2721.51
-589.177 -949.888 2632.71
-375.201 140.103 2721.45
-320.207 -94.9633 2771.32
-527.03 -591.726 2768.61
-462.635 237.107 2682.12
-449.225 224.978 2595.57
-320.673 42.5719 2675.06
-492.35 -781.227 2679.85
-259.574 42.2894 2770.51
-317.018 -141.3 2524.63
-575.253 -509.278 2504.04
-435.814 212.848 2509.01
-383.918 53.423 2621.77
FRAME: 105
-698.377 301.526 2513.77
-462.356 107.114 2710.86
-659.327 -970.257 2593.59
-395.83 124.089 2715.93
-349.899 -126.759 2749.48
-590.755 -615.549 2683.66
-507.504 191.758 2670.26
-483.779 185.647 2579.25
-338.708 13.1696 2662.69
-460.643 -766.596 2690.41
-289.001 -95.1156 2809.71
-324.573 -160.036 2511.41
-617.357 -524.985 2474.6
-460.055 179.537 2488.23
-410.508 21.125 2604.84
FRAME: 106
-727.238 260.957 2492.32
-478.328 32.8451 2689.17
-619.867 -946.556 2595.52
-469.708 74.2306 2651.74
-386.135 -201.569 2667.1
-573.04 -615.409 2673.25
-541.038 145.121 2644.35
-522.828 147.906 2562.25
-385.505 -14.3022 2634.93
-461.497 -787.671 2703.51
-315.004 -143.75 2848.01
-377.448 -211.695 2498.37
-674.078 -556.636 2478.93
-504.617 150.691 2480.14
-452.31 -29.363 2572.49
FRAME: 107
-768.967 238.267 2441.22
-550.458 -34.4468 2627.43
-589.602 -967.456 2597.77
-552.211 -68.8821 2612.59
-408.454 -236.706 2627.47
-570.281 -663.823 2626.91
-579.049 119.196 2622.46
-602.34 96.797 2513.27
-559.533 -136.025 2455.16
-521.392 -830.917 2665.63
-555.454 -286.141 2553.64
-441.364 -268.167 2459.61
-740.851 -599.52 2448.64
-625.632 74.3982 2404.07
-513.624 -77.8199 2528.4
FRAME: 108
-781.394 239.784 2405.55
-597.064 -78.13 2552.82
-632.368 -989.833 2590.89
-620.996 -192.446 2611.96
-417.209 -232.994 2622.46
-665.847 -632.561 2556.04
-610.275 110.642 2604.88
-635.955 75.5987 2480.8
-575.711 -165.16 2440.81
-550.937 -875.331 2617.33
-568.207 -337.873 2508.69
-452.158 -280.781 2438.57
-750.772 -616.68 2426.17
-661.636 40.5555 2356.71
-535.32 -90.6444 2505.66
FRAME: 109
-781.681 258.2 2371.95
-647.664 -128.044 2515.28
-661.721 -1000.95 2569.64
-736.999 -321.988 2534.14
-436.057 -232.202 2607.46
-706.883 -619.815 2478.94
-633.363 112.582 2584.04
-651.19 72.1369 2445.36
-617.34 -195.516 2362.88
-544.501 -858.947 2620.24
-590.905 -336.934 2513.13
-459.268 -287.098 2426.48
-758.615 -626.532 2399.67
-669.018 31.6922 2306.69
-549.427 -93.7563 2481.17
FRAME: 110
-769.492 316.309 2319.11
-739.493 -83.5652 2487.33
-690.7 -984.552 2544.12
-861.56 -198.549 2360.17
-469.996 -222.415 2605.86
-717.631 -616.148 2493.28
-637.039 142.131 2570.08
-637.03 100.281 2408.95
-672.389 -206.648 2236.2
-521.328 -853.602 2613
-885.158 -242.586 2232.73
-470.154 -277.323 2397.07
-743.43 -639.653 2378.25
-637.021 58.431 2247.82
-553.552 -74.7942 2455.21
FRAME: 111
-763.037 355.83 2298.69
-746.072 -37.8869 2433.15
-716.062 -959.612 2525.74
-777.436 -100.302 2241.92
-511.718 -206.062 2587.69
-751.418 -591.679 2467.93
-651.508 160.365 2524.96
-639.374 123.35 2373.14
-692.443 -128.593 2142.03
-488.349 -823.681 2624.93
-882.223 -130.098 2035.77
-495.319 -261.765 2365.2
-719.425 -651.305 2366.68
-627.241 86.3361 2221.31
-571.446 -55.2814 2424.79
FRAME: 112
-768.469 390.819 2281.76
-729.81 89.507 2323.85
-727.015 -940.846 2489.16
-740.885 56.3033 2054.13
-539.56 -189.066 2573.2
-776.867 -568.573 2429.94
-644.58 193.225 2523.21
-623.46 160.497 2367.69
-624.99 -57.8715 2081.36
-469.319 -810.269 2648.57
-824.006 24.1731 1899.01
-511.212 -236.575 2352.89
-690.692 -634.264 2389.61
-602.341 127.769 2212.18
-574.423 -26.1619 2415.37
FRAME: 113
-740.691 491.716 2225.63
-719.325 208.656 2166.81
-727.034 -937.076 2429.54
-572.759 370.646 2012.53
-668.184 -128.583 2460.5
-776.077 -554.583 2357.8
-750.163 298.93 2344.53
-638.104 284.416 2271.33
-515.034 140.912 2009.05
-470.996 -732.797 2680.51
-577.649 338.741 1862.11
-531.291 -147.379 2365.42
-675.488 -568.066 2403.54
-526.044 269.902 2198.13
-618.92 73.2175 2342.14
FRAME: 114
-758.767 523.75 2223.72
-706.963 275.611 2111.4
-742.508 -927.936 2405.87
-506.041 435.669 2088.95
-681.251 -114.165 2439.72
-787.346 -529.273 2295.23
-780.296 310.814 2310.51
-646.185 301.726 2252.03
-472.629 181.237 1984.61
-484.765 -686.338 2718.26
-494.926 442.404 1868.7
-530.191 -125.24 2368.51
-643.451 -543.015 2401.2
-512.074 292.639 2193.55
-625.953 91.012 2328.07
FRAME: 115
-764.405 563.885 2220.05
-699.869 321.274 2061.74
-718.164 -912.193 2393.85
-490.981 469.551 2078.85
-703.476 -75.0158 2390.29
-746.996 -493.867 2304.19
-803.747 342.841 2271.72
-655.373 337.728 2235.51
-433.98 236.622 1992.64
-519.092 -704.038 2715.97
-477.676 506.765 1936.55
-562.565 -79.6958 2354.12
-646.757 -520.184 2380.74
-507 332.614 2199.3
-644.197 130.186 2303.86
FRAME: 116
-763.641 577.599 2211.37
-661.088 354.794 2056.78
-710.915 -904.338 2397.01
-465.402 470.743 2154.29
-715.117 -62.7064 2382.57
-727.661 -481.532 2301.14
-809.745 365.352 2255.34
-665.775 362.264 2224.02
-412.551 281.229 1988.06
-563.599 -770.52 2670.32
-462.658 522.248 2002.13
-566.398 -65.6438 2349.15
-640.375 -510.93 2374.87
-521.805 359.175 2192.7
-653.266 149.044 2294.94
FRAME: 117
-744.187 601.36 2192.62
-630.561 378.631 2055.19
-676.325 -888.002 2431.13
-456.471 484.676 2209.46
-736.472 -48.0818 2356.15
-693.372 -486.851 2308.99
-820.492 378.706 2241.31
-681.986 376.755 2217.17
-382.891 355.289 2009.15
-621.155 -839.427 2543.92
-511.049 483.944 2144.67
-587.952 -50.374 2329.94
-642.59 -490.783 2363.32
-543.479 374.803 2193.03
-672.099 163.763 2280.11
FRAME: 118
-733.289 610.379 2188.16
-628.416 380.198 2083.74
-642.399 -815.35 2529.52
-488.191 466.309 2266.81
-747.374 -43.6774 2338.84
-778.129 -456.691 2367.02
-822.27 388.84 2229.85
-686.173 387.285 2210.55
-365.973 383.187 2045.56
-636.847 -881.164 2472.37
-487.736 567.837 2151.77
-592.877 -45.7671 2317.81
-631.838 -483.618 2364.69
-550.076 385.73 2191.25
-678.149 171.281 2269.44
FRAME: 119
-723.391 615.517 2183.66
-622.199 383.087 2078.46
-645.48 -827.903 2520.86
-484.172 490.671 2292.16
-758.742 -41.237 2320.56
-832.071 -455.778 2379.77
-819.672 396.516 2213.01
-685.99 394.553 2203.16
-356.17 402.893 2081.99
-642.62 -874.369 2473.72
-505.114 597.967 2195.28
-603.58 -43.8795 2310.1
-632.176 -480.429 2367.51
-552.307 392.59 2193.31
-683.575 175.997 2259.24
FRAME: 120
-715.574 618.126 2180.14
-605.651 396.329 2057.73
-675.782 -821.005 2557.8
-489.84 499.985 2307.7
-783.698 -36.4197 2285.8
-830.479 -461.879 2368.71
-818.575 401.653 2191.08
-685.574 398.238 2201.27
-348.055 410.57 2113.95
-654.037 -865.318 2466.42
-509.073 611.807 2243.9
-617.076 -41.1156 2300.42
-640.76 -477.602 2362.18
-552.572 394.823 2211.45
-692.981 179.735 2247.19
FRAME: 121
-708.982 618.763 2176.85
-591.195 401.656 2054.06
-680.124 -828.124 2533.99
-504.17 513.551 2346.5
-802.896 -26.6296 2256.05
-823.856 -462.474 2356.82
-812.056 408.275 2171.48
-683.594 403.23 2199.86
-339.851 413.628 2140.95
-673.971 -853.262 2463.09
-549.584 549.268 2239.51
-630.293 -33.558 2294.67
-651.273 -471.054 2355.81
-555.133 398.184 2228.24
-700.094 186.568 2237.61
FRAME: 122
-704.805 619.742 2177.25
-588.629 404.125 2048.94
-684.616 -826.07 2522.61
-496.472 541.717 2325.04
-804.749 -21.3936 2251.16
-830.284 -447.407 2341.63
-807.641 412.658 2170.25
-682.8 407.043 2202.47
-336.061 420.915 2157.89
-685.803 -850.419 2465.95
-513.969 604.475 2235.9
-634.918 -29.1131 2295.64
-654.623 -464.109 2352.91
-557.958 401.429 2234.69
-701.317 190.895 2237.94
FRAME: 123
-702.227 619.623 2176.9
-595.376 393.858 2063.09
-686.822 -807.902 2505.51
-520.269 506.057 2347.4
-808.519 -15.7489 2244.74
-823.915 -442.907 2337.87
-802.509 416.22 2164.59
-680.8 409.797 2202.5
-332.669 418.755 2165.62
-691.785 -844.32 2467.77
-515.416 592.419 2215.68
-640.028 -24.6611 2297.82
-661.084 -458.313 2352.17
-559.092 403.374 2240.41
-702.537 194.796 2236.89
FRAME: 124
-699.049 618.302 2180.29
-601.658 396.466 2063.19
-684.585 -807.169 2511.53
-518.869 501.766 2346.27
-812.704 -13.0548 2243.79
-826.009 -439.701 2342.7
-804.141 415.049 2167.17
-682.946 408.402 2208.2
-333.655 419.96 2177.24
-689.817 -844.264 2468.84
-521.523 604.054 2222.59
-643.075 -22.3869 2301.07
-664.542 -454.549 2354.89
-561.751 401.754 2249.23
-705.418 195.34 2240.32
FRAME: 125
-698.899 618.847 2181.77
-602.087 412.366 2042.73
-685.074 -813.461 2529.32
-497.172 523.45 2343.98
-811.525 -14.0534 2244.88
-821.526 -440.745 2350.13
-802.979 415.877 2172.44
-682.876 408.918 2214.71
-333.856 419.16 2185.89
-691.977 -846.172 2468.62
-543.394 560.319 2231.62
-644.864 -23.7325 2303.34
-666.218 -456.161 2356.76
-562.774 401.96 2256.98
-705.535 195.013 2244.41
FRAME: 126
-699.018 619.079 2187
-600.709 414.621 2045.48
-682.765 -818.161 2540.02
-494.531 523.845 2342.36
-812.002 -12.8188 2251.07
-817.748 -446.751 2359.21
-800.276 418.517 2178.15
-681.498 411.349 2222.79
-332.766 413.614 2192.19
-691.99 -845.118 2470.93
-512.813 599.661 2203.77
-646.798 -22.7927 2312.97
-670.748 -453.716 2362.34
-562.72 404.181 2267.43
-705.449 196.772 2252.4
FRAME: 127
-700.056 618.732 2189.74
-606.148 410.387 2054.84
-682.345 -814.096 2543.2
-483.941 536.25 2344.06
-810.627 -16.3769 2262.05
-814.727 -452.605 2378.21
-804.297 414.105 2187.65
-683.419 407.562 2230.14
-333.344 394.821 2203.32
-689.795 -841.036 2471.78
-507.86 582.278 2210.26
-646.557 -25.3691 2319.85
-674.392 -453.617 2372.23
-562.541 401.018 2272.64
-706.005 193.344 2260.55
FRAME: 128
-700.301 619.71 2202.22
-605.659 397.935 2061.77
-679.585 -813.924 2555.05
-486.721 521.647 2317.07
-807.594 -20.356 2280.25
-810.882 -463.304 2382.14
-806.685 414.793 2201.27
-684.369 408.949 2240.96
-337.688 370.11 2218.18
-687.264 -845.914 2476.16
-484.269 591.956 2221.44
-644.99 -28.1969 2332.86
-673.691 -459.269 2384.65
-562.052 403.105 2280.64
-705.33 192.336 2273.75
FRAME: 129
-702.858 621.445 2229.52
-613.324 369.421 2076.21
-677.066 -813.83 2561.91
-487.228 515.519 2309.07
-803.039 -24.2591 2302.94
-807.657 -465.728 2398.88
-807.724 409.479 2225.05
-684.067 404.466 2267.48
-343.159 352.609 2240.54
-684.492 -848.918 2480.99
-472.1 579.782 2248.41
-643.24 -30.7785 2357.75
-673.447 -463.936 2397.17
-560.411 399.452 2309.92
-703.603 188.473 2298.91
FRAME: 130
-706.012 621.838 2251.19
-620.653 337.41 2097.11
-673.976 -816.603 2566.81
-492.471 483.151 2272.18
-797.985 -28.8968 2323.52
-800.158 -472.78 2422.76
-807.524 403.551 2243.59
-684.365 400.531 2292.48
-356.756 321.118 2263.09
-681.095 -852.043 2487.64
-439.277 557.391 2250.04
-641.161 -32.7352 2385.68
-674.35 -467.966 2410.48
-561.206 397.51 2341.38
-701.969 184.857 2323.54
FRAME: 131
-706.869 618.726 2284.77
-635.246 303.643 2126.93
-666.922 -816.153 2587.48
-466.474 455.249 2253.63
-791.893 -35.5824 2352.04
-793.638 -476.528 2451.91
-807.958 397.183 2270.92
-683.74 396.22 2331.64
-367.287 289.829 2291.36
-683.041 -851.412 2488.78
-436.295 495.488 2248.37
-638.132 -36.8112 2426.94
-682.621 -471.545 2421.72
-559.523 395.258 2392.35
-699.377 180.012 2360.56
FRAME: 132
-706.784 617.467 2303.48
-698.591 203.468 2232.7
-666.524 -813.204 2606.77
-463.984 318.42 2283.89
-786.205 -38.8308 2399.48
-788.962 -476.267 2484.59
-814.682 391.805 2305.57
-687.009 394.057 2358.16
-387.763 266.948 2311.1
-679.99 -854.081 2493.43
-456.298 417.933 2272.36
-631.986 -36.1782 2462.84
-677.071 -473.651 2446.74
-559.337 396.308 2410.75
-698.052 178.276 2394.66
FRAME: 133
-705.536 614.381 2318.33
-724.03 190.395 2252.99
-665.92 -812.972 2615.13
-458.129 278.284 2301.36
-785.537 -42.9325 2440.15
-783.549 -480.514 2505.28
-819.198 390.264 2340.77
-689.068 393.216 2379.93
-406.865 242.096 2328.04
-670.35 -856.464 2502.66
-470.389 346.385 2270.31
-622.977 -39.241 2488.62
-657.615 -480.826 2477.63
-558.938 396.168 2419.09
-696.662 176.064 2422.16
FRAME: 134
-701.421 612.351 2342.33
-800.453 172.527 2380.77
-663.683 -815.966 2634.59
-543.932 192.223 2356.14
-779.45 -46.9889 2491.58
-771.348 -491.6 2600.31
-825.495 384.238 2377.9
-691.357 389.455 2402.16
-424.114 200.719 2354.37
-640.513 -859.132 2529.22
-503.847 328.122 2251.54
-606.553 -40.3136 2522.53
-620.927 -484.175 2527.77
-557.219 394.672 2426.42
-692.179 172.902 2454.61
FRAME: 135
-696.046 613.332 2358.92
-815.231 162.149 2402.61
-660.236 -816.386 2667.66
-565.916 188.144 2357.83
-772.597 -47.1469 2522.5
-770.583 -485.854 2625.63
-830.004 383.25 2400.09
-693.878 390.9 2417.21
-443.364 183.248 2406.43
-620.286 -859.27 2551.64
-514.171 285.417 2289.59
-595.455 -37.201 2544.7
-602.212 -479.51 2552.67
-557.752 398.55 2434.33
-688.952 174.363 2475.4
FRAME: 136
-689.928 620.873 2374.62
-822.231 150.772 2444.88
-681.162 -812.069 2843.18
-593.625 167.545 2375.06
-768.111 -39.2583 2553.64
-773.06 -474.387 2653.05
-829.482 383.735 2419.14
-692.105 392.296 2431.52
-463.006 173.608 2462.81
-595.498 -866.021 2612.48
-513.134 234.979 2303.61
-586.934 -27.885 2570.19
-587.92 -473.15 2580.3
-554.728 400.858 2443.9
-684.814 179.362 2496.72
FRAME: 137
-681.667 634.637 2395.58
-814.401 161.279 2456.88
-709.479 -800.755 2896.27
-571.089 152.297 2371.66
-765.284 -19.7434 2577.71
-773.929 -454.958 2669.92
-823.781 388.842 2435.78
-688.277 396.67 2442.97
-491.238 163.048 2483.7
-574.566 -861.719 2645.21
-511.692 145.329 2348.7
-578.324 -8.92057 2587.68
-576.613 -450.028 2594.85
-552.773 404.498 2450.16
-680.041 191.169 2512.83
FRAME: 138
-659.403 658.321 2430.68
-800.698 184.356 2496.77
-721.805 -792.669 2878.88
-582.619 188.856 2384.74
-744.178 15.7035 2601.8
-767.771 -425.535 2682.65
-810.573 407.61 2455.28
-681.21 420.344 2467.04
-491.679 325.296 2630.09
-495.399 -793.922 2738.3
-501.268 91.0386 2431.87
-566.002 33.4055 2618.22
-541.335 -391.963 2633.83
-551.848 433.077 2478.8
-668.15 222.449 2538.52
FRAME: 139
-646.199 665.06 2451.54
-726.128 253.85 2518.43
-725.938 -788.674 2872.1
-524.989 154.45 2418.83
-727.905 35.2051 2617.53
-761.893 -409.438 2693.28
-794.902 440.804 2478.95
-676.877 455.715 2492.91
-463.865 342.39 2641.31
-468.645 -762.066 2780.01
-478.244 96.7491 2522.64
-564.122 56.5261 2637.49
-513.367 -377.862 2656.01
-558.852 470.625 2506.86
-661.445 250.79 2560.21
FRAME: 140
-637.789 669.907 2462.73
-757.908 208.101 2507.54
-728.079 -793.991 2873.5
-544.681 152.09 2420.75
-720.565 39.1035 2630.3
-754.31 -406.142 2709.55
-778.625 424.382 2485.55
-660.854 437.732 2503.17
-460.515 316.488 2645.41
-432.702 -754.421 2825.6
-496.032 107.878 2495.73
-551.655 58.4794 2654.7
-504.914 -370.074 2676.38
-543.082 451.083 2520.79
-648.482 243.262 2572.84
FRAME: 141
-616.57 670.98 2486.1
-722.528 214.859 2519.63
-727.958 -797.658 2883.93
-585.636 153.597 2407.72
-697.671 38.8257 2655.33
-742.619 -401.595 2732.22
-747.04 427.973 2512.56
-631.391 438.591 2528.74
-440.239 296.311 2691.48
-352.215 -757.153 2897.5
-503.85 101.925 2492.39
-530.547 54.5073 2678.7
-436.325 -360.179 2741.94
-515.74 449.209 2544.93
-622.75 242.629 2597.88
FRAME: 142
-599.223 669.411 2498.45
-731.291 201.865 2534.24
-728.984 -801.27 2887.08
-609.056 180.952 2445.35
-682.159 30.665 2685.27
-731.484 -403.784 2743.61
-723.189 430.204 2537.07
-611.33 437.585 2546.9
-417.773 288.942 2695.85
-325.999 -758.372 2940.16
-506.024 90.1844 2520.49
-512.447 41.9786 2699.83
-420.122 -370.997 2767.08
-499.471 444.966 2556.72
-604.317 236.953 2619.72
FRAME: 143
-578.219 671.273 2515.07
-752.225 199.626 2600.79
-728.614 -804.031 2891.26
-633.156 206.269 2458.22
-664.744 24.2382 2699.03
-721.45 -408.836 2750.98
-708.126 431.251 2560.42
-586.727 438.341 2571.73
-379.909 265.738 2722.52
-299.154 -729.079 2974.27
-504.848 136.273 2512.96
-485.685 34.9117 2716.19
-402.58 -372.024 2787.07
-465.328 445.432 2583.05
-580.971 233.958 2639.67
FRAME: 144
-558.607 669.841 2527.61
-750.549 216.861 2632.4
-728.036 -808.783 2898.38
-641.13 135.246 2509.13
-646.183 22.2203 2707.55
-714.808 -411.147 2760.06
-702.955 429.929 2573.36
-569.972 437.866 2588.82
-359.24 258.339 2736.55
-279.443 -726.173 3019.32
-532.167 53.8908 2471.62
-473.899 32.7873 2727.42
-377.479 -362.91 2827.07
-436.989 445.803 2604.29
-565.006 232.685 2653.15
FRAME: 145
-536.027 673.693 2542.03
-747.48 216.821 2658.23
-727.067 -811.769 2905.95
-634.932 140.639 2520.79
-630.831 17.7241 2718.51
-704.257 -413.903 2767.21
-690.272 432.962 2587.12
-551.136 441.403 2603.5
-352.929 236.991 2741.09
-254.566 -686.872 3042.08
-496.999 99.7817 2508.58
-450.152 28.7479 2739.77
-353.021 -366.727 2838.51
-411.999 449.845 2619.89
-545.814 232.32 2666.32
FRAME: 146
-489.431 682.794 2568.36
-717.365 217.271 2694.42
-725.196 -806.679 2906.08
-602.649 142.137 2535.83
-592.474 22.3476 2741.41
-674.339 -409.74 2778.45
-652.929 438.086 2616.42
-507.651 444.287 2632.71
-310.656 221.533 2751.38
-244.289 -665.183 3109.32
-472.82 110.888 2504.22
-414.688 29.9209 2761.53
-315.572 -352.508 2875.17
-362.372 450.487 2649.01
-505.616 235.21 2692.09
FRAME: 147
-450.734 684.259 2592.73
-683.539 208.965 2725.47
-724.675 -809.947 2912.55
-528.628 139.348 2558.82
-553.98 16.3651 2762.43
-654.257 -412.619 2796.32
-613.956 439.896 2644.1
-472.314 447.664 2658.56
-279.354 206.249 2771.14
-233.483 -668.222 3166.89
-450.232 112.175 2523.29
-366.795 26.7637 2781.62
-270.016 -334.232 2933.61
-330.673 455.432 2673.01
-466.351 234.614 2715.29
FRAME: 148
-422.397 683.206 2609.45
-654.381 205.91 2749.17
-723.719 -801.752 2916.19
-538.804 161.59 2565.16
-520.01 15.273 2777.78
-634.158 -409.238 2809.73
-578.234 438.463 2661.25
-434.376 443.022 2675.48
-245.567 204.828 2799.73
-233.391 -680.438 3172.62
-424.467 117.893 2546.75
-343.607 20.97 2795.33
-249.237 -340.674 2962.79
-290.517 447.581 2689.71
-433.092 230.572 2731.02
FRAME: 149
-396.177 678.502 2629.11
-641.286 204.496 2758.21
-717.94 -798.91 2922.98
-499.911 137.147 2596.44
-493.643 4.0738 2798.13
-617.457 -408.549 2819.44
-552.796 435.657 2669.96
-404.855 441.057 2688.19
-217.639 199.415 2818.13
-228.006 -700.145 3185.52
-395.434 115.539 2560.42
-314.259 10.7726 2820.26
-234.895 -346.85 2991.89
-256.914 446.457 2706.43
-404.403 224.24 2748.7
FRAME: 150
-358.031 664.182 2649.49
-616.745 207.934 2744.8
-709.723 -791.825 2924.67
-532.02 152.208 2584.26
-456.146 9.26204 2816.23
-582.389 -402.255 2828.84
-513.712 432.028 2692.99
-371.452 434.404 2706.52
-171.199 188.038 2823.57
-226.398 -704.537 3190.67
-400.503 97.478 2559.06
-293.481 12.0775 2831.87
-220.48 -346.728 3002.38
-229.192 436.779 2720.05
-373.133 222.537 2765.29
FRAME: 151
-314.199 658.447 2662.2
-536.595 204.737 2795.14
-664.881 -797.041 2948.22
-405.591 154.234 2600.07
-407.05 21.1097 2849.54
-529.733 -399.477 2854.59
-469.486 429.998 2712.3
-329.951 437.775 2729.36
-124.431 203.524 2838.93
-221.326 -695.755 3187.25
-316.76 118.524 2597.09
-239.371 30.5343 2870.46
-192.81 -336.979 3001.71
-190.416 445.552 2746.42
-326.581 231.798 2794.68
FRAME: 152
-288.763 660.766 2673.71
-509.161 218.25 2829.93
-614.288 -796.415 2961.48
-401.547 146.547 2612.86
-390.962 35.3326 2868.16
-496.3 -393.706 2870.26
-445.122 436.676 2732.32
-311.046 441.525 2744.24
-95.1173 221.397 2854.23
-219.992 -699.148 3188.41
-290.727 127.136 2589.33
-225.365 41.2443 2883.04
-179.5 -335.916 3004.18
-176.969 446.374 2756.16
-309.604 239.907 2809.92
FRAME: 153
-266.978 668.432 2674
-495.044 238.104 2841.29
-583.028 -801.226 2975.7
-370.152 221.778 2594.59
-375.877 44.9764 2876.55
-480.035 -390.774 2872.51
-428.588 444.083 2735.01
-291.612 450.203 2752.27
-85.1184 225.692 2862.53
-216.794 -701.407 3189.86
-283.195 153.164 2598.21
-205.889 52.4257 2898.01
-172.999 -336.921 3003.4
-154.636 456.324 2769.52
-291.247 249.452 2819.77
FRAME: 154
-248.023 677.048 2679.3
-492.444 255.756 2798.57
-534.412 -792.786 2987.32
-361.977 231.289 2619.48
-362.204 55.506 2879.11
-456.725 -385.059 2879.88
-399.853 456.727 2746.87
-269.463 459.733 2761.78
-52.0574 258.935 2881.25
-215.995 -701.977 3193.66
-252.19 154.941 2643.56
-195.328 58.6176 2900.66
-167.062 -334.54 3006.59
-139.072 462.74 2776.7
-274.114 258.397 2825.84
FRAME: 155
-228.567 690.954 2679.35
-482.447 274.009 2780.58
-390.323 -749.923 3011.66
-357.403 246.24 2604.09
-345.663 72.9925 2872.66
-376.394 -350.282 2878.23
-368.533 491.037 2742.8
-241.013 487.774 2756.03
-38.5615 285.601 2880.83
-214.45 -693.821 3211.84
-237.179 177.988 2599.65
-183.735 68.7488 2889.17
-158.722 -335.253 3006.98
-113.493 484.511 2769.26
-252.856 279.322 2818.47
FRAME: 156
-212.245 703.551 2680.96
-470.023 316.758 2749.26
-343.149 -760.19 3020.44
-347.289 257.386 2645.48
-329.744 96.3125 2871.46
-344.506 -347.101 2887.5
-341.737 507.402 2744.58
-221.965 502.499 2758.72
-27.789 302.893 2885.24
-210.495 -694.224 3204.98
-235.397 223.04 2630.15
-176.632 89.9569 2889.97
-152.372 -327.219 2999.88
-102.194 497.597 2772.85
-237.577 297.817 2819.72
FRAME: 157
-198.689 711.694 2678.5
-463.891 319.746 2760.66
-302.84 -756.916 3032.89
-353.863 362.832 2690.76
-314.561 112.046 2868.53
-319.728 -339.408 2886.05
-332.327 518.85 2747.79
-212.776 513.224 2759.23
-16.3588 312.214 2879.45
-207.652 -689.474 3203.67
-232.456 206.044 2602.1
-170.756 105.234 2882.44
-141.24 -315.542 2990.92
-93.2254 507.598 2770.68
-227.717 310.932 2817.36
FRAME: 158
-187.894 715.853 2680.66
-422.047 308.157 2794.48
-244.918 -749.864 3056.44
-354.239 329.714 2692.95
-293.626 104.655 2867.66
-287.904 -338.153 2888.95
-318.969 510.85 2742.12
-199.655 509.315 2756.21
-1.39208 318.446 2875.28
-191.413 -682.543 3192.42
-227.787 220.462 2600.06
-144.209 102.676 2885.24
-125.685 -304.66 2982.28
-80.3397 507.781 2770.29
-209.286 306.49 2816.33
FRAME: 159
-182.927 713.297 2681.73
-404.064 276.529 2806.15
-234.314 -759.296 3054.18
-331.863 297.632 2693.2
-277.893 91.0512 2862.72
-265.604 -345.475 2888.55
-310.712 494.826 2729.62
-193.971 497.565 2746.95
3.06405 311.908 2872.89
-177.774 -679.48 3178
-186.492 211.196 2655.77
-128.561 94.4988 2884.82
-106.434 -304.102 2978.79
-77.231 500.305 2764.28
-198.599 295.17 2810.36
FRAME: 160
-173.538 700.326 2683.18
-400.875 254.883 2806.98
-228.551 -768.242 3057.79
-325.32 282.358 2678.25
-262.839 81.4486 2864.68
-248.269 -358.115 2887.8
-296.401 485.882 2734.09
-186.849 490.805 2749.95
7.18107 309.295 2870.75
-163.394 -698.487 3184.52
-133.53 143.553 2653.71
-112.884 88.2617 2886.72
-78.1504 -329.811 2979.31
-77.2965 495.729 2765.82
-187.355 287.83 2812.83
FRAME: 161
-169.378 686.856 2685.75
-386.181 262.436 2791.54
-226.007 -766.028 3057.97
-318.692 241.098 2685.36
-245.645 74.0644 2862.25
-236.069 -358.014 2881.47
-287.046 470.869 2751.1
-178.615 477.131 2766.47
5.07165 298.631 2859.72
-144.974 -696.138 3178.29
-194.967 215.26 2600.48
-105.068 82.3894 2884.97
-55.9962 -333.337 2969.2
-70.1844 483.393 2781.84
-176.986 277.679 2820.04
FRAME: 162
-164.469 677.214 2684.44
-386.094 242.898 2789.06
-223.826 -769.146 3059.61
-293.695 243.559 2682.51
-236.681 61.4093 2859.93
-228.896 -371.846 2883.84
-285.802 448.326 2759.44
-173.511 454.577 2765.45
15.6635 290.996 2863.14
-129.364 -688.629 3176.24
-136.901 208.697 2650.1
-86.2905 69.538 2870.85
-19.9801 -333.166 2952.57
-61.2199 460.828 2771.47
-167.498 260.025 2815.42
FRAME: 163
-161.798 676.708 2682.3
-380.336 256.574 2772.96
-220.167 -761.994 3060.54
-275.526 227.08 2658.82
-227.343 55.2065 2857.05
-222.688 -370.797 2883.5
-279.133 446.741 2758.64
-168.703 453.745 2761.43
8.24875 280.643 2854.32
-106.661 -685.868 3169.96
-154.711 212.507 2633.3
-73.7356 64.6847 2862.57
-5.6071 -334.658 2945.3
-58.2744 460.748 2764.21
-159.621 256.845 2810.62
FRAME: 164
-160.429 678.619 2682.15
-339.807 242.037 2742.43
-216.885 -765.761 3054.75
-250.118 281.032 2645.55
-219.211 48.0674 2852.06
-216.689 -378.451 2880.73
-286.551 432.821 2748.93
-171.437 445.113 2758.11
-15.2654 244.283 2786.95
-81.3975 -682.101 3161.49
-155.589 213.11 2627.18
-60.3007 64.9921 2865.14
8.86647 -334.794 2947.26
-56.3227 457.405 2767.29
-155.596 250.821 2808.36
FRAME: 165
-152.44 678.231 2679.15
-317.613 238.775 2727.52
-215.198 -767.045 3048.83
-235.066 313.334 2653.16
-207.824 44.4105 2843.94
-212.997 -379.319 2877.01
-276.742 427.527 2728.74
-167.53 443.359 2745.2
-24.5484 243.92 2766.13
-15.5987 -681.523 3145.14
-141.772 228.457 2615.99
-50.4349 67.2193 2867.44
29.615 -326.521 2953.8
-58.3182 459.192 2761.65
-148.33 249.587 2800.44
FRAME: 166
-143.665 679.126 2677
-256.134 224.056 2683.84
-216.679 -765.431 3045.76
-245.96 296.259 2667.7
-199.231 41.9413 2841.52
-210.691 -376.977 2878.05
-271.32 428.714 2724.34
-154.532 445.561 2744.28
-23.457 238.023 2724.05
51.0849 -697.694 3142.12
-126.215 249.411 2586.65
-35.7839 65.6882 2869.31
47.0622 -326.64 2965.96
-37.7445 462.409 2764.23
-136.02 249.688 2799.85
FRAME: 167
-128.809 680.138 2674.94
-196.58 224.849 2648.9
-216.364 -766.148 3039.39
-226.765 311.601 2672.35
-192.759 44.0073 2840.27
-206.475 -377.778 2885.97
-258.447 433.443 2718.32
-137.99 447.678 2741.9
-12.3024 215.747 2728.89
79.3248 -707.57 3147.1
-95.7009 288.852 2600.59
-35.0045 62.4689 2870.81
63.257 -332.163 2976.83
-17.5328 461.912 2765.48
-125.936 250.458 2798.72
FRAME: 168
-119.061 680.159 2675.13
-197.064 244.15 2645.37
-218.717 -764.887 3043.09
-181.723 333.89 2652.29
-181.499 41.7787 2845.58
-204.643 -376.579 2893
-246.256 436.661 2723.5
-119.656 448.462 2745.46
11.2674 227.079 2743.08
108.454 -722.747 3137.7
-60.8308 319.085 2643.33
-25.0878 56.4613 2872.02
75.7858 -335.207 2984.84
6.94459 460.263 2767.43
-111.475 248.791 2802.13
FRAME: 169
-100.721 680.304 2673.94
-199.543 239.312 2656.46
-221.737 -770.847 3051.39
-164.899 312.439 2644.42
-168.37 36.1719 2848.86
-205.632 -381.074 2904.63
-238.919 428.322 2726.25
-112.355 441.567 2743.85
42.1807 240.331 2746.85
147.096 -725.2 3126.21
-55.889 277.218 2610.51
-9.13169 52.7025 2870.56
91.2706 -336.437 2986.58
14.2084 454.813 2761.45
-100.553 243.002 2801.78
FRAME: 170
-84.7872 677.931 2676.59
-188.373 229.467 2649.42
-225.021 -768.006 3058.45
-157.078 287.639 2627.23
-155.834 30.4615 2849.92
-210.338 -376.502 2914.04
-232.975 414.437 2717.92
-103.833 430.655 2739.87
59.5368 231.09 2743.93
177.631 -738.102 3117.8
-44.0433 263.622 2571.3
3.83213 50.4439 2876.92
111.49 -340.722 2988.95
25.3099 446.873 2761.81
-89.9168 235.554 2801.64
FRAME: 171
-49.1421 671.083 2680.14
-175.254 234.525 2646.24
-226.126 -764.903 3066.61
-119.459 323.313 2618.5
-148.749 29.2287 2856.34
-210.547 -377.381 2926.27
-201.626 421.105 2724.49
-73.1308 431.694 2740.84
81.4779 239.976 2755.92
190.555 -745.088 3117.84
-31.5616 295.762 2587.58
34.792 44.1957 2879.45
131.311 -347.623 2990.21
55.3648 442.284 2757.18
-65.0546 234.203 2804.37

