FRAME: 0
0 0 0
0 0 0
0 0 0
0 0 0
0 0 0
0 0 0
0 0 0
0 0 0
0 0 0
0 0 0
0 0 0
0 0 0
0 0 0
0 0 0
0 0 0
FRAME: 1
0 0 0
0 0 0
0 0 0
0 0 0
0 0 0
0 0 0
0 0 0
0 0 0
0 0 0
0 0 0
0 0 0
0 0 0
0 0 0
0 0 0
0 0 0
FRAME: 2
0 0 0
0 0 0
0 0 0
0 0 0
0 0 0
0 0 0
0 0 0
0 0 0
0 0 0
0 0 0
0 0 0
0 0 0
0 0 0
0 0 0
0 0 0
FRAME: 3
0 0 0
0 0 0
0 0 0
0 0 0
0 0 0
0 0 0
0 0 0
0 0 0
0 0 0
0 0 0
0 0 0
0 0 0
0 0 0
0 0 0
0 0 0
FRAME: 4
0 0 0
0 0 0
0 0 0
0 0 0
0 0 0
0 0 0
0 0 0
0 0 0
0 0 0
0 0 0
0 0 0
0 0 0
0 0 0
0 0 0
0 0 0
FRAME: 5
0 0 0
0 0 0
0 0 0
0 0 0
0 0 0
0 0 0
0 0 0
0 0 0
0 0 0
0 0 0
0 0 0
0 0 0
0 0 0
0 0 0
0 0 0
FRAME: 6
0 0 0
0 0 0
0 0 0
0 0 0
0 0 0
0 0 0
0 0 0
0 0 0
0 0 0
0 0 0
0 0 0
0 0 0
0 0 0
0 0 0
0 0 0
FRAME: 7
0 0 0
0 0 0
0 0 0
0 0 0
0 0 0
0 0 0
0 0 0
0 0 0
0 0 0
0 0 0
0 0 0
0 0 0
0 0 0
0 0 0
0 0 0
FRAME: 8
0 0 0
0 0 0
0 0 0
0 0 0
0 0 0
0 0 0
0 0 0
0 0 0
0 0 0
0 0 0
0 0 0
0 0 0
0 0 0
0 0 0
0 0 0
FRAME: 9
0 0 0
0 0 0
0 0 0
0 0 0
0 0 0
0 0 0
0 0 0
0 0 0
0 0 0
0 0 0
0 0 0
0 0 0
0 0 0
0 0 0
0 0 0
FRAME: 10
0 0 0
0 0 0
0 0 0
0 0 0
0 0 0
0 0 0
0 0 0
0 0 0
0 0 0
0 0 0
0 0 0
0 0 0
0 0 0
0 0 0
0 0 0
FRAME: 11
0 0 0
0 0 0
0 0 0
0 0 0
0 0 0
0 0 0
0 0 0
0 0 0
0 0 0
0 0 0
0 0 0
0 0 0
0 0 0
0 0 0
0 0 0
FRAME: 12
0 0 0
0 0 0
0 0 0
0 0 0
0 0 0
0 0 0
0 0 0
0 0 0
0 0 0
0 0 0
0 0 0
0 0 0
0 0 0
0 0 0
0 0 0
FRAME: 13
0 0 0
0 0 0
0 0 0
0 0 0
0 0 0
0 0 0
0 0 0
0 0 0
0 0 0
0 0 0
0 0 0
0 0 0
0 0 0
0 0 0
0 0 0
FRAME: 14
0 0 0
0 0 0
0 0 0
0 0 0
0 0 0
0 0 0
0 0 0
0 0 0
0 0 0
0 0 0
0 0 0
0 0 0
0 0 0
0 0 0
0 0 0
FRAME: 15
0 0 0
0 0 0
0 0 0
0 0 0
0 0 0
0 0 0
0 0 0
0 0 0
0 0 0
0 0 0
0 0 0
0 0 0
0 0 0
0 0 0
0 0 0
FRAME: 16
0 0 0
0 0 0
0 0 0
0 0 0
0 0 0
0 0 0
0 0 0
0 0 0
0 0 0
0 0 0
0 0 0
0 0 0
0 0 0
0 0 0
0 0 0
FRAME: 17
0 0 0
0 0 0
0 0 0
0 0 0
0 0 0
0 0 0
0 0 0
0 0 0
0 0 0
0 0 0
0 0 0
0 0 0
0 0 0
0 0 0
0 0 0
FRAME: 18
0 0 0
0 0 0
0 0 0
0 0 0
0 0 0
0 0 0
0 0 0
0 0 0
0 0 0
0 0 0
0 0 0
0 0 0
0 0 0
0 0 0
0 0 0
FRAME: 19
0 0 0
0 0 0
0 0 0
0 0 0
0 0 0
0 0 0
0 0 0
0 0 0
0 0 0
0 0 0
0 0 0
0 0 0
0 0 0
0 0 0
0 0 0
FRAME: 20
0 0 0
0 0 0
0 0 0
0 0 0
0 0 0
0 0 0
0 0 0
0 0 0
0 0 0
0 0 0
0 0 0
0 0 0
0 0 0
0 0 0
0 0 0
FRAME: 21
0 0 0
0 0 0
0 0 0
0 0 0
0 0 0
0 0 0
0 0 0
0 0 0
0 0 0
0 0 0
0 0 0
0 0 0
0 0 0
0 0 0
0 0 0
FRAME: 22
0 0 0
0 0 0
0 0 0
0 0 0
0 0 0
0 0 0
0 0 0
0 0 0
0 0 0
0 0 0
0 0 0
0 0 0
0 0 0
0 0 0
0 0 0
FRAME: 23
0 0 0
0 0 0
0 0 0
0 0 0
0 0 0
0 0 0
0 0 0
0 0 0
0 0 0
0 0 0
0 0 0
0 0 0
0 0 0
0 0 0
0 0 0
FRAME: 24
0 0 0
0 0 0
0 0 0
0 0 0
0 0 0
0 0 0
0 0 0
0 0 0
0 0 0
0 0 0
0 0 0
0 0 0
0 0 0
0 0 0
0 0 0
FRAME: 25
0 0 0
0 0 0
0 0 0
0 0 0
0 0 0
0 0 0
0 0 0
0 0 0
0 0 0
0 0 0
0 0 0
0 0 0
0 0 0
0 0 0
0 0 0
FRAME: 26
0 0 0
0 0 0
0 0 0
0 0 0
0 0 0
0 0 0
0 0 0
0 0 0
0 0 0
0 0 0
0 0 0
0 0 0
0 0 0
0 0 0
0 0 0
FRAME: 27
0 0 0
0 0 0
0 0 0
0 0 0
0 0 0
0 0 0
0 0 0
0 0 0
0 0 0
0 0 0
0 0 0
0 0 0
0 0 0
0 0 0
0 0 0
FRAME: 28
0 0 0
0 0 0
0 0 0
0 0 0
0 0 0
0 0 0
0 0 0
0 0 0
0 0 0
0 0 0
0 0 0
0 0 0
0 0 0
0 0 0
0 0 0
FRAME: 29
0 0 0
0 0 0
0 0 0
0 0 0
0 0 0
0 0 0
0 0 0
0 0 0
0 0 0
0 0 0
0 0 0
0 0 0
0 0 0
0 0 0
0 0 0
FRAME: 30
0 0 0
0 0 0
0 0 0
0 0 0
0 0 0
0 0 0
0 0 0
0 0 0
0 0 0
0 0 0
0 0 0
0 0 0
0 0 0
0 0 0
0 0 0
FRAME: 31
0 0 0
0 0 0
0 0 0
0 0 0
0 0 0
0 0 0
0 0 0
0 0 0
0 0 0
0 0 0
0 0 0
0 0 0
0 0 0
0 0 0
0 0 0
FRAME: 32
0 0 0
0 0 0
0 0 0
0 0 0
0 0 0
0 0 0
0 0 0
0 0 0
0 0 0
0 0 0
0 0 0
0 0 0
0 0 0
0 0 0
0 0 0
FRAME: 33
0 0 0
0 0 0
0 0 0
0 0 0
0 0 0
0 0 0
0 0 0
0 0 0
0 0 0
0 0 0
0 0 0
0 0 0
0 0 0
0 0 0
0 0 0
FRAME: 34
0 0 0
0 0 0
0 0 0
0 0 0
0 0 0
0 0 0
0 0 0
0 0 0
0 0 0
0 0 0
0 0 0
0 0 0
0 0 0
0 0 0
0 0 0
FRAME: 35
0 0 0
0 0 0
0 0 0
0 0 0
0 0 0
0 0 0
0 0 0
0 0 0
0 0 0
0 0 0
0 0 0
0 0 0
0 0 0
0 0 0
0 0 0
FRAME: 36
0 0 0
0 0 0
0 0 0
0 0 0
0 0 0
0 0 0
0 0 0
0 0 0
0 0 0
0 0 0
0 0 0
0 0 0
0 0 0
0 0 0
0 0 0
FRAME: 37
0 0 0
0 0 0
0 0 0
0 0 0
0 0 0
0 0 0
0 0 0
0 0 0
0 0 0
0 0 0
0 0 0
0 0 0
0 0 0
0 0 0
0 0 0
FRAME: 38
0 0 0
0 0 0
0 0 0
0 0 0
0 0 0
0 0 0
0 0 0
0 0 0
0 0 0
0 0 0
0 0 0
0 0 0
0 0 0
0 0 0
0 0 0
FRAME: 39
0 0 0
0 0 0
0 0 0
0 0 0
0 0 0
0 0 0
0 0 0
0 0 0
0 0 0
0 0 0
0 0 0
0 0 0
0 0 0
0 0 0
0 0 0
FRAME: 40
0 0 0
0 0 0
0 0 0
0 0 0
0 0 0
0 0 0
0 0 0
0 0 0
0 0 0
0 0 0
0 0 0
0 0 0
0 0 0
0 0 0
0 0 0
FRAME: 41
0 0 0
0 0 0
0 0 0
0 0 0
0 0 0
0 0 0
0 0 0
0 0 0
0 0 0
0 0 0
0 0 0
0 0 0
0 0 0
0 0 0
0 0 0
FRAME: 42
0 0 0
0 0 0
0 0 0
0 0 0
0 0 0
0 0 0
0 0 0
0 0 0
0 0 0
0 0 0
0 0 0
0 0 0
0 0 0
0 0 0
0 0 0
FRAME: 43
0 0 0
0 0 0
0 0 0
0 0 0
0 0 0
0 0 0
0 0 0
0 0 0
0 0 0
0 0 0
0 0 0
0 0 0
0 0 0
0 0 0
0 0 0
FRAME: 44
0 0 0
0 0 0
0 0 0
0 0 0
0 0 0
0 0 0
0 0 0
0 0 0
0 0 0
0 0 0
0 0 0
0 0 0
0 0 0
0 0 0
0 0 0
FRAME: 45
0 0 0
0 0 0
0 0 0
0 0 0
0 0 0
0 0 0
0 0 0
0 0 0
0 0 0
0 0 0
0 0 0
0 0 0
0 0 0
0 0 0
0 0 0
FRAME: 46
0 0 0
0 0 0
0 0 0
0 0 0
0 0 0
0 0 0
0 0 0
0 0 0
0 0 0
0 0 0
0 0 0
0 0 0
0 0 0
0 0 0
0 0 0
FRAME: 47
0 0 0
0 0 0
0 0 0
0 0 0
0 0 0
0 0 0
0 0 0
0 0 0
0 0 0
0 0 0
0 0 0
0 0 0
0 0 0
0 0 0
0 0 0
FRAME: 48
0 0 0
0 0 0
0 0 0
0 0 0
0 0 0
0 0 0
0 0 0
0 0 0
0 0 0
0 0 0
0 0 0
0 0 0
0 0 0
0 0 0
0 0 0
FRAME: 49
0 0 0
0 0 0
0 0 0
0 0 0
0 0 0
0 0 0
0 0 0
0 0 0
0 0 0
0 0 0
0 0 0
0 0 0
0 0 0
0 0 0
0 0 0
FRAME: 50
0 0 0
0 0 0
0 0 0
0 0 0
0 0 0
0 0 0
0 0 0
0 0 0
0 0 0
0 0 0
0 0 0
0 0 0
0 0 0
0 0 0
0 0 0
FRAME: 51
0 0 0
0 0 0
0 0 0
0 0 0
0 0 0
0 0 0
0 0 0
0 0 0
0 0 0
0 0 0
0 0 0
0 0 0
0 0 0
0 0 0
0 0 0
FRAME: 52
0 0 0
0 0 0
0 0 0
0 0 0
0 0 0
0 0 0
0 0 0
0 0 0
0 0 0
0 0 0
0 0 0
0 0 0
0 0 0
0 0 0
0 0 0
FRAME: 53
0 0 0
0 0 0
0 0 0
0 0 0
0 0 0
0 0 0
0 0 0
0 0 0
0 0 0
0 0 0
0 0 0
0 0 0
0 0 0
0 0 0
0 0 0
FRAME: 54
0 0 0
0 0 0
0 0 0
0 0 0
0 0 0
0 0 0
0 0 0
0 0 0
0 0 0
0 0 0
0 0 0
0 0 0
0 0 0
0 0 0
0 0 0
FRAME: 55
0 0 0
0 0 0
0 0 0
0 0 0
0 0 0
0 0 0
0 0 0
0 0 0
0 0 0
0 0 0
0 0 0
0 0 0
0 0 0
0 0 0
0 0 0
FRAME: 56
0 0 0
0 0 0
0 0 0
0 0 0
0 0 0
0 0 0
0 0 0
0 0 0
0 0 0
0 0 0
0 0 0
0 0 0
0 0 0
0 0 0
0 0 0
FRAME: 57
0 0 0
0 0 0
0 0 0
0 0 0
0 0 0
0 0 0
0 0 0
0 0 0
0 0 0
0 0 0
0 0 0
0 0 0
0 0 0
0 0 0
0 0 0
FRAME: 58
0 0 0
0 0 0
0 0 0
0 0 0
0 0 0
0 0 0
0 0 0
0 0 0
0 0 0
0 0 0
0 0 0
0 0 0
0 0 0
0 0 0
0 0 0
FRAME: 59
0 0 0
0 0 0
0 0 0
0 0 0
0 0 0
0 0 0
0 0 0
0 0 0
0 0 0
0 0 0
0 0 0
0 0 0
0 0 0
0 0 0
0 0 0
FRAME: 60
0 0 0
0 0 0
0 0 0
0 0 0
0 0 0
0 0 0
0 0 0
0 0 0
0 0 0
0 0 0
0 0 0
0 0 0
0 0 0
0 0 0
0 0 0
FRAME: 61
0 0 0
0 0 0
0 0 0
0 0 0
0 0 0
0 0 0
0 0 0
0 0 0
0 0 0
0 0 0
0 0 0
0 0 0
0 0 0
0 0 0
0 0 0
FRAME: 62
0 0 0
0 0 0
0 0 0
0 0 0
0 0 0
0 0 0
0 0 0
0 0 0
0 0 0
0 0 0
0 0 0
0 0 0
0 0 0
0 0 0
0 0 0
FRAME: 63
0 0 0
0 0 0
0 0 0
0 0 0
0 0 0
0 0 0
0 0 0
0 0 0
0 0 0
0 0 0
0 0 0
0 0 0
0 0 0
0 0 0
0 0 0
FRAME: 64
0 0 0
0 0 0
0 0 0
0 0 0
0 0 0
0 0 0
0 0 0
0 0 0
0 0 0
0 0 0
0 0 0
0 0 0
0 0 0
0 0 0
0 0 0
FRAME: 65
0 0 0
0 0 0
0 0 0
0 0 0
0 0 0
0 0 0
0 0 0
0 0 0
0 0 0
0 0 0
0 0 0
0 0 0
0 0 0
0 0 0
0 0 0
FRAME: 66
0 0 0
0 0 0
0 0 0
0 0 0
0 0 0
0 0 0
0 0 0
0 0 0
0 0 0
0 0 0
0 0 0
0 0 0
0 0 0
0 0 0
0 0 0
FRAME: 67
0 0 0
0 0 0
0 0 0
0 0 0
0 0 0
0 0 0
0 0 0
0 0 0
0 0 0
0 0 0
0 0 0
0 0 0
0 0 0
0 0 0
0 0 0
FRAME: 68
0 0 0
0 0 0
0 0 0
0 0 0
0 0 0
0 0 0
0 0 0
0 0 0
0 0 0
0 0 0
0 0 0
0 0 0
0 0 0
0 0 0
0 0 0
FRAME: 69
0 0 0
0 0 0
0 0 0
0 0 0
0 0 0
0 0 0
0 0 0
0 0 0
0 0 0
0 0 0
0 0 0
0 0 0
0 0 0
0 0 0
0 0 0
FRAME: 70
0 0 0
0 0 0
0 0 0
0 0 0
0 0 0
0 0 0
0 0 0
0 0 0
0 0 0
0 0 0
0 0 0
0 0 0
0 0 0
0 0 0
0 0 0
FRAME: 71
0 0 0
0 0 0
0 0 0
0 0 0
0 0 0
0 0 0
0 0 0
0 0 0
0 0 0
0 0 0
0 0 0
0 0 0
0 0 0
0 0 0
0 0 0
FRAME: 72
0 0 0
0 0 0
0 0 0
0 0 0
0 0 0
0 0 0
0 0 0
0 0 0
0 0 0
0 0 0
0 0 0
0 0 0
0 0 0
0 0 0
0 0 0
FRAME: 73
0 0 0
0 0 0
0 0 0
0 0 0
0 0 0
0 0 0
0 0 0
0 0 0
0 0 0
0 0 0
0 0 0
0 0 0
0 0 0
0 0 0
0 0 0
FRAME: 74
0 0 0
0 0 0
0 0 0
0 0 0
0 0 0
0 0 0
0 0 0
0 0 0
0 0 0
0 0 0
0 0 0
0 0 0
0 0 0
0 0 0
0 0 0
FRAME: 75
0 0 0
0 0 0
0 0 0
0 0 0
0 0 0
0 0 0
0 0 0
0 0 0
0 0 0
0 0 0
0 0 0
0 0 0
0 0 0
0 0 0
0 0 0
FRAME: 76
0 0 0
0 0 0
0 0 0
0 0 0
0 0 0
0 0 0
0 0 0
0 0 0
0 0 0
0 0 0
0 0 0
0 0 0
0 0 0
0 0 0
0 0 0
FRAME: 77
0 0 0
0 0 0
0 0 0
0 0 0
0 0 0
0 0 0
0 0 0
0 0 0
0 0 0
0 0 0
0 0 0
0 0 0
0 0 0
0 0 0
0 0 0
FRAME: 78
0 0 0
0 0 0
0 0 0
0 0 0
0 0 0
0 0 0
0 0 0
0 0 0
0 0 0
0 0 0
0 0 0
0 0 0
0 0 0
0 0 0
0 0 0
FRAME: 79
0 0 0
0 0 0
0 0 0
0 0 0
0 0 0
0 0 0
0 0 0
0 0 0
0 0 0
0 0 0
0 0 0
0 0 0
0 0 0
0 0 0
0 0 0
FRAME: 80
0 0 0
0 0 0
0 0 0
0 0 0
0 0 0
0 0 0
0 0 0
0 0 0
0 0 0
0 0 0
0 0 0
0 0 0
0 0 0
0 0 0
0 0 0
FRAME: 81
0 0 0
0 0 0
0 0 0
0 0 0
0 0 0
0 0 0
0 0 0
0 0 0
0 0 0
0 0 0
0 0 0
0 0 0
0 0 0
0 0 0
0 0 0
FRAME: 82
0 0 0
0 0 0
0 0 0
0 0 0
0 0 0
0 0 0
0 0 0
0 0 0
0 0 0
0 0 0
0 0 0
0 0 0
0 0 0
0 0 0
0 0 0
FRAME: 83
298.775 233.015 2239.46
7.27132 -82.4237 2526.33
-41.1095 -547.408 3065.65
101.347 -319.632 2483.79
34.93 -132.853 2698.22
-64.5617 -337.735 2891.86
66.4372 119.898 2422.49
201.753 77.9105 2444.39
286.758 -174.588 2566.2
78.4424 -738.689 2898.33
101.254 -176.966 2417.11
141.321 -164.618 2714.31
107.698 -448.014 2777.05
337.068 35.9232 2466.28
144.939 -35.4125 2575.33
FRAME: 84
291.379 249.912 2261.03
1.33008 -98.5482 2531.91
-39.9142 -547.341 3050.41
29.0496 -382.402 2471.83
34.0316 -129.371 2704.42
-63.5149 -344.51 2898.8
63.1026 115.781 2419.84
196.422 86.5899 2446.9
302.819 -138.178 2558.2
81.6119 -755.98 2881.27
186.002 -120.74 2413.21
148.489 -154.828 2726.25
109.263 -454.493 2763.2
329.741 57.3993 2473.95
143.841 -27.7548 2581.12
FRAME: 85
280.348 268.358 2281.87
-1.5265 -101.252 2535.55
-0.389924 -607.577 3049.6
118.647 -348.138 2507.6
32.8288 -120.457 2715.35
-58.3179 -353.468 2895.66
51.774 124.576 2432.13
187.117 97.9539 2456.86
314.287 -122.299 2576.59
88.5346 -771.683 2878.51
161.858 -303.488 2459.79
152.539 -143.649 2737.19
105.469 -465.741 2761.27
322.459 71.332 2481.6
139.9 -17.0496 2591.57
FRAME: 86
272.595 283.344 2295.84
-4.76805 -94.9398 2541.28
34.072 -663.933 3010.49
124.593 -338.936 2498.78
24.2333 -108.951 2727.85
-54.9278 -364.899 2900.55
38.9092 133.644 2457.36
176.138 103.186 2476.87
318.817 -118.607 2589.35
90.3881 -780.875 2875.97
151.756 -307.442 2450.89
154.299 -138.513 2745.86
104.142 -467.579 2762.83
313.366 72.7268 2496.38
132.702 -10.2731 2606.86
FRAME: 87
265.43 298.49 2308.24
-16.5029 -91.7564 2560.4
58.7382 -676.998 2995.41
132.713 -339.431 2484.86
19.8048 -104.767 2741.2
-30.8083 -377.791 2885.41
24.7986 140.508 2469.03
167.544 111.658 2486.86
325.062 -109.987 2618.51
88.4411 -784.65 2870.81
163.914 -305.124 2451.28
157.474 -133.293 2758
105.772 -470.981 2760.37
310.29 82.8079 2504.68
128.092 -3.68619 2618.23
FRAME: 88
256.297 314.556 2327.98
-31.8758 -96.811 2581.54
50.7885 -678.159 2979.03
137.464 -339.087 2534.41
19.4625 -107.505 2756.12
-14.317 -391.034 2883.73
11.2342 148.555 2485.71
157.936 126.051 2502.37
319.779 -94.1023 2631.07
85.4674 -779.943 2864.29
182.779 -305.246 2453.92
161.949 -129.242 2772.43
107.109 -466.072 2752.64
304.637 103.547 2519.03
124.321 3.83864 2633.32
FRAME: 89
244.22 332.34 2342.66
-37.0769 -73.6437 2600.14
38.4272 -677.584 3016.81
104.092 -337.335 2610.35
16.6488 -97.3009 2763.51
-19.9434 -394.139 2902.57
3.45465 170.569 2504.12
151.435 143.982 2514.1
313.375 -90.5914 2640.49
88.8784 -778.558 2863.14
193.444 -322.291 2438.01
160.929 -123.787 2772.61
109.87 -465.336 2751.46
299.415 117.395 2524.08
120.112 16.7189 2641.08
FRAME: 90
227.588 362.702 2369.37
-50.3099 -51.0629 2632.33
20.6602 -658.377 3084.01
72.1585 -327.54 2605.7
14.3166 -90.7724 2769.82
-47.9728 -387.515 2938.23
-3.34027 200.749 2533.39
146.508 169.408 2536.57
308.665 -71.0026 2662.29
88.0409 -782.419 2858.98
244.047 -313.073 2506.15
154.889 -120.503 2772.13
110.974 -463.326 2750.52
296.356 138.068 2539.75
115.555 31.8855 2653.77
FRAME: 91
208.073 383.808 2401.15
-66.0197 -32.4965 2669.87
24.4432 -649.492 3081.78
58.3278 -315.773 2620.35
6.84124 -88.5444 2780.81
-49.1502 -414.198 2904.65
-10.4275 220.295 2561.92
139.893 188.004 2558.3
298.313 -53.1718 2685.84
117.799 -780.635 2859.16
245.77 -311.767 2524.07
158.498 -121.55 2776.48
119.309 -462.036 2755.22
290.213 155.713 2554.68
111.281 41.4784 2668.47
FRAME: 92
200.996 398.493 2418.7
-76.5578 -24.3114 2686.88
28.429 -644.915 3094.61
43.0941 -312.212 2619.69
5.97282 -94.2412 2789.15
-10.8667 -425.73 2885.56
-23.7417 231.418 2588.86
129.667 205.595 2582.65
299.985 -27.1687 2699.73
134.009 -777.241 2842.85
242.839 -319.611 2569.3
165.085 -121.142 2782.32
129.769 -462.78 2762.1
283.076 179.772 2576.45
107.598 48.9516 2684.19
FRAME: 93
194.362 411.522 2433.43
-84.9067 -12.2839 2701.62
39.3761 -656.786 3061.03
26.2915 -301.088 2615.34
-3.46344 -94.2819 2789.05
2.06143 -432.202 2870.42
-29.5766 248.301 2617.74
124.286 221.726 2605.71
303.907 -10.292 2708.96
130.523 -748.389 2853.96
232.7 -331.572 2596.03
164.613 -123.14 2775.78
140.791 -442.45 2762.94
278.148 195.15 2593.68
102.43 56.5074 2694.06
FRAME: 94
185.792 427.006 2459.61
-89.9831 -7.83354 2732.53
38.5425 -622.449 3102.08
19.4549 -285.325 2625.3
-10.3415 -81.8157 2809.43
-25.8706 -428.075 2901.08
-34.5854 262.194 2639.64
118.941 234.478 2625.9
304.549 12.4749 2727.1
113.365 -758.106 2858.88
196.116 -327.68 2621.31
159.115 -112.356 2794
137.422 -434.52 2765.73
272.468 206.761 2612.15
96.664 68.6959 2713.81
FRAME: 95
171.342 445.948 2491.49
-97.1875 3.95185 2768.94
36.5246 -613.581 3127.78
4.92385 -263.017 2642.18
-8.1812 -80.2447 2825.57
-36.3563 -421.869 2923.68
-39.6077 272.889 2672.12
112.582 247.319 2650.86
309.612 20.0665 2727.46
103.268 -746.793 2871.38
167.842 -309.175 2650.92
163.954 -109.062 2801.47
128.869 -414.994 2778.91
264.772 221.75 2629.6
95.2344 76.3331 2732.19
FRAME: 96
149.615 473.794 2542.83
-104.377 9.78386 2801.06
39.7117 -605.213 3131.23
-9.48651 -254.057 2648.21
-5.91346 -81.0887 2839.9
-32.606 -428.285 2929.47
-50.9787 282.856 2717.37
102.325 261.265 2685.96
310.129 33.4433 2735.32
112.07 -713.859 2888.05
151.391 -242.176 2636.14
166.656 -105.448 2804.27
129.87 -397.362 2792.72
255.629 239.673 2654.55
91.3483 83.9982 2754.02
FRAME: 97
137.574 495.3 2595.49
-106.809 19.9599 2835.86
128.783 -756.283 2891.57
33.6279 -273.647 2675.17
-1.63042 -78.9874 2853.89
109.968 -383.744 2831.58
-61.0545 287.018 2757.49
91.5503 270.525 2718.53
310.849 66.955 2751.9
118.592 -714.411 2890.27
136.273 -213.229 2625.66
165.065 -96.9234 2810.52
143.051 -391.229 2813.01
244.155 254.032 2679.57
86.6337 91.2847 2775.37
FRAME: 98
132.816 502.56 2620.79
-115.341 46.3528 2878.43
129.862 -764.809 2898.66
2.43475 -245.937 2688.84
-0.788307 -41.4332 2865.06
119.333 -370.837 2852.01
-66.0406 292.132 2781.1
85.6991 274.883 2743.08
297.373 56.5705 2761.64
119.043 -741.182 2891.95
129.56 -130.328 2627.44
153.128 -58.9345 2825.99
142.727 -389.929 2829.03
237.439 257.634 2705.07
80.9346 112.35 2794.3
FRAME: 99
129.327 508.84 2632.25
-115.306 44.6925 2897.81
129.4 -775.622 2906.75
10.9369 -257.483 2680.99
6.58852 -46.9702 2881.81
127.521 -388.225 2873.72
-70.5883 295.553 2814.62
80.8842 282.007 2768.12
291.927 63.5855 2757.03
125.642 -755.918 2898.62
117.887 -90.0598 2663.61
152.499 -60.0253 2837.18
141.063 -392.297 2837.64
232.357 268.461 2721.62
80.214 114.255 2813.81
FRAME: 100
124.429 511.029 2646.04
-120.887 42.5693 2903.69
132.434 -776.788 2919.6
5.18308 -267.259 2682.6
9.21953 -38.853 2894.48
132.134 -390.02 2889.05
-75.8324 297.265 2826.92
76.4325 288.033 2783.09
288.3 73.5955 2780.68
123.002 -776.295 2894.31
140.475 -58.2117 2638.94
155.848 -47.7301 2852.65
136.479 -394.197 2843.44
228.697 278.801 2739.27
79.4831 122.371 2828.33
FRAME: 101
115.607 510.834 2665.58
-120.508 53.7691 2915.44
135.654 -785.968 2925.52
-7.76448 -252.809 2717.93
8.917 -34.0117 2908.67
125.551 -402.163 2912.76
-77.3919 303.32 2842.86
73.543 292.284 2794.2
277.223 75.653 2768.94
124.54 -794.604 2897.08
142.688 -65.9642 2654.81
150.102 -44.6463 2863.04
127.342 -405.134 2852.93
224.478 281.249 2745.54
76.5263 126.478 2840.03
FRAME: 102
108.583 511.409 2678.99
-121.78 55.9442 2937.99
134.202 -797.42 2933.9
1.73786 -281.533 2717.76
10.8838 -39.449 2914.96
124.069 -424.884 2934.84
-79.0023 306.007 2854.33
71.0495 294.982 2803.26
267.348 79.3642 2785.75
125.531 -801.969 2901.56
142.16 -51.134 2681.42
144.173 -50.8831 2869.38
123.085 -413.901 2865.72
221.101 283.957 2752.18
74.289 124.908 2847.71
FRAME: 103
101.946 513.316 2688.42
-118.525 49.2785 2959.54
136.233 -796.26 2950.71
-38.2506 -260.249 2771.54
6.49917 -45.1511 2932.61
119.137 -422.772 2944.78
-83.7429 304.282 2868.57
67.5939 294.173 2816.79
269.125 81.5722 2792.82
129.996 -804.061 2910.21
133.037 -36.6136 2684.01
147.543 -55.9847 2884.26
119.192 -422.574 2880.76
218.931 284.063 2765.01
72.3075 121.803 2862.61
FRAME: 104
93.6449 515.516 2697.04
-117.543 53.5049 2976.39
136.057 -781.23 2950.27
-49.0936 -258.753 2824.97
-3.34956 -46.8838 2948.96
119.73 -411.894 2946.5
-87.1209 303.595 2888.05
63.821 292.147 2830.92
270.933 78.1261 2797.56
136.516 -802.279 2946.92
130.079 -44.7625 2692
148.507 -59.176 2891.84
134.004 -420.478 2905.75
214.763 280.699 2773.78
68.1998 119.558 2875.66
FRAME: 105
90.5479 513.814 2705.5
-114.678 59.4417 2990.98
137.418 -782.931 2958.86
-60.1059 -260.345 2835.06
-3.9199 -49.7093 2965.5
122.169 -413.403 2945.06
-86.6539 303.539 2902.38
61.1869 290.798 2839.65
259.843 63.0349 2805.4
138.146 -807.497 2947.71
124.019 -45.1942 2695.36
148.4 -64.1231 2900.86
131.732 -432.549 2915.36
209.028 278.056 2776.92
66.7136 116.941 2886.41
FRAME: 106
87.7818 510.22 2711.72
-109.91 60.4383 3001.12
143.058 -790.85 2998.28
-60.8251 -257.174 2863.31
-4.2818 -48.4764 2988.21
85.0035 -443.311 2967.88
-86.2821 302.488 2915.85
58.767 287.667 2847.35
254.278 51.5876 2807.84
138.81 -804.562 2943.51
122.772 -61.1689 2701.35
152.49 -67.2024 2912.93
124.597 -438.95 2917.57
203.816 272.846 2778.86
66.4356 114.914 2898.96
FRAME: 107
84.3558 507.07 2723.52
-106.541 60.5738 3012.47
139.879 -780.692 3056.97
-81.7176 -262.567 2883.38
-3.19403 -60.1122 2998.58
92.9647 -449.172 2987.37
-85.5958 298.007 2928.28
57.3911 282.297 2856.72
254.618 50.8448 2816.42
137.176 -802.453 2940.15
102.716 -36.7775 2729.13
148.045 -78.8326 2921.36
116.263 -445.564 2917.14
200.378 266.587 2785.16
64.9083 106.412 2908.35
FRAME: 108
82.4083 502.966 2736.02
-101.95 48.702 3025.48
146.019 -797.937 3013.87
-99.3743 -261.077 2900.06
1.92117 -74.5184 3008.57
112.11 -456.67 3020.45
-85.0021 294.188 2944.97
55.2943 278.536 2867.45
253.074 52.5487 2813.61
135.51 -811.988 2941.35
91.1524 -25.1234 2732.93
144.105 -92.0448 2928.66
105.951 -459.539 2916.04
195.591 262.885 2789.93
64.1536 97.6274 2918.03
FRAME: 109
80.2889 498.945 2746.99
-95.5697 42.6987 3038.55
148.272 -769.861 3063.74
-116.245 -253.095 2934.21
11.7006 -74.299 3027.45
88.4191 -453.467 3027.97
-83.8988 289.834 2967.34
52.6762 273.894 2880.46
248.35 55.9067 2818.07
136.441 -820.222 2945.09
87.8513 -65.9693 2759.49
145.992 -90.7899 2941.3
104.064 -465.66 2921.94
189.251 257.954 2793.57
65.7613 95.6749 2932.42
FRAME: 110
79.4032 500.961 2755.2
-96.7917 43.4945 3058.8
152.656 -775.527 3031.83
-141.01 -235.367 2950.38
4.32585 -77.7303 3051.16
34.2073 -444.859 3092.65
-81.4941 291.507 2979.1
50.7839 271.752 2888.12
231.486 37.2822 2857.07
147.229 -847.046 2947.89
93.1135 -124.771 2790.21
147.754 -99.4153 2952.24
112.115 -485.336 2932.78
183.062 251.996 2797.14
63.4119 91.5894 2944.91
FRAME: 111
78.925 503.854 2765.36
-101.005 50.157 3090.76
137.959 -805.506 3095.51
-162.026 -219.764 2985.07
-0.702628 -76.0232 3073.18
6.37802 -462.798 3126.77
-78.6482 296.417 3007.98
49.5976 272.425 2905.21
223.6 25.989 2872.04
152.676 -892.379 2957.98
73.5666 -174.908 2776.67
141.801 -102.925 2958.59
126.735 -502.365 2941.04
177.843 248.434 2802.45
60.0732 91.4756 2960.55
FRAME: 112
80.2653 503.852 2773.5
-105.73 77.3856 3138.03
131.371 -826.295 3119.07
-195.54 -186.889 3026.21
3.21353 -80.3087 3090.28
-7.2227 -459.352 3154.79
-74.4661 300.657 3026.36
48.5362 275.323 2915.96
206.248 24.2521 2852.59
154.531 -880.385 2955.54
53.8376 -222.952 2769.65
142.321 -109.037 2965.41
124.425 -503.845 2942.56
171.538 249.988 2805.55
60.6516 90.3248 2971.9
FRAME: 113
81.4761 512.48 2789.97
-97.8458 98.6422 3180.41
131.187 -814.43 3161.3
-242.565 -115.631 3117.19
17.8026 -54.8848 3105.18
-11.7598 -454.917 3158.15
-60.8743 311.742 3054.52
50.2552 284.503 2929.57
182.817 29.3766 2828.02
158.824 -885.091 2955.9
-17.7743 -263.306 2641.89
144.458 -86.0678 2962.5
127.611 -493.591 2944.99
161.385 257.263 2804.61
65.6928 107.013 2981.7
FRAME: 114
82.4171 521.693 2809.61
-89.1472 115.832 3217.76
131.264 -807.823 3174.28
-273.039 -78.8558 3165.09
25.0374 -44.9339 3102.6
-8.78952 -449.317 3136.16
-43.9387 323.032 3074.97
58.2545 294.932 2938.96
162.246 33.408 2804.71
156.083 -877.115 2945.43
-23.2381 -213.827 2601.64
135.957 -75.4422 2954.66
123.68 -483.651 2938.97
160.448 266.832 2802.95
69.3758 117.372 2983.79
FRAME: 115
80.5703 530.918 2826.05
-82.3889 138.958 3235.72
138.758 -809.447 3177.85
-278.851 -17.7528 3225.51
34.6803 -35.9406 3104.45
-2.60499 -438.405 3125.32
-28.2241 339.993 3088.9
64.5656 312.786 2947.09
151.239 46.2597 2779.42
145.507 -881.531 2938.21
-21.7497 -136.88 2533.9
133.339 -65.093 2953.17
118.948 -478.002 2934.83
157.355 285.578 2805.28
74.2877 131.134 2987.95
FRAME: 116
79.8052 535.922 2835.49
-80.1321 154.13 3248.85
144.279 -812.731 3174.21
-303.321 25.6655 3251.8
42.7284 -34.5507 3100.53
5.38125 -440.308 3127.96
-20.3614 346.358 3095.13
65.7667 321.376 2949.21
134.55 68.6451 2732.71
143.073 -874.806 2933.64
-51.7956 -106.897 2447.24
131.644 -61.8364 2948.16
112.624 -473.805 2930.75
151.895 296.395 2803.3
76.4763 136.591 2986.78
FRAME: 117
79.2925 541.964 2848.07
-74.2379 179.547 3260.25
147.766 -814.464 3180.37
-311.679 77.2543 3285.65
48.6038 -38.8755 3110.42
20.6793 -455.019 3153.76
-0.69103 355.822 3092.42
74.4257 327.16 2946.78
131.011 76.2388 2717.49
141.355 -885.774 2933.28
-62.277 -34.4335 2390.73
131.687 -71.3382 2948.65
107.46 -481.281 2930.08
149.542 298.498 2801.13
82.2854 136.027 2988.15
FRAME: 118
79.1279 548.402 2857.2
-69.3283 201.87 3254.14
149.976 -809.33 3181.22
-325.211 140.854 3344.32
48.4016 -37.6096 3113.98
21.6842 -447.007 3154.39
15.3909 357.828 3069.79
83.7321 323.914 2934.39
122.082 81.2316 2698.43
140.814 -895.347 2930.07
-74.6301 4.14965 2360.09
131.257 -79.2086 2951.24
103.522 -493.647 2928.1
152.073 290.001 2798.99
86.7807 132.753 2983.5
FRAME: 119
79.2598 556.125 2865.83
-57.2954 177.562 3137.09
150.709 -812.319 3184.62
-297.045 171.009 3328.49
50.0945 -43.4257 3110.44
34.769 -463.939 3180.71
13.7836 358.484 3059.78
82.6657 324.523 2927.08
83.0782 152.475 2621.35
140.16 -904.079 2926.79
-78.6526 95.0127 2347.45
133.217 -84.5912 2950.62
101.46 -500.419 2921.21
151.548 290.561 2794.38
87.1608 130.257 2978.81
FRAME: 120
79.4603 559.643 2873.23
-51.2428 220.464 3184.51
149.787 -808.446 3185.29
-290.727 341.262 3395.46
52.7349 -42.99 3107.64
38.4192 -458.999 3177.49
14.6193 365.909 3042.58
82.3808 329.753 2912.58
63.6586 203.036 2565.59
137.916 -906.756 2921.47
-85.6135 178.974 2318.84
135.339 -87.1807 2949.39
100.076 -506.257 2920.18
150.142 293.598 2782.59
88.2089 132.334 2970.55
FRAME: 121
74.212 566.527 2876.64
-43.6783 242.02 3214.2
150.668 -815.779 3181.51
-280.004 431.862 3476.48
53.9498 -40.0425 3105.63
40.1679 -457.052 3176.81
15.8648 380.032 3039.2
81.1031 343.651 2907.71
81.7168 306.624 2519.57
133.7 -907.144 2911.39
-50.5591 372.696 2254.54
133.122 -84.2094 2946.13
98.8547 -506.715 2918.02
146.341 307.27 2776.22
87.3195 140.762 2966.79
FRAME: 122
70.1388 574.525 2874.01
-41.4637 276.408 3235.97
153.32 -821.582 3204.95
-261.297 477.802 3504.53
54.0412 -38.6673 3102.19
42.5164 -455.709 3180.25
18.7207 389.421 3043
81.9384 354.811 2909.85
85.4364 364.849 2504.78
130.249 -904.501 2904.33
-44.3265 488.483 2215.21
130.364 -80.4918 2941.64
94.747 -504.946 2911.22
145.156 320.202 2776.71
87.0705 147.616 2965.89
FRAME: 123
64.1811 583.925 2851.03
-40.8117 284.721 3245.47
152.871 -822.011 3210.97
-221.27 495.589 3538.57
54.7724 -41.6601 3097.76
43.6526 -456.412 3179.9
21.3856 391.815 3042.3
83.169 360.741 2911.66
90.5649 390.871 2512.3
127.535 -898.057 2898.29
-28.13 606.597 2205.11
130.534 -80.2652 2938.5
90.0796 -500.242 2898.75
144.952 329.666 2781.03
87.9112 149.889 2964.89
FRAME: 124
61.6066 589.63 2857.27
-37.7503 297.453 3250.24
154.328 -824.165 3216.56
-186.844 549.145 3523.58
54.7042 -39.8917 3084.11
46.5984 -455.959 3173.79
23.2241 390.783 3045.99
85.5567 364.044 2916.3
100.08 416.402 2520.95
123.131 -886.515 2887.75
4.13069 669.644 2240.43
128.997 -72.0527 2930.21
84.7257 -487.7 2882.28
147.889 337.304 2786.62
88.7035 154.036 2961.73
FRAME: 125
56.7703 601.962 2863.76
-30.5498 312.09 3256.69
154.002 -827.917 3221.86
-121.805 615.719 3544.18
53.5497 -34.1353 3072.33
46.5886 -451.83 3162.28
23.7007 394.3 3048.07
84.6199 371.736 2919.39
104.552 442.253 2531.99
117.804 -878.236 2878.39
25.7648 709.173 2275.92
125.957 -61.2452 2919.98
81.6982 -476.575 2871.15
145.539 349.172 2790.71
87.1866 162.023 2957.77
FRAME: 126
54.6074 607.472 2871.77
-25.0503 330.068 3260.37
152.63 -830.341 3227.8
-102.568 611.295 3564.47
50.939 -26.5631 3064.47
46.1768 -450.221 3156.29
24.8812 396.062 3050.09
85.1286 375.975 2921.13
109.057 466.535 2547.74
114.569 -868.507 2867.5
44.6063 749.81 2311.63
123.473 -51.9796 2909.94
78.4317 -465.113 2856.99
145.376 355.888 2792.17
86.1674 168.352 2954.17
FRAME: 127
51.4652 622.677 2887.66
-19.046 344.871 3265.45
149.143 -835.431 3234.26
-84.2287 601.195 3551.93
47.7513 -24.9171 3054.89
40.5722 -445.697 3148.85
23.4343 398.192 3048.4
83.9893 380.648 2920.36
110.983 496.709 2568.13
110.326 -871.351 2853.9
63.8373 848.781 2308.59
121.179 -46.505 2899.9
78.062 -460.326 2846.68
144.544 363.103 2792.32
84.2272 172.468 2948.88
FRAME: 128
55.5334 639.539 2897.51
-10.2435 344.9 3257.41
150.62 -836.455 3235.62
-26.5536 445.426 3339.23
50.5029 -19.9337 3047.46
40.9669 -446.248 3136.32
24.9542 406.73 3049.04
81.7132 390.778 2917.15
106.909 521.611 2574.12
107.362 -880.038 2841.47
72.6968 870.647 2347.03
118.049 -38.9526 2890.92
76.3843 -462.328 2835.38
138.472 374.827 2785.26
82.9945 180.668 2943.17
FRAME: 129
65.8792 653.026 2900.27
-0.897828 345.978 3244.3
148.782 -834.446 3234.27
-14.4458 359.997 3249.66
52.0728 -21.9971 3038.22
40.0162 -446.124 3124.67
27.7304 418.288 3039.24
79.8575 404.052 2910.35
110.643 526.552 2564.67
110.946 -887.103 2835.86
80.2749 830.719 2403.43
117.025 -39.3679 2885.03
76.7408 -466.339 2824.23
131.985 389.816 2781.45
82.2032 186.685 2935.99
FRAME: 130
66.9901 657.636 2906.66
3.9873 335.208 3234
149.911 -828.651 3231.05
-16.429 325.831 3234.24
49.9728 -23.5048 3028.13
39.1935 -442.094 3113.16
29.6356 422.642 3041.38
80.4523 410.051 2909.11
115.599 536.638 2567.86
111.484 -893.188 2834.29
83.7333 852.898 2407.04
110.417 -38.3397 2875.36
74.7914 -467.302 2817.64
131.269 397.461 2776.84
80.3235 189.564 2930.43
FRAME: 131
64.4815 657.812 2905.07
8.83459 324.898 3215.37
148.354 -824.339 3201.06
-16.3339 291.909 3221.49
45.2566 -20.4062 3020.49
34.3215 -436.421 3106.23
28.8811 419.267 3030.08
80.3013 405.925 2899.15
117.458 542.344 2572.7
111.697 -896.092 2830.25
89.0103 855.485 2431.94
106.687 -36.517 2867.98
74.3432 -465.185 2810.23
131.722 392.582 2768.21
78.1366 188.731 2921.69
FRAME: 132
62.6127 648.958 2898.11
10.9227 311.582 3181.66
146.951 -816.488 3215.2
-20.8274 250.471 3180.76
34.4722 -23.5227 3007.96
27.7458 -433.775 3100.7
18.5394 414.944 2992.41
75.9206 400.628 2878.81
120.143 542.874 2579.22
111.316 -899.448 2824.51
90.2589 859.791 2447.82
109.361 -42.4523 2863.63
75.0693 -465.402 2807.29
133.302 386.312 2765.2
73.9186 183.82 2907.3
FRAME: 133
64.7528 634.958 2877.69
11.0811 307.614 3154.26
145.069 -810.131 3220.3
-37.1186 240.2 3185.76
28.6321 -25.2536 2996.95
23.064 -427.395 3096.96
14.5338 405.247 2977.15
76.5844 391.742 2872.89
120.786 542.582 2592.86
109.718 -884.845 2806.8
98.0691 860.371 2454.9
111.245 -43.5798 2859.76
77.3488 -465.572 2795.52
138.635 378.237 2768.62
73.2616 178.663 2900.62
FRAME: 134
67.4587 630.508 2852.66
9.36809 284.297 3177.95
142.762 -808.46 3129.36
-33.0338 186.605 3184.21
30.6525 -29.1658 2990.23
20.0729 -429.527 3080.61
15.8989 420.698 2985.84
79.9716 407.766 2872.11
132.275 565.31 2583.81
110.281 -902.722 2804.57
103.499 853.223 2450.3
109.577 -45.0232 2851.46
74.8473 -461.099 2786.28
144.044 394.833 2758.38
75.0432 185.336 2896.48
FRAME: 135
66.7351 628.195 2841.17
7.74898 299.939 3151.93
144.162 -811.857 3149.74
-32.9354 202.64 3180.33
27.6905 -18.8166 2982.3
19.0886 -423.34 3069.89
14.4262 423.275 2983.24
80.3558 409.921 2867.09
138.006 564.572 2585.26
110.892 -908.921 2799.67
105.186 858.432 2457.09
109.193 -35.3445 2840.28
78.2787 -462.935 2779.56
146.285 396.568 2750.94
74.3986 191.42 2889.19
FRAME: 136
68.8547 632.448 2836.43
-3.08948 328.593 3144.96
138.424 -809.932 3146.16
-46.8822 356.236 3237.15
23.3846 -12.1569 2973.93
14.4051 -424.777 3061.12
10.1376 428.307 2981.44
82.0065 415.955 2863.1
142.491 571.705 2578.66
114.502 -899.583 2790.58
110.739 873.093 2453.51
112.313 -27.3492 2827.4
82.5074 -461.015 2767.1
153.875 403.602 2744.76
74.9277 198.101 2881.88
FRAME: 137
68.5977 635.393 2831.06
-8.35231 335.44 3160.78
130.78 -823.623 3168.98
-73.3062 501.567 3284.97
18.809 -4.51361 2968.25
4.66077 -420.012 3058.62
5.049 432.138 2980
84.6781 419.511 2860.46
156.834 579.877 2569.67
120.041 -899.887 2788.64
104.733 873.963 2446.09
116.111 -19.7933 2821.55
88.5003 -457.255 2762.9
164.307 406.884 2740.92
76.0689 203.679 2877.68
FRAME: 138
69.1837 642.845 2826.97
-52.3762 389.557 3153.2
124.003 -825.267 3183.33
-78.1885 561.433 3280.1
15.1476 -1.53876 2963.74
-0.377533 -425.984 3046.67
0.547567 437.622 2977.36
86.2655 424.411 2855.95
173.865 582.995 2549.04
124.189 -907.096 2790.02
95.2381 882.592 2437.35
119.197 -17.3821 2815.43
91.4034 -463.714 2756.36
171.983 411.199 2734.53
76.719 207.475 2872.76
FRAME: 139
75.5208 649.235 2823.1
-111.51 473.118 3142.4
119.982 -828.765 3177.24
-89.1964 695.323 3252.16
7.80607 3.22727 2960.87
-12.6759 -420.658 3025.43
-11.1727 445.108 2970.23
83.9398 430.576 2847.72
184.624 578.655 2529.79
129.142 -904.478 2791.43
80.1576 873.368 2426.68
124.963 -14.4519 2809.83
98.3684 -460.223 2756.74
179.052 416.044 2725.22
75.1621 212.482 2866.54
FRAME: 140
76.8873 652.745 2816
-191.204 541.141 3062
104.697 -830.21 3162.5
-113.886 754.71 3181.37
2.00461 9.78809 2952.58
-19.3482 -418.391 3006.57
-18.5437 447.952 2949.9
84.3725 430.349 2830.78
195.179 568.865 2516.64
130.293 -906.386 2793.82
84.3692 768.87 2423.35
130.99 -11.9748 2803.4
108.64 -461.029 2761.65
187.289 412.746 2711.67
75.435 214.628 2854.39
FRAME: 141
77.8268 650.817 2797.58
-196.465 588.135 2884.86
69.7689 -825.135 3149.07
-133.079 842.659 2959.76
-7.06715 19.9416 2943.29
-27.6394 -412.298 2994.19
-25.9084 453.769 2915.25
84.4068 431.206 2806.28
202.672 523.454 2484.86
134.108 -909.436 2807.69
8.04156 809.643 2466.21
135.43 -8.95609 2802.89
115.735 -461.984 2771.1
194.722 408.644 2697.31
74.2941 218.349 2839.69
FRAME: 142
97.994 645.675 2762.82
-182.256 594.175 2788.37
49.2516 -839.28 3141.68
-118.539 806.18 2877.15
-14.242 24.3996 2933.39
-31.0777 -422.923 2986.81
-23.5029 455.973 2877.17
93.1325 427.494 2780.41
189.992 491.935 2454.5
140.899 -919.1 2834.18
-12.5384 759.337 2479.13
142.049 -13.7368 2803.93
124.327 -473.34 2782.55
209.768 399.015 2683.66
78.5179 216.413 2824.54
FRAME: 143
131.996 630.189 2741.75
-147.549 557.687 2697.87
42.5189 -849.101 3144.31
-109.617 781.201 2647.99
-17.3855 21.6417 2918.72
-34.5051 -438.861 2987.47
-14.862 449.507 2844.74
105.336 416.792 2762.11
178.55 462.585 2440.49
144.97 -924.773 2850.68
-31.8534 711.498 2501.15
143.035 -22.1516 2808.46
127.914 -484.211 2787.3
225.535 384.077 2679.48
84.0806 208.269 2812.85
FRAME: 144
155.332 614.489 2723.68
-120.798 539.898 2597.17
38.2517 -850.622 3127.32
-63.4981 776.78 2479.78
-25.096 14.2169 2905.42
-39.4953 -441.385 2980.76
-7.97742 444.426 2802.01
112.506 411.941 2737.39
185.195 413.749 2439.09
151.463 -933.714 2862.29
-15.3761 677.453 2481.77
150.706 -33.0934 2812.38
134.239 -494.65 2805.2
232.989 379.457 2672.78
87.6555 201.252 2798.15
FRAME: 145
179.867 598.285 2706.16
-84.3935 475.516 2538.64
45.6068 -867.831 3142.21
-11.9209 701.646 2275.81
-27.1108 1.35125 2901.6
-45.718 -461.295 2990
-3.42677 440.608 2790.08
120.872 405.954 2729.38
182.863 362.193 2440.25
153.392 -943.32 2865.64
7.91231 604.706 2473.47
153.854 -49.0183 2813.2
135.883 -508.344 2808.56
245.172 371.301 2668.68
92.122 191.06 2793.39
FRAME: 146
192.533 577.176 2683.71
-51.2631 365.992 2499.57
42.7458 -850.835 3139.84
20.9009 501.171 2207.52
-26.5002 -10.0699 2896.52
-43.2798 -453.123 2986.25
-3.71744 415.012 2772.21
125.215 376.075 2715.3
185.924 297.463 2422.48
148.94 -959.048 2873.77
37.2761 526.493 2417.91
152.294 -63.9723 2817.42
134.824 -520.329 2816.81
254.147 337.139 2658.38
94.0557 169.527 2786.13
FRAME: 147
203.765 565.442 2656.2
-0.947054 302.13 2464.34
35.6828 -850.507 3137.02
114.452 417.962 2357.85
-26.9245 -6.42373 2870.01
-54.9269 -451.815 2979.91
4.96143 385.868 2711.4
136.581 345.259 2675.69
270.461 235.571 2417.39
152.014 -965.31 2881.3
120.195 400.803 2313.6
158.063 -63.0755 2820.32
138.501 -524.578 2820.76
268.201 304.651 2639.98
101.075 155.255 2760.43
FRAME: 148
239.415 484.552 2596.97
20.0243 185.214 2522.73
48.63 -874.137 3137.95
67.0926 340.302 2416
-34.6427 -28.8473 2869.52
-49.2982 -468.605 2987.1
8.84345 316.524 2699.42
131.547 277.04 2677.53
284.42 228.4 2430.48
142.659 -968.642 2890.81
124.568 319.435 2378.8
146.044 -86.2811 2837.9
127.024 -533.778 2838.01
254.251 237.555 2655.64
93.624 109.738 2765.62
FRAME: 149
248.563 454.208 2591.4
34.8298 84.4049 2571.68
43.8594 -896.049 3153.88
78.1916 114.681 2515.02
-28.0651 -47.407 2874.75
-55.2761 -488.362 2995.28
9.29754 278.904 2702.08
129.765 241.815 2685.17
253.016 172.14 2477.95
143.47 -977.715 2899.3
101.931 142.27 2410.4
144.376 -100.661 2850.04
129.973 -551.234 2851.18
250.232 204.727 2668.25
93.9601 83.8906 2773.78
FRAME: 150
263.418 437.747 2571.24
35.9156 56.929 2596.03
46.026 -908.1 3161.66
141.572 -87.7973 2611.72
-15.4008 -67.3351 2878
-56.1954 -493.027 2999.47
16.1596 267.646 2685.33
136.557 226.945 2663.99
234.237 80.5591 2506.28
144.509 -990.957 2900.5
75.7291 83.1774 2446.96
144.709 -120.711 2851.41
129.819 -572.638 2852.53
256.954 186.243 2642.66
100.606 66.4608 2764.35
FRAME: 151
273.487 416.954 2546.18
17.1299 67.2 2591.53
48.8157 -911.888 3157.08
164.268 -79.8463 2659.36
-10.7702 -81.6721 2872.7
-61.2621 -497.901 2993.17
33.5255 250.62 2659.17
156.051 208.155 2646.07
230.737 16.2416 2514.2
144.955 -997.372 2909.33
87.2009 63.635 2439.21
146.296 -135.077 2857.36
131.379 -578.423 2863.32
278.577 165.689 2632.96
111.907 49.8899 2755.55
FRAME: 152
287.469 378.829 2512.8
-14.2251 59.4438 2555.01
64.6574 -920.744 3145.77
88.8308 -7.93014 2589.21
-7.71461 -92.2119 2850.64
-52.1443 -514.787 2984.83
45.7953 220.025 2597.81
173.705 186.076 2609.65
280.397 -66.2175 2546.97
138.857 -1001.93 2919.17
70.7502 7.20283 2407.67
147.115 -134.459 2864.24
124.364 -582.478 2875.67
301.615 152.127 2621.49
121.703 36.3704 2733.54
FRAME: 153
299.089 360.093 2476.1
-20.8599 24.9467 2547.28
62.9957 -919.003 3147.76
105.882 21.792 2545.92
-5.4707 -101.835 2833.38
-50.1108 -512.843 2980.32
68.3225 204.087 2573.36
194.866 168.318 2589.57
276.66 -91.8628 2538.02
139.504 -1005.86 2915.58
32.7182 -51.8018 2363.19
152.713 -146.924 2852.13
125.142 -589.846 2874.51
321.409 132.549 2605.78
134.243 21.9692 2716.16
FRAME: 154
300.991 328.661 2447.55
4.68413 -16.8741 2568
60.4207 -943.19 3160.85
102.302 31.9621 2535.9
6.83064 -114.719 2813.18
-44.3697 -553.821 2964.24
77.3818 167.198 2538.76
204.718 139.601 2569.02
290.026 -118.432 2555.11
140.9 -1009.32 2905.9
25.0836 -276.154 2411.07
154.209 -147.672 2846.95
124.255 -587.312 2864.63
332.054 112.004 2599.27
142.619 4.20275 2699.54
FRAME: 155
302.051 300.756 2426.47
6.58598 -27.9194 2582.35
48.7116 -939.091 3152.29
90.2036 -52.3233 2535.14
5.59147 -125.44 2805.32
-45.3379 -548.595 2948.82
86.0713 153.541 2526.91
210.809 120.829 2554.02
289.939 -138.309 2555.66
139.661 -1020.97 2909.98
60.8071 -341.302 2439.13
156.221 -166.83 2836.35
123.24 -601.661 2867
335.547 88.1179 2581.12
145.858 -12.6528 2687.42
FRAME: 156
304.668 285.301 2417.41
18.7315 -29.3927 2579.42
36.0562 -919.413 3134.52
106.822 -127.273 2564.79
-4.56092 -111.437 2799.98
-60.9404 -525.963 2947.58
98.8759 140.578 2513.41
218.09 103.047 2541.25
302.144 -159.968 2561.35
140.845 -1039.05 2913.45
91.8337 -402.682 2475.5
159.276 -165.197 2837.21
120.316 -608.325 2866.44
337.303 65.5152 2569.08
147.723 -17.6353 2679.92
FRAME: 157
309.335 277.848 2404.91
63.328 -64.2762 2576.68
39.7889 -921.638 3140.06
144.331 -258.522 2551.47
-1.19742 -104.754 2799.44
-60.8077 -516.023 2953.37
103.868 131.483 2504.31
221.911 94.5005 2534.55
307.176 -175.786 2572.48
137.301 -1037.48 2913.01
146.98 -418.037 2505.39
158.228 -156.045 2839.95
118.64 -606.207 2857.79
339.953 57.5179 2564.79
150.213 -17.9494 2677.12
FRAME: 158
308.067 270.649 2397.36
86.8316 -86.2474 2579.13
38.6146 -918.253 3142.4
175.204 -370.197 2574.09
0.169418 -109.87 2808.95
-60.3546 -519.471 2957.07
106.953 123.493 2505.28
222.911 85.335 2532.6
308.807 -183.988 2580.31
133.358 -1035.29 2912.46
180.181 -429.157 2517.68
160.938 -163.712 2846.6
117.736 -608.244 2857.97
338.869 47.1774 2559.91
151.732 -25.7279 2680.19
FRAME: 159
308.599 268.908 2393.64
95.2387 -98.4103 2567.38
44.4214 -919.824 3147.35
186.815 -371.493 2581.95
-0.650638 -117.361 2812.67
-55.9089 -526.576 2960.3
104.477 124.538 2506.45
222.234 84.0507 2530.92
316.601 -188.102 2585.5
131.512 -1035.2 2912.23
198.504 -464.229 2553.12
163.165 -173.92 2846.66
115.659 -612.719 2857.14
339.99 43.5635 2555.38
151.745 -30.795 2680.29
FRAME: 160
308.362 265.746 2390.73
89.0776 -105.527 2576.26
47.648 -935.037 3150.83
182.79 -384.12 2598.34
-0.381675 -117.541 2814.23
-55.7406 -537.557 2973.93
96.1161 123.738 2520.45
215.163 75.1968 2537.18
323.693 -194.133 2579.98
131.999 -1040.55 2908.18
224.796 -441.329 2530.18
167.874 -185.844 2838.18
119.694 -627.415 2849.47
334.21 26.6557 2553.9
149.455 -38.2479 2681.69
FRAME: 161
307.11 265.992 2390.49
89.0467 -112.7 2570.8
53.9236 -929.604 3160.27
192.247 -382.24 2592.16
-1.55007 -125.628 2818.35
-49.9416 -539.397 2976.79
94.6328 119.577 2517.62
214.892 74.1143 2536.22
321.14 -200.676 2585.18
131.877 -1040.76 2902.99
238.092 -469.804 2551.08
161.819 -187.56 2843.64
120.352 -625.895 2845.64
335.151 28.6519 2554.82
147.513 -41.2399 2683.61
FRAME: 162
305.819 268.617 2390.07
94.1103 -115.995 2546.25
64.4849 -932.403 3157.23
212.939 -376.055 2584.19
13.8522 -132.537 2805.83
-44.5514 -537.182 2985.23
100.201 121.445 2506.33
218.551 84.3684 2529.37
317.197 -185.699 2602.9
134.427 -1031.47 2901.73
240.582 -442.12 2560.38
164.743 -181.267 2834.65
121.51 -621.22 2838.97
336.9 47.2918 2552.4
153.924 -36.2669 2674.8
FRAME: 163
306.207 271.047 2388.18
75.9094 -110.459 2560.99
59.8327 -923.375 3156.17
212.296 -357.914 2601.7
6.37356 -141.123 2807.76
-34.2452 -541.878 2963.38
95.6836 124.206 2508.95
216.275 87.0411 2532.54
318.564 -185.523 2596.83
137.429 -1032.47 2899.23
245.531 -449.995 2557.22
163.794 -189.217 2839.16
129.271 -617.434 2825.64
336.867 49.8764 2556.14
150.68 -39.0643 2678
FRAME: 164
300.334 283.989 2392.72
61.9083 -112.497 2558.19
64.4037 -928.91 3142.19
230.57 -353.328 2591.12
20.2561 -144.087 2796.56
-32.6954 -546.675 2972.62
90.7563 127.75 2508.73
213.962 95.2065 2531.97
328.564 -169.146 2590.78
139 -1038.26 2894.02
248.486 -436.165 2557.74
171.004 -184.373 2825.01
131.823 -623.677 2819.92
337.169 62.6629 2555.22
154.796 -34.5119 2671.38
FRAME: 165
297.345 293.087 2400.78
46.2991 -97.8339 2564.84
81.1308 -943.605 3147.5
246.26 -338.871 2572.44
22.658 -144.453 2797.04
-27.4972 -555.027 2981.06
85.1942 142.455 2511.5
211.964 108.919 2531.38
333.969 -144.616 2604.3
136.78 -1043.6 2888.98
254.969 -428.535 2556
172.416 -184.857 2820.09
128.891 -629.674 2816.61
338.734 75.3822 2551.25
154.751 -27.8682 2669.97
FRAME: 166
286.447 320.639 2408.67
29.0339 -89.6928 2568.41
82.9982 -948.15 3143.03
235.548 -281.024 2625.03
29.0727 -146.352 2792.59
-26.774 -553.984 2982.74
77.231 153.212 2514.65
206.007 125.521 2533.91
346.956 -126.478 2611.42
134.471 -1048.79 2886.44
253.174 -424.005 2552.91
180.703 -179.618 2814.67
130.783 -629.789 2813.64
334.783 97.8293 2553.16
155.447 -18.732 2668.77
FRAME: 167
279.672 341.43 2417.46
19.69 -84.9418 2580.56
82.7741 -956.434 3147.15
230.015 -270.872 2635.61
28.1165 -148.882 2791.75
-19.2376 -561.323 2979.91
68.1126 162.073 2521.82
199.12 137.606 2539.99
353.379 -109.683 2618.78
135.679 -1052.74 2887.72
262.268 -371.38 2547.04
186.045 -178.949 2813.21
133 -633.223 2813.95
330.127 113.139 2558.16
153.1 -13.1547 2671.24
FRAME: 168
273.979 356.124 2425.69
10.8244 -83.5334 2601.69
86.4516 -940.829 3139.48
214.352 -280.747 2657.04
33.3156 -142.211 2796.4
-11.4176 -545.44 2975.27
54.855 171.098 2531.95
189.707 148.506 2545.56
355.836 -98.2272 2626.79
133.872 -1042.62 2884.69
263.48 -364.544 2547.6
193.242 -169.596 2812.13
135.951 -621.493 2808.85
324.558 125.914 2559.17
151.493 -3.69864 2674.91
FRAME: 169
266.605 367.321 2437.47
-1.22328 -77.1723 2624.03
91.7986 -950.648 3136.18
183.916 -289.391 2645.63
30.5912 -141.033 2803.1
-10.9456 -549.013 2975.11
38.9631 180.404 2546.97
180.421 157.27 2556.22
356.821 -93.7449 2635.72
134.294 -1043.34 2885.73
265.491 -342.438 2551.27
196.343 -168.534 2813.68
133.135 -621.01 2807.79
321.879 134.135 2565.46
146.944 1.24319 2682.3
FRAME: 170
256.182 379.719 2448.73
-15.8742 -67.1362 2643.76
97.6593 -950.633 3152.17
162.863 -291.482 2653.01
27.192 -142.858 2807.97
-12.4806 -553.887 2973.91
26.7466 189.632 2558.54
173.727 164.993 2563.64
356.205 -91.6325 2641.26
133.929 -1040.76 2886.96
264.884 -338.846 2552.82
195.716 -171.353 2813.66
133.585 -625.175 2806.97
320.707 140.354 2568.75
142.59 3.94395 2687.23
FRAME: 171
249.931 394.275 2457.09
-23.2829 -65.1209 2654.12
100.362 -947.048 3156.18
136.426 -305.021 2653.03
25.9261 -145.596 2812.1
-13.0196 -554.892 2987.22
16.8375 201.153 2577.34
164.594 177.917 2578.6
354.276 -71.2848 2654.12
133.213 -1040.9 2885.94
281.102 -349.298 2558.55
193.343 -172.114 2813.28
133.5 -625.719 2808.64
312.349 154.681 2579.86
137.114 9.53127 2695.64
FRAME: 172
238.682 410.36 2477.17
-40.1984 -51.5499 2686.36
105.618 -949.619 3155.97
71.7969 -310.545 2631.63
21.0485 -141.213 2821.74
-10.6716 -550.514 2998.34
2.04446 219.179 2614.83
153.339 192.72 2604.32
346.228 -58.6501 2676.89
133.189 -1043.89 2882.87
294.716 -369.954 2560.26
193.14 -171.383 2809.86
135.589 -626.779 2806.72
304.633 166.261 2593.81
130.217 18.2109 2710.06
FRAME: 173
231.416 420.8 2491.22
-55.8275 -37.4692 2714.75
117.901 -944.683 3136.61
58.3451 -313.446 2650.69
17.1268 -130.692 2830.95
-12.4644 -548.228 2997.84
-7.03979 230.124 2641.89
145.411 202.44 2623.91
340.737 -54.1374 2688.87
135.377 -1042.93 2883.64
302.172 -370.549 2552.98
195.029 -163.378 2809.68
141.487 -619.775 2804.75
297.862 174.756 2605.94
125.745 27.7025 2722.11
FRAME: 174
219.745 429.549 2505.8
-68.8699 -28.2848 2743.58
112.33 -945.94 3138.02
29.8235 -307.088 2662
12.2902 -133.738 2846.46
-9.75892 -551.145 2999.2
-20.3123 241.571 2676.83
135.283 214.843 2650.39
331.772 -53.4478 2699.24
136.925 -1035.34 2887.26
305.413 -361.297 2560.66
196.71 -165.699 2814.79
142.377 -615.389 2809.99
290.878 188.115 2623.95
119.892 32.5623 2740.51
FRAME: 175
208.517 439.665 2523.01
-77.9322 -17.386 2773.72
112.002 -935.938 3141.19
10.8703 -287.557 2673.68
13.5446 -132.782 2850.77
-6.78662 -547.609 3006.53
-25.9247 250.053 2701.89
132.129 226.204 2673.69
326.029 -43.936 2722.15
137.803 -1021.37 2887.74
297.414 -354.98 2572.94
197.581 -160.676 2817.78
144.61 -598.767 2818.29
290.182 202.355 2645.5
118.846 39.7376 2753.99
FRAME: 176
196.926 448.012 2543.66
-83.7992 -7.18819 2804.66
119.3 -928.899 3135.15
-10.5791 -286.245 2683.2
15.552 -130.218 2859.11
-1.15104 -542.156 3011.02
-27.7503 256.729 2727.07
130.709 233.053 2693.23
318.31 -37.7441 2741.92
133.927 -1006.79 2891
284.221 -350.433 2591.1
197.294 -157.507 2820.24
142.516 -592.287 2826.93
289.168 209.377 2659.39
118.566 44.5954 2766.45
FRAME: 177
188.044 455.798 2562.5
-84.1541 -7.14894 2822.17
121.265 -938.323 3104.96
-12.7082 -283.889 2691.87
20.953 -126.998 2864.94
3.94765 -542.253 3023.87
-28.8045 260.718 2747.96
130.119 237.676 2710.01
306.456 -32.4219 2757.08
133.737 -1000.24 2893.93
251.72 -350.111 2618.15
195.212 -152.52 2823.07
138.703 -585.234 2828.92
289.042 214.634 2672.06
119.101 48.9583 2777.01
FRAME: 178
180.955 461.311 2577.83
-86.0167 -7.27476 2839.06
130.669 -945.04 3039.57
-21.8305 -279.472 2706.53
22.8028 -132.412 2873.98
12.2405 -546.526 3030.62
-35.2764 263.505 2767.38
125.578 243.16 2728.84
309.273 -28.4501 2773.14
133.618 -1001.94 2894.6
225.565 -346.36 2656.12
191.736 -153.871 2833.24
136.859 -583.624 2832.65
286.432 222.816 2690.31
116.424 50.0095 2791.23
FRAME: 179
164.518 472.128 2610.64
-89.9629 -0.350585 2868.37
127.744 -895.455 2987.42
-29.6792 -263.818 2699.59
23.1397 -127.248 2896.29
19.9849 -533.979 3049.85
-41.3172 272.009 2799.58
117.218 253.672 2756.72
306.979 -18.0732 2783.22
134.746 -984.776 2895.12
168.317 -333.191 2699.88
184.587 -145.923 2851.91
134.02 -549.536 2835.13
275.753 235.336 2713.86
110.541 58.5435 2815.41
FRAME: 180
158.406 480.884 2636.71
-89.272 5.51418 2882.75
137.007 -904.281 2917.5
-32.1644 -248.769 2718.92
21.8663 -125.511 2916.11
30.9055 -519.604 3029.65
-46.0244 278.167 2825.65
110.378 260.263 2776.07
313.314 3.62702 2784.32
141.49 -976.8 2908.51
132.334 -216.818 2713.24
182.133 -143.735 2865.13
137.384 -545.752 2850.51
266.78 242.358 2726.5
106.189 62.8197 2833.35
FRAME: 181
152.901 487.305 2658.14
-86.4816 8.31634 2900.92
145.532 -909.546 2921.33
-36.5927 -246.737 2738.73
25.2201 -126.263 2932.99
45.1769 -524.161 3015.18
-47.2913 280.238 2845.61
106.425 265.315 2792.95
311.682 14.0549 2780.64
142.925 -960.052 2909.99
121.922 -209.559 2716.22
187.314 -141.964 2877.04
136.371 -538.229 2858.8
260.142 250.392 2740.29
106.346 65.6006 2848.98
FRAME: 182
147.315 492.389 2674.06
-84.983 14.5072 2918.39
86.0879 -596.079 3065.7
-28.7952 -249.349 2741.52
22.2626 -115.771 2945.52
21.4617 -517.351 3039.37
-51.8895 284.03 2862.45
100.256 269.021 2805.21
304.46 27.9114 2792.76
153.463 -765.962 2922.28
113.712 -185.099 2722.51
183.385 -131.342 2885.08
142.238 -437.533 2864.48
252.402 254.011 2747.97
101.54 72.732 2860.26
FRAME: 183
143.856 499.712 2686.79
-81.2564 27.8886 2932.03
108.994 -619.079 3011.62
-14.147 -257.393 2764.92
20.3157 -93.2639 2953.84
46.5581 -486.693 3017.96
-50.8609 292.289 2874.89
97.4881 274.541 2814.78
298.851 38.9662 2795.69
144.447 -748.869 2942.63
121.656 -82.4515 2724.65
175.483 -111.7 2890.51
154.195 -420.095 2874.16
245.837 256.793 2754.68
97.6938 86.0293 2868.48
FRAME: 184
140.99 507.773 2702.18
-81.2159 28.642 2939.37
133.928 -717.337 2987.4
-18.5095 -262.825 2777.06
29.8397 -88.6101 2952.6
116.31 -461.043 2958.4
-51.8371 291.06 2880.99
97.3646 277.523 2822
304.038 56.9275 2806.27
143.052 -725.055 2927.59
134.871 4.14833 2729.96
178.575 -101.908 2893.72
156.437 -417.965 2878.92
246.566 263.986 2763.02
100.786 91.1321 2872.58
FRAME: 185
136.796 516.742 2724.94
-78.4036 36.8681 2954.53
131.259 -541.834 3033.74
-31.4221 -254.449 2808.25
33.9873 -77.4874 2957.17
79.3204 -489.259 2980.01
-50.0606 296.795 2897.62
96.1177 284.465 2836.56
305.582 67.4903 2815.51
153.978 -467.099 2958.3
136.505 42.6717 2746.08
174.381 -89.2842 2898.67
167.494 -427.671 2902.94
242.296 272.136 2775.5
100.151 100.54 2882.24
FRAME: 186
134.728 520.169 2735.97
-76.7454 39.9453 2970.31
136.76 -508.039 3044.52
-30.9177 -271.426 2822.09
30.3941 -73.8497 2968.12
62.9772 -498.265 2989.23
-48.6486 301.636 2912.54
95.8067 288.858 2850.22
307.995 76.3109 2827.44
157.016 -457.445 2944.04
137.814 44.1008 2748.91
173.716 -86.6961 2906.74
169.21 -418.328 2907.81
240.262 276.08 2787.9
98.9308 104.293 2893.83
FRAME: 187
131.768 521.247 2751.27
-78.0806 38.4766 2989.7
149 -584.86 3019.82
-39.0012 -262.994 2835.85
29.9281 -78.9395 2981.47
86.4745 -500.968 2981.28
-49.5905 301.731 2928.46
94.3492 288.772 2864.01
311.001 72.5025 2835.19
157.648 -813.616 2983.4
137.04 52.8351 2752.82
170.307 -91.7215 2918.99
163.173 -447.23 2923.25
238.289 275.812 2799.56
97.2334 101.721 2907.12
FRAME: 188
127.164 519.806 2765.5
-77.1315 41.6748 3002.16
164.416 -597.735 3133.82
-53.6399 -253.694 2862.18
30.2668 -77.1508 2993.34
80.4272 -503.551 3026.3
-49.2457 303.019 2940.14
92.6349 290.323 2873.02
307.251 73.2462 2837.56
149.584 -756.397 2959.41
118.613 47.1378 2739.45
171.705 -89.8057 2926.54
155.056 -444.537 2928
234.516 277.628 2805.9
96.8103 103.423 2916.48
FRAME: 189
125.27 518.977 2774.57
-77.2825 41.8348 3016.6
165.261 -631.139 3144.8
-51.8057 -255.601 2874.9
31.0085 -80.8439 3006.16
93.3872 -497.703 3015.65
-50.0295 304.695 2953.94
91.3645 291.385 2880.92
303.607 72.7002 2841.35
147.04 -773.637 2955.31
117.002 36.0291 2740.31
173.017 -94.1931 2932.78
152.261 -458.303 2933.48
232.759 278.075 2807.91
96.6886 101.933 2925.2
FRAME: 190
122.884 519.064 2785.14
-72.6747 31.3901 3029.34
161.851 -645.059 3142.5
-73.3492 -266.218 2891.19
32.5664 -93.2552 3013.37
99.4686 -505.497 3029.78
-49.6367 302.679 2970.08
91.0314 290.303 2891.8
294.477 64.317 2857.29
146.189 -798.273 2952.5
119.651 17.2432 2769.12
173.596 -105.722 2935.02
147.182 -473.626 2934.59
231.699 277.928 2813.52
97.0562 95.4075 2932.99
FRAME: 191
121.115 520.956 2795.98
-73.323 27.1201 3035.11
170.145 -680.978 3164
-78.711 -271.659 2916.44
34.73 -92.3274 3022.18
108.445 -513.201 3044.81
-52.4608 300.119 2984.2
89.1825 288.524 2902.86
274.877 50.7004 2881.79
145.626 -800.764 2951.32
132.383 29.7177 2779.06
172.478 -103.664 2943.2
145.006 -494.741 2940.93
230.826 276.929 2821.51
96.3932 95.2641 2942.77
FRAME: 192
118.05 522.254 2813.62
-72.8344 32.4232 3070.14
175.219 -740.031 3162.23
-114.947 -253.138 2971.06
39.0775 -94.5776 3044.09
88.7096 -520.692 3095.72
-48.759 299.738 2998.92
89.3251 286.81 2913.49
271.539 51.105 2879.94
149.357 -820.353 2953.96
117.242 -8.62079 2792.43
176.251 -107.416 2959.11
138.643 -519.097 2946.39
227.409 273.881 2828.07
98.4947 92.9064 2957.55
FRAME: 193
115.298 521.21 2831.17
-72.8223 54.7518 3116.26
184.342 -760.968 3171
-133.606 -210.516 2996.83
40.5704 -87.3803 3075.06
56.9263 -507.775 3163.82
-40.0746 306.028 3019.92
89.2924 287.465 2922.7
266.748 42.8044 2876.75
158.023 -833.714 2958.39
107.358 -18.1493 2798.47
178.58 -107.06 2971.32
140.094 -525.546 2956.39
218.66 268.903 2825.48
99.4338 95.1224 2972.94
FRAME: 194
111.629 520.67 2845.7
-72.6855 71.0079 3142.78
182.756 -775.226 3187.18
-156.902 -184.955 3041.98
41.6901 -84.6834 3102.18
58.4944 -505.148 3183.58
-33.4602 310.074 3038.88
89.2915 286.919 2932.3
257.348 40.5796 2867.55
156.82 -847.365 2963.38
82.5082 -131.716 2807.8
181.216 -111.01 2980.81
141.622 -525.919 2959.45
212.043 263.764 2825.71
100.372 94.5363 2986.9
FRAME: 195
111.493 522.783 2858.38
-70.8433 99.7109 3183.21
182.593 -798.628 3181.4
-183.539 -143.597 3083.03
36.8732 -69.012 3120.46
53.5638 -486.138 3199.35
-23.8598 319.665 3060.36
91.0481 290.554 2945.29
244.192 37.18 2862.39
160.637 -870.347 2965.34
74.9501 -147.691 2780.9
170.565 -103.009 2986.45
140.684 -519.857 2961.76
205.956 261.442 2830.23
97.3835 102.272 2999.37
FRAME: 196
111.276 526.166 2871.39
-68.0819 114.778 3205.27
183.095 -799.019 3203.08
-202.862 -105.51 3125.88
39.8956 -58.8988 3128.72
43.691 -477.795 3194.2
-15.7886 325.235 3079.43
92.7991 292.904 2956.05
228.897 33.2963 2856.72
162.798 -872.234 2976.66
37.2097 -251.091 2730.12
161.011 -95.1406 2991.07
141.684 -520.329 2965.34
201.387 260.572 2832.67
96.6261 107.942 3007.97
FRAME: 197
111.732 535.654 2880.97
-58.1952 139.381 3223.59
181.921 -794.222 3191.74
-224.428 -63.2485 3164.58
54.1407 -46.7144 3130.6
40.6839 -471.852 3180.44
-2.32562 332.383 3088.98
96.2265 301.13 2961.11
223.509 37.581 2845.59
163.293 -861.507 2970.56
21.3371 -222.227 2651.9
162.778 -81.1997 2989.37
140.717 -509.245 2960.17
194.779 269.877 2833.24
102.343 118.586 3010.55
FRAME: 198
113.886 549.685 2887.87
-48.8555 161.186 3239.55
191.455 -800.291 3137.31
-242.187 0.149294 3223.65
61.7789 -33.4661 3125.4
40.5112 -459.448 3167.16
5.70352 346.415 3096.13
98.0891 317.821 2965.81
198.4 53.767 2814.73
156.287 -864.89 2964.48
15.4956 -151.311 2586.39
160.455 -64.0273 2985.99
132.022 -497.307 2954.18
190.475 289.226 2835.49
104.603 134.537 3010.75
FRAME: 199
113.152 548.741 2896.04
-47.2966 175.656 3254.06
193.958 -813.505 3183.57
-273.427 39.6886 3250.93
69.7354 -40.2651 3119.38
46.5837 -472.538 3164.17
21.5294 350.479 3102.73
104.445 324.169 2968.78
178.797 72.3046 2773.72
155.584 -844.325 2948.4
-11.9428 -116.053 2513.22
157.411 -68.061 2977.97
131.425 -499.108 2948.54
187.36 297.859 2834.84
109.009 135.003 3008.73
FRAME: 200
112.848 556.131 2907.11
-43.9701 189.975 3259.35
195.306 -819.126 3172.72
-263.105 147.403 3312.38
73.827 -37.0894 3122.59
49.5954 -466.942 3160.1
44.1559 354.819 3103.5
117.902 326.878 2970.38
132.005 126.718 2706.81
145.178 -842.183 2938.45
-31.8962 35.1015 2438.77
155.797 -68.2177 2974.59
125.955 -502.304 2943.41
191.649 298.937 2837.25
116.357 137.112 3009.48
FRAME: 201
112.627 557.812 2916.05
-28.985 210.658 3229.56
193.976 -819.63 3154.45
-269.635 218.319 3346.3
73.6177 -30.9915 3126.95
60.0686 -470.31 3159
51.2823 359.91 3094.37
120.995 327.842 2962.61
117.817 136.161 2679.33
142.279 -852.956 2935.79
-33.619 113.66 2390.03
154.184 -68.1038 2974.56
121.641 -501.924 2939.35
190.707 295.774 2830.85
117.448 139.147 3006.68
FRAME: 202
112.06 559.918 2921.6
-5.07476 240.627 3267.51
196.807 -821.163 3165.07
-281.172 307.062 3405.84
74.1294 -34.6627 3127.93
65.9038 -475.796 3165.12
48.0264 366.617 3087.87
117.913 334.313 2955.68
97.3212 214.068 2611.16
141.758 -852.025 2930.57
-30.741 210.876 2377.49
157.069 -73.0069 2970.74
122.363 -503.982 2938.52
187.8 302.008 2823.5
116.756 140.239 3002.51
FRAME: 203
102.486 563.561 2923.99
7.02647 258.597 3284.91
196.303 -820.881 3161.7
-278.964 348.761 3406.91
77.7711 -37.7949 3128.44
70.2365 -482.493 3163.95
47.2821 374.413 3091.6
113.568 344.715 2956.62
104.208 305.351 2562.26
139.382 -850.586 2923.89
-43.8389 430.81 2248.28
157.768 -73.7014 2965.1
119.519 -503.066 2934.3
179.855 315.017 2821.64
115.669 144.483 3001.69
FRAME: 204
94.4843 570.082 2917.69
6.61658 294.594 3307.29
194.073 -831.838 3160.04
-276.644 397.22 3452.8
83.844 -27.75 3120.69
72.8157 -476.853 3157.52
48.2196 382.792 3094.06
112.65 355.933 2955.05
109.416 356.564 2547.86
138.304 -858.303 2916.33
-35.5799 538.776 2256.3
160.92 -60.0703 2954.17
117.681 -496.15 2920.25
177.08 329.075 2816.03
117.516 156.012 2996.24
FRAME: 205
84.7646 577.899 2919.66
3.54799 308.169 3331.55
190.216 -832.07 3147.12
-261.352 442.535 3472.91
85.8229 -34.9887 3111.1
71.0451 -479.22 3157.94
53.3779 383.607 3099.48
114.661 361.8 2961.4
126.837 391.822 2561.85
129.969 -856.996 2904.09
-4.72707 623.365 2292.68
157.484 -60.722 2949.4
111.446 -489.902 2910.17
175.945 339.992 2823.31
118.158 156.972 2995.83
FRAME: 206
70.5901 587.588 2918.19
18.0963 320.31 3317.29
188.771 -844.148 3135.05
-96.4349 451.429 3337.78
84.7219 -30.897 3090.04
72.7644 -478.976 3152.09
51.4943 384.062 3095.89
113.36 368.282 2959.27
131.001 439.793 2573.3
123.666 -835.671 2888.31
37.5812 737.843 2372.14
154.936 -49.4558 2933.28
104.883 -476.439 2891.06
175.226 352.501 2822.66
116.595 164.053 2985.47
FRAME: 207
73.227 602.806 2920.45
24.1889 290.944 3286.3
171.339 -830.377 3015.99
37.647 115.648 3169.72
84.6512 -25.2324 3079.23
67.4575 -469.524 3129.37
50.8555 386.11 3084.22
111.274 372.376 2951.52
130.452 479.24 2597.42
123.884 -848.094 2883.98
55.675 764.83 2416.77
155.817 -42.135 2922.31
104.677 -473.392 2883.51
171.693 358.642 2818.83
115.754 169.346 2976.15
FRAME: 208
62.2464 610.592 2916.99
28.6964 290.86 3288.41
164.441 -829.41 2999.87
26.9866 149.321 3199.63
84.5798 -26.016 3065.85
64.2735 -471.336 3120.18
48.978 387.971 3079.28
108.329 377.737 2948.18
134.562 501.073 2604.83
121.616 -845.653 2872.34
63.0043 812.456 2422.3
153.853 -38.4986 2912.12
101.93 -473.105 2873.13
167.679 367.503 2817.09
113.772 172.74 2968.58
FRAME: 209
57.4631 611.703 2911.75
37.0856 301.003 3283.8
156.56 -826.916 3008.67
24.673 216.449 3185.81
84.4174 -24.8247 3056.76
62.7993 -468.72 3117.37
45.8342 393.35 3075.41
105.28 385.082 2944.88
137.705 519.627 2606.43
117.504 -861.101 2859.5
56.6951 871.718 2430.84
152.853 -34.9057 2905.58
96.6988 -472.958 2860.16
164.726 376.814 2814.35
111.958 177.609 2963.02
FRAME: 210
53.9883 607.53 2902.63
36.9284 300.609 3281.41
158.352 -838.665 3044.7
-1.8839 314.474 3218.9
84.1621 -27.5098 3043.61
59.786 -475.366 3105.27
45.272 393.222 3071.47
105.162 387.572 2941.01
142.078 534.322 2611.19
122.168 -885.842 2841.38
67.0263 909.688 2443.32
151.999 -34.3232 2895.69
93.462 -481.327 2840.93
165.052 381.921 2810.55
111.621 178.328 2955.33
FRAME: 211
57.9033 608.617 2883.3
37.0024 305.704 3269.55
151.271 -840.979 3004.44
-46.3193 388.534 3284.97
81.2649 -27.9022 3038.8
58.7238 -474.745 3098.92
46.3615 394.1 3069.59
105.844 388.903 2938.7
145.756 539.251 2617.31
125.885 -882.877 2845.15
76.2306 800.947 2494.42
149.507 -34.1641 2888.27
91.9202 -478.319 2826.94
165.326 383.707 2807.82
110.615 178.935 2951.12
FRAME: 212
60.9225 597.149 2871.48
33.7914 310.786 3263.42
148.667 -846.605 2996.7
-71.0738 444.169 3315.45
74.8798 -26.6428 3026.05
56.5308 -478.501 3092.47
45.5803 396.5 3057.36
108.389 391.803 2930.68
156.039 551.547 2614.94
130.021 -889.725 2835.54
73.2089 874.336 2481.15
148.571 -32.4764 2876.54
91.3971 -483.148 2810.64
171.198 387.106 2804
110.057 181.122 2940.99
FRAME: 213
68.1095 598.943 2863.73
26.5199 326.504 3253.04
149.145 -861.489 3040.16
-133.835 549.96 3375.99
68.8624 -33.5785 3011.83
54.5879 -483.554 3081.22
44.9839 398.202 3051.65
111.505 392.515 2918.78
172.826 553.404 2615.26
129.125 -896.652 2827.73
68.1752 893.231 2472.68
143.435 -40.1782 2862.61
90.429 -488.719 2789.29
178.026 386.829 2785.92
108.827 177.818 2928
FRAME: 214
78.9246 599.121 2854.13
10.3038 331.523 3237.36
153.846 -867.528 3031.48
-154.503 563.575 3391.99
66.6383 -32.5874 2992.89
47.1719 -480.126 3057.41
43.9638 401.055 3036.72
113.005 395.23 2902.31
186.119 563.811 2598.75
129.457 -895.677 2819.15
51.3909 946.18 2459.85
142.718 -39.1489 2844.82
89.9783 -488.659 2776.28
182.047 389.405 2767.9
108.842 179.681 2910.58
FRAME: 215
98.4918 610.477 2845.58
-0.149848 328.878 3209.61
156.249 -866.354 3064.7
-174.309 606.674 3339.64
59.4774 -32.0344 2981.75
41.9067 -472.964 3045.29
43.2223 401.592 3009.82
115.066 392.9 2883.78
195.941 564.683 2587.05
132.025 -908.659 2797.58
37.7713 947.973 2445.45
143.962 -42.4183 2834.45
92.4249 -495.219 2770.69
186.91 384.208 2757.74
108.393 177.837 2895.94
FRAME: 216
107.447 614.273 2835.13
-6.00674 325.412 3202.3
155.411 -860.989 3057.28
-158.009 514.95 3312.1
51.1373 -28.8235 2975.83
29.842 -471.096 3032.77
34.5938 404.145 2994.2
112.632 393.917 2872.08
208.422 562.285 2574.21
134.052 -908.76 2795.38
48.8112 913.227 2432.21
146.737 -41.6538 2825.97
100.368 -493.368 2760.51
190.669 383.688 2749.96
105.784 179.339 2886.49
FRAME: 217
118.004 624.259 2825.01
-32.2612 342.786 3188.38
157.123 -855.434 3046.83
-181.114 626.564 3262.26
39.7175 -27.4344 2967.79
23.6893 -465.075 3024.4
20.4712 404.616 2987.26
107.947 395.392 2867.04
225.164 553.776 2558.99
136.124 -911.218 2793.93
70.4548 864.858 2415.98
150.254 -39.3185 2815.35
103.849 -493.058 2757.27
195.423 386.169 2746.81
101.466 181.008 2879.3
FRAME: 218
124.408 631.928 2791.05
-74.6226 381.995 3167.36
150.201 -852.261 3035.58
-190.571 636.353 3208.63
31.9109 -23.8908 2961.98
16.9229 -465.581 3020.05
9.24297 403.884 2969.8
107.752 390.265 2850.31
242.831 542.397 2536.99
141.078 -911.688 2792.82
73.8344 830.244 2398.19
155.116 -41.0426 2812.21
111.503 -493.158 2756.05
206.26 376.646 2730.83
100.633 178.899 2868.71
FRAME: 219
128.888 642.634 2767.33
-139.053 416.199 3085.79
126.071 -843.09 3039.3
-203.471 701.403 3138.71
20.871 -15.4726 2938.98
10.6676 -454.681 2995.69
-3.67828 412.935 2933.51
111.146 395.606 2823.72
268.349 529.489 2508.95
147.252 -911.542 2795.75
51.1453 786.159 2379.26
163.852 -37.2883 2802.18
124.587 -486.392 2754.2
225.97 378.277 2713.94
101.754 184.613 2847.15
FRAME: 220
130.674 637.746 2744.07
-223.028 483.31 2998.33
97.657 -851.017 3089.39
-222.317 734.64 3023.53
12.4906 -12.8745 2923.07
5.55827 -452.683 2979.68
-11.3298 418.66 2899.72
114.681 396.291 2797.34
282.125 501.053 2473.25
152.778 -917.458 2800.6
46.4445 748.078 2378.73
168.736 -40.8632 2796.3
132.984 -488.044 2756.89
240.691 373.921 2694.96
102.647 184.711 2828.51
FRAME: 221
122.993 627.77 2727.78
-238.412 493.603 2911.58
64.9972 -862.179 3106.84
-233.354 764.945 2912.43
5.09123 -7.80838 2907.44
-1.7137 -452.424 2965.8
-9.27006 418.082 2864.68
120.195 391.814 2772.41
280.184 478.188 2460.86
159.963 -926.125 2809.26
46.1912 697.093 2382.63
173.402 -42.2863 2787.83
140.782 -495.193 2761.77
249.659 365.546 2680.15
104.721 183.383 2810.02
FRAME: 222
136.814 614.356 2708.52
-242.67 491.833 2814.17
54.4203 -870.076 3107.65
-239.19 776.552 2794.22
0.159674 -11.6903 2896.97
-3.35097 -462.822 2956.73
-7.41611 418.097 2833.35
127.27 387.402 2751.34
282.837 437.171 2432.22
168.423 -941.685 2825.23
46.0824 659.884 2379.44
175.128 -51.7684 2790.67
148.738 -507.925 2770.43
261.957 356.707 2669.32
107.457 177.836 2797.58
FRAME: 223
141.444 599.052 2690.9
-228.107 473.966 2713.48
54.0404 -879.445 3103.1
-225.161 760.116 2654.84
-3.55916 -25.3126 2887.64
-8.49535 -478.595 2954.16
-9.01391 408.291 2816.36
131.938 375.384 2739.51
292.232 371.981 2417.06
169.17 -965.366 2840.06
51.0027 599.455 2381.3
177.243 -67.816 2789.07
152.72 -530.344 2777.06
272.89 342.478 2662.65
109.39 164.41 2788.93
FRAME: 224
179.329 570.061 2671.94
-189.297 441.806 2610.96
53.3114 -871.914 3125.83
-182.204 698.444 2510.65
-0.965214 -32.5068 2875.65
-9.40903 -486.153 2960.19
-9.71499 397.91 2792
133.588 364.198 2722.48
301.014 321.343 2407.51
169.265 -973.407 2846.95
66.6018 539.967 2385.02
177.973 -74.7542 2788.99
155.267 -536.544 2778.89
276.891 330.486 2652.97
111.046 155.284 2777.4
FRAME: 225
216.166 552.907 2644.37
-150.495 400.57 2529.64
49.0952 -872.344 3130.26
-83.1813 618.639 2402.53
-0.218968 -38.3166 2865.71
-13.6053 -485.13 2957.06
-3.98068 385.086 2754.84
140.676 349.943 2699.6
298.298 244.538 2406.72
169.415 -979.085 2855.54
61.471 487.831 2379.02
180.888 -82.443 2796.82
157.76 -542.601 2788.63
285.333 314.801 2644.36
115.505 144.782 2765.44
FRAME: 226
264.414 490.876 2589.09
-18.5382 241.275 2459.88
42.9666 -871.921 3132.45
19.629 400.944 2221.85
-0.294753 -44.1696 2858.24
-21.7193 -489.601 2957.4
10.3783 353.714 2716.03
147.472 316.471 2673.71
272.732 173.584 2408.83
165.489 -987.383 2867.34
58.5752 413.637 2392.72
180.329 -93.6659 2802.87
156.422 -552.141 2797.4
284.565 279.227 2631.39
118.744 123.776 2752.13
FRAME: 227
275.881 471.933 2577.2
15.0477 215.962 2451.3
47.8011 -892.715 3155.21
90.5314 383.397 2362.25
-4.18709 -61.0978 2863.57
-25.8833 -504.074 2972.92
27.2705 315.547 2697.82
159.542 272.885 2663.53
275.738 106.339 2430.21
159.454 -1011.08 2882.91
70.9696 334.964 2399.05
175.999 -119.548 2818.36
150.902 -578.881 2815.34
291.813 230.223 2629.24
122.724 91.2809 2752.25
FRAME: 228
295.417 454.102 2555.15
38.8527 154.464 2492.65
57.7094 -920.617 3180.1
78.4449 293.139 2357.43
14.8735 -77.734 2870.75
-8.15224 -519.209 2989.7
35.1121 290.194 2685.7
153.149 240.053 2645.21
252.353 48.6288 2450.61
151.401 -1030.88 2878.82
105.394 214.021 2337.78
167.269 -141.467 2818.64
139.917 -599.68 2811.13
271.185 189.912 2604.73
122.11 65.2263 2744.95
FRAME: 229
308.777 427.989 2530.86
69.9387 94.773 2478.92
63.2345 -929.646 3189.51
166.599 17.6568 2338.26
17.6407 -79.5564 2864.22
-8.29636 -523.268 2995.57
45.5635 280.503 2671.18
158.759 231.793 2633.79
240.807 21.4521 2442.59
151.868 -1040.32 2884.08
106.49 54.937 2425.74
167.569 -143.604 2814.72
142.478 -604.828 2816.33
271.954 183.083 2596.39
125.682 60.1064 2736.63
FRAME: 230
316.802 400.978 2503.84
79.9052 28.8681 2493.1
56.4661 -939.974 3189.78
237.197 -184.891 2437.76
16.4036 -85.9328 2851.93
-15.4945 -531.885 2989.4
60.2747 260.078 2638.96
170.496 217.21 2618
234.874 15.576 2425.03
153.98 -1035.3 2892.76
131.064 30.5428 2398.87
165.824 -142.842 2826.07
144.433 -605.7 2827.13
280.717 174.341 2597.05
130.805 51.4112 2728.5
FRAME: 231
334.965 380.746 2471.41
103.663 -18.2106 2521.69
52.6681 -955.082 3186.96
264.891 -259.925 2548.01
27.7292 -90.771 2825.98
-16.7722 -541.098 2994.21
93.7922 231.78 2578.07
197.222 200.077 2584.87
246.056 -9.8668 2467.63
151.685 -1023.73 2896.64
154.235 -10.4118 2426.95
164.248 -134.091 2832.93
142.749 -596.082 2830.64
300.651 168.374 2591.68
146.605 43.8231 2707.16
FRAME: 232
346.752 344.176 2438.14
48.992 -5.77451 2536.84
46.0983 -962.688 3183.08
183.092 -86.5693 2527.57
22.5444 -95.1572 2816.71
-23.4021 -539.591 2985.22
99.2774 199.957 2533.94
211.225 169.466 2552.38
267.987 -50.7895 2481.82
153.525 -1022.7 2904.35
118.782 -15.1801 2396.64
169.819 -136.518 2840.17
144.398 -596.27 2840.89
323.173 138.975 2570.82
153.703 26.8143 2690.41
FRAME: 233
354.373 322.158 2423.47
41.1702 -9.07618 2534.32
52.3461 -961.419 3176.34
168.502 -75.823 2507.59
16.9533 -97.1727 2801.57
-18.9763 -533.572 2985.73
111.398 177.521 2511.86
229.506 140.082 2537.71
288.988 -117.275 2461.89
148.886 -1025.04 2897.3
58.1455 -3.81077 2339.51
166.509 -146.733 2832.33
138.827 -603.07 2837.01
347.613 102.642 2563.56
160.618 9.06428 2677.33
FRAME: 234
356.562 301.916 2409.56
27.9192 -41.1567 2533.06
65.6854 -967.13 3175
163.43 -142.34 2452.81
19.5219 -116.107 2797.58
1.46281 -546.72 2990.88
111.695 161.467 2511.01
236.551 118.19 2536.49
286.648 -149.208 2484.07
142.987 -1042.42 2892.01
55.1313 -69.0019 2346.18
162.283 -167.089 2826.41
133.127 -617.104 2831
361.408 74.9143 2561.96
163.727 -11.7037 2674.24
FRAME: 235
360.313 286.075 2405.05
22.2127 -59.9202 2525.83
63.5386 -961.277 3173.58
130.046 -131.044 2417.33
18.3743 -123.586 2788.3
-13.1299 -554.169 2995.18
117.203 150.51 2498.3
241.826 110.667 2530.98
306.6 -145.835 2520.26
140.807 -1040.98 2887.4
72.01 -105.917 2373.09
158.942 -169.234 2824.59
128.616 -622.224 2828.68
366.45 70.8242 2563.65
165.242 -17.8715 2668.71
FRAME: 236
360.213 276.415 2396.27
29.8616 -80.9097 2522.27
55.9964 -963.749 3179.3
152.945 -171.777 2441.43
14.4754 -120.34 2783.04
-19.9854 -549.118 2995.97
120.187 144.852 2489.4
245.074 103.632 2523.91
302.695 -161.883 2534.62
142.028 -1042.75 2885.89
70.3562 -161.149 2378.31
160.579 -170.462 2823.04
129.744 -621.166 2827.28
369.962 62.4119 2558.42
166.301 -20.8842 2663.48
FRAME: 237
356.556 267.099 2388.38
50.4775 -128.154 2517.91
51.8646 -948.641 3206.46
153.465 -199.982 2446.45
14.9431 -115.496 2774.23
-22.8008 -544.714 2992.75
121.615 140.795 2480.25
249.274 100.029 2518.06
306.832 -169.404 2546.96
144.376 -1036.79 2881.77
71.397 -224.873 2399.04
166.769 -164.692 2818.92
130.369 -617.253 2823
376.933 59.2625 2555.88
170.065 -20.0326 2657.32
FRAME: 238
355.104 266.937 2382.71
52.5921 -130.429 2537.97
53.764 -939.561 3205.91
160.2 -235.237 2455.16
23.1024 -116.707 2763.84
-27.7739 -532.891 2982.98
127.424 133.164 2465.68
254.522 99.8043 2509.09
309.175 -168.13 2553.32
145.164 -1028.48 2877.88
75.5139 -262.887 2432.59
172.086 -155.934 2814.51
131.434 -610.316 2817.52
381.621 66.445 2552.49
176.058 -18.258 2649.13
FRAME: 239
347.823 266.334 2377.75
52.7547 -117.16 2539.42
51.0468 -927.107 3196.24
144.523 -242.898 2454.42
22.5126 -119.489 2758.16
-28.4948 -527.921 2969.87
122.453 136.927 2464.36
253.275 103.404 2508.28
309.241 -174.484 2551.02
145.594 -1022.28 2878.36
77.0611 -288.254 2448.8
174.225 -158.2 2809.13
132.172 -606.564 2814.25
384.097 69.8804 2552.2
175.822 -17.7204 2645.96
FRAME: 240
345.471 268.9 2382.48
64.6924 -120.249 2530.03
54.1419 -921.501 3185.64
154.126 -250.46 2466.57
23.2776 -119.23 2758.35
-28.6763 -525.244 2962.95
123.123 137.002 2466.15
253.495 104.669 2511.57
316.542 -172.73 2558.19
143.76 -1019.95 2876.27
93.2249 -306.152 2458.86
171.491 -155.302 2810.22
129.182 -605.637 2812.01
383.867 72.3364 2556.98
175.44 -16.2986 2647.93
FRAME: 241
346.506 293.279 2390.65
58.5553 -90.9075 2539.88
51.6433 -921.029 3178.14
169.761 -277.038 2477.51
19.0098 -116.383 2759.66
-28.297 -530.627 2955.91
116.09 151.348 2474.65
248.604 115.209 2515.02
324.118 -169.934 2559.15
145.162 -1016.9 2870.02
110.4 -341.421 2482.97
174.53 -158.443 2806.96
130.566 -606.484 2799.7
381.117 79.071 2555.4
172.687 -11.1018 2649.17
FRAME: 242
346.121 315.801 2397.85
63.7985 -74.7696 2546.82
51.447 -902.246 3158.46
172.116 -297.756 2505.84
7.79905 -98.8114 2751.77
-29.7338 -524.998 2938.62
114.415 177.304 2480.47
247.817 131.663 2516.65
331.632 -163.567 2557.74
143.143 -1012.67 2863.65
131.184 -356.427 2483.16
174.752 -156.38 2796.28
130.494 -603.855 2787.7
381.219 86.0215 2552.83
169.546 2.0336 2645.34
FRAME: 243
335.64 330.944 2415.69
59.5361 -69.3352 2554.75
60.7439 -906.324 3146.75
172.566 -324.823 2508.34
6.9573 -101.3 2755.33
-30.141 -525.869 2936.55
104.17 190.458 2496.98
238.701 144.546 2527.56
342.849 -146.119 2563.07
143.256 -1017.6 2868.02
174.237 -351.573 2471.83
177.728 -160.395 2792.73
129.597 -609.075 2783.3
373.232 98.6346 2558.14
165.522 6.84935 2650.8
FRAME: 244
323.651 359.656 2435.46
47.9272 -60.6607 2565.14
68.1081 -912.034 3138.46
182.152 -316.272 2503.64
4.3455 -105.761 2761.87
-23.6595 -524.786 2933.39
87.7066 205.852 2514.95
225.352 162.042 2539.05
350.459 -127.592 2568.51
140.885 -1021.37 2868.32
206.06 -350.736 2458.5
181.466 -162.661 2790.97
127.689 -613.619 2780.6
362.996 118.232 2563.15
159.129 13.9152 2657.73
FRAME: 245
311.926 377.205 2451.05
34.8201 -47.6531 2585.84
81.9501 -912.154 3121.67
177.322 -312.217 2504.82
4.92667 -105.658 2763.05
-12.6178 -525.869 2931.15
76.835 223.031 2530.43
216.419 179.142 2546.86
350.576 -117.388 2574.42
139.562 -1022.76 2859
220.882 -353.05 2447.92
185.972 -162.515 2782.48
129.573 -613.657 2769.88
356.002 135.254 2563.29
155.934 22.5279 2659.81
FRAME: 246
298.986 393.527 2467.84
29.6318 -42.5846 2590.83
94.9859 -921.545 3089.72
162.411 -314.618 2518.46
7.47656 -105.937 2768.46
-6.13913 -529.191 2924.92
65.9921 234.636 2547.58
208.297 191.838 2557.35
351.134 -111.651 2580.17
140.848 -1022.26 2863.21
226.536 -358.119 2448.17
191.952 -161.044 2779.36
131.361 -611.868 2770.16
350.602 149.04 2567.12
154.006 29.1736 2665.63
FRAME: 247
285.43 410.003 2486.04
24.3135 -42.8811 2597.09
98.787 -917.558 3078.57
116.719 -318.259 2551.83
6.36565 -106.053 2771.42
-6.1263 -528.599 2924.07
54.4474 242.26 2563.79
200.432 200.925 2570.85
350.446 -113.031 2588.1
138.957 -1018.79 2860.42
237.139 -366.866 2440.4
193.53 -158.546 2778.99
131.791 -609.831 2768.17
346.418 159.591 2577.9
150.19 34.3127 2673.03
FRAME: 248
278.475 421.895 2494.85
9.53108 -35.9875 2613.93
104.649 -912.806 3070.69
81.0103 -314.751 2541.86
8.03969 -104.43 2778.34
-0.690755 -526.543 2928.61
47.2297 253.046 2581.05
195.291 213.607 2585.3
355.344 -100.692 2601.86
139.14 -1013.85 2865.02
251.791 -363.404 2437.57
195.286 -153.72 2782.51
129.388 -604.782 2775.23
343.351 174.167 2589.54
148.477 42.266 2682.86
FRAME: 249
267.185 432.098 2508.62
-4.39147 -24.4517 2635.2
107.088 -913.778 3055.87
54.6563 -312.568 2540.83
9.18421 -105.616 2786.32
-2.39778 -533.534 2930.84
38.3556 260.901 2599.7
186.441 224.196 2599.72
359.17 -88.4585 2615.26
136.668 -1010 2866.11
260.391 -347.955 2452.54
194.779 -151.159 2785.31
128.182 -600.689 2773.92
334.527 187.492 2599.73
144.212 47.9044 2692.77
FRAME: 250
250.767 452.803 2540.47
-23.9173 -20.335 2663.44
80.4176 -906.184 3048.48
-18.3315 -291.187 2567.2
8.84057 -105.267 2795.6
33.9324 -532.56 2932.65
22.1242 274.47 2634.47
174.432 240.972 2630.9
361.13 -73.3196 2639.47
131.114 -994.927 2860.93
281.69 -334.208 2479.47
191.757 -145.176 2790.85
127.508 -589.822 2758.67
326.739 207.475 2627.33
137.365 57.8754 2712.06
FRAME: 251
236.546 469.594 2569.03
-49.6056 -13.3414 2677.19
103.53 -919.081 3013.58
-58.3906 -302.538 2559.25
7.47442 -101.688 2803.94
30.401 -534.909 2943.19
10.7417 285.315 2660.68
164.699 254.286 2653.91
363.345 -58.0705 2663.99
133.343 -993.778 2860.15
291.591 -326.018 2501.76
189.593 -138.116 2795.75
141.645 -585.378 2768.01
318.657 223.257 2647.15
131.617 67.1921 2726.88
FRAME: 252
222.95 482.55 2586.77
-71.3871 -12.0094 2694.78
114.24 -929.041 3011.63
-89.2196 -305.453 2577.66
8.19681 -97.6176 2815.4
31.5473 -537.007 2940.59
0.19038 291.026 2688.06
157.473 260.493 2673.64
363.705 -49.5967 2688.56
137.588 -991.441 2864.05
299.934 -324.354 2530.33
189.334 -132.725 2798.75
143.585 -583.244 2773.2
314.755 229.96 2659.21
128.119 72.6606 2740.35
FRAME: 253
216.185 487.089 2595.84
-88.0136 4.33686 2724.97
121.458 -929.015 3045.66
-124.929 -290.184 2605.23
6.72698 -102.812 2834.29
37.6348 -540.628 2949.93
-5.0771 295.353 2708.4
151.032 267.244 2690.62
367.833 -42.8482 2711.19
138.815 -999.171 2866.95
312.161 -331.643 2564.14
190.11 -135.741 2813.43
147.942 -585.083 2785.24
307.142 239.136 2672.85
124.725 73.9839 2757.24
FRAME: 254
210.037 495.033 2612.33
-105.799 11.9818 2746.6
126.199 -938.117 3046.58
-171.356 -289.608 2633.96
13.277 -96.8642 2855.08
37.3477 -550.922 2959.65
-10.1188 296.607 2727.4
146.777 271.939 2704.66
368.687 -27.3339 2727.64
140.615 -1006.71 2868.96
316.962 -318.47 2598
200.756 -126.194 2827.75
152.164 -587.126 2791.14
303.673 247.272 2681.91
126.897 80.2052 2773.04
FRAME: 255
203.213 499.992 2625.4
-115.734 19.0238 2769.71
125.377 -937.498 3043.38
-186.926 -281.482 2661.67
11.0217 -94.8571 2869.33
39.4547 -541.325 2971.14
-16.259 304.905 2746.82
142.237 279.458 2719.1
368.445 -24.6509 2745.59
141.512 -1006.44 2871.44
323.138 -324.15 2629.23
196.87 -124.564 2836.84
154.071 -581.612 2794.53
300.734 254.012 2691.38
123.092 84.8738 2786.09
FRAME: 256
196.656 505.474 2644.86
-125.94 27.999 2794.77
125.149 -934.073 3053.41
-211.386 -271.938 2699.53
13.604 -87.8769 2883.78
39.4684 -534.991 2971.34
-17.7914 308.935 2766.88
141.159 284.418 2736.05
368.705 -18.1009 2768.51
144.547 -997.283 2872.91
327.713 -317.765 2661.04
201.083 -116.517 2847.24
158.527 -571.417 2798.6
300.109 259.901 2705.22
124.251 91.1106 2800.78
FRAME: 257
187.248 511.145 2677.86
-138.612 42.9914 2850.74
131.68 -937.533 3084.96
-239.451 -251.513 2778.44
16.4433 -88.38 2900.02
40.1151 -538.33 2978.98
-20.8043 310.781 2798.28
138.717 288.291 2761.68
368.729 -10.574 2795.11
145.391 -996.341 2871.68
340.058 -315.639 2717.69
204.884 -114.685 2856.59
161.693 -569.667 2804.34
298.239 265.801 2725.07
124.69 93.3793 2819.99
FRAME: 258
182.114 515.86 2691.49
-138.507 47.7657 2889.91
139.766 -949.488 3111.93
-260.308 -248.478 2813.37
20.0672 -90.086 2912.19
39.4914 -546.17 2988.36
-24.2373 309.802 2821.64
135.29 289.56 2779.53
369.256 0.695128 2811.96
144.916 -997.712 2876.23
346.212 -308.71 2765.14
208.174 -113.665 2862.24
163.529 -571.591 2816.51
294.816 269.319 2737.42
124.705 93.8423 2833.37
FRAME: 259
173.409 519.9 2710.98
-140.935 48.6708 2918.69
131.36 -943.905 3116.49
-264.468 -246.564 2857.55
22.1741 -90.0401 2926.08
43.042 -547.675 2995.81
-25.8758 310.827 2841.2
134.039 292.035 2796.13
375.216 9.24199 2830.74
146.734 -988.48 2872.73
354.829 -278.972 2786.17
210.766 -111.97 2872.64
164.295 -563.71 2822.35
293.954 273.243 2751.05
125.255 95.515 2847.75
FRAME: 260
169.033 520.949 2725.78
-138.979 52.2453 2942
134.634 -947.194 3118.36
-261.022 -244.85 2906.53
26.01 -89.8347 2939.01
45.3127 -548.196 3002.91
-26.3721 312.082 2862.7
133.09 294.961 2812.93
380.446 21.6983 2849.84
148.18 -982.129 2876.78
357.272 -273.056 2839
214.339 -109.854 2879.92
164.956 -560.479 2832.81
292.552 277.839 2763.16
126.632 97.5581 2861.2
FRAME: 261
168.346 524.705 2733.83
-136.148 55.4704 2969.63
139.715 -954.852 3108.47
-253.337 -239.972 2935.38
26.1253 -83.8322 2949.54
44.3559 -542.655 3018.22
-27.414 316.807 2879.7
131.625 300.397 2827.59
382.023 33.6481 2871.17
147.541 -977.615 2879.21
363.137 -258.141 2876.11
214.922 -103.005 2887.31
163.427 -555.383 2847.21
290.664 283.987 2775.49
126.074 103.489 2873.01
FRAME: 262
163.874 523.353 2746.9
-131.982 60.2735 2988.81
136.326 -944.375 3140.81
-244.06 -236.735 2974.11
26.0006 -86.3513 2964.79
47.0235 -539.446 3029.68
-28.3711 317.286 2892.07
129.479 302.048 2840.34
382.791 48.3376 2892.17
146.75 -981.832 2882.66
363.178 -240.619 2905.76
216.244 -104.424 2902.05
164.939 -553.144 2854.47
287.33 286.81 2788.61
125.301 103.33 2886.88
FRAME: 263
157.44 522.906 2768.05
-123.344 53.2805 3023.73
131.872 -931.021 3144.01
-223.259 -240.62 3051.41
25.9373 -87.4975 2983.79
43.5531 -530.826 3039.94
-28.7284 318.099 2908.69
128.632 302.871 2856.61
389.671 72.3011 2918.34
148.977 -982.921 2890.25
374.803 -199.619 2943.61
216.344 -105.607 2920.41
164.043 -554.973 2872.27
285.993 287.643 2804.54
124.886 103.159 2904.36
FRAME: 264
149.097 516.555 2785.77
-112.245 45.7202 3054.67
133.446 -924.466 3167.2
-209.04 -250.75 3088.25
26.2684 -94.4109 2995.75
42.882 -538.742 3047.82
-33.8318 307.499 2921.75
125.076 294.975 2872.56
399.413 80.8629 2942.43
153.57 -987.952 2903.36
382.306 -174.038 2990.51
217.88 -109.22 2936.07
161.322 -561.605 2884.74
283.984 282.452 2823.38
123.575 96.5799 2919.24
FRAME: 265
153.246 529.435 2797.27
-97.1826 49.2481 3075.64
127.973 -941.466 3173.44
-183.587 -239.556 3122.97
25.0589 -106.234 3006.43
38.4384 -555.874 3060.44
-33.9408 299.433 2935.47
124.615 287.371 2885.29
409.889 89.7352 2963.12
152.038 -1008.05 2911.32
374.507 -159.363 3002.37
218.534 -120.776 2944.63
159.803 -581.919 2900.03
283.17 275.309 2835.1
123.206 86.9329 2930.41
FRAME: 266
151.368 539.263 2803.92
-89.8026 49.6128 3090.95
126.234 -934.083 3164.98
-167.95 -241.593 3160.81
23.9699 -100.201 3020.78
37.7796 -548.846 3075.59
-32.5399 303.976 2945.22
126.692 290.074 2895.49
409.496 110.274 2970.41
155.137 -1002.13 2917.14
379.03 -118.64 3029.01
218.199 -116.939 2959.35
160.032 -576.549 2916.55
285.924 276.172 2845.77
123.888 90.752 2942.78
FRAME: 267
153.794 548.61 2811.98
-81.7229 51.176 3101.72
120.759 -913.864 3171.34
-143.804 -237.595 3177.23
20.3572 -79.7845 3031.32
40.381 -536.631 3081.18
-30.0811 325.836 2950.68
128.931 309.708 2901.38
402.225 133.904 2976.88
154.84 -1003.58 2915.83
384.557 -101.826 3030
216.78 -99.3664 2969.64
160.087 -574.798 2926.5
287.944 293.579 2852.09
123.75 110.066 2950.93
FRAME: 268
151.119 548.388 2822.87
-79.8244 51.1128 3110.8
114.265 -879.124 3210.56
-138.649 -235.248 3198.04
16.0562 -74.0553 3038.18
50.0618 -523.734 3090.61
-31.9549 333.707 2958.75
126.421 316.688 2909.48
396.928 126.628 2996.64
153.612 -1019.58 2912.11
385.732 -96.481 3061.42
210.835 -94.5847 2976.92
161.742 -577.12 2932.84
284.798 299.669 2860.2
119.934 116.184 2958.51
FRAME: 269
151.513 549.797 2831.7
-75.5196 71.0282 3113.28
118.383 -874.165 3215.99
-131.289 -205.519 3202.93
14.1154 -63.4712 3045.75
49.9867 -512.069 3094.16
-31.2099 344.396 2964.37
127.883 326.594 2918.99
396 125.175 3017.68
155.237 -1010.93 2911.87
380.676 -100.874 3096.35
208.222 -84.6447 2989.82
166.025 -564.8 2941.46
286.975 308.793 2873.61
119.526 126.268 2968.39
FRAME: 270
149.165 547.139 2841.68
-74.2138 79.729 3121.15
122.903 -882.744 3217.33
-118.441 -185.725 3225.49
13.9595 -62.3824 3057.4
52.566 -511.164 3108.84
-33.26 344.505 2970.07
127.335 327.81 2929.46
394.826 131.336 3044.97
159.235 -1017.2 2924.37
377.253 -90.6735 3108.67
209.701 -82.1671 3007.38
172.082 -566.311 2953.92
287.93 311.115 2888.85
119.583 127.768 2980.92
FRAME: 271
147.203 543.294 2857.14
-74.9571 93.4238 3127.01
118.576 -881.479 3217.53
-121.331 -187.96 3236.27
12.8813 -61.9321 3065.66
56.1205 -504.876 3110.1
-34.5606 344.764 2974.6
127.34 328.603 2939.2
391.714 129.583 3065.57
165.566 -1028.26 2925.38
373.148 -93.7023 3112.71
208.008 -80.966 3022.61
178.2 -566.438 2961.24
289.24 312.442 2903.8
118.892 128.577 2991.67
FRAME: 272
144.93 541.345 2864.71
-69.856 88.012 3138.13
145.823 -909.201 3206.76
-112.946 -203.094 3247.86
16.4918 -65.6229 3070.93
63.0883 -514.297 3115.48
-36.013 339.048 2980.62
125.995 326.002 2947.17
389.392 129.413 3082.17
168.605 -1024.74 2944.4
361.389 -64.6364 3119.88
213.148 -81.0842 3029.83
182.497 -564.775 2965.03
288.004 312.957 2913.71
120.408 126.324 2998.77
FRAME: 273
144.087 541.947 2875.57
-70.1509 80.7872 3141.67
151.702 -914.002 3213.21
-120.205 -203.828 3236.47
18.2537 -65.6238 3076.68
71.4489 -511.259 3114.82
-35.8458 340.175 2984.64
127.01 328.246 2954.01
389.11 133.29 3095.65
173.474 -1028.45 2948.11
367.307 -72.6175 3133.3
215.927 -79.7341 3039.04
185.353 -565.064 2970.03
289.867 316.316 2923.38
122.05 127.783 3005.93
FRAME: 274
140.566 539.415 2884.94
-72.9556 69.1086 3148.1
152.978 -936.707 3223.05
-125.561 -215.024 3227.66
20.9952 -78.3724 3075.04
71.9813 -523.989 3126.83
-37.2626 331.04 2991.34
125.065 321.747 2960.94
386.936 129.744 3104.82
178.837 -1025.58 2969.18
373.921 -82.1447 3141.71
218.141 -89.4247 3037.76
187.132 -567.264 2974.91
287.393 312.454 2930.53
122.317 118.924 3008.67
FRAME: 275
145.26 555.371 2887.28
-74.4502 63.4547 3148.28
156.324 -931.991 3229.23
-128.294 -227.02 3220.25
25.6594 -73.7443 3082.59
79.3563 -525.765 3118.82
-36.7516 333.056 2996.93
126.551 325.095 2967.64
390.974 143.061 3123.89
180.451 -1037.78 2985.14
363.663 -56.8608 3126.79
221.911 -83.2112 3047.06
189.292 -567.533 2984.98
289.854 317.134 2938.34
125.168 123.309 3016.23
FRAME: 276
148.05 567.761 2899.84
-83.7692 44.6638 3139.58
154.71 -891.932 3244.51
-139.129 -254.549 3199.06
20.5188 -45.1493 3081.56
92.7591 -499.539 3115.49
-32.92 358.108 2994.96
131.245 347.662 2970.9
389.922 154.988 3129.81
184.654 -1033.69 3013.87
357.706 -80.5884 3147.49
218.079 -57.5084 3052.14
193.232 -541.016 2994.23
295.41 337.216 2946.84
125.272 148.166 3018.88

