FRAME: 0
0 0 0
0 0 0
0 0 0
0 0 0
0 0 0
0 0 0
0 0 0
0 0 0
0 0 0
0 0 0
0 0 0
0 0 0
0 0 0
0 0 0
0 0 0
FRAME: 1
0 0 0
0 0 0
0 0 0
0 0 0
0 0 0
0 0 0
0 0 0
0 0 0
0 0 0
0 0 0
0 0 0
0 0 0
0 0 0
0 0 0
0 0 0
FRAME: 2
0 0 0
0 0 0
0 0 0
0 0 0
0 0 0
0 0 0
0 0 0
0 0 0
0 0 0
0 0 0
0 0 0
0 0 0
0 0 0
0 0 0
0 0 0
FRAME: 3
0 0 0
0 0 0
0 0 0
0 0 0
0 0 0
0 0 0
0 0 0
0 0 0
0 0 0
0 0 0
0 0 0
0 0 0
0 0 0
0 0 0
0 0 0
FRAME: 4
0 0 0
0 0 0
0 0 0
0 0 0
0 0 0
0 0 0
0 0 0
0 0 0
0 0 0
0 0 0
0 0 0
0 0 0
0 0 0
0 0 0
0 0 0
FRAME: 5
0 0 0
0 0 0
0 0 0
0 0 0
0 0 0
0 0 0
0 0 0
0 0 0
0 0 0
0 0 0
0 0 0
0 0 0
0 0 0
0 0 0
0 0 0
FRAME: 6
0 0 0
0 0 0
0 0 0
0 0 0
0 0 0
0 0 0
0 0 0
0 0 0
0 0 0
0 0 0
0 0 0
0 0 0
0 0 0
0 0 0
0 0 0
FRAME: 7
0 0 0
0 0 0
0 0 0
0 0 0
0 0 0
0 0 0
0 0 0
0 0 0
0 0 0
0 0 0
0 0 0
0 0 0
0 0 0
0 0 0
0 0 0
FRAME: 8
0 0 0
0 0 0
0 0 0
0 0 0
0 0 0
0 0 0
0 0 0
0 0 0
0 0 0
0 0 0
0 0 0
0 0 0
0 0 0
0 0 0
0 0 0
FRAME: 9
0 0 0
0 0 0
0 0 0
0 0 0
0 0 0
0 0 0
0 0 0
0 0 0
0 0 0
0 0 0
0 0 0
0 0 0
0 0 0
0 0 0
0 0 0
FRAME: 10
0 0 0
0 0 0
0 0 0
0 0 0
0 0 0
0 0 0
0 0 0
0 0 0
0 0 0
0 0 0
0 0 0
0 0 0
0 0 0
0 0 0
0 0 0
FRAME: 11
0 0 0
0 0 0
0 0 0
0 0 0
0 0 0
0 0 0
0 0 0
0 0 0
0 0 0
0 0 0
0 0 0
0 0 0
0 0 0
0 0 0
0 0 0
FRAME: 12
0 0 0
0 0 0
0 0 0
0 0 0
0 0 0
0 0 0
0 0 0
0 0 0
0 0 0
0 0 0
0 0 0
0 0 0
0 0 0
0 0 0
0 0 0
FRAME: 13
0 0 0
0 0 0
0 0 0
0 0 0
0 0 0
0 0 0
0 0 0
0 0 0
0 0 0
0 0 0
0 0 0
0 0 0
0 0 0
0 0 0
0 0 0
FRAME: 14
0 0 0
0 0 0
0 0 0
0 0 0
0 0 0
0 0 0
0 0 0
0 0 0
0 0 0
0 0 0
0 0 0
0 0 0
0 0 0
0 0 0
0 0 0
FRAME: 15
0 0 0
0 0 0
0 0 0
0 0 0
0 0 0
0 0 0
0 0 0
0 0 0
0 0 0
0 0 0
0 0 0
0 0 0
0 0 0
0 0 0
0 0 0
FRAME: 16
0 0 0
0 0 0
0 0 0
0 0 0
0 0 0
0 0 0
0 0 0
0 0 0
0 0 0
0 0 0
0 0 0
0 0 0
0 0 0
0 0 0
0 0 0
FRAME: 17
0 0 0
0 0 0
0 0 0
0 0 0
0 0 0
0 0 0
0 0 0
0 0 0
0 0 0
0 0 0
0 0 0
0 0 0
0 0 0
0 0 0
0 0 0
FRAME: 18
0 0 0
0 0 0
0 0 0
0 0 0
0 0 0
0 0 0
0 0 0
0 0 0
0 0 0
0 0 0
0 0 0
0 0 0
0 0 0
0 0 0
0 0 0
FRAME: 19
0 0 0
0 0 0
0 0 0
0 0 0
0 0 0
0 0 0
0 0 0
0 0 0
0 0 0
0 0 0
0 0 0
0 0 0
0 0 0
0 0 0
0 0 0
FRAME: 20
0 0 0
0 0 0
0 0 0
0 0 0
0 0 0
0 0 0
0 0 0
0 0 0
0 0 0
0 0 0
0 0 0
0 0 0
0 0 0
0 0 0
0 0 0
FRAME: 21
0 0 0
0 0 0
0 0 0
0 0 0
0 0 0
0 0 0
0 0 0
0 0 0
0 0 0
0 0 0
0 0 0
0 0 0
0 0 0
0 0 0
0 0 0
FRAME: 22
0 0 0
0 0 0
0 0 0
0 0 0
0 0 0
0 0 0
0 0 0
0 0 0
0 0 0
0 0 0
0 0 0
0 0 0
0 0 0
0 0 0
0 0 0
FRAME: 23
0 0 0
0 0 0
0 0 0
0 0 0
0 0 0
0 0 0
0 0 0
0 0 0
0 0 0
0 0 0
0 0 0
0 0 0
0 0 0
0 0 0
0 0 0
FRAME: 24
0 0 0
0 0 0
0 0 0
0 0 0
0 0 0
0 0 0
0 0 0
0 0 0
0 0 0
0 0 0
0 0 0
0 0 0
0 0 0
0 0 0
0 0 0
FRAME: 25
0 0 0
0 0 0
0 0 0
0 0 0
0 0 0
0 0 0
0 0 0
0 0 0
0 0 0
0 0 0
0 0 0
0 0 0
0 0 0
0 0 0
0 0 0
FRAME: 26
0 0 0
0 0 0
0 0 0
0 0 0
0 0 0
0 0 0
0 0 0
0 0 0
0 0 0
0 0 0
0 0 0
0 0 0
0 0 0
0 0 0
0 0 0
FRAME: 27
0 0 0
0 0 0
0 0 0
0 0 0
0 0 0
0 0 0
0 0 0
0 0 0
0 0 0
0 0 0
0 0 0
0 0 0
0 0 0
0 0 0
0 0 0
FRAME: 28
0 0 0
0 0 0
0 0 0
0 0 0
0 0 0
0 0 0
0 0 0
0 0 0
0 0 0
0 0 0
0 0 0
0 0 0
0 0 0
0 0 0
0 0 0
FRAME: 29
0 0 0
0 0 0
0 0 0
0 0 0
0 0 0
0 0 0
0 0 0
0 0 0
0 0 0
0 0 0
0 0 0
0 0 0
0 0 0
0 0 0
0 0 0
FRAME: 30
0 0 0
0 0 0
0 0 0
0 0 0
0 0 0
0 0 0
0 0 0
0 0 0
0 0 0
0 0 0
0 0 0
0 0 0
0 0 0
0 0 0
0 0 0
FRAME: 31
0 0 0
0 0 0
0 0 0
0 0 0
0 0 0
0 0 0
0 0 0
0 0 0
0 0 0
0 0 0
0 0 0
0 0 0
0 0 0
0 0 0
0 0 0
FRAME: 32
0 0 0
0 0 0
0 0 0
0 0 0
0 0 0
0 0 0
0 0 0
0 0 0
0 0 0
0 0 0
0 0 0
0 0 0
0 0 0
0 0 0
0 0 0
FRAME: 33
0 0 0
0 0 0
0 0 0
0 0 0
0 0 0
0 0 0
0 0 0
0 0 0
0 0 0
0 0 0
0 0 0
0 0 0
0 0 0
0 0 0
0 0 0
FRAME: 34
0 0 0
0 0 0
0 0 0
0 0 0
0 0 0
0 0 0
0 0 0
0 0 0
0 0 0
0 0 0
0 0 0
0 0 0
0 0 0
0 0 0
0 0 0
FRAME: 35
0 0 0
0 0 0
0 0 0
0 0 0
0 0 0
0 0 0
0 0 0
0 0 0
0 0 0
0 0 0
0 0 0
0 0 0
0 0 0
0 0 0
0 0 0
FRAME: 36
0 0 0
0 0 0
0 0 0
0 0 0
0 0 0
0 0 0
0 0 0
0 0 0
0 0 0
0 0 0
0 0 0
0 0 0
0 0 0
0 0 0
0 0 0
FRAME: 37
0 0 0
0 0 0
0 0 0
0 0 0
0 0 0
0 0 0
0 0 0
0 0 0
0 0 0
0 0 0
0 0 0
0 0 0
0 0 0
0 0 0
0 0 0
FRAME: 38
0 0 0
0 0 0
0 0 0
0 0 0
0 0 0
0 0 0
0 0 0
0 0 0
0 0 0
0 0 0
0 0 0
0 0 0
0 0 0
0 0 0
0 0 0
FRAME: 39
0 0 0
0 0 0
0 0 0
0 0 0
0 0 0
0 0 0
0 0 0
0 0 0
0 0 0
0 0 0
0 0 0
0 0 0
0 0 0
0 0 0
0 0 0
FRAME: 40
0 0 0
0 0 0
0 0 0
0 0 0
0 0 0
0 0 0
0 0 0
0 0 0
0 0 0
0 0 0
0 0 0
0 0 0
0 0 0
0 0 0
0 0 0
FRAME: 41
0 0 0
0 0 0
0 0 0
0 0 0
0 0 0
0 0 0
0 0 0
0 0 0
0 0 0
0 0 0
0 0 0
0 0 0
0 0 0
0 0 0
0 0 0
FRAME: 42
0 0 0
0 0 0
0 0 0
0 0 0
0 0 0
0 0 0
0 0 0
0 0 0
0 0 0
0 0 0
0 0 0
0 0 0
0 0 0
0 0 0
0 0 0
FRAME: 43
0 0 0
0 0 0
0 0 0
0 0 0
0 0 0
0 0 0
0 0 0
0 0 0
0 0 0
0 0 0
0 0 0
0 0 0
0 0 0
0 0 0
0 0 0
FRAME: 44
0 0 0
0 0 0
0 0 0
0 0 0
0 0 0
0 0 0
0 0 0
0 0 0
0 0 0
0 0 0
0 0 0
0 0 0
0 0 0
0 0 0
0 0 0
FRAME: 45
0 0 0
0 0 0
0 0 0
0 0 0
0 0 0
0 0 0
0 0 0
0 0 0
0 0 0
0 0 0
0 0 0
0 0 0
0 0 0
0 0 0
0 0 0
FRAME: 46
0 0 0
0 0 0
0 0 0
0 0 0
0 0 0
0 0 0
0 0 0
0 0 0
0 0 0
0 0 0
0 0 0
0 0 0
0 0 0
0 0 0
0 0 0
FRAME: 47
0 0 0
0 0 0
0 0 0
0 0 0
0 0 0
0 0 0
0 0 0
0 0 0
0 0 0
0 0 0
0 0 0
0 0 0
0 0 0
0 0 0
0 0 0
FRAME: 48
0 0 0
0 0 0
0 0 0
0 0 0
0 0 0
0 0 0
0 0 0
0 0 0
0 0 0
0 0 0
0 0 0
0 0 0
0 0 0
0 0 0
0 0 0
FRAME: 49
0 0 0
0 0 0
0 0 0
0 0 0
0 0 0
0 0 0
0 0 0
0 0 0
0 0 0
0 0 0
0 0 0
0 0 0
0 0 0
0 0 0
0 0 0
FRAME: 50
0 0 0
0 0 0
0 0 0
0 0 0
0 0 0
0 0 0
0 0 0
0 0 0
0 0 0
0 0 0
0 0 0
0 0 0
0 0 0
0 0 0
0 0 0
FRAME: 51
0 0 0
0 0 0
0 0 0
0 0 0
0 0 0
0 0 0
0 0 0
0 0 0
0 0 0
0 0 0
0 0 0
0 0 0
0 0 0
0 0 0
0 0 0
FRAME: 52
0 0 0
0 0 0
0 0 0
0 0 0
0 0 0
0 0 0
0 0 0
0 0 0
0 0 0
0 0 0
0 0 0
0 0 0
0 0 0
0 0 0
0 0 0
FRAME: 53
0 0 0
0 0 0
0 0 0
0 0 0
0 0 0
0 0 0
0 0 0
0 0 0
0 0 0
0 0 0
0 0 0
0 0 0
0 0 0
0 0 0
0 0 0
FRAME: 54
0 0 0
0 0 0
0 0 0
0 0 0
0 0 0
0 0 0
0 0 0
0 0 0
0 0 0
0 0 0
0 0 0
0 0 0
0 0 0
0 0 0
0 0 0
FRAME: 55
0 0 0
0 0 0
0 0 0
0 0 0
0 0 0
0 0 0
0 0 0
0 0 0
0 0 0
0 0 0
0 0 0
0 0 0
0 0 0
0 0 0
0 0 0
FRAME: 56
0 0 0
0 0 0
0 0 0
0 0 0
0 0 0
0 0 0
0 0 0
0 0 0
0 0 0
0 0 0
0 0 0
0 0 0
0 0 0
0 0 0
0 0 0
FRAME: 57
0 0 0
0 0 0
0 0 0
0 0 0
0 0 0
0 0 0
0 0 0
0 0 0
0 0 0
0 0 0
0 0 0
0 0 0
0 0 0
0 0 0
0 0 0
FRAME: 58
0 0 0
0 0 0
0 0 0
0 0 0
0 0 0
0 0 0
0 0 0
0 0 0
0 0 0
0 0 0
0 0 0
0 0 0
0 0 0
0 0 0
0 0 0
FRAME: 59
0 0 0
0 0 0
0 0 0
0 0 0
0 0 0
0 0 0
0 0 0
0 0 0
0 0 0
0 0 0
0 0 0
0 0 0
0 0 0
0 0 0
0 0 0
FRAME: 60
0 0 0
0 0 0
0 0 0
0 0 0
0 0 0
0 0 0
0 0 0
0 0 0
0 0 0
0 0 0
0 0 0
0 0 0
0 0 0
0 0 0
0 0 0
FRAME: 61
0 0 0
0 0 0
0 0 0
0 0 0
0 0 0
0 0 0
0 0 0
0 0 0
0 0 0
0 0 0
0 0 0
0 0 0
0 0 0
0 0 0
0 0 0
FRAME: 62
0 0 0
0 0 0
0 0 0
0 0 0
0 0 0
0 0 0
0 0 0
0 0 0
0 0 0
0 0 0
0 0 0
0 0 0
0 0 0
0 0 0
0 0 0
FRAME: 63
0 0 0
0 0 0
0 0 0
0 0 0
0 0 0
0 0 0
0 0 0
0 0 0
0 0 0
0 0 0
0 0 0
0 0 0
0 0 0
0 0 0
0 0 0
FRAME: 64
0 0 0
0 0 0
0 0 0
0 0 0
0 0 0
0 0 0
0 0 0
0 0 0
0 0 0
0 0 0
0 0 0
0 0 0
0 0 0
0 0 0
0 0 0
FRAME: 65
0 0 0
0 0 0
0 0 0
0 0 0
0 0 0
0 0 0
0 0 0
0 0 0
0 0 0
0 0 0
0 0 0
0 0 0
0 0 0
0 0 0
0 0 0
FRAME: 66
0 0 0
0 0 0
0 0 0
0 0 0
0 0 0
0 0 0
0 0 0
0 0 0
0 0 0
0 0 0
0 0 0
0 0 0
0 0 0
0 0 0
0 0 0
FRAME: 67
0 0 0
0 0 0
0 0 0
0 0 0
0 0 0
0 0 0
0 0 0
0 0 0
0 0 0
0 0 0
0 0 0
0 0 0
0 0 0
0 0 0
0 0 0
FRAME: 68
0 0 0
0 0 0
0 0 0
0 0 0
0 0 0
0 0 0
0 0 0
0 0 0
0 0 0
0 0 0
0 0 0
0 0 0
0 0 0
0 0 0
0 0 0
FRAME: 69
0 0 0
0 0 0
0 0 0
0 0 0
0 0 0
0 0 0
0 0 0
0 0 0
0 0 0
0 0 0
0 0 0
0 0 0
0 0 0
0 0 0
0 0 0
FRAME: 70
0 0 0
0 0 0
0 0 0
0 0 0
0 0 0
0 0 0
0 0 0
0 0 0
0 0 0
0 0 0
0 0 0
0 0 0
0 0 0
0 0 0
0 0 0
FRAME: 71
0 0 0
0 0 0
0 0 0
0 0 0
0 0 0
0 0 0
0 0 0
0 0 0
0 0 0
0 0 0
0 0 0
0 0 0
0 0 0
0 0 0
0 0 0
FRAME: 72
0 0 0
0 0 0
0 0 0
0 0 0
0 0 0
0 0 0
0 0 0
0 0 0
0 0 0
0 0 0
0 0 0
0 0 0
0 0 0
0 0 0
0 0 0
FRAME: 73
0 0 0
0 0 0
0 0 0
0 0 0
0 0 0
0 0 0
0 0 0
0 0 0
0 0 0
0 0 0
0 0 0
0 0 0
0 0 0
0 0 0
0 0 0
FRAME: 74
0 0 0
0 0 0
0 0 0
0 0 0
0 0 0
0 0 0
0 0 0
0 0 0
0 0 0
0 0 0
0 0 0
0 0 0
0 0 0
0 0 0
0 0 0
FRAME: 75
0 0 0
0 0 0
0 0 0
0 0 0
0 0 0
0 0 0
0 0 0
0 0 0
0 0 0
0 0 0
0 0 0
0 0 0
0 0 0
0 0 0
0 0 0
FRAME: 76
0 0 0
0 0 0
0 0 0
0 0 0
0 0 0
0 0 0
0 0 0
0 0 0
0 0 0
0 0 0
0 0 0
0 0 0
0 0 0
0 0 0
0 0 0
FRAME: 77
0 0 0
0 0 0
0 0 0
0 0 0
0 0 0
0 0 0
0 0 0
0 0 0
0 0 0
0 0 0
0 0 0
0 0 0
0 0 0
0 0 0
0 0 0
FRAME: 78
0 0 0
0 0 0
0 0 0
0 0 0
0 0 0
0 0 0
0 0 0
0 0 0
0 0 0
0 0 0
0 0 0
0 0 0
0 0 0
0 0 0
0 0 0
FRAME: 79
0 0 0
0 0 0
0 0 0
0 0 0
0 0 0
0 0 0
0 0 0
0 0 0
0 0 0
0 0 0
0 0 0
0 0 0
0 0 0
0 0 0
0 0 0
FRAME: 80
0 0 0
0 0 0
0 0 0
0 0 0
0 0 0
0 0 0
0 0 0
0 0 0
0 0 0
0 0 0
0 0 0
0 0 0
0 0 0
0 0 0
0 0 0
FRAME: 81
0 0 0
0 0 0
0 0 0
0 0 0
0 0 0
0 0 0
0 0 0
0 0 0
0 0 0
0 0 0
0 0 0
0 0 0
0 0 0
0 0 0
0 0 0
FRAME: 82
0 0 0
0 0 0
0 0 0
0 0 0
0 0 0
0 0 0
0 0 0
0 0 0
0 0 0
0 0 0
0 0 0
0 0 0
0 0 0
0 0 0
0 0 0
FRAME: 83
0 0 0
0 0 0
0 0 0
0 0 0
0 0 0
0 0 0
0 0 0
0 0 0
0 0 0
0 0 0
0 0 0
0 0 0
0 0 0
0 0 0
0 0 0
FRAME: 84
0 0 0
0 0 0
0 0 0
0 0 0
0 0 0
0 0 0
0 0 0
0 0 0
0 0 0
0 0 0
0 0 0
0 0 0
0 0 0
0 0 0
0 0 0
FRAME: 85
0 0 0
0 0 0
0 0 0
0 0 0
0 0 0
0 0 0
0 0 0
0 0 0
0 0 0
0 0 0
0 0 0
0 0 0
0 0 0
0 0 0
0 0 0
FRAME: 86
0 0 0
0 0 0
0 0 0
0 0 0
0 0 0
0 0 0
0 0 0
0 0 0
0 0 0
0 0 0
0 0 0
0 0 0
0 0 0
0 0 0
0 0 0
FRAME: 87
0 0 0
0 0 0
0 0 0
0 0 0
0 0 0
0 0 0
0 0 0
0 0 0
0 0 0
0 0 0
0 0 0
0 0 0
0 0 0
0 0 0
0 0 0
FRAME: 88
0 0 0
0 0 0
0 0 0
0 0 0
0 0 0
0 0 0
0 0 0
0 0 0
0 0 0
0 0 0
0 0 0
0 0 0
0 0 0
0 0 0
0 0 0
FRAME: 89
0 0 0
0 0 0
0 0 0
0 0 0
0 0 0
0 0 0
0 0 0
0 0 0
0 0 0
0 0 0
0 0 0
0 0 0
0 0 0
0 0 0
0 0 0
FRAME: 90
0 0 0
0 0 0
0 0 0
0 0 0
0 0 0
0 0 0
0 0 0
0 0 0
0 0 0
0 0 0
0 0 0
0 0 0
0 0 0
0 0 0
0 0 0
FRAME: 91
0 0 0
0 0 0
0 0 0
0 0 0
0 0 0
0 0 0
0 0 0
0 0 0
0 0 0
0 0 0
0 0 0
0 0 0
0 0 0
0 0 0
0 0 0
FRAME: 92
0 0 0
0 0 0
0 0 0
0 0 0
0 0 0
0 0 0
0 0 0
0 0 0
0 0 0
0 0 0
0 0 0
0 0 0
0 0 0
0 0 0
0 0 0
FRAME: 93
0 0 0
0 0 0
0 0 0
0 0 0
0 0 0
0 0 0
0 0 0
0 0 0
0 0 0
0 0 0
0 0 0
0 0 0
0 0 0
0 0 0
0 0 0
FRAME: 94
0 0 0
0 0 0
0 0 0
0 0 0
0 0 0
0 0 0
0 0 0
0 0 0
0 0 0
0 0 0
0 0 0
0 0 0
0 0 0
0 0 0
0 0 0
FRAME: 95
0 0 0
0 0 0
0 0 0
0 0 0
0 0 0
0 0 0
0 0 0
0 0 0
0 0 0
0 0 0
0 0 0
0 0 0
0 0 0
0 0 0
0 0 0
FRAME: 96
0 0 0
0 0 0
0 0 0
0 0 0
0 0 0
0 0 0
0 0 0
0 0 0
0 0 0
0 0 0
0 0 0
0 0 0
0 0 0
0 0 0
0 0 0
FRAME: 97
0 0 0
0 0 0
0 0 0
0 0 0
0 0 0
0 0 0
0 0 0
0 0 0
0 0 0
0 0 0
0 0 0
0 0 0
0 0 0
0 0 0
0 0 0
FRAME: 98
0 0 0
0 0 0
0 0 0
0 0 0
0 0 0
0 0 0
0 0 0
0 0 0
0 0 0
0 0 0
0 0 0
0 0 0
0 0 0
0 0 0
0 0 0
FRAME: 99
0 0 0
0 0 0
0 0 0
0 0 0
0 0 0
0 0 0
0 0 0
0 0 0
0 0 0
0 0 0
0 0 0
0 0 0
0 0 0
0 0 0
0 0 0
FRAME: 100
0 0 0
0 0 0
0 0 0
0 0 0
0 0 0
0 0 0
0 0 0
0 0 0
0 0 0
0 0 0
0 0 0
0 0 0
0 0 0
0 0 0
0 0 0
FRAME: 101
0 0 0
0 0 0
0 0 0
0 0 0
0 0 0
0 0 0
0 0 0
0 0 0
0 0 0
0 0 0
0 0 0
0 0 0
0 0 0
0 0 0
0 0 0
FRAME: 102
0 0 0
0 0 0
0 0 0
0 0 0
0 0 0
0 0 0
0 0 0
0 0 0
0 0 0
0 0 0
0 0 0
0 0 0
0 0 0
0 0 0
0 0 0
FRAME: 103
0 0 0
0 0 0
0 0 0
0 0 0
0 0 0
0 0 0
0 0 0
0 0 0
0 0 0
0 0 0
0 0 0
0 0 0
0 0 0
0 0 0
0 0 0
FRAME: 104
0 0 0
0 0 0
0 0 0
0 0 0
0 0 0
0 0 0
0 0 0
0 0 0
0 0 0
0 0 0
0 0 0
0 0 0
0 0 0
0 0 0
0 0 0
FRAME: 105
0 0 0
0 0 0
0 0 0
0 0 0
0 0 0
0 0 0
0 0 0
0 0 0
0 0 0
0 0 0
0 0 0
0 0 0
0 0 0
0 0 0
0 0 0
FRAME: 106
221.022 214.866 2615.14
48.0871 -239.596 2490.65
4.65521 -1116.26 2782.07
201.103 -453.957 2373.08
33.9109 -364.521 2642.55
91.5475 -778.849 2661.52
116.551 -13.744 2549.83
140.458 -2.14293 2666.66
144.063 -188.231 2898.95
19.6723 -1172.17 2998.44
45.7719 -385.925 3098.58
65.7785 -349.056 2798.28
122.721 -753.981 2920.42
164.365 9.45811 2783.49
95.1514 -179.466 2693.54
FRAME: 107
208.879 224.582 2631.36
67.4272 -242.446 2487.91
-2.26987 -1102.46 2773.89
226.681 -451.187 2379.37
45.0614 -373.768 2642.09
115.768 -773.311 2652.28
123.958 -13.0493 2551.22
137.412 -0.0541046 2674.56
117.845 -187.186 2903.71
42.0172 -1149.11 2912.45
40.1071 -391.792 3066.95
62.7013 -356.337 2804.09
112.833 -764.404 2875.49
150.865 12.9411 2797.89
95.6464 -182.553 2698.82
FRAME: 108
202.019 227.235 2643.76
80.6655 -241.884 2487.36
3.84585 -1101.47 2781.24
232.368 -450.173 2398.92
54.9868 -376.405 2641.94
127.949 -777.549 2660.85
130.146 -16.7099 2550.56
137.739 -1.55893 2674.17
106.251 -188.752 2901.85
52.951 -1149.93 2910.04
57.73 -389.51 3063.12
65.1392 -355.907 2806.77
115.446 -763.621 2876.82
145.331 13.5921 2797.78
98.9009 -183.857 2699.27
FRAME: 109
196.363 230.494 2653.06
99.5256 -245.423 2491.23
6.00327 -1093.98 2783.35
277.953 -436.381 2389.38
64.1219 -381.73 2642.17
135.748 -778.035 2659.33
134.955 -17.6662 2551.84
137.646 -1.65218 2675.89
95.7406 -189.994 2905.03
60.0649 -1144.9 2904.17
69.0809 -385.835 3057.69
67.6692 -359.903 2809.41
120.503 -765.919 2881.16
140.337 14.3619 2799.95
101.771 -186.234 2700.84
FRAME: 110
191.216 235.604 2660.52
117.704 -245.12 2496.68
4.88958 -1089.31 2780.21
307.881 -417.721 2388.52
71.029 -383.147 2643.46
142.788 -780.047 2656.62
135.481 -16.3876 2553.03
135.904 -0.0343272 2677.6
88.6657 -188.049 2908.97
66.2035 -1150.5 2929.37
80.5591 -382.282 3054.69
71.4198 -360.986 2810.8
124.797 -765.083 2885.47
136.327 16.3189 2802.17
103.564 -186.05 2702.37
FRAME: 111
186.98 240.536 2664.25
133.869 -242.251 2503.51
3.98617 -1079.01 2775.04
339.246 -397.577 2377.78
80.0208 -384.221 2646.44
148.189 -779.599 2655.49
139.387 -14.2121 2555.89
136.082 2.60321 2679.99
82.8272 -184.402 2913.26
85.6806 -1122.85 2894.17
92.7924 -374.574 3049.03
75.4436 -361.546 2812.81
130.633 -764.453 2890.71
132.778 19.4185 2804.1
106.907 -185.14 2704.81
FRAME: 112
179.952 247.772 2668.98
153.414 -233.596 2505.96
8.48159 -1070.38 2777.98
358.465 -362.903 2362.89
88.3171 -379.092 2646.12
157.133 -781.34 2653.05
141.371 -8.64965 2559.24
135.349 7.44364 2684.11
84.8349 -182.807 2921.29
97.3103 -1139.73 2959.71
112.815 -368.663 3051.55
80.2308 -357.412 2814.23
134.617 -763.09 2889.75
129.327 23.5369 2808.97
109.811 -180.404 2707.14
FRAME: 113
176.963 255.18 2672.08
165.176 -239.027 2502.71
15.3583 -1070.25 2779.66
368.611 -369.708 2376.35
93.3147 -379.757 2648.07
162.636 -782.205 2648.84
147.146 -0.656944 2567.67
137.375 14.1488 2688.59
79.6997 -178.082 2920.4
108.81 -1046.03 2827.33
114.396 -362.591 3049.91
79.7473 -359.191 2815.13
136.842 -760.707 2900.75
127.604 28.9545 2809.51
111.953 -177.663 2710.09
FRAME: 114
170.911 262.321 2676.72
178.661 -234.696 2502.3
19.3288 -1074.5 2777.04
373.652 -381.537 2417.49
99.4629 -376.713 2649.48
174.212 -772.161 2642.03
148.389 6.62319 2570.46
135.045 20.7926 2692.24
74.9102 -166.526 2927.47
97.7862 -1038.26 2862.84
111.438 -328.079 3056.52
81.2263 -357.162 2816.12
137.653 -753.969 2905.83
121.701 34.9621 2814.02
112.695 -173.072 2712.52
FRAME: 115
165.481 267.128 2680.02
181.657 -223.179 2498.85
19.6138 -1074.81 2770.7
368.345 -364.799 2415.14
106.872 -371.947 2650.71
180.869 -771.303 2640.67
150.593 21.9855 2573.45
132.395 34.8247 2698.1
54.8529 -122.508 2947.94
88.649 -1032.75 2831.9
72.0155 -167.422 3118.75
82.9691 -354.452 2818.13
136.261 -749.954 2909.45
114.196 47.664 2822.74
113.658 -164.187 2716.26
FRAME: 116
160.806 271.488 2682.75
180.286 -214.568 2494.29
20.4625 -1083.62 2771.08
364.599 -347.293 2413.25
112.55 -366.963 2651.63
182.4 -773.232 2640.84
150.232 30.4991 2573.64
128.605 43.1912 2698.22
43.2486 -90.9203 2959.1
105.583 -1015.56 2826.49
30.3087 -90.4583 3155.7
84.0722 -349.964 2817.28
137.608 -743.249 2924.01
106.977 55.8833 2822.8
113.458 -157.636 2716.33
FRAME: 117
159.04 273.724 2679.85
162.205 -193.14 2546.67
18.2995 -1073.6 2775.85
314.226 -289.471 2480.42
108.734 -359.322 2657.71
181.512 -761.107 2643.24
139.885 38.7646 2596.02
122.533 52.7607 2705.66
-9.39417 94.6451 2997.47
114.906 -1037.73 2898.42
15.3812 26.7154 3164.98
92.802 -338.13 2797.44
139.41 -726.171 2855.27
105.18 66.7568 2815.3
111.65 -147.983 2716.62
FRAME: 118
156.048 277.844 2676.86
152.345 -184.378 2545.03
21.3535 -1072.66 2776.98
302.671 -289.08 2495.38
114.89 -356.404 2656.29
182.851 -760.718 2642.53
135.145 49.1253 2591.82
114.693 63.9947 2700.28
-41.8399 189.338 3014.84
113.718 -1022.08 2880.59
-60.3941 266.53 3236.23
93.6632 -334.979 2796.97
150.323 -726.198 2868.77
94.2406 78.864 2808.74
109.485 -140.848 2713.45
FRAME: 119
152.842 281.51 2671.2
153.144 -168.344 2536.47
27.2579 -1078.32 2767.8
362.432 -339.134 2380.47
124.07 -356.966 2649.91
188.301 -763.92 2636.58
141.657 50.0559 2552.26
115.763 66.5808 2677.44
-25.943 176.281 3007.5
104.051 -1021.85 2836.13
-58.2797 320.502 3238.86
90.0651 -335.925 2810.98
145.717 -719.542 2870.49
89.8686 83.1056 2802.63
111.415 -139.933 2703.94
FRAME: 120
148.88 283.023 2665.12
152.734 -177.802 2538.56
21.7084 -1074.31 2781.2
309.833 -336.188 2465.24
117.304 -354.566 2663.6
184.341 -759.87 2654.18
129.602 55.2763 2588.77
110.516 65.2886 2681.2
10.0255 129.563 2937.37
95.7464 -1018.47 2793.43
50.5788 110.585 3092.35
92.2915 -341.494 2788.55
147.939 -722.263 2861.21
91.4308 75.3009 2773.63
107.657 -141.371 2703.64
FRAME: 121
138.444 283.932 2654.47
158.968 -188.145 2510.74
24.8148 -1076.93 2761.1
298.32 -343.035 2458.73
119.355 -358.204 2643.03
186.033 -759.743 2634.14
131.475 52.3975 2562.65
110.255 66.1904 2675.36
93.3301 -108.212 2839.29
103.38 -1046.09 2864.74
190.639 -202.942 2890.72
90.779 -338.832 2804.38
143.817 -715.351 2874.52
89.0344 79.9832 2788.07
107.661 -141.164 2699.53
FRAME: 122
132.426 286.404 2639.27
164.278 -193.094 2472.65
20.9391 -1081.47 2753.64
336.844 -346.09 2367.19
118.144 -358.521 2640.45
181.573 -762.954 2635.52
127.958 50.1033 2535.64
108.505 67.9276 2663.52
67.1527 -78.4553 2892.8
89.0132 -1046.36 2934.01
194.699 -223.53 2917.97
93.3746 -334.517 2805.57
142.522 -717.623 2889.45
89.0513 85.7519 2791.4
107.132 -139.296 2693.27
FRAME: 123
115.515 291.887 2620.72
156.59 -203.376 2448.91
20.0446 -1097.17 2747.41
308.245 -324.471 2267.56
111.633 -358.41 2634.55
166.606 -764.628 2634.19
113.84 45.6187 2524
101.87 65.2901 2656.9
66.7454 -88.8809 2890.63
76.1912 -1068.43 2926.41
198.81 -235.448 2905.9
96.4288 -332.51 2804.69
142.935 -718.86 2887.59
89.9004 84.9614 2789.8
102.951 -140.085 2688.26
FRAME: 124
100.58 303.714 2615.01
128.783 -202.278 2442.48
18.4019 -1101.58 2748.3
247.281 -298.912 2241.24
102.962 -351.52 2630.15
150.669 -763.261 2636.43
94.061 55.5099 2514.45
94.2238 77.2899 2646.33
63.0257 -86.4614 2890.71
74.5406 -1070.46 2934.35
189.044 -234.811 2992.33
103.432 -322.608 2801.8
147.872 -709.261 2879.1
94.3865 99.0699 2778.22
98.7104 -129.887 2681.15
FRAME: 125
88.2947 309.58 2602.35
90.7368 -201.48 2449.3
25.3288 -1098.82 2750.44
183.521 -282.118 2206.23
93.966 -341.589 2628.2
135.218 -752.808 2641.31
78.2014 62.4232 2511.39
87.0015 85.7877 2639.88
63.4191 -96.776 2889.55
62.9492 -1058.64 2903.48
189.184 -253.811 2982.53
106.116 -309.644 2801.35
148.922 -682.344 2840.13
95.8016 109.152 2768.38
93.5213 -119.914 2677.33
FRAME: 126
79.3005 313.097 2580.85
50.5686 -177.892 2460.46
22.4832 -1089.14 2753.3
116.788 -297.774 2228.78
85.0505 -325.563 2628.89
122.479 -730.684 2640.28
58.4658 70.8559 2505.27
83.0148 93.9479 2625.41
85.3265 -59.4576 2876.02
60.456 -1045.61 2882.54
180.839 -182.919 2965.92
113.162 -296.137 2773.91
162.248 -664.558 2796.11
107.564 117.04 2745.54
91.0604 -108.451 2663.4
FRAME: 127
69.9592 312.004 2564.68
15.9347 -158.113 2469.5
25.7346 -1072.53 2742
42.0983 -291.23 2223.98
82.3953 -300.585 2624.28
110.968 -706.272 2631.48
27.3085 85.2698 2507.29
75.1176 103.06 2612.36
247.003 113.63 2668.39
49.3326 -1039.17 2898.44
215.814 207.193 2627.7
128.107 -281.48 2717.92
147.803 -670.752 2784.02
122.927 120.849 2717.42
90.1844 -93.9865 2641.73
FRAME: 128
60.1891 310.818 2546.33
-5.52469 -143.846 2483.37
14.5769 -1053.48 2746.46
-58.061 -298.718 2232.63
73.7128 -285.836 2619.96
92.1807 -684.357 2630.63
12.4655 103.366 2508.47
77.7702 120.37 2590.45
227.366 59.409 2656.03
42.8226 -1041.81 2879.68
223.57 224.084 2570.67
142.128 -268.263 2697.07
154.287 -678.065 2780.44
143.075 137.374 2672.43
92.8452 -78.3397 2624.48
FRAME: 129
53.7141 311.838 2526.78
-43.0705 -139.569 2514.84
6.64341 -1055.11 2756.43
-118.425 -322.172 2277.39
50.4553 -286.994 2619.62
81.0975 -682.657 2637.57
-5.08046 119.457 2513.57
75.6557 135.235 2571.61
240.235 76.5232 2554.57
57.2428 -1039.43 2826.1
216.512 207.371 2413.3
146.181 -268.378 2687.6
159.73 -671.342 2765.78
156.392 151.014 2629.65
86.9869 -71.2253 2612.61
FRAME: 130
50.7782 309.534 2508.38
-62.1878 -149.939 2538.06
-0.830213 -1044.97 2762.86
-184.191 -340.794 2332.97
42.7183 -290.486 2640.62
65.6641 -678.438 2651.31
-28.1477 106.153 2525.8
78.6234 120.354 2564.26
274.838 39.5412 2372.89
59.4159 -1029.86 2887.24
199.781 209.705 2171.23
154.422 -275.611 2681.18
172.517 -678.688 2768.1
185.394 134.554 2602.71
88.5969 -81.3474 2612.58
FRAME: 131
44.35 296.491 2494
-85.2392 -164.709 2565.9
-9.63381 -1059.91 2784.41
-238.883 -357.406 2399.35
43.6117 -297.789 2665.27
56.3748 -689.9 2667.4
-42.2037 88.9881 2537.64
70.413 102.165 2557.23
248.956 -25.8799 2361.6
60.2561 -1035.52 2898.06
176.379 100.17 2159.06
148.846 -285.447 2683.59
172.609 -681.398 2772.84
183.03 115.342 2576.81
83.3209 -94.7263 2615.83
FRAME: 132
38.6086 286.059 2479.6
-111.38 -181.535 2587.24
-10.074 -1059.38 2794.51
-289.092 -379.511 2458.33
34.9973 -317.069 2684.36
42.8075 -700.303 2681.57
-47.4897 73.2685 2537.14
54.6116 82.2581 2536.63
232.791 -106.738 2413.22
52.803 -1028.73 2900.06
161.925 -142.051 2231.37
146.661 -307.577 2682.69
184.48 -696.851 2769.29
156.713 91.2477 2536.12
72.7203 -115.032 2610.08
FRAME: 133
28.9185 262.906 2455.42
-132.882 -194.974 2615.1
-6.00959 -1065.03 2804.18
-328.609 -384.381 2553.78
29.7491 -316.806 2689.67
43.0447 -704.184 2689.97
-64.5177 55.9627 2542.43
41.6972 62.4826 2527.8
212.422 -145.542 2411.89
48.9137 -1029.83 2893.81
45.5201 -323.082 2227.3
141.985 -309.997 2673.9
171.489 -696.868 2756.79
147.912 69.0026 2513.16
63.7821 -125.459 2604.79
FRAME: 134
23.9875 246.336 2439.18
-145.515 -206.21 2631.65
-3.61699 -1067.5 2807.04
-348.407 -399.537 2595.5
28.0306 -317.884 2698.93
47.1406 -708.759 2693.02
-80.0673 37.5528 2548.85
30.4477 41.9643 2521.58
189.055 -181.52 2417.15
36.3436 -1024.85 2882.61
15.592 -370.684 2282.94
141.544 -313.208 2670.95
162.4 -700.205 2747.57
140.963 46.3758 2494.32
57.6176 -136.791 2603.26
FRAME: 135
21.3142 230.17 2429.3
-152.138 -212.731 2648.46
-4.04587 -1074.31 2801.4
-360.366 -400.996 2631.9
27.5957 -319.097 2712.57
48.9757 -714.359 2686.96
-90.0415 21.9819 2560.01
20.5217 21.1784 2518.58
172.987 -212.838 2420.1
33.9294 -1033.47 2904.67
-6.05114 -411.254 2327.12
137.69 -319.827 2671.61
153.308 -701.342 2749.02
131.085 20.3748 2477.16
51.5823 -149.142 2605.34
FRAME: 136
19.1877 213.758 2415.38
-157.23 -216.548 2668.89
-6.39804 -1075.09 2796.79
-328.795 -412.473 2671.35
24.9823 -320.92 2728.21
51.1473 -715.637 2679.16
-88.0819 15.1907 2567.68
14.9911 7.13215 2515.85
154.336 -236.27 2427.44
37.256 -1037.41 2905.05
-31.826 -452.265 2397.64
137.645 -329.787 2671.65
145.496 -709.001 2747.58
118.064 -0.926356 2464.02
48.1524 -159.111 2607.89
FRAME: 137
16.9144 206.283 2408.54
-158.174 -218.403 2678.23
-6.56805 -1075.41 2790.06
-310.014 -422.49 2687.33
19.7939 -321.601 2738.43
49.2159 -716.351 2677.93
-87.3385 11.1954 2569.01
10.9159 -2.88295 2511.37
144.922 -248.899 2434.27
43.0282 -1040.4 2923.22
-36.7155 -446.999 2427.71
134.987 -338.358 2670.63
136.51 -724.811 2738.81
109.17 -16.9613 2453.73
44.1533 -166.431 2607.95
FRAME: 138
15.0781 201.62 2401.72
-154.319 -213.475 2687.57
-9.33654 -1076.44 2788.98
-295.062 -439.224 2702.99
14.5064 -320.216 2746.79
35.5962 -717.038 2682.64
-85.4846 10.5761 2567.65
9.23086 -8.06924 2507.04
142.454 -257.608 2437.5
45.0225 -1041.53 2925.42
-45.3173 -458.434 2458.28
134.297 -343.996 2669.94
125.792 -732.51 2730.04
103.946 -26.7146 2446.42
41.8162 -170.088 2607.7
FRAME: 139
13.6089 198.963 2392.7
-147.57 -207.868 2695.04
-13.6214 -1079.8 2787.21
-275.012 -436.492 2688.58
11.4913 -319.362 2751.38
29.13 -718.988 2684.46
-83.8783 10.9061 2565.06
9.01174 -10.6685 2502.88
140.721 -265.12 2439.73
51.5246 -1052.97 2922.87
-51.1864 -464.475 2472.18
134.363 -348.111 2668.92
126.208 -741.176 2722.8
101.902 -32.2432 2440.71
40.9696 -172.202 2606.52
FRAME: 140
13.9094 196.689 2387.69
-143.925 -204.194 2700.78
-15.5368 -1081.01 2783.88
-258.812 -437.382 2682.54
7.89257 -316.927 2756.63
21.6791 -718.984 2687.53
-83.9176 11.0338 2564.55
8.48886 -13.0825 2501.13
140.952 -269.217 2442.77
54.5946 -1059.55 2919.78
-39.9457 -456.159 2492.07
133.519 -349.778 2670.36
126.053 -744.976 2717.94
100.895 -37.1989 2437.7
39.5974 -173.218 2607.31
FRAME: 141
12.4201 196.614 2384.47
-136.95 -206.069 2693.46
-19.4244 -1095.44 2786.34
-244.349 -451.609 2665.67
6.83605 -319.164 2753.71
21.9095 -725.61 2696.32
-85.732 13.7482 2561.18
9.48773 -10.3977 2497.75
142.989 -267.681 2441.35
49.7976 -1052.12 2933.25
-28.9785 -455.02 2501.71
132.839 -351.381 2669.52
121.505 -738.274 2714.51
104.707 -34.5436 2434.32
39.6627 -172.835 2604.68
FRAME: 142
13.2891 195.624 2384.12
-138.081 -209.519 2689.72
-12.6903 -1096.38 2789.03
-229.486 -448.137 2661.4
4.82932 -323.829 2749.48
25.2226 -726.986 2694.74
-83.6512 9.58008 2559.71
9.72293 -13.9002 2497.69
143.221 -270.761 2446.14
52.5709 -1054.52 2929.09
47.9074 -450.728 2566.79
130.136 -355.602 2665.94
133.404 -750.016 2721.23
103.097 -37.3805 2435.66
38.6028 -176.808 2602.7
FRAME: 143
13.4232 195.636 2382.52
-139.06 -221.179 2679.65
-9.24011 -1094.57 2795.84
-228.552 -473.775 2660.9
6.37981 -333.195 2729.18
33.3723 -734.437 2697.98
-86.118 3.60236 2552.45
9.59016 -15.0318 2494.58
150.216 -268.158 2452.56
40.092 -1055.8 2912.73
25.4193 -439.946 2567.96
124.952 -356.6 2657.21
139.036 -751.527 2729.28
105.298 -33.666 2436.71
37.6281 -179.965 2593.89
FRAME: 144
14.2311 195.549 2379.25
-135.817 -229.127 2666.88
-5.92698 -1098.78 2803.25
-207.738 -468.107 2640.83
7.70737 -346.194 2714
35.3421 -742.688 2703.8
-85.8751 -1.24788 2543.77
11.9849 -15.1334 2490.9
165.427 -259.237 2470.11
33.7348 -1052.81 2904.93
65.8953 -432.765 2571.91
126.101 -362.955 2650.21
152.084 -747.678 2727.63
109.845 -29.019 2438.03
39.4447 -184.854 2586.5
FRAME: 145
14.9192 196.418 2376.61
-135.337 -233.7 2652.9
-8.89197 -1101.96 2809.68
-209.477 -491.134 2627.46
7.79967 -351.193 2699.88
31.5375 -748.126 2709.95
-85.3023 -3.16458 2533.55
16.1909 -13.119 2486.8
177.603 -251.258 2495.48
35.3585 -1051.86 2894.83
103.474 -436.204 2606.15
127.92 -362.64 2644.96
156.34 -739.382 2731.63
117.684 -23.0734 2440.04
42.0254 -185.018 2579.61
FRAME: 146
15.4469 198.179 2375.11
-137.091 -246.468 2643.06
-9.42321 -1100.43 2815.45
-214.894 -515.327 2613.05
7.12337 -354.019 2689.12
26.675 -752.156 2710.1
-86.3793 -5.36049 2524.58
19.2161 -11.9062 2484.39
188.625 -257.699 2507.81
31.6036 -1054.97 2893.38
111.067 -431.997 2609.61
127.239 -361.286 2643.79
158.754 -735.547 2729.42
124.812 -18.452 2444.19
43.1986 -184.779 2575.42
FRAME: 147
16.7304 199.922 2373.88
-138.013 -244.51 2634.6
-9.67787 -1099.56 2816.4
-217.828 -500.477 2582.16
7.90712 -354.122 2686.3
23.5704 -751.327 2709.5
-85.7255 -4.46402 2518.36
23.1773 -8.66897 2483.3
196.475 -252.803 2517.59
32.5622 -1054.95 2894.4
114.58 -427.445 2605.57
130.073 -358.891 2647.04
159.393 -735.278 2729.55
132.08 -12.8739 2448.23
46.0837 -182.588 2574.98
FRAME: 148
19.4587 203.663 2372.71
-138.139 -239.916 2624.82
-9.80516 -1100 2815.83
-210.23 -471.89 2543.02
7.9754 -353.402 2681.77
19.9407 -749.157 2707.76
-83.8827 -2.37498 2511.27
26.7657 -3.89686 2482.2
204.998 -241.638 2522.34
27.8249 -1054.11 2886.66
108.263 -417.833 2610.55
132.57 -355.16 2649.12
161.463 -734.13 2726.33
137.414 -5.41875 2453.13
48.5193 -179.089 2573.82
FRAME: 149
22.3276 206.153 2371.58
-138.726 -233.891 2611.77
-4.95361 -1096.81 2811.8
-239.277 -504.208 2504.87
5.03306 -352.53 2678.29
4.46689 -746.434 2697.61
-82.5426 2.27226 2505.45
28.5858 1.89346 2481.27
211.943 -228.399 2522.72
13.7478 -1071.41 2862.99
77.2236 -422.12 2580.23
130.212 -352.984 2651.08
151.481 -739.446 2722.37
139.714 1.51465 2457.09
48.1042 -175.432 2572.98
FRAME: 150
27.4676 211.257 2370.66
-139.238 -233.589 2601.09
-8.23951 -1098.87 2811.28
-211.115 -483.848 2516.23
4.67541 -351.247 2675.44
14.5147 -744.994 2698.85
-82.5773 1.93029 2501.07
30.1374 3.39433 2480.49
212.933 -227.75 2525.92
21.1113 -1068.19 2882.12
72.4874 -418.844 2575.71
131.856 -349.572 2652.4
148.964 -739.107 2724.74
142.852 4.85836 2459.92
49.2015 -173.508 2572.21
FRAME: 151
31.6842 214.553 2373.22
-139.921 -233.531 2598.63
-9.92932 -1096.68 2804.6
-218.105 -478.092 2509.83
5.59159 -352.739 2670.8
18.2122 -744.408 2694.19
-80.9441 5.40773 2500.4
30.6746 6.29014 2480.28
214.186 -222.564 2525.79
17.9895 -1056.57 2864.87
45.4742 -405.947 2553
126.211 -351.666 2649.48
148.786 -733.922 2733.53
142.293 7.17255 2460.16
48.2879 -172.956 2570.21
FRAME: 152
35.2721 215.562 2374.8
-138.791 -237.963 2593.53
-9.685 -1091.13 2801.59
-355.631 -508.818 2401.21
13.2566 -356.731 2670.34
20.9541 -744.127 2689.48
-78.6314 2.6897 2497.83
33.3772 5.10332 2480.4
213.865 -221.324 2526.48
25.5748 -1050.59 2894.98
52.2738 -419.261 2539.55
125.801 -354.34 2653.46
145.142 -736.816 2732.97
145.386 7.51693 2462.98
51.453 -175.216 2571.15
FRAME: 153
41.6978 217.866 2376.72
-137.398 -235.571 2592.42
-11.7393 -1098.55 2800.5
-219.212 -480.884 2458.85
13.2231 -355.914 2670.48
25.2051 -749.724 2686.24
-76.2511 3.53439 2498.04
36.0182 5.39924 2481.43
212.677 -221.672 2526.57
24.0373 -1058.35 2886.43
44.7294 -416.903 2543.58
124.444 -354.074 2654.42
145.036 -736.558 2737.22
148.288 7.26408 2464.81
52.426 -174.797 2571.94
FRAME: 154
48.6014 219.176 2379.6
-134.877 -236.986 2588.22
-15.124 -1105.31 2800.17
-205.989 -472.415 2486.71
19.2672 -359.008 2667.88
30.5198 -753.008 2683.13
-74.0969 2.04457 2496.47
39.2618 6.10823 2483.33
211.994 -223.381 2531.53
28.7593 -1063.09 2890.98
41.8974 -415.954 2541.04
126.533 -355.216 2655.72
147.367 -732.664 2736.88
152.621 10.1719 2470.19
56.0809 -175.502 2572.56
FRAME: 155
56.417 218.093 2381.56
-133.544 -234.389 2584.38
-20.3658 -1110.98 2798.2
-194.394 -467.423 2502.48
15.0266 -355.205 2668.04
27.1007 -753.801 2679.97
-67.2724 2.27624 2490.15
43.7299 5.27712 2482.31
210.947 -226.691 2534.58
33.7167 -1082.48 2867.03
49.477 -429.636 2540.89
117.833 -352.411 2660.93
147.507 -731.939 2739
154.732 8.278 2474.46
55.0799 -174.265 2573.39
FRAME: 156
74.1083 211.271 2385.51
-129.249 -237.846 2580.44
-26.6252 -1117.39 2797.69
-186.516 -492.035 2477.12
17.5355 -359.645 2664.55
32.9771 -758.995 2678.86
-63.1402 -0.681718 2488.3
48.6263 4.25955 2486.02
210.979 -225.518 2541.13
33.5013 -1086.42 2850.55
45.6181 -439.685 2534.56
119.054 -355.115 2662.67
144.454 -735.369 2739.37
160.393 9.20082 2483.74
58.4606 -176.56 2574.82
FRAME: 157
90.8369 204.578 2394.51
-119.533 -246.432 2576.51
-22.2996 -1109.9 2792.32
-169.167 -505.271 2492.35
17.4092 -363.326 2662.05
42.4088 -758 2673.74
-56.6415 -4.25875 2487.35
54.0984 1.77207 2492.04
210.778 -225.526 2548.81
27.5185 -1094.12 2836.73
59.1682 -463.865 2543.15
115.88 -357.948 2666.44
137.5 -743.541 2740.88
164.838 7.80289 2496.72
60.3716 -179.432 2578.14
FRAME: 158
103.84 195.146 2402.27
-107.968 -260.698 2582.06
-22.4587 -1105.06 2790.95
-160.287 -516.573 2505.73
19.2283 -367.262 2665.98
54.6677 -757.361 2671.09
-46.8925 -12.4053 2490.07
62.182 -7.56326 2497.87
214.195 -227.933 2562.68
18.8662 -1095.87 2826.08
76.2404 -482.44 2555.52
112.574 -363.087 2673.2
137.7 -747.672 2743.29
171.256 -2.72125 2505.67
64.0415 -186.369 2583.73
FRAME: 159
113.999 185.979 2411.06
-98.7688 -278.498 2584.08
-19.7629 -1110.51 2795.82
-151.956 -515.702 2490.55
23.4003 -374.941 2673.3
61.8553 -764.181 2675.21
-36.2324 -24.8292 2493.74
70.1959 -19.9351 2506.4
218.992 -233.714 2572.81
23.7546 -1107.72 2795.94
85.0954 -501.119 2553.65
108.644 -371.086 2683.93
129.628 -753.163 2743.22
176.624 -15.0411 2519.05
68.1089 -196.474 2592.51
FRAME: 160
122.327 178.349 2415.64
-96.211 -283.467 2583.2
-11.8076 -1108.69 2791.58
-145.988 -516.026 2477.29
21.4303 -381.695 2678.95
69.4147 -768.124 2677.53
-29.2991 -32.7202 2495.84
75.2418 -28.3711 2512.05
227.064 -240.438 2584.94
27.1953 -1092.66 2803.91
106.145 -488.806 2581.54
104.794 -378.477 2692.27
125.787 -753.449 2743.35
179.783 -24.022 2528.26
69.1769 -204.229 2598.83
FRAME: 161
127.358 176.24 2418.19
-95.4788 -286.69 2580.93
-6.37567 -1105.55 2793.74
-151.176 -524.738 2436.05
19.9932 -380.5 2685.52
68.0241 -773.224 2687.8
-23.3395 -36.5849 2496.13
79.1767 -32.1913 2516.08
234.934 -247.299 2599.46
42.9291 -1106.21 2879.31
102.365 -486.934 2580.72
98.8479 -377.256 2701.31
121.452 -761.47 2751
181.693 -27.7978 2536.03
69.2986 -205.535 2604.75
FRAME: 162
132.663 173.861 2420.16
-93.5286 -293.067 2575.7
-14.0332 -1092.22 2791.65
-154.068 -502.392 2387.19
20.6669 -383.535 2683.98
62.1726 -776.828 2693.45
-17.8952 -39.5666 2496.97
83.2879 -34.8977 2519.97
238.647 -248.732 2606.38
40.6186 -1120.48 2846.75
115.216 -480.324 2578.02
98.9852 -379.731 2702.12
119.419 -772.246 2760.23
184.471 -30.2288 2542.98
71.557 -208.265 2606.51
FRAME: 163
138.669 171.94 2420.65
-92.4305 -288.373 2569.37
-10.9165 -1095.44 2794.48
-144.044 -491.824 2346.04
18.42 -386.456 2682.68
61.6618 -775.916 2695.73
-15.5346 -40.8169 2496.78
85.0948 -35.8028 2522.66
240.31 -249.752 2608.68
43.9912 -1116.92 2891.13
114.821 -481.947 2583.51
98.9565 -382.363 2703.6
116.635 -776.407 2758.44
185.724 -30.7886 2548.53
71.8915 -210.106 2607.9
FRAME: 164
144.779 172.656 2423.5
-98.6033 -294.227 2553.83
-12.7857 -1102.14 2790
-188.803 -433.447 2232.37
16.6527 -383.435 2684.54
64.3171 -774.621 2694.67
-12.4118 -38.6456 2499.27
87.2542 -35.0213 2525.1
243.777 -248.056 2614.24
42.6764 -1126.95 2898.97
105.654 -466.149 2566.51
94.9888 -380.57 2704.91
110.214 -781.871 2762.56
186.92 -31.397 2550.92
71.5375 -208.512 2609.91
FRAME: 165
151.109 175.341 2428.24
-100.739 -291.302 2533.69
-22.9104 -1098.46 2795.47
-173.656 -407.994 2189.94
19.048 -378.984 2686.95
64.0533 -769.467 2695.17
-10.6266 -35.6566 2503.54
88.5295 -33.2539 2528.22
246.093 -243.438 2619.8
27.2132 -1118.52 2842.44
104.875 -435.59 2546.39
91.6638 -377.178 2705.1
103.475 -773.754 2755.86
187.686 -30.8512 2552.9
71.9427 -205.668 2612.12
FRAME: 166
155.605 183.347 2437.61
-123.681 -270.11 2511.25
-23.0652 -1111.11 2791.63
-173.886 -369.145 2140.23
20.9764 -373.19 2696.19
61.4296 -766.786 2691.18
-10.3263 -28.8824 2507.95
88.3222 -27.2126 2530.14
251.974 -233.948 2620.33
27.9908 -1120.86 2827.86
95.5634 -426.379 2538.41
92.1833 -372.06 2712.18
106.395 -761.443 2772.86
186.971 -25.5428 2552.32
72.451 -199.919 2617.16
FRAME: 167
159.983 192.299 2445.35
-107.853 -261.406 2499.64
-26.6687 -1104.85 2791.47
-170.336 -312.898 2070
18.9969 -367.558 2697.67
52.9785 -753.398 2687.71
-5.4455 -22.7742 2509.69
92.168 -17.9894 2540.88
249.544 -229.36 2625.92
35.2656 -1117.39 2846.11
109.961 -449.191 2527.25
93.1706 -363.977 2721.34
100.238 -751.303 2764.59
189.781 -13.2046 2572.07
74.1259 -191.878 2625.19
FRAME: 168
172.359 201.318 2460.96
-80.3976 -245.245 2543.74
-31.2497 -1102.01 2795.04
-29.6971 -366.305 2377.19
10.266 -339.779 2716.99
52.8321 -742.742 2687.69
10.1051 -8.11561 2523.22
99.4266 -6.08226 2551.41
241.222 -217.035 2638.4
40.7725 -1102.56 2883.6
109.959 -409.229 2536.31
105.309 -339.025 2744.66
109.107 -738.863 2783.29
188.748 -4.0489 2579.59
78.6071 -172.742 2641.12
FRAME: 169
183.628 214.592 2484.46
-15.1365 -242.689 2603.44
-34.6581 -1091.66 2795.52
6.68758 -448.572 2509.37
17.2612 -345.196 2727.32
55.3682 -735.082 2696.36
21.6464 -11.9185 2528.45
105.974 -2.94439 2566.53
229.38 -199.58 2657.6
44.0619 -1107.19 2874.52
123.546 -398.504 2530.09
112.396 -333.021 2774.43
113.016 -736.153 2794.18
190.301 6.02974 2604.62
85.4011 -171.026 2658.7
FRAME: 170
188.077 218.372 2497.05
-3.60985 -244.95 2607.55
-35.7811 -1087.43 2795.55
20.0195 -492.556 2600.2
18.0937 -349.436 2723.75
52.2565 -733.462 2699.62
30.1319 -8.23129 2533.35
113.784 0.174483 2577.18
226.135 -193.42 2667.63
39.6457 -1075.68 2895.17
136.634 -399.674 2537.89
112.559 -338.711 2776.14
112.843 -734.214 2799.76
197.435 8.58026 2621.01
89.5551 -171.95 2663.56
FRAME: 171
194.722 219.512 2504.32
-8.11862 -245.585 2609.94
-32.7734 -1085.19 2792.22
27.9394 -499.813 2603.04
19.229 -349.056 2724.59
53.8681 -734.085 2699.88
37.3799 -4.20784 2538.99
122.602 1.54395 2584.93
223.996 -200.195 2669.21
41.8185 -1077.11 2904.89
145.163 -404.991 2540.13
107.556 -341.998 2774.64
110.7 -735.511 2804.09
207.823 7.29574 2630.87
92.9972 -171.992 2667.27
FRAME: 172
199.61 221.624 2511.18
-15.0985 -251.32 2595.5
-37.6204 -1079.2 2789.97
49.8756 -482.736 2562.02
13.2929 -349.389 2717.61
53.5861 -726.8 2700.43
50.2489 -4.2167 2538.21
130.562 0.903444 2590.25
220.478 -213.948 2680.32
47.3485 -1076.01 2918.4
159.423 -422.43 2557.92
105.204 -343.029 2777.49
111.045 -734.577 2799.09
210.875 6.02359 2642.29
94.9051 -172.653 2668.9
FRAME: 173
207.615 225.722 2522.38
-15.6272 -250.254 2569.88
-36.9903 -1073.28 2787.42
57.9458 -474.657 2514.34
14.6312 -354.626 2699.17
55.4808 -721.995 2697.73
61.1105 -0.0325088 2536.26
138.424 5.93375 2600.2
220.206 -221.138 2692.82
46.0168 -1081.27 2919.8
159.816 -446.819 2585.17
95.9472 -347.618 2766.25
111.561 -739.978 2799.99
215.738 11.9 2664.15
96.8569 -172.594 2666.46
FRAME: 174
216.303 227.843 2540.33
-6.41062 -244.587 2556.7
-38.4252 -1073.18 2790.37
32.2219 -459.397 2489.84
15.539 -349.237 2696.74
53.3197 -724.064 2694.87
72.9551 1.66207 2536.79
144.749 10.083 2612.46
221.338 -218.713 2729.95
52.7885 -1075.63 2937.66
171.884 -456.751 2601.96
93.5407 -340.059 2777.96
126.573 -739.675 2801.88
216.543 18.5039 2688.13
99.6446 -167.283 2674.9
FRAME: 175
221.558 224.646 2550.18
-5.98059 -243.898 2549.87
-34.0314 -1072.67 2787.96
-25.6157 -470.737 2428.06
14.1738 -344.841 2696.13
57.5796 -727.191 2693.42
74.9157 3.8429 2542.44
148.785 10.7358 2621.5
221.779 -202.952 2779.24
47.1322 -1060.7 2968.74
191.149 -441.333 2653.19
95.1912 -336.741 2783.1
125.332 -729.751 2813.91
222.654 17.6286 2700.56
101.734 -165.028 2680.56
FRAME: 176
226.469 218.763 2568.11
-0.744401 -248.901 2542.32
-34.2976 -1072.74 2786.83
-13.3739 -484.852 2436.76
20.3999 -349.222 2700.78
53.7608 -728.463 2694.86
86.8472 -1.6 2551.61
156.1 5.60579 2638.34
220.796 -211.697 2799.71
46.2723 -1070.82 2950.92
208.921 -449.949 2703.85
93.5914 -341.132 2792.68
130.57 -738.772 2808.43
225.352 12.8116 2725.08
106.548 -169.786 2692.54
FRAME: 177
230.004 215.938 2581.53
-0.525543 -260.435 2548.46
-30.1463 -1082.22 2790.58
-13.9946 -501.996 2494.61
23.3062 -356.105 2707.52
61.0713 -735.358 2691.92
94.0606 -8.38128 2564.13
158.222 -2.14306 2654.45
223.039 -222.79 2826.36
45.1118 -1060.48 2977.43
229.317 -476.832 2793.92
86.6152 -349.722 2796.22
131.635 -744.967 2807.43
222.383 4.09515 2744.77
106.591 -177.528 2703.16
FRAME: 178
234.983 214.289 2599.01
-1.23736 -258.099 2558.67
-23.0152 -1089.02 2799.63
19.0599 -502.914 2498.98
20.71 -355.279 2708.14
69.3029 -739.034 2692.46
101.854 -8.80246 2573.03
163.739 -5.35146 2667.59
212.587 -232.587 2860.28
44.3748 -1061.95 3003.13
229.697 -478.314 2858.27
81.3888 -351.737 2800.68
131 -749.153 2831.2
225.624 -1.90046 2762.14
107.394 -179.43 2711
FRAME: 179
238.774 215.575 2627.57
3.26188 -254.386 2564.55
-21.8523 -1109.91 2801.07
39.0607 -503.173 2506.12
23.9627 -363.428 2705.17
71.1794 -754.529 2696.45
111.338 -9.51436 2583.43
158.886 -3.55907 2689.04
147.843 -156.691 2945.15
47.9037 -1064.95 3006.27
88.0927 -347.112 3051.91
73.1247 -357.286 2813.54
133.124 -752.43 2837.89
206.434 2.39623 2794.65
103.715 -181.958 2724.2
FRAME: 180
239.256 217.387 2646.57
4.80447 -244.429 2557.23
-11.2176 -1117.62 2802.38
63.7832 -502.553 2471.87
30.7097 -366.194 2697.74
82.9945 -765.001 2697.78
118.385 -4.77162 2590.69
153.642 1.41388 2705.98
143.948 -163.673 2950.79
49.1982 -1073.38 3019.72
81.6426 -362.176 3058.61
67.7379 -359.489 2818.05
129.365 -759.227 2872.15
188.9 7.59938 2821.26
101.433 -180.714 2731.93
FRAME: 181
234.062 219.92 2665.59
10.789 -240.646 2545.2
-7.13886 -1118.89 2801.87
99.4559 -469.059 2433.58
35.199 -367.41 2693.13
89.3553 -764.57 2698.13
120.448 -5.97701 2595.69
146.182 0.65555 2715.45
136.435 -169.659 2955.5
46.4005 -1071.2 3019.71
77.3217 -368.767 3058.75
62.8005 -360.041 2820.87
124.733 -753.504 2897.45
171.915 7.28811 2835.2
97.5907 -181.535 2736.22
FRAME: 182
223.482 225.001 2686.34
32.5385 -230.608 2533.06
-5.24895 -1119.26 2801.25
146.916 -435.472 2414.51
39.1545 -368.713 2690.08
94.0152 -765.462 2697.32
124.106 -7.66693 2598.04
144.535 -0.355663 2718.01
127.659 -170.95 2961.95
44.2426 -1080.65 2961.8
79.6413 -377.444 3063.1
61.9223 -360.319 2823.2
123.776 -752.379 2903.61
164.964 6.9556 2837.98
97.5368 -182.436 2737.33
FRAME: 183
212.753 234 2703.24
55.468 -223.671 2527.87
-3.297 -1113.77 2805.08
192.852 -410.487 2390.08
47.7673 -369.549 2689.98
102.354 -767.349 2696.09
129.779 -7.61791 2600.78
143.66 0.97434 2720.93
115.78 -171.463 2963.18
48.372 -1084.13 2940.43
83.7905 -374.467 3068.65
63.5323 -359.654 2825.33
125.266 -751.723 2905.59
157.542 9.56659 2841.08
99.6549 -181.814 2739.29
FRAME: 184
204.811 243.462 2711.03
75.5379 -219.409 2520.57
-4.26306 -1109.56 2805.37
212.373 -391.306 2379.29
55.3538 -370.264 2691.26
113.605 -769.305 2694.71
133.484 -5.13963 2603.37
142.132 4.40171 2723.84
103.864 -169.196 2964.63
58.9292 -1081.85 2961.26
89.3825 -370.288 3073.32
65.2747 -359.296 2827.58
127.068 -751.909 2903.91
150.781 13.943 2844.3
101.223 -180.189 2741.63
FRAME: 185
198.131 252.578 2715.58
87.0271 -216.34 2523.12
-3.4363 -1108.51 2802.77
211.737 -419.363 2428.79
58.6002 -369.416 2692.01
117.409 -770.096 2695.43
134.168 1.58538 2608.05
140.178 10.8703 2727.99
96.1888 -166.142 2967.01
65.5291 -1090.62 2917.66
96.8974 -364.031 3076.32
65.5981 -358.579 2830.37
126.354 -751.239 2907.52
146.189 20.1552 2847.92
101.139 -176.564 2744.59
FRAME: 186
191.223 260.928 2718.17
99.6233 -214.209 2531.17
-3.28356 -1107.32 2800.81
253.359 -376.498 2391.02
65.0392 -368.542 2693.36
118.139 -770.103 2696.62
135.096 8.28723 2610.74
137.866 17.8933 2731.46
87.582 -164.297 2966.81
61.6856 -1083.26 2928.05
105.88 -355.074 3078.47
68.2782 -357.261 2833.7
127.561 -750.787 2909.76
140.635 27.4994 2852.19
102.262 -172.504 2747.5
FRAME: 187
186.59 267.632 2718.87
112.263 -208.482 2533.06
1.2141 -1105.32 2797.85
280.747 -377.744 2396.12
68.0527 -366.605 2694.19
121.079 -767.936 2695.5
133.662 16.0063 2613.2
135.638 25.7181 2733.42
83.9664 -158.748 2971.41
62.2296 -1068.76 2920.6
113.492 -348.966 3087.71
70.4815 -354.908 2837.72
127.608 -747.1 2915.29
137.614 35.4299 2853.63
102.453 -167.519 2749.68
FRAME: 188
179.894 276.058 2718.66
124.881 -203.711 2534.05
4.88745 -1108.07 2794.76
295.226 -360.187 2377.22
73.0605 -363.305 2694.28
123.115 -766.364 2695.43
132.525 23.0523 2614.53
132.793 32.9954 2735.47
79.879 -155.677 2972.45
57.1143 -1063.67 2927.91
122.955 -340.326 3093.25
73.4191 -351.092 2841.54
128.712 -743.209 2920.57
133.061 42.9384 2856.41
103.016 -162.102 2751.69
FRAME: 189
174.383 282.984 2717.31
134.61 -199.061 2531.75
5.57895 -1107.73 2793.55
297.305 -347.347 2370
76.698 -360.449 2691.53
122.654 -764.834 2695.77
130.874 29.8505 2615.9
130.89 39.257 2737.16
71.8911 -151.116 2973.54
60.6097 -1063.43 2938.82
129.964 -335.964 3095.94
76.5833 -348.488 2844.01
129.542 -742.013 2920.77
130.906 48.6635 2858.42
103.765 -157.606 2752.47
FRAME: 190
170.294 289.18 2717.51
142.378 -196.714 2530.48
6.20697 -1105.15 2795.04
300.672 -349.254 2367.98
78.8819 -358.434 2691.22
121.434 -762.716 2696
127.19 35.9292 2613.46
127.369 45.3415 2737.33
68.9682 -149.014 2975.33
63.3256 -1065.38 2943.29
136.88 -329.05 3095.98
79.1087 -346.725 2844.28
129.227 -738.686 2916.49
127.548 54.7538 2861.2
103.182 -153.619 2752.54
FRAME: 191
166.15 294.35 2716.06
142.824 -193.706 2528.41
10.4839 -1103.47 2788.94
296.21 -300.488 2331.75
81.8825 -355.645 2689.6
121.045 -761.574 2695.92
125.668 40.5483 2611.75
125.089 50.3082 2736.73
68.8243 -146.214 2974.84
60.5716 -1063.19 2911.82
142.376 -323.43 3097.86
81.1394 -343.359 2846.08
128.962 -737.16 2921.1
124.509 60.0681 2861.71
103.3 -149.597 2752.29
FRAME: 192
158.499 301.244 2709.43
139.796 -185.546 2513.45
8.85551 -1101.66 2789.39
299.971 -258.816 2289.8
84.9672 -352.57 2686.95
120.109 -759.273 2694.92
121.868 46.8071 2607.12
121.603 57.0692 2734.69
67.8711 -141.3 2973.93
57.3279 -1060.91 2927.82
150.45 -315.882 3082.14
84.6078 -339.618 2847.24
130.438 -735.089 2928.33
121.338 67.3312 2862.25
103.195 -144.512 2750.89
FRAME: 193
148.31 306.915 2694.21
132.822 -184.198 2498.37
11.4827 -1103.53 2783.88
261.102 -180.323 2260.52
87.2154 -351.89 2685.68
121.32 -758.697 2693.29
118.168 49.1444 2599.26
118.761 60.7853 2730.55
67.5485 -138.995 2971.66
57.9044 -1060.35 2928.76
161.097 -308.527 3074.46
87.9244 -337.475 2847.66
130.186 -734.555 2929.68
119.354 72.4263 2861.84
103.165 -141.949 2748.61
FRAME: 194
139.887 309.91 2681.67
117.628 -182.381 2489.76
11.6935 -1105.21 2782.27
243.119 -169.793 2265.71
89.3355 -350.933 2683.92
119.954 -755.509 2692.55
113.915 49.0461 2587.33
116.122 63.1233 2723.1
69.5448 -130.4 2968.34
58.0779 -1059.63 2928.89
167.075 -290.758 3053.06
91.9151 -333.972 2847.21
130.433 -731.991 2930.57
118.329 77.2005 2858.86
103.374 -139.664 2744.33
FRAME: 195
128.738 314.646 2668.74
104.381 -163.983 2480.78
10.7465 -1106.5 2784.09
203.588 -139.471 2243.53
89.4614 -349.054 2682.29
116.805 -751.37 2691.33
106.095 60.2973 2578.78
112.72 76.5585 2712.06
71.6896 -129.809 2961.57
62.2575 -1052.35 2939.46
172.853 -246.294 2987.7
97.5873 -329.058 2845.49
135.955 -726.602 2928.94
119.346 92.8197 2845.34
103.122 -131.249 2737.97
FRAME: 196
122.003 321.09 2652.35
98.1486 -145.505 2469.51
8.723 -1102.45 2782.43
141.11 -98.3441 2202.84
87.3383 -347.511 2681.23
111.625 -746.445 2689.55
98.8449 80.3268 2567.67
112.528 99.7265 2692.67
78.6241 -124.549 2958.86
67.5922 -1047.19 2953.94
175.445 -176.836 2991.39
105.088 -322.335 2842.92
142.297 -716.106 2924.66
126.211 119.126 2817.67
104.371 -117.598 2727.38
FRAME: 197
116.744 325.671 2625.52
85.9682 -144.308 2460.13
9.18421 -1096.8 2777.33
101.273 -108.87 2194.65
86.126 -341.453 2679.47
109.867 -740.088 2688.6
91.6518 88.2142 2560.53
114.738 108.676 2679.54
173.717 8.12397 2892.91
74.803 -1048.11 2977.09
186.499 7.07114 2942.65
115.742 -314.626 2834.28
146.688 -711.744 2922
137.824 129.137 2798.55
107.836 -109.682 2718.21
FRAME: 198
111.383 329.107 2605.21
72.8797 -142.233 2461.96
9.95319 -1088.44 2775.67
63.5591 -109.347 2181.66
83.5846 -334.009 2676.54
108.332 -731.758 2686.19
86.4045 97.2132 2552.15
117.784 118.578 2662.37
338.242 202.955 2701.02
77.1849 -1041.67 2977.57
234.942 378.93 2768.51
124.99 -305.081 2824.55
155.606 -694.13 2888.63
149.163 139.942 2772.59
111.036 -100.484 2706.46
FRAME: 199
108.114 327.823 2585.67
37.4497 -131.864 2479.82
17.9195 -1064.21 2766.21
6.18458 -123.529 2171.32
83.8271 -315.307 2665.36
112.962 -710.892 2675.89
71.3096 107.657 2551.3
118.697 124.837 2652.51
378.854 231.882 2610.07
69.0599 -1048.08 2986.53
270.656 465.959 2625.37
140.321 -293.799 2789.32
153.785 -692.239 2865.09
166.085 142.017 2753.71
115.386 -89.8581 2689.92
FRAME: 200
107.208 324.466 2565.03
8.22044 -120.912 2483.52
14.9959 -1048.88 2763.17
-33.2608 -147.498 2195.48
76.5983 -300.382 2659.13
105.622 -689.646 2665.37
57.0606 110.306 2547.81
115.509 126.666 2634.79
352.681 170.789 2515.52
58.5126 -1045.7 2950.53
274.805 422.706 2492.26
150.674 -278.935 2770.6
162.393 -685.284 2852.08
173.958 143.026 2721.77
114.573 -81.4964 2674.83
FRAME: 201
101.055 320.662 2546.03
-15.8865 -118.713 2484.69
5.14152 -1042.7 2771.11
-76.4635 -187.69 2208.54
58.6871 -290.318 2672.36
85.8837 -679.471 2669.29
36.2605 115.183 2537.66
116.943 129.852 2597.64
337.753 116.626 2492.65
69.4539 -1041.76 2957.66
256.168 334.132 2350.43
159.343 -271.811 2746.96
174.506 -680.505 2834.41
197.626 144.52 2657.62
112.979 -75.6062 2653.65
FRAME: 202
90.2768 296.861 2507.34
-55.1144 -154.234 2518.43
3.58948 -1039.54 2778.8
-162.392 -288.85 2290.42
45.1983 -295.664 2680.48
82.9306 -680.653 2673.08
0.155914 97.0249 2538.5
100.079 110.729 2583.87
259.11 -39.4534 2438.1
56.1035 -1043.14 2908.99
207.916 87.4074 2196.09
153.924 -280.428 2729.79
174.524 -682.327 2819.63
200.002 124.433 2629.24
99.8201 -88.6586 2644.5
FRAME: 203
79.7874 275.955 2481.13
-71.227 -195.378 2531.8
6.57257 -1040.81 2795.48
-228.873 -412.238 2391.13
40.9852 -301.762 2696.87
82.9059 -685.236 2686.87
-18.4275 56.7194 2532.56
82.0437 65.3625 2540.86
220.326 -146.414 2468.06
64.5454 -1039.35 2894.46
147.111 -97.5531 2245.38
157.602 -291.316 2707.05
184.658 -685.195 2793.91
182.515 74.0057 2549.16
90.6685 -115.588 2621.41
FRAME: 204
72.8842 255.23 2459.64
-88.7429 -207.721 2554.79
13.9948 -1049.04 2797.23
-233.855 -438.931 2457.54
43.3708 -311.169 2699.21
86.9014 -696.125 2689.86
-31.5408 38.2773 2532.12
73.6515 46.0564 2530.27
208.739 -176.342 2455.87
72.6126 -1034.31 2905.75
70.544 -345.808 2269.47
161.819 -302.134 2697.56
179.085 -687.266 2784.14
178.844 53.8355 2528.41
88.1232 -130.298 2614.33
FRAME: 205
68.52 235.703 2442.3
-103.775 -220.07 2577.86
19.2943 -1053.67 2793.45
-259.939 -472.473 2491.55
41.2432 -319.878 2711.37
86.0962 -702.703 2690.34
-37.8533 22.7935 2532.75
69.1058 27.9951 2522.31
202.447 -203.885 2454.2
81.5061 -1035.64 2920.51
55.2384 -400.148 2315.73
165.909 -313.578 2699.52
176.537 -691.716 2781.77
176.065 33.1967 2511.87
86.3408 -144.366 2613.88
FRAME: 206
67.2259 220.147 2426.15
-112.519 -231.714 2588.38
22.0356 -1057.17 2792.74
-259.951 -487.672 2535.21
40.4601 -324.504 2720.71
86.3007 -705.605 2691.29
-40.0458 6.2688 2531.07
69.5544 6.7353 2512.96
193.988 -240.552 2455.79
84.0661 -1040.55 2927.52
35.0214 -441.413 2378.97
166.444 -323.853 2699.99
175.806 -700.571 2777.39
179.155 7.2018 2494.85
86.5033 -158.722 2611.65
FRAME: 207
64.9006 208.135 2411.57
-119.639 -233.216 2598.57
24.3666 -1057.69 2793.57
-255.465 -494.714 2565.52
39.2532 -325.625 2725.36
85.2647 -705.777 2689.19
-42.0189 0.56914 2528.07
66.1468 -3.77498 2503.47
191.83 -249.661 2453.74
81.663 -1040.95 2941.99
34.0822 -450.747 2421.15
161.467 -330.581 2697.41
164.015 -715.487 2757.72
174.313 -8.1191 2478.88
83.2536 -165.939 2607.43
FRAME: 208
60.442 198.144 2396.55
-124.112 -234.037 2607.57
25.8037 -1063.3 2793.41
-251.518 -499.691 2578.5
37.625 -326.307 2730.32
82.7337 -710.028 2685.16
-42.9099 -1.88528 2528.15
61.0375 -11.8862 2495.54
190.944 -254.969 2453.93
84.757 -1040.62 2948.81
24.0438 -459.056 2462.69
157.772 -337.958 2692.47
160.066 -728.118 2756.18
164.985 -21.887 2462.92
79.368 -172.009 2603.47
FRAME: 209
53.8907 192.549 2379.72
-124.782 -227.65 2616.52
24.0398 -1061.53 2786.21
-223.916 -497.98 2621.49
34.115 -325.155 2733.41
80.1806 -711.785 2677.16
-43.4322 1.65032 2526.79
55.9446 -16.0872 2484.46
190.596 -261.787 2449.43
87.3528 -1036.77 2961.09
7.35906 -447.966 2480.14
153.814 -346.575 2682.29
158.287 -732.084 2758.77
155.321 -33.8246 2442.13
74.9547 -175.976 2596.15
FRAME: 210
50.1728 190.627 2369.39
-123.618 -222.487 2619.5
22.4001 -1056.49 2782.99
-207.619 -492.364 2631.6
31.7493 -322.804 2732.98
75.0888 -712.391 2675.14
-44.9501 4.37914 2521.81
51.3323 -18.2585 2473.49
188.893 -267.177 2450.14
95.2755 -1032.15 2960.93
-5.72837 -444.484 2508.92
151.318 -351.047 2672.8
161.357 -730.709 2758.86
147.615 -40.8962 2425.16
71.4328 -177.592 2588.19
FRAME: 211
47.9505 191.693 2364.17
-120.816 -218.667 2621.01
18.9185 -1060.2 2781.67
-192.515 -490.339 2630.23
28.8676 -319.337 2729.97
68.7707 -713.558 2676.6
-44.6145 6.76273 2515.17
49.7642 -17.0727 2466.56
188.115 -263.655 2444.36
99.8867 -1028.76 2952.89
6.84333 -437.802 2520.26
149.468 -349.959 2667.69
160.084 -725.61 2749.4
144.143 -40.908 2417.95
69.4659 -175.86 2582.7
FRAME: 212
46.4067 194.574 2359.89
-118.964 -215.147 2625.63
17.553 -1062.92 2782.5
-190.153 -488.374 2625.82
24.7539 -314.711 2730.01
68.8402 -715.106 2676.47
-45.2808 9.33806 2514.33
48.97 -15.7333 2465.2
186.971 -261.461 2441.66
100.962 -1030.41 2943.77
6.10668 -424.392 2528.19
148.014 -347.612 2665.64
162.295 -721.403 2755.46
143.221 -40.8047 2416.07
67.677 -173.447 2581.51
FRAME: 213
45.3372 196.908 2356.12
-118.261 -211.82 2626.8
17.2529 -1065.6 2787.93
-174.263 -476.973 2601.12
24.882 -314.187 2722.66
67.7236 -719.508 2681.63
-48.411 10.1431 2510.26
47.3181 -13.2771 2461.92
188.02 -262.207 2440.34
99.0552 -1022.72 2943.28
-4.13797 -414.399 2540.1
147.405 -344.302 2660.65
165.308 -715.965 2754.84
143.047 -36.6972 2413.58
66.7308 -171.261 2576.79
FRAME: 214
43.485 202.687 2349.93
-119.078 -213.893 2624.2
17.8004 -1062.08 2790.63
-171.257 -464.919 2593.41
25.2829 -319.367 2713.27
57.0216 -721.309 2685.85
-51.0753 10.3764 2506.3
45.9415 -9.98988 2459.37
192.92 -256.286 2442.13
95.0556 -1019.65 2936.01
9.82364 -413.31 2556.29
148.423 -345.393 2653.5
163.28 -715.24 2754.77
142.958 -30.3562 2412.43
66.3972 -171.185 2571.38
FRAME: 215
42.7136 207.509 2346.18
-118.447 -215.176 2623.11
19.1182 -1057.65 2796.07
-161.339 -466.526 2569.06
26.1746 -323.957 2702.43
57.3327 -723.688 2689.98
-55.8835 11.7211 2501.71
43.797 -4.97312 2457.04
196.029 -246.127 2447.9
93.8657 -1018.92 2928.46
12.6123 -413.191 2537.54
147.25 -344.604 2647.88
165.271 -709.079 2761.94
143.478 -21.6673 2412.36
65.2547 -169.627 2566.1
FRAME: 216
43.5045 212.035 2344.59
-119.936 -219.586 2615.56
19.7809 -1064.46 2807.45
-169.433 -472.607 2544.24
21.1795 -330.996 2686.41
48.2211 -729.721 2700.23
-61.3446 9.69844 2494.77
42.4477 -0.312869 2456.3
203.606 -236.381 2460.33
93.2736 -1020.41 2916.92
49.1005 -390.936 2566.65
151.994 -343.601 2638.03
163.121 -712.674 2746.84
146.24 -10.3242 2417.82
64.5172 -168.806 2559.26
FRAME: 217
43.6945 218.724 2343.36
-115.993 -217.379 2608.28
19.2953 -1068.26 2811.3
-144.739 -466.441 2535.27
16.1389 -334.879 2674.66
44.9232 -731.641 2704.52
-66.7665 11.8532 2487.59
40.5926 6.22356 2454.64
214.032 -219.751 2478.87
93.5137 -1019.21 2914.7
52.7824 -377.062 2553.34
151.489 -341.957 2633.23
163.923 -711.845 2751.72
147.952 0.593967 2421.68
62.2033 -166.097 2554.29
FRAME: 218
45.0052 219.158 2344.85
-111.848 -222.52 2596.16
19.1176 -1068.88 2814.82
-138.058 -474.432 2523.31
15.7701 -340.565 2666.06
43.1007 -731.593 2708.05
-68.8878 8.23799 2483.49
40.1503 5.21055 2453.61
210.918 -221.064 2495.04
91.59 -1015.17 2916.36
45.607 -385.787 2532.01
151.67 -344.309 2628.93
160.031 -715.694 2742.73
149.188 2.1831 2423.72
61.9353 -168.613 2550.55
FRAME: 219
46.3707 219.181 2345.91
-108.636 -226.054 2588.4
16.9459 -1068.63 2815.46
-130.411 -488.025 2510.14
15.3709 -343.218 2661.96
41.9757 -733.563 2707.45
-70.0619 9.79254 2480.39
40.7563 8.40824 2453.15
207.063 -222.722 2490.12
90.9097 -1009.55 2919.97
41.1243 -385.948 2539.78
152.001 -344.924 2628.44
159.912 -712.945 2739.41
151.575 7.02394 2425.91
62.2211 -167.831 2549.18
FRAME: 220
48.2029 222.134 2347.44
-105.513 -228.462 2581.38
16.3013 -1070.23 2815.83
-121.994 -485.038 2497.53
15.3112 -345.302 2658.77
41.8399 -733.242 2707.46
-69.5692 10.7429 2478.76
42.9004 10.7222 2454.51
204.145 -222.366 2493.46
90.7434 -1010.93 2919.65
39.5723 -398.198 2542.18
152.339 -345.291 2629.32
160.344 -711.706 2739.11
155.37 10.7016 2430.27
63.3626 -167.287 2549.28
FRAME: 221
51.4356 225.668 2349.8
-104.686 -233.056 2572.33
15.3477 -1066.73 2815.42
-101.838 -494.746 2513.48
13.187 -343.514 2657.11
38.6826 -725.912 2705.31
-70.3364 12.0461 2474.68
44.6725 12.85 2454.6
205.257 -217.147 2498.83
89.5024 -1017.39 2920.02
35.824 -396.773 2537.79
147.803 -342.46 2633.67
159.189 -711.296 2743.03
159.681 13.6539 2434.51
62.5838 -165.069 2549.99
FRAME: 222
53.5659 227.772 2352.49
-104.982 -234.718 2562.96
14.3082 -1067.15 2816.53
-91.6737 -493.133 2509.27
12.3104 -342.292 2655.28
36.7779 -726.301 2705.44
-69.5975 12.5083 2473.2
46.1309 14.0887 2455.01
206.704 -211.305 2512.66
89.3875 -1019.67 2915.78
44.199 -400.878 2545.23
149.184 -340.372 2633.77
159.088 -711.523 2739.75
161.859 15.669 2436.81
63.439 -163.622 2549.76
FRAME: 223
55.926 230.458 2355.42
-105.645 -234.606 2559.96
12.9316 -1064.34 2813.79
-83.7386 -487.796 2499.59
8.57744 -339.165 2653.9
33.5797 -722.817 2703.61
-69.8558 14.1195 2470.46
47.4706 17.1422 2457.61
207.486 -208.034 2521.75
88.9913 -1021.44 2911.61
41.2882 -402.246 2538.47
145.949 -335.473 2639.02
163.665 -702.982 2737.46
164.797 20.1649 2444.75
62.367 -160.088 2552.03
FRAME: 224
57.5522 233.639 2359.21
-106.419 -233.497 2555.45
11.4862 -1060.13 2810.81
-68.577 -475.842 2488.02
8.11005 -334.413 2649.51
33.5226 -718.047 2700.33
-69.2003 16.4304 2467.35
47.8534 21.3337 2459.07
208.159 -204.205 2529.27
89.5286 -1025.21 2912.71
46.9493 -400.342 2548.15
143.11 -328.592 2640.14
163.438 -701.087 2743.25
164.907 26.2371 2450.79
61.7317 -155.084 2551.95
FRAME: 225
58.4941 239.079 2366.84
-106.227 -230.775 2553.78
8.85997 -1055.66 2807.21
-37.6197 -480.066 2488.94
6.7576 -317.15 2645.24
23.6291 -705.23 2694.21
-69.2446 19.1609 2465.52
48.0414 25.8313 2463.83
213.71 -199.545 2551.57
90.5059 -1028.37 2910.27
60.0666 -413.865 2545.25
133.205 -309.641 2643.82
167.691 -694.995 2735.31
165.327 32.5018 2462.14
59.0113 -143.782 2554.18
FRAME: 226
57.9412 244.409 2377.14
-107.723 -228.514 2555.53
3.68751 -1056.56 2807.11
-28.8738 -481.285 2478.47
6.88123 -303.776 2647.6
16.4889 -698.001 2690.21
-68.5442 22.3443 2466.22
47.8306 28.8592 2468.69
212.309 -192.747 2571.52
89.6132 -1030.06 2910.7
60.5796 -424.347 2538.55
118.21 -297.382 2649.99
170.103 -690.009 2730.1
164.205 35.3741 2471.16
55.1882 -135.86 2558.74
FRAME: 227
56.1637 249.384 2384.49
-108.219 -225.429 2550.42
-0.946908 -1052.25 2805.29
-17.6812 -484.643 2475.19
6.55745 -304.897 2648.83
8.75365 -693.659 2688.07
-68.3487 24.017 2464.4
47.4763 31.8981 2471.89
211.737 -189.225 2577.23
89.4752 -1032.36 2910.1
81.9341 -422.09 2541.67
110.674 -297.594 2655.78
170.337 -685.179 2723.69
163.301 39.7792 2479.39
53.046 -134.674 2562.1
FRAME: 228
54.4697 250.717 2392.53
-108.477 -225.953 2546.8
-5.79563 -1049.86 2801.74
-13.8007 -455.176 2476.85
1.0112 -306.114 2652.33
1.50932 -692.37 2687.81
-66.6818 24.8795 2466.07
47.7688 32.8315 2476.46
206.328 -191.101 2583.31
86.492 -1031.42 2902.49
82.1287 -418.099 2546.8
107.831 -298.421 2662.31
166.341 -676.761 2715.7
162.219 40.7834 2486.86
51.0949 -134.718 2566.89
FRAME: 229
53.0787 252.875 2399.67
-108.8 -227.834 2547.42
-10.8806 -1046.16 2802.99
-20.738 -475.751 2467.05
-0.846379 -313.138 2650.16
-0.122661 -696.583 2689.77
-66.0676 23.0432 2466.85
47.126 33.5133 2481.88
201.595 -189.746 2591.56
84.2364 -1021.5 2893.96
75.6998 -423.498 2535.13
110.376 -302.19 2665.65
167.621 -674.289 2710.66
160.32 43.9835 2496.91
50.9453 -137.075 2569.89
FRAME: 230
52.7269 254.106 2406.13
-109.279 -228.767 2543.11
-11.3582 -1041.63 2800.89
-30.3146 -475.396 2481.48
-3.30587 -320.271 2643.1
-3.35061 -694.994 2689.11
-64.5601 21.2451 2466.03
46.7599 33.8535 2486.56
196.702 -191.343 2606.78
86.4771 -1022.97 2898.03
84.3534 -445.009 2509.94
112.531 -306.572 2665.18
167.616 -675.604 2707.23
158.08 46.462 2507.08
50.6863 -139.784 2570.35
FRAME: 231
52.5788 255.306 2413.05
-107.075 -230.756 2536.29
-11.8059 -1045.83 2800.55
-10.8308 -471.978 2472.12
-11.5298 -326.112 2639.52
-4.50244 -699.621 2686.62
-63.51 20.4151 2468.49
46.9595 33.5957 2493.09
197.291 -188.637 2620.7
88.253 -1025.18 2900.57
82.5299 -424.6 2501.55
116.288 -310.782 2668.23
167.371 -675.947 2706.84
157.429 46.7762 2517.69
49.6694 -142.426 2573.48
FRAME: 232
52.8781 257.619 2423.44
-104.067 -235.629 2533.67
-13.183 -1044.45 2802.07
2.55811 -478.863 2455.53
-14.3121 -331.917 2639.37
-5.4258 -700.167 2688.34
-61.6652 17.8206 2466.41
46.8008 33.1364 2496.82
189.568 -188.915 2637.37
89.2325 -1023.17 2894.27
86.935 -424.462 2501.73
116.553 -313.251 2676.6
168.589 -675.129 2701.02
155.267 48.4522 2527.22
48.9606 -144.724 2577.4
FRAME: 233
51.7918 259.972 2436.21
-100.167 -236.53 2528.45
-12.803 -1049.77 2803.04
5.59222 -500.376 2453.82
-12.518 -339.67 2643.44
-9.52651 -712.06 2689.48
-60.1489 15.0137 2468.53
45.3223 32.9832 2503.03
179.12 -186.868 2653.98
90.1709 -1016.03 2886.62
98.3493 -390 2572.29
117.581 -317.483 2686.09
167.031 -668.248 2697.38
150.793 50.9528 2537.53
48.927 -147.796 2583.9
FRAME: 234
51.3526 261.018 2443.8
-95.6494 -235.254 2532.68
-14.3637 -1045.99 2805.46
24.8451 -513.876 2456.75
-9.47189 -338.341 2644.16
-17.2671 -707.031 2686.52
-58.5735 12.9198 2468.82
44.0316 33.3283 2509.77
170.976 -184.704 2672.68
98.1981 -1018.2 2874.29
102.987 -376.211 2625.79
112.893 -313.79 2693.47
166.074 -667.195 2693.05
146.637 53.7369 2550.72
47.871 -146.369 2589.3
FRAME: 235
49.7404 263.863 2455.33
-92.6546 -233.896 2530.8
-12.6571 -1048.52 2801.54
40.4686 -513.442 2463.84
-5.14091 -345.373 2641.54
-17.8101 -714.235 2681.14
-57.2135 14.4499 2476.14
44.1083 33.8155 2517.24
167.311 -191.05 2674.85
101.891 -1014.45 2862.43
102.155 -382.91 2616.53
112.102 -322.622 2689.73
164.603 -665.997 2693.11
145.43 53.1812 2558.35
48.7944 -150.091 2591.44
FRAME: 236
49.5935 264.977 2464.55
-88.7063 -233.871 2529.33
-12.3 -1049.27 2802.06
2.91728 -488.715 2422.21
-5.88674 -343.965 2640.57
-20.5619 -713.477 2681.15
-53.4715 16.2793 2479.25
45.092 36.2778 2524.65
164.772 -187.493 2680.1
105.708 -1014.52 2855.16
116.325 -382.064 2629.5
112.466 -319.774 2695.42
165.354 -665.113 2685.88
143.655 56.2763 2570.05
49.1907 -147.796 2596.32
FRAME: 237
49.8144 269.527 2474.72
-87.268 -231.692 2533.48
-8.5695 -1052.88 2800.15
-5.50439 -485.144 2451.87
-2.46198 -347.278 2635.84
-18.4838 -713.696 2678.28
-53.5269 20.9724 2486.1
44.2632 39.5618 2530.12
165.007 -187.588 2678.4
102.775 -1008.16 2846.81
123.577 -383.826 2617.42
113.189 -325.033 2688.61
161.722 -658.538 2683.3
142.053 58.1513 2574.14
49.8133 -148.297 2596.17
FRAME: 238
49.056 272.199 2484.71
-84.9562 -228.99 2533.94
-6.60161 -1059.78 2800.06
8.10425 -507.511 2472.72
-0.77002 -350.134 2636.11
-14.7025 -719.366 2676.8
-53.3965 21.7123 2491.54
42.5374 39.895 2537.14
162.248 -186.947 2682.83
103.07 -1004.85 2840.87
115.473 -381.504 2585.27
108.745 -329.063 2688.88
161.138 -658.479 2679.24
138.471 58.0777 2582.74
48.2626 -149.852 2599.82
FRAME: 239
48.8017 274.011 2491.87
-82.8503 -226.484 2533.32
-5.3374 -1059.79 2795
27.7466 -452.143 2436.16
0.369682 -351.541 2634.15
-12.9433 -721.381 2674.01
-53.3818 23.5445 2497.95
41.4478 40.8058 2545.54
161.305 -185.474 2688.26
102.864 -1002.65 2843.85
100.766 -382.69 2558.98
104.893 -332.262 2687.08
161.145 -658.512 2678.75
136.277 58.0672 2593.12
47.0395 -150.548 2603.08
FRAME: 240
49.4553 275.656 2502.24
-82.6892 -224.433 2532.08
-2.4646 -1063.81 2793.41
36.6289 -463.668 2439.59
-0.0671536 -352.784 2629.54
-10.7811 -723.609 2669.76
-54.2384 26.9333 2502.99
39.0547 44.3481 2556.44
134.394 -164.804 2735.07
103.43 -1002.63 2847.21
119.366 -377.386 2608.12
103.782 -333.248 2689.16
162.634 -657.517 2679.64
132.348 61.7629 2609.89
45.4561 -149.334 2607.89
FRAME: 241
49.9587 277.824 2511.93
-82.8547 -211.881 2534.37
-0.0179101 -1058.02 2784.75
39.2917 -455.371 2464.52
-8.65301 -348.652 2625.58
-9.02786 -719.614 2660.12
-50.6079 42.01 2511.64
40.9337 56.5641 2567.28
130.228 -162.207 2747.92
101.498 -1006.27 2853.11
126.061 -385.619 2603.92
103.203 -330.81 2693.62
163.214 -661.183 2683.25
132.475 71.1181 2622.92
44.1044 -141.583 2613.44
FRAME: 242
51.1832 279.788 2522.3
-82.8519 -199.085 2527.11
-2.52693 -1040.23 2775.78
42.2994 -427.323 2430.41
-2.61354 -345.838 2622.48
-9.5081 -701.757 2648.45
-50.3334 48.396 2516.03
38.2605 63.1705 2577.99
131.789 -160.738 2751.03
106.027 -1009.45 2849.36
126.472 -378.832 2600.52
100.52 -328.663 2694.08
163.285 -662.39 2684.1
126.854 77.945 2639.94
43.6069 -137.04 2618.13
FRAME: 243
51.8164 280.671 2528.73
-79.6079 -199.682 2525.26
-4.36022 -1038.73 2779.88
50.5951 -439.761 2458.87
0.60724 -344.882 2623.59
-11.0181 -704.409 2650.94
-47.7372 48.676 2516.67
39.7792 63.8433 2581.45
130.049 -157.575 2754.71
110.071 -1006.98 2843.73
86.7248 -419.435 2541.77
101.035 -327.41 2697.63
166.493 -661.805 2681.33
127.296 79.0105 2646.24
45.3001 -136.151 2621.03
FRAME: 244
52.2303 282.357 2533.11
-76.2308 -202.517 2522.81
-4.81562 -1038.05 2780.32
33.607 -428.468 2471.9
0.542657 -341.74 2624.17
-10.7561 -703.594 2650.51
-44.6234 50.1275 2520.98
40.6759 65.1287 2584.15
127.662 -155.027 2759.79
112.851 -1008.54 2841.79
117.028 -388.324 2595.35
104.809 -323.46 2700.99
167.812 -662.37 2682.81
125.975 80.1299 2647.31
46.6759 -133.736 2623.36
FRAME: 245
53.2412 284.828 2537.47
-68.1377 -207.777 2522.04
-6.56413 -1034.65 2781.46
50.2595 -438.195 2449.96
4.88533 -341.306 2626.79
-11.6012 -700.05 2649.15
-41.5535 50.1854 2522.19
41.1237 66.2 2587.12
122.454 -148.9 2770.56
115.384 -1008.63 2840.48
121.222 -393.425 2585.38
106.594 -321.538 2706.74
169.147 -662.032 2681.52
123.801 82.2145 2652.04
48.4316 -132.611 2626.94
FRAME: 246
54.5668 286.531 2540.26
-68.4647 -208.682 2524.25
-5.53068 -1036.41 2781.49
46.3094 -442.392 2469.77
6.56336 -344.861 2627.28
-11.0007 -699.846 2648.48
-39.6222 52.0795 2524.04
42.3792 68.2203 2594.33
124.025 -149.115 2778.13
116.923 -1011.56 2843.33
137.974 -382.857 2610.87
107.195 -324.823 2713.62
169.683 -662.284 2683.73
124.381 84.3611 2664.62
49.6293 -133.311 2632.39
FRAME: 247
56.8154 289.522 2546.27
-66.7134 -210.543 2525.63
-5.46096 -1033.93 2780.14
46.445 -465.505 2452.35
8.29267 -343.909 2628.4
-11.2901 -696.769 2646.83
-39.9982 49.7393 2525.73
41.7099 66.5668 2598.59
132.871 -149.762 2772.94
117.302 -1012.56 2846.1
143.415 -371.518 2621.63
108.381 -323.013 2717.66
170.013 -663.048 2686.02
123.418 83.3943 2671.45
50.0235 -133.447 2635.81
FRAME: 248
61.2636 291.92 2553.36
-63.5182 -208.262 2531.67
-7.02242 -1035.99 2781.77
51.5699 -467.923 2450.75
6.11769 -342.67 2631.13
-12.2387 -699.75 2651.19
-37.3598 52.0205 2532.64
43.4161 68.2306 2600.57
144.417 -153.934 2770.83
117.614 -1015.58 2848.14
144.888 -384.11 2612.14
113.558 -320.778 2721.91
169.986 -668.295 2692.05
124.192 84.4407 2668.49
51.627 -131.747 2638.54

