FRAME: 0
0 0 0
0 0 0
0 0 0
0 0 0
0 0 0
0 0 0
0 0 0
0 0 0
0 0 0
0 0 0
0 0 0
0 0 0
0 0 0
0 0 0
0 0 0
FRAME: 1
0 0 0
0 0 0
0 0 0
0 0 0
0 0 0
0 0 0
0 0 0
0 0 0
0 0 0
0 0 0
0 0 0
0 0 0
0 0 0
0 0 0
0 0 0
FRAME: 2
0 0 0
0 0 0
0 0 0
0 0 0
0 0 0
0 0 0
0 0 0
0 0 0
0 0 0
0 0 0
0 0 0
0 0 0
0 0 0
0 0 0
0 0 0
FRAME: 3
0 0 0
0 0 0
0 0 0
0 0 0
0 0 0
0 0 0
0 0 0
0 0 0
0 0 0
0 0 0
0 0 0
0 0 0
0 0 0
0 0 0
0 0 0
FRAME: 4
0 0 0
0 0 0
0 0 0
0 0 0
0 0 0
0 0 0
0 0 0
0 0 0
0 0 0
0 0 0
0 0 0
0 0 0
0 0 0
0 0 0
0 0 0
FRAME: 5
0 0 0
0 0 0
0 0 0
0 0 0
0 0 0
0 0 0
0 0 0
0 0 0
0 0 0
0 0 0
0 0 0
0 0 0
0 0 0
0 0 0
0 0 0
FRAME: 6
0 0 0
0 0 0
0 0 0
0 0 0
0 0 0
0 0 0
0 0 0
0 0 0
0 0 0
0 0 0
0 0 0
0 0 0
0 0 0
0 0 0
0 0 0
FRAME: 7
0 0 0
0 0 0
0 0 0
0 0 0
0 0 0
0 0 0
0 0 0
0 0 0
0 0 0
0 0 0
0 0 0
0 0 0
0 0 0
0 0 0
0 0 0
FRAME: 8
0 0 0
0 0 0
0 0 0
0 0 0
0 0 0
0 0 0
0 0 0
0 0 0
0 0 0
0 0 0
0 0 0
0 0 0
0 0 0
0 0 0
0 0 0
FRAME: 9
0 0 0
0 0 0
0 0 0
0 0 0
0 0 0
0 0 0
0 0 0
0 0 0
0 0 0
0 0 0
0 0 0
0 0 0
0 0 0
0 0 0
0 0 0
FRAME: 10
0 0 0
0 0 0
0 0 0
0 0 0
0 0 0
0 0 0
0 0 0
0 0 0
0 0 0
0 0 0
0 0 0
0 0 0
0 0 0
0 0 0
0 0 0
FRAME: 11
0 0 0
0 0 0
0 0 0
0 0 0
0 0 0
0 0 0
0 0 0
0 0 0
0 0 0
0 0 0
0 0 0
0 0 0
0 0 0
0 0 0
0 0 0
FRAME: 12
0 0 0
0 0 0
0 0 0
0 0 0
0 0 0
0 0 0
0 0 0
0 0 0
0 0 0
0 0 0
0 0 0
0 0 0
0 0 0
0 0 0
0 0 0
FRAME: 13
0 0 0
0 0 0
0 0 0
0 0 0
0 0 0
0 0 0
0 0 0
0 0 0
0 0 0
0 0 0
0 0 0
0 0 0
0 0 0
0 0 0
0 0 0
FRAME: 14
0 0 0
0 0 0
0 0 0
0 0 0
0 0 0
0 0 0
0 0 0
0 0 0
0 0 0
0 0 0
0 0 0
0 0 0
0 0 0
0 0 0
0 0 0
FRAME: 15
0 0 0
0 0 0
0 0 0
0 0 0
0 0 0
0 0 0
0 0 0
0 0 0
0 0 0
0 0 0
0 0 0
0 0 0
0 0 0
0 0 0
0 0 0
FRAME: 16
0 0 0
0 0 0
0 0 0
0 0 0
0 0 0
0 0 0
0 0 0
0 0 0
0 0 0
0 0 0
0 0 0
0 0 0
0 0 0
0 0 0
0 0 0
FRAME: 17
0 0 0
0 0 0
0 0 0
0 0 0
0 0 0
0 0 0
0 0 0
0 0 0
0 0 0
0 0 0
0 0 0
0 0 0
0 0 0
0 0 0
0 0 0
FRAME: 18
0 0 0
0 0 0
0 0 0
0 0 0
0 0 0
0 0 0
0 0 0
0 0 0
0 0 0
0 0 0
0 0 0
0 0 0
0 0 0
0 0 0
0 0 0
FRAME: 19
0 0 0
0 0 0
0 0 0
0 0 0
0 0 0
0 0 0
0 0 0
0 0 0
0 0 0
0 0 0
0 0 0
0 0 0
0 0 0
0 0 0
0 0 0
FRAME: 20
0 0 0
0 0 0
0 0 0
0 0 0
0 0 0
0 0 0
0 0 0
0 0 0
0 0 0
0 0 0
0 0 0
0 0 0
0 0 0
0 0 0
0 0 0
FRAME: 21
0 0 0
0 0 0
0 0 0
0 0 0
0 0 0
0 0 0
0 0 0
0 0 0
0 0 0
0 0 0
0 0 0
0 0 0
0 0 0
0 0 0
0 0 0
FRAME: 22
0 0 0
0 0 0
0 0 0
0 0 0
0 0 0
0 0 0
0 0 0
0 0 0
0 0 0
0 0 0
0 0 0
0 0 0
0 0 0
0 0 0
0 0 0
FRAME: 23
0 0 0
0 0 0
0 0 0
0 0 0
0 0 0
0 0 0
0 0 0
0 0 0
0 0 0
0 0 0
0 0 0
0 0 0
0 0 0
0 0 0
0 0 0
FRAME: 24
0 0 0
0 0 0
0 0 0
0 0 0
0 0 0
0 0 0
0 0 0
0 0 0
0 0 0
0 0 0
0 0 0
0 0 0
0 0 0
0 0 0
0 0 0
FRAME: 25
0 0 0
0 0 0
0 0 0
0 0 0
0 0 0
0 0 0
0 0 0
0 0 0
0 0 0
0 0 0
0 0 0
0 0 0
0 0 0
0 0 0
0 0 0
FRAME: 26
0 0 0
0 0 0
0 0 0
0 0 0
0 0 0
0 0 0
0 0 0
0 0 0
0 0 0
0 0 0
0 0 0
0 0 0
0 0 0
0 0 0
0 0 0
FRAME: 27
0 0 0
0 0 0
0 0 0
0 0 0
0 0 0
0 0 0
0 0 0
0 0 0
0 0 0
0 0 0
0 0 0
0 0 0
0 0 0
0 0 0
0 0 0
FRAME: 28
0 0 0
0 0 0
0 0 0
0 0 0
0 0 0
0 0 0
0 0 0
0 0 0
0 0 0
0 0 0
0 0 0
0 0 0
0 0 0
0 0 0
0 0 0
FRAME: 29
0 0 0
0 0 0
0 0 0
0 0 0
0 0 0
0 0 0
0 0 0
0 0 0
0 0 0
0 0 0
0 0 0
0 0 0
0 0 0
0 0 0
0 0 0
FRAME: 30
0 0 0
0 0 0
0 0 0
0 0 0
0 0 0
0 0 0
0 0 0
0 0 0
0 0 0
0 0 0
0 0 0
0 0 0
0 0 0
0 0 0
0 0 0
FRAME: 31
0 0 0
0 0 0
0 0 0
0 0 0
0 0 0
0 0 0
0 0 0
0 0 0
0 0 0
0 0 0
0 0 0
0 0 0
0 0 0
0 0 0
0 0 0
FRAME: 32
0 0 0
0 0 0
0 0 0
0 0 0
0 0 0
0 0 0
0 0 0
0 0 0
0 0 0
0 0 0
0 0 0
0 0 0
0 0 0
0 0 0
0 0 0
FRAME: 33
0 0 0
0 0 0
0 0 0
0 0 0
0 0 0
0 0 0
0 0 0
0 0 0
0 0 0
0 0 0
0 0 0
0 0 0
0 0 0
0 0 0
0 0 0
FRAME: 34
0 0 0
0 0 0
0 0 0
0 0 0
0 0 0
0 0 0
0 0 0
0 0 0
0 0 0
0 0 0
0 0 0
0 0 0
0 0 0
0 0 0
0 0 0
FRAME: 35
0 0 0
0 0 0
0 0 0
0 0 0
0 0 0
0 0 0
0 0 0
0 0 0
0 0 0
0 0 0
0 0 0
0 0 0
0 0 0
0 0 0
0 0 0
FRAME: 36
0 0 0
0 0 0
0 0 0
0 0 0
0 0 0
0 0 0
0 0 0
0 0 0
0 0 0
0 0 0
0 0 0
0 0 0
0 0 0
0 0 0
0 0 0
FRAME: 37
0 0 0
0 0 0
0 0 0
0 0 0
0 0 0
0 0 0
0 0 0
0 0 0
0 0 0
0 0 0
0 0 0
0 0 0
0 0 0
0 0 0
0 0 0
FRAME: 38
0 0 0
0 0 0
0 0 0
0 0 0
0 0 0
0 0 0
0 0 0
0 0 0
0 0 0
0 0 0
0 0 0
0 0 0
0 0 0
0 0 0
0 0 0
FRAME: 39
0 0 0
0 0 0
0 0 0
0 0 0
0 0 0
0 0 0
0 0 0
0 0 0
0 0 0
0 0 0
0 0 0
0 0 0
0 0 0
0 0 0
0 0 0
FRAME: 40
0 0 0
0 0 0
0 0 0
0 0 0
0 0 0
0 0 0
0 0 0
0 0 0
0 0 0
0 0 0
0 0 0
0 0 0
0 0 0
0 0 0
0 0 0
FRAME: 41
0 0 0
0 0 0
0 0 0
0 0 0
0 0 0
0 0 0
0 0 0
0 0 0
0 0 0
0 0 0
0 0 0
0 0 0
0 0 0
0 0 0
0 0 0
FRAME: 42
0 0 0
0 0 0
0 0 0
0 0 0
0 0 0
0 0 0
0 0 0
0 0 0
0 0 0
0 0 0
0 0 0
0 0 0
0 0 0
0 0 0
0 0 0
FRAME: 43
0 0 0
0 0 0
0 0 0
0 0 0
0 0 0
0 0 0
0 0 0
0 0 0
0 0 0
0 0 0
0 0 0
0 0 0
0 0 0
0 0 0
0 0 0
FRAME: 44
0 0 0
0 0 0
0 0 0
0 0 0
0 0 0
0 0 0
0 0 0
0 0 0
0 0 0
0 0 0
0 0 0
0 0 0
0 0 0
0 0 0
0 0 0
FRAME: 45
0 0 0
0 0 0
0 0 0
0 0 0
0 0 0
0 0 0
0 0 0
0 0 0
0 0 0
0 0 0
0 0 0
0 0 0
0 0 0
0 0 0
0 0 0
FRAME: 46
0 0 0
0 0 0
0 0 0
0 0 0
0 0 0
0 0 0
0 0 0
0 0 0
0 0 0
0 0 0
0 0 0
0 0 0
0 0 0
0 0 0
0 0 0
FRAME: 47
0 0 0
0 0 0
0 0 0
0 0 0
0 0 0
0 0 0
0 0 0
0 0 0
0 0 0
0 0 0
0 0 0
0 0 0
0 0 0
0 0 0
0 0 0
FRAME: 48
0 0 0
0 0 0
0 0 0
0 0 0
0 0 0
0 0 0
0 0 0
0 0 0
0 0 0
0 0 0
0 0 0
0 0 0
0 0 0
0 0 0
0 0 0
FRAME: 49
0 0 0
0 0 0
0 0 0
0 0 0
0 0 0
0 0 0
0 0 0
0 0 0
0 0 0
0 0 0
0 0 0
0 0 0
0 0 0
0 0 0
0 0 0
FRAME: 50
0 0 0
0 0 0
0 0 0
0 0 0
0 0 0
0 0 0
0 0 0
0 0 0
0 0 0
0 0 0
0 0 0
0 0 0
0 0 0
0 0 0
0 0 0
FRAME: 51
0 0 0
0 0 0
0 0 0
0 0 0
0 0 0
0 0 0
0 0 0
0 0 0
0 0 0
0 0 0
0 0 0
0 0 0
0 0 0
0 0 0
0 0 0
FRAME: 52
0 0 0
0 0 0
0 0 0
0 0 0
0 0 0
0 0 0
0 0 0
0 0 0
0 0 0
0 0 0
0 0 0
0 0 0
0 0 0
0 0 0
0 0 0
FRAME: 53
0 0 0
0 0 0
0 0 0
0 0 0
0 0 0
0 0 0
0 0 0
0 0 0
0 0 0
0 0 0
0 0 0
0 0 0
0 0 0
0 0 0
0 0 0
FRAME: 54
0 0 0
0 0 0
0 0 0
0 0 0
0 0 0
0 0 0
0 0 0
0 0 0
0 0 0
0 0 0
0 0 0
0 0 0
0 0 0
0 0 0
0 0 0
FRAME: 55
0 0 0
0 0 0
0 0 0
0 0 0
0 0 0
0 0 0
0 0 0
0 0 0
0 0 0
0 0 0
0 0 0
0 0 0
0 0 0
0 0 0
0 0 0
FRAME: 56
0 0 0
0 0 0
0 0 0
0 0 0
0 0 0
0 0 0
0 0 0
0 0 0
0 0 0
0 0 0
0 0 0
0 0 0
0 0 0
0 0 0
0 0 0
FRAME: 57
0 0 0
0 0 0
0 0 0
0 0 0
0 0 0
0 0 0
0 0 0
0 0 0
0 0 0
0 0 0
0 0 0
0 0 0
0 0 0
0 0 0
0 0 0
FRAME: 58
0 0 0
0 0 0
0 0 0
0 0 0
0 0 0
0 0 0
0 0 0
0 0 0
0 0 0
0 0 0
0 0 0
0 0 0
0 0 0
0 0 0
0 0 0
FRAME: 59
0 0 0
0 0 0
0 0 0
0 0 0
0 0 0
0 0 0
0 0 0
0 0 0
0 0 0
0 0 0
0 0 0
0 0 0
0 0 0
0 0 0
0 0 0
FRAME: 60
0 0 0
0 0 0
0 0 0
0 0 0
0 0 0
0 0 0
0 0 0
0 0 0
0 0 0
0 0 0
0 0 0
0 0 0
0 0 0
0 0 0
0 0 0
FRAME: 61
0 0 0
0 0 0
0 0 0
0 0 0
0 0 0
0 0 0
0 0 0
0 0 0
0 0 0
0 0 0
0 0 0
0 0 0
0 0 0
0 0 0
0 0 0
FRAME: 62
0 0 0
0 0 0
0 0 0
0 0 0
0 0 0
0 0 0
0 0 0
0 0 0
0 0 0
0 0 0
0 0 0
0 0 0
0 0 0
0 0 0
0 0 0
FRAME: 63
0 0 0
0 0 0
0 0 0
0 0 0
0 0 0
0 0 0
0 0 0
0 0 0
0 0 0
0 0 0
0 0 0
0 0 0
0 0 0
0 0 0
0 0 0
FRAME: 64
0 0 0
0 0 0
0 0 0
0 0 0
0 0 0
0 0 0
0 0 0
0 0 0
0 0 0
0 0 0
0 0 0
0 0 0
0 0 0
0 0 0
0 0 0
FRAME: 65
0 0 0
0 0 0
0 0 0
0 0 0
0 0 0
0 0 0
0 0 0
0 0 0
0 0 0
0 0 0
0 0 0
0 0 0
0 0 0
0 0 0
0 0 0
FRAME: 66
0 0 0
0 0 0
0 0 0
0 0 0
0 0 0
0 0 0
0 0 0
0 0 0
0 0 0
0 0 0
0 0 0
0 0 0
0 0 0
0 0 0
0 0 0
FRAME: 67
0 0 0
0 0 0
0 0 0
0 0 0
0 0 0
0 0 0
0 0 0
0 0 0
0 0 0
0 0 0
0 0 0
0 0 0
0 0 0
0 0 0
0 0 0
FRAME: 68
0 0 0
0 0 0
0 0 0
0 0 0
0 0 0
0 0 0
0 0 0
0 0 0
0 0 0
0 0 0
0 0 0
0 0 0
0 0 0
0 0 0
0 0 0
FRAME: 69
0 0 0
0 0 0
0 0 0
0 0 0
0 0 0
0 0 0
0 0 0
0 0 0
0 0 0
0 0 0
0 0 0
0 0 0
0 0 0
0 0 0
0 0 0
FRAME: 70
0 0 0
0 0 0
0 0 0
0 0 0
0 0 0
0 0 0
0 0 0
0 0 0
0 0 0
0 0 0
0 0 0
0 0 0
0 0 0
0 0 0
0 0 0
FRAME: 71
0 0 0
0 0 0
0 0 0
0 0 0
0 0 0
0 0 0
0 0 0
0 0 0
0 0 0
0 0 0
0 0 0
0 0 0
0 0 0
0 0 0
0 0 0
FRAME: 72
0 0 0
0 0 0
0 0 0
0 0 0
0 0 0
0 0 0
0 0 0
0 0 0
0 0 0
0 0 0
0 0 0
0 0 0
0 0 0
0 0 0
0 0 0
FRAME: 73
0 0 0
0 0 0
0 0 0
0 0 0
0 0 0
0 0 0
0 0 0
0 0 0
0 0 0
0 0 0
0 0 0
0 0 0
0 0 0
0 0 0
0 0 0
FRAME: 74
0 0 0
0 0 0
0 0 0
0 0 0
0 0 0
0 0 0
0 0 0
0 0 0
0 0 0
0 0 0
0 0 0
0 0 0
0 0 0
0 0 0
0 0 0
FRAME: 75
-241.877 326.797 2356.41
-238.196 -25.7984 2682.06
-45.3222 -1052.32 2730.18
-311.72 -425.138 2621
-94.7309 -258.555 2632.73
-88.9874 -675.24 2608.59
-256.791 129.791 2548.36
-166.242 130.138 2444.39
101.637 -61.9964 2339.32
-77.4265 -1064.83 2624.22
28.5314 -63.2505 2457.72
31.068 -258.165 2488.61
101.374 -698.703 2559.58
-75.6933 130.486 2340.41
-99.0369 -64.1108 2502.53
FRAME: 76
-243.383 293.155 2331.12
-230.722 -40.6513 2675.21
-46.3416 -1068.52 2752.47
-322.201 -391.043 2635.4
-92.2226 -265.46 2631.09
-102.336 -698.161 2608.04
-249.73 97.5182 2532.58
-163.742 92.2727 2431.35
54.0059 -98.169 2390.09
111.401 -984.364 2764.9
-11.4078 -155.702 2515.47
26.1571 -272.817 2491.84
94.3878 -714.562 2550.74
-77.7529 87.0271 2330.13
-98.3871 -88.433 2496.41
FRAME: 77
-246.41 276.378 2319.99
-223.91 -41.5919 2675.88
-46.5909 -1089.42 2744.05
-312.385 -376.946 2596.74
-93.6438 -274.011 2628.28
-109.506 -712.733 2602.93
-253.003 81.1158 2525.49
-167.163 75.2716 2426.83
35.8084 -122.642 2390.44
178.648 -1000.99 2752.85
-12.8391 -239.639 2532.99
21.5132 -281.755 2496.11
93.816 -719.144 2541.01
-81.3239 69.4274 2328.17
-101.614 -101.306 2494.51
FRAME: 78
-246.848 269.453 2312.17
-220.823 -48.746 2678.68
-47.778 -1095.16 2742.98
-308.996 -371.512 2583.65
-94.5003 -275.049 2625.62
-112.111 -714.446 2598.9
-254.868 78.5639 2519.72
-167.97 72.6755 2422.25
22.1393 -129.421 2385.07
183.613 -1029.04 2693.36
-57.7241 -258.45 2526.84
21.2788 -282.864 2495.76
81.5329 -714.051 2518.5
-81.0723 66.787 2324.77
-102.29 -103.14 2491.47
FRAME: 79
-247.445 274.094 2306.72
-222.453 -59.4206 2681.67
-49.2912 -1087.99 2735.18
-309.938 -360.196 2565.2
-95.1058 -268.977 2619.32
-114.113 -706.7 2590.73
-258.83 81.6973 2516.63
-170.956 78.3233 2418.94
19.7036 -142.07 2378.97
159.228 -1064.94 2642.68
-54.6596 -279.336 2490.04
24.3664 -273.419 2486.7
68.6151 -705.648 2499.11
-83.0818 74.9493 2321.24
-103.163 -96.4375 2485.97
FRAME: 80
-245.435 287.674 2301.91
-227.375 -49.9974 2679.5
-54.0413 -1076.37 2723.93
-424.477 -335.618 2752.4
-97.2104 -261.538 2612.06
-114.666 -696.35 2586.58
-263.522 104.475 2513.47
-173 103.742 2416.11
14.4134 -125.921 2389.99
168.642 -1057.93 2611.22
-116.327 -290.581 2475.75
25.1353 -262.422 2480.67
65.7281 -697.002 2485.5
-82.4795 103.009 2318.74
-104.519 -79.119 2481.24
FRAME: 81
-238.242 324.364 2294.92
-232.378 -44.7433 2680.32
-55.0353 -1058.11 2709.22
-480.329 -293.48 2666.64
-99.2142 -251.613 2606.74
-120.098 -667.175 2577.18
-267.867 120.721 2514.99
-176.571 121.443 2416.34
-1.86932 -105.21 2365.47
122.387 -1055.92 2591.46
-140.716 -261.786 2458.63
22.0334 -250.587 2475.85
54.7688 -682.201 2469.25
-85.2752 122.165 2317.69
-107.581 -64.8285 2478.82
FRAME: 82
-232.84 345.609 2288.98
-249.349 -41.2232 2676.57
-58.3715 -1037.89 2696.17
-469.729 -277.14 2611.41
-103.648 -242.684 2602.69
-124.922 -648.42 2569.45
-268.08 133.407 2515.56
-174.3 132.485 2414.13
-5.06681 -91.5436 2327.78
85.3463 -1053.33 2568.99
-201.794 -237.979 2411.79
15.9548 -243.862 2473.38
40.4248 -673.871 2451.67
-80.52 131.563 2312.69
-109.073 -55.3939 2476.08
FRAME: 83
-212.586 380.641 2281.27
-262.119 -33.5494 2658.36
-63.9851 -1034.62 2658.24
-452.599 -235.117 2487.03
-112.953 -235.527 2594.4
-135.263 -644.458 2555.43
-267.526 164.086 2507.1
-166.278 159.564 2404.16
11.4446 -84.7931 2294.3
26.6571 -1083.64 2518.45
-233.305 -252.079 2309
7.39787 -240.913 2471.9
13.0086 -683.914 2438.97
-65.0295 155.042 2301.23
-109.528 -39.3279 2468.66
FRAME: 84
-200.951 398.303 2277.64
-265.521 -17.9095 2654.82
-62.6607 -1035.88 2639.97
-412.739 -179.089 2454.33
-125.843 -233.028 2586.39
-157.2 -653.852 2546.78
-265.747 184.688 2499.51
-162.207 176.356 2396.12
17.2132 -86.9855 2274.58
29.4739 -1086.85 2519.71
-215.897 -256.537 2265.05
-5.2072 -242.758 2465.78
0.664699 -689.648 2435.98
-58.6657 168.025 2292.74
-113.866 -30.7686 2461.1
FRAME: 85
-192.175 408.806 2274.53
-280.902 -17.4811 2638.91
-61.5069 -1038.29 2646.38
-418.013 -195.775 2391.22
-148.62 -230.36 2571.63
-176.466 -662.483 2551.11
-269.858 191.345 2492.11
-159.573 180.955 2388.63
30.7726 -82.3478 2267.65
27.9487 -1075.35 2527.5
-202.123 -250.034 2235.14
-18.8856 -242.644 2449.73
-14.4833 -688.276 2429.25
-49.2883 170.565 2285.16
-121.663 -27.7737 2449.66
FRAME: 86
-182.324 412.099 2279.68
-318.012 -35.1075 2600.15
-73.0203 -1043.2 2607.52
-418.549 -204.496 2322.51
-178.858 -240.247 2545.22
-180.502 -676.353 2548.69
-278.715 190.831 2479.44
-156.505 183.321 2386.46
58.5601 -76.9987 2278.64
19.4928 -1069.92 2502.8
-159.503 -260.728 2219.96
-28.6003 -249.454 2431.19
-24.3653 -690.131 2403.76
-34.295 175.812 2293.47
-130.117 -30.7647 2437.33
FRAME: 87
-175.069 410.463 2283
-337.966 -55.8568 2577.07
-88.324 -1055.04 2608.58
-504.237 -160.945 2280.28
-194.865 -256.162 2522.63
-186.494 -678.972 2539.14
-284.349 185.223 2468.85
-154.894 179.772 2383.19
76.2437 -80.8218 2288.87
10.1204 -1079.16 2495.08
-140.933 -277.025 2217.43
-36.1994 -262.843 2417.65
-30.1154 -699.406 2393.11
-25.438 174.321 2297.53
-135.213 -39.8652 2426.67
FRAME: 88
-166.978 409.53 2287.63
-365.056 -73.8811 2548.24
-98.7967 -1046.26 2583.36
-586.792 -111.693 2192.95
-200.651 -266.811 2513.46
-192.67 -689.163 2508.19
-291.356 177.615 2467.89
-155.278 173.841 2384.81
90.0964 -83.5198 2301.11
4.72163 -1070.62 2485.39
-123.503 -292.099 2210.13
-38.0343 -271.372 2414.1
-32.296 -701.655 2387.77
-19.2001 170.066 2301.74
-137.31 -47.6253 2424.29
FRAME: 89
-162.487 414.139 2293.87
-396.914 -75.2405 2526.15
-119.526 -1036.92 2572.67
-448.656 -185.883 2207.72
-207.173 -275.06 2501.27
-204.561 -712.043 2500.05
-303.769 172.726 2462.68
-160.197 174.151 2391.12
92.1803 -76.4644 2323.37
6.98706 -1061.82 2480.4
-68.1753 -303.781 2226.21
-36.7138 -273.403 2416.32
-29.6481 -696.345 2393.1
-16.6262 175.575 2319.56
-141.07 -50.0405 2424.96
FRAME: 90
-160.718 420.441 2301.94
-418.876 -69.3972 2518.97
-130.602 -1042.55 2580.98
-423.91 -181.926 2197
-209.997 -280.745 2494.81
-209.911 -718.091 2494.58
-315.465 173.539 2461.52
-165.339 180.364 2402.24
89.2495 -70.3738 2349.05
5.25556 -1055.13 2477.83
-44.4506 -293.971 2237.62
-33.5632 -272.806 2425.2
-27.0593 -688.598 2395.96
-15.2118 187.188 2342.96
-143.559 -48.206 2431.12
FRAME: 91
-161.828 429.988 2308.77
-421.278 -71.5327 2479.77
-144.12 -1035.9 2608.15
-429.82 -143.368 2166.69
-211.817 -270.251 2491.28
-209.352 -708.74 2499.89
-326.54 175.765 2451.79
-170.798 186.233 2407.37
87.7677 -57.4793 2392.44
3.25729 -1047.94 2472.18
-23.3543 -272.571 2257
-35.1701 -258.507 2440.86
-22.081 -672.463 2408.81
-15.0556 196.701 2362.95
-147.146 -39.0731 2436.72
FRAME: 92
-164.348 436.135 2317.34
-410.112 -75.8386 2488.59
-150.915 -1039.08 2622.86
-244.264 -209.152 2119.72
-210.504 -266.844 2495.39
-193.284 -690.776 2508.81
-332.256 175.272 2447.58
-175.354 188.488 2412.38
84.2221 -42.1019 2434.48
8.44015 -1049.08 2491.58
-7.86029 -274.139 2273.07
-36.3313 -252.152 2456.43
-6.62452 -657.645 2443.35
-18.4522 201.705 2377.17
-149.386 -35.5049 2444.14
FRAME: 93
-166.112 442.033 2320.64
-405.808 -81.3025 2459.09
-154.67 -1027.65 2638.58
-254.956 -184.763 2114.65
-219.774 -255.503 2499.16
-189.69 -675.454 2515.89
-336.591 180.324 2441.7
-180.108 192.767 2413.79
80.4505 -33.7054 2452.22
19.7129 -1030.49 2521.51
8.19016 -267.451 2300.58
-45.4005 -241.645 2468.23
-2.98596 -641.84 2474.31
-23.6244 205.209 2385.87
-156.348 -27.9036 2448.74
FRAME: 94
-170.199 449.903 2325.23
-404.493 -75.6539 2447.96
-163.276 -1018.21 2657.12
-172.372 -179.334 2144.87
-220.153 -244.885 2502.73
-188.941 -662.151 2525.66
-341.562 180.428 2436.84
-185.791 195.316 2414.35
67.5994 -22.8165 2472.18
35.1417 -1008.64 2606.51
25.2055 -258.459 2331.41
-46.999 -228.328 2477.99
9.46444 -620.928 2518.63
-30.0203 210.203 2391.86
-159.684 -20.6454 2452.35
FRAME: 95
-175.796 456.616 2330.16
-402.971 -63.577 2444.24
-172.794 -996.956 2671.84
-143.862 -184.431 2188.35
-233.66 -220.79 2515.54
-191.561 -626.62 2545.32
-348.389 189.787 2428.86
-194.688 204.83 2421.08
51.553 -13.2692 2499.94
60.9135 -982.83 2655.99
40.0153 -253.907 2384.04
-65.8652 -203.609 2506.81
24.0587 -582.45 2565.31
-40.9867 219.873 2413.29
-172.225 -3.68457 2466.13
FRAME: 96
-183.066 464.051 2334.21
-400.988 -65.8188 2440.31
-179.009 -995.253 2682.78
-159.921 -194.779 2210.89
-239.033 -204.99 2522.91
-190.576 -611.299 2558.37
-352.912 192.492 2424.36
-201.208 210.851 2426.84
39.3835 -4.99925 2521.98
84.341 -975.474 2688.9
45.5042 -249.62 2411.42
-70.154 -183.648 2525.93
32.9921 -568.864 2591.99
-49.5044 229.21 2429.32
-177.901 8.26595 2475.63
FRAME: 97
-185.774 466.782 2337.06
-393.039 -69.7832 2433.52
-182.592 -999.379 2694.18
-89.2532 -209.896 2195.71
-239.86 -201.995 2539.1
-189.695 -609.923 2567.2
-353.424 192.87 2420.86
-203.387 212.453 2432.71
29.1142 1.17376 2544.99
97.2867 -966.577 2723.11
48.8587 -250.508 2430.54
-80.3064 -180.81 2552.07
42.3904 -561.11 2617.35
-53.3501 232.035 2444.56
-181.735 10.5252 2489.15
FRAME: 98
-186.585 468.486 2338.78
-369.174 -77.6839 2431.9
-183.814 -997.667 2699.04
-63.6478 -210.668 2199.39
-234.07 -203.705 2544.43
-187.948 -605.719 2571.56
-351.894 191.958 2420
-206.663 213.789 2436.59
17.9811 2.99405 2557.15
105.173 -962.861 2770.29
52.9438 -249.933 2445.91
-85.096 -180.932 2562.29
50.8191 -553.121 2635.43
-61.4318 235.62 2453.18
-183.123 10.7354 2494.97
FRAME: 99
-187.101 468.964 2339.98
-375.365 -79.2322 2430.97
-186.383 -998.113 2705.33
-119.061 -208.109 2253.72
-228.515 -201.227 2549.24
-188.734 -605.263 2576.88
-351.293 189.793 2418.87
-208.191 213.406 2440.68
5.84974 -0.940086 2568.93
99.3463 -938.766 2831.5
38.851 -264.422 2458.39
-91.9662 -178.421 2570.61
48.2305 -545.358 2658
-65.089 237.018 2462.49
-184.216 11.7907 2500.3
FRAME: 100
-186.494 468.642 2342.31
-376.378 -84.4806 2436.09
-186.634 -1004.96 2713.45
-101.181 -222.061 2281.01
-229.574 -207.559 2559.47
-189.412 -613.748 2583.55
-347.389 183.595 2417.9
-207.338 209.219 2449.95
-5.44168 -4.925 2591.59
74.9123 -890.843 2904.28
23.831 -261.806 2476.18
-95.2452 -182.76 2590.21
42.9881 -533.188 2692.48
-67.286 234.843 2481.99
-184.874 7.02976 2512.39
FRAME: 101
-185.716 468.436 2344.66
-369.69 -79.1492 2445.43
-186.055 -1008.52 2716.99
-76.5857 -229.346 2285.42
-233.839 -210.235 2566.31
-190.133 -619.313 2586.63
-343.084 179.469 2417.19
-204.785 206.028 2456.31
-5.04588 -12.5818 2608.44
57.8902 -874.343 2935.6
3.15763 -245.561 2466.29
-95.138 -183.416 2605.66
25.3773 -536.383 2725.01
-66.4851 232.587 2495.43
-184.636 4.60103 2521.15
FRAME: 102
-184.412 467.898 2346.95
-369.247 -82.5856 2448.14
-184.915 -1009.27 2716.19
-60.7243 -230.996 2295.21
-236.619 -208.669 2567.04
-186.698 -621.084 2587.93
-339.287 176.648 2419.53
-201.463 205.284 2463.03
-3.54943 -12.936 2620.26
24.3851 -851.447 2966.67
-0.14482 -208.852 2431.55
-82.6932 -176.57 2615.75
20.088 -539.217 2735.3
-63.6387 233.92 2506.54
-180.56 6.33214 2527.21
FRAME: 103
-183.138 466.72 2351.21
-368.151 -79.8047 2453.12
-181.779 -1013.48 2713.8
-68.7264 -237.906 2300.02
-232.889 -202.766 2564.96
-186.921 -625.993 2584.2
-335.329 176.883 2423.68
-197.817 207.128 2465.59
-5.67992 -11.0419 2618.29
7.68639 -842.261 2984.54
15.7217 -187.568 2368.03
-67.2731 -166.148 2615.67
14.2116 -538.744 2740.61
-60.3048 237.373 2507.51
-173.949 11.3356 2527.96
FRAME: 104
-179.594 464.336 2359.64
-364.081 -72.0571 2452.01
-177.303 -1011.76 2713.71
-67.6875 -227.816 2305.26
-232.821 -203.342 2563.97
-186.141 -625.246 2582.95
-330.528 179.231 2425.04
-194.253 209.082 2471.02
-4.60296 -13.3659 2622.79
-21.4756 -831.267 3021.44
2.54043 -180.257 2324.22
-65.3649 -166.547 2620.64
4.15082 -540.456 2754.63
-57.977 238.934 2516.99
-171.673 12.069 2531.66
FRAME: 105
-175.183 464.64 2366.45
-350.752 -66.3669 2451.63
-176.692 -1010.49 2714.08
-69.4906 -224.158 2318.43
-232.087 -200.766 2565.42
-186.329 -624.055 2579.94
-323.087 183.656 2428.29
-188.355 212.341 2476.88
-1.79608 -13.2994 2629.47
-61.7025 -829.945 3043.25
6.60808 -190.411 2276.24
-62.0742 -164.431 2626.77
-11.4156 -539.151 2769.96
-53.6229 241.026 2525.46
-167.718 14.871 2536.49
FRAME: 106
-169.409 465.048 2374.37
-343.273 -60.4893 2453.78
-178.08 -1014.27 2716.29
-58.9729 -230.168 2312.07
-230.658 -201.071 2572.69
-186.224 -626.964 2582.41
-313.018 185.465 2431.17
-182.608 213.798 2481.49
-1.00535 -12.8301 2632.53
-85.6208 -834.12 3042.08
22.428 -197.277 2299.25
-58.0958 -163.458 2639.27
-16.9655 -540.948 2776.62
-52.1988 242.131 2531.82
-163.493 15.7667 2543.74
FRAME: 107
-161.807 466.493 2383.99
-338.264 -61.2072 2455.65
-179.323 -1014.77 2717.51
-54.3246 -240.534 2309.58
-228.185 -198.499 2578.94
-183.386 -625.958 2588.51
-304.405 186.306 2436.76
-175.672 213.598 2489.96
2.63658 -20.2448 2644.63
-103.04 -846.785 3031.1
15.8645 -202.329 2320.21
-58.2137 -162.33 2649.22
-25.971 -543.946 2779.34
-46.9395 240.889 2543.15
-159.436 16.5915 2552.02
FRAME: 108
-155.703 467.225 2391.02
-330.541 -60.1285 2462
-179.648 -1018.19 2719.07
-47.6047 -262.127 2318.11
-219.885 -197.678 2584.82
-176.025 -628.723 2596.29
-291.214 188.359 2443.55
-165.865 213.808 2499.03
2.84572 -18.0984 2649.94
-119.518 -865.435 3009.62
25.1877 -244.362 2314.76
-58.8444 -164.83 2656.3
-46.9724 -553.098 2773.63
-40.5149 239.257 2554.52
-152.615 16.2769 2559.8
FRAME: 109
-148.916 468.667 2398.03
-318.661 -55.3035 2467.56
-180.317 -1025.41 2724.25
-44.732 -283.048 2319.85
-211.71 -201.054 2592.19
-168.451 -636.849 2608.99
-280.646 194.216 2449.63
-159.107 220.248 2508.22
-1.06889 -6.64913 2659.56
-128.455 -883.528 3012.26
30.7469 -251.796 2399.97
-51.2982 -166.61 2669.44
-51.2821 -561.441 2790.79
-37.5689 246.28 2566.81
-145.306 18.2082 2569.52
FRAME: 110
-142.871 468.92 2408.07
-310.72 -53.2055 2471.84
-181.021 -1028.61 2726.26
-58.2971 -301.881 2333.62
-202.31 -203.638 2602.98
-161.26 -640.887 2619.2
-271.337 197.77 2457.81
-153.105 222.579 2514.88
-0.686931 -3.62082 2664.84
-132.037 -903.071 3022.36
14.729 -256.925 2407.65
-51.5826 -171.979 2675.79
-60.5138 -564.525 2818.47
-34.8742 247.388 2571.96
-140.026 17.3851 2577.13
FRAME: 111
-135.501 467.882 2420.73
-295.011 -56.0706 2480.85
-175.456 -1021.03 2721.04
-70.3727 -355.865 2373.55
-195.777 -203.801 2614.49
-163.864 -636.128 2624.74
-258.47 201.635 2465.17
-143.46 224.836 2525.56
5.7126 -8.72435 2686.92
-144.394 -925.396 2853.97
-9.55258 -290.383 2414.19
-55.929 -175.331 2688.28
-80.2936 -589.116 2800.41
-28.4491 248.037 2585.95
-134.656 17.6351 2588.47
FRAME: 112
-128.195 467.022 2432.37
-287.672 -57.0206 2491.89
-168.851 -1011.98 2717.51
-84.3438 -358.891 2411.35
-191.849 -203.133 2627.12
-162.136 -628.006 2628.49
-247.964 201.226 2474.27
-133.774 223.005 2537.85
13.1862 -13.38 2705.27
-147.178 -931.518 2825.99
102.65 -191.68 2341.93
-58.8662 -177.279 2701.54
-93.6482 -584.279 2780.84
-19.5849 244.783 2601.43
-129.566 16.3993 2601.09
FRAME: 113
-120.666 466.944 2444.07
-269.721 -67.3797 2508.04
-167.732 -1011.35 2722.54
-98.5323 -384.312 2446.23
-186.253 -206.946 2645.36
-151.938 -626.954 2635.95
-237.061 191.801 2481.34
-125.428 216.252 2549.87
14.6743 -17.8004 2718.67
-145.935 -935.946 2821.68
101.123 -226.868 2432.46
-55.65 -176.371 2727.58
-103.712 -578.718 2760.6
-13.7946 240.703 2618.4
-123.19 12.2967 2618.17
FRAME: 114
-112.418 464.186 2455.59
-253.891 -75.1316 2511.84
-165.4 -1012.75 2730.79
-108.818 -397.04 2480.26
-176.671 -211.524 2659.61
-130.945 -634.649 2647.54
-218.684 181.357 2487.24
-115.131 207.705 2567.69
13.1996 -18.8934 2739.51
-140.112 -931.432 2814.62
91.9702 -239.928 2500.53
-61.3676 -180.73 2750.47
-92.6646 -578.927 2764.25
-11.577 234.054 2648.14
-117.075 5.78928 2636.36
FRAME: 115
-103.462 455.322 2479.16
-245.076 -81.9976 2521.25
-153.719 -1016.78 2734.9
-118.871 -407.442 2506.24
-167.745 -218.112 2674.69
-111.633 -642.932 2655.95
-205.117 172.174 2502.07
-106.88 199.928 2586.36
13.476 -31.698 2753.42
-130.013 -934.751 2802.3
128.381 -255.423 2500.38
-54.8586 -184.774 2773.25
-78.8607 -575.494 2747.67
-8.64236 227.681 2670.66
-109.091 -0.757624 2655.17
FRAME: 116
-91.802 431.02 2512.85
-219.809 -92.6008 2549.79
-142.734 -1021.4 2743.88
-124.621 -383.4 2560.01
-153.86 -225.382 2695.06
-89.0885 -647.3 2674.29
-180.621 155.32 2527.78
-94.1469 182.391 2616.06
6.91943 -51.1237 2812.62
-123.097 -941.535 2788.51
90.3295 -297.948 2756.76
-55.2577 -192.569 2798.56
-64.0976 -579.966 2748.39
-7.6726 209.462 2704.34
-99.3528 -13.2921 2681.44
FRAME: 117
-80.8955 415.495 2548.35
-192.238 -103.257 2564.51
-136.566 -1023.52 2753.12
-64.3561 -356.722 2547.94
-145.638 -233.609 2711.49
-53.4809 -649.347 2673.87
-155.11 141.155 2557.25
-84.3499 166.107 2649.1
-7.85104 -65.7049 2853.61
-99.9989 -962.366 2876.64
79.8495 -323.266 2853.82
-59.9094 -201.842 2825.03
-2.62697 -602.145 2871.36
-13.5893 191.059 2740.95
-93.5617 -25.8091 2708.68
FRAME: 118
-74.0943 405.3 2570.27
-139.4 -111.461 2549.38
-140.907 -1025.1 2757.39
16.9769 -410.27 2447.15
-136.865 -247.963 2719.17
-41.4522 -655.522 2670.58
-136.356 134.162 2568.41
-83.4173 161.67 2672.21
-53.1042 -32.0804 2915.24
-88.3052 -967.365 2867.19
-69.3865 -239.333 3106.86
-69.0487 -212.045 2853.6
-0.947279 -607.37 2795.3
-30.4781 189.179 2776.02
-93.1871 -34.1667 2729.3
FRAME: 119
-73.0359 396.341 2589.07
-101.989 -117.501 2530.89
-137.017 -1029.36 2758.8
101.343 -408.441 2387.52
-128.831 -261.785 2719.89
-30.9133 -663.3 2666.35
-124.938 128.397 2577.14
-82.248 155.389 2688.97
-57.7611 -34.4241 2916.44
-90.0312 -982.58 2883
-59.6305 -246.217 3088.52
-74.3724 -226.083 2866.39
9.29798 -623.406 2821.24
-39.558 182.381 2800.8
-91.9248 -44.2721 2741.06
FRAME: 120
-74.5371 390.413 2602.9
-40.2884 -125.722 2486.52
-123.525 -1032.04 2755.87
222.039 -285.128 2271.31
-113.544 -278.88 2717.15
-9.20973 -671.573 2655.99
-123.768 113.87 2578.17
-92.963 140.902 2700.44
-51.3234 -40.0171 2909.15
-99.8785 -989.82 2913.73
-51.1129 -249.737 3090.49
-77.1856 -246.046 2865.02
12.2514 -639.626 2855.04
-62.1584 167.934 2822.7
-94.1639 -60.7806 2745.76
FRAME: 121
-79.6413 387.308 2624.11
-13.9827 -110.788 2480.46
-117.235 -1033.41 2753.38
239.305 -134.891 2208.22
-106.378 -286.395 2718.05
12.4168 -680.411 2644.4
-123.057 106.304 2576.89
-97.0398 133.121 2707.87
-50.9717 -37.7546 2918.73
-104.487 -994.593 2927.89
-36.9469 -254.332 3085.41
-77.7506 -256.631 2862.82
20.7692 -657.601 2879.78
-71.0228 159.937 2838.86
-94.5521 -69.1961 2749.15
FRAME: 122
-81.52 397.972 2643.7
37.9816 40.9318 2406.99
-112.414 -1034.94 2747.25
255.017 203.703 2131.06
-104.165 -283.471 2717.5
19.172 -679.532 2637.84
-110.942 115.217 2563.62
-88.9334 143.975 2700.23
-47.1246 -13.3148 2923.49
-103.061 -995.295 2927.71
-5.13672 -183.984 3005.71
-81.0121 -253.517 2859.2
32.8542 -644.113 2892.22
-66.9247 172.733 2836.84
-90.7609 -62.2595 2744.29
FRAME: 123
-78.0556 411.526 2655.22
58.4041 130.609 2379.17
-104.934 -1028.09 2734.52
256.289 245.739 2169.59
-98.1447 -276.28 2713.32
24.1129 -673.139 2629.91
-97.9189 129.686 2555.33
-80.9894 159.12 2694.95
-27.1511 31.2656 2905.67
-93.6001 -991.055 2953.69
62.0875 -28.9572 2854.66
-80.5131 -245.983 2855.97
40.6675 -632.951 2893.63
-64.0599 188.554 2834.56
-85.1592 -51.0057 2739.79
FRAME: 124
-76.627 419.847 2660.02
48.5365 247.128 2371.71
-103.386 -1030.48 2725.58
261.364 260.846 2193.19
-92.4701 -262.523 2709.12
26.6494 -669.176 2620.29
-86.7688 149.525 2552.68
-74.053 177.671 2692.52
-16.6882 74.5838 2873.46
-93.0757 -989.249 2956.24
77.2728 41.6324 2755.63
-79.5389 -234.093 2850.19
41.7855 -622.232 2883.29
-61.3371 205.816 2832.36
-80.0287 -35.3188 2736.09
FRAME: 125
-70.3389 432.572 2664.42
32.6986 283.575 2366.75
-96.519 -1018.47 2711.08
188.134 408.95 2188.03
-87.6732 -240.589 2701.81
27.4027 -656.629 2612.9
-79.376 167.512 2553.07
-66.5648 193.336 2691.49
-4.52522 109.628 2827.66
-84.3953 -977.069 2984.33
72.6578 145.423 2638.4
-69.5253 -215.334 2838.22
40.0772 -619.362 2897.56
-53.7537 219.159 2829.91
-72.582 -17.313 2730.75
FRAME: 126
-55.2635 445.35 2669.14
36.8116 326.385 2348.97
-96.1312 -1028.69 2710.06
136.229 532.838 2189.19
-78.2182 -237.492 2691.49
28.5157 -662.221 2613.38
-66.8779 183.648 2539.95
-57.367 209.629 2676.92
31.2786 211.985 2652.11
-80.1792 -970.183 2987
82.7604 398.351 2386.04
-65.7458 -210.326 2833.73
38.2566 -611.857 2891.4
-47.8561 235.611 2813.89
-64.6745 -7.13972 2719.77
FRAME: 127
-45.0207 453.325 2673.29
21.3609 330.654 2388.84
-92.2954 -1023.82 2700.13
102.814 542.025 2240.24
-68.0122 -222.372 2691.2
35.3855 -656.149 2606.89
-61.8237 196.953 2553.65
-54.6907 217.962 2676.96
41.9191 270.575 2549.8
-90.0886 -981.334 2990.79
77.8989 520.145 2284.54
-59.7757 -201.535 2810.51
32.9266 -618.811 2891.33
-47.5577 238.972 2800.28
-59.2923 3.00451 2713.91
FRAME: 128
-40.5954 463.063 2676.11
8.99257 343.857 2379.25
-89.3758 -1019.56 2688.29
97.3352 555.05 2256.72
-62.7679 -211.608 2687.94
33.4958 -648.821 2608.82
-59.5584 208.546 2554.24
-51.9476 226.192 2671.09
49.1322 354.187 2427.81
-90.3401 -980.073 2993.81
60.0867 694.042 2126.11
-55.2329 -196.72 2789.33
27.0532 -617.349 2882.2
-44.3368 243.839 2787.93
-55.474 11.0142 2704.86
FRAME: 129
-22.8405 470.877 2656.33
0.2389 342.529 2346.23
-92.2629 -1027.2 2674.03
75.2555 581.098 2211.92
-57.3097 -214.062 2671.18
40.6268 -658.508 2582.93
-62.0306 211.482 2544.23
-48.372 228.27 2668.76
31.6408 321.134 2444.93
-82.8983 -974.357 3009.35
35.7371 690.331 2080.46
-42.9801 -197.217 2791.44
34.341 -617.197 2878.85
-34.7135 245.058 2793.29
-49.2585 11.3151 2700.03
FRAME: 130
-23.1669 470.513 2651.25
-5.77538 338.948 2336.04
-95.0527 -1014.14 2660.09
48.6973 568.461 2196.83
-47.1838 -219.181 2654.21
47.3203 -661.118 2560.57
-65.1525 212.21 2531.87
-52.0641 228.374 2661.01
16.7311 281.904 2465.54
-74.5828 -975.998 3024.59
29.0963 457.5 2264.69
-33.0356 -202.356 2787.17
48.3732 -625.292 2865.42
-38.9757 244.538 2790.16
-46.0869 8.80256 2690.85
FRAME: 131
-26.0466 479.54 2637.83
-34.5263 341.357 2318.17
-98.4903 -1005.27 2654.64
57.6914 542.454 2174.28
-43.8576 -225.272 2646.51
48.1438 -665.074 2553.34
-71.3715 215.456 2511.06
-55.6679 235.327 2649.05
-12.3272 262.694 2558.39
-75.9204 -983.362 3008.34
17.4048 214.642 2575.16
-28.0968 -205.235 2786.33
60.0686 -633.328 2847.37
-39.9644 255.198 2787.04
-45.8226 10.0367 2682.73
FRAME: 132
-43.6289 479.385 2615.92
-162.643 273.365 2477.14
-100.242 -995.842 2658.67
-118.686 343.2 2324.47
-59.4302 -225.559 2646.82
43.3133 -667.244 2550.91
-95.76 220.879 2533.94
-63.8914 236.532 2636.45
-23.0178 244.578 2552.2
-69.2447 -981.515 3007.18
-42.796 317.327 2417.8
-21.79 -207.877 2761.62
61.5783 -636.424 2831.75
-32.0227 252.185 2738.96
-52.2507 9.90698 2670.34
FRAME: 133
-62.9323 463.089 2591.75
-141.525 295.654 2328.75
-102.879 -991.245 2638.1
-85.7958 366.134 2247.26
-60.3083 -220.244 2631.18
43.7892 -664.188 2528.88
-103.559 221.704 2508.82
-70.6831 242.201 2622.94
-23.0038 275.161 2547.41
-62.8955 -969.658 3024.2
-63.3079 134.82 2612.02
-21.1064 -196.827 2768.32
69.9774 -633.484 2839.4
-37.8069 262.698 2737.07
-55.6952 16.8327 2661.35
FRAME: 134
-53.9954 461.746 2567.4
-148.306 310.351 2244.39
-93.2793 -1016.04 2632.39
-42.878 485.481 2101.47
-53.9514 -233.023 2618.17
50.4229 -668.255 2533.39
-107.058 199.699 2475.15
-71.9521 225.438 2605.4
-21.0815 200.801 2608.98
-71.0197 -971.749 3001.41
40.7683 -111.163 2807.25
-19.2812 -206.662 2752.73
66.4184 -635.134 2828.91
-36.846 251.178 2735.64
-54.2842 2.79811 2645.42
FRAME: 135
-74.1084 460.91 2543.79
-249.494 237.845 2201.84
-101.047 -1020.11 2640.24
-116.873 488.853 2063.17
-62.7663 -235.933 2604.59
45.4677 -670.034 2532.3
-135.726 194.151 2453.32
-86.8326 225.632 2574.14
-36.1916 201.137 2609.3
-60.6473 -961.949 3000.77
17.1516 -67.182 2811.68
-9.10869 -199.757 2740.63
68.3494 -620.144 2821.38
-37.9396 257.113 2694.96
-61.385 3.89326 2623.38
FRAME: 136
-91.4513 463.37 2519.34
-267.964 234.116 2199.37
-110.937 -1025.92 2645.28
-153.808 469.643 2043.26
-70.6628 -227.671 2594.27
32.6184 -665.447 2532.58
-181.648 197.686 2442.94
-109.5 232.911 2551.22
-64.796 178.255 2592.18
-58.2003 -948.055 2979.53
-29.989 14.0243 2716.82
0.739818 -189.432 2707.6
62.8454 -601.866 2821.42
-37.3517 268.136 2659.5
-72.2306 12.1796 2601.08
FRAME: 137
-109.835 470.73 2487.06
-361.15 172.352 2211.4
-101.925 -1009.34 2637.93
-234.271 434.271 2112.39
-63.0859 -200.001 2582.35
22.0294 -626.465 2542.91
-213.413 209.527 2431.16
-115.609 244.263 2523.79
0.25249 242.808 2622.72
-69.3903 -932.268 2943.82
17.9864 50.3341 2771.16
-8.83468 -179.792 2634.31
31.5065 -591.002 2739.89
-17.8054 279 2616.43
-75.7847 27.1834 2566.06
FRAME: 138
-117.542 493.665 2467.81
-390.494 153.132 2242.37
-106.27 -992.012 2630.68
-276.523 412.583 2112.66
-68.2652 -158.623 2568.85
4.40903 -590.542 2526.9
-233.65 239.198 2437.72
-115.446 273.675 2508.34
102.765 462.673 2608.39
-69.4462 -935.505 2853.65
-24.4092 652.212 2770.75
-3.241 -139.702 2606.84
30.3755 -575.057 2722.6
2.75894 308.153 2578.97
-75.5994 62.2565 2548.09
FRAME: 139
-120.973 534.314 2457.04
-416.842 141.655 2285
-112.102 -968.488 2631.59
-326.355 389.201 2138.66
-74.6801 -121.76 2558.48
-18.4837 -550.349 2531.58
-259.45 291.475 2449.1
-118.094 326.709 2480.57
115.319 459.642 2546.88
-66.6064 -924.147 2798.85
49.2534 673.487 2607.71
16.0412 -98.7322 2579.11
8.2311 -527.889 2643.17
23.2624 361.944 2512.05
-73.7067 108.231 2524.69
FRAME: 140
-167.09 550.318 2425.77
-428.504 125.875 2309.26
-113.582 -931.474 2642.45
-365.631 354.113 2127.87
-72.2305 -82.4474 2541.39
-31.3536 -501.905 2538.06
-284.492 299.071 2441.9
-134.093 342.63 2452.47
127.13 484.521 2492.56
-75.4472 -916.394 2767.96
76.8553 746.542 2543.03
25.7071 -53.7144 2547.4
-3.12354 -517.451 2621.39
16.3056 386.189 2463.04
-78.6775 137.275 2498.43
FRAME: 141
-178.757 564.628 2410.83
-429.556 133.949 2327.19
-119.621 -902.535 2635.34
-395.403 319.324 2150.82
-79.3846 -69.2691 2534.1
-55.2841 -482.874 2528.39
-285.765 314.508 2431.86
-128.126 353.49 2427.31
121.409 554.978 2388.64
-80.9669 -905.376 2717.12
127.372 769.927 2372.43
28.8604 -42.7082 2530.11
-11.6501 -482.421 2595.43
29.5129 392.472 2422.76
-76.694 148.75 2479.71
FRAME: 142
-187.807 578.245 2395.13
-357.242 94.0748 2446.75
-120.647 -888.558 2598.14
-468.131 91.0759 2204.45
-77.8856 -57.6084 2520.75
-74.9981 -470.486 2506.85
-268.757 330.639 2428.36
-121.342 363.074 2414.55
93.097 541.293 2281.27
-94.7424 -872.298 2638.77
118.704 727.339 2164.19
31.3271 -33.4375 2509.39
-27.7314 -463.863 2559.28
26.0732 395.508 2400.74
-72.3107 158.775 2464.81
FRAME: 143
-194.593 587.733 2381.1
-318.638 104.9 2467.92
-122.719 -867.935 2570.73
-456.027 -61.6 2281.2
-83.8539 -46.057 2496.95
-84.3295 -458.737 2490.36
-254.775 350.704 2423.7
-113.512 378.176 2406.99
75.0376 514.102 2210.88
-102.351 -871.342 2613.7
119.1 659.87 2005.37
37.207 -22.4226 2481.29
-34.7226 -451.95 2525.55
27.7511 405.648 2390.29
-68.4177 171.968 2448.06
FRAME: 144
-195.591 591.363 2374.49
-293.52 99.5751 2470.02
-119.608 -865.611 2564.97
-405.393 -208.16 2375.09
-100.626 -51.4532 2475.66
-87.7772 -462.068 2487.93
-252.016 361.5 2418.38
-110.164 384.719 2394.01
72.5661 398.685 2136.67
-102.128 -875.478 2591.16
91.376 564.566 1943.25
42.9417 -27.7813 2450.65
-25.555 -454.437 2502.95
31.6877 407.937 2369.65
-69.5033 172.551 2428.58
FRAME: 145
-196.544 593.203 2359.1
-260.88 89.005 2483.34
-119.354 -878.883 2566.99
-333.406 -255.918 2448.15
-107.966 -54.713 2473.82
-98.1793 -483.618 2481.94
-247.223 371.086 2440.76
-117.5 388.805 2386.71
78.4972 256.734 2166.04
-96.4075 -891.532 2558.13
78.2606 220.712 1814.2
35.197 -34.9453 2415.42
-8.23805 -466.678 2476.55
12.2238 406.524 2332.65
-76.9421 171.988 2415.66
FRAME: 146
-195.702 590.175 2336.95
-168.239 138.293 2524.26
-115.787 -888.414 2568.81
-284.275 -233.818 2489.27
-103.801 -38.6122 2484.79
-106.169 -479.402 2483.63
-233.707 384.939 2471.78
-118.005 395.624 2388.57
46.9953 159.964 2169.9
-94.9184 -888.658 2528.74
-74.237 -103.052 1980.4
22.9355 -27.8923 2395.69
-8.87698 -466.616 2467.9
-2.30258 406.309 2305.36
-79.2188 181.186 2414.4
FRAME: 147
-192.836 564.046 2313.1
-168.046 99.4304 2537.15
-106.612 -933.948 2542.12
-180.924 -175.864 2468.31
-94.105 -76.4198 2473.22
-89.8088 -525.152 2457.26
-217.864 347.669 2475.16
-112.81 351.369 2371.76
50.4942 76.443 2226.65
-93.4642 -860.887 2595.17
-159.714 -191.115 2090.77
3.01397 -74.1645 2378.15
28.297 -494.287 2523.08
-7.75675 355.069 2268.36
-79.178 138.038 2398.72
FRAME: 148
-177.3 428.05 2249.44
-190.712 35.7123 2530.91
-99.5386 -972.641 2562.13
-212.473 -238.91 2436.73
-103.281 -213.981 2459.31
-91.6176 -639.491 2459.69
-240.117 190.107 2397.67
-112.779 198.256 2320.17
124.61 14.5606 2292.27
-66.0443 -872.015 2653.19
-15.1616 -202.092 2262.75
44.7738 -204.451 2368.94
102.677 -606.767 2494.63
14.5593 206.405 2242.66
-71.0163 -5.47997 2367.15
FRAME: 149
-179.413 392.928 2230.7
-197.029 12.9859 2533.81
-95.9397 -1020.84 2557.06
-255.099 -344.709 2446.6
-98.2351 -241.529 2466.78
-97.4631 -674.445 2457.62
-244.966 156.902 2398.6
-120.913 163.978 2313.67
149.291 -47.5287 2285.92
-15.7463 -899.039 2711.09
-32.9374 -173.996 2245.79
45.2661 -233.286 2368.53
104.092 -636.083 2480.01
3.13939 171.053 2228.73
-73.6989 -36.7148 2365.66
FRAME: 150
-175.087 346.612 2213.5
-197.286 -30.6177 2538.36
-82.2029 -1040 2577.72
-259.789 -403.819 2449.96
-91.0471 -259.016 2478.12
-104.798 -702.417 2451.88
-240.014 111.335 2401.04
-124.213 113.687 2308.81
130.877 -63.9894 2274.43
18.0468 -903.018 2739.54
-41.1439 -170.032 2263.91
42.7478 -256.309 2371.55
103.554 -670.506 2450.82
-8.41236 116.039 2216.58
-74.1814 -71.9878 2366.82
FRAME: 151
-170.817 317.135 2200.34
-195.895 -44.8197 2543.7
-82.1536 -1057.76 2573.53
-267.216 -426.155 2480.38
-86.6646 -275.85 2481.12
-110.313 -722.012 2444.51
-231.849 83.0786 2393.99
-120.757 83.3415 2303.27
118.285 -87.4575 2262.7
72.4383 -943.545 2729.03
-21.5878 -205.086 2256.74
47.7898 -275.463 2371.38
99.3797 -703.157 2436.89
-9.66537 83.6045 2212.55
-70.0973 -96.1576 2364.76
FRAME: 152
-164.396 285.446 2182.68
-192.65 -45.1151 2545.37
-85.4017 -1065.44 2571.47
-295.788 -411.266 2564.83
-84.5436 -289.728 2482.69
-113.682 -728.562 2437.07
-222.305 56.9459 2386.52
-115.582 56.3545 2300.81
114.291 -100.753 2263.01
128.788 -937.972 2724.54
-47.0472 -193.921 2269.84
53.0017 -290.452 2372.22
92.7518 -721.417 2429.49
-8.8586 55.7631 2215.1
-65.6763 -116.868 2364.13
FRAME: 153
-156.307 273.932 2171.32
-189.294 -69.988 2557.11
-86.2032 -1068.6 2572.05
-360.688 -397.421 2659.53
-85.1349 -294.052 2481.04
-113.678 -734.55 2432.53
-215.995 55.8172 2383.93
-104.713 53.1432 2298.84
106.961 -102.543 2272.18
156.022 -976.22 2678.56
-20.2364 -244.993 2267.26
55.459 -297.416 2373.58
99.3514 -735.696 2402.3
6.56882 50.4691 2213.75
-59.7754 -121.296 2363.08
FRAME: 154
-146.193 272.669 2165.61
-198.2 -103.427 2555.09
-89.6269 -1072.47 2569.52
-375.535 -394.079 2650.26
-86.4531 -296.379 2478.3
-107.19 -737.72 2434.94
-212.879 65.7027 2383.23
-96.5012 64.1589 2300.99
103.7 -106.366 2267.61
169.252 -995.287 2646.28
-11.8953 -254.697 2266.9
60.8242 -298.292 2374.33
110.614 -733.078 2386.55
19.8763 62.6151 2218.74
-54.6578 -116.588 2363.65
FRAME: 155
-130.771 298.13 2161.62
-205.309 -105.542 2547.3
-91.6821 -1075.6 2567.19
-356.903 -311.798 2584.1
-84.7914 -291.485 2474.09
-101.883 -724.791 2443.51
-211.342 80.7564 2380.28
-89.3622 80.4555 2299.5
133.841 -121.224 2286.06
169.183 -1015.22 2622.3
4.35785 -274.997 2277.41
68.4384 -291.781 2372.72
123.201 -724.482 2379.78
32.6179 80.1545 2218.73
-48.7694 -105.589 2361.46
FRAME: 156
-106.234 346.975 2168.93
-204.65 -92.7421 2536.19
-91.4221 -1072.54 2569.94
-353.534 -292.755 2524.98
-79.1379 -269.611 2465.73
-98.9688 -700.093 2457.53
-197.66 123.829 2381.61
-64.0574 124.532 2306.32
154.32 -113.413 2297.05
175.326 -1010.22 2598.2
-1.79153 -270.513 2281.44
83.6624 -268.678 2374.01
146.494 -685.007 2386.96
69.5455 125.236 2231.04
-30.8976 -72.306 2363.1
FRAME: 157
-91.3888 386.418 2178.61
-203.106 -77.4847 2529.44
-79.1408 -1058.2 2578.03
-320.225 -298.634 2478.09
-71.058 -247.955 2466.49
-91.2909 -677.3 2466.43
-183.365 154.357 2388.28
-49.5737 155.05 2314.09
155.446 -93.044 2299.85
177.94 -983.146 2587.58
-25.4702 -257.3 2291.04
93.758 -246.971 2375.28
165.511 -651.046 2401.52
84.2175 155.743 2239.91
-19.1119 -46.2066 2367.49
FRAME: 158
-75.4766 418.842 2191.25
-193.152 -42.6526 2528.54
-74.6883 -1030.27 2578.44
-315.499 -267.745 2446.32
-60.6422 -215.852 2477.1
-86.3074 -652.277 2472.53
-170.383 182.009 2394.56
-37.0347 179.546 2319.45
145.828 -70.5569 2286.9
178.131 -966.811 2607.78
-66.9071 -251.436 2301.8
98.8442 -218.725 2387.41
177.479 -622.975 2428.46
96.3133 177.084 2244.34
-8.96686 -18.8711 2375.85
FRAME: 159
-61.2987 437.314 2203.58
-190.908 -31.3768 2527.11
-63.0172 -1026.23 2580.32
-281.428 -255.568 2413.95
-51.7903 -199.584 2486.27
-81.5869 -643.038 2483.9
-160.384 202.499 2402.25
-28.6711 197.132 2323.52
147.994 -65.5515 2270.08
181.553 -959.415 2620.47
-82.7017 -245.763 2287.87
101.749 -205.775 2394.6
188.773 -604.655 2455.05
103.042 191.766 2244.79
-1.8459 -2.77361 2381.97
FRAME: 160
-38.4742 452.055 2229.76
-191.696 -27.5033 2522.11
-57.0374 -1025.6 2584.38
-326.65 -263.714 2367.69
-47.3122 -193.945 2492.33
-72.0949 -636.339 2490.19
-153.616 212.478 2405.62
-16.636 208.944 2336.5
171.314 -58.4179 2282.87
181.349 -951.663 2654.23
-53.1494 -253.329 2272.78
110.717 -197.908 2412.76
198.373 -592.91 2492.11
120.344 205.41 2267.39
7.53307 6.50854 2394.52
FRAME: 161
-22.3654 460.126 2252.87
-194.879 -25.8396 2526.23
-52.3731 -1015.86 2593.84
-400.296 -260.506 2348.78
-39.1024 -189.644 2506.34
-59.6039 -627.284 2488.59
-147.729 219.683 2410.38
-9.23346 213.985 2344.83
189.286 -54.2764 2297.3
182.903 -956.881 2671.71
-23.6191 -271.045 2272.05
107.479 -195.6 2437
207.469 -588.53 2515.61
129.262 208.287 2279.27
12.4773 10.6814 2408.25
FRAME: 162
-10.493 461.07 2267.57
-198.076 -31.4112 2535.24
-57.3133 -1000.63 2592.99
-443.119 -266.937 2340.27
-36.0408 -185.535 2519.24
-51.9371 -613.351 2483.39
-141.27 220.458 2416.66
-1.47487 213.112 2353.04
203.755 -55.1701 2308.87
184.108 -962.528 2688.05
9.88019 -275.9 2262.3
111.647 -193.253 2452.17
211.545 -587.523 2533.88
138.32 205.766 2289.43
18.1641 11.8588 2419.37
FRAME: 163
2.90861 458.843 2282.89
-194.1 -45.7919 2525.94
-62.7015 -985.069 2589.65
-504.341 -221.9 2241.24
-42.976 -195.838 2531.98
-49.1048 -599.452 2473.7
-134.084 219.104 2425.08
9.38044 209.24 2365.07
224.647 -57.3509 2322.53
184.255 -972.905 2695.03
37.6198 -296.703 2261.37
117.088 -206.817 2465.12
213.721 -594.875 2544.31
152.845 199.376 2305.07
23.2182 3.95622 2431.81
FRAME: 164
18.0874 457.716 2306.98
-192.494 -50.2137 2523.75
-69.7999 -980.185 2581.96
-372.111 -278.824 2299.25
-41.8766 -198.883 2542.79
-47.8289 -594.435 2461.49
-127.942 217.876 2432.26
18.879 207.665 2378.29
262.409 -48.6398 2361.76
185.756 -972.051 2695.93
81.0728 -326.346 2297.48
121.636 -210.286 2482.63
213.495 -593.779 2553.45
165.7 197.453 2324.33
29.3794 1.53993 2445.5
FRAME: 165
26.3086 456.928 2319.4
-195.044 -58.7363 2516.5
-69.2488 -991.657 2592.94
-369.116 -285.414 2305.43
-40.1991 -206.126 2539.03
-44.2974 -603.108 2470.64
-123.524 206.426 2430.19
29.1589 200.555 2391.06
271.338 -60.4994 2388.54
183.848 -959.294 2675.72
127.115 -340.213 2332.86
132.513 -212.686 2494.86
205.414 -582.565 2545.62
181.842 194.683 2351.94
37.658 -4.42577 2454
FRAME: 166
33.4129 455.24 2328.15
-169.507 -73.8624 2506.49
-73.7051 -998.502 2602.58
-105.781 -307.677 2249.44
-35.8436 -214.6 2535.04
-41.7076 -611.644 2476.9
-118.62 196.039 2431.45
38.2073 194.319 2406.14
284.27 -60.7643 2422.37
184.622 -952.033 2673.3
156.603 -350.632 2366.58
141.051 -216.483 2506.51
204.458 -575.294 2545.37
195.035 192.598 2380.82
45.4056 -10.6112 2463.46
FRAME: 167
37.6849 455.809 2332.53
-156.509 -80.0188 2499.22
-77.674 -1001.96 2622.05
-69.8157 -317.419 2228.23
-31.4352 -219.277 2531.52
-34.5192 -619.102 2486.87
-116.556 190.182 2430.92
42.3342 191.962 2414.91
283.754 -58.8937 2462.39
184.157 -957.166 2676.54
191.164 -351.589 2397.29
147.259 -217.248 2513.55
202.557 -577.129 2551.09
201.224 193.743 2398.9
50.123 -13.15 2468.72
FRAME: 168
40.7944 456.926 2337.68
-147.287 -91.4782 2497.21
-79.8218 -1003.88 2648.24
-27.5269 -327.033 2237.36
-32.2171 -239.118 2531.12
-35.9392 -632.708 2504.09
-114.912 180.997 2429.65
44.4249 187.134 2427.51
274.117 -64.7199 2500.89
183.65 -960.42 2684.2
195.565 -346.581 2411.15
156.373 -231.658 2528.79
197.666 -582.786 2568.69
203.762 193.272 2425.36
53.2515 -24.127 2478.73
FRAME: 169
43.0978 458.075 2342.74
-140.908 -95.4059 2483.4
-78.4133 -1014.74 2665.85
-3.04255 -328.904 2251.71
-31.1993 -238.002 2527.77
-36.008 -646.749 2520.11
-111.392 178.252 2428.99
48.2539 185.399 2436.04
267.161 -74.3599 2539.25
178.683 -956.67 2695.84
187.299 -334.52 2430.51
156.755 -229.434 2536.1
194.769 -580.461 2576.18
207.9 192.545 2443.09
55.5158 -24.1598 2483.99
FRAME: 170
44.8733 458.241 2352.13
-150.542 -94.3382 2460.66
-79.97 -1025.47 2677.45
41.4238 -320.545 2257.15
-43.5188 -239.841 2523.69
-35.9192 -653.052 2531.22
-107.785 177.656 2424.39
43.6964 185.313 2444.86
235.547 -83.3941 2564.24
174.431 -960.12 2708.29
181.173 -312.465 2352.77
148.315 -230.142 2549.72
179.836 -587.77 2603.92
195.178 192.969 2465.34
48.0474 -24.8394 2490.79
FRAME: 171
43.4836 457.598 2360.82
-141.177 -90.4853 2436.7
-79.4719 -1023.84 2687.45
58.3717 -321.33 2187.41
-55.723 -233.929 2530.1
-45.5324 -643.829 2546.07
-105.512 178.214 2416.52
34.6086 187.348 2451.54
202.439 -77.4765 2587.6
156.8 -965.904 2733.37
185.456 -318.882 2390.7
127.75 -221.959 2576
154.349 -593.546 2633.6
174.729 196.483 2486.56
35.3111 -20.2979 2502.3
FRAME: 172
43.3664 458.602 2365.55
-134.483 -84.5318 2429.72
-80.4016 -1013.26 2702.23
46.9324 -268.878 2333.99
-60.1178 -224.886 2545.72
-54.9567 -637.59 2559.06
-102.814 182.014 2412.37
27.8688 192.928 2457.75
179.427 -63.3392 2610.06
133.754 -955.597 2757.28
203.817 -315.271 2534.5
102.686 -211.336 2602.01
136.399 -586.312 2652.47
158.552 203.842 2503.13
24.5765 -12.5917 2515.81
FRAME: 173
42.6038 461.066 2372.52
-132.109 -76.518 2437.73
-78.5865 -1009.37 2712
47.6211 -259.529 2346.32
-61.0371 -216.497 2553.59
-60.1615 -633.189 2566.28
-101.037 186.479 2410.37
23.3859 199.291 2462.36
165.58 -54.8727 2624.85
112.484 -955.037 2788.67
204.679 -305.163 2560.78
88.8497 -201.071 2616.1
120.239 -587.766 2678.25
147.809 212.103 2514.36
18.6461 -4.74649 2523.6
FRAME: 174
40.0425 465.809 2381.8
-137.557 -73.6237 2453.12
-76.2619 -1010.65 2717.95
39.4778 -265.954 2328.62
-64.5608 -206.527 2567.04
-63.9939 -631.251 2569.02
-104.232 189.922 2417.61
19.2626 202.416 2467.61
157.976 -50.9689 2629.65
86.3162 -953.173 2828.23
199.74 -307.515 2557.49
80.2484 -191.884 2625.52
108.779 -586.268 2693.58
142.757 214.91 2517.6
13.5532 1.60522 2531.94
FRAME: 175
35.9322 469.582 2391.11
-137.761 -74.7897 2457.81
-79.5785 -1008.79 2726.44
32.8235 -254.524 2351.49
-66.7722 -200.396 2580.26
-65.4246 -628.115 2578.54
-105.205 187.515 2419.85
14.8822 202.868 2473.91
146.79 -44.6018 2642.84
56.0299 -953.443 2854.71
191.333 -289.412 2550.06
73.2808 -182.367 2643.26
90.2336 -580.477 2715.91
134.97 218.221 2527.96
9.06824 5.74332 2542.83
FRAME: 176
28.0914 471.521 2403.2
-137.049 -74.076 2464.62
-84.7059 -1008.39 2734.62
33.4121 -257.555 2357.26
-71.7331 -199.812 2588.49
-68.0355 -625.858 2588.77
-104.915 188.829 2423.79
11.278 204.691 2480.7
141.321 -40.4055 2651.81
24.9433 -965.928 2878.78
185.451 -285.91 2566.74
63.7703 -181.208 2654.87
76.9896 -583.875 2744.66
127.471 220.554 2537.61
3.64827 7.09068 2551.19
FRAME: 177
19.4578 475.142 2419.15
-145.589 -70.2961 2477.42
-85.809 -1008.85 2726.87
7.65374 -308.376 2318.55
-79.4591 -204.284 2590.38
-67.6934 -627.421 2596.59
-109.371 195.696 2451.74
6.34059 205.331 2504.73
141.667 -41.1221 2653.33
-0.91987 -959.061 2907.59
172.273 -274.786 2563.18
50.0024 -192.94 2650.32
85.0074 -560.575 2777.91
122.052 214.966 2557.72
-4.19386 3.35938 2562.54
FRAME: 178
8.58864 477.631 2442.83
-151.656 -68.7101 2487.43
-84.686 -1004.91 2730.79
-22.3449 -293.717 2285.02
-83.7271 -204.115 2602.16
-65.2178 -626.07 2610.13
-111.646 200.344 2470.38
4.58896 207.706 2529.29
137.149 -37.2471 2681.82
-76.5144 -964.164 2852.16
174.19 -283.52 2584.42
36.1158 -196.101 2663
67.0969 -564.074 2814.93
120.824 215.068 2588.19
-9.60836 3.79887 2580.94
FRAME: 179
0.544179 474.272 2464.47
-157.179 -63.785 2505.96
-84.985 -1003.43 2729.37
-39.3886 -294.132 2157.41
-81.6966 -204.306 2613.12
-61.9917 -625.734 2612.42
-114.127 203.386 2492.77
2.7835 206.649 2549.05
133.936 -33.6731 2707.76
-96.4542 -973.592 2776.1
183.829 -283.361 2627.32
21.8618 -200.779 2663.32
-15.8073 -594.173 2687.8
119.694 209.913 2605.33
-13.567 2.0534 2593.64
FRAME: 180
-3.29873 469.26 2485.49
-160.171 -72.939 2536.17
-84.7894 -1002.92 2728.91
-93.6851 -369.966 2455.24
-77.75 -214.481 2638.08
-49.0856 -636.332 2625.58
-115.234 203.45 2513.96
0.984062 205.424 2568.39
129.778 -41.1661 2733.96
-94.0946 -982.867 2769.42
179.938 -274.417 2648.98
8.33039 -212.745 2678.15
-31.8122 -603.361 2678.22
117.203 207.398 2622.81
-16.8629 -4.09442 2613.25
FRAME: 181
-4.64288 462.492 2511.85
-156.323 -79.8215 2550.71
-92.568 -1018.89 2747.7
-115.694 -458.662 2478.63
-77.8587 -223.666 2657.69
-38.67 -651.628 2641.99
-107.436 195.288 2530.66
2.1491 197.442 2591.95
121.772 -49.1462 2776.31
-92.0381 -988.147 2771.58
187.083 -289.068 2742.11
-4.52912 -219.773 2702.68
-19.8503 -614.14 2694.95
111.734 199.596 2653.25
-19.5224 -12.1387 2636.07
FRAME: 182
-7.34018 455.046 2535.1
-157.962 -89.9208 2569.46
-90.5755 -1024.36 2758.49
-127.867 -453.316 2518.03
-69.8523 -232.691 2679.43
-24.2498 -651.084 2650.19
-94.4186 181.001 2544.83
4.94071 185.494 2616.18
115.382 -59.8207 2805.1
-91.1212 -999.656 2807.79
190.692 -321.184 2810.09
-9.09466 -228.649 2725.59
5.87381 -630.347 2771.51
104.3 189.988 2687.53
-17.2664 -22.5878 2659.34
FRAME: 183
-10.8751 441.058 2562.34
-159.741 -103.183 2583.83
-92.4041 -1020.27 2767.79
-116.245 -451.429 2554.19
-76.3975 -235.067 2696.52
-18.7096 -645.754 2663.37
-87.4444 163.752 2555.12
5.82877 171.63 2644.2
98.2851 -53.4581 2856.8
-85.1321 -1006.55 2823.73
194.064 -329.346 2907.12
-7.98105 -228.176 2763.72
17.0782 -634.383 2803.89
99.102 179.507 2733.28
-18.1802 -29.996 2687.16
FRAME: 184
-11.6005 421.94 2592.07
-144.654 -107.362 2586.96
-95.6202 -1019.77 2773.33
-58.0051 -396.935 2561.95
-83.2237 -241.627 2712.3
-13.8502 -645.9 2668.03
-70.5714 158.078 2574.64
4.67033 168.198 2674.04
59.1178 -46.5294 2914.39
-72.7818 -1011.99 2865.05
2.36911 -258.235 3082.44
-15.714 -232.199 2801.33
31.0671 -643.639 2831.43
79.912 178.317 2773.44
-22.3992 -34.3577 2715.43
FRAME: 185
-15.5884 407.695 2625.04
-77.2116 -100.991 2551.52
-93.4168 -1028.26 2775.93
108.815 -400.833 2389.54
-79.7948 -246.506 2718.68
-4.51029 -653.588 2673.14
-55.5761 153.399 2590.71
-1.09311 168.9 2702.08
49.205 -38.9491 2919.95
-69.3589 -1009.8 2870.67
1.23671 -249.64 3091.08
-18.2072 -228.519 2845.47
37.1217 -644.039 2906.75
53.3899 184.4 2813.45
-25.0471 -34.3064 2742.07
FRAME: 186
-21.0687 408.526 2649.67
-36.644 -94.9074 2539.78
-83.086 -1034.47 2773.05
192.903 -314.369 2277.97
-67.5782 -249.646 2723.23
9.11795 -658.998 2673.39
-55.4879 154.616 2601.18
-11.9978 172.542 2719.36
40.004 -39.7088 2927.29
-74.377 -1009.62 2880.53
17.2046 -252.879 3089.93
-16.9641 -228.29 2862.4
39.1681 -650.382 2915.4
31.4923 190.468 2837.54
-27.1345 -33.213 2756.09
FRAME: 187
-26.5267 415.056 2664.94
-6.36179 -65.2215 2507.17
-76.4691 -1032.6 2768.41
213.507 -159.945 2199.3
-63.0999 -257.081 2725.9
19.7679 -663.098 2666.53
-62.2203 156.538 2606.7
-21.7742 174.098 2730.41
35.8098 -38.4762 2928.03
-78.7835 -1007.95 2908.53
30.0375 -252.383 3081.17
-17.3736 -237.021 2866.57
56.9254 -656.558 2943.52
18.672 191.658 2854.12
-31.0055 -36.4765 2763.32
FRAME: 188
-30.6935 418.897 2674.35
35.531 -35.972 2459.46
-73.0068 -1036.29 2766.28
237.871 35.37 2133.2
-60.3163 -262.38 2725.74
30.5899 -669.105 2654.58
-66.3997 153.232 2605.76
-34.0619 172.063 2735.24
31.3606 -33.3537 2933.12
-83.1283 -1007.63 2893.88
37.1497 -252.587 3066.05
-23.5613 -241.029 2872.36
57.4133 -650.725 2940.3
-1.72412 190.894 2864.72
-38.0004 -39.8207 2767.14
FRAME: 189
-35.6797 428.58 2681.47
64.817 32.7901 2411.16
-69.5543 -1027.07 2758.31
226.956 213.708 2132.13
-59.7983 -258.852 2723.91
34.7082 -659.93 2645.49
-71.5508 164.21 2598.76
-42.0788 183.545 2734.19
27.7326 -22.5038 2947.21
-81.3773 -999.898 2945.15
46.1029 -232.043 3024.99
-28.2657 -238.045 2869.03
58.4611 -643.475 2935.72
-12.6068 202.88 2869.62
-43.0554 -32.4515 2765.33
FRAME: 190
-42.7464 442.546 2690.69
73.3736 142.187 2365.9
-63.8536 -1023.02 2754.36
199.439 322.333 2144
-65.7378 -241.683 2721.99
37.4443 -650.542 2637.87
-71.9397 169.883 2580.99
-42.5895 192.187 2721.69
33.0135 10.7425 2947.81
-82.608 -991.717 2970.16
80.2965 -115.77 2856.91
-36.9104 -219.716 2859.39
49.0776 -624.823 2928.44
-13.2394 214.49 2862.39
-46.9568 -19.2563 2756.19
FRAME: 191
-39.7516 449.166 2699.49
58.0391 211.863 2369.05
-62.9494 -1020.54 2751.17
182.166 413.836 2140.5
-69.0948 -229.242 2720.52
38.9836 -645.401 2636.26
-61.7239 178.115 2574.05
-38.7233 201.522 2717.14
30.9191 44.0232 2938.22
-78.8156 -980.182 2987.82
118.294 108.577 2591.24
-47.1543 -206.665 2857.52
45.5863 -610.989 2926.76
-15.7228 224.928 2860.23
-48.4239 -8.21576 2753.08
FRAME: 192
-35.0049 457.694 2710.76
53.3197 276.93 2368.48
-61.481 -1019.58 2748.83
201.961 423.233 2168.76
-65.2552 -223.012 2716.95
39.3267 -645.678 2638.07
-50.8313 189.362 2567.76
-34.257 213.642 2712.34
23.3993 73.3782 2934.26
-78.7487 -982.124 3023.55
94.5649 105.132 2677.03
-49.4588 -199.494 2855.93
43.4299 -603.846 2926.05
-17.6826 237.923 2856.91
-45.807 1.19461 2749.39
FRAME: 193
-34.9254 464.691 2718.82
42.4641 349.497 2390.14
-62.257 -1019.95 2747.27
136.04 585.547 2241.97
-56.0232 -218.191 2709.13
41.0444 -644.612 2635.45
-43.0806 205.774 2570.64
-32.397 227.664 2711.83
25.0315 124.012 2860.98
-82.3225 -979.193 3042.55
68.0786 272.753 2580.16
-45.3416 -195.916 2852.07
40.5219 -604.579 2928.96
-21.7135 249.554 2853.02
-41.5397 10.3052 2746.22
FRAME: 194
-38.0657 470.995 2722.83
36.3443 394.167 2388.76
-62.8784 -1020.98 2742.53
141.007 602.214 2243.01
-50.3306 -210.866 2701.81
42.8869 -643.384 2632.39
-39.8606 223.551 2574.68
-31.4958 242.708 2711.43
48.4503 312.226 2571.28
-80.648 -981.081 3032.8
80.1945 607.288 2239.93
-41.8074 -190.261 2847.04
42.2391 -602.144 2927.13
-23.131 261.865 2848.17
-38.7824 21.0723 2742.93
FRAME: 195
-39.8128 482.911 2722.56
26.0062 407.506 2385.02
-60.918 -1022.16 2735.17
124.391 629.748 2249.24
-50.9337 -209.703 2690.3
51.1571 -646.63 2625.75
-41.3684 232.941 2574.57
-31.6179 249.848 2708.63
48.2211 382.296 2468.67
-82.3417 -981.603 3027.97
76.8135 683.832 2192.66
-39.8633 -190.307 2842.5
43.3885 -606.426 2923.78
-21.8674 266.755 2842.68
-38.5082 24.9213 2737.51
FRAME: 196
-42.5576 477.4 2720.69
20.5112 411.635 2376.26
-59.8937 -1022.09 2728.86
103.337 629.39 2252.37
-53.4928 -207.324 2671.24
53.3517 -655.352 2611.18
-48.6565 236.891 2570.91
-34.6441 249.147 2697.56
34.7919 366.988 2449.62
-81.4557 -983.062 3022.26
72.4652 693.413 2190.81
-34.4613 -192.398 2822.87
48.5751 -616.47 2911.48
-20.6317 261.403 2824.21
-39.3106 24.6431 2722.31
FRAME: 197
-45.8759 483.241 2715.52
10.16 408.862 2373.73
-57.4096 -1020.77 2718.78
93.6644 635.906 2240.37
-47.4261 -210.567 2661.81
60.005 -657.035 2592.64
-49.2065 238.841 2571.1
-37.0506 249.644 2699.26
15.9327 346.478 2451.65
-81.1344 -985.635 3020.4
68.3982 685.794 2186.22
-32.9208 -197.025 2815.58
50.3807 -624.788 2903.47
-24.8948 260.447 2827.42
-38.612 22.9238 2718.98
FRAME: 198
-51.2327 489.15 2699.46
-13.6541 397.957 2341.94
-57.1379 -1018.85 2708.99
96.8233 611.797 2211.14
-40.282 -216.955 2655.16
67.1508 -659.845 2577.94
-51.6297 240.288 2564.94
-38.9781 250.437 2694.89
2.20589 335.918 2458.6
-80.2119 -984.744 3005.77
55.5823 640.226 2181.4
-25.9311 -204.794 2806.86
64.8286 -630.538 2897.99
-26.3265 260.587 2824.83
-36.0423 19.7811 2712.95
FRAME: 199
-54.3537 486.455 2690.29
-34.347 387.716 2323.19
-58.8609 -1023.41 2680.44
103.893 580.995 2185.67
-41.4101 -220.009 2649.83
71.7213 -660.334 2565.92
-64.3629 237.764 2550.49
-45.3312 248.96 2685.28
-16.3858 270.614 2529.85
-77.0159 -989.506 2988.88
46.2841 563.374 2228.01
-22.1947 -207.406 2795.01
69.2953 -636.565 2885.81
-26.2995 260.156 2820.07
-38.5668 17.6262 2703.85
FRAME: 200
-56.6538 480.583 2675.83
-39.6053 370.611 2305.68
-63.3886 -1028.11 2672
98.7359 547.38 2154.88
-42.4719 -221.577 2650.82
73.2564 -668.161 2557.06
-75.321 229.69 2530.47
-51.5758 244.904 2672.48
-26.8997 265.458 2525.23
-75.3446 -992.441 2995.44
32.2855 530.803 2200.62
-21.1108 -206.415 2786.73
70.8658 -641.787 2873.04
-27.8306 260.118 2814.49
-41.6835 15.4537 2695.63
FRAME: 201
-57.8829 476.534 2667.62
-63.7747 328.422 2276.95
-64.2034 -1029.01 2664.11
53.697 476.448 2099.66
-42.4066 -231.739 2641.38
69.7765 -677.673 2534.51
-84.4633 208.336 2508.25
-57.6513 227.452 2656.75
-66.8767 168.528 2635.06
-67.9229 -988.695 3016.08
28.838 120.395 2660.12
-18.7845 -213.605 2779.06
88.453 -661.06 2850.64
-30.8393 246.567 2805.26
-44.1234 2.38972 2683.48
FRAME: 202
-54.1064 472.607 2659.56
-114.291 243.871 2243.97
-64.08 -1025.97 2656.63
16.979 464.895 2081.78
-43.1089 -248.505 2628.07
69.2034 -681.57 2518.9
-88.8017 196.382 2499.94
-56.7633 213.642 2647.9
-56.8225 125.605 2640.85
-67.0898 -993.576 3034.35
35.6055 37.2793 2662.77
-15.4407 -231.74 2762.05
93.5109 -675.006 2844.94
-24.7249 230.902 2795.87
-43.019 -13.2402 2671.48
FRAME: 203
-50.5797 467.7 2649.28
-134.02 186.038 2226.62
-72.4725 -1029.79 2644.98
-28.9319 416.689 2059.85
-51.938 -271.569 2604.26
63.9428 -699.332 2506.72
-93.8049 164.463 2486.89
-51.2168 182.806 2611.24
-44.5176 107.134 2628.6
-61.09 -984.755 3032.04
34.8685 11.9125 2615.28
-1.29065 -248.203 2743.88
104.526 -677.055 2827.94
-8.62867 201.148 2735.58
-38.9156 -38.5399 2642.65
FRAME: 204
-52.5704 415.227 2563.85
-145.374 155.79 2216.91
-75.7942 -1037.89 2632.55
-100.798 346.397 1979.92
-52.0429 -285.548 2587.71
65.0574 -716.586 2492.92
-96.7719 146.124 2472.61
-46.44 165.389 2582.52
-48.3425 103.786 2656.58
-57.1538 -973.992 3031.18
20.7224 -149.342 2661.34
8.88599 -260.584 2717.39
105.039 -666.455 2819.2
3.89186 184.655 2692.43
-34.0093 -53.8384 2617.54
FRAME: 205
-56.7621 403.218 2554.36
-196.081 109.28 2194.9
-74.4976 -1053.7 2611.75
-155.311 312.116 1935.78
-51.5099 -288.896 2584.33
62.9999 -719.419 2490.71
-112.272 148.353 2450.58
-59.0398 172.325 2570.48
-49.989 101.361 2633.53
-51.654 -986.749 3013.1
-23.5203 -60.8153 2603.57
6.41513 -261.504 2710.59
94.5137 -669.24 2805.07
-5.80705 196.298 2690.39
-40.7936 -51.4373 2608.97
FRAME: 206
-84.5295 393.006 2540.47
-255.807 65.1729 2194.96
-84.4898 -1065.3 2609.25
-185.74 296.337 1937.19
-60.0863 -289.143 2583.66
54.1014 -722.161 2495.12
-138.06 139.05 2426.41
-72.7798 171.349 2540.15
-51.1529 83.6785 2655.83
-43.2613 -982.672 3024.67
-19.5924 -126.536 2615.44
11.4673 -252.906 2704.21
82.9729 -654.153 2797.37
-7.49977 203.647 2653.89
-48.5447 -49.8379 2592.04
FRAME: 207
-111.118 411.68 2518.43
-296.704 38.9646 2205.51
-83.3016 -1058.52 2614.76
-216.202 285.433 2042.53
-67.4103 -275.373 2574.26
49.7727 -714.211 2488.8
-174.739 150.934 2411.59
-99.9932 189.07 2518.21
-44.8854 68.81 2626.06
-48.7842 -976.255 3018.29
-35.7482 -67.9205 2578.37
8.79063 -235.367 2683.67
70.5524 -642.434 2786.96
-25.247 227.205 2624.83
-64.6515 -33.1503 2573.59
FRAME: 208
-129.278 451.432 2511.05
-321.112 25.7198 2225.11
-90.1822 -1034.32 2635.27
-270.662 265.508 2054.6
-83.1947 -247.349 2567.3
35.4372 -677.194 2498.15
-220.966 194.009 2414.72
-126.202 232.825 2507.02
-23.5882 148.004 2656.85
-52.4888 -965.34 3014.53
-36.5025 7.38195 2606.26
3.94207 -210.074 2656.21
56.721 -617.33 2771.87
-31.4375 271.641 2599.32
-82.9141 2.05676 2559.38
FRAME: 209
-207.052 538.699 2413.25
-352.115 38.852 2261.36
-106.234 -965.527 2631.44
-359.793 230.443 2085.58
-99.5447 -149.316 2527.95
-20.2567 -557.899 2515.63
-262.552 250.753 2393.68
-131.378 293.561 2439.09
27.4226 220.353 2584
-71.8577 -916.469 2711.27
21.8045 238.973 2581.87
34.4163 -105.212 2575.03
31.6108 -525.232 2641.56
-0.20326 336.37 2484.49
-81.9709 83.1484 2495.29
FRAME: 210
-214.238 552.357 2394.08
-370.077 35.3133 2324.05
-105.052 -938.638 2635.79
-407.059 164.77 2076.55
-95.6251 -124.921 2517.86
-28.3418 -544.704 2522.72
-269.033 267.582 2389.42
-125.837 308.693 2420.44
68.7278 328.331 2471.2
-91.1619 -910.018 2704.64
77.0705 377.942 2464.81
33.45 -87.716 2545.93
11.2444 -508.526 2618.67
17.3594 349.805 2451.47
-78.4622 101.187 2476.17
FRAME: 211
-219.861 562.006 2377.99
-373.005 39.6615 2362.25
-108.037 -906.9 2621.19
-443.978 52.8738 2084.28
-103.785 -98.8174 2507.5
-50.0521 -511.247 2507.84
-271.086 286.196 2390.21
-121.119 321.055 2401.82
66.2678 269.468 2429.73
-97.4338 -906.994 2677.9
79.295 247.51 2496.56
30.1229 -67.6935 2517.88
4.70027 -479.741 2590.06
28.8486 355.914 2413.43
-78.9749 118.9 2457.25
FRAME: 212
-223.569 577.344 2355.72
-346.125 59.4622 2411.83
-106.857 -893.211 2610.44
-453.885 -35.1695 2158.49
-106.386 -84.387 2493.24
-65.2245 -500.113 2505.47
-266.004 307.952 2395.5
-125.755 338.313 2393.44
37.9108 341.816 2344.14
-104.839 -890.471 2671.52
80.2357 231.4 2470.69
33.3557 -54.0853 2491.33
31.49 -462.788 2581.8
14.4948 368.673 2391.38
-81.1351 134.538 2442.86
FRAME: 213
-232.971 586.933 2334.54
-322.407 49.7153 2428.35
-101.1 -884.028 2586.42
-441.029 -123.502 2235.68
-118.891 -80.689 2476.72
-89.6246 -492.362 2491.61
-265.182 315.261 2397.92
-126.995 342.194 2388.76
33.7265 334.495 2311.17
-111.004 -873.763 2631.02
58.28 311.096 2244.4
35.3672 -50.6123 2466.58
37.6793 -459.918 2547.28
11.1925 369.128 2379.59
-84.3785 138.272 2430.2
FRAME: 214
-237.539 588.385 2317.98
-297.28 49.9385 2460.79
-102.656 -884.928 2568.27
-411.65 -191.826 2313.76
-125.707 -84.9828 2463.5
-96.832 -499.985 2487.18
-270.212 318.224 2411.13
-130.202 343.559 2386.78
68.2197 156.401 2412.72
-107.979 -866.811 2590.32
80.7672 2.18199 2478.63
37.098 -55.568 2435.21
50.4837 -470.662 2502.73
9.8089 368.895 2362.44
-87.253 136.642 2418.07
FRAME: 215
-240.613 581.567 2299.73
-266.065 54.1593 2467.04
-105.557 -900.948 2557.66
-393.136 -221.795 2396.82
-121.188 -85.6117 2452.32
-102.982 -514.434 2488.46
-246.97 327.05 2393.71
-125.603 346.44 2353.82
46.9812 179.471 2338.42
-130.964 -849.296 2531.27
49.6594 18.0071 2358.17
42.0304 -59.7048 2400.32
37.8456 -481.362 2461.31
-4.23521 365.83 2313.93
-82.5909 136.891 2390.07
FRAME: 216
-251.021 570.707 2270.62
-252.458 77.0461 2476.22
-106.898 -900.305 2549.79
-340.495 -153.032 2388.5
-118.396 -91.6144 2452.93
-111.828 -521.523 2475.76
-257.931 327.8 2394.95
-149.657 343.452 2330.96
-8.28032 146.738 2250.23
-151.466 -846.382 2494.49
-99.0167 20.0815 2153.04
34.9064 -69.6242 2363.85
41.2733 -507.606 2405.12
-41.3831 359.105 2266.96
-95.7008 131.417 2369.67
FRAME: 217
-265.008 489.96 2196.24
-251.233 57.1419 2480.72
-116.371 -929.124 2541.06
-337.719 -256.672 2264.57
-134.068 -126.108 2431.94
-128.306 -555.779 2447.99
-273.58 286.749 2387.53
-154.928 302.322 2314.48
26.1102 130.495 2293.44
-145.506 -835.215 2528.17
-150.363 48.6279 2267.72
27.7442 -104.819 2332.06
53.26 -549.946 2400.79
-36.2753 317.895 2241.43
-104.045 93.429 2348.24
FRAME: 218
-265.573 460.391 2183.95
-253.153 43.2661 2474.51
-120.472 -975.051 2524.24
-356.089 -292.739 2328.55
-155.196 -164.651 2413.49
-161.439 -601.915 2427.66
-277.286 228.944 2349.23
-159.146 239.61 2278.95
20.3757 102.32 2287
-48.7227 -920.434 2521.33
-151.699 10.8112 2282.74
14.3343 -149.192 2311.64
57.9295 -582.664 2383.46
-41.0048 250.275 2208.68
-114.788 41.344 2320.76
FRAME: 219
-269.575 418.857 2169.81
-257.745 18.4767 2483.34
-112.004 -1020.16 2522.84
-373.704 -329.701 2377.52
-161.377 -238.485 2415.38
-175.675 -668.04 2411.34
-284.04 179.825 2352.18
-175.287 183.22 2262.02
26.3198 63.4781 2264.47
9.76502 -914.413 2571.74
-155.677 -21.9348 2282.41
-4.63884 -233.522 2283.04
45.8205 -664.334 2358.39
-66.5341 186.616 2171.86
-129.147 -26.3917 2305.62
FRAME: 220
-274.467 344.485 2138.19
-263.717 -11.476 2477.09
-91.6131 -1039.97 2526.27
-388.262 -354.958 2411.21
-155.924 -275.429 2412.16
-181.117 -731.216 2399.12
-282.454 127.446 2337.6
-185.908 127.316 2240.75
40.5624 -13.4096 2250.2
70.1581 -910.452 2568.33
-109.416 -12.4792 2280.44
-12.2249 -275.664 2267.74
16.1922 -712.735 2340.88
-89.3611 127.186 2143.9
-134.991 -74.1151 2290.35
FRAME: 221
-275.537 302.55 2123.83
-265.273 -6.98009 2476.35
-57.7498 -1050.16 2533.13
-393.311 -355.237 2457.04
-155.295 -321.13 2404.24
-184.971 -760.537 2397.9
-285.71 75.0685 2317.39
-201.715 70.3676 2217.64
20.949 -122.068 2221.28
159.693 -889.252 2608.41
-128.316 -51.5959 2255.75
-28.3579 -328.051 2254.11
2.55529 -759.754 2321.88
-117.72 65.6666 2117.89
-146.771 -127.111 2273.41
FRAME: 222
-281.382 280.97 2111.44
-267.036 -28.4997 2475.77
-90.3233 -1069.29 2518.49
-407.656 -351.447 2438.78
-160.067 -319.369 2388.37
-189.831 -754.009 2388.34
-289.776 58.4245 2303.38
-206.667 53.2849 2205.07
-5.519 -147.439 2204.64
139.778 -950.944 2544.61
-109.458 -100.621 2234.06
-37.7085 -326.741 2244.06
-16.7004 -755.214 2305.45
-123.558 48.1453 2106.77
-152.777 -134.885 2260.64
FRAME: 223
-290.313 260.495 2089.96
-266.811 -43.2455 2471.78
-104.981 -1110.05 2509.53
-405.448 -347.592 2403.6
-162.724 -321.717 2379.11
-191.965 -752.901 2381.12
-293.762 50.0639 2293.38
-212.799 43.1487 2194.57
-31.3254 -160.426 2194.87
95.9808 -998.903 2501.73
-115.57 -135.535 2216.45
-47.279 -331.524 2238.58
-47.4796 -755.049 2270.81
-131.835 36.2335 2095.76
-158.9 -141.736 2251.71
FRAME: 224
-293.201 248.359 2064.54
-270.558 -69.1147 2473.26
-111.296 -1097.51 2487.27
-402.864 -334.378 2382.45
-164.7 -315.679 2371.1
-191.79 -742.81 2370.79
-287.046 55.2244 2289.65
-212.956 41.4772 2183.68
-87.0969 -178.47 2156.36
70.7268 -1063.96 2426.18
-157.849 -173.354 2196.5
-64.4404 -334.44 2227.86
-84.2409 -758.314 2248.08
-138.866 27.73 2077.7
-163.763 -141.791 2241.58
FRAME: 225
-301.44 256.76 2014.37
-262.177 -65.0521 2464.06
-113.116 -1089.1 2472.45
-393.427 -320.46 2320.83
-163.731 -273.156 2348.35
-193.91 -700.76 2373.24
-280.761 71.4446 2257.28
-217.015 48.5536 2148.9
-145.975 -192.215 2034.83
50.229 -1082.86 2386.95
-211.16 -185.95 2155.91
-78.8958 -303.702 2204.6
-108.788 -728.848 2191.03
-153.27 25.6625 2040.51
-169.164 -119.938 2212.69
FRAME: 226
-305.305 300.766 1940.92
-272.505 -50.4723 2444.78
-129.245 -1064.63 2422.5
-435.231 -267.855 2330.86
-179.777 -232.824 2329.05
-216.469 -637.539 2337.56
-292.852 126.882 2176.35
-227.006 91.0048 2070.1
-160.353 -198.927 1992.4
32.7472 -1117.46 2341.91
-229.011 -189.72 2127
-80.3341 -286.111 2171.21
-124.925 -715.557 2132.06
-161.16 55.1278 1963.86
-178.531 -84.2315 2160.12
FRAME: 227
-306.399 317.737 1914.66
-277.506 -44.0372 2421.55
-139.836 -1040.11 2392.65
-475.615 -215.2 2358.51
-189.486 -212.31 2312.66
-226.523 -599.524 2312.52
-306.201 154.992 2141.75
-240.387 115.392 2035.53
-152.208 -175.577 1957.53
9.91203 -1119.97 2300.77
-295.912 -216.307 2065.44
-89.0298 -271.72 2152.81
-131.489 -700.063 2100.38
-174.574 75.7916 1929.3
-189.823 -63.3115 2134.13
FRAME: 228
-305.4 329.046 1895.01
-290.322 -32.912 2394.94
-127.511 -986.096 2416.69
-487.249 -193.473 2306.66
-199.271 -192.382 2296.45
-229.395 -571.603 2322.08
-313.353 168.95 2117.56
-246.349 126.226 2009.94
-145.051 -171.019 1933
-4.28615 -1119.11 2282.58
-305.277 -249.664 2039.53
-94.5274 -258.856 2129.67
-130.563 -689.889 2088.43
-179.345 83.5029 1902.31
-196.624 -49.6965 2111.5
FRAME: 229
-301.838 338.508 1874.18
-296.389 -24.6826 2372.94
-141.82 -984.876 2350.26
-494.657 -186.097 2252.49
-209.861 -186.555 2275.89
-242.588 -573.047 2266.45
-320.142 178.229 2104.7
-251.832 137.531 1995.37
-139.544 -153.655 1894.98
-26.9303 -1117.01 2236.35
-297.34 -262.348 1969.33
-101.758 -252.137 2101.69
-138.202 -685.548 2062.24
-183.522 96.8338 1886.05
-203.821 -40.9072 2092.08
FRAME: 230
-298.425 344.12 1857.29
-293.678 -12.9936 2363.75
-169.392 -996.585 2340.58
-490.98 -192.581 2191.97
-219.521 -186.342 2260.14
-274.894 -588.613 2246.67
-321.862 185.914 2099.96
-256.471 145.337 1986.16
-140.827 -142.224 1871.9
-47.9714 -1093.59 2208.42
-308.463 -281.322 1967.12
-114.861 -253.338 2073.6
-146.371 -687.891 2043.56
-191.079 104.76 1872.36
-211.831 -37.2517 2076.52
FRAME: 231
-296.45 351.441 1837.7
-286.771 -9.13577 2341.88
-168.211 -1007.66 2327.53
-494.013 -200.33 2145.82
-234.049 -190.237 2241.7
-280.925 -598.256 2225.14
-317.96 186.552 2093.57
-258.226 146.204 1976.05
-143.707 -139.857 1850.85
-63.6221 -1087.01 2180.61
-318.259 -310.598 1918.28
-134.909 -260.434 2036.47
-159.008 -692.336 2021.03
-198.491 105.855 1858.52
-221.352 -39.5658 2057.57
FRAME: 232
-290.358 348.372 1821.12
-286.026 -3.44451 2312.8
-189.154 -1006.69 2302.83
-496.432 -225.529 2047.52
-248.427 -194.465 2218.82
-311.767 -617.944 2185.83
-322.858 181.532 2064.83
-261.512 140.654 1948.98
-148.003 -148.065 1819.36
-78.8908 -1075.51 2143.75
-320.734 -363.065 1840.99
-142.682 -268.407 2007.87
-173.906 -703.737 1991.61
-200.166 99.7747 1833.13
-228.533 -45.3911 2031.16
FRAME: 233
-281.542 343.248 1808.74
-283.731 -8.37889 2285.59
-194.799 -1010.89 2285.88
-492.012 -243.117 1971.08
-262.15 -210.291 2192.58
-321.805 -637.466 2161.12
-325.895 172.992 2043.54
-263.775 134.194 1927.51
-147.856 -154.608 1791.64
-94.7054 -1067.42 2105.92
-317.073 -381.452 1780.98
-152.53 -283.791 1972.59
-196.488 -717.498 1939.07
-201.654 95.395 1811.48
-235.557 -56.4236 2005.05
FRAME: 234
-274.366 339.799 1800.45
-287.667 -19.9102 2261.83
-239.771 -1022.2 2235.15
-463.541 -251.688 1935.17
-276.168 -218.813 2170.15
-363.443 -648.436 2111.48
-332.865 165.147 2024.39
-265.383 126.767 1909.79
-149.508 -160.036 1776.3
-108.691 -1081.01 2086.91
-336.786 -394.66 1757.8
-157.421 -291.142 1955.31
-207.631 -722.802 1928
-197.901 88.3859 1795.18
-241.089 -64.1055 1986.26
FRAME: 235
-269.352 338.523 1793.59
-302.85 -37.3261 2225.61
-266.393 -1038.99 2196.1
-462.588 -241.091 1886.26
-289.033 -226.502 2149.4
-378.433 -657.852 2094.47
-342.78 158.039 2009.59
-266.916 119.934 1896.38
-155.158 -171.561 1768.42
-116.163 -1094.37 2071.25
-352.072 -407.749 1727.4
-160.152 -294.952 1947.02
-209.51 -726.186 1924.13
-191.051 81.8284 1783.18
-245.754 -70.3965 1972.3
FRAME: 236
-262.577 343.073 1786.44
-383.89 -65.6851 2113.07
-258.834 -1046.74 2202.34
-452.29 -240.949 1873.18
-298.95 -231.453 2130.89
-377.411 -669.119 2093.83
-350.948 158.607 1995.35
-268.005 122.379 1885.63
-157.084 -173.422 1761.26
-120.644 -1101.63 2055.04
-355.409 -403.472 1708.45
-160.961 -294.626 1940.08
-207.388 -725.29 1917.73
-185.061 86.1503 1775.92
-248.98 -70.3304 1960.56
FRAME: 237
-253.03 351.829 1782.23
-476.314 -32.0351 2028.26
-253.904 -1049.41 2201.24
-478.668 -175.749 1871.69
-305.751 -234.431 2113.2
-370.639 -673.468 2082.57
-354.465 164.219 1976.69
-265.979 129.874 1873.67
-150.904 -166.733 1759.45
-132.928 -1108.01 2049.4
-338.989 -377.035 1696.86
-160.709 -293.809 1935.88
-205.177 -726.746 1922.32
-177.494 95.5289 1770.66
-249.605 -67.1232 1949.11
FRAME: 238
-244.998 360.654 1778.7
-521.081 -9.98662 2006.18
-262.996 -1060.61 2182.19
-491.349 -170.074 1841.61
-313.409 -237.455 2094.92
-372.526 -681.3 2067.54
-360.077 170.956 1965.02
-263.576 139.803 1868.32
-144.014 -158.362 1758.53
-150.748 -1108.39 2040.61
-317.255 -379.655 1677.07
-160.293 -289.564 1933.6
-207.154 -723.103 1923.44
-167.076 108.65 1771.63
-250.214 -61.8535 1941.29
FRAME: 239
-239.13 369.134 1777.94
-528.715 -12.3605 2006.25
-269.474 -1071.13 2159.76
-486.403 -169.487 1807.48
-318.23 -239.814 2084.89
-374.215 -678.995 2058.78
-367.994 175.078 1962.93
-265.077 147.03 1869.27
-137.237 -148.387 1757.57
-135.701 -1108.24 2047.2
-310.415 -380.58 1655.92
-159.56 -284.488 1935.44
-198.901 -719.118 1930.14
-162.159 118.982 1775.61
-251.986 -57.5605 1939.72
FRAME: 240
-235.011 373.708 1778.89
-528.507 -20.4222 1985.09
-275.013 -1078.31 2148.46
-474.461 -183.735 1777.25
-325.638 -245.879 2064.5
-375.102 -681.202 2045.73
-381.512 173.493 1954.87
-267.763 150.976 1869.03
-120.068 -139.218 1767.01
-136.574 -1108.31 2032.24
-277.44 -372.894 1657.59
-157.924 -279.983 1933.67
-197.152 -714.163 1923.91
-154.015 128.459 1783.18
-254.772 -55.9775 1934.05
FRAME: 241
-229.977 378.852 1788.54
-545.49 -29.3413 1961.04
-269.84 -1073.11 2150.51
-463.452 -189.873 1722.54
-341.786 -255.104 2014.46
-367.545 -680.987 2019.04
-402.962 159.567 1930.08
-271.515 146.523 1870.86
-98.1329 -133.211 1793.64
-142.671 -1106.87 2022.16
-222.021 -389.503 1664.83
-165.374 -273.34 1931.94
-195.23 -706.09 1929.13
-140.069 133.478 1811.65
-262.548 -58.8498 1922.03
FRAME: 242
-226.381 381.856 1800.3
-552.093 -38.7541 1944.19
-279.475 -1089.19 2119.85
-488.493 -137.475 1723.17
-354.526 -267.659 1981.7
-362.605 -694.73 2006.88
-413.452 148.415 1910.71
-272.475 141.369 1874.94
-86.302 -137.897 1827.71
-148.552 -1115.05 2004.94
-197.422 -388.001 1685.37
-169.411 -277.397 1932.39
-201.006 -710.342 1924.98
-131.498 134.323 1839.16
-267.222 -65.5795 1915.99
FRAME: 243
-225.203 382.722 1807.78
-558.937 -53.8506 1913.51
-285.551 -1102.63 2095.88
-521.839 -91.953 1668.42
-361.772 -275.762 1950.75
-357.62 -702.673 1985.06
-422.528 138.952 1897.17
-274.786 137.671 1880.55
-77.1851 -133.307 1861.34
-152.491 -1107.27 2000.46
-207.133 -353.036 1695.84
-172.71 -277.666 1928.46
-207.099 -708.015 1909.22
-127.044 136.391 1863.94
-271.013 -69.5214 1910.08
FRAME: 244
-224.777 382.848 1818.22
-566.292 -49.8854 1890.55
-287.687 -1104.2 2076.86
-473.39 -136.798 1637.87
-363.128 -277.892 1934.74
-360.702 -699.607 1978.48
-425.791 135.244 1890.48
-277.48 136.889 1886.61
-77.5853 -130.507 1901.06
-164.183 -1093.55 2000.62
-140.45 -388.384 1726.35
-181.192 -276.155 1930.85
-217.329 -692.008 1934.8
-129.168 138.535 1882.74
-274.82 -70.0672 1909.7
FRAME: 245
-226.154 381.396 1825.19
-563.936 -58.9567 1859.14
-298.265 -1104.89 2058.3
-466.675 -136.549 1615.51
-370.159 -280.539 1933.55
-368.392 -707.137 1964.39
-428.597 133.501 1892.6
-283.617 135.433 1897.47
-81.9617 -124.444 1921.57
-177.87 -1074.79 2011.32
-134.123 -379.572 1747.28
-192.789 -278.205 1940.6
-232.612 -701.752 1936.98
-138.636 137.365 1902.34
-282.545 -71.9696 1917.27
FRAME: 246
-228.415 379.615 1832.73
-549.216 -72.162 1832.98
-300.748 -1100.05 2055.1
-411.522 -165.818 1616.72
-372.862 -282.744 1929.98
-372.413 -714.384 1963.1
-430.406 130.304 1895.82
-287.855 133.609 1909.94
-95.6204 -125.899 1937.49
-171.546 -1028.58 1998.59
-142.841 -354.412 1760.34
-197.995 -278.72 1948.49
-230.9 -710.983 1934.03
-145.304 136.914 1924.06
-286.642 -73.5616 1924.59
FRAME: 247
-230.387 377.578 1843.27
-536.789 -83.6636 1826.48
-305.64 -1115.16 2056.31
-381.418 -169.371 1615.34
-373.82 -284.906 1927.75
-373.319 -717.606 1956.92
-432.373 126.165 1899.35
-291.96 130.808 1921.9
-118.677 -128.762 1952.91
-179.456 -1099.38 2011.71
-111.125 -368.149 1803.22
-202.713 -279.236 1956.62
-235.207 -710.395 1939.05
-151.547 135.451 1944.45
-290.113 -75.6316 1932.04
FRAME: 248
-234.277 379.364 1855.07
-506.744 -112.185 1837.8
-311.483 -1123.51 2061.83
-375.388 -125.241 1580.07
-369.677 -286.453 1938.05
-368.331 -721.413 1971.67
-435.5 121.297 1902.6
-296.225 129.042 1931.17
-141.536 -126.688 1963.84
-193.607 -1111.25 2029.74
-115.104 -350.264 1838.22
-200.021 -277.022 1974.4
-227.608 -706.302 1963.76
-156.95 136.786 1959.73
-290.537 -76.3479 1943.7
FRAME: 249
-239.267 380.818 1868.43
-498.465 -116.897 1843.9
-316.067 -1119.89 2066.62
-310.028 -161.989 1633.64
-374.528 -284.094 1952.18
-371.424 -719.02 1990.53
-434.159 125.83 1894.47
-300.676 133.099 1940.86
-149.275 -128.356 2001.05
-182.183 -1120.34 2029.62
-119.446 -343.478 1863.13
-220.365 -275.872 2008.58
-203.448 -707.556 1993.28
-167.194 140.368 1987.25
-299.061 -73.442 1960.62
FRAME: 250
-242.388 384.189 1878.01
-486.329 -113.737 1852.47
-319.49 -1125.7 2085.09
-289.835 -162.868 1686.03
-381.084 -288.843 1962.93
-386.804 -724.562 2002.21
-437.076 129.532 1895.65
-306.196 136.512 1949.72
-161.219 -118.569 2026.45
-178.245 -1126.04 2040.89
-96.5473 -345.806 1915.69
-232.844 -281.152 2027.03
-192.723 -713.191 2024.03
-175.316 143.492 2003.79
-306.58 -74.2427 1972.35
FRAME: 251
-245.876 385.156 1888.31
-467.404 -109.322 1844.62
-325.37 -1119.43 2093.68
-236.086 -189.434 1744.73
-386.683 -292.676 1968.92
-390.796 -729.277 2016.95
-437.688 133.169 1895.63
-311.846 140.279 1960.21
-175.063 -104.438 2055.88
-187.406 -1134.41 2060.49
-99.367 -340.231 1943.72
-245.289 -284.87 2044.55
-192.689 -716.729 2059.98
-186.004 147.389 2024.79
-313.916 -74.2472 1983.47
FRAME: 252
-250.048 387.257 1898.2
-452.082 -110.177 1851.14
-329.715 -1118.27 2105.9
-216.857 -188.684 1786.89
-397.814 -291.91 1978.9
-392.725 -722.733 2028.22
-440.425 137.93 1898.69
-319.108 145.363 1968.67
-186.037 -86.5513 2086.42
-198.81 -1137.04 2091.29
-99.9314 -328.443 1979.18
-255.433 -283.294 2063.29
-203.009 -717.268 2088.25
-197.79 152.797 2038.64
-322.866 -71.1193 1994.88
FRAME: 253
-254.947 388.599 1910.87
-435.03 -112.82 1863.04
-338.492 -1118.96 2128.39
-194.73 -201.543 1825.48
-407.418 -283.044 2001.03
-397.972 -713.109 2054.78
-438.732 139.807 1900.74
-322.731 148.26 1981.75
-200.281 -83.3371 2137.2
-212.257 -1123.55 2108.13
-129.049 -300.951 1970.64
-274.367 -273.718 2095.88
-227.765 -707.424 2110.35
-206.731 156.713 2062.77
-331.812 -65.0606 2015.1
FRAME: 254
-259.744 388.752 1924.87
-429.94 -118.437 1885.45
-343.36 -1118.45 2142.34
-188.204 -213.731 1854.23
-410.491 -281.112 2014.39
-395.737 -712.247 2073.41
-433.614 139.215 1905.43
-325.014 148.228 1993.31
-208.588 -83.1112 2152.85
-217.243 -1127.77 2118.53
-127.507 -299.39 1990.62
-287.199 -271.506 2115.65
-234.612 -706.38 2120.19
-216.413 157.241 2081.2
-336.929 -64.0406 2029.17
FRAME: 255
-263.954 384.727 1935.69
-424.871 -126.845 1895.48
-346.385 -1113.66 2146.28
-178.91 -225.001 1863.13
-410.618 -282.626 2026.53
-392.129 -707.178 2084.15
-427.55 134.307 1909.89
-324.326 144.529 2001.66
-213.165 -92.0843 2167.46
-224.16 -1122.93 2136.9
-144.392 -271.624 1962.11
-293.011 -271.557 2132.59
-237.859 -708.557 2133.5
-221.101 154.751 2093.43
-338.07 -66.2811 2040.61
FRAME: 256
-263.301 384.839 1943.66
-424.207 -138.434 1908.67
-345.926 -1120.9 2151.19
-174.883 -247.435 1901.79
-411.578 -288.609 2039.07
-385.996 -711.81 2092.3
-420.124 129.181 1914.16
-323.277 139.948 2009.85
-213.13 -115.008 2168.02
-221.338 -1123.78 2154.1
-153.975 -252.688 1930.44
-303.519 -277.107 2147.68
-234.71 -712.217 2156.75
-226.431 150.715 2105.53
-340.413 -71.455 2051.61
FRAME: 257
-265.458 380.951 1950.68
-424.393 -147.824 1919.66
-348.72 -1115.58 2158.87
-179.747 -260.686 1913.7
-407.888 -290.764 2046.95
-375.698 -707.782 2101.48
-412.387 122.983 1914.76
-320.876 136.248 2016.4
-213.654 -134.952 2169.79
-220.946 -1122.75 2174.19
-157.933 -241.13 1901.76
-305.791 -276.389 2161.92
-232.037 -708.528 2179.81
-229.364 149.513 2118.04
-338.858 -73.664 2060.42

