FRAME: 0
0 0 0
0 0 0
0 0 0
0 0 0
0 0 0
0 0 0
0 0 0
0 0 0
0 0 0
0 0 0
0 0 0
0 0 0
0 0 0
0 0 0
0 0 0
FRAME: 1
0 0 0
0 0 0
0 0 0
0 0 0
0 0 0
0 0 0
0 0 0
0 0 0
0 0 0
0 0 0
0 0 0
0 0 0
0 0 0
0 0 0
0 0 0
FRAME: 2
0 0 0
0 0 0
0 0 0
0 0 0
0 0 0
0 0 0
0 0 0
0 0 0
0 0 0
0 0 0
0 0 0
0 0 0
0 0 0
0 0 0
0 0 0
FRAME: 3
0 0 0
0 0 0
0 0 0
0 0 0
0 0 0
0 0 0
0 0 0
0 0 0
0 0 0
0 0 0
0 0 0
0 0 0
0 0 0
0 0 0
0 0 0
FRAME: 4
0 0 0
0 0 0
0 0 0
0 0 0
0 0 0
0 0 0
0 0 0
0 0 0
0 0 0
0 0 0
0 0 0
0 0 0
0 0 0
0 0 0
0 0 0
FRAME: 5
0 0 0
0 0 0
0 0 0
0 0 0
0 0 0
0 0 0
0 0 0
0 0 0
0 0 0
0 0 0
0 0 0
0 0 0
0 0 0
0 0 0
0 0 0
FRAME: 6
0 0 0
0 0 0
0 0 0
0 0 0
0 0 0
0 0 0
0 0 0
0 0 0
0 0 0
0 0 0
0 0 0
0 0 0
0 0 0
0 0 0
0 0 0
FRAME: 7
0 0 0
0 0 0
0 0 0
0 0 0
0 0 0
0 0 0
0 0 0
0 0 0
0 0 0
0 0 0
0 0 0
0 0 0
0 0 0
0 0 0
0 0 0
FRAME: 8
0 0 0
0 0 0
0 0 0
0 0 0
0 0 0
0 0 0
0 0 0
0 0 0
0 0 0
0 0 0
0 0 0
0 0 0
0 0 0
0 0 0
0 0 0
FRAME: 9
0 0 0
0 0 0
0 0 0
0 0 0
0 0 0
0 0 0
0 0 0
0 0 0
0 0 0
0 0 0
0 0 0
0 0 0
0 0 0
0 0 0
0 0 0
FRAME: 10
0 0 0
0 0 0
0 0 0
0 0 0
0 0 0
0 0 0
0 0 0
0 0 0
0 0 0
0 0 0
0 0 0
0 0 0
0 0 0
0 0 0
0 0 0
FRAME: 11
0 0 0
0 0 0
0 0 0
0 0 0
0 0 0
0 0 0
0 0 0
0 0 0
0 0 0
0 0 0
0 0 0
0 0 0
0 0 0
0 0 0
0 0 0
FRAME: 12
0 0 0
0 0 0
0 0 0
0 0 0
0 0 0
0 0 0
0 0 0
0 0 0
0 0 0
0 0 0
0 0 0
0 0 0
0 0 0
0 0 0
0 0 0
FRAME: 13
0 0 0
0 0 0
0 0 0
0 0 0
0 0 0
0 0 0
0 0 0
0 0 0
0 0 0
0 0 0
0 0 0
0 0 0
0 0 0
0 0 0
0 0 0
FRAME: 14
0 0 0
0 0 0
0 0 0
0 0 0
0 0 0
0 0 0
0 0 0
0 0 0
0 0 0
0 0 0
0 0 0
0 0 0
0 0 0
0 0 0
0 0 0
FRAME: 15
0 0 0
0 0 0
0 0 0
0 0 0
0 0 0
0 0 0
0 0 0
0 0 0
0 0 0
0 0 0
0 0 0
0 0 0
0 0 0
0 0 0
0 0 0
FRAME: 16
0 0 0
0 0 0
0 0 0
0 0 0
0 0 0
0 0 0
0 0 0
0 0 0
0 0 0
0 0 0
0 0 0
0 0 0
0 0 0
0 0 0
0 0 0
FRAME: 17
0 0 0
0 0 0
0 0 0
0 0 0
0 0 0
0 0 0
0 0 0
0 0 0
0 0 0
0 0 0
0 0 0
0 0 0
0 0 0
0 0 0
0 0 0
FRAME: 18
0 0 0
0 0 0
0 0 0
0 0 0
0 0 0
0 0 0
0 0 0
0 0 0
0 0 0
0 0 0
0 0 0
0 0 0
0 0 0
0 0 0
0 0 0
FRAME: 19
0 0 0
0 0 0
0 0 0
0 0 0
0 0 0
0 0 0
0 0 0
0 0 0
0 0 0
0 0 0
0 0 0
0 0 0
0 0 0
0 0 0
0 0 0
FRAME: 20
0 0 0
0 0 0
0 0 0
0 0 0
0 0 0
0 0 0
0 0 0
0 0 0
0 0 0
0 0 0
0 0 0
0 0 0
0 0 0
0 0 0
0 0 0
FRAME: 21
0 0 0
0 0 0
0 0 0
0 0 0
0 0 0
0 0 0
0 0 0
0 0 0
0 0 0
0 0 0
0 0 0
0 0 0
0 0 0
0 0 0
0 0 0
FRAME: 22
0 0 0
0 0 0
0 0 0
0 0 0
0 0 0
0 0 0
0 0 0
0 0 0
0 0 0
0 0 0
0 0 0
0 0 0
0 0 0
0 0 0
0 0 0
FRAME: 23
0 0 0
0 0 0
0 0 0
0 0 0
0 0 0
0 0 0
0 0 0
0 0 0
0 0 0
0 0 0
0 0 0
0 0 0
0 0 0
0 0 0
0 0 0
FRAME: 24
0 0 0
0 0 0
0 0 0
0 0 0
0 0 0
0 0 0
0 0 0
0 0 0
0 0 0
0 0 0
0 0 0
0 0 0
0 0 0
0 0 0
0 0 0
FRAME: 25
0 0 0
0 0 0
0 0 0
0 0 0
0 0 0
0 0 0
0 0 0
0 0 0
0 0 0
0 0 0
0 0 0
0 0 0
0 0 0
0 0 0
0 0 0
FRAME: 26
0 0 0
0 0 0
0 0 0
0 0 0
0 0 0
0 0 0
0 0 0
0 0 0
0 0 0
0 0 0
0 0 0
0 0 0
0 0 0
0 0 0
0 0 0
FRAME: 27
0 0 0
0 0 0
0 0 0
0 0 0
0 0 0
0 0 0
0 0 0
0 0 0
0 0 0
0 0 0
0 0 0
0 0 0
0 0 0
0 0 0
0 0 0
FRAME: 28
0 0 0
0 0 0
0 0 0
0 0 0
0 0 0
0 0 0
0 0 0
0 0 0
0 0 0
0 0 0
0 0 0
0 0 0
0 0 0
0 0 0
0 0 0
FRAME: 29
0 0 0
0 0 0
0 0 0
0 0 0
0 0 0
0 0 0
0 0 0
0 0 0
0 0 0
0 0 0
0 0 0
0 0 0
0 0 0
0 0 0
0 0 0
FRAME: 30
0 0 0
0 0 0
0 0 0
0 0 0
0 0 0
0 0 0
0 0 0
0 0 0
0 0 0
0 0 0
0 0 0
0 0 0
0 0 0
0 0 0
0 0 0
FRAME: 31
0 0 0
0 0 0
0 0 0
0 0 0
0 0 0
0 0 0
0 0 0
0 0 0
0 0 0
0 0 0
0 0 0
0 0 0
0 0 0
0 0 0
0 0 0
FRAME: 32
0 0 0
0 0 0
0 0 0
0 0 0
0 0 0
0 0 0
0 0 0
0 0 0
0 0 0
0 0 0
0 0 0
0 0 0
0 0 0
0 0 0
0 0 0
FRAME: 33
0 0 0
0 0 0
0 0 0
0 0 0
0 0 0
0 0 0
0 0 0
0 0 0
0 0 0
0 0 0
0 0 0
0 0 0
0 0 0
0 0 0
0 0 0
FRAME: 34
0 0 0
0 0 0
0 0 0
0 0 0
0 0 0
0 0 0
0 0 0
0 0 0
0 0 0
0 0 0
0 0 0
0 0 0
0 0 0
0 0 0
0 0 0
FRAME: 35
0 0 0
0 0 0
0 0 0
0 0 0
0 0 0
0 0 0
0 0 0
0 0 0
0 0 0
0 0 0
0 0 0
0 0 0
0 0 0
0 0 0
0 0 0
FRAME: 36
0 0 0
0 0 0
0 0 0
0 0 0
0 0 0
0 0 0
0 0 0
0 0 0
0 0 0
0 0 0
0 0 0
0 0 0
0 0 0
0 0 0
0 0 0
FRAME: 37
0 0 0
0 0 0
0 0 0
0 0 0
0 0 0
0 0 0
0 0 0
0 0 0
0 0 0
0 0 0
0 0 0
0 0 0
0 0 0
0 0 0
0 0 0
FRAME: 38
0 0 0
0 0 0
0 0 0
0 0 0
0 0 0
0 0 0
0 0 0
0 0 0
0 0 0
0 0 0
0 0 0
0 0 0
0 0 0
0 0 0
0 0 0
FRAME: 39
0 0 0
0 0 0
0 0 0
0 0 0
0 0 0
0 0 0
0 0 0
0 0 0
0 0 0
0 0 0
0 0 0
0 0 0
0 0 0
0 0 0
0 0 0
FRAME: 40
-73.3223 598.282 2616.97
-115.453 340.004 2328.27
-213.469 -958.786 2858.27
108.076 459.53 2120.32
-142.813 -159.511 2670.65
-177.695 -584.771 2712
-172.9 330.154 2584.42
-31.8229 333.084 2658.89
335.821 319.533 2769.07
167.328 -966.709 2952.91
334.063 602.149 2652.93
37.3593 -155.818 2765.7
133.788 -567.079 2807.17
109.254 336.013 2733.37
-42.2748 87.7094 2688.53
FRAME: 41
-71.9422 611.674 2609.79
-126.175 391.337 2339.34
-219.053 -914.421 2835.84
74.2222 492.65 2119.99
-137.502 -153.531 2661.89
-176.931 -579.089 2698.63
-173.898 356.459 2588.76
-38.3131 360.927 2666.19
331.209 360.454 2785.72
165.329 -968.676 2951.5
325.094 653.608 2700.88
41.3322 -147.645 2763.94
129.807 -563.333 2810.37
97.2715 365.395 2743.61
-43.199 105.17 2689.55
FRAME: 42
-54.6939 629.599 2582.48
-145.315 432.758 2342.28
-219.238 -917.298 2828.33
33.9405 535.998 2117.78
-131.397 -123.741 2642.67
-171.252 -547.872 2685.56
-159.061 396.307 2580.94
-30.3116 399.705 2661.95
337.605 433.029 2827.51
163.586 -959.223 2952.13
276.468 715.722 2763
50.1275 -119.032 2756.65
127.052 -549.906 2815.55
98.4374 403.102 2742.96
-35.4731 139.159 2680.8
FRAME: 43
-48.9837 641.914 2580.71
-157.508 469.781 2337.12
-215.516 -908.53 2820.89
16.2804 562.212 2110.07
-118.182 -110.358 2631.9
-163.675 -527.736 2680.08
-156.633 410.605 2580.29
-30.7669 415.451 2661.72
324.364 456.692 2849.35
166.995 -952.776 2928.62
267.453 726.978 2793.56
60.3975 -103.569 2747.3
125.029 -543.037 2805.85
95.0997 420.297 2743.15
-29.8296 154.244 2675.66
FRAME: 44
-39.5558 650.871 2576.73
-167.598 494.084 2333.54
-211.951 -915.534 2818.61
3.11954 578.049 2103.67
-110.258 -101.113 2622.68
-160.86 -524.88 2676.47
-158.938 420.499 2574.56
-32.907 426.8 2656.3
309.512 474.312 2852.43
172.653 -942.082 2918.92
275.11 707.381 2833.96
65.7765 -92.3222 2736.86
129.565 -530.64 2798.32
93.1237 433.101 2738.05
-27.574 165.041 2668.04
FRAME: 45
-41.9898 653.037 2569.21
-182.808 512.261 2329.49
-209.141 -909.08 2813.36
-10.9713 591.308 2096.04
-105.543 -98.687 2621.24
-157.353 -522.512 2675.02
-161.134 424.629 2567.18
-33.3766 432.741 2649.25
293.89 483.342 2856.64
173.554 -945.05 2915.8
278.891 681.762 2812.64
69.1502 -87.6118 2733.46
132.259 -530.707 2792.96
94.3808 440.853 2731.32
-25.7866 169.796 2663.3
FRAME: 46
-43.3839 647.7 2562.31
-211.177 509.423 2332.64
-206.51 -894.803 2808.56
-29.4257 596.248 2085.84
-102.928 -96.0729 2623.11
-155.435 -507.937 2667.7
-165.577 428.067 2564.68
-38.8695 438.882 2640.3
275.438 480.772 2850.3
173.775 -954.772 2915.19
238.244 735.303 2860.6
72.782 -81.1521 2727.75
136.772 -536.149 2786.32
87.8378 449.697 2715.92
-26.9712 175.135 2657.86
FRAME: 47
-37.5309 649.777 2551.05
-252.204 472.258 2326.75
-204.331 -886.674 2799.74
-62.9673 591.052 2020.01
-100.427 -94.5675 2623.13
-155.138 -505.912 2663.48
-172.393 431.66 2561.02
-42.6182 444.639 2631.24
272.869 484.128 2842.35
174.914 -951.917 2913.66
204.959 747.906 2886.3
77.5973 -76.8215 2719.27
141.733 -533.262 2779.2
87.1564 457.619 2701.45
-27.0166 179.472 2651.22
FRAME: 48
-24.7912 660.236 2543.23
-332.485 392.738 2360.34
-206.611 -885.596 2801.31
-134.396 517.623 2069.13
-98.3307 -89.8076 2631.01
-156.202 -505.533 2665.1
-177.751 427.438 2569.22
-40.7659 441.715 2626.76
288.401 495.803 2826.69
178.598 -952.313 2908.47
175.44 738.004 2877.34
88.9105 -70.3447 2709.59
147.282 -532.826 2772.01
96.2191 455.992 2684.29
-22.738 180.819 2648.53
FRAME: 49
-37.5429 659.934 2563.51
-349.445 346.746 2400.38
-209.163 -887.746 2809.8
-168.06 463.683 2096.34
-96.1819 -89.4457 2643.18
-158.325 -507.174 2671.41
-189.829 423.076 2591.91
-43.2305 438.464 2636.06
312.043 497.447 2810.05
182.07 -955.432 2902.25
178.678 719.768 2879.14
96.6382 -69.2589 2701.06
153.365 -532.119 2759.77
103.368 453.852 2680.21
-21.5012 179.556 2654.09
FRAME: 50
-53.7913 650.46 2579.63
-365.139 304.043 2438.94
-210.895 -906.671 2823.54
-171.142 429.601 2128.52
-91.8021 -87.9873 2656.83
-160.164 -517.471 2684.69
-193.762 416.026 2613.34
-39 431.876 2646.92
353.952 498.748 2773.5
184.478 -957.067 2898.61
197.521 717.53 2859.48
104.897 -67.7984 2699.45
157.049 -532.281 2754.15
115.762 447.727 2680.5
-16.2262 176.992 2662.53
FRAME: 51
-56.2032 646.583 2588.5
-364.32 253.141 2476.81
-212.217 -907.697 2834.13
-192.581 372.538 2173.95
-87.4144 -89.8527 2670.85
-160.616 -525.411 2700.77
-193.746 407.518 2628.03
-30.5097 422.434 2650.07
366.694 511.64 2746.89
185.553 -961.588 2898.94
203.06 698.455 2829.41
109.351 -71.8656 2697.4
159.67 -535.246 2751.54
132.727 437.35 2672.11
-9.77061 170.787 2667.1
FRAME: 52
-61.1448 647.495 2593.75
-337.598 209.149 2531.77
-211.818 -901.607 2835.39
-216.303 318.906 2231.48
-82.0392 -86.2396 2682.87
-146.858 -530.008 2714.98
-196.593 405.658 2639.49
-26.0192 421.236 2650.27
376.923 537.918 2677.57
186.889 -961.489 2897.63
242.337 637.03 2722.85
116.442 -68.098 2695.47
162.843 -531.077 2748.83
144.555 436.814 2661.05
-4.40885 172.033 2669.72
FRAME: 53
-64.9575 643.523 2599.98
-304.26 166.553 2611.72
-212.13 -917.325 2856.34
-224.666 257.255 2320.58
-71.858 -85.5747 2693.01
-140.209 -530.686 2733.91
-196.528 404.804 2650.91
-24.9159 422.226 2650.92
365.522 511.267 2571.15
187.039 -956.516 2898.54
259.457 649.022 2694.2
123.069 -65.7826 2693.08
163.368 -526.839 2750.06
146.696 439.648 2650.93
0.344875 173.274 2671.98
FRAME: 54
-66.7112 640.901 2606.7
-288.353 148.541 2655.12
-215.525 -932.776 2879.31
-226.033 195.608 2351.74
-68.218 -93.8084 2709.99
-146.741 -531.383 2748.32
-197.549 390.135 2663.85
-26.3575 408.653 2649.77
314.917 484.753 2489.86
186.263 -959.778 2903.75
273.328 634.68 2664.3
130.697 -72.2873 2693.6
165.275 -532.273 2757.8
144.834 427.17 2635.7
2.44099 162.802 2675.78
FRAME: 55
-75.9297 615.7 2611.64
-235.637 123.266 2723.89
-217.876 -915.27 2894.18
-201.796 65.3943 2440.84
-68.9292 -121.389 2739.79
-148.262 -522.046 2766.57
-187.342 361.997 2687.2
-19.2905 375.842 2651.53
161.742 287.878 2370.58
188.162 -973.971 2907.74
118.198 451.946 2148.21
138.813 -104.379 2695.44
169.417 -548.877 2766.07
148.761 389.687 2615.86
7.82573 131.479 2684.57
FRAME: 56
-80.0216 601.49 2611.98
-199.105 108.172 2760.89
-205.943 -880.894 2906.3
-197.381 -33.7798 2487.19
-64.9812 -134.637 2765.62
-142.425 -515.802 2770.81
-165.741 346.937 2708.19
-9.97224 353.681 2655.36
135.496 240.8 2366.28
185.352 -978.025 2906.8
80.7637 408.999 2170.82
137.833 -125.959 2696.94
165.866 -555.553 2773.72
145.797 360.426 2602.53
13.2268 111.692 2693.32
FRAME: 57
-79.8904 572.101 2614.01
-189.123 113.531 2709.4
-197.468 -860.781 2915.89
-170.435 18.718 2515.81
-61.5547 -148.115 2791.21
-135.946 -547.196 2821.44
-143.277 329.99 2718.16
-8.31703 331.28 2653.22
95.1325 140.64 2407.43
177.958 -980.106 2910.39
47.7085 186.595 2172.63
138.124 -146.463 2695.2
168.346 -585.231 2768.14
126.643 332.57 2588.27
14.9839 91.9957 2698.21
FRAME: 58
-83.854 564.58 2610.79
-157.748 91.6299 2734.68
-189.796 -865.83 2936.29
-129.985 -51.721 2677.6
-51.5486 -152.696 2810.64
-136.583 -556.915 2837.28
-141.908 336.321 2739.41
-21.0546 336.331 2659.35
72.3552 110.126 2434.73
164.921 -963.799 2897.66
-40.3535 14.1503 2184.83
129.728 -152.754 2690.58
160.337 -581.834 2757.32
99.7988 336.34 2579.3
9.0176 91.8029 2704.98
FRAME: 59
-89.9563 553.888 2605.13
-140.649 42.7616 2775.78
-179.462 -885.364 2972.3
-189.154 -177.61 2648.09
-36.5383 -161.28 2834.1
-120.968 -573.289 2857.62
-149.491 291.588 2759.56
-45.9869 286.811 2655.33
56.5293 48.5773 2479.56
146.722 -964.492 2884.03
-132.18 -115.122 2349.25
112.233 -168.11 2684.72
144.834 -588.554 2741.49
57.5168 282.035 2551.09
-4.06964 61.0583 2707.37
FRAME: 60
-100.824 524.218 2600.48
-140.551 30.1291 2807.63
-174.881 -893.854 2993.95
-141.486 -131.765 2658.07
-35.4194 -181.544 2851.72
-118.557 -578.643 2880.28
-151.277 270.251 2770.57
-55.2858 261.298 2661.34
29.6442 -10.6336 2555.78
137.656 -963.164 2883.13
-151.414 -199.897 2500.65
99.6752 -194.128 2698.24
128.659 -613.557 2745.01
40.7054 252.346 2552.11
-11.579 36.7313 2718.16
FRAME: 61
-116.265 497.728 2602.58
-115.722 11.8938 2831.8
-167.555 -913.015 3017.72
-187.572 -199.868 2714.94
-32.8746 -195.181 2867.28
-112.641 -592.676 2911.44
-150.16 254.232 2784.33
-67.5833 240.939 2672.26
7.44281 -39.2013 2599.1
128.01 -964.966 2884.16
-152.669 -226.178 2644.69
78.8787 -213.063 2716.23
117.163 -627.026 2754.7
14.9933 227.647 2560.2
-22.2906 18.4087 2732.01
FRAME: 62
-132.999 479.712 2598.72
-110.982 -2.73771 2848.81
-161.41 -925.386 3033.64
-218.74 -263.342 2757.21
-31.5792 -201.36 2878.62
-106.776 -598.152 2934.48
-156.673 244.079 2792.28
-81.0355 231.676 2680.91
-7.73654 -61.8629 2612.89
110.737 -965.023 2886.66
-193.58 -304.826 2771.37
75.6244 -218.785 2721.25
105.108 -640.275 2758.63
-5.39778 219.273 2569.54
-29.5065 10.8016 2740.42
FRAME: 63
-153.309 450.038 2592.64
-111.151 -13.5559 2862.83
-156.683 -928.202 3045.24
-227.053 -280.091 2786.84
-43.3571 -207.865 2885.33
-104.54 -605.29 2951.71
-162.475 232.095 2798.79
-88.4215 221.226 2690.91
-3.04199 -63.7176 2620.25
102.263 -962.871 2874.11
-177.973 -275.317 2815.17
68.2503 -224.267 2723.07
87.5611 -647.208 2752.87
-14.3679 210.358 2583.03
-37.9875 2.58005 2747.55
FRAME: 64
-166.181 432.649 2590
-113.63 -10.8422 2870.82
-151.477 -907.438 3038.53
-214.837 -220.353 2791.1
-47.1359 -207.05 2893.34
-105.519 -613.718 2960.84
-165.039 220.725 2808.26
-95.5736 209.521 2701.47
-2.72745 -62.8797 2619.14
99.2139 -970.922 2874.55
-179.069 -253.208 2826.26
58.8239 -224.217 2730.78
64.796 -649.862 2751.07
-26.1079 198.318 2594.69
-44.8648 -3.05625 2756.77
FRAME: 65
-173.52 423.428 2590.58
-110.838 -8.27852 2887.24
-148.829 -898.591 3032.09
-210.495 -223.531 2824.1
-47.3892 -202.476 2902.17
-108.738 -614.997 2959.7
-166.85 217.614 2817.21
-103.187 204.24 2708.49
2.16674 -63.4687 2617.72
97.8353 -1001.69 2875.14
-178.714 -249.519 2823.89
48.5394 -222.585 2738.68
55.3499 -654.855 2753.13
-39.5236 190.866 2599.78
-51.3058 -4.14514 2764.46
FRAME: 66
-176.927 419.858 2590.77
-109.767 8.85049 2878.94
-150.403 -896.503 3030.47
-223.098 -169.502 2786.49
-50.2575 -201.508 2907.08
-109.365 -617.883 2961.81
-168.633 215.521 2821.58
-107.338 200.145 2711.79
8.51667 -64.0527 2625.97
98.604 -999.083 2880.48
-162.578 -249.975 2824.26
39.8324 -223.96 2746.12
48.3189 -659.783 2754.69
-46.0424 184.768 2601.99
-56.2752 -6.29456 2769.19
FRAME: 67
-177.745 418.266 2590.65
-108.988 11.1731 2895.61
-153.065 -886.972 3020.07
-182.189 -119.862 2816.67
-54.3119 -199.621 2912.56
-116.729 -618.047 2960.8
-166.955 208.386 2826.63
-103.462 190.945 2715.83
29.1904 -80.8929 2662.22
103.562 -996.358 2879.97
-188.053 -247.652 2822.75
36.5925 -224.486 2754.08
47.9702 -659.038 2759.47
-39.9693 173.504 2605.02
-56.161 -10.5543 2774.57
FRAME: 68
-177.355 417.03 2592.44
-105.064 11.5573 2890.57
-157.188 -885.388 3018.7
-166.227 -79.9777 2807.95
-60.9497 -199.386 2912.22
-126.626 -617.502 2961.39
-164.552 201.512 2827.8
-95.5908 182.671 2717.65
38.705 -73.6881 2688.6
110.388 -1002.08 2890.83
-191.916 -239.116 2825.71
34.1916 -225.275 2760.43
51.9998 -653.29 2763.68
-26.6299 163.829 2607.5
-54.4849 -14.8299 2776.99
FRAME: 69
-169.627 420.988 2590.84
-99.9247 12.0568 2900.25
-165.553 -899.511 3020.89
-163.636 89.5854 2731.16
-66.6507 -201.349 2911.39
-132.437 -614.443 2962.46
-170.691 195.544 2827.09
-96.4977 178.5 2719.06
50.7159 -43.7866 2685.9
112.803 -1001.84 2895.22
-92.4744 -256.793 2799.48
36.112 -224.791 2762.08
54.5947 -647.714 2766.72
-22.3043 161.456 2611.04
-55.8835 -17.285 2777.9
FRAME: 70
-156.472 434.081 2589.09
-92.6782 12.42 2927.23
-178.483 -919.173 3025.62
-155.415 132.695 2730.11
-77.6298 -202.63 2912.96
-143.894 -612.3 2957.04
-179.924 199.657 2824.43
-97.3779 183.877 2719.6
47.3171 -33.7489 2681.33
117.216 -1000.57 2900.9
-54.7486 -242.528 2757.31
36.497 -224.303 2768.39
61.6901 -636.374 2773.94
-14.8321 168.098 2614.77
-58.9721 -14.7945 2780.14
FRAME: 71
-146.37 449.569 2585.78
-109.959 32.9519 2926
-185.045 -941.155 3030.97
-184.168 164.779 2723.65
-84.9867 -204.057 2909.67
-148.778 -615.162 2953.19
-190.623 210.819 2821.27
-98.5454 196.335 2717.01
51.589 -19.5522 2676.81
122.141 -994.467 2912.1
-44.0609 -228.041 2746.32
36.9802 -223.387 2771.32
67.2665 -624.716 2779.22
-6.46773 181.851 2612.74
-61.2743 -8.69358 2778.75
FRAME: 72
-138.423 464.552 2582.89
-109.532 40.6817 2927.95
-190.434 -944.929 3029.52
-173.611 50.5064 2811.48
-85.6628 -200.016 2905.32
-157.363 -609.002 2943.49
-192.242 233.555 2812.56
-96.2505 220.056 2712.6
84.5864 7.36247 2660.41
128.722 -985.481 2922.67
-36.4105 -232.956 2742.15
37.7173 -217.536 2776.43
74.7551 -619.777 2785.69
-0.258881 206.558 2612.63
-60.1116 5.6403 2776.74
FRAME: 73
-133.517 476.45 2581.18
-132.741 65.9519 2927.35
-193.588 -950.775 3029.27
-195.893 104.265 2776.73
-86.3254 -190.005 2900.48
-165.236 -602.204 2940.52
-198.44 244.779 2811.23
-94.6689 231.98 2711.14
123.812 17.6976 2652.11
128.604 -970.575 2934.68
-28.6144 -240.893 2739.05
38.8477 -205.459 2779.77
79.5989 -616.081 2789.1
9.10242 219.181 2611.05
-59.2039 17.1241 2775.63
FRAME: 74
-128.078 481.813 2583.16
-159.212 75.5239 2915.93
-197.352 -955.92 3026.63
-248.094 155.476 2781.69
-92.4038 -185.883 2898.91
-170.34 -597.524 2936.73
-210.438 262.182 2813.81
-96.1346 251.746 2713.83
134.923 20.9449 2655.2
135.009 -945.402 2932.01
-43.1774 -210.22 2721.7
39.5267 -198.134 2783.28
84.0484 -604.155 2795.81
18.1693 241.31 2613.86
-61.2865 29.8687 2777.47
FRAME: 75
-123.677 489.562 2578.23
-225.655 55.2213 2921.98
-200.674 -963.659 3022.95
-207.185 38.9994 2802.92
-123.925 -181.063 2899.87
-191.061 -595.933 2926.66
-242.951 264.965 2811.64
-107.669 259.193 2717.18
133.894 23.9842 2677.33
138.852 -943.556 2938.97
-56.973 -193.088 2706.89
41.7264 -188.232 2784.72
87.9688 -595.268 2801.02
27.6119 253.421 2622.72
-74.3845 37.2726 2779.74
FRAME: 76
-118.95 496.686 2575.83
-271.271 28.8525 2893.82
-202.174 -960.95 3020.85
-274.353 -176.314 2796.99
-140.428 -170.872 2891.19
-192.044 -589.968 2924.74
-253.37 266.91 2800.44
-107.072 262.674 2716.53
141.806 23.3266 2696.48
141.824 -942.352 2940.88
-61.9481 -212.103 2715.23
40.0808 -175.882 2788.2
90.7053 -581.234 2812.48
39.2266 258.437 2632.63
-78.6226 44.6481 2778.11
FRAME: 77
-108.554 504.956 2569.16
-287.324 33.6084 2862.49
-211.175 -911.79 3012.23
-241.006 -204.929 2757.36
-154.681 -145.208 2875.51
-204.314 -557.52 2898.31
-259.598 266.767 2766.39
-100.628 262.445 2706.08
149.474 13.6834 2728.58
145.973 -941.824 2949.7
-32.6998 -204.292 2699.85
32.5373 -150.257 2804.84
96.9622 -563.322 2832.47
58.3426 258.123 2645.77
-80.8498 57.3561 2773.13
FRAME: 78
-101.124 507.045 2562.54
-310.537 18.7053 2847.06
-212.101 -915.392 3005.89
-247.609 -276.424 2723.76
-167.67 -145.263 2862.01
-208.807 -555.918 2891.79
-269.113 261.197 2742.58
-100.109 260.107 2697.6
158.823 16.878 2750.04
151.128 -925.927 2953.77
-19.3407 -148.27 2657.78
35.6223 -146.631 2807.95
100.162 -554.882 2839.17
68.8938 259.017 2652.62
-83.0667 57.08 2766.29
FRAME: 79
-95.2205 507.942 2556.35
-313.454 12.5703 2822.51
-215.572 -911.658 2996.34
-229.268 -190.719 2703.06
-173.707 -132.633 2854.72
-212.535 -536.935 2880.02
-266.149 254.493 2720.04
-95.0455 253.644 2687.76
163.88 18.3116 2769.28
152.16 -920.018 2954.51
-7.20879 -134.004 2660.84
35.3614 -133.693 2815.35
99.9565 -538.81 2843.48
76.058 252.795 2655.49
-82.1092 60.2408 2761.4
FRAME: 80
-86.3272 505.57 2547.19
-306.909 -7.63675 2786.07
-27.1485 -729.875 2956.11
-201.675 -280.987 2682.77
-170.996 -131.985 2836.78
-193.337 -511.994 2846.67
-258.106 243.121 2690.03
-87.1101 246.663 2678.37
163.271 11.0504 2792.06
156.743 -930.858 2954.43
-2.74647 -131.654 2674.61
34.9386 -127.516 2823.67
103.511 -536.937 2845.9
83.8861 250.205 2666.71
-77.5694 58.456 2754.3
FRAME: 81
-79.6855 500.801 2530.05
-301.807 -5.64676 2753.55
18.7239 -537.508 2987.15
-150.24 -301.219 2684.38
-170.35 -130.524 2825.66
-156.133 -502.615 2831.2
-250.539 238.165 2667.89
-81.1139 243.752 2668.81
159.903 18.0717 2806.28
158.587 -922.11 2965.86
1.75527 -125.489 2676.29
32.5438 -123.675 2827.44
105.115 -530.427 2851.46
88.3107 249.34 2669.73
-75.0084 58.3265 2747.68
FRAME: 82
-72.869 495.658 2516.27
-293.79 -11.3188 2714.86
68.5178 -625.161 2980.21
-125.485 -363.751 2690.54
-156.225 -136.586 2818.4
-106.286 -504.557 2837.91
-239.539 233.843 2651.09
-73.7619 242.558 2659.21
157.26 26.7707 2813.32
160.722 -920.677 2975.39
4.31184 -141.044 2688.35
32.9699 -126.731 2827.95
102.774 -527.38 2855.8
92.0155 251.273 2667.33
-67.6948 55.4499 2741.19
FRAME: 83
-60.83 481.895 2506.86
-269.576 -20.4895 2681.54
93.2534 -679.503 2981.49
-130.288 -324.608 2696.09
-141.255 -151.272 2809.82
-82.9097 -491.564 2826.22
-222.661 223.622 2628.85
-63.3585 236.102 2648.24
147.991 14.7473 2819.73
163.843 -918.984 2980.75
12.5543 -136.811 2709.4
33.1724 -137.852 2831.82
104.709 -534.322 2861.95
95.9443 248.582 2667.63
-58.6999 45.77 2734.53
FRAME: 84
-55.2825 473.999 2502.58
-248.495 -39.2503 2663.28
85.101 -669.933 2977.16
-123.343 -320.42 2688.88
-128.565 -163.527 2797.01
-79.5787 -476.848 2792.52
-207.161 213.247 2611.33
-53.3131 229.331 2642.54
130.202 8.94252 2840.25
169.785 -920.856 2981.77
4.55869 -110.813 2717.28
36.3208 -146.664 2833.1
110.365 -536.616 2861.54
100.535 245.414 2673.74
-49.7175 37.1174 2728.8
FRAME: 85
-48.6399 464.976 2500.01
-228.34 -50.1292 2649.26
86.2535 -591.488 2998.13
-110.428 -314.876 2674.58
-119.72 -169.793 2796.24
-63.0645 -485.817 2753.05
-195.653 200.714 2598.3
-46.5874 220.648 2637.8
114.966 -0.381702 2848.14
171.12 -911.741 2976.56
8.28718 -129.782 2727.55
34.9438 -149.454 2839.31
112.387 -532.078 2858.82
102.478 240.582 2677.29
-44.4879 30.5122 2727.79
FRAME: 86
-43.8083 456.138 2501.08
-210.954 -66.727 2638.62
57.1399 -608.341 3012.77
-85.3016 -372.107 2663
-104.087 -179.607 2796.72
-63.5892 -500.318 2738.25
-185.215 186.464 2590.73
-40.6408 211.004 2635.52
108.772 -0.194785 2850.48
172.817 -904.718 2972.67
3.17037 -138.963 2736.5
38.4223 -155.764 2841.81
117.406 -530.531 2847.88
103.933 235.544 2680.31
-36.7367 21.6591 2727.39
FRAME: 87
-37.3796 440.665 2500.98
-197.089 -83.2569 2632.85
22.7411 -574.759 3001.72
-74.1333 -400.748 2625.47
-92.2505 -179.619 2797.58
-63.0197 -531.127 2727.95
-173.822 171.13 2583.52
-35.0428 200.462 2632.69
111.823 7.67042 2853.26
185.417 -897.451 2976.65
-16.6628 -111.617 2733.98
40.1153 -152.101 2845.17
126.237 -521.402 2845.49
103.736 229.794 2681.87
-30.5552 17.3011 2727.03
FRAME: 88
-28.9178 417.082 2514.19
-181.207 -106.672 2610.39
-85.9345 -729.728 2962.54
-33.1459 -439.988 2480.07
-101.446 -215.376 2804.16
-150.962 -615.642 2775.67
-162.847 150.903 2583.4
-30.7429 176.799 2637.43
113.566 -5.72507 2868.36
104.591 -748.752 2878.55
-17.1757 -133.135 2786.57
27.792 -189.812 2858.6
113.094 -552.462 2821.29
101.361 202.695 2691.46
-33.7848 -12.8978 2734.41
FRAME: 89
-22.1525 398.682 2532.6
-174.787 -117.758 2588.08
-105.163 -777.076 2925.21
-8.06509 -378.824 2380.07
-121.678 -239.859 2790.15
-158.413 -626.361 2772.26
-159.687 142.286 2588.8
-29.2498 161.092 2646.1
114.68 -27.4126 2876.77
157.076 -878.292 2933.55
-31.0951 -163.73 2809.26
15.963 -218.168 2853.49
112.775 -575.68 2806.63
101.188 179.898 2703.41
-41.0537 -33.9604 2733.96
FRAME: 90
-20.3966 394.239 2554.77
-166.143 -112.865 2563.35
-99.9339 -818.807 2907.95
30.5164 -287.114 2279.91
-127.191 -247.06 2784.85
-156.743 -658.32 2771.08
-162.928 139.275 2605.5
-28.5237 151.067 2655.75
112.838 -40.9796 2869.53
163.244 -952.282 2946.92
-3.90248 -184.895 2833.91
17.8876 -235.275 2839.54
104.85 -617.353 2808.32
105.881 162.859 2706
-41.5878 -45.0502 2733.98
FRAME: 91
-19.8869 398.649 2577.52
-152.09 -110.093 2523.7
-130.11 -879.178 2879.22
-5.64895 -109.366 2227.57
-141.634 -257.217 2773.98
-168.762 -690.491 2737.06
-165.319 137.663 2614.05
-31.9041 144.526 2667.24
100.752 -72.15 2860.58
165.857 -981.677 2964.97
16.2585 -204.378 2793.76
8.93203 -249.609 2833.9
108.831 -649.699 2815.46
101.511 151.39 2720.43
-49.1276 -54.4434 2735.59
FRAME: 92
-23.9674 408.614 2592.98
-134.304 -80.7518 2460.76
-112.029 -855.09 2890.97
52.3857 6.73954 2144.94
-145.611 -266.255 2768.61
-170.521 -700.721 2727.4
-163.003 130.995 2607.93
-31.6371 136.812 2661.32
106.949 -51.5977 2791.68
163.737 -977.416 2976.95
43.0033 -184.776 2782.63
7.56986 -259.514 2830.67
106.033 -654.12 2809.96
99.7283 142.629 2714.71
-50.3288 -63.0361 2730.48
FRAME: 93
-27.1764 428.19 2605.38
-91.9557 -1.15959 2390.6
-136.417 -907.871 2851.48
56.8289 180.685 2126.48
-145.253 -272.505 2754.68
-166.173 -713.76 2716.4
-154.653 150.565 2587.88
-33.3776 160.645 2649.31
112.712 -36.9367 2791.38
162.349 -973.162 2973.69
133.13 -138.77 2742.63
4.96253 -260.091 2830.54
103.495 -657.969 2807.56
87.8977 170.726 2710.74
-51.7614 -52.8263 2720.96
FRAME: 94
-30.6755 449.878 2614.2
-90.2295 90.1413 2345.75
-139.12 -922.572 2837.72
36.4803 254.735 2159.11
-144.027 -269.736 2735.86
-161.759 -724.075 2704.72
-158.402 169.413 2579.15
-40.3269 182.768 2653.4
103.228 7.85777 2835.2
158.791 -972.778 2976.62
186.11 -88.8918 2756.03
2.82345 -253.206 2827.87
99.1465 -656.309 2809.42
77.7478 196.122 2727.65
-55.4644 -39.3517 2717.63
FRAME: 95
-46.4971 530.122 2618.72
-108.17 243.067 2341.99
-152.669 -931.063 2832.62
33.1765 402.176 2180.36
-142.259 -249.667 2711.61
-165.303 -711.419 2690.06
-164.956 236.169 2589.19
-59.3556 248.318 2672.24
84.7801 73.2862 2891.46
155.397 -955.949 2975.79
267.167 80.2669 2741.17
-5.36808 -234.025 2818.56
100.719 -631.383 2810.18
46.245 260.467 2755.29
-66.5846 3.23591 2718.66
FRAME: 96
-52.9306 546.129 2618.53
-119.243 289.188 2328.15
-167.257 -928.794 2841.59
32.5727 505.197 2180.23
-131.123 -212.84 2696.97
-165.171 -678.967 2680.94
-168.037 271.313 2577.11
-68.8975 285.019 2665.94
81.2323 113.828 2887.71
152.563 -948.364 2963.3
296.036 167.649 2765.33
-15.9083 -197.071 2799.48
103.161 -616.303 2805.67
30.2422 298.726 2754.78
-71.2067 40.0319 2707.09
FRAME: 97
-68.2106 572.395 2605.9
-127.846 379.321 2343.07
-191.164 -960.06 2827.7
20.8037 583.807 2177.35
-124.459 -170.737 2674.21
-165.424 -635.17 2669.29
-171.081 309.461 2558.44
-76.1742 324.766 2658.88
80.1267 139.881 2905.72
148.808 -920.107 2952.04
264.424 197.053 2805.44
-17.8396 -153.708 2785.05
103.27 -577.377 2798.42
18.7329 340.07 2759.31
-73.6618 81.2717 2694.25
FRAME: 98
-52.4104 597.758 2599.16
-140.115 402.396 2338.87
-191.5 -943.489 2813.85
13.1661 689.525 2154.81
-109.07 -144.027 2657.9
-162.512 -601.067 2653.19
-162.541 347.192 2555.94
-77.6682 360.57 2668.06
86.6597 159.098 2915.52
144.677 -913.738 2947.59
241.592 203.51 2846.05
-17.8501 -129.86 2776.73
102.772 -549.472 2793.3
7.20472 373.947 2780.18
-70.5641 111.813 2692.69
FRAME: 99
-40.2536 633.926 2600.11
-156.611 451.927 2322.97
-197.503 -939.806 2795.9
-0.245912 681.954 2192.06
-119.704 -113.5 2638.11
-160.382 -576.774 2644.25
-166.611 391.621 2557.52
-78.7004 401.424 2666.6
80.1706 181.078 2909.65
143.679 -902.282 2952.04
237.919 205.768 2864.43
-12.5717 -102.045 2767.64
96.1111 -528.306 2799.38
9.21012 411.227 2775.69
-72.4192 146.826 2684.74
FRAME: 100
-38.4247 664.424 2604.91
-184.598 482.008 2346.73
-199.677 -922.342 2788.98
-37.2955 717.525 2161.01
-118.592 -84.6886 2626.01
-157.93 -541.138 2635.92
-166.797 414.561 2569.32
-79.8142 421.567 2675.43
76.5858 223.646 2911.61
143.17 -904.818 2952.45
206.902 228.635 2887.13
-4.63702 -75.8357 2763.21
93.7176 -516.067 2805.6
7.16836 428.572 2781.55
-70.7143 170.652 2685.02
FRAME: 101
-41.4741 692.403 2595.25
-207.666 515.83 2356.45
-202.348 -903.48 2789.12
-63.5406 708.699 2195.98
-122.338 -55.485 2618.75
-154.474 -514.673 2639.31
-169.374 456.76 2578.76
-79.8486 460.661 2674.78
99.633 267.165 2892.7
143.43 -912.242 2939.78
228.09 315.178 2898.4
1.06384 -49.9504 2750.86
92.2456 -509 2794.95
9.67693 464.561 2770.8
-70.2427 203.972 2679.79
FRAME: 102
-65.8626 707.451 2584.85
-231.82 545.393 2344.8
-211.946 -904.38 2796.83
-51.3938 725.167 2207.24
-133.278 -54.4403 2620.61
-165.457 -510.456 2648.75
-182.998 468.574 2574.29
-79.291 474.852 2654.44
91.9296 281.458 2881.18
150.9 -916.491 2919.48
189.816 355.039 2907.14
15.8738 -45.3121 2733.74
101.404 -501.701 2785.34
24.4164 481.13 2734.59
-68.9965 212.488 2665.81
FRAME: 103
-70.0085 722.162 2582.11
-243.592 552.484 2336.09
-216.904 -905.945 2805.65
-48.2429 720.803 2198.31
-134.838 -53.2933 2620.74
-172.634 -507.873 2660.91
-192.089 473.703 2575.91
-78.8152 481.343 2648.07
101.454 301.281 2877.11
152.828 -911.758 2909.46
177.109 391.452 2898.17
27.3154 -42.3804 2722.62
105.19 -496.145 2777
34.4585 488.982 2720.22
-66.2882 216.753 2659.87
FRAME: 104
-75.5614 721.455 2578.56
-313.243 519.924 2351.74
-220.609 -907.848 2811.32
-102.124 680.424 2166.41
-137.506 -55.7265 2625.51
-178.965 -509.601 2667.22
-209.553 467.211 2577.87
-81.3288 477.516 2642.83
116.777 322.517 2860.19
156.414 -911.387 2902.39
168.502 397.954 2877.18
38.5211 -41.512 2714.29
113.301 -493.402 2767.05
46.8948 487.822 2707.8
-65.4107 214.449 2656.37
FRAME: 105
-77.1573 714.108 2577.87
-350.861 473.69 2382.15
-224.558 -911.527 2822.77
-138.549 625.4 2188.37
-141.153 -58.7872 2636.7
-184.652 -513.289 2678.4
-215.174 457.417 2589.85
-68.7079 467 2641.1
154.951 356.236 2844.19
161.358 -908.836 2891.71
158.479 439.727 2873.18
53.8434 -45.9778 2704.53
121.826 -492.462 2755.44
77.7582 476.583 2692.34
-56.1813 207.309 2655.86
FRAME: 106
-75.5537 703.278 2586.33
-389.655 435.05 2422.44
-226.889 -910.157 2828.12
-165.568 578.797 2219.49
-140.717 -61.3072 2644.82
-187.579 -512.931 2685.97
-219.527 450.302 2603.66
-65.0365 460.034 2645.78
202.89 383.319 2821.9
163.339 -913.537 2887.9
161.334 498.611 2853.38
62.7932 -48.4563 2700.33
125.144 -496.867 2749.64
89.4542 469.765 2687.9
-51.9991 202.576 2659.18
FRAME: 107
-88.2054 680.276 2590.89
-416.944 397.756 2465.42
-228.234 -907.722 2841.84
-207.046 520.122 2228.98
-135.164 -66.5252 2661.3
-191.099 -513.211 2697.46
-224.698 433.406 2636.03
-63.3236 444.291 2659.31
207.964 380.857 2802.32
165.006 -917.69 2882.78
160.873 479.555 2864.31
72.2733 -52.5972 2691.51
130.188 -502.62 2740.94
98.0508 455.176 2682.6
-47.3845 192.365 2667.86
FRAME: 108
-100.254 666.441 2603.04
-441.212 340.17 2530.73
-228.11 -908.4 2851.73
-242.708 466.491 2258.68
-129.071 -69.8832 2678.38
-192.343 -511.939 2705.55
-225.652 425.877 2656.07
-58.0855 437.587 2665.97
257.722 431.295 2760.26
166.236 -920.137 2882.41
180.686 499.261 2831.02
80.7991 -55.2874 2691.06
134.588 -505.837 2735.92
109.481 449.297 2675.86
-41.1108 187.501 2675.35
FRAME: 109
-109.41 660.732 2611.43
-449.161 298.482 2558.45
-227.776 -910.733 2862.11
-268.388 411.405 2289.43
-126.687 -74.5828 2695.3
-193.136 -515.668 2719.09
-231.896 415.969 2667.52
-60.744 430.246 2665.58
285.456 454.251 2715.78
165.635 -929.133 2889.41
212.913 602.593 2791.11
88.7137 -56.6398 2692.9
135.517 -510.095 2735.15
110.408 444.522 2663.63
-39.8654 182.317 2679.84
FRAME: 110
-119.142 652.843 2617.84
-356.315 154.947 2716.44
-214.35 -903.634 2887.13
-328.711 282.932 2407.59
-120.012 -82.326 2721.29
-177.223 -518.188 2742.81
-235.489 401.486 2688.76
-63.3119 417.311 2668.21
274.677 443.534 2648.89
164.503 -937.193 2902.64
235.644 559.4 2663.81
93.1945 -62.6869 2695.94
135.687 -520.228 2739.55
108.866 433.137 2647.66
-38.3604 172.402 2688.41
FRAME: 111
-128.946 640.876 2622.57
-346.796 145.186 2724
-202.407 -891.085 2908.04
-324.168 236.825 2439.11
-109.931 -91.2754 2744.92
-173.353 -517.89 2773.68
-228.072 388.785 2712.93
-60.5045 404.509 2677.01
232.405 400.452 2532.6
164.944 -949.394 2915.11
220.569 641.375 2427.68
99.162 -71.6408 2700.13
132.656 -532.348 2757.97
107.063 420.233 2641.09
-32.9446 161.526 2699.77
FRAME: 112
-138.149 629.89 2626.89
-296.912 125.02 2770.61
-197.949 -893.573 2933.88
-308.483 169.238 2479.13
-101.498 -106.538 2769.61
-168.481 -522.398 2797.98
-214.171 370.358 2732.78
-55.2667 383.424 2682.76
148.359 316.27 2403.44
164.744 -965.898 2926.24
159.027 550.359 2238.44
104.303 -89.6474 2704.9
133.458 -548.163 2769.78
103.638 396.49 2632.73
-26.9321 142.666 2710.01
FRAME: 113
-141.163 604.07 2633.09
-256.45 97.5442 2814.3
-195.266 -909.304 2960.36
-292.458 100.71 2538.27
-94.9598 -135.155 2796.4
-173.616 -547.453 2834.16
-210.049 328.253 2753
-49.909 338.859 2684.75
102.126 205.676 2389.17
163.176 -984.365 2929.47
102.302 462.795 2184.83
112.526 -121.667 2708.89
138.978 -569.204 2781.01
110.231 349.466 2616.5
-20.5629 105.224 2718.7
FRAME: 114
-143.989 586.763 2638.72
-260.24 77.8997 2831.63
-190.712 -932.322 2993.07
-275.539 55.1387 2571.89
-84.6587 -152.014 2833.14
-160.322 -571.295 2866.69
-201.918 318.925 2795.11
-57.6411 328.152 2706.5
113.718 155.703 2495.14
156.323 -996.313 2932.31
14.096 187.821 2443.91
111.083 -139.543 2712.87
136.127 -586.504 2791.67
86.6363 337.378 2617.88
-22.2144 91.1865 2739.75
FRAME: 115
-153.91 559.201 2640.1
-127.449 65.0761 2884.55
-176.94 -952.75 3013.69
-179.241 -159.009 2808.43
-67.605 -161.799 2853.86
-141.672 -587.332 2884.15
-183.366 302.202 2807.79
-62.8668 304.351 2705.94
42.9745 80.8822 2507.2
139.658 -989.745 2922.84
-23.768 124.176 2445.19
94.2581 -158.985 2717.19
125.104 -588.761 2785.35
57.632 306.501 2604.1
-24.7701 71.9798 2745.73
FRAME: 116
-163.408 527.921 2637.6
-143.421 1.4684 2891.8
-168.746 -961.107 3027.38
-228.934 -233.05 2821.43
-48.4679 -177.992 2877.38
-123.123 -605.236 2909.03
-171.366 251.06 2817.5
-78.8157 248.081 2710.29
-17.352 6.50392 2609.04
129.927 -980.783 2914.99
-73.347 100.657 2543.32
79.4352 -182.001 2730.23
113.426 -592.038 2779.56
13.7351 245.102 2603.08
-31.666 34.0424 2757.05
FRAME: 117
-170.41 510.263 2635.53
-125.839 -2.1071 2886.41
-160.931 -948.928 3039.22
-260.651 -247.014 2820.87
-42.4724 -191.891 2892.83
-117.376 -609.685 2930.68
-163.788 248.363 2821.7
-84.4911 238.799 2710.14
-27.2903 -38.349 2637.67
120.416 -990.776 2910.87
-100.882 -5.90411 2589.79
66.7852 -204.901 2740.23
104.818 -607.081 2781.76
-5.19453 229.234 2598.58
-36.1673 20.2015 2763.33
FRAME: 118
-175.236 497.931 2633.37
-123.995 -3.29888 2891.01
-161.516 -951.512 3046.88
-271.199 -270.113 2835.18
-40.7842 -196.428 2904.59
-112.751 -612.621 2939.75
-165.509 248.351 2824.71
-93.4047 235.296 2710.19
-29.965 -54.7059 2644.04
116.092 -1000.19 2914.55
-206.203 -207.564 2779.97
59.4272 -214.473 2746.03
100.946 -622.458 2787.01
-21.3004 222.241 2595.67
-42.0416 14.9227 2767.75
FRAME: 119
-184.909 486.186 2627.14
-127.685 -8.67502 2894.74
-153.403 -940.167 3048.21
-303.055 -280.389 2871.08
-45.1968 -192.574 2909.62
-105.77 -607.567 2954.83
-168.58 248.081 2823.93
-97.6687 234.489 2709.76
-21.8277 -50.978 2658.81
113.275 -1012.06 2912.64
-209.456 -197.795 2816.9
57.9926 -212.371 2743.5
94.7844 -633.306 2784.75
-26.7572 220.897 2595.58
-45.6354 16.0081 2768.16
FRAME: 120
-195.369 477.87 2620.61
-125.561 -3.9303 2899.1
-156.346 -938.915 3049.52
-337.168 -304.264 2915.29
-47.2876 -185.654 2914.79
-105.515 -604.816 2957.26
-169.956 249.302 2827.3
-100.977 234.41 2711.64
-23.1952 -55.0866 2669.57
111.94 -1014.07 2911.83
-229.506 -194.196 2878.02
54.4229 -207.636 2744.51
90.7631 -635.25 2786.56
-31.9977 219.517 2595.99
-48.7045 18.8825 2770.65
FRAME: 121
-202.586 468.73 2616.08
-127.565 -2.93175 2903.15
-154.683 -939.381 3049.21
-334.01 -254.155 2913.09
-50.1861 -183.452 2917.49
-107.311 -600.967 2964.5
-171.791 249.278 2829.23
-103.974 233.404 2712.9
-11.0929 -49.6503 2671.54
109.52 -1017.57 2911.6
-236.09 -181.177 2878.86
49.6452 -206.799 2746.56
87.299 -635.816 2788.18
-36.158 217.53 2596.57
-52.1224 19.1392 2772.46
FRAME: 122
-206.56 463.686 2612.95
-129.298 -1.63195 2906.59
-150.814 -935.281 3051.27
-297.4 -220.851 2906.53
-52.0948 -185.777 2920.74
-118.92 -606.955 2968.44
-171.441 247.464 2831
-105.36 230.432 2714.66
-10.0481 -47.483 2675.1
108.654 -1019.08 2914.32
-208.15 -190.79 2880.39
44.9963 -210.78 2750.19
84.2605 -639.412 2792.46
-39.2802 213.401 2598.31
-54.4548 16.077 2775.06
FRAME: 123
-207.258 459.742 2612.89
-119.163 -8.69985 2918.53
-158.919 -941.411 3056.05
-285.396 -174.788 2881.81
-56.4851 -197.033 2926.68
-126.362 -603.043 2960.6
-170.317 240.61 2834.86
-102.726 223.194 2719.13
-4.60072 -47.0945 2677.61
109.873 -1028.01 2918.01
-207.369 -184.248 2870.13
43.9165 -222.929 2754.86
84.1693 -648.576 2796.8
-35.1354 205.777 2603.4
-54.5052 6.60632 2779.95
FRAME: 124
-206.561 451.614 2609.93
-114.688 -5.28073 2920.59
-164.935 -942.604 3057.83
-268.044 -70.9526 2840.91
-65.0591 -206.378 2931.54
-133.05 -602.906 2958.42
-173.993 234.198 2833.68
-102.034 216.051 2720.26
-3.5372 -41.4599 2679.89
114.445 -1026.1 2923.77
-209.45 -185.822 2868.56
41.625 -233.296 2763.41
85.3997 -652.668 2802.51
-30.0746 197.904 2606.83
-56.8755 -1.89277 2783.87
FRAME: 125
-205.779 449.021 2609.82
-119.41 -6.18214 2939.72
-172.675 -940.798 3055.68
-222.979 -55.7662 2841.21
-77.5656 -218.29 2931.72
-142.759 -615.332 2957.7
-186.707 220.903 2838.19
-104.03 205.787 2728.16
-1.23839 -33.7273 2665.43
118.467 -1020.62 2925.42
-170.91 -163.303 2832.08
41.2302 -240.118 2773.47
88.8515 -648.925 2805.87
-21.3522 190.672 2618.13
-61.0986 -11.7083 2790.38
FRAME: 126
-199.474 451.158 2605.5
-129.784 -0.566627 2946.07
-177.907 -945.719 3057.11
-223.617 -14.0252 2814.19
-96.3552 -224.157 2930.7
-148.627 -622.057 2961.71
-213.171 220.872 2840.9
-119.878 209.552 2731.43
14.4838 -32.9861 2675.77
121.253 -1019.07 2928.06
-111.527 -185.858 2772.53
35.0592 -240.17 2776.69
88.9427 -645.304 2806.92
-26.5855 198.231 2621.96
-75.2632 -11.306 2792.56
FRAME: 127
-197.118 452.176 2603.92
-157.825 7.40782 2962
-184.656 -948.626 3056.03
-271.362 -66.0664 2868.94
-103.743 -225.496 2929.54
-155.674 -625.847 2962.82
-227.931 226.588 2843.56
-127.484 217.195 2732.86
24.1648 -28.6519 2675.17
124.978 -1017.44 2934.68
-104.399 -217.67 2763.71
32.8762 -238.161 2779.29
89.8553 -642.759 2813.3
-27.0362 207.803 2622.16
-81.4585 -7.31672 2793.64
FRAME: 128
-189.619 459.321 2596.05
-229.056 6.28178 2969.32
-194.745 -967.335 3061.52
-289.706 -224.592 2910.59
-119.938 -222.606 2926.71
-165.883 -627.423 2963.83
-245.45 234.468 2840.08
-130.524 226.948 2730.72
88.4396 -5.03195 2684.14
128.095 -1010.08 2938.19
-99.3836 -236.036 2749.57
34.0864 -232.599 2780.37
88.9922 -634.74 2815.81
-15.598 219.428 2621.36
-86.7251 -0.327222 2792.13
FRAME: 129
-181.986 466.789 2587.85
-255.991 -1.34072 2949.74
-201.342 -974.002 3064.98
-328.956 -278.557 2903.58
-132.623 -212.911 2925.99
-175.75 -620.823 2966.3
-255.813 243.579 2834.52
-131.86 235.066 2727.53
107.003 -4.53123 2692.54
131.434 -1005.03 2944.13
-97.2706 -210.054 2739.62
29.7686 -223.987 2786.02
90.042 -627.428 2822.46
-7.90737 226.552 2620.53
-91.6436 8.30842 2791.77
FRAME: 130
-176.218 470.387 2582.93
-273.575 -11.6106 2941.57
-206.952 -987.573 3063.86
-322.189 -325.244 2876.33
-152.609 -196.196 2930.06
-185.69 -611.638 2966.02
-271.253 252.014 2827.02
-134.786 243.633 2724.66
113.298 -6.8247 2690.27
137.354 -989.085 2949.27
-97.9944 -250.271 2737.89
33.1232 -207.438 2790.94
95.276 -608.581 2826.2
1.68041 235.252 2622.3
-97.2646 20.9081 2792.58
FRAME: 131
-166.292 470.88 2576.07
-279.812 -11.0664 2933.33
-206.037 -971.841 3059.1
-316.37 -330.897 2832.3
-165.284 -188.932 2924.99
-192.978 -601.888 2958.4
-279.883 255.493 2816.02
-133.154 248.553 2722.85
130.391 -2.40678 2695.79
140.573 -991.417 2951.57
-64.4187 -211.284 2707.9
33.8233 -198.27 2798.61
95.7886 -606.26 2833.45
13.5745 241.613 2629.67
-99.4424 27.4759 2792.32
FRAME: 132
-156.155 473.038 2570.23
-298.597 -1.13148 2893.76
-213.769 -936.619 3050.86
-293.347 -216.221 2804.92
-184.826 -133.579 2906.67
-210.007 -553.447 2940.27
-290.329 252.684 2774.69
-130.203 249.411 2709.57
144.058 4.09411 2728.13
144.929 -1010.19 2958.9
-26.2949 -246.903 2722.26
32.2161 -138.02 2818.47
89.8899 -587.982 2852.37
29.923 246.138 2644.45
-103.254 56.8057 2786.07
FRAME: 133
-147.402 474.826 2563.71
-313.853 -0.161847 2859.96
-220.024 -924.067 3041.93
-280.241 -243.143 2784.2
-191.531 -117.68 2893.46
-217.67 -543.675 2930.38
-293.514 250.413 2752.02
-126.663 249.81 2701.7
150.329 7.58047 2748.23
145.374 -999.423 2964.1
-23.5062 -253.657 2725.73
30.5402 -118.504 2826.56
88.8318 -563.778 2861.11
40.1887 249.206 2651.39
-103.579 65.8588 2780.86
FRAME: 134
-139.487 479.616 2557.43
-329.173 -2.74237 2838.34
-223.109 -921.003 3033.51
-267.74 -218.719 2783.33
-193.483 -111.607 2882.4
-219.602 -535.68 2921.88
-294.153 243.884 2730.57
-123.294 246.083 2693.58
152.53 5.4047 2761.35
145.833 -996.176 2968.27
-13.1201 -297.206 2713.61
27.1923 -108.777 2834.65
90.255 -554.94 2867.66
47.5644 248.282 2656.6
-103.22 67.9455 2776.05
FRAME: 135
-133.041 481.593 2553.33
-326.4 -7.56279 2814.7
-226.768 -920.754 3025.74
-259.449 -207.837 2770.34
-190.893 -110.834 2873.82
-220.607 -531.684 2911.25
-290.707 235.799 2709.94
-118.633 240.908 2684.5
154.367 5.3936 2767.8
147.389 -993.265 2975.92
5.34865 -258.561 2717.52
25.3876 -104.419 2841.84
93.0614 -549.039 2877.6
53.4403 246.017 2659.06
-100.693 66.6407 2771.16
FRAME: 136
-129.181 484.109 2549.95
-310.394 -25.3569 2751.19
-229.856 -912.692 3013.76
-236.778 -263.22 2734.75
-189.951 -120.521 2867.56
-221.837 -523.141 2897.08
-280.38 228.13 2689.11
-111.369 235.416 2675.93
157.901 5.72862 2772.4
141.336 -927.372 2985.42
5.27638 -175.929 2689.04
26.2549 -111.306 2850.67
92.9255 -545.867 2886.54
57.642 242.703 2662.75
-96.6087 59.7513 2767.52
FRAME: 137
-126.706 484.168 2547.81
-289.046 -39.566 2743.92
-231.295 -899.389 3003.48
-210.274 -342.466 2718.08
-184.542 -138.759 2859.71
-223.039 -510.466 2882.75
-274.952 222.41 2671.45
-107.152 232.926 2667.09
159.248 6.35181 2774.62
145.824 -923.736 2988.09
-12.5586 -154.293 2683.16
25.7153 -125.617 2854.26
94.897 -550.334 2890.45
60.6483 243.443 2662.73
-93.2826 50.3691 2762.04
FRAME: 138
-121.824 484.63 2544.15
-276.891 -39.9616 2729.13
-231.9 -908.244 2992.21
-178.752 -397.222 2709.93
-181.271 -148.915 2855.78
-223.926 -520.514 2870.04
-267.493 218.859 2662.9
-101.144 229.174 2663.12
154.692 -2.11578 2781.75
145.571 -918.122 2992.8
-10.3021 -119.032 2676.86
24.1683 -136.189 2856.04
94.5521 -539.788 2888.94
65.206 239.488 2663.34
-89.8476 43.3109 2759.52
FRAME: 139
-112.744 476.86 2537.16
-265.787 -43.3875 2719.67
-233.656 -921.433 2973.16
-156.453 -403.139 2704.75
-177.253 -158.479 2848.15
-220.823 -540.624 2848.21
-252.188 212.29 2652.37
-89.7966 221.509 2658.03
144.613 -14.764 2796.75
148.392 -914.237 2989.17
-1.19631 -127.107 2673.78
25.7337 -147.025 2855.17
94.6353 -533.79 2887.51
72.5945 230.727 2663.69
-82.778 34.3785 2754.85
FRAME: 140
-104.961 459.434 2533.05
-255.977 -64.5459 2709.71
-234.449 -958.109 2962.36
-144.72 -407.809 2695.48
-167.554 -171.412 2841.13
-215.773 -567.792 2826.16
-239.79 193.435 2641.95
-79.5382 204.477 2655.45
138.579 -20.6884 2811.29
150.621 -914.481 2984.85
4.20763 -137.765 2676.7
25.8217 -158.086 2857.44
100.227 -542.101 2873.84
80.7139 215.518 2668.94
-75.2023 19.8639 2752.36
FRAME: 141
-101.452 438.898 2539.18
-239.808 -97.4035 2686.75
-232.567 -957.324 2939.81
-110.129 -452.252 2625.9
-163.873 -201.416 2841.12
-214.146 -583.02 2804.45
-224.225 166.284 2630.13
-72.3794 182.434 2658.03
135.879 -18.5911 2829.71
151.076 -908.367 2961.87
3.50309 -134.097 2684.3
24.0315 -181.502 2875.59
95.0672 -539.242 2840.6
79.4659 198.583 2685.93
-71.1501 -4.51259 2758.19
FRAME: 142
-97.8068 423.367 2550.1
-231.233 -133.932 2665.86
-229.289 -956.892 2935.03
-78.7452 -463.532 2557.33
-167.815 -224.114 2844.46
-210.556 -604.877 2785.45
-213.699 145.053 2620.41
-68.3419 161.631 2660.86
130.868 -18.0621 2848.1
149.787 -884.764 2922.53
11.2357 -151.089 2699.64
0.597052 -204.751 2891.01
91.3751 -520.258 2808.04
77.0148 178.21 2701.32
-75.9755 -26.4005 2764.3
FRAME: 143
-95.1247 412.951 2558.97
-219.432 -154.033 2635.52
-218.898 -974.071 2928.85
-41.4903 -435.113 2443.23
-167.89 -248.095 2829.44
-205.258 -638.184 2779.7
-213.26 136.448 2619.56
-72.5319 154.764 2667.17
134.061 -27.1863 2850.56
147.084 -890.74 2921.97
99.0464 -298.1 2705.66
-4.10705 -226.702 2884.69
91.5922 -535.653 2781.51
68.1965 173.079 2714.77
-79.2652 -41.3174 2762.11
FRAME: 144
-94.1295 410.497 2568.59
-212.685 -135.519 2609.82
-209.746 -989.431 2910.34
-2.60079 -345.621 2343.7
-166.424 -255.095 2809.11
-197.589 -655.412 2757.98
-214.491 139.167 2620.97
-76.9696 158.755 2672.06
135.14 -29.5659 2847.65
148.759 -916.384 2921.37
112.081 -293.778 2680.67
0.664752 -231.378 2871.09
82.0732 -592.85 2772.31
60.5518 178.342 2723.15
-79.9247 -42.2409 2756.08
FRAME: 145
-94.7655 414.152 2586.15
-208.914 -101.972 2573.19
-206.746 -988.646 2916.15
-39.9951 -229.783 2362.07
-168.635 -255.899 2797.92
-192.248 -681.435 2747.66
-214.498 142.732 2623.89
-78.743 161.047 2677.86
139.279 -30.6675 2849.49
146.393 -938.353 2927.73
146.769 -229.119 2662.98
-3.07558 -233.575 2863.7
90.1006 -624.784 2776.19
57.0119 179.363 2731.84
-82.2992 -41.8449 2754.34
FRAME: 146
-100.013 421.095 2604.64
-195.196 -72.2424 2521.36
-203.504 -988.668 2900.46
20.2573 -96.3232 2241.35
-163.015 -255.439 2777.06
-190.682 -693.164 2726.89
-215.816 150.296 2629.91
-78.9169 166.004 2682.87
156.437 -8.88078 2867.34
141.707 -949.527 2941.85
149.41 -235.338 2691.92
0.139529 -236.679 2840.11
86.3671 -639.882 2776.75
57.9822 181.712 2735.82
-80.1774 -40.0276 2745.73
FRAME: 147
-106.127 439.624 2620.12
-145.499 54.8176 2401.34
-191.842 -982.043 2877.9
76.5609 172.383 2179.95
-159.356 -252.577 2753.93
-188.421 -702.717 2704.25
-207.284 170.394 2613.95
-77.7536 185.332 2675.11
199.065 96.5169 2715.51
143.293 -961.812 2921.38
144.406 35.1701 2495.66
-7.61417 -234.997 2825.57
90.8558 -645.863 2775.56
51.7771 200.27 2736.27
-80.6193 -29.2273 2732.43
FRAME: 148
-112.981 456.33 2629.54
-145.946 95.5225 2374.56
-191.294 -992.921 2877.13
52.7057 298.25 2125.63
-159.707 -249.206 2730.03
-193.633 -694.124 2686.94
-206.055 192.985 2602.1
-83.4582 208.516 2674.15
235.456 153.631 2748.46
143.785 -952.429 2918.92
210.573 244.765 2479.27
-12.1332 -230.479 2816.74
90.1199 -639.887 2769.45
39.1383 224.047 2746.21
-84.6891 -15.6634 2723.77
FRAME: 149
-114.449 502.846 2638.99
-146.41 192.217 2355.71
-179.45 -969.164 2858.71
21.0232 384.623 2126.91
-163.837 -225.241 2709.13
-195.38 -688.964 2677.64
-202.672 242.773 2599.82
-83.7131 254.811 2681.4
236.197 203.314 2762.04
155.314 -946.055 2912.86
215.997 237.652 2627.81
-15.7689 -210.421 2810.01
95.1528 -627.353 2767.17
35.2453 266.85 2762.98
-86.7581 18.49 2720.48
FRAME: 150
-117.637 537.941 2631.97
-150.326 260.99 2343.74
-191.637 -984.347 2867.15
13.4632 474.913 2126.26
-164.445 -205.68 2698.11
-194.998 -665.67 2674.74
-212.41 276.608 2597.08
-90.5718 288.044 2687.5
220.387 244.424 2833.95
151.935 -934.816 2921.26
238.215 316.284 2667.98
-20.4202 -192.143 2804.4
96.3953 -607.31 2771.87
31.2665 299.48 2777.92
-91.5023 44.5664 2719.38
FRAME: 151
-115.175 556.906 2605.17
-167.951 317.898 2360.97
-200.843 -974.505 2865.87
-11.3808 504.405 2135.9
-163.758 -182.217 2689.11
-195.191 -636.046 2667.33
-218.181 306.065 2604.94
-97.5866 316.697 2694.69
229.062 284.334 2866.04
151.71 -923.251 2929.59
265.192 428.238 2691.46
-19.6628 -169.379 2796.07
91.8535 -588.188 2773.78
23.008 327.329 2784.44
-94.6485 70.4495 2718.64
FRAME: 152
-102.957 581.062 2607.31
-175.629 394.67 2360.04
-210.603 -963.85 2853.54
-18.0914 585.118 2137.22
-159.294 -159.548 2675.29
-195.054 -615.264 2658.23
-218.064 324.879 2596.64
-100.795 335.685 2688.22
224.741 338.811 2885.21
151.581 -918.569 2930.42
272.322 524.924 2717.77
-20.8756 -146.801 2782.81
96.8818 -557.986 2777.86
16.4749 346.491 2779.8
-95.4398 91.2552 2708.63
FRAME: 153
-100.174 608.174 2608.68
-194.492 439.457 2370.51
-217.316 -925.887 2832.92
-44.5223 592.121 2153.11
-152.784 -139.039 2658.95
-192.416 -586.626 2649.46
-215.884 355.946 2596.69
-103.921 365.697 2687.51
226.005 375.254 2895.56
150.267 -915.196 2930.47
269.428 585.194 2775.75
-15.2278 -127.227 2769.54
92.7354 -533.808 2778.39
8.04077 375.447 2778.34
-93.9636 116.282 2700.88
FRAME: 154
-95.5739 652.523 2612.39
-218.906 535.691 2360.91
-219.932 -900.001 2817.86
-64.4406 646.589 2150.63
-153.468 -111.93 2643.89
-187.484 -549.918 2646.14
-215.317 394.463 2594.44
-102.046 403.454 2681.49
215.071 395.926 2900.95
149.104 -919.074 2926.95
241.458 684.63 2839.15
-3.05342 -100.18 2758.66
92.2039 -524.907 2782.34
11.2245 412.444 2768.54
-90.1535 148.699 2691.38
FRAME: 155
-94.301 671.281 2613.17
-237.896 548.504 2365.14
-222.87 -887.756 2814.59
-81.5985 679.161 2145.33
-153.418 -91.8023 2636.13
-190.22 -529.087 2653.42
-214.709 420.563 2595.21
-98.2506 428.114 2679.43
204.579 423.073 2907.76
146.198 -915.168 2914.3
231.779 728.068 2885.15
1.73374 -81.9171 2747.54
92.4643 -515.482 2781.32
18.2079 435.665 2763.64
-87.0463 170.627 2685.63
FRAME: 156
-101.233 682.829 2611.95
-258.965 553.686 2354.23
-228.888 -893.436 2820.93
-104.936 709.216 2141.91
-156.341 -59.595 2632.94
-194.762 -511.803 2668.96
-211.773 445.128 2592.54
-90.7396 451.791 2670.55
191.527 466.55 2908.3
148.084 -893.851 2898.78
218.08 723.393 2861.45
11.7997 -50.76 2739.11
97.197 -487.694 2773.5
30.2933 458.454 2748.56
-81.5052 198.307 2678.29
FRAME: 157
-105.718 700.988 2610.6
-293.839 558.577 2354.62
-232.964 -883.247 2816.4
-138.119 703.235 2136.13
-160.334 -40.5333 2633.38
-196.804 -495.269 2670.53
-225.449 474.004 2595.67
-98.2944 482.443 2665.8
184.029 469.603 2908.56
144.416 -885.702 2896.85
202.451 769.772 2901.3
16.202 -28.9673 2730.11
94.6403 -476.356 2771.99
28.8602 490.882 2735.92
-85.1801 223.847 2673.77
FRAME: 158
-121.061 701.142 2619.11
-315.447 546.968 2347.91
-234.434 -869.649 2821.56
-169.585 693.722 2122.17
-153.55 -31.4783 2638.21
-197.152 -487.889 2676.03
-234.194 474.345 2592.76
-100.263 486.938 2662.18
191.376 486.186 2917.64
148.043 -879.21 2888.21
209.705 770.01 2942.83
24.0719 -14.9428 2729.38
95.0585 -461.24 2763.64
33.6693 499.53 2731.6
-82.5008 231.864 2672.99
FRAME: 159
-137.512 705.988 2615.82
-353.615 515.507 2357.59
-234.421 -860.849 2825.96
-212.818 672.645 2096.16
-153.981 -19.2208 2642.27
-191.455 -474.576 2684.56
-243.509 470.133 2588.87
-100.652 485.185 2655.52
221.09 487.068 2903.37
148.108 -876.277 2882.83
183.094 781.706 2935.6
28.3501 -0.132952 2726.85
91.7321 -445.668 2748.03
42.2052 500.237 2722.17
-81.7337 237.754 2670.04
FRAME: 160
-139.484 694.399 2620.75
-412.709 424.81 2385.72
-231.754 -876.42 2839.93
-273.547 563.876 2141.44
-148.532 -20.2697 2651.07
-192.419 -483.076 2695.2
-258.261 453.082 2597.21
-105.096 473.086 2656.82
254.436 492.745 2868.94
151.612 -875.192 2888.06
238.881 684.212 2894.11
40.1015 4.43688 2724.3
94.437 -449.412 2746.07
48.0689 493.09 2716.43
-79.6555 232.585 2672.25
FRAME: 161
-142.437 683.031 2630.48
-425.61 357.398 2427.21
-225.684 -877.33 2859.81
-299.561 498.355 2159.44
-144.726 -29.8781 2671.28
-196.741 -486.284 2714.04
-266.531 433.059 2619.34
-99.1009 455.35 2664.66
301.906 510.741 2812.73
154.348 -888.172 2893.97
221.995 699.271 2858.03
54.3615 -3.32182 2725.22
98.0512 -460.179 2746.96
68.3295 477.64 2709.97
-72.1414 219.375 2681.45
FRAME: 162
-146.899 670.085 2639.22
-431.159 305.404 2459.74
-222.229 -886.783 2877.39
-324.049 416.828 2212.46
-144.749 -44.395 2690.53
-197.897 -494.122 2732.5
-275.183 411.38 2646.58
-101.041 436.313 2675.58
344.013 506.774 2707.4
154.18 -907.098 2910.76
186.996 702.473 2855.06
66.2307 -14.1779 2725.4
102.21 -478.283 2748.43
73.1006 461.245 2704.58
-70.1501 203.513 2691.77
FRAME: 163
-149.899 656.867 2646.18
-437.487 193.246 2573.95
-223.369 -899.661 2897.59
-343.976 333.003 2270.71
-140.672 -57.5091 2711.13
-197.541 -507.596 2757.21
-273.487 392.012 2669.5
-95.9307 417.199 2680.24
329.127 486.47 2607.2
154.692 -912.291 2926.32
221.497 681.969 2764.84
75.8869 -26.8215 2724.1
105.563 -487.952 2759.32
81.6261 442.386 2690.99
-64.1617 187.517 2698.93
FRAME: 164
-159.541 642.083 2656.3
-414.407 164.262 2609.64
-222.695 -912.478 2932.23
-351.334 265.706 2317.41
-134.403 -77.965 2738.2
-190.031 -520.309 2785.06
-271.041 367.138 2697.5
-93.304 392.965 2689
298.678 449.563 2549.13
153.396 -917.91 2927.51
244.488 659.855 2653.33
84.7034 -46.2194 2727.74
105.579 -497.015 2757.79
84.433 418.791 2680.49
-59.077 165.436 2710.98
FRAME: 165
-165.152 618.893 2666.19
-321.992 104.39 2763.01
-217.249 -904.717 2962.43
-346.697 72.7293 2445.11
-126.609 -88.8324 2779.86
-181.05 -519.432 2821.14
-252.485 341.2 2747.21
-86.8179 363.61 2706.9
147.077 240.839 2424.66
152.927 -936.469 2933.69
153.551 442.672 2333.88
93.495 -59.2927 2726.36
108.447 -518.083 2762.63
78.8495 386.019 2666.59
-51.6873 144.774 2730.01
FRAME: 166
-167.32 595.459 2670.27
-261.262 80.0153 2843.08
-205.938 -915.464 3007.3
-318.775 -93.086 2606.14
-113.909 -95.1924 2833.26
-160.126 -519.823 2877.38
-232.062 321.962 2807.49
-85.717 339.91 2733.7
122.467 165.479 2534.57
144.389 -926.996 2938.71
66.1076 163.676 2364.12
93.3199 -70.0691 2728.81
113.425 -519.548 2781.8
60.6279 357.857 2659.91
-48.0057 128.639 2757.37
FRAME: 167
-169.051 580.274 2669.51
-232.929 62.4659 2867.59
-187.536 -893.237 3032.46
-334.567 -177.115 2649.33
-106.684 -100.068 2844.71
-151.397 -511.831 2900.17
-220.461 319.849 2831.99
-90.8299 335.686 2742.74
110.687 161.014 2545.94
135.145 -917.166 2928.78
-28.5638 51.5257 2338.85
81.2311 -77.1995 2715.79
105.837 -521.25 2779.62
38.8016 351.524 2653.49
-51.7781 123.526 2761.5
FRAME: 168
-171.043 569.084 2663.33
-211.253 56.5566 2893.01
-173.816 -885.218 3043.4
-325.992 -212.833 2757.12
-92.4659 -99.2326 2860.24
-138.634 -511.374 2917.91
-211.04 318.355 2838.79
-94.9597 327.259 2735.25
63.9957 128.641 2539.88
130.003 -913.976 2929.18
-88.2542 -56.9973 2412.91
66.1025 -87.2286 2719.68
99.2255 -527.767 2784.32
21.1207 336.163 2631.72
-54.0707 117.014 2762.61
FRAME: 169
-168.978 544.385 2661.82
-182.731 33.4975 2905.6
-173.014 -916.642 3065.75
-312.952 -260.668 2846.81
-58.6587 -120.087 2864.96
-127.208 -534.069 2948.41
-193.73 299.132 2845.21
-94.4016 304.271 2730.53
-2.10631 60.9534 2542.78
127.595 -904.733 2933.64
-136.115 -137.406 2488.63
64.7796 -113.852 2723.46
96.2714 -535.474 2784.36
4.92725 309.409 2615.85
-45.6706 93.6505 2762.37
FRAME: 170
-166.342 519.509 2659.26
-149.115 27.6623 2906.1
-181.901 -924.329 3067.62
-256.287 -247.13 2850
-42.8721 -124.124 2882.13
-115.921 -539.566 2962.11
-180.453 291.094 2844.64
-91.9974 287.701 2724.31
-35.905 10.2975 2556.71
126.982 -925.234 2955.26
-195.981 -218.272 2575.83
62.5335 -128.485 2738.47
96.8495 -554.891 2803.5
-3.54182 284.308 2603.99
-41.0833 80.6981 2767.31
FRAME: 171
-180.94 480.41 2642.87
-172.403 -0.100959 2876.23
-178.26 -928.976 3091.61
-269.933 -270.315 2823.48
-45.0003 -138.866 2886.26
-114.095 -547.085 2973.94
-198.566 266.769 2819.66
-106.583 266.927 2713.5
-80.812 -26.9863 2598.88
131.169 -935.805 2968.72
-243.359 -262.404 2685.6
68.6731 -138.389 2755.96
105.282 -563.46 2824.54
-14.5995 267.084 2607.33
-47.3732 64.1497 2767.3
FRAME: 172
-188.139 450.837 2633.59
-181.179 -29.2207 2848.76
-176.022 -932.625 3102.37
-266.286 -294.421 2802.49
-27.7163 -142.24 2895.92
-100.264 -545.676 2999.27
-199.079 247.384 2802.09
-112.638 252.398 2709.48
-105.265 -49.1481 2639.92
131.077 -937.931 2974.4
-258.951 -275.558 2759.57
78.1179 -135.755 2783.32
112.733 -563.952 2834.27
-26.1983 257.411 2616.86
-43.7188 56.7001 2774.55
FRAME: 173
-199.69 437.68 2628.09
-179.332 -36.4587 2840.93
-181.62 -927.367 3102.77
-265.603 -309.19 2805.45
-13.3863 -134.801 2904.84
-103.073 -537.534 3002.45
-196.296 243.943 2795.12
-120.743 248.544 2707.25
-121.591 -58.3105 2660.92
133.109 -926.36 2979.83
-279.051 -270.268 2799.26
78.4198 -129.197 2798.1
101.719 -558.555 2820.92
-45.1908 253.144 2619.39
-44.1133 58.2724 2779.36
FRAME: 174
-211.523 412.999 2615.35
-181.912 -62.3758 2804.1
-183.982 -925.901 3105.08
-262.773 -339.09 2776.72
5.60121 -136.798 2905.22
-97.9576 -536.487 3004.2
-195.823 221.304 2768.41
-125.331 235.073 2701.56
-135.284 -69.9809 2677.65
137.743 -912.242 2983.08
-289.135 -271.635 2829.19
90.7704 -120.303 2824.3
98.9858 -546.491 2806.26
-54.8382 248.842 2634.71
-38.5724 53.2612 2783.16
FRAME: 175
-209.42 398.708 2617.66
-170.3 -72.724 2799.32
-191.069 -920.085 3114.06
-239.766 -350.046 2767.19
22.9279 -142.794 2913.11
-104.995 -534.852 3001.08
-178.782 212.434 2767.37
-121.192 224.528 2705.85
-136.663 -75.4981 2688.48
135.06 -908.994 2984.18
-296.592 -254.104 2846.69
92.9472 -127.615 2839.84
84.9692 -549.133 2786.16
-63.6011 236.622 2644.33
-31.6271 44.6618 2791.16
FRAME: 176
-206.407 396.074 2616
-160.05 -71.6673 2795.89
-203.203 -908.856 3111.54
-224.718 -351.143 2770.63
28.4993 -138.973 2921.83
-119.126 -523.329 3001.51
-166.388 213.683 2768.22
-119.186 223.293 2707.17
-128.05 -73.0754 2699.62
126.953 -887.742 2972.63
-292.248 -241.292 2854.16
86.8345 -126.715 2848.35
80.8776 -548.187 2801.29
-71.983 232.902 2646.13
-30.7593 45.2245 2796.13
FRAME: 177
-208.189 388.32 2616.75
-165.098 -81.8427 2786.45
-203.705 -916.694 3112.23
-223.993 -362.68 2758.19
25.0465 -148.57 2921.44
-127.032 -533.082 2999.19
-170.85 205.325 2762.89
-121.078 216.261 2708.59
-132.379 -71.1741 2695.89
130.296 -891.928 2970.69
-294.187 -241.205 2845.63
86.796 -134.616 2855.83
87.1774 -556.668 2807.62
-71.3052 227.196 2654.3
-32.5783 37.3338 2798.62
FRAME: 178
-207.182 386.353 2625.14
-181.031 -84.9104 2798.86
-228.335 -916.284 3118.84
-234.955 -367.508 2772.29
4.69977 -156.986 2934.14
-147.259 -536.104 3004.14
-185.908 202.804 2778.87
-124.518 211.716 2716.74
-124.423 -74.1221 2698
130.084 -898.163 2976.05
-278.985 -232.663 2850.05
80.4478 -145.542 2858.75
84.4356 -570.068 2834.57
-63.1275 220.627 2654.61
-40.972 30.2259 2806.59
FRAME: 179
-199.664 381.043 2635.81
-203.706 -94.2746 2816.07
-233.259 -938.595 3123.95
-246.686 -375.955 2789.38
-26.364 -174.302 2945.24
-170.655 -553.811 3012.21
-202.934 195.717 2798.32
-126.64 201.688 2725.69
-116.466 -79.0373 2698.91
123.437 -909.433 2983.15
-265.232 -245.414 2850.72
67.1165 -166.071 2858.4
74.2545 -589.464 2847.81
-50.3459 207.66 2653.07
-53.1318 15.7509 2813.76
FRAME: 180
-190.831 389.659 2639.52
-215.669 -78.9622 2830.12
-249.525 -941.611 3128.67
-253.257 -363.011 2802.12
-52.6371 -169.076 2959.84
-181.923 -557.647 3014.06
-216.008 209.389 2814.87
-128.057 207.62 2731.52
-111.218 -78.1918 2703.59
125.48 -897.285 2986.3
-261.231 -248.196 2858.81
53.3678 -170.594 2860.27
66.2699 -594.405 2867.97
-40.1067 205.851 2648.17
-63.846 18.8926 2820.79
FRAME: 181
-182.935 402.424 2646.11
-224.465 -60.9989 2847.58
-240.442 -956.844 3108.49
-258.348 -345.686 2821.43
-77.6574 -162.388 2969.19
-195.625 -562.104 3023.58
-225.433 227.513 2832.8
-130.723 216.248 2737.7
-97.2154 -76.4744 2696.91
125.637 -894.871 2992.37
-242.896 -261.688 2833.43
32.9005 -174.941 2859.1
53.1988 -596.735 2876.36
-36.0127 204.983 2642.6
-76.5506 23.7918 2825.92
FRAME: 182
-175.307 412.941 2652.73
-228.256 -50.8415 2853.89
-231.592 -965.02 3092.62
-258.82 -337.934 2826.8
-93.9741 -159.856 2972.33
-201.544 -563.17 3039.9
-229.503 237.405 2840.56
-130.023 223.32 2742.42
-80.4773 -76.6329 2692.53
132.235 -891.307 2998.32
-231.863 -268.296 2813.13
22.9965 -175.516 2858.43
48.6597 -599.174 2881.2
-30.5432 209.235 2644.28
-82.7559 27.8168 2828.9
FRAME: 183
-170.353 424 2661.62
-235.004 -39.5412 2861.25
-228.639 -963.947 3088.78
-264.448 -327.575 2837.19
-111.164 -153.909 2975.8
-215.899 -560.647 3039.02
-236.275 249.267 2850.33
-131.197 231.492 2748.14
-75.652 -75.4101 2694.21
127.827 -883.319 2998.34
-225.82 -272.545 2812.04
12.4547 -174.48 2856.3
40.5627 -596.83 2888.84
-26.1198 213.718 2645.95
-90.276 33.6488 2832.09
FRAME: 184
-161.61 444.431 2681.55
-250.327 -15.5148 2878.84
-240.871 -949.589 3074.77
-277.732 -306.778 2863.5
-145.042 -144.989 2977.28
-249.107 -550.747 3050.08
-250.48 269.668 2866.86
-132.997 246.819 2760.81
-61.0151 -74.8174 2693.18
121.348 -884.359 2999.15
-212.886 -280.602 2802.83
-4.3 -172.355 2849.83
31.1998 -593.424 2887.49
-15.5142 223.971 2654.75
-103.834 44.0735 2837.18
FRAME: 185
-177.109 484.083 2653.67
-258.589 -10.6462 2885.58
-236.572 -954.682 3077.86
-281.884 -303.443 2868.33
-168.828 -148.268 2971.63
-256.833 -560.083 3042.39
-257.665 273.856 2872.54
-130.261 250.42 2769.81
-37.8059 -63.9263 2694.55
120.762 -885.15 2991.92
-189.106 -279.871 2783.6
-16.5882 -176.275 2848.46
29.2797 -597.841 2894.81
-2.8568 226.984 2667.07
-111.484 44.0742 2839.93
FRAME: 186
-177.098 508.245 2638.51
-270.826 33.4572 2867.99
-222.046 -934.492 3086.52
-289.556 -258.805 2847.61
-168.167 -89.9553 2981.98
-253.051 -537.611 3033.77
-268.931 322.063 2855.83
-136.614 295.304 2754.49
-33.3877 -58.0814 2695.25
129.011 -869.984 2992.44
-189.619 -279.192 2771.83
-10.2314 -121.796 2861.04
41.2322 -572.777 2907.46
-4.29735 268.544 2653.15
-112.907 94.714 2838
FRAME: 187
-174.024 519.194 2632.2
-279.403 53.1366 2856.78
-227.364 -905.426 3085.61
-294.471 -236.539 2833.66
-169.461 -61.0347 2989.19
-255.904 -501.898 3015.39
-276.049 343.949 2844.73
-136.475 318.477 2751.03
-9.14648 -27.4334 2699
130.063 -882.067 3000.24
-164.148 -256.647 2757.03
-2.01495 -91.4482 2876.91
35.3939 -533.499 2897.4
3.09962 293.005 2657.34
-111.106 121.118 2842.04
FRAME: 188
-170.887 527.562 2635.52
-286.296 68.0677 2837.71
-240.924 -884.287 3078.51
-302.265 -220.793 2824.56
-182.169 -42.98 2992.91
-269.704 -474.64 2992.84
-286.187 358.032 2835.59
-139.679 333.438 2751.52
2.12696 -16.6281 2713.78
122.216 -904.002 3011.32
-157.896 -242.559 2763.11
-8.76349 -72.1743 2893.44
15.253 -517.239 2916.57
6.82806 308.844 2667.45
-117.573 137.931 2847.35
FRAME: 189
-161.115 534.839 2639.89
-295.326 64.7497 2842.4
-235.064 -875.687 3069.94
-302.207 -221.326 2817.14
-189.361 -42.1051 2988.62
-276.188 -466.768 2983.42
-290.61 358.445 2830.95
-137.345 338.431 2757.5
22.384 -0.576372 2732
126.07 -904.954 3009.22
-144.767 -228.724 2754.72
-7.02976 -65.8735 2901.31
10.5788 -503.37 2900.88
15.92 318.418 2684.05
-117.77 142.221 2851.23
FRAME: 190
-151.357 542.275 2631.3
-293.411 81.5832 2829.79
-233.85 -858.838 3069.58
-299.622 -205.703 2806.32
-194.804 -21.5858 2993.99
-278.22 -446.039 2983.81
-289.209 373.05 2820.38
-132.502 351.174 2754.92
38.1131 16.6224 2742.95
126.422 -899.693 3020
-128.52 -213.123 2751.22
-9.4851 -47.6899 2916.45
8.22464 -482.366 2911.86
24.2048 329.298 2689.45
-117.323 158.268 2855.07
FRAME: 191
-134.364 544.839 2636.79
-295.702 79.5111 2811.91
-241.232 -845.257 3050.88
-296.521 -204.518 2790.73
-204.203 -22.1544 2989.96
-310.664 -437.367 2956.97
-289.329 368.662 2803.39
-124.92 354.616 2761.7
48.5456 20.7976 2768.52
126.832 -906.487 3027.97
-124.924 -200.861 2756
-8.13073 -39.1089 2940.1
-1.50968 -471.895 2947.55
39.488 340.57 2720.02
-115.544 161.992 2863.37
FRAME: 192
-125.509 552.126 2650.03
-297.863 76.1575 2797.09
-247.003 -866.963 3037.3
-294.396 -208.86 2777.93
-213.782 -27.3791 2974.74
-317.641 -441.49 2938.36
-291.755 365.241 2789.37
-123.245 359.333 2769.17
54.8598 29.4916 2795.51
118.563 -911.315 3021.93
-118.054 -188.416 2763.8
-13.7914 -34.4963 2950.72
-9.87394 -465.716 2946.12
45.2655 353.426 2748.96
-118.516 164.198 2865.95
FRAME: 193
-104.771 557.359 2655.08
-289.936 76.0844 2781.63
-238.117 -869.844 3042.71
-283.026 -207.249 2764.37
-220.186 -28.9692 2961.88
-300.48 -449.248 2933.92
-283.62 365.398 2774.04
-113.282 361.969 2772.31
61.7889 42.8275 2816.52
121.257 -921.621 3031.38
-95.4369 -186.165 2765.19
-18.732 -33.1186 2959.79
-1.97991 -463.051 2945.11
57.0558 358.54 2770.57
-116.371 165.463 2866.57
FRAME: 194
-103.524 559.968 2668.97
-289.942 69.3086 2769.05
-237.32 -875.145 3037.6
-280.998 -212.323 2752.48
-225.053 -38.2595 2942.99
-302.105 -459.66 2928.26
-283.801 359.28 2762.01
-114.882 361.953 2777.31
65.9224 49.2287 2836.28
113.441 -925.367 3032.92
-86.3904 -177.212 2769.31
-24.8149 -35.2361 2961.16
3.38386 -463.14 2929.73
54.0375 364.627 2792.6
-119.908 162.603 2864.69
FRAME: 195
-88.4657 571.122 2667.15
-297.807 44.4248 2768.08
-225.782 -923.026 3037.7
-281.023 -234.318 2749.02
-220.984 -71.1379 2910.86
-298.705 -476.475 2918.54
-292.106 332.512 2760.84
-124.207 341.982 2786.14
71.499 54.6344 2859.99
119.35 -944.295 3031.49
-85.1154 -168.377 2770.99
-23.7066 -60.1478 2940.65
21.0947 -472.385 2920.84
43.6922 351.453 2811.45
-123.276 138.17 2855.95
FRAME: 196
-82.2468 570.528 2675.04
-283.452 60.9193 2747.97
-231.461 -912.724 3042.3
-268.747 -217.802 2731.48
-235.754 -51.4116 2902.19
-299.02 -478.598 2924.48
-277.705 353.911 2741.19
-112.365 357.202 2778.42
67.6329 52.1732 2861.75
112.826 -923.787 3039.23
-59.7713 -178.893 2763.75
-39.1021 -47.5966 2946.61
21.8484 -473.819 2936.76
52.9755 360.492 2815.65
-124.896 153.849 2851.41
FRAME: 197
-64.661 575.056 2684.53
-261.953 65.7602 2725.18
-211.688 -899.6 3029.9
-249.411 -214.814 2713.38
-231.498 -48.347 2879.82
-278.584 -476.915 2901.1
-255.96 359.819 2719.02
-97.3224 364.321 2776.79
73.0886 66.6486 2874.88
121.432 -927 3049.54
-37.184 -166.807 2766.87
-42.1636 -43.0323 2949
5.32535 -468.078 2961.25
61.3149 368.822 2834.57
-117.077 159.316 2845.6
FRAME: 198
-40.2716 580.766 2691.49
-234.738 74.1768 2708.96
-198.9 -872.135 3024.14
-219.881 -206.875 2698.1
-218.439 -46.2633 2861.5
-256.344 -475.079 2886.15
-228.638 366.39 2702.18
-76.5213 370.806 2775.72
88.7395 74.8161 2892.48
133.858 -923.216 3047
-8.10266 -162.982 2776.19
-38.5613 -40.9784 2949
11.1827 -466.056 2954.15
75.5954 375.221 2849.25
-102.511 163.592 2840.48
FRAME: 199
-20.2789 578.095 2703.89
-216.149 70.9042 2705.15
-195.303 -866.126 3017.58
-199.636 -209.281 2696.54
-205.405 -55.741 2849.71
-241.573 -485.156 2863.24
-210.232 361.935 2699.73
-60.3504 364.476 2780.05
101.799 78.774 2901.32
153.145 -950.617 3044.34
16.7962 -157.759 2778.97
-29.211 -52.7579 2944.63
25.2458 -478.206 2952.18
89.5315 367.017 2860.37
-88.8291 155.113 2838.61
FRAME: 200
-0.446093 585.675 2701.74
-197.556 77.6164 2697.99
-194.188 -849.596 3020.97
-173.477 -205.071 2687.1
-195.082 -47.1756 2843.23
-224.374 -479.563 2860.72
-192.014 371.58 2692.25
-44.4737 373.334 2777.66
111.497 76.2631 2902.18
150.525 -933.06 3046.01
37.2543 -159.096 2776.06
-21.1608 -45.1906 2944.4
42.0787 -471.547 2955.01
103.066 375.088 2863.08
-76.2975 163.575 2835.74
FRAME: 201
15.8366 585.922 2698.7
-176.773 83.2479 2681.98
-187.853 -848.403 3010.72
-148.308 -199.044 2677.92
-187.136 -37.6332 2830.58
-205.928 -469.433 2837.39
-173.246 378.364 2679.15
-29.386 379.104 2772.16
124.533 84.8738 2909.31
155.798 -938.537 3044.77
55.6283 -152.849 2784.33
-16.2636 -36.8672 2941.31
58.5126 -461.958 2950.42
114.474 379.844 2865.18
-65.5429 170.927 2829.05
FRAME: 202
31.2294 586.139 2707.61
-161.133 78.8908 2684.67
-185.498 -858.139 3007.23
-130.736 -197.6 2681.66
-171.157 -47.7958 2822.84
-175.316 -478.924 2841.87
-156.565 374.015 2680.23
-15.6111 373.95 2775.59
134.98 79.9255 2912.43
158.478 -943.529 3044.21
74.7042 -156.988 2780
-3.61695 -48.0402 2936.37
80.5541 -470.541 2949.78
125.343 373.885 2870.96
-51.4991 163.016 2827.6
FRAME: 203
53.1141 583.553 2724.06
-134.442 77.9276 2683.05
-171.401 -876.557 2995.21
-101.672 -195.7 2683.62
-147.453 -53.3344 2805.71
-132.877 -481.847 2842.61
-128.808 373.789 2679.45
7.98271 370.629 2780.77
154.607 84.3317 2914.89
173.353 -955.183 3037.8
98.5572 -152.868 2784.89
15.7462 -57.2734 2926.37
114.458 -474.676 2936.7
144.773 367.468 2882.1
-28.9354 157.662 2823.41
FRAME: 204
76.063 586.485 2728.29
-109.233 81.1787 2677.94
-170.257 -877.056 2999.98
-76.4271 -190.98 2680.74
-128.481 -50.6642 2796.44
-100.189 -476.489 2845.4
-104.223 377.945 2675.5
28.6823 373.321 2781.52
171.406 79.8529 2914.84
166.449 -945.268 3051.7
120.791 -156.475 2784.34
30.0524 -56.3233 2922.74
136.917 -472.4 2938.63
161.588 368.697 2887.54
-10.2659 159.914 2820.56
FRAME: 205
95.7604 589.811 2731.2
-89.3823 85.5518 2676.41
-163.932 -870.513 2989.25
-55.8674 -186.481 2680.63
-110.93 -47.2518 2789.71
-73.5521 -472.081 2844.67
-84.266 382.9 2674.68
47.6196 376.55 2782.16
190.678 78.1494 2918.81
168.336 -939.138 3053.29
141.163 -157.364 2785.25
46.4247 -54.9617 2917.77
163.049 -467.37 2936.99
179.505 370.2 2889.63
7.6834 162.722 2817.95
FRAME: 206
112.913 588.33 2732.79
-73.3624 85.6787 2671.3
-162.115 -887.32 2983.36
-36.081 -183.697 2678.48
-95.207 -49.8339 2779.29
-50.3823 -475.592 2825.39
-63.5187 381.271 2668.97
63.2705 374.336 2780.76
207.801 81.1368 2931.77
165.283 -931.126 3050.53
165.157 -156.547 2802.39
56.9512 -58.246 2913.19
184.363 -466.729 2936.6
190.06 367.401 2892.56
22.0713 160.148 2813.5
FRAME: 207
127.636 590.49 2744.38
-54.4093 90.1521 2673.21
-154.83 -913.936 2978.41
-17.305 -178.378 2676.17
-73.967 -48.5441 2771.89
-29.0287 -474.894 2807.65
-44.4175 384.303 2670.56
80.3904 375.996 2785.7
216.642 71.0552 2906.46
174.173 -931.836 3042.43
177.28 -169.269 2777.93
74.1863 -58.4844 2908.78
206.925 -464.299 2927.35
205.198 367.69 2900.83
40.25 161.241 2813.01
FRAME: 208
142.935 589.308 2739.57
-40.759 90.2426 2669.76
-163.686 -940.877 2992.99
-2.2207 -177.907 2672.27
-62.9569 -49.1866 2770.37
-17.2078 -479.359 2794.14
-29.7419 383.913 2665.91
94.6963 375.435 2781.61
227.236 66.4384 2891.31
169.718 -925.776 3047.56
186.018 -177.507 2769.12
84.8145 -59.2883 2908.05
221.687 -463.137 2931.49
219.134 366.958 2897.31
52.8125 160.599 2810.41
FRAME: 209
162.063 586.485 2738.32
-21.2171 87.7528 2667.84
-148.112 -972.858 2972.4
17.4233 -178.124 2670.4
-46.3943 -51.1698 2767.39
0.678918 -549.447 2794.87
-11.7903 382.583 2664.23
113.376 373.02 2778.79
245.304 69.8971 2880.16
177.993 -931.321 3041.4
201.117 -179.766 2770.07
102.401 -62.5299 2903.82
250.446 -460.535 2935.74
238.543 363.456 2893.35
70.6899 158.085 2807.2
FRAME: 210
178.067 585.272 2738.66
-3.36297 85.6697 2666.96
-130.829 -996.052 2963.58
36.1067 -180.528 2669.59
-29.4308 -53.2562 2766.1
9.84388 -593.436 2790.89
5.19652 380.885 2663.62
130.017 371.337 2778.13
261.119 66.9444 2880.54
179.612 -925.294 3043.05
216.052 -184.889 2774.66
119.65 -64.5971 2902.75
280.304 -455.469 2945.83
254.838 361.788 2892.63
87.5633 156.205 2806.27
FRAME: 211
193.365 581.591 2730.72
11.5056 82.6868 2661.91
-105.837 -1011.92 2952.93
46.2251 -185.441 2664.38
-16.2847 -54.5747 2767.17
24.2192 -589.698 2775.82
19.7358 377.048 2657.88
143.781 369.152 2773.97
274.982 66.3039 2877.51
175.89 -920.615 3044.56
225.147 -187.864 2775.53
131.858 -63.8958 2905.77
294.999 -458.805 2956.78
267.827 361.257 2890.05
100.784 154.958 2805.22
FRAME: 212
208.033 588.13 2734.3
23.2529 89.2206 2665.56
-71.9462 -1008.57 2929.85
63.5692 -176.326 2667.53
-4.44763 -46.0822 2765.06
47.8116 -591.319 2756.63
31.0928 385.985 2661.72
157.624 375.702 2774.8
289.055 67.078 2872.32
180.421 -915.8 3037.61
238.076 -187.497 2771.51
147.028 -58.2357 2900.25
312.851 -449.947 2952.81
284.155 365.419 2887.87
114.457 161.772 2803.73
FRAME: 213
225.285 586.555 2724.18
33.8841 92.7862 2663.06
9.80838 -895.688 2860.04
74.7816 -172.905 2664.09
2.88166 -42.1458 2764.74
113.778 -501.137 2696.45
42.2638 388.164 2658.8
171.974 376.056 2768.22
308.825 66.5329 2870.83
182.006 -930.138 3033.46
253.765 -184.641 2772.17
157.806 -56.4838 2895.34
329.9 -445.593 2936.72
301.684 363.949 2877.64
126.159 163.371 2799.13

