FRAME: 0
0 0 0
0 0 0
0 0 0
0 0 0
0 0 0
0 0 0
0 0 0
0 0 0
0 0 0
0 0 0
0 0 0
0 0 0
0 0 0
0 0 0
0 0 0
FRAME: 1
0 0 0
0 0 0
0 0 0
0 0 0
0 0 0
0 0 0
0 0 0
0 0 0
0 0 0
0 0 0
0 0 0
0 0 0
0 0 0
0 0 0
0 0 0
FRAME: 2
0 0 0
0 0 0
0 0 0
0 0 0
0 0 0
0 0 0
0 0 0
0 0 0
0 0 0
0 0 0
0 0 0
0 0 0
0 0 0
0 0 0
0 0 0
FRAME: 3
0 0 0
0 0 0
0 0 0
0 0 0
0 0 0
0 0 0
0 0 0
0 0 0
0 0 0
0 0 0
0 0 0
0 0 0
0 0 0
0 0 0
0 0 0
FRAME: 4
0 0 0
0 0 0
0 0 0
0 0 0
0 0 0
0 0 0
0 0 0
0 0 0
0 0 0
0 0 0
0 0 0
0 0 0
0 0 0
0 0 0
0 0 0
FRAME: 5
0 0 0
0 0 0
0 0 0
0 0 0
0 0 0
0 0 0
0 0 0
0 0 0
0 0 0
0 0 0
0 0 0
0 0 0
0 0 0
0 0 0
0 0 0
FRAME: 6
0 0 0
0 0 0
0 0 0
0 0 0
0 0 0
0 0 0
0 0 0
0 0 0
0 0 0
0 0 0
0 0 0
0 0 0
0 0 0
0 0 0
0 0 0
FRAME: 7
0 0 0
0 0 0
0 0 0
0 0 0
0 0 0
0 0 0
0 0 0
0 0 0
0 0 0
0 0 0
0 0 0
0 0 0
0 0 0
0 0 0
0 0 0
FRAME: 8
0 0 0
0 0 0
0 0 0
0 0 0
0 0 0
0 0 0
0 0 0
0 0 0
0 0 0
0 0 0
0 0 0
0 0 0
0 0 0
0 0 0
0 0 0
FRAME: 9
0 0 0
0 0 0
0 0 0
0 0 0
0 0 0
0 0 0
0 0 0
0 0 0
0 0 0
0 0 0
0 0 0
0 0 0
0 0 0
0 0 0
0 0 0
FRAME: 10
0 0 0
0 0 0
0 0 0
0 0 0
0 0 0
0 0 0
0 0 0
0 0 0
0 0 0
0 0 0
0 0 0
0 0 0
0 0 0
0 0 0
0 0 0
FRAME: 11
0 0 0
0 0 0
0 0 0
0 0 0
0 0 0
0 0 0
0 0 0
0 0 0
0 0 0
0 0 0
0 0 0
0 0 0
0 0 0
0 0 0
0 0 0
FRAME: 12
0 0 0
0 0 0
0 0 0
0 0 0
0 0 0
0 0 0
0 0 0
0 0 0
0 0 0
0 0 0
0 0 0
0 0 0
0 0 0
0 0 0
0 0 0
FRAME: 13
0 0 0
0 0 0
0 0 0
0 0 0
0 0 0
0 0 0
0 0 0
0 0 0
0 0 0
0 0 0
0 0 0
0 0 0
0 0 0
0 0 0
0 0 0
FRAME: 14
0 0 0
0 0 0
0 0 0
0 0 0
0 0 0
0 0 0
0 0 0
0 0 0
0 0 0
0 0 0
0 0 0
0 0 0
0 0 0
0 0 0
0 0 0
FRAME: 15
0 0 0
0 0 0
0 0 0
0 0 0
0 0 0
0 0 0
0 0 0
0 0 0
0 0 0
0 0 0
0 0 0
0 0 0
0 0 0
0 0 0
0 0 0
FRAME: 16
0 0 0
0 0 0
0 0 0
0 0 0
0 0 0
0 0 0
0 0 0
0 0 0
0 0 0
0 0 0
0 0 0
0 0 0
0 0 0
0 0 0
0 0 0
FRAME: 17
0 0 0
0 0 0
0 0 0
0 0 0
0 0 0
0 0 0
0 0 0
0 0 0
0 0 0
0 0 0
0 0 0
0 0 0
0 0 0
0 0 0
0 0 0
FRAME: 18
0 0 0
0 0 0
0 0 0
0 0 0
0 0 0
0 0 0
0 0 0
0 0 0
0 0 0
0 0 0
0 0 0
0 0 0
0 0 0
0 0 0
0 0 0
FRAME: 19
0 0 0
0 0 0
0 0 0
0 0 0
0 0 0
0 0 0
0 0 0
0 0 0
0 0 0
0 0 0
0 0 0
0 0 0
0 0 0
0 0 0
0 0 0
FRAME: 20
0 0 0
0 0 0
0 0 0
0 0 0
0 0 0
0 0 0
0 0 0
0 0 0
0 0 0
0 0 0
0 0 0
0 0 0
0 0 0
0 0 0
0 0 0
FRAME: 21
0 0 0
0 0 0
0 0 0
0 0 0
0 0 0
0 0 0
0 0 0
0 0 0
0 0 0
0 0 0
0 0 0
0 0 0
0 0 0
0 0 0
0 0 0
FRAME: 22
0 0 0
0 0 0
0 0 0
0 0 0
0 0 0
0 0 0
0 0 0
0 0 0
0 0 0
0 0 0
0 0 0
0 0 0
0 0 0
0 0 0
0 0 0
FRAME: 23
0 0 0
0 0 0
0 0 0
0 0 0
0 0 0
0 0 0
0 0 0
0 0 0
0 0 0
0 0 0
0 0 0
0 0 0
0 0 0
0 0 0
0 0 0
FRAME: 24
0 0 0
0 0 0
0 0 0
0 0 0
0 0 0
0 0 0
0 0 0
0 0 0
0 0 0
0 0 0
0 0 0
0 0 0
0 0 0
0 0 0
0 0 0
FRAME: 25
0 0 0
0 0 0
0 0 0
0 0 0
0 0 0
0 0 0
0 0 0
0 0 0
0 0 0
0 0 0
0 0 0
0 0 0
0 0 0
0 0 0
0 0 0
FRAME: 26
0 0 0
0 0 0
0 0 0
0 0 0
0 0 0
0 0 0
0 0 0
0 0 0
0 0 0
0 0 0
0 0 0
0 0 0
0 0 0
0 0 0
0 0 0
FRAME: 27
0 0 0
0 0 0
0 0 0
0 0 0
0 0 0
0 0 0
0 0 0
0 0 0
0 0 0
0 0 0
0 0 0
0 0 0
0 0 0
0 0 0
0 0 0
FRAME: 28
0 0 0
0 0 0
0 0 0
0 0 0
0 0 0
0 0 0
0 0 0
0 0 0
0 0 0
0 0 0
0 0 0
0 0 0
0 0 0
0 0 0
0 0 0
FRAME: 29
0 0 0
0 0 0
0 0 0
0 0 0
0 0 0
0 0 0
0 0 0
0 0 0
0 0 0
0 0 0
0 0 0
0 0 0
0 0 0
0 0 0
0 0 0
FRAME: 30
0 0 0
0 0 0
0 0 0
0 0 0
0 0 0
0 0 0
0 0 0
0 0 0
0 0 0
0 0 0
0 0 0
0 0 0
0 0 0
0 0 0
0 0 0
FRAME: 31
0 0 0
0 0 0
0 0 0
0 0 0
0 0 0
0 0 0
0 0 0
0 0 0
0 0 0
0 0 0
0 0 0
0 0 0
0 0 0
0 0 0
0 0 0
FRAME: 32
0 0 0
0 0 0
0 0 0
0 0 0
0 0 0
0 0 0
0 0 0
0 0 0
0 0 0
0 0 0
0 0 0
0 0 0
0 0 0
0 0 0
0 0 0
FRAME: 33
0 0 0
0 0 0
0 0 0
0 0 0
0 0 0
0 0 0
0 0 0
0 0 0
0 0 0
0 0 0
0 0 0
0 0 0
0 0 0
0 0 0
0 0 0
FRAME: 34
0 0 0
0 0 0
0 0 0
0 0 0
0 0 0
0 0 0
0 0 0
0 0 0
0 0 0
0 0 0
0 0 0
0 0 0
0 0 0
0 0 0
0 0 0
FRAME: 35
0 0 0
0 0 0
0 0 0
0 0 0
0 0 0
0 0 0
0 0 0
0 0 0
0 0 0
0 0 0
0 0 0
0 0 0
0 0 0
0 0 0
0 0 0
FRAME: 36
0 0 0
0 0 0
0 0 0
0 0 0
0 0 0
0 0 0
0 0 0
0 0 0
0 0 0
0 0 0
0 0 0
0 0 0
0 0 0
0 0 0
0 0 0
FRAME: 37
0 0 0
0 0 0
0 0 0
0 0 0
0 0 0
0 0 0
0 0 0
0 0 0
0 0 0
0 0 0
0 0 0
0 0 0
0 0 0
0 0 0
0 0 0
FRAME: 38
0 0 0
0 0 0
0 0 0
0 0 0
0 0 0
0 0 0
0 0 0
0 0 0
0 0 0
0 0 0
0 0 0
0 0 0
0 0 0
0 0 0
0 0 0
FRAME: 39
0 0 0
0 0 0
0 0 0
0 0 0
0 0 0
0 0 0
0 0 0
0 0 0
0 0 0
0 0 0
0 0 0
0 0 0
0 0 0
0 0 0
0 0 0
FRAME: 40
0 0 0
0 0 0
0 0 0
0 0 0
0 0 0
0 0 0
0 0 0
0 0 0
0 0 0
0 0 0
0 0 0
0 0 0
0 0 0
0 0 0
0 0 0
FRAME: 41
0 0 0
0 0 0
0 0 0
0 0 0
0 0 0
0 0 0
0 0 0
0 0 0
0 0 0
0 0 0
0 0 0
0 0 0
0 0 0
0 0 0
0 0 0
FRAME: 42
0 0 0
0 0 0
0 0 0
0 0 0
0 0 0
0 0 0
0 0 0
0 0 0
0 0 0
0 0 0
0 0 0
0 0 0
0 0 0
0 0 0
0 0 0
FRAME: 43
0 0 0
0 0 0
0 0 0
0 0 0
0 0 0
0 0 0
0 0 0
0 0 0
0 0 0
0 0 0
0 0 0
0 0 0
0 0 0
0 0 0
0 0 0
FRAME: 44
0 0 0
0 0 0
0 0 0
0 0 0
0 0 0
0 0 0
0 0 0
0 0 0
0 0 0
0 0 0
0 0 0
0 0 0
0 0 0
0 0 0
0 0 0
FRAME: 45
0 0 0
0 0 0
0 0 0
0 0 0
0 0 0
0 0 0
0 0 0
0 0 0
0 0 0
0 0 0
0 0 0
0 0 0
0 0 0
0 0 0
0 0 0
FRAME: 46
-347.131 378.051 1967.82
-530.381 77.533 2127.03
-140.116 -980.028 2597.5
-703.69 110.242 2104.17
-236.831 -224.181 2166.71
-250.762 -627.28 2313.17
-295.414 176.701 2255.16
-243.233 171.215 2057.97
-275.238 -34.2928 1659.3
-93.6276 -968.031 2208.63
-673.247 -16.3679 1597.69
-189.36 -229.172 1987.32
-230.595 -657.24 1972.31
-191.051 165.729 1860.78
-228.164 -27.731 2067.49
FRAME: 47
-355.862 360.37 1933.43
-507.652 85.468 2101.56
-165.687 -958.858 2476.08
-683.428 71.0803 2091.94
-245.544 -216.38 2178.03
-264.292 -636.138 2288.87
-304.508 173.879 2181.7
-247.249 150.85 1999.51
-256.829 -35.043 1621.36
-107.385 -1000.41 2196.36
-559.793 -91.0387 1427.2
-173.398 -253.597 1975.35
-223.792 -675.464 1964.35
-189.991 127.82 1817.32
-228.36 -42.0695 2038.1
FRAME: 48
-361.251 339.941 1911.83
-509.685 66.5883 2102.29
-167.865 -973.627 2418.41
-699.773 35.8219 2129.88
-257.706 -249.726 2122.9
-272.044 -640.582 2259.49
-308.177 151.236 2171.08
-248.425 135.263 1979.78
-224.769 -22.6389 1569.08
-132.202 -980.616 2176.2
-494.836 -115.339 1309.99
-191.792 -271.065 1946.25
-252.264 -678.395 1928.4
-188.672 119.29 1788.49
-236.587 -62.5661 2007.18
FRAME: 49
-365.405 323.179 1899.2
-501.811 75.5112 2109.41
-180.002 -1014.41 2347.44
-706.839 8.58437 2144.97
-261.354 -258.871 2108.53
-274.017 -650.763 2247.54
-303.392 142.805 2141.81
-248.328 118.551 1952.13
-194.66 -27.463 1530.76
-155.318 -994.404 2103.48
-350.672 -119.44 1293.61
-199.996 -288.909 1930.01
-284.759 -695.128 1897
-193.265 94.2956 1762.46
-239.502 -77.6697 1985.7
FRAME: 50
-381.867 300.022 1897.89
-492.374 62.2978 2100.28
-184.704 -1015.98 2341.06
-702.833 1.83191 2123.29
-262.976 -271.557 2085.82
-282.135 -657.519 2234.11
-310.659 137.988 2121.65
-249.42 113.552 1931.73
-178.96 -27.648 1523.38
-155.939 -1008.81 2118.48
-352.738 -119.431 1234.1
-200.061 -296.486 1920.92
-282.348 -698.548 1907.86
-188.181 89.1173 1741.8
-240.469 -85.2344 1967.55
FRAME: 51
-394.768 313.293 1874.42
-472.592 67.9031 2097.38
-188.841 -988.53 2315.54
-691.13 11.448 2078.8
-261.408 -262.48 2078.37
-294.794 -640.178 2195.71
-312.572 145.255 2079.01
-249.645 112.244 1902.87
-167.716 -37.9499 1511.61
-157.449 -1009.95 2098.54
-283.443 -130.602 1244.28
-194.726 -293.562 1920.73
-272.614 -692.441 1906.92
-186.719 79.2329 1726.73
-238.856 -82.8887 1951.21
FRAME: 52
-403.568 329.346 1858.51
-474.729 72.1768 2104.31
-199.663 -944.424 2295.45
-693.307 17.5623 2042.74
-263.564 -228.735 2055.84
-312.521 -595.126 2130.74
-334.474 151.009 1996.53
-257.071 118.169 1858.75
-143.776 -37.9323 1509.87
-138.63 -972.323 2066.6
-300.939 -162.724 1296.8
-168.665 -261.664 1911.75
-220.732 -652.844 1911.67
-179.667 85.3283 1720.96
-236.593 -63.5154 1921.27
FRAME: 53
-408.507 334.937 1850.38
-474.713 57.1876 2124.37
-198.008 -887.197 2245.68
-687.27 -7.96195 2005.35
-245.369 -187.127 2012.16
-307.764 -547.134 2067.82
-342.958 150.317 1960.87
-261.471 134.721 1848.32
-131.642 -14.5608 1527.13
-133.829 -885.328 2021.05
-269.947 -149.39 1357.8
-144.912 -202.423 1896.3
-202.747 -554.106 1834.24
-179.985 119.124 1735.77
-228.306 -30.0272 1901.28
FRAME: 54
-414.099 363.898 1834.7
-464.533 54.4027 2154.81
-193.595 -881.242 2252.29
-687.925 -17.3667 2030.62
-233.788 -169.202 2039.01
-281.673 -535.225 2074.06
-349.137 158.601 1995.04
-264.367 132.219 1861.37
-128.506 -27.9765 1521.42
-145.616 -885.068 2029.13
-261.016 -135.159 1404.63
-146.521 -195.688 1902.4
-214.728 -523.208 1783.72
-179.596 105.837 1727.7
-227.261 -25.1129 1916.04
FRAME: 55
-404.091 362.244 1835.95
-493.706 40.6005 2179.08
-228.02 -827.137 2234.15
-695.047 -52.3159 2035.89
-256.652 -159.815 2045.81
-310.795 -510.622 2066.26
-385.445 161.726 2002.04
-281.041 142.998 1876.14
-110.302 -18.2379 1556.13
-133.539 -838.985 2007.75
-244.442 -139.304 1445.33
-136.772 -167.728 1899.27
-190.21 -519.097 1823.43
-176.637 124.271 1750.24
-238.877 -10.3868 1924.34
FRAME: 56
-405.434 374.542 1829.75
-478.028 39.0251 2215.81
-236.574 -864.89 2194.41
-648.384 -33.7484 2027.3
-268.108 -160.978 2051.76
-309.565 -544.278 2035.56
-397.883 174.732 2039.87
-284.602 146.042 1891.51
-108.228 -49.1252 1589.72
-158.163 -867.781 2001.72
-238.875 -147.759 1489.77
-159.47 -172.832 1889.12
-173.852 -537.274 1865.9
-171.32 117.351 1743.16
-249.195 -10.4318 1930.98
FRAME: 57
-396.258 374.073 1837.22
-478.303 -0.186974 2253.73
-239.766 -892.063 2210.2
-639.517 -98.2487 2050.65
-279.51 -180.346 2068.64
-313.621 -544.813 2119.82
-414.148 156.162 2069.14
-288.014 146.949 1922.62
-103.441 -37.6707 1623.41
-146.818 -825.11 1975.9
-202.809 -126.91 1569.04
-126.757 -174.514 1882.88
-155.062 -513.857 1863.27
-161.88 137.737 1776.1
-245.574 -15.2403 1949.19
FRAME: 58
-373.624 375.852 1860.01
-479.436 -12.414 2280.6
-227.901 -817.545 2152.56
-607.434 -112.504 2074.12
-288.161 -182.939 2139.42
-324.002 -522.072 2140.22
-411.162 157.989 2113.33
-271.198 134.83 1957.27
-94.0835 -55.019 1660.23
-169.527 -877.936 2063.61
-197.066 -157.424 1587
-118.935 -212.044 1951.2
-152.013 -547.895 1937.57
-131.234 111.67 1801.21
-237.373 -31.331 2001.29
FRAME: 59
-352.096 379.152 1867.12
-461.887 -38.1341 2288.5
-266.077 -866.04 2159.88
-626.086 -128.703 2064.43
-276.309 -191.476 2154.46
-326.516 -543.891 2187.39
-398.589 152.565 2135.94
-255.459 136.076 1981.25
-51.0756 -78.9871 1733.26
-146.441 -863.96 2064.23
-188.337 -175.766 1695.43
-105.082 -212.937 1974.41
-117.875 -547.835 1966.98
-112.33 119.586 1826.57
-223.077 -33.0653 2022.84
FRAME: 60
-331.618 384.753 1866.05
-461.732 -34.7269 2264.83
-258.602 -865.544 2171.42
-668.225 -119.864 1939.24
-276.107 -180.513 2191.61
-294.521 -551.854 2162.22
-394.448 177.244 2157.19
-238.465 139.53 2007.42
3.60507 -104.84 1825.84
-142.428 -889.044 2111.17
-185.072 -221.461 1796.72
-114.751 -211.578 2042.11
-108.676 -585.412 2034.66
-82.4826 101.815 1857.65
-216.947 -28.258 2062.14
FRAME: 61
-311.67 396.867 1868.41
-451.432 -47.4968 2242.83
-273.54 -875.74 2238.61
-606.39 -82.9062 1924.74
-262.704 -205.286 2204.48
-303.629 -550.131 2190.34
-382.728 167.908 2163.16
-210.718 152.212 2037.75
34.7334 -67.5853 1917.06
-113.01 -870.356 2141.14
-198.125 -194.884 1870.36
-75.5542 -222.735 2073.52
-64.5566 -573.072 2077.77
-38.7071 136.516 1912.33
-189.923 -30.8991 2088.37
FRAME: 62
-291.792 404.437 1873.42
-445.554 -21.8616 2230.22
-263.145 -906.024 2267.34
-573.37 -39.0213 1898.12
-248.494 -173.473 2223.33
-299.213 -559.365 2222.55
-369.098 188.336 2153
-202.242 166.605 2044.11
53.0264 -63.1146 1973.06
-64.969 -871.236 2234.7
-204.759 -205.746 1952.35
-61.4634 -196.832 2111.04
-72.1217 -564.984 2130.04
-35.3866 144.875 1935.23
-178.61 -9.27382 2105.65
FRAME: 63
-267.711 415.983 1889.82
-443.152 6.41522 2211.93
-289.566 -920.552 2364.04
-574.906 -12.4202 1872.77
-248.591 -158.764 2258.72
-299.802 -546.5 2246.98
-356.44 220.257 2148.4
-193.682 189.015 2058.43
67.2558 -66.3336 2030.62
7.86424 -914.194 2309.83
-186.273 -215.051 2019.83
-72.2526 -192.724 2157.66
-42.7291 -574.611 2164.09
-30.923 157.772 1968.46
-177.052 6.63512 2133.31
FRAME: 64
-249.856 425.131 1916.49
-443.612 11.7313 2200.92
-289.566 -948.536 2421.74
-572 -11.7895 1864.47
-249.607 -157.761 2278.21
-286.031 -585.414 2308.17
-350.481 226.86 2151.28
-180.254 208.886 2078.83
100.197 -31.2352 2096.77
32.7205 -940.244 2376.9
-178.218 -185.686 2076.03
-54.3677 -178.517 2194.85
-9.44496 -589.766 2235.46
-10.0268 190.913 2006.39
-166.121 20.3735 2157.68
FRAME: 65
-245.675 415.559 1924.09
-440.113 12.681 2210.53
-289.743 -921.312 2472.07
-528.759 -6.45043 1864.81
-241.609 -141.227 2302.51
-286.477 -557.296 2330.99
-343.871 234.641 2161.03
-168.809 221.556 2101.78
107.281 0.474431 2147.24
51.2718 -907.205 2423.53
-163.997 -166.667 2100.21
-41.9741 -155.783 2235.34
3.81396 -547.651 2266.02
6.25215 208.471 2042.54
-155.301 36.5254 2185.36
FRAME: 66
-232.416 419.797 1938.22
-431.896 11.1608 2208.97
-288.445 -911.714 2509.6
-485.79 -47.0083 1892.99
-234.532 -131.673 2326.07
-278.632 -546.206 2360.43
-341.212 239.454 2160.76
-162.042 231.552 2118.61
112.71 19.4914 2182.42
61.143 -897.104 2487.59
-137.566 -170.099 2141.99
-36.4113 -140.223 2279.04
20.1562 -552.821 2343
17.1284 223.651 2076.46
-148.757 47.8022 2210.58
FRAME: 67
-199.967 448.469 1978.26
-421.158 -2.81189 2206.65
-285.285 -920.896 2553
-476.547 -79.648 1903.53
-232.422 -121.416 2345.63
-269.836 -545.972 2405.55
-332.492 238.77 2169.71
-154.211 232.699 2139.82
129.215 33.5913 2241.8
61.1589 -913.671 2525
-116.872 -141.355 2173.77
-36.5314 -127.693 2312.74
27.4557 -536.434 2366.62
24.0707 226.629 2109.93
-144.344 54.0722 2234.5
FRAME: 68
-184.584 451.548 2005.43
-411.953 -1.46321 2232.93
-286.654 -931.145 2593.8
-491.339 -42.8868 1891.33
-224.909 -122.484 2377.7
-270.018 -550.564 2442.86
-326.063 240.829 2193.07
-145.222 232.346 2163.68
144.72 34.8161 2274.02
64.634 -900.005 2604.09
-100.488 -161.287 2198.29
-34.1924 -131.218 2346.85
35.3287 -525.416 2417.57
35.6189 223.863 2134.28
-137.386 52.7476 2262.97
FRAME: 69
-153.48 440.25 2057.09
-394.999 0.130362 2266.38
-291.69 -937.695 2613.1
-448.339 -28.0615 1945.56
-218.491 -126.703 2420.84
-282.663 -552.44 2464.11
-305.451 239.341 2246.4
-127.959 223.082 2211.42
162.665 16.2765 2306.86
57.5158 -889.188 2741.76
-85.6816 -184.829 2242.55
-27.8945 -144.105 2383.4
41.4362 -534.854 2520.02
49.5328 206.824 2176.43
-125.576 43.8391 2306.77
FRAME: 70
-135.465 428.055 2090.73
-383.572 0.20235 2316.17
-293.71 -946.948 2642.05
-403.873 -76.6829 2009.17
-211.697 -127.069 2455.44
-290.033 -560.454 2489.7
-296.889 238.93 2290.66
-119.562 218.71 2246.17
179.107 6.09709 2327.61
56.6018 -889.627 2816.99
-68.3371 -181.435 2263.91
-15.5034 -149.31 2406.5
46.1296 -532.368 2571.48
57.7652 198.49 2201.69
-116.581 40.2604 2338.57
FRAME: 71
-124.671 421.078 2115.82
-376.152 -16.9008 2347.9
-290.009 -949.915 2687
-386.914 -92.267 2030.45
-199.171 -131.644 2493.81
-295.003 -560.769 2522.54
-288.121 229.431 2314.51
-111.376 212.838 2274.52
190.692 3.45861 2355.11
55.5289 -885.592 2820.91
-33.8247 -175.693 2308.3
-1.82187 -150.34 2449.04
46.4924 -537.863 2577.34
65.3678 196.246 2234.53
-105.936 35.9232 2372.97
FRAME: 72
-117.272 417.928 2129.1
-371.691 -14.323 2368.01
-286.119 -940.453 2752.59
-393.588 -63.0453 2008.22
-199.688 -134.385 2517.05
-293.446 -560.25 2562.07
-282.591 224.664 2324.07
-107.623 209.018 2289.27
189.779 5.70534 2381.65
54.5632 -891.242 2827.23
-40.2577 -189.829 2338.6
3.30125 -152.894 2476.65
44.8148 -546.961 2582.61
67.344 193.372 2254.46
-102.908 32.6891 2393.06
FRAME: 73
-111.965 417.039 2138.29
-363.355 -2.01551 2398.17
-291.257 -922.528 2818.25
-355.782 -91.1761 2051.63
-190.773 -117.034 2542.25
-284.884 -550.447 2588.63
-273.383 226.322 2333.51
-103.203 208.54 2299.47
180.823 12.866 2414.02
51.6572 -898.905 2829.03
-19.9827 -189.672 2366.38
3.78893 -137.673 2503.49
42.518 -543.192 2587.87
66.977 190.757 2265.44
-98.3473 40.5933 2411.17
FRAME: 74
-108.028 417.731 2145.95
-357.647 3.50307 2415.01
-301.553 -903.894 2863.78
-378.894 -77.3898 2020.34
-178.989 -116.001 2555.03
-275.857 -543.191 2612.91
-268.41 223.932 2339.03
-99.9306 208.963 2308.1
176.481 26.0534 2441.36
52.1551 -903.804 2823.36
-42.1751 -194.009 2381.84
5.24901 -132.834 2521.29
45.1491 -542.121 2584.06
68.549 193.993 2277.16
-93.4003 42.2726 2423.13
FRAME: 75
-102.286 414.525 2177.54
-345.168 -17.3597 2447.39
-306.136 -901.45 2907.64
-334.168 -146.97 2095.63
-171.993 -125.141 2564
-267.634 -547.578 2625.31
-265.182 213.795 2359.26
-99.0707 202.461 2331.22
167.068 24.3528 2479.33
62.1796 -901.32 2856.92
-59.331 -206.546 2410.61
2.30267 -137.575 2534.5
46.6775 -541.046 2584.56
67.0402 191.127 2303.17
-91.9579 35.5514 2440.23
FRAME: 76
-100.18 410.474 2199.7
-340.527 -32.8916 2467.17
-309.26 -906.97 2919.37
-323.541 -151.106 2110.35
-162.084 -143.911 2579.22
-265.557 -560.34 2635.47
-265.842 200.7 2383.17
-102.204 191.355 2352.72
162.613 10.8998 2498.98
68.5793 -898.365 2878.87
-55.4798 -234.301 2407.61
-2.40487 -153.208 2549.53
50.1395 -547.368 2587.63
61.4345 182.01 2322.27
-92.2242 21.3977 2458.55
FRAME: 77
-101.36 404.741 2222.38
-339.563 -43.0076 2475.89
-313.025 -912.03 2946.83
-329.093 -126.746 2092.04
-165.138 -152.627 2584.35
-268.704 -571.039 2648.44
-266.832 193.137 2397.72
-104.819 184.372 2368.03
160.362 3.91172 2509.92
72.0471 -891.367 2892.19
-56.2864 -237.555 2400.05
-7.41923 -161.25 2555.42
53.5734 -545.491 2588.09
57.1933 175.608 2338.33
-95.549 13.7169 2468.96
FRAME: 78
-100.298 406.623 2230.56
-341.636 -43.3849 2473.72
-314.967 -908.526 2979.42
-328.186 -105.872 2080.7
-170.849 -153.251 2585.41
-269.408 -577.376 2651.95
-266.178 195.244 2405.48
-104.855 185.852 2376.8
157.94 0.994228 2515.45
76.7734 -891.012 2899.82
-49.0466 -212.843 2388.94
-9.8074 -162.681 2556.57
57.824 -549.332 2582.95
56.4679 176.459 2348.12
-97.5917 13.9428 2473.9
FRAME: 79
-99.0792 420.11 2238.64
-342.511 -40.8947 2472.97
-312.208 -908.353 2982.82
-306.052 -77.5784 2108.67
-177.925 -152.519 2581.4
-268.398 -583.306 2651.24
-264.784 210.987 2404.68
-103.069 201.054 2378.18
156.333 0.502536 2510.09
81.0704 -891.558 2895.61
-34.8028 -186.111 2388.74
-10.1768 -162.914 2553.75
63.248 -553.831 2579.19
58.6453 191.121 2351.69
-98.5602 21.6689 2472.88
FRAME: 80
-101.468 440.57 2236.86
-342.497 -24.0851 2463.75
-314.368 -899.792 2974.76
-317.578 -8.00164 2092.15
-185.088 -152.103 2569.55
-271.969 -586.744 2644.46
-268.719 229.036 2402.93
-104.244 219.859 2377.17
152.014 5.61523 2500.82
85.0251 -889.979 2891.11
-39.0895 -158.24 2377
-9.52648 -162.074 2541.87
65.4531 -557.358 2580.25
60.2316 210.683 2351.41
-100.776 31.3854 2466.44
FRAME: 81
-107.003 464.134 2232.69
-339.072 2.34586 2445.73
-320.762 -899.454 2932.65
-331.434 -12.5288 2068.26
-191.256 -145.046 2564.11
-270.107 -582.355 2635.9
-271.59 249.424 2401.06
-106.748 239.957 2372.66
146.617 41.218 2496.96
100.057 -890.997 2859.47
-25.6634 -141.502 2361.05
-6.96114 -155.887 2532.16
66.5574 -558.866 2584.27
58.0941 230.491 2344.25
-102.928 44.7454 2460.4
FRAME: 82
-115.379 479.344 2220.08
-337.498 12.586 2417.09
-308.548 -938.104 2803.77
-253.139 -60.4095 2126.2
-201.766 -138.995 2549.58
-269.215 -577.52 2616.76
-273.933 262.587 2386.39
-109.818 252.435 2356.86
158.053 72.4413 2472.66
123.483 -897.267 2832.65
-36.7278 -134.516 2309.51
-4.60872 -151.421 2513.91
66.5 -560.252 2576.3
54.297 242.283 2327.33
-106.503 53.6132 2444.3
FRAME: 83
-124.089 481.244 2206.43
-349.621 12.6008 2393.43
-301.302 -959.945 2748.79
-388.306 9.46361 2035.23
-202.951 -136.213 2535.51
-273.148 -580.62 2585.47
-279.688 263.371 2371.61
-113.83 254.506 2341.67
161.772 64.2337 2447.24
129.619 -898.709 2821.43
-24.8955 -166.991 2290.07
-3.63706 -146.989 2499.49
63.6489 -565.566 2567.38
52.027 245.642 2311.73
-108.562 56.4527 2429.59
FRAME: 84
-132.061 475.014 2198.9
-368.635 15.0104 2374.13
-290.028 -970.991 2706.05
-406.839 -46.3025 2057.77
-204.916 -140.201 2525.82
-278.245 -582.572 2556.8
-283.599 253.562 2362.51
-117.033 243.86 2329.83
161.391 36.7067 2421.92
130.167 -903.785 2812.05
-48.0989 -203.598 2285.61
-5.02227 -151.907 2486.7
54.1134 -578.661 2550.93
49.5318 234.158 2297.15
-111.001 48.9032 2418.04
FRAME: 85
-145.356 451.815 2190.91
-390.206 4.80184 2379.03
-273.715 -969.514 2679.76
-487.519 -0.760236 2075.84
-212.903 -151.282 2522.51
-281.157 -587.881 2527.25
-288.076 242.109 2357.85
-122.684 228.924 2319.49
158.815 2.43802 2392.24
125.198 -905.938 2800.16
-60.3028 -229.387 2284.41
-10.4653 -167.463 2475.62
44.861 -599.303 2528.91
42.7077 215.739 2281.14
-117.184 34.7757 2409.28
FRAME: 86
-158.503 433.312 2184.8
-401.836 -9.83014 2394.69
-252.543 -979.055 2657.81
-561.587 -27.7263 2140.47
-218.262 -172.793 2523.48
-285.915 -615.048 2499.79
-295.241 228.095 2364.68
-132.72 207.878 2309.04
142.85 -50.8782 2328.56
121.575 -909.02 2796.26
-71.98 -250.136 2261.6
-20.7988 -197.302 2456.33
32.271 -622.105 2514.61
29.8004 187.66 2253.39
-126.125 11.415 2399.47
FRAME: 87
-175.215 415.746 2178.76
-406.386 -35.8718 2406.74
-236.817 -979.874 2647.48
-430.238 -183.531 2217.68
-220.962 -190.986 2518.11
-288.697 -625.759 2488.73
-303.503 213.573 2365.65
-145.487 188.651 2294.6
119.972 -80.3951 2268.97
111.696 -909.242 2781.27
-116.026 -265.137 2220.88
-31.0956 -220.831 2433.06
34.5232 -635.593 2508.97
12.5297 163.728 2223.54
-135.758 -8.62882 2385.09
FRAME: 88
-211.827 405.767 2159.87
-430.018 -41.4174 2397.71
-219.836 -982.934 2647.64
-390.573 -248.452 2161.82
-220.607 -192.32 2507.22
-284.379 -627.626 2489.84
-325.672 202.545 2355.57
-191.59 175.487 2260.62
6.25964 -90.2201 2171.85
92.4975 -912.803 2747.81
-207.787 -229.6 2126.5
-51.3678 -226.474 2387.28
13.9774 -658.462 2462.74
-57.5087 148.43 2165.68
-163.789 -16.9548 2353.94
FRAME: 89
-239.553 401.63 2147.04
-454.69 -31.7883 2391.7
-216.087 -990.271 2636.48
-463.736 -220.197 2114.1
-231.547 -189.57 2476.62
-289.141 -640.048 2472.57
-329.898 200.145 2353.84
-204.273 171.277 2247.48
-58.5082 -96.0234 2115.29
58.1773 -939.983 2680.37
-265.674 -198.758 2091.98
-74.9048 -225.565 2344.25
-26.4751 -675.069 2406.25
-78.6482 142.408 2141.12
-178.75 -18.1453 2328.96
FRAME: 90
-263.025 401.663 2124.2
-488.332 2.52513 2383.55
-205.182 -988.504 2644.14
-545.925 -138.899 2099.98
-239.04 -195.498 2463.18
-297.117 -646.451 2472.45
-345.469 205.506 2334.53
-221.98 172.027 2218.72
-120.17 -90.7361 2047.83
47.6927 -935.112 2657.44
-354.35 -159.17 2090.16
-87.115 -236.659 2321.17
-42.6208 -690.089 2385.26
-98.4908 138.547 2102.92
-192.529 -22.0259 2305.45
FRAME: 91
-281.047 400.467 2106.84
-534.172 55.3567 2329.45
-204.357 -987.832 2638.65
-601.094 -52.0074 2092.24
-250.565 -205.361 2439.06
-303.485 -649.683 2466.27
-342.117 196.255 2314.83
-230.704 155.034 2190.78
-186.989 -101.253 1985.29
10.9078 -952.687 2585.33
-408.137 -116.032 2080.32
-113.82 -256.278 2287.66
-78.2071 -705.573 2348.41
-119.292 113.814 2066.74
-206.448 -37.8927 2277.07
FRAME: 92
-290.092 401.728 2094.82
-574.025 105.614 2292.72
-199.839 -993.562 2601.93
-661.816 116.813 2112.65
-263.347 -196.875 2411.09
-310.496 -642.639 2450.27
-339.754 196.857 2291.34
-241.676 148.425 2159.83
-281.54 -87.2923 1909.86
-2.37785 -1008.31 2485.8
-517.425 -47.8237 2037.36
-140.175 -258.667 2245.5
-132.907 -709.112 2277.39
-143.599 99.9941 2028.32
-221.719 -39.6726 2244.06
FRAME: 93
-308.357 402.986 2061.15
-588.756 151.543 2228.83
-200.492 -985.777 2560.91
-665.293 70.5075 2000.21
-263.363 -190.251 2362.29
-316.74 -630.2 2420.03
-335.479 203.546 2257.63
-248.668 155.931 2121.94
-306.873 -67.3676 1861.85
-30.2313 -1021.57 2426.8
-545.585 -31.4118 1983.93
-156.875 -249.253 2196.29
-164.681 -693.021 2207.04
-161.856 108.315 1986.26
-229.394 -31.9106 2200.62
FRAME: 94
-325.751 403.383 2033.97
-585.037 167.201 2203.6
-185.003 -971.93 2543.07
-667.028 105.439 1967.98
-265.297 -179.363 2330.42
-329.1 -612.169 2394.24
-325.249 210.823 2237.17
-250.461 159.735 2094.72
-321.072 -55.5322 1826.45
-81.9086 -1061.04 2314.99
-578.479 0.167519 1905.9
-175.645 -240.654 2160.98
-203.53 -697.671 2157.65
-175.673 108.647 1952.26
-235.466 -25.1369 2170.21
FRAME: 95
-346.761 398.577 1950.48
-577.097 124.232 2157.33
-178.005 -961.919 2533.36
-709.555 116.357 1945.84
-278.556 -183.224 2249.57
-323.82 -614.935 2366.76
-321.168 205.335 2218.97
-257.947 164.161 2057.81
-327.361 -25.6344 1741.39
-130.146 -1004.08 2230.75
-631.23 29.7711 1802.64
-210.449 -229.977 2074.29
-289.5 -663.741 2022.2
-194.725 122.987 1896.65
-251.224 -21.2195 2109.87
FRAME: 96
-352.684 394.041 1925.54
-587.227 112.575 2122.12
-190.175 -967.891 2493.16
-729.422 114.348 1942.76
-278.381 -188.019 2228.39
-328.325 -617.925 2348.56
-319.269 205.385 2207.41
-265.044 162.708 2030.17
-307.612 -30.8828 1661.42
-143.637 -1008.43 2204.48
-606.937 -23.7372 1695.97
-217.526 -239.294 2032.07
-305.587 -670.569 1994.49
-210.82 120.031 1852.94
-256.499 -25.4744 2080.2
FRAME: 97
-364.889 383.919 1893.24
-600.763 102.564 2092.28
-213.804 -966.77 2400.99
-749.138 68.9499 1954.25
-282.469 -196.517 2195.85
-332.337 -620.151 2346.41
-322.894 201.731 2183.02
-274.995 157.697 1993.22
-260.691 -29.1221 1582.4
-157.556 -1002.7 2192.1
-598.995 -89.8 1462.92
-229.133 -249.245 1982.78
-319.507 -673.141 1963.47
-227.095 113.663 1803.42
-265.398 -32.5922 2041.27
FRAME: 98
-374.526 360.606 1859.74
-578.155 71.9371 2100.28
-223.622 -1005.81 2295.2
-779.114 51.5219 2009.66
-298.152 -234.364 2096.03
-329.407 -627.784 2326.69
-330.472 163.128 2172.61
-277.139 137.157 1963.35
-240.389 -33.1065 1544.14
-178.768 -997.433 2151.68
-543.047 -132.274 1309.29
-256.007 -260.512 1929.93
-352.01 -678.013 1910.06
-223.806 111.186 1754.1
-277.109 -55.1407 1988.17
FRAME: 99
-388.437 332.38 1832.23
-551.288 39.0149 2102.13
-234.127 -995.736 2247.43
-794.934 2.4068 2048.44
-312.066 -266.278 2035.93
-333.715 -644.028 2252.23
-336.548 132.638 2154.71
-285.661 118.899 1931.49
-219.046 -17.6166 1507.45
-198.08 -970.606 2153.27
-446.1 -153.771 1178.12
-274.986 -278.248 1873.98
-376.386 -690.992 1833.67
-234.774 105.159 1708.27
-289.593 -76.6822 1943.22
FRAME: 100
-402.822 311.054 1806.18
-533.229 33.9842 2095.08
-247.248 -1003.79 2208.66
-791.086 -20.1338 2057.8
-322.746 -297.179 2017.06
-337.303 -662.67 2233.41
-336.802 107.426 2134.61
-288.457 92.7481 1905.67
-198.412 -34.6428 1474.82
-197.782 -979.159 2126.98
-411.681 -169.536 1101.9
-285.935 -311.43 1845.16
-332.953 -715.548 1787.71
-240.112 78.0698 1676.72
-296.399 -105.778 1918.39
FRAME: 101
-411.105 295.67 1779.65
-565.248 11.2282 2033.53
-297.675 -1016.98 2179.69
-818.085 -45.8312 2002.15
-361.022 -306.643 1953.15
-384.368 -644.63 2165.39
-369.455 99.3534 2072.69
-284.766 72.4378 1868.95
-160.841 -46.5048 1474.52
-206.583 -933.594 2046.77
-245.152 -148.522 1139.7
-273.77 -331.863 1802.88
-271.248 -620.203 1679.84
-200.077 45.5221 1665.21
-301.081 -123.408 1873.48
FRAME: 102
-429.478 294.529 1746.58
-550.574 -0.422934 2019.83
-305.441 -973.72 2130.16
-803.153 -73.0951 1978.44
-335.461 -294.637 1923.59
-356.747 -627.009 2033.67
-357.142 76.2485 2011.14
-290.716 67.1184 1810.97
-176.879 -46.8605 1441.47
-203.378 -886.477 1930.41
-243.971 -179.212 1111.51
-270.793 -302.683 1745.68
-270.462 -576.068 1644.44
-224.291 57.9883 1610.8
-296.922 -115.771 1822.81
FRAME: 103
-442.191 296.517 1723.89
-502.394 16.808 1954.52
-315.112 -916.412 2031.47
-759.853 -75.2436 1904.49
-282.158 -243.035 1841.25
-329.762 -610.848 1949.92
-325.258 75.7848 1942.3
-285.077 67.5455 1793.15
-180.426 -47.6548 1439.43
-194.812 -873.667 1892.8
-269.148 -193.013 1185.44
-252.812 -264.125 1721.88
-231.89 -514.195 1624.22
-244.895 59.3062 1643.99
-276.281 -93.0172 1787.36
FRAME: 104
-450.649 306.174 1715.85
-511.393 34.6103 1955.27
-312.164 -843.747 1936.14
-757.785 -84.6695 1908.9
-298.48 -239.677 1853.23
-329.852 -618.173 1937.69
-366.105 105.034 1907.94
-304.096 91.5605 1763.58
-173.023 -52.1659 1425.82
-228.86 -884.895 1911.98
-261.815 -222.621 1199.73
-248.416 -259.915 1745.71
-225.929 -578.005 1669.96
-242.087 78.0872 1619.22
-288.772 -79.1178 1781.52
FRAME: 105
-456.671 319.911 1707.87
-555.296 43.0423 1960.72
-319.974 -909.587 1978.49
-788.656 -86.7797 1882.98
-312.367 -210.535 1860.73
-336.452 -594.702 1843.17
-413.73 140.024 1864.7
-335.142 118.388 1748.41
-160.478 -68.6868 1456.88
-241.26 -863.676 1943.59
-265.069 -245.942 1247.12
-246.531 -239.644 1780.24
-224.18 -583.837 1714.63
-256.555 96.7526 1632.11
-307.296 -53.3505 1784.45
FRAME: 106
-458.45 328.064 1705.33
-597.161 30.5412 1997.13
-322.966 -915.597 1944.67
-796.322 -96.479 1879.59
-346.038 -225.046 1904.6
-332.053 -618.393 1821.83
-462.202 132.808 1894.2
-355.104 123.563 1762.23
-136.489 -68.7026 1445.42
-238.65 -909.005 1916.17
-233.254 -256.72 1265.04
-241.444 -235.338 1774.47
-229.467 -620.56 1781.87
-248.007 114.318 1630.27
-324.423 -53.3144 1800.88
FRAME: 107
-459.084 330.4 1703.77
-635.398 -18.6644 1978.36
-328.539 -906.25 1955.97
-806.761 -152.639 1845.39
-353.697 -232.177 1885.15
-377.69 -638.358 1848.71
-485.357 121.367 1889.21
-363.168 121.382 1774.45
-118.037 -64.9486 1499.09
-244.061 -905.069 1940.91
-253.204 -266.587 1349.03
-232.484 -233.972 1780.75
-226.373 -640.904 1779.22
-240.979 121.398 1659.69
-328.129 -55.8463 1803.7
FRAME: 108
-456.656 331.003 1705.91
-638.422 -36.2456 1995.03
-303.19 -965.501 1984.46
-802.994 -152.034 1841.06
-355.425 -262.22 1874.83
-370.611 -677.731 1868.2
-495.007 107.463 1893.36
-357.818 115.376 1784.05
-81.828 -76.5853 1556.11
-258.972 -973.819 1927.25
-282.696 -277.217 1408.82
-230.256 -256.277 1777.77
-214.131 -672.328 1771.48
-220.63 123.29 1674.73
-325.33 -71.9362 1805.17
FRAME: 109
-442.574 329.897 1716.05
-646.024 -60.0411 2000.43
-286.896 -1016.94 1985.04
-784.989 -163.157 1793.94
-356.394 -276.738 1885.54
-394.588 -699.19 1901.7
-498.404 100.862 1900.13
-355.023 112.128 1795.39
-69.3671 -92.3082 1599.24
-260.496 -1013.06 1904.5
-255.683 -285.026 1474.39
-218.43 -266.381 1787.11
-212.619 -692.324 1776.99
-211.641 123.394 1690.65
-321.217 -79.716 1815.86
FRAME: 110
-409.625 321.489 1740.79
-564.989 -57.7271 2057.53
-303.774 -1060.24 1975.51
-662.753 -171.312 1904.69
-358.909 -304.435 1946.97
-368.248 -731.914 1985.56
-483.734 91.3074 1928.34
-334.95 95.4147 1837.85
-43.9511 -140.034 1714.36
-263.224 -1047.76 1930.25
-305.15 -283.763 1602.83
-209.046 -300.941 1855.28
-219.262 -723.242 1860.78
-186.166 99.5219 1747.37
-309.464 -103.637 1869.49
FRAME: 111
-375.641 320.387 1760.65
-556.02 -56.5462 2071.26
-313.855 -1104.12 1960.72
-622.076 -168.359 1905.19
-356.699 -318.294 1978.92
-354.11 -747.401 2028.62
-462.767 94.961 1944.62
-314.401 92.7903 1863.41
-37.553 -145.793 1760.67
-278.059 -1073.16 1917.52
-286.325 -278.391 1670.16
-203.263 -320.825 1894.67
-192.939 -751.671 1924.96
-166.035 90.6195 1782.2
-297.191 -113.385 1900.1
FRAME: 112
-357.306 324.32 1768.53
-550.589 -50.9072 2089.96
-326.95 -1116.05 1974.08
-572.838 -148.607 1918.48
-352.525 -318.077 2006.81
-351.858 -747.738 2061.73
-449.825 105.226 1958.02
-298.487 101.906 1888.44
-27.7276 -141.785 1807.77
-295.149 -1081.77 1915.77
-262.494 -272.776 1737.56
-188.472 -321.815 1930.99
-166.324 -751.685 1973.34
-147.149 98.5865 1818.86
-284.493 -109.02 1928.67
FRAME: 113
-331.723 335.181 1775.32
-557.599 -47.3544 2072.15
-323.814 -1084.52 2011.51
-625.983 -79.7055 1668.55
-356.373 -298.094 2052.53
-376.392 -727.863 2098.25
-437.17 137.923 1981.69
-283.406 127.162 1912.72
-12.294 -121.991 1851.25
-215.17 -1056.54 1973.29
-265.14 -263.581 1786.96
-179.91 -310.768 1973.14
-149.475 -737.873 2012.09
-129.642 116.401 1843.76
-275.774 -88.6343 1962.78
FRAME: 114
-302.982 346.289 1782.97
-554.982 -35.5645 2071.43
-330.71 -1049.24 2033.62
-515.198 -34.588 1717.39
-344.942 -271.283 2097.13
-383.965 -709.081 2118.9
-417.097 164.257 1995.15
-264.244 147.126 1929.44
22.8427 -98.9645 1907.17
-194.068 -1042.71 2001.3
-261.736 -239.898 1837.26
-166.07 -291.386 2020.21
-123.492 -719.549 2058.01
-111.392 129.994 1863.72
-259.875 -67.1045 1994.05
FRAME: 115
-281.621 356.119 1789.07
-543.063 -10.2847 2075.95
-332.147 -1024.8 2066.27
-540.064 -9.76079 1729.16
-330.726 -207.877 2156.53
-366.862 -663.237 2131.22
-402.699 184.865 1997.32
-246.095 163.983 1947.71
35.6867 -74.1795 1982.5
-156.26 -1028.3 2051.19
-236.374 -227.551 1898.75
-148.883 -232.227 2098.67
-101.128 -667.761 2098.25
-89.492 143.102 1898.11
-242.95 -28.0343 2037.66
FRAME: 116
-257.847 363.412 1797.87
-521.408 12.3847 2093.13
-339.07 -1029.87 2091.17
-529.234 -58.4296 1788
-314.916 -187.703 2179.86
-346.753 -633.565 2139.74
-393.017 187.393 2007.76
-228.354 170.036 1969.58
47.8036 -65.3025 2019.49
-125.145 -1011.94 2099.91
-221.258 -204.749 1946.25
-132.142 -207.08 2137.31
-59.4369 -627.475 2156.68
-63.6909 152.68 1931.39
-225.941 -13.6773 2064.08
FRAME: 117
-231.154 369.868 1815.25
-504.827 23.9842 2123.9
-332.506 -1025.81 2109.93
-558.42 -25.7181 1782.09
-300.389 -178.738 2208.56
-328.369 -617.619 2176.01
-377.217 196.722 2021.31
-214.935 184.564 1991.23
51.1147 -19.2231 2086.28
-55.1425 -992.654 2215.73
-188.649 -190.671 1996.78
-110.457 -192.888 2173.47
-28.8055 -599.959 2194.82
-52.6531 172.407 1961.16
-210.179 -0.624064 2091.13
FRAME: 118
-201.414 375.552 1844.72
-497.319 27.1215 2139.18
-322.582 -1000.97 2226.45
-568.501 -22.848 1790.4
-291.436 -162.415 2230.11
-305.711 -605.524 2203.54
-363.438 202.095 2039.46
-198.302 190.306 2016.1
72.4556 -22.1362 2112.61
-15.4602 -962.867 2296.46
-172.762 -181.458 2032.89
-99.2192 -176.307 2202.92
-5.71022 -583.712 2234.24
-33.1646 178.517 1992.75
-196.815 10.4726 2116.31
FRAME: 119
-177.565 385.122 1881.78
-481.966 8.55686 2148.68
-325.048 -985.877 2296.19
-531.678 -59.4552 1833.19
-272.623 -166.452 2257.9
-290.253 -606.365 2242.04
-351.484 195.568 2074.23
-184.888 191.246 2058.88
89.1839 2.07029 2160.53
1.7242 -943.37 2337.25
-150.122 -175.28 2074.34
-79.2978 -171.422 2240.16
21.9438 -569.461 2278.26
-18.2922 186.924 2043.54
-180.424 11.1544 2153.96
FRAME: 120
-154.88 386.617 1929.76
-470.791 -10.7792 2165.12
-347.196 -1011.47 2353.21
-505.095 -55.9571 1853.99
-258.305 -158.235 2301.88
-288.087 -619.66 2291.95
-340.15 196.292 2130.91
-168.145 189.076 2113.25
118.348 -7.01993 2215.4
41.1764 -929.427 2466.91
-138.031 -175.871 2116.39
-68.7101 -165.967 2282.79
33.4808 -573.007 2316.76
3.86033 181.861 2095.58
-165.826 13.4876 2202.79
FRAME: 121
-138.258 386.007 1961.06
-448.007 -0.0732542 2206.88
-364.86 -999.806 2410.94
-501.252 -26.615 1868.66
-242.767 -158.696 2348.25
-291.743 -604.925 2317.96
-320.395 198.641 2175.54
-147.585 185.326 2151.18
134.056 -22.0806 2246.38
75.1559 -907.544 2628.57
-118.034 -193.523 2155.47
-53.2826 -173.223 2321.79
45.0615 -582.552 2379.72
25.2252 172.012 2126.81
-147.805 9.68325 2243.1
FRAME: 122
-101.29 383.708 2045.1
-411.309 -8.51686 2271.05
-378.704 -980.717 2493.45
-431.735 -79.5216 1961.52
-235.161 -164.652 2410.86
-303.632 -603.975 2366.71
-294.747 198.023 2243.04
-124.075 175.421 2206.08
169.861 -37.0855 2293.59
82.6758 -902.532 2672.62
-90.4671 -216.934 2212.26
-29.0696 -191.664 2366.75
48.1083 -586.094 2440.26
46.5966 152.82 2169.13
-128.095 -1.36819 2297.44
FRAME: 123
-92.253 387.585 2075.28
-396.575 -9.87318 2296.04
-367.574 -982.893 2538.49
-418.051 -41.2046 1982.18
-221.292 -175.018 2442.48
-300.505 -597.375 2410.12
-275.75 198.509 2273.86
-105.797 172.711 2235.6
180.988 -57.8798 2312.56
90.2515 -912.651 2708.15
-70.3412 -221.014 2240.58
-17.6923 -205.692 2396.89
50.1398 -609.105 2501.77
64.1574 146.912 2197.35
-112.644 -8.82222 2327.64
FRAME: 124
-84.4908 393.543 2092.35
-389.139 -3.74477 2345.97
-348.014 -952.321 2597.86
-433.907 -7.99314 1983.69
-217.194 -178.019 2469.19
-300.047 -578.925 2447.84
-271.262 212.681 2301.98
-101.266 185.608 2258.34
179.134 -42.8334 2329.43
104.41 -922.366 2753.33
-69.8486 -203.127 2263.16
-11.7838 -210.642 2416.8
54.8166 -603.615 2516.83
68.7292 158.535 2214.71
-107.878 -4.36113 2350.67
FRAME: 125
-77.7871 404.734 2105.08
-371.835 18.7513 2356.41
-340.353 -940.117 2652.71
-407.16 -23.8217 2009.76
-223.161 -161.3 2485.71
-302.353 -558.638 2505.99
-266.883 226.072 2305.07
-99.3122 202.716 2271.92
178.351 -19.6999 2356.85
106.491 -929.256 2756.62
-59.9592 -186.052 2286.34
-5.335 -191.82 2442.58
56.9225 -588.58 2532.34
68.2588 179.36 2238.78
-106.78 13.0781 2368.03
FRAME: 126
-74.3537 425.281 2113.88
-371.488 19.8353 2369.95
-331.571 -924.668 2739.88
-416.641 -27.9426 2012.3
-220.382 -138.062 2503.95
-302.794 -551.729 2545.51
-266.658 242.113 2311.96
-97.5475 220.362 2284.37
170.475 16.9765 2382.53
108.818 -924.859 2759.4
-59.1296 -164.316 2308.41
-4.39066 -165.997 2468.69
57.9251 -569.162 2551.75
71.5624 198.61 2256.79
-104.967 34.166 2385.35
FRAME: 127
-71.4763 450.323 2143
-376.784 37.9578 2395.12
-313.384 -748.494 2681.73
-381.645 -22.3018 2045.61
-206.866 -90.9601 2533.88
-288.914 -534.543 2590.12
-266.491 263.079 2331.31
-96.5596 238.712 2300.56
166.208 51.491 2419.8
116.698 -908.01 2786.96
-68.2524 -133.532 2329.76
-5.99845 -119.801 2497.58
52.9947 -541.079 2589.8
73.3718 214.344 2269.82
-101.496 66.6656 2408.15
FRAME: 128
-71.5504 458.125 2161.35
-377.596 39.6855 2412.04
-312.816 -716.121 2687.06
-376.443 -41.4139 2040.74
-208.488 -80.7597 2548.64
-282.024 -528.425 2602.96
-271.184 264.682 2345.86
-101.251 242.503 2317.86
162.162 72.78 2444.5
115.728 -886.564 2817.93
-47.4466 -134.386 2340.23
-10.6976 -106.765 2516.1
45.9538 -530.117 2607.37
68.6831 220.323 2289.87
-105.422 74.3702 2425.12
FRAME: 129
-75.1147 458.179 2182.03
-375.074 37.6429 2435.53
-311.517 -719.574 2714.68
-359.039 -65.5994 2056.41
-194.138 -75.8904 2569.18
-279.043 -523.934 2618.86
-274.704 263.872 2364.76
-104.654 245.946 2337.08
161.655 83.7996 2466.72
123.345 -884.693 2821.47
-63.354 -132.27 2346.13
-14.2531 -95.0693 2539.99
43.7819 -521.286 2617.88
65.3964 228.02 2309.39
-104.425 80.2331 2445.83
FRAME: 130
-80.145 451.79 2199.68
-370.604 19.1327 2446.26
-286.748 -677.292 2703.88
-322.35 -103.509 2112.33
-189.97 -81.9093 2591.57
-253.817 -515.536 2638.35
-280.152 253.259 2384.86
-111.574 236.634 2356.92
154.82 75.9999 2485.38
129.44 -881.696 2833.69
-31.3218 -143.543 2371.76
-24.1604 -98.612 2564.37
46.7678 -515.259 2625.37
57.0039 220.009 2328.98
-109.319 73.1866 2467.44
FRAME: 131
-93.75 440.803 2219.02
-368.31 -1.06804 2444.31
-266.115 -645.58 2760.05
-308.794 -86.0354 2131.88
-204.025 -113.14 2606.08
-256.222 -548.198 2653.04
-292.531 231.606 2397.41
-124.574 220.926 2375.28
143.178 58.2954 2511.14
129.39 -876.253 2837.98
-38.1523 -163.92 2383.79
-30.7314 -124.829 2583.18
51.6407 -518.784 2616.58
43.3837 210.246 2353.15
-120.976 50.9706 2484.95
FRAME: 132
-108.171 428.398 2236.21
-365.928 -23.0971 2466.53
-235.642 -568.836 2716.77
-350.473 -113.775 2111.99
-206.312 -141.761 2619.26
-239.933 -589.829 2666.76
-297.138 217.304 2418.64
-133.002 209.969 2390.76
134.498 39.8965 2505.11
120.083 -871.902 2844.1
-48.4087 -156.47 2368.24
-19.9409 -150.569 2587.11
54.3128 -548.966 2599.46
31.1329 202.634 2362.87
-123.064 31.9021 2496.97
FRAME: 133
-119.395 422.85 2244.54
-395.611 -7.67655 2471.2
-239.235 -559.702 2711.61
-415.162 -80.6995 2091.86
-227.12 -153.262 2630.2
-263.096 -585.972 2631.94
-300.94 218.335 2426.47
-138.012 208.464 2399.75
133.826 28.336 2506.83
98.7927 -876.01 2848.89
-37.1407 -189.159 2383.35
-23.826 -166.003 2597
42.1577 -557.064 2608.51
24.9168 198.593 2373.04
-131.742 24.4161 2506.68
FRAME: 134
-133.449 414.774 2250.58
-403.995 -11.5075 2489.55
-228.307 -544.593 2705.66
-453.586 -86.6625 2145.64
-231.74 -154.583 2627.42
-293.909 -547.599 2619.7
-304.194 214.6 2427.69
-142.237 205.794 2400.83
134.063 21.4088 2501.22
77.3456 -877.513 2854.38
-51.8138 -197.967 2381.31
-22.5722 -166.305 2592.68
29.8769 -573.855 2602.23
19.7203 196.989 2373.96
-134.696 22.6753 2505.44
FRAME: 135
-146.014 413.616 2249.16
-413.917 -8.27228 2513.7
-204.773 -476.807 2654.11
-496.28 -69.2694 2192.7
-235.461 -162.162 2626.76
-308.691 -558.673 2627.44
-307.934 214.399 2427.56
-145.18 203.105 2396.79
138.335 10.0289 2495.93
50.7149 -870.195 2873.78
-66.9539 -213.116 2375.76
-26.8545 -176.673 2587.44
13.855 -586.709 2593.97
17.5744 191.811 2366.03
-138.169 16.844 2501.95
FRAME: 136
-161.957 409.079 2251.91
-422.102 -14.5074 2524.31
-156.976 -426.944 2598.13
-562.099 -88.8327 2239.79
-249.808 -158.706 2634.03
-322.965 -562.776 2645.35
-317.944 212.947 2430.54
-151.916 197.158 2394.16
148.687 -14.1307 2470.51
42.7328 -888.509 2879.37
-80.6422 -244.043 2395.9
-29.2289 -180.085 2585.77
-1.12899 -599.445 2595.33
14.1115 181.37 2357.78
-145.717 13.8814 2502.03
FRAME: 137
-185.003 394.652 2256.26
-408.977 -9.51716 2555.5
-241.09 -630.494 2696.23
-597.731 -126.901 2380.25
-247.463 -158.952 2636.22
-315.517 -598.366 2673.5
-321.85 206.821 2447.56
-159.107 181.615 2391.37
123.332 -93.9077 2375.49
34.9574 -904.389 2885.54
-122.209 -279.594 2390.8
-37.3668 -191.707 2564.08
-11.0658 -605.255 2589.79
3.63554 156.408 2335.17
-150.761 3.14267 2495.76
FRAME: 138
-202.923 384.359 2258.05
-376.471 -9.38937 2587.38
-299.218 -891.927 2807.63
-595.595 -104.423 2446.4
-241.212 -166.388 2645.34
-324.695 -584.956 2662.8
-322.857 196.465 2461.45
-171.769 160.497 2382.87
109.046 -110.088 2344.64
29.0208 -910.777 2882.16
-195.624 -281.952 2366.29
-47.3228 -212.56 2544.76
-20.0126 -616.33 2581.41
-20.6811 124.529 2304.3
-158.018 -14.4885 2488.96
FRAME: 139
-219.135 379.809 2254.73
-378.708 -2.03884 2606.39
-311.557 -950.245 2786.25
-520.225 -125.294 2438.84
-243.026 -183.491 2627.92
-338.517 -593.288 2637.83
-326.255 194.105 2472.9
-184.291 155.745 2379.04
65.0714 -118.94 2301.8
12.7428 -909.176 2875.95
-213.198 -267.345 2307.17
-67.9148 -230.825 2512.08
-42.3814 -622.638 2570.18
-42.3266 117.385 2285.19
-169.881 -25.7066 2474.52
FRAME: 140
-240.187 385.037 2245.01
-379.688 6.63756 2612.2
-308.771 -962.783 2747.48
-554.861 -72.9698 2451.49
-241.423 -183.455 2610.12
-352.015 -595.221 2608.6
-332.321 195.963 2463.31
-203.336 157.929 2359.93
-9.18518 -109.026 2243.83
1.29897 -914.389 2862.97
-206.938 -227.493 2282.79
-81.7559 -230.695 2482.01
-56.8675 -637.861 2555.39
-74.3518 119.895 2256.55
-182.463 -24.573 2453
FRAME: 141
-254.782 388.654 2236.78
-452.439 15.6077 2560.31
-306.205 -979.945 2722.9
-548.673 -93.4418 2376.71
-246.923 -182.102 2578.11
-357.628 -605.154 2579.27
-341.029 190.63 2449.38
-218.588 154.05 2343.19
-78.0581 -101.773 2205.97
19.8582 -916.214 2846.92
-247.467 -214.48 2274.53
-102.477 -224.964 2453.92
-52.7273 -641.996 2537.49
-96.1462 117.47 2237.01
-196.644 -24.7416 2429.6
FRAME: 142
-270.248 395.067 2217.39
-509.036 31.5673 2487.13
-296.022 -970.331 2715.06
-575.126 -63.8719 2311.41
-269.442 -195.592 2547.22
-365.009 -613.523 2557.86
-353.93 191.358 2437.44
-233.911 150.023 2322.21
-134.729 -105.876 2146.46
16.7757 -931.581 2827.59
-352.432 -158.516 2239.32
-137.624 -241.015 2423.06
-80.9227 -669.938 2505.43
-113.893 108.688 2206.97
-218.722 -34.1402 2403.68
FRAME: 143
-294.711 401.686 2183.9
-561.896 135.331 2403.52
-285.02 -962.467 2682.77
-649.877 18.7737 2176.88
-295.97 -193.663 2503.04
-368.045 -615.711 2522.51
-355.041 211.312 2429.31
-254.981 156.848 2279.14
-283.717 -71.4765 2073.84
-28.2731 -875.805 2764.04
-380.716 -50.2926 2195.23
-190.613 -250.757 2346.16
-147.995 -690.659 2425.13
-154.921 102.385 2128.97
-249.136 -32.6809 2351.87
FRAME: 144
-324.93 404.049 2119.6
-575.568 213.814 2377.77
-282.461 -966.365 2640.03
-676.663 190.665 2150.93
-301.893 -193.337 2436.29
-384.474 -613.572 2484.94
-352.354 218.482 2418.97
-268.96 172.29 2240.16
-350.861 -46.5186 1992.5
-99.1005 -913.984 2609.62
-441.967 -17.0842 2161.75
-217.815 -240.037 2255.08
-218.046 -697.106 2286.83
-185.566 126.099 2061.34
-264.407 -22.1982 2292.92
FRAME: 145
-347.066 411.437 2073.22
-578.365 229.949 2357.08
-266.54 -998.634 2561.91
-703.809 208.728 2092.71
-302.379 -196.591 2392.18
-398.413 -617.435 2437.06
-350.873 217.663 2403.6
-279.848 174.774 2211.49
-387.159 -14.9179 1923.95
-127.799 -882.305 2567.31
-561.256 82.9037 2091.1
-236.497 -236.687 2213.99
-235.473 -697.687 2237.06
-208.824 131.884 2019.38
-274.643 -20.9326 2257.29
FRAME: 146
-358.244 408.142 2031.43
-593.554 215.242 2297.17
-264.934 -988.36 2541.71
-696.096 226.182 2055.95
-304.638 -181.591 2356.66
-393.526 -602.987 2403.83
-348.792 220.408 2371.28
-290.02 177.001 2170.85
-414.222 8.86791 1864.77
-213.373 -1067.73 2247.73
-622.703 131.802 2022.88
-247.113 -224.1 2165.9
-267.108 -680.751 2138.69
-231.247 133.594 1970.43
-282.948 -12.9223 2216.07
FRAME: 147
-374.977 410.593 1981.26
-594.348 227.924 2243.88
-260.925 -979.975 2547.1
-706.131 222.726 2013.72
-303.715 -165.127 2317.32
-389.582 -582.865 2373.21
-347.921 225.108 2348.1
-290.391 181.965 2133.99
-409.618 19.6545 1803.03
-202.601 -1072.11 2239.08
-651.818 138.507 1950.51
-248.616 -209.146 2117.81
-288.329 -668.338 2085.1
-232.86 138.822 1919.88
-283.278 -2.58581 2175.78
FRAME: 148
-386.185 412.297 1945.92
-593.816 227.732 2174.37
-254.024 -927.792 2551.89
-724.416 205.827 1967.59
-306.848 -155.229 2307.77
-398.682 -558.025 2339.12
-343.259 237.39 2316.6
-293.139 185.664 2098.81
-413.155 4.40586 1745.92
-208.953 -1060.15 2220.31
-696.413 93.6448 1826.87
-253.314 -212.677 2079.82
-318.485 -657.238 2012.42
-243.019 133.937 1881.03
-286.61 0.855684 2146.31
FRAME: 149
-402.784 417.36 1906.82
-607.469 237.623 2143.99
-257.434 -932.084 2488.3
-723.004 226.746 1926.63
-322.967 -160.342 2277.12
-396.532 -578.709 2303.1
-345.431 238.005 2287.72
-301.182 192.396 2062.31
-402.391 -7.97387 1690.76
-218.107 -1002.79 2176.49
-660.52 83.9332 1752.03
-271.533 -216.422 2013.16
-328.629 -646.523 1981.53
-256.933 146.786 1836.9
-299.216 2.00662 2103.72
FRAME: 150
-422.486 381.821 1809.18
-591.128 178.791 2081.67
-267.648 -969.307 2374.01
-741.814 184.944 2014.83
-325.413 -175.618 2218.11
-391.564 -589.366 2271.53
-345.387 214.361 2250.66
-303.716 174.628 2002.49
-327.013 -50.0171 1565.39
-236.831 -1005.86 2152.09
-605.736 -94.4988 1431.83
-276.687 -236.412 1911.61
-361.957 -662.094 1884.71
-262.045 134.894 1754.32
-302.383 -15.6937 2033.68
FRAME: 151
-431.551 363.532 1795.46
-593.295 120.187 2055.14
-263.611 -987.863 2331.35
-752.926 133.562 2062.23
-339.544 -211.575 2105.24
-388.028 -603.618 2251.89
-357.628 174.889 2217.67
-313.097 156.984 1957.67
-304.208 -31.8022 1516.59
-263.98 -965.332 2124.34
-647.36 -127.386 1287.93
-303.186 -248.994 1863.64
-387.137 -675.536 1830.93
-268.567 139.08 1697.68
-317.231 -36.65 1971.06
FRAME: 152
-446.416 341.804 1774.13
-582.798 37.1858 2046.99
-260.892 -1024.52 2291.37
-777.551 34.0651 2106.41
-364.669 -274.971 1953.99
-376.675 -652.957 2161.09
-380.82 106.216 2183.43
-323.278 141.954 1932.74
-262.393 19.1747 1489.25
-270.764 -959.101 2143.01
-520.93 -141.731 1167.42
-330.09 -267.578 1789.23
-388.446 -675.231 1803.85
-265.735 177.692 1682.05
-335.328 -64.6603 1902.18
FRAME: 153
-461.958 317.954 1745.17
-564.523 4.78377 2026.55
-292.554 -998.069 2205.28
-757.922 24.4531 2083.63
-357.508 -318.188 1913.84
-342.638 -708.365 1934.77
-375.69 89.592 2124.74
-327.844 121.711 1882.04
-248.563 -13.8107 1475.11
-258.362 -970.462 2038.19
-419.333 -164.006 1074.72
-324.704 -308.674 1740.51
-322.984 -735.317 1727.24
-279.998 153.83 1639.35
-334.475 -95.86 1854.61
FRAME: 154
-480.512 298.296 1716.08
-509.01 89.388 2016.7
-295.745 -1027.92 2169.82
-711.553 107.008 2032.66
-346.976 -296.632 1883.95
-359.61 -706.272 1959.98
-348.946 108.626 1861.12
-327.058 69.0935 1718.62
-267.487 -115.433 1457.72
-253.328 -1014.86 2034.87
-322.66 -244.198 1065.21
-336.761 -345.541 1736.29
-332.542 -734.75 1748.19
-305.169 29.5605 1576.12
-334.463 -125.996 1764.37
FRAME: 155
-496.547 292.588 1688.85
-497.99 55.9549 1973.72
-338.222 -949.454 2064.75
-646.928 38.389 1886.46
-354.634 -240.287 1860.87
-361.47 -633.295 1805.61
-369.521 112.059 1844.75
-338.144 80.7611 1704.19
-263.059 -103.932 1443.85
-227.553 -999.841 1978.51
-314.271 -210.6 1045.3
-316.368 -287.676 1715.6
-306.159 -681.129 1699.85
-306.767 49.4635 1563.63
-336.822 -91.6102 1746.21
FRAME: 156
-506.449 292.603 1668.56
-531.488 47.871 1943.33
-352.826 -922.973 2042.8
-756.199 38.2546 1988.25
-381.441 -212.375 1817.67
-381.962 -627.114 1765.62
-404.379 114.2 1819.58
-348.393 84.2047 1671.36
-235.978 -94.1611 1401.17
-243.049 -901.499 1875.84
-295.274 -188.603 1028.43
-327.27 -239.828 1693.97
-300.897 -611.025 1633.94
-292.408 54.2093 1523.13
-351.375 -70.9484 1713.59
FRAME: 157
-523.553 301.518 1624.8
-561.482 46.007 1864.54
-353.718 -926.16 2011.62
-771.222 12.3139 1891.48
-412.689 -153.091 1756.2
-402.485 -568.42 1701.52
-461.93 133.936 1694.03
-377.876 109.293 1606.07
-204.169 -57.6903 1369.65
-223.739 -826.35 1852.99
-225.864 -184.395 1049.17
-291.054 -179.907 1650.64
-255.832 -538.444 1623.07
-293.823 84.6502 1518.12
-364.874 -28.603 1654.75
FRAME: 158
-533.553 307.436 1588.7
-590.668 59.2293 1845.13
-389.488 -882.663 1987.22
-785.262 4.33618 1862.12
-428.52 -152.15 1743.35
-434.523 -515.546 1676.31
-505.183 154.292 1633.45
-398.537 138.356 1567.89
-178.827 -13.2712 1320.99
-211.896 -789.871 1773
-210.414 -171.129 1052.03
-273.129 -179.675 1649.08
-201.035 -493.356 1570.79
-291.89 122.42 1502.33
-374.681 -13.7782 1632.05
FRAME: 159
-540.946 320.617 1571.83
-600.145 95.8681 1815.2
-381.209 -896.449 1953.71
-782.824 9.69788 1825.87
-426.689 -112.859 1749.3
-445.252 -494.008 1668.23
-511.576 198.577 1602.89
-393.748 171.397 1524.77
-177.915 -37.2027 1310.66
-235.944 -792.717 1782.3
-244.086 -229.049 1065.5
-271.071 -157.962 1637.23
-216.39 -481.24 1608.05
-275.919 144.217 1446.65
-371.314 17.9931 1609.02
FRAME: 160
-544.647 326.67 1556.52
-591.422 95.5593 1814.52
-390.701 -904.641 1950.62
-774.339 12.2054 1801.29
-412.465 -130.422 1734.64
-449.847 -532.107 1701.17
-513.805 185.381 1630.19
-393.188 168.096 1539.26
-168.35 -28.4774 1307.89
-252.015 -805.514 1752.02
-244.593 -211.602 1081
-264.497 -170.824 1617.76
-246.407 -516.365 1584.59
-272.57 150.812 1448.33
-365.834 8.73655 1607.73
FRAME: 161
-544.291 328.423 1545.68
-595.309 63.6305 1837.15
-383.575 -950.598 1936.75
-787.012 3.04001 1774.51
-422.652 -177.929 1732.08
-472.38 -607.427 1733.74
-524.411 173.822 1669.67
-398.025 168.383 1562.55
-164.174 -20.3949 1316.35
-223.175 -861.049 1731.36
-279.288 -233.215 1101.45
-249.542 -195.573 1578.65
-236.608 -570.786 1537.34
-271.64 162.944 1455.43
-367.061 -9.18379 1608.96
FRAME: 162
-541.846 328.194 1533.26
-596.722 64.3346 1841.78
-375.849 -963.092 1911.82
-795.165 -5.14225 1748.94
-437.03 -200.431 1726.78
-480.976 -623.507 1753.74
-522.608 165.989 1674.36
-393.79 165.824 1572.16
-157.904 -27.2488 1338.65
-250.486 -881.959 1736.13
-240.557 -259.189 1154.58
-240.369 -209.455 1562.53
-232.28 -592.816 1524.84
-264.972 165.658 1469.95
-366.245 -19.5594 1608.41
FRAME: 163
-528.919 323.521 1526.23
-603.895 30.0048 1855.98
-370.468 -1010.14 1907.35
-791.84 -39.1028 1703.03
-429.209 -242.81 1701.29
-495.844 -651.8 1780.84
-526.006 141.287 1697.03
-388.146 151.429 1599.42
-140.232 -52.6089 1410.05
-259.325 -961.871 1728
-214.719 -284.039 1238.38
-243.406 -234.222 1565.93
-239.048 -645.124 1512.85
-250.285 161.571 1501.81
-362.227 -43.5434 1616.52
FRAME: 164
-512.386 313.618 1525.4
-616.009 10.9014 1861.47
-372.553 -1031.89 1895.79
-794.246 -58.3998 1686.38
-435.045 -271.917 1695.35
-498.864 -681.844 1776.03
-527.87 126.39 1704.5
-382.624 137.031 1613.55
-128.031 -76.3186 1445.41
-268.94 -990.819 1728.31
-244.734 -309.46 1267.29
-243.554 -260.979 1574.02
-247.157 -672.958 1503.72
-237.379 147.672 1522.59
-360.962 -64.7085 1624.12
FRAME: 165
-501.258 309.725 1525.12
-630.304 -2.37768 1852.36
-356.425 -1053.98 1892.54
-782.314 -69.2408 1663.61
-436.278 -287.774 1718.99
-475.829 -702.267 1777.89
-528.693 124.254 1715.61
-378.903 129.025 1628.94
-114.987 -91.2905 1481.73
-270.296 -1025.44 1727.11
-208.068 -322.92 1326.13
-251.405 -284.038 1611.12
-251.118 -692.798 1514.53
-229.113 133.795 1542.26
-361.372 -78.4404 1647
FRAME: 166
-488.098 307.756 1528.23
-627.16 -4.67767 1852.27
-353.627 -1088.99 1879.75
-760.897 -68.3435 1643.51
-444.616 -291.446 1740.61
-474.686 -714.541 1801.49
-520.61 128.876 1723.47
-373.455 128.574 1640.53
-111.12 -98.7592 1521.44
-265.227 -1044.77 1743.66
-239.548 -353.95 1374.67
-252.404 -292.581 1631.78
-252.109 -704.347 1532.31
-226.3 128.271 1557.58
-360.983 -81.72 1663.36
FRAME: 167
-477.723 309.747 1528.88
-620.587 -12.8492 1859.91
-366.676 -1081.28 1875
-721.57 -59.2855 1640.68
-459.415 -276.701 1764.93
-483.007 -705.622 1803.63
-513.827 134.543 1734.14
-368.387 129.837 1658.9
-109.98 -104.271 1558.25
-261.953 -1053.13 1747.49
-192.721 -342.686 1414.9
-250.145 -283.889 1656.64
-253.768 -698.387 1553.66
-222.946 125.131 1583.65
-361.583 -75.2288 1684.84
FRAME: 168
-467.151 317.881 1532.29
-612.304 -7.87773 1875.75
-384.701 -1085.62 1877.06
-690.629 -36.0966 1644.21
-455.875 -270.587 1773.49
-497.543 -699.2 1790.72
-512.557 143.792 1737.79
-365.952 137.911 1667.15
-106.728 -92.9654 1609.15
-257.989 -1063.98 1762.09
-190.215 -375.854 1512.2
-253.758 -278.932 1675.94
-256.533 -696.965 1600.62
-219.348 132.029 1596.51
-360.384 -68.4244 1695.93
FRAME: 169
-455.7 331.154 1533.28
-607.008 1.74835 1879.63
-386.357 -1067.98 1876.34
-674.542 -8.39911 1633.28
-455.25 -248.897 1780.76
-493.283 -678.405 1798.18
-511.485 163.16 1740.03
-363.069 155.605 1677.7
-103.639 -77.5606 1655.66
-267.32 -1085.52 1770.83
-177.582 -397.163 1573.9
-260.583 -258.884 1699
-265.121 -687.99 1706.83
-214.652 148.05 1615.38
-360.493 -49.1428 1708.79
FRAME: 170
-433.119 350.175 1543.43
-599.345 8.29133 1895.6
-396.038 -1073.3 1888.34
-641.013 8.1834 1640.01
-453.114 -242.41 1792.13
-475.012 -673.845 1814.07
-507.09 174.145 1750.34
-354.143 166.202 1694.13
-108.568 -68.9418 1741.63
-263.872 -1088.73 1775.55
-107.004 -377.454 1731.3
-253.083 -252.799 1718.64
-250.921 -683.607 1735.51
-201.196 158.259 1637.91
-353.621 -40.7017 1724.76
FRAME: 171
-416.137 359.529 1551.87
-587.336 15.3473 1907.95
-399.891 -1078.71 1890.9
-632.158 8.96314 1651.27
-446.698 -242.784 1804.96
-462.404 -675.202 1828.56
-496.722 176.548 1760.08
-342.068 171.57 1709.41
-103.455 -67.9453 1764.28
-263.724 -1088.94 1774.55
-102.811 -349.755 1734.2
-225.698 -249.687 1732.75
-220.994 -680.893 1763.32
-187.415 166.593 1658.75
-339.133 -37.3327 1739.13
FRAME: 172
-399.998 364.139 1563.43
-581.581 9.08858 1918.17
-402.003 -1082.33 1898.41
-625.734 5.08641 1654.28
-432.32 -243.383 1823.75
-443.718 -675.197 1841.31
-490.216 174.349 1767.67
-334.388 173.108 1719.64
-97.0018 -62.4253 1781.26
-262.129 -1082.73 1777.46
-98.188 -329.053 1710.96
-201.246 -245.108 1752.73
-195.833 -676.174 1784.58
-178.561 171.866 1671.62
-325.586 -35.5691 1753.94
FRAME: 173
-383.236 366.796 1578.19
-577.789 3.14498 1928.78
-405.943 -1088.91 1904.01
-615.857 4.33954 1660.36
-421.341 -246.37 1834.83
-434.787 -678.093 1852.94
-483.565 171.826 1779.73
-326.888 172.101 1732.16
-90.5493 -63.0578 1790.71
-250.635 -1083.6 1793.1
-84.2225 -347.533 1737.58
-190.154 -245.882 1764.69
-181.636 -676.227 1797.85
-170.212 172.376 1684.58
-316.318 -37.0124 1765.96
FRAME: 174
-366.302 367.999 1591.23
-567.565 -6.0935 1936.95
-404.155 -1096.26 1907.82
-603.733 1.69792 1664.91
-415.196 -250.99 1843.73
-430.839 -683.543 1861.14
-477.003 167.132 1794.1
-318.266 165.35 1748.69
-85.8379 -73.4242 1810.41
-250.112 -1092.99 1809.94
-49.5008 -353.11 1873.8
-194.385 -253.471 1780.51
-181.775 -685.805 1821.58
-159.528 163.568 1703.28
-311.528 -43.4402 1780.41
FRAME: 175
-349.234 366.57 1611.25
-561.236 -7.48406 1950.99
-414.508 -1094.88 1903.26
-596.519 6.24584 1672.97
-409.861 -257.998 1853.01
-425.149 -687.982 1855.25
-473.71 164.533 1804.43
-313.445 161.25 1759.8
-83.4737 -80.2976 1818.83
-247.909 -1099.58 1824.39
-38.9248 -382.885 1892.46
-198.819 -262.383 1794.11
-182.269 -691.559 1841.71
-153.179 157.967 1715.16
-308.892 -49.4702 1791.68
FRAME: 176
-327.838 372.189 1633.95
-556.836 -6.56945 1948.57
-413.815 -1094.95 1914.83
-558.526 37.5421 1689
-403.195 -250.503 1871.13
-426.283 -681.887 1875.99
-466.337 172.974 1819.34
-305.221 169.721 1783.48
-72.769 -67.9106 1851.72
-236.002 -1092.87 1847.05
2.01664 -386.489 1951.15
-195.577 -254.743 1824.77
-179.804 -683.349 1878.79
-144.105 166.467 1747.61
-302.303 -41.4512 1815.71
FRAME: 177
-306.008 391.535 1667.44
-541.378 -9.75301 1955.64
-415.469 -1080.42 1927.66
-534.585 54.03 1697.97
-400.154 -238.534 1888.46
-421.921 -670.57 1893.71
-462.675 186.405 1836.38
-298.247 183.696 1810.72
-55.3424 -55.895 1894.18
-220.206 -1080.26 1875.74
41.1162 -358.015 2010.9
-191.241 -242.019 1855.64
-171.568 -669.618 1914.14
-133.818 180.986 1785.07
-296.972 -28.2906 1841.39
FRAME: 178
-291.826 409.531 1690.2
-543.953 0.572636 1962.28
-413.863 -1073.1 1935.67
-523.07 77.7739 1696.46
-399.392 -227.921 1905.05
-408.519 -660.348 1923.12
-460.258 200.918 1855.75
-293.063 198.073 1834.91
-43.5774 -35.3813 1928.79
-212.506 -1070.25 1900.35
52.3157 -335.251 2030.37
-186.952 -231.53 1878.29
-164.831 -658.973 1935.16
-125.867 195.228 1814.07
-293.117 -15.8261 1863.29
FRAME: 179
-284.767 417.598 1718.53
-545.539 17.082 1978.81
-412.561 -1061.47 1951.79
-515.882 95.1285 1707.27
-398.4 -215.212 1918.76
-402.113 -648.78 1942.01
-461.577 211.159 1867.66
-291.445 208.345 1853.83
-32.1824 -32.0071 1959.4
-200.144 -1052.25 1939.36
61.9469 -332.049 2061.31
-188.308 -218.406 1901.41
-158.604 -643.974 1968.26
-121.312 205.532 1839.99
-292.399 -4.23182 1881.96
FRAME: 180
-281.596 423.691 1738.17
-545.956 17.1567 1979.15
-407.467 -1060.66 1966.32
-507.065 110.949 1714.01
-399.864 -209.217 1933.92
-400.363 -645.174 1965.5
-464.975 217.61 1883.97
-294.332 215.807 1873.37
-30.8662 -19.0552 1987.51
-194.411 -1045.68 1955.59
72.7467 -324.663 2097.6
-189.861 -211.049 1920.45
-159.621 -638.653 1982.56
-123.688 214.004 1862.78
-294.597 2.83723 1900.28
FRAME: 181
-281.473 426.089 1764.62
-554.04 19.8371 1979.52
-403.931 -1044.05 1997.21
-500.073 122.068 1721.15
-401.449 -204.958 1948.63
-399.797 -639.799 1978.34
-469.788 220.632 1904.88
-297.199 219.33 1896.12
-23.1159 -17.2123 2018.94
-174.336 -1036.21 1975.63
75.5263 -320.492 2121.85
-193.248 -206.135 1937.71
-155.983 -631.372 1999.25
-124.61 218.028 1887.36
-297.274 6.89181 1919.65
FRAME: 182
-273.281 430.348 1776.84
-563.012 12.6152 1975
-392.427 -1047.48 2016.5
-494.842 137.13 1728.52
-405.564 -206.776 1963.4
-396.39 -641.407 1998.13
-473.944 218.993 1922.12
-300.868 218.234 1917.72
-22.8372 -12.9313 2049.91
-173.016 -1038.09 1994.97
72.6532 -294.169 2120.08
-195.655 -207.348 1957.28
-158.643 -632.805 2015.34
-127.792 217.475 1913.32
-300.739 5.586 1939.03
FRAME: 183
-269.782 433.386 1812.25
-571.385 9.74063 1977.97
-390.669 -1044.84 2064.02
-484.777 160.384 1744.97
-412.307 -200.952 1996.48
-397.871 -638.652 2043.55
-474.347 224.734 1941.83
-301.933 222.047 1945.9
-28.6764 -18.4523 2098.79
-179.921 -1033.19 2002.51
65.2282 -326.715 2199.52
-204.925 -203.502 1999.72
-169.456 -632.214 2037.26
-129.52 219.361 1949.97
-305.275 9.91023 1972
FRAME: 184
-267.47 433.866 1838.9
-578.869 5.03938 1989.4
-390.205 -1041.98 2100.74
-477.84 168.247 1761.03
-421.525 -192.575 2021.66
-401.13 -628.772 2069.19
-475.551 228.62 1948.01
-303.83 224.704 1964.19
-31.6081 -21.8823 2136.25
-174.22 -1039.93 2041.86
54.8712 -334.836 2214.25
-215.451 -196.289 2038.39
-159.735 -626.609 2077.36
-132.108 220.788 1980.36
-311.159 15.136 1997.11
FRAME: 185
-262.504 442.733 1860.32
-582.819 2.35286 1991
-387.298 -1038.22 2123.44
-475.481 183.263 1776.87
-423.028 -193.399 2047.48
-406.64 -629.04 2116.01
-472.014 232.27 1979.81
-304.592 229.548 1996.29
-49.6187 -12.9168 2170.39
-179.946 -1055.17 2055.97
32.8878 -332.124 2243.31
-213.833 -196.007 2064.03
-161.739 -636.604 2098.29
-137.169 226.826 2012.76
-311.511 17.4225 2026.02
FRAME: 186
-261.11 443.347 1878.48
-592.74 9.55897 1990.55
-389.846 -1025.18 2175.98
-472.982 195.41 1789.63
-427.302 -183.336 2063.11
-408.914 -615.634 2142.09
-473.044 234.779 1979.68
-303.894 231.454 2007.22
-57.4284 -22.2469 2201.84
-176.977 -1043.12 2099.23
17.3058 -345.057 2256.23
-223.003 -186.493 2091.62
-164.395 -621.643 2131.23
-134.743 228.129 2034.76
-314.523 23.2697 2042.29
FRAME: 187
-260.935 450 1901.25
-608.854 24.738 2001.46
-394.222 -1017.65 2211.57
-470.423 215.008 1808.25
-428.45 -183.452 2086.34
-410.318 -620.23 2171.48
-471.308 235.854 2001.63
-302.35 233.469 2030.61
-71.0499 -30.1702 2223.52
-179.296 -1034.38 2115.19
-8.42224 -354.639 2265.29
-224.6 -185.921 2115.34
-173.256 -622.878 2157.73
-133.392 231.083 2059.59
-314.438 24.3911 2065.73
FRAME: 188
-257.899 456.795 1921.81
-613.001 43.0663 2006.36
-390.624 -1022.16 2228.64
-467.122 238.062 1822.01
-423.032 -184.241 2116.46
-407.315 -623.528 2187.85
-464.193 238.355 2045.25
-299.996 237.878 2066.15
-95.9412 -8.24188 2242.73
-178.974 -1042.13 2129.96
-34.1038 -349.713 2283.75
-220.501 -184.94 2134.54
-169.315 -625.861 2159.65
-135.798 237.4 2087.06
-310.881 26.6437 2095.83
FRAME: 189
-254.178 463.292 1942.98
-611.848 54.8539 2027.05
-392.19 -1027.1 2237.87
-460.702 261.175 1854.37
-421.787 -183.397 2135.67
-412.733 -626.479 2203.52
-461.572 242.107 2069.12
-298.827 241.881 2089.32
-109.526 -1.89897 2253.71
-178.926 -1049.63 2149.76
-58.1416 -337.044 2301.86
-217.574 -183.848 2153.1
-170.665 -630.33 2170.54
-136.082 241.655 2109.52
-309.254 29.1293 2116.85
FRAME: 190
-244.897 469.716 1969.3
-617.113 76.3276 2046.01
-396.047 -1011.2 2275.74
-464.259 301.381 1905.17
-422.51 -166.329 2149.67
-412.655 -608.01 2221.04
-457.51 253.874 2070.43
-294.982 253.023 2103.48
-115.529 2.34277 2275.25
-177.356 -1019.77 2206.69
-88.5079 -317.891 2273.8
-222.137 -167.373 2181.74
-136.082 -613.42 2182.56
-132.454 252.171 2136.53
-308.653 43.0856 2134.59
FRAME: 191
-237.846 477.367 1995.99
-618.319 90.5267 2072.28
-390.873 -1024.69 2268.77
-462.516 322.896 1944.05
-420.007 -166.927 2178.84
-415.243 -617.145 2237.24
-457.246 260.165 2115.72
-294.845 257.883 2139.8
-117.66 2.90254 2297.52
-170.216 -1024.64 2222.58
-96.5627 -323.415 2295.27
-216.757 -169.5 2201.93
-118.489 -627.736 2197.52
-132.445 255.601 2163.88
-306.614 44.8346 2165.09
FRAME: 192
-230.993 483.153 2014.29
-622.286 101.599 2086.21
-393.563 -1017.29 2298.28
-460.569 339.894 1977.45
-420.622 -161.887 2197.19
-415.29 -611.403 2245.61
-455.289 266.428 2129.45
-291.335 262.196 2154.75
-112.526 3.40732 2313.64
-183.343 -1020.04 2255.07
-86.0946 -313.824 2330.07
-217.437 -166.569 2222.96
-119.419 -620.704 2214.37
-127.381 257.963 2180.04
-305.182 48.9838 2182.41
FRAME: 193
-222.263 485.038 2034.43
-627.734 114.97 2102.86
-395.205 -1002.44 2326.25
-464.122 352.833 2002.67
-416.819 -151.79 2211.34
-408.671 -599.619 2256.93
-449.512 276.11 2137.31
-283.056 269.932 2169.93
-103.351 11.2647 2332.14
-156.915 -985.492 2287.78
-80.7552 -290.5 2344.02
-215.696 -158.482 2246.02
-79.6291 -632.544 2195.84
-116.601 263.753 2202.55
-299.657 57.3978 2199.31
FRAME: 194
-212.439 490.875 2056.07
-630.898 120.532 2124.55
-396.762 -1008.99 2332.96
-465.623 362.182 2038.31
-407.738 -147.335 2230.93
-399.296 -597.2 2268.74
-444.189 282.457 2161.38
-276.732 276.744 2191.82
-88.36 17.0791 2354.32
-144.818 -946.994 2361.57
-55.35 -296.19 2403.16
-202.773 -153.201 2263.95
-90.7586 -609.528 2240.53
-109.275 271.031 2222.27
-290.994 63.238 2219.63
FRAME: 195
-201.585 494.192 2076.13
-625.401 128.655 2151.14
-384.806 -995.718 2358.21
-456.984 375.661 2080.59
-403.553 -140.386 2251.67
-394.402 -593.091 2277.51
-438.752 289.395 2179.57
-269.354 281.894 2208.02
-80.8577 30.5497 2370.62
-147.808 -944.848 2348.87
-35.901 -279.311 2419.1
-195.919 -148.223 2283.37
-107.871 -609.397 2256.89
-99.9565 274.393 2236.47
-284.545 68.795 2237.77
FRAME: 196
-192.198 495.331 2100.65
-622.388 137.555 2167.41
-397.568 -992.184 2369.9
-458.591 374.532 2115.53
-399.529 -130.577 2261.3
-388.194 -586.268 2279.66
-430.699 296.111 2186.57
-259.136 285.872 2220.34
-69.9988 36.4157 2384.88
-139.339 -885.096 2373.46
-30.8319 -269.421 2416.87
-194.195 -141.303 2298.68
-110.256 -605.657 2275.99
-87.574 275.633 2254.11
-277.999 74.9659 2250.17
FRAME: 197
-167.944 498.254 2130.54
-620.376 143.634 2203.47
-395.824 -973.613 2421.4
-442.352 386.203 2184.21
-386.422 -116.814 2295.57
-376.759 -576.651 2298.12
-414.828 304.9 2209.54
-240.517 292.254 2244.44
-44.1649 42.5084 2406.61
-123.78 -845.889 2422.47
3.81474 -263.748 2441.74
-182.977 -130.09 2333.61
-111.219 -593.252 2333.57
-66.2058 279.607 2279.34
-262.608 84.4007 2279.52
FRAME: 198
-153.395 503.144 2160.13
-612.823 147.817 2232.73
-392.199 -970.89 2438.2
-438.957 383.821 2204.3
-377.599 -108.169 2322.53
-362.841 -567.067 2321.5
-397.808 312.772 2232.23
-224.004 297.358 2266.06
-22.2004 40.0754 2424.22
-121.45 -808.463 2455.29
13.7164 -264.57 2455.47
-170.773 -124.869 2359.93
-109.36 -564.525 2387.91
-50.2007 281.943 2299.9
-249.095 90.4195 2303.65
FRAME: 199
-140.785 507.69 2177.92
-594.153 145.636 2267.33
-389.646 -967.38 2449.83
-422.183 381.733 2232.63
-361.635 -105.439 2349.26
-340.144 -564.289 2337.51
-386.433 318.348 2259.65
-210.374 303.722 2289
-7.15055 46.4093 2434.42
-119.005 -848.686 2494.24
40.6127 -261.712 2471.85
-153.589 -121.404 2381.86
-101.571 -566.325 2432.4
-34.3155 289.097 2318.36
-233.993 95.1505 2327.28
FRAME: 200
-125.608 514.112 2205.71
-579.672 151.507 2301.18
-382.126 -964.101 2456.82
-411.292 385.828 2253.9
-346.31 -102.642 2371.27
-326.229 -561.109 2360.28
-369.773 322.809 2282.47
-195.855 308.537 2310.25
10.1036 46.77 2447.13
-115.518 -857.736 2530.99
65.0716 -259.353 2485.16
-138.417 -118.757 2402.5
-99.7166 -562.899 2464.85
-21.9361 294.266 2338.02
-219.109 98.9191 2348.57
FRAME: 201
-114.584 516.703 2223.26
-572.659 152.595 2318.42
-382.663 -954.784 2472.71
-405.91 384.701 2274.13
-335.473 -95.2701 2397.04
-311.352 -550.92 2385.46
-358.552 327.277 2303.11
-183.578 312.224 2330.7
32.1236 51.7651 2469.24
-112.104 -878.628 2586.94
74.5242 -257.079 2504.88
-128.313 -111.943 2427.26
-94.082 -561.703 2489.75
-8.60431 297.171 2358.28
-207.736 104.309 2371.42
FRAME: 202
-105.537 520.483 2241.65
-557.998 166.346 2341.71
-382.461 -949.616 2482.47
-375.971 384.515 2314.34
-324.48 -92.2122 2417.32
-305.556 -546.964 2404.07
-346.68 331.438 2322.3
-171.385 315.487 2347.51
49.7472 39.449 2484.66
-105.881 -896.71 2632.48
90.8258 -264.257 2518.88
-118.455 -109.898 2444.5
-72.7629 -546.436 2528.78
3.91011 299.535 2372.71
-196.426 107.216 2389.21
FRAME: 203
-86.0296 524.11 2277.57
-549.322 170.549 2381.19
-370.894 -948.389 2521.55
-387.838 413.366 2336.78
-313.131 -87.9909 2443.85
-306.269 -544.193 2428.15
-335.266 339.084 2352.76
-158.62 321.715 2377
70.1532 39.0976 2506.58
-103.352 -905.122 2693.55
104.296 -277.06 2551.6
-108.024 -107.017 2469.65
-58.6212 -538.769 2549.85
18.027 304.345 2401.24
-184.599 112.105 2416.87
FRAME: 204
-69.5659 535.013 2307.39
-522.879 170.428 2428.33
-352.775 -942.758 2580
-388.46 407.314 2378.19
-304.568 -85.1257 2471.22
-307.47 -540.329 2463.59
-325.871 349.572 2385.92
-148.758 330.813 2407.37
85.1334 43.1721 2534.48
-101.557 -949.004 2727.81
120.735 -274.7 2582.71
-98.353 -105.622 2493.93
-58.5153 -540.865 2551.52
28.3547 312.055 2428.81
-175.109 117.72 2444.97
FRAME: 205
-61.009 540.09 2329.36
-512.543 176.873 2445.9
-341.895 -919.831 2617.36
-361.902 410.485 2418.4
-301.09 -72.0745 2492.71
-305.927 -525.922 2480.61
-318.698 358.544 2402.18
-140.711 336.715 2423.86
96.01 36.3421 2551.58
-101.838 -914.039 2733.66
124.045 -279.551 2589.69
-99.1233 -95.4735 2515.12
-53.8253 -533.968 2552.36
37.2772 314.886 2445.54
-170.409 126.47 2463.89
FRAME: 206
-53.5208 544.94 2348.03
-495.099 171.91 2475.13
-325.496 -916.26 2655.18
-393.659 406.634 2431.17
-295.905 -72.7331 2516.13
-303.427 -528.144 2499.37
-318.169 364.254 2433.1
-139.646 344.36 2449.21
99.1281 50.1606 2569.48
-104.801 -914.21 2735.29
137.08 -269.457 2613.5
-89.4763 -94.2001 2532.56
-45.1065 -538.417 2556.23
38.8773 324.466 2465.32
-166.168 130.447 2486.78
FRAME: 207
-50.5952 547.971 2369.42
-485.149 185.123 2488.06
-317.797 -893.791 2690.36
-394.004 413.81 2436.37
-294.288 -62.1093 2524.63
-301.945 -514.378 2515.75
-312.293 372.034 2441.56
-133.21 349.727 2459.64
104.522 36.8282 2587.05
-111.011 -907.694 2748.82
138.505 -280.773 2632.63
-87.1578 -85.8614 2543.13
-33.8791 -525.265 2572.64
45.872 327.419 2477.72
-161.967 137.871 2496.76
FRAME: 208
-51.4969 552.195 2394.07
-488.102 199.298 2506.23
-309.128 -901.016 2734.35
-358.418 454.912 2471.97
-291.78 -63.5585 2541.43
-298.127 -518.556 2545.03
-312.038 374.269 2467.54
-134.442 353.86 2481.28
101.961 54.9497 2598.04
-105.664 -916.544 2759.67
144.688 -261.389 2649.12
-79.6016 -85.6411 2555.02
-42.2375 -552.328 2602.56
43.155 333.45 2495.01
-160.066 139.63 2514.75
FRAME: 209
-52.2516 554.927 2411.69
-479.947 201.026 2514.71
-300.148 -891.6 2777.44
-366.906 437.152 2470.3
-290.972 -59.5405 2550.1
-297.263 -508.863 2555.49
-307.909 377.394 2478.16
-130.331 354.847 2493.45
106.24 40.4541 2619.51
-113.758 -917.459 2774.1
142.451 -277.215 2659.48
-82.0423 -83.8042 2565.29
-32.9348 -551.827 2610.7
47.2466 332.3 2508.74
-158.419 141.587 2525.57
FRAME: 210
-55.1338 567.677 2442.33
-482.228 215.481 2522.03
-286.298 -892.042 2845.06
-383.028 444.448 2471.01
-289.211 -56.4129 2562.81
-289.869 -500.617 2590.87
-308.182 381.063 2497.57
-130.081 358.445 2516.17
106.476 40.7943 2642.87
-113.519 -907.19 2792.44
139.162 -283.68 2665.72
-83.1657 -80.5971 2581.64
-47.9745 -539.136 2653.44
48.0199 335.827 2534.76
-158.135 144.97 2544.2
FRAME: 211
-59.2612 568.776 2460.13
-494.009 218.128 2523.97
-276.345 -893.618 2913.58
-381.466 454.467 2485.89
-291.691 -51.2693 2576.74
-288.708 -504.362 2635.47
-306.9 384.333 2509.87
-128.988 360.237 2531.02
105.018 41.3292 2662.26
-115.141 -935.632 2810.85
136.968 -285.145 2673.48
-86.9838 -77.0117 2598.43
-57.6489 -523.342 2679.6
48.9235 336.141 2552.17
-159.163 148.048 2559.3
FRAME: 212
-59.7681 575.807 2476.98
-505.546 220.577 2529.98
-265.272 -901.087 2939.22
-374.575 438.927 2499.69
-289.939 -51.5452 2594.14
-289.961 -492.208 2664.38
-309.402 386.342 2532.12
-132.053 363.988 2549.35
99.344 45.0483 2676.26
-110.157 -948.211 2810.95
131.923 -286.633 2686.54
-84.5691 -75.4575 2611.22
-63.0255 -515.201 2691.87
45.2965 341.635 2566.57
-159.653 150.244 2576.01
FRAME: 213
-66.342 579.463 2496.83
-511.723 228.842 2533.07
-257.402 -908.126 2972.8
-368.656 437.321 2521.1
-294.061 -42.4137 2602.38
-285.568 -514.607 2705.47
-311.208 390.823 2542.72
-132.956 366.816 2563.72
89.5283 42.6646 2692.99
-108.1 -956.101 2820.79
124.196 -280.768 2697.72
-89.5923 -67.895 2623.75
-63.6054 -500.773 2699.53
45.2955 342.809 2584.73
-162.391 155.831 2588.39
FRAME: 214
-70.9833 585.628 2515.55
-526.966 245.082 2542.79
-262.271 -912.205 3004.06
-366.526 471.972 2552.84
-292.565 -44.3702 2612.36
-299.278 -508.338 2724.89
-316.034 391.236 2558.5
-138.291 370.211 2579.97
76.4422 71.7481 2710.56
-101.225 -951.928 2810.25
115.895 -253.487 2713.09
-87.6235 -66.6871 2634.46
-53.0536 -501.099 2713.93
39.4517 349.187 2601.43
-164.193 157.341 2601.69
FRAME: 215
-74.0454 590.847 2528.66
-526.521 244.927 2545.79
-260.078 -901.783 3020.28
-370.855 444.894 2563.44
-298.661 -30.7245 2623.73
-290.556 -491.592 2732.18
-317.332 401.472 2567.66
-139.062 378.193 2592.49
67.8357 83.3862 2727.26
-105.409 -948.25 2821.31
109.374 -229.6 2731.07
-96.5112 -55.5439 2649.45
-60.8141 -487.802 2727.84
39.2069 354.914 2617.31
-168.324 167.529 2614.54
FRAME: 216
-81.1809 592.354 2544.42
-526.736 246.237 2564.86
-261.808 -911.859 3023.43
-376.989 438.975 2576.19
-301.745 -40.2019 2640.06
-297.683 -487.747 2745.86
-328.831 393.997 2588.36
-149.996 374.321 2611.24
56.4424 95.0492 2741.65
-104.533 -952.614 2820.64
99.1832 -219.532 2746.84
-97.496 -61.069 2663.94
-64.8925 -492.218 2735.4
28.8386 354.646 2634.11
-174.808 161.843 2631.62
FRAME: 217
-84.7058 592.398 2553.22
-539.863 244.901 2572.1
-264.922 -909.423 3039.68
-392.268 436.555 2592.88
-310.127 -31.0878 2656.52
-296.307 -469.422 2756.54
-332.575 398.911 2598.97
-152.584 376.924 2621.03
49.4363 96.1796 2752.92
-105.036 -947.544 2826.4
91.2448 -220.486 2750.22
-105.41 -54.3628 2679.49
-68.1238 -485.974 2748.91
27.4063 354.937 2643.09
-180.176 167.099 2644.51
FRAME: 218
-89.8606 594.679 2566
-532.178 245.648 2579.53
-264.633 -906.401 3043.27
-403.092 414.488 2594.19
-313.583 -19.9676 2667.61
-301.851 -472.742 2789.21
-335.952 403.505 2607.55
-155.624 381.953 2632.66
41.865 100.565 2766.27
-107.279 -943.221 2827.1
80.0095 -211.382 2770.35
-109.699 -42.8171 2693.8
-73.6464 -473.356 2761.12
24.7043 360.401 2657.77
-183.632 175.28 2656.68

