FRAME: 0
0 0 0
0 0 0
0 0 0
0 0 0
0 0 0
0 0 0
0 0 0
0 0 0
0 0 0
0 0 0
0 0 0
0 0 0
0 0 0
0 0 0
0 0 0
FRAME: 1
0 0 0
0 0 0
0 0 0
0 0 0
0 0 0
0 0 0
0 0 0
0 0 0
0 0 0
0 0 0
0 0 0
0 0 0
0 0 0
0 0 0
0 0 0
FRAME: 2
0 0 0
0 0 0
0 0 0
0 0 0
0 0 0
0 0 0
0 0 0
0 0 0
0 0 0
0 0 0
0 0 0
0 0 0
0 0 0
0 0 0
0 0 0
FRAME: 3
0 0 0
0 0 0
0 0 0
0 0 0
0 0 0
0 0 0
0 0 0
0 0 0
0 0 0
0 0 0
0 0 0
0 0 0
0 0 0
0 0 0
0 0 0
FRAME: 4
0 0 0
0 0 0
0 0 0
0 0 0
0 0 0
0 0 0
0 0 0
0 0 0
0 0 0
0 0 0
0 0 0
0 0 0
0 0 0
0 0 0
0 0 0
FRAME: 5
0 0 0
0 0 0
0 0 0
0 0 0
0 0 0
0 0 0
0 0 0
0 0 0
0 0 0
0 0 0
0 0 0
0 0 0
0 0 0
0 0 0
0 0 0
FRAME: 6
0 0 0
0 0 0
0 0 0
0 0 0
0 0 0
0 0 0
0 0 0
0 0 0
0 0 0
0 0 0
0 0 0
0 0 0
0 0 0
0 0 0
0 0 0
FRAME: 7
0 0 0
0 0 0
0 0 0
0 0 0
0 0 0
0 0 0
0 0 0
0 0 0
0 0 0
0 0 0
0 0 0
0 0 0
0 0 0
0 0 0
0 0 0
FRAME: 8
0 0 0
0 0 0
0 0 0
0 0 0
0 0 0
0 0 0
0 0 0
0 0 0
0 0 0
0 0 0
0 0 0
0 0 0
0 0 0
0 0 0
0 0 0
FRAME: 9
0 0 0
0 0 0
0 0 0
0 0 0
0 0 0
0 0 0
0 0 0
0 0 0
0 0 0
0 0 0
0 0 0
0 0 0
0 0 0
0 0 0
0 0 0
FRAME: 10
0 0 0
0 0 0
0 0 0
0 0 0
0 0 0
0 0 0
0 0 0
0 0 0
0 0 0
0 0 0
0 0 0
0 0 0
0 0 0
0 0 0
0 0 0
FRAME: 11
0 0 0
0 0 0
0 0 0
0 0 0
0 0 0
0 0 0
0 0 0
0 0 0
0 0 0
0 0 0
0 0 0
0 0 0
0 0 0
0 0 0
0 0 0
FRAME: 12
0 0 0
0 0 0
0 0 0
0 0 0
0 0 0
0 0 0
0 0 0
0 0 0
0 0 0
0 0 0
0 0 0
0 0 0
0 0 0
0 0 0
0 0 0
FRAME: 13
0 0 0
0 0 0
0 0 0
0 0 0
0 0 0
0 0 0
0 0 0
0 0 0
0 0 0
0 0 0
0 0 0
0 0 0
0 0 0
0 0 0
0 0 0
FRAME: 14
0 0 0
0 0 0
0 0 0
0 0 0
0 0 0
0 0 0
0 0 0
0 0 0
0 0 0
0 0 0
0 0 0
0 0 0
0 0 0
0 0 0
0 0 0
FRAME: 15
0 0 0
0 0 0
0 0 0
0 0 0
0 0 0
0 0 0
0 0 0
0 0 0
0 0 0
0 0 0
0 0 0
0 0 0
0 0 0
0 0 0
0 0 0
FRAME: 16
0 0 0
0 0 0
0 0 0
0 0 0
0 0 0
0 0 0
0 0 0
0 0 0
0 0 0
0 0 0
0 0 0
0 0 0
0 0 0
0 0 0
0 0 0
FRAME: 17
0 0 0
0 0 0
0 0 0
0 0 0
0 0 0
0 0 0
0 0 0
0 0 0
0 0 0
0 0 0
0 0 0
0 0 0
0 0 0
0 0 0
0 0 0
FRAME: 18
0 0 0
0 0 0
0 0 0
0 0 0
0 0 0
0 0 0
0 0 0
0 0 0
0 0 0
0 0 0
0 0 0
0 0 0
0 0 0
0 0 0
0 0 0
FRAME: 19
0 0 0
0 0 0
0 0 0
0 0 0
0 0 0
0 0 0
0 0 0
0 0 0
0 0 0
0 0 0
0 0 0
0 0 0
0 0 0
0 0 0
0 0 0
FRAME: 20
0 0 0
0 0 0
0 0 0
0 0 0
0 0 0
0 0 0
0 0 0
0 0 0
0 0 0
0 0 0
0 0 0
0 0 0
0 0 0
0 0 0
0 0 0
FRAME: 21
0 0 0
0 0 0
0 0 0
0 0 0
0 0 0
0 0 0
0 0 0
0 0 0
0 0 0
0 0 0
0 0 0
0 0 0
0 0 0
0 0 0
0 0 0
FRAME: 22
0 0 0
0 0 0
0 0 0
0 0 0
0 0 0
0 0 0
0 0 0
0 0 0
0 0 0
0 0 0
0 0 0
0 0 0
0 0 0
0 0 0
0 0 0
FRAME: 23
0 0 0
0 0 0
0 0 0
0 0 0
0 0 0
0 0 0
0 0 0
0 0 0
0 0 0
0 0 0
0 0 0
0 0 0
0 0 0
0 0 0
0 0 0
FRAME: 24
0 0 0
0 0 0
0 0 0
0 0 0
0 0 0
0 0 0
0 0 0
0 0 0
0 0 0
0 0 0
0 0 0
0 0 0
0 0 0
0 0 0
0 0 0
FRAME: 25
0 0 0
0 0 0
0 0 0
0 0 0
0 0 0
0 0 0
0 0 0
0 0 0
0 0 0
0 0 0
0 0 0
0 0 0
0 0 0
0 0 0
0 0 0
FRAME: 26
0 0 0
0 0 0
0 0 0
0 0 0
0 0 0
0 0 0
0 0 0
0 0 0
0 0 0
0 0 0
0 0 0
0 0 0
0 0 0
0 0 0
0 0 0
FRAME: 27
0 0 0
0 0 0
0 0 0
0 0 0
0 0 0
0 0 0
0 0 0
0 0 0
0 0 0
0 0 0
0 0 0
0 0 0
0 0 0
0 0 0
0 0 0
FRAME: 28
0 0 0
0 0 0
0 0 0
0 0 0
0 0 0
0 0 0
0 0 0
0 0 0
0 0 0
0 0 0
0 0 0
0 0 0
0 0 0
0 0 0
0 0 0
FRAME: 29
0 0 0
0 0 0
0 0 0
0 0 0
0 0 0
0 0 0
0 0 0
0 0 0
0 0 0
0 0 0
0 0 0
0 0 0
0 0 0
0 0 0
0 0 0
FRAME: 30
0 0 0
0 0 0
0 0 0
0 0 0
0 0 0
0 0 0
0 0 0
0 0 0
0 0 0
0 0 0
0 0 0
0 0 0
0 0 0
0 0 0
0 0 0
FRAME: 31
0 0 0
0 0 0
0 0 0
0 0 0
0 0 0
0 0 0
0 0 0
0 0 0
0 0 0
0 0 0
0 0 0
0 0 0
0 0 0
0 0 0
0 0 0
FRAME: 32
0 0 0
0 0 0
0 0 0
0 0 0
0 0 0
0 0 0
0 0 0
0 0 0
0 0 0
0 0 0
0 0 0
0 0 0
0 0 0
0 0 0
0 0 0
FRAME: 33
0 0 0
0 0 0
0 0 0
0 0 0
0 0 0
0 0 0
0 0 0
0 0 0
0 0 0
0 0 0
0 0 0
0 0 0
0 0 0
0 0 0
0 0 0
FRAME: 34
0 0 0
0 0 0
0 0 0
0 0 0
0 0 0
0 0 0
0 0 0
0 0 0
0 0 0
0 0 0
0 0 0
0 0 0
0 0 0
0 0 0
0 0 0
FRAME: 35
0 0 0
0 0 0
0 0 0
0 0 0
0 0 0
0 0 0
0 0 0
0 0 0
0 0 0
0 0 0
0 0 0
0 0 0
0 0 0
0 0 0
0 0 0
FRAME: 36
0 0 0
0 0 0
0 0 0
0 0 0
0 0 0
0 0 0
0 0 0
0 0 0
0 0 0
0 0 0
0 0 0
0 0 0
0 0 0
0 0 0
0 0 0
FRAME: 37
0 0 0
0 0 0
0 0 0
0 0 0
0 0 0
0 0 0
0 0 0
0 0 0
0 0 0
0 0 0
0 0 0
0 0 0
0 0 0
0 0 0
0 0 0
FRAME: 38
0 0 0
0 0 0
0 0 0
0 0 0
0 0 0
0 0 0
0 0 0
0 0 0
0 0 0
0 0 0
0 0 0
0 0 0
0 0 0
0 0 0
0 0 0
FRAME: 39
0 0 0
0 0 0
0 0 0
0 0 0
0 0 0
0 0 0
0 0 0
0 0 0
0 0 0
0 0 0
0 0 0
0 0 0
0 0 0
0 0 0
0 0 0
FRAME: 40
0 0 0
0 0 0
0 0 0
0 0 0
0 0 0
0 0 0
0 0 0
0 0 0
0 0 0
0 0 0
0 0 0
0 0 0
0 0 0
0 0 0
0 0 0
FRAME: 41
0 0 0
0 0 0
0 0 0
0 0 0
0 0 0
0 0 0
0 0 0
0 0 0
0 0 0
0 0 0
0 0 0
0 0 0
0 0 0
0 0 0
0 0 0
FRAME: 42
0 0 0
0 0 0
0 0 0
0 0 0
0 0 0
0 0 0
0 0 0
0 0 0
0 0 0
0 0 0
0 0 0
0 0 0
0 0 0
0 0 0
0 0 0
FRAME: 43
0 0 0
0 0 0
0 0 0
0 0 0
0 0 0
0 0 0
0 0 0
0 0 0
0 0 0
0 0 0
0 0 0
0 0 0
0 0 0
0 0 0
0 0 0
FRAME: 44
0 0 0
0 0 0
0 0 0
0 0 0
0 0 0
0 0 0
0 0 0
0 0 0
0 0 0
0 0 0
0 0 0
0 0 0
0 0 0
0 0 0
0 0 0
FRAME: 45
0 0 0
0 0 0
0 0 0
0 0 0
0 0 0
0 0 0
0 0 0
0 0 0
0 0 0
0 0 0
0 0 0
0 0 0
0 0 0
0 0 0
0 0 0
FRAME: 46
0 0 0
0 0 0
0 0 0
0 0 0
0 0 0
0 0 0
0 0 0
0 0 0
0 0 0
0 0 0
0 0 0
0 0 0
0 0 0
0 0 0
0 0 0
FRAME: 47
0 0 0
0 0 0
0 0 0
0 0 0
0 0 0
0 0 0
0 0 0
0 0 0
0 0 0
0 0 0
0 0 0
0 0 0
0 0 0
0 0 0
0 0 0
FRAME: 48
0 0 0
0 0 0
0 0 0
0 0 0
0 0 0
0 0 0
0 0 0
0 0 0
0 0 0
0 0 0
0 0 0
0 0 0
0 0 0
0 0 0
0 0 0
FRAME: 49
0 0 0
0 0 0
0 0 0
0 0 0
0 0 0
0 0 0
0 0 0
0 0 0
0 0 0
0 0 0
0 0 0
0 0 0
0 0 0
0 0 0
0 0 0
FRAME: 50
0 0 0
0 0 0
0 0 0
0 0 0
0 0 0
0 0 0
0 0 0
0 0 0
0 0 0
0 0 0
0 0 0
0 0 0
0 0 0
0 0 0
0 0 0
FRAME: 51
0 0 0
0 0 0
0 0 0
0 0 0
0 0 0
0 0 0
0 0 0
0 0 0
0 0 0
0 0 0
0 0 0
0 0 0
0 0 0
0 0 0
0 0 0
FRAME: 52
0 0 0
0 0 0
0 0 0
0 0 0
0 0 0
0 0 0
0 0 0
0 0 0
0 0 0
0 0 0
0 0 0
0 0 0
0 0 0
0 0 0
0 0 0
FRAME: 53
0 0 0
0 0 0
0 0 0
0 0 0
0 0 0
0 0 0
0 0 0
0 0 0
0 0 0
0 0 0
0 0 0
0 0 0
0 0 0
0 0 0
0 0 0
FRAME: 54
0 0 0
0 0 0
0 0 0
0 0 0
0 0 0
0 0 0
0 0 0
0 0 0
0 0 0
0 0 0
0 0 0
0 0 0
0 0 0
0 0 0
0 0 0
FRAME: 55
0 0 0
0 0 0
0 0 0
0 0 0
0 0 0
0 0 0
0 0 0
0 0 0
0 0 0
0 0 0
0 0 0
0 0 0
0 0 0
0 0 0
0 0 0
FRAME: 56
0 0 0
0 0 0
0 0 0
0 0 0
0 0 0
0 0 0
0 0 0
0 0 0
0 0 0
0 0 0
0 0 0
0 0 0
0 0 0
0 0 0
0 0 0
FRAME: 57
0 0 0
0 0 0
0 0 0
0 0 0
0 0 0
0 0 0
0 0 0
0 0 0
0 0 0
0 0 0
0 0 0
0 0 0
0 0 0
0 0 0
0 0 0
FRAME: 58
0 0 0
0 0 0
0 0 0
0 0 0
0 0 0
0 0 0
0 0 0
0 0 0
0 0 0
0 0 0
0 0 0
0 0 0
0 0 0
0 0 0
0 0 0
FRAME: 59
0 0 0
0 0 0
0 0 0
0 0 0
0 0 0
0 0 0
0 0 0
0 0 0
0 0 0
0 0 0
0 0 0
0 0 0
0 0 0
0 0 0
0 0 0
FRAME: 60
0 0 0
0 0 0
0 0 0
0 0 0
0 0 0
0 0 0
0 0 0
0 0 0
0 0 0
0 0 0
0 0 0
0 0 0
0 0 0
0 0 0
0 0 0
FRAME: 61
0 0 0
0 0 0
0 0 0
0 0 0
0 0 0
0 0 0
0 0 0
0 0 0
0 0 0
0 0 0
0 0 0
0 0 0
0 0 0
0 0 0
0 0 0
FRAME: 62
51.3149 300.736 2206.32
-144.535 -208.69 2318.36
-12.9638 -1044.73 2612.74
-111.713 -300.133 2023.64
-18.574 -319.153 2380.21
-74.2257 -703.284 2527.8
-92.8727 43.6857 2315.47
61.4961 44.1925 2296.97
305.501 -188.343 2345.72
83.0876 -978.346 2190.59
195.353 -490.822 2150.94
161.319 -318.562 2358.65
129.786 -663.685 2454
215.865 44.6992 2278.47
66.4342 -137.333 2333.2
FRAME: 63
56.4465 290.659 2158.64
-115.934 -204.605 2214.67
-10.9564 -1015.85 2707.96
-75.5674 -343.568 1918.89
-13.178 -330.716 2344.12
-63.4189 -715.875 2482.6
-86.0805 35.6238 2285.1
69.0174 35.1612 2272.71
305.413 -188.74 2334.13
50.22 -932.543 2394.04
199.942 -482.499 2129.99
161.034 -331.282 2330.1
98.6011 -694.654 2295.89
224.115 34.6985 2260.33
71.4726 -147.919 2304.91
FRAME: 64
62.5901 284.156 2142
-98.3252 -213.973 2166.4
-4.10133 -989.759 2653.98
-37.6909 -367.314 1857.96
-3.96251 -333.884 2302.79
-57.1565 -714.066 2437.56
-83.5351 27.6113 2244.15
70.3274 30.0328 2245.52
305.663 -190.59 2326.25
36.3707 -898.484 2442.89
228.767 -472.384 2133.89
157.066 -331.852 2302.75
102.179 -702.55 2263.59
224.19 32.4542 2246.9
73.4396 -151.418 2274.15
FRAME: 65
69.0167 278.729 2126.19
-77.8296 -222.075 2094.3
-14.8227 -936.151 2588.18
4.93647 -375.933 1821.93
-2.61881 -350.768 2273.14
-41.0327 -732.264 2403.16
-82.7877 19.208 2218.07
69.8232 23.2788 2225.79
302.97 -203.981 2316.27
-42.8434 -858.365 2511.29
222.679 -487.877 2112.31
158.556 -346.481 2281.27
118.755 -727.11 2199.95
222.434 27.3497 2233.52
73.8959 -162.673 2251.5
FRAME: 66
75.6306 269.813 2092.82
-61.8696 -219.408 2012.07
-43.2618 -898.745 2577.95
32.0488 -367.799 1711.9
-9.57904 -355.622 2175.03
-16.5578 -717.318 2313.49
-77.5347 21.5457 2178.94
70.4336 20.5023 2211.43
296.148 -210.556 2333.56
-24.3823 -854.958 2430.61
227.451 -494.591 2126.53
166.594 -358.199 2216.69
117.528 -728.497 2199
218.402 19.459 2243.92
74.4706 -168.204 2203.64
FRAME: 67
78.7794 262.409 2080.96
-62.8416 -212.303 2041.23
-86.0552 -773.684 2432.03
-68.2282 -334.759 1728.1
-21.4091 -337.83 2091.9
-41.4657 -609.858 2141.34
-72.0967 27.5539 2149.58
70.0654 18.9156 2192.14
278.944 -217.83 2318.16
39.1481 -834.492 2344.12
243.404 -495.868 2127.72
169.981 -350.419 2151.32
127.327 -681.608 2100.36
212.227 10.2773 2234.7
72.1757 -162.604 2156.88
FRAME: 68
81.054 262.145 2065.98
-63.2225 -220.012 2007.58
-61.745 -781.961 2350.99
-40.8835 -358.275 1766.44
-11.5993 -338.986 2090.59
-24.733 -626.323 2117.17
-66.1949 17.544 2130.04
69.756 15.1894 2169.25
255.973 -198.401 2297.53
81.8279 -760.385 2156.68
244.637 -487.439 2132.97
174.361 -342.69 2150.41
145.446 -637.92 2031.12
205.707 12.8347 2208.47
75.5685 -162.824 2144.88
FRAME: 69
85.3539 258.711 2056.27
-60.1596 -222.135 1989.46
-62.2448 -677.566 2249.29
-15.4185 -352.86 1804.05
-10.6381 -346.662 2108.3
-29.836 -610.443 2126.16
-61.9771 11.8115 2124.47
72.5727 9.61663 2159.2
252.714 -207.548 2292.53
44.9903 -754.573 2201.8
250.528 -458.716 2107.74
168.602 -350.862 2162.18
146.605 -601.217 1954.85
207.123 7.42171 2193.93
75.7773 -169.573 2147.22
FRAME: 70
89.7994 256.004 2049.58
-60.2115 -223.808 1975.21
-32.1279 -705.871 2160.7
-33.4132 -391.409 1936.95
11.6302 -357.23 2122.71
25.1888 -607.103 1995.25
-60.7662 3.11673 2117.01
74.9851 6.43832 2149.92
256.473 -207.187 2287.38
107.54 -760.768 2142.05
259.851 -459.596 2094.41
166.238 -354.192 2164.1
153.588 -603.434 1922.74
210.736 9.75991 2182.84
81.9597 -174.636 2146.66
FRAME: 71
93.1362 253.907 2045.69
-54.3598 -220.804 2031.06
-25.8813 -656.37 2100.87
-30.8483 -386.147 1934.4
7.9818 -346.871 2137.87
39.7468 -675.717 2097.49
-55.196 2.79017 2136.47
79.2624 4.49211 2151.62
261.094 -210.537 2271.67
69.7234 -753.183 2171.5
261.242 -489.895 2077.66
155.929 -345.848 2153.07
163.828 -575.101 1932.51
213.721 6.19405 2166.77
80.609 -170.934 2148.55
FRAME: 72
95.418 252.196 2044.99
-54.7692 -219.88 2030.68
-34.6994 -729.706 2125.86
2.46826 -347.475 1923.91
2.06784 -342.211 2130.64
35.7126 -669.341 2034.04
-50.8305 1.95206 2129.32
82.2413 0.51484 2147.96
261.043 -215.841 2268.81
62.5489 -760.98 2225.63
263.308 -493.574 2085.11
151.154 -344.546 2151.21
159.421 -668.238 2015.6
215.313 -0.922379 2166.59
79.4261 -171.432 2144.44
FRAME: 73
97.475 251.899 2046.19
-69.2169 -203.54 2025.54
-24.7956 -759.445 2215.73
-26.381 -355.262 1891.21
-0.898756 -341.658 2131.59
40.392 -633.834 1987.75
-48.3237 3.42538 2129.02
84.1732 0.276469 2148.96
262.994 -218.44 2270.82
45.0414 -861.817 2252.92
258.192 -489.235 2091.54
148.48 -345.333 2156.83
154.663 -655.188 2014.76
216.67 -2.87244 2168.91
78.982 -171.609 2146.59
FRAME: 74
101.07 252.887 2052.97
-71.0885 -213.325 2040.7
-41.9319 -816.046 2382.78
-23.0242 -335.252 1883.92
0.0860352 -355.766 2166.03
31.2204 -596.266 1930.73
-48.5293 2.35911 2134.83
83.9195 0.772648 2153.53
263.694 -214.108 2271.27
41.1325 -860.619 2309.54
248.27 -489.426 2089.35
154.696 -357.849 2187.61
145.982 -656.419 2005.16
216.368 -0.813815 2172.23
80.6552 -178.017 2165.18
FRAME: 75
107.06 259.244 2065.92
-68.1059 -225.62 2047.31
-41.7491 -855.026 2409.86
-17.3914 -342.864 1852.5
-1.53232 -358.981 2186.29
33.4421 -615.845 2016.87
-56.125 5.00261 2153.95
81.9182 6.59384 2168.85
269.065 -208.408 2283.27
24.0158 -823.02 2402.34
237.681 -473.456 2089.95
165.096 -357.085 2205.19
124.415 -666.413 2072.55
219.961 8.18507 2183.75
81.85 -175.72 2182.3
FRAME: 76
109.489 270.815 2088.39
-69.8019 -225.238 2073.02
-42.7905 -856.078 2446.69
1.05926 -389.054 1838.48
-12.2212 -354.457 2214.37
3.39848 -689.527 2298.78
-59.5761 16.5497 2169.09
83.1229 15.0678 2190.82
277.712 -207.564 2299.29
-56.5452 -818.129 2467.78
231.842 -470.075 2101.74
161.796 -356.229 2241.41
101.228 -710.388 2153.03
225.822 13.5859 2212.54
78.9552 -170.138 2209.35
FRAME: 77
109.459 281.237 2111.47
-89.1127 -203.646 2158.35
-51.0163 -922.869 2499.72
35.7717 -384.738 1882.64
-30.6203 -328.017 2256.41
-57.2398 -674.265 2373.36
-61.4288 36.6624 2204.58
83.331 30.042 2216.97
276.929 -204.051 2316.85
-56.3886 -802.234 2467.48
218.148 -464.526 2106.99
156.383 -337.092 2270.99
101.491 -676.999 2141.07
228.091 23.4215 2229.35
73.1063 -151.256 2240.33
FRAME: 78
110.178 293.637 2139.16
-96.5441 -190.019 2185.28
-58.8239 -932.822 2520.85
46.9396 -351.782 1944.17
-45.8503 -311.659 2298.94
-58.3037 -685.315 2367.91
-65.4133 51.4183 2246.05
81.7476 40.3434 2244.02
281.35 -196.127 2332.2
-21.2403 -860.563 2443.75
211.195 -443.967 2126.67
159.822 -327.682 2294.09
107.287 -701.019 2239.59
228.908 29.2684 2242
69.3667 -139.664 2270.27
FRAME: 79
101.279 329.464 2226.91
-92.9562 -179.056 2208.14
-59.0463 -932.139 2570.25
18.349 -327.238 1979.13
-40.4342 -295.086 2364.85
-97.9813 -682.731 2466.93
-73.8126 66.6218 2292.8
76.6189 54.0664 2288.36
274.915 -196.195 2354.74
-8.57932 -882.812 2465.29
172.16 -407.138 2154.48
140.402 -310.444 2358.36
105.558 -698.079 2260.13
227.051 41.5111 2283.91
63.3013 -124.349 2324.98
FRAME: 80
95.4185 353.993 2285.64
-98.6054 -148.811 2297.94
-24.3669 -973.151 2668.77
20.2482 -306.98 2101.51
-32.8052 -283.301 2426.56
-95.3254 -683.994 2527.22
-89.5679 101.877 2405.86
60.0579 96.0164 2388.29
267.868 -165.25 2437.44
62.0252 -953.16 2452.09
162.602 -337.49 2256.44
129.546 -289.756 2407.2
96.1601 -678.577 2309.16
209.684 90.1561 2370.73
54.2142 -95.2561 2402.59
FRAME: 81
88.3747 366.423 2317.57
-94.1571 -129.551 2348.14
-11.2773 -980.87 2704.9
25.4827 -304.938 2174.78
-37.8253 -271.211 2463.74
-96.0394 -662.206 2559.52
-90.8728 113.507 2443.7
57.935 106.678 2422.76
265.989 -160.844 2452.98
73.0824 -959.446 2441.15
144.104 -301.213 2272.56
126.075 -278.673 2440.52
97.6486 -670.903 2348.48
206.743 99.8499 2401.83
51.0299 -84.1318 2437.45
FRAME: 82
78.0543 379.936 2362.75
-98.6181 -121.477 2386.91
-0.102309 -969.616 2791.85
20.2372 -300.435 2208.84
-42.0228 -254.978 2510.21
-94.5977 -648.472 2613.25
-97.2093 129.032 2473.49
53.2889 121.164 2455.1
269.487 -139.821 2496.42
66.6913 -971.202 2440.68
88.7952 -310.899 2291.95
120.441 -263.634 2489.96
85.7558 -660.238 2380.94
203.787 113.296 2436.71
46.249 -69.0709 2477.59
FRAME: 83
69.5707 398.763 2402.24
-101.438 -110.351 2419.75
9.64788 -980.297 2870.34
40.8921 -272.244 2190.65
-43.9396 -241.481 2554.48
-95.0174 -651.782 2651.08
-105.485 148.225 2509.55
46.2871 140.581 2494.05
264.941 -121.384 2536.99
81.1736 -996.197 2385.78
115.66 -274.02 2307
107.349 -249.114 2537.95
94.4322 -665.343 2409.82
198.06 132.938 2478.56
38.9958 -52.358 2520.14
FRAME: 84
60.4555 414.135 2451.49
-103.765 -105.144 2464.06
-0.952809 -965.008 2923.91
54.4618 -251.316 2180.06
-46.0399 -233.538 2584.04
-96.5308 -629.112 2704.47
-111.162 153.033 2547.07
44.0414 147.871 2537.61
257.624 -109.994 2604.62
87.3815 -1003.71 2393.75
89.08 -244.252 2343.66
113.257 -238.649 2573.98
94.1282 -639.603 2451.62
199.245 142.709 2528.15
38.8249 -44.111 2558.31
FRAME: 85
56.0279 423.399 2471.49
-117.952 -102.524 2534.47
-2.44354 -957.212 2942.74
71.7412 -225.366 2197.87
-50.0317 -223.769 2612.09
-95.2088 -615.158 2733.42
-113.741 163.407 2572.97
42.2215 156.439 2561.23
255.433 -104.506 2622.55
92.3818 -1011.88 2426.35
94.4711 -236.427 2356.5
107.183 -230.668 2599.84
87.0863 -633.655 2486.02
198.184 149.47 2549.48
35.3985 -35.3899 2583.59
FRAME: 86
54.8845 434.304 2494.48
-147.943 -69.0204 2605.26
-1.77448 -961.014 2951.59
0.62695 -163.92 2390.93
-50.034 -212.375 2634.56
-91.6779 -605.419 2759.92
-113.927 185.735 2614.45
40.7186 179.521 2593.16
251.504 -79.6498 2635.91
101.248 -1019.73 2445.14
102.999 -229.737 2367.1
107.749 -218.562 2612.37
92.2597 -627.07 2511.77
195.365 173.306 2571.88
34.7881 -17.9738 2608.31
FRAME: 87
54.6263 448.861 2526.8
-152.062 -63.0245 2671.95
3.8838 -977.474 2965.34
3.25472 -101.617 2446.57
-54.7051 -212.019 2662.93
-87.2063 -612.79 2775
-115.839 194.048 2642.71
35.5285 188.446 2614.72
255.952 -58.4163 2652.68
102.803 -1034.64 2538.75
107.732 -226.1 2365.94
108.538 -218.091 2632.3
94.4069 -643.586 2546.47
186.896 182.845 2586.72
31.2224 -13.3042 2631.17
FRAME: 88
52.6953 465.813 2563.16
-151.799 -46.7278 2691.48
6.21069 -983.75 2990.95
14.1884 -152.438 2478.82
-57.2414 -201.55 2711.03
-77.8898 -617.049 2817.27
-119.805 216.468 2678.9
32.665 210.753 2653.16
258.16 -27.0608 2680.03
111.026 -1037.94 2660.74
117.424 -186.436 2381.42
107.382 -207.732 2682.87
99.9792 -640.027 2584.7
185.135 205.038 2627.42
28.8676 3.05597 2675.05
FRAME: 89
48.3738 480.078 2592.12
-155.704 -24.3866 2731.46
1.89516 -981.903 2998.92
43.9129 -182.481 2494.38
-55.1549 -193.367 2736.93
-75.5129 -617.429 2835.85
-122.149 226.981 2701.11
31.1986 223.656 2680.06
250.311 -5.86466 2720.27
115.501 -1034.82 2693.27
99.0456 -203.806 2441.88
111.178 -196.974 2713.65
107.695 -630.186 2627.05
184.547 220.33 2659.02
29.6052 14.2427 2702.68
FRAME: 90
45.6123 485.592 2610.08
-151.227 -22.8908 2749.53
0.0806014 -978.114 3012.82
50.8421 -163.899 2508.11
-53.9102 -183.398 2764.47
-74.4785 -611.812 2853.54
-125.977 234.553 2719.63
28.2353 232.777 2704.11
242.856 5.72834 2765.1
114.504 -1032.05 2746.82
88.6794 -198.547 2489.46
110.651 -185.333 2747.69
111.792 -621.08 2665.63
182.447 231.001 2688.6
28.3028 24.2058 2730.1
FRAME: 91
47.751 503.432 2638.32
-154.358 -9.10533 2767.44
1.84545 -980.834 3024.84
43.9292 -153.659 2536.91
-54.0744 -170.425 2786.06
-69.6118 -602.302 2872.56
-128.698 244.117 2737.26
27.4124 242.21 2723.72
251.22 15.9367 2799.35
117.768 -1025.51 2807.97
74.2866 -194.06 2520.88
108.318 -172.406 2771.96
114.469 -607.501 2696.75
183.523 240.303 2710.18
27.2671 35.3972 2751.36
FRAME: 92
49.578 510.72 2648.99
-146.949 -10.5334 2780.13
0.476401 -974.461 3025.9
52.6622 -153.696 2551.21
-59.7274 -160.196 2809.89
-66.9483 -594.887 2882.83
-129.102 251.801 2756.94
29.7404 248.08 2742.67
228.839 24.6964 2833.25
130.224 -1019.33 2865.31
67.7575 -179.886 2566.93
110.344 -164.177 2794.64
118.785 -597.892 2721.02
188.583 244.359 2728.4
27.5244 42.9467 2772.47
FRAME: 93
52.1957 520.439 2667.71
-149.393 0.413993 2798.38
0.999054 -977.756 3032.38
53.1234 -135.71 2578.86
-63.5549 -157.266 2835.79
-64.3544 -593.068 2892.45
-129.337 260.327 2771.96
30.1911 256.335 2757.31
226.192 18.2838 2835.04
135.907 -1016.53 2897.55
69.9308 -174.183 2576.25
115.538 -161.778 2819.24
125.999 -595.772 2756.79
189.719 252.344 2742.66
28.0914 48.4066 2792.41
FRAME: 94
59.2418 531.06 2696.6
-143.049 6.21397 2823.91
1.49926 -982.046 3041.36
59.2543 -145.555 2616.84
-61.6427 -156.702 2862.14
-59.877 -597.725 2913.91
-125.114 267.966 2796.37
35.1044 263.436 2779.99
226.278 18.1383 2843.71
157.611 -1014.91 2976.91
74.014 -155.053 2600.19
122.723 -161.926 2843.24
129.994 -602.702 2811.89
195.323 258.906 2763.61
32.8223 52.061 2816.34
FRAME: 95
65.3694 539.537 2716.23
-134.423 4.54401 2831.94
1.52797 -986.287 3053.9
65.0173 -137.709 2637.32
-54.5542 -158.163 2881.33
-52.6143 -601.784 2931.49
-121.373 275.387 2817.19
41.0595 272.116 2803.35
223.305 22.1987 2856.13
165.462 -1009.48 3024.38
84.1377 -133.49 2618.34
131.287 -161.909 2865.44
145.185 -602.159 2885.36
203.492 268.844 2789.5
39.713 56.0399 2838.37
FRAME: 96
72.1883 544.861 2732.23
-129.403 13.6919 2853.78
0.809695 -993.146 3069.79
69.6416 -148.516 2669.29
-48.9292 -156.444 2896.53
-47.4735 -604.425 2946.67
-116.399 280.498 2829.74
46.4496 277.645 2818.49
219.757 21.6845 2868.84
168.239 -1011.02 3053.34
89.5549 -132.052 2623.54
136.493 -159.703 2883.7
150.645 -604.893 2906.68
209.298 274.792 2807.23
45.1157 59.7859 2854.3
FRAME: 97
79.475 547.817 2747.13
-130.058 17.9532 2861.03
1.17895 -999.769 3083.06
69.3614 -161.561 2666.44
-45.5316 -154.95 2908.08
-43.5052 -606.436 2959.86
-112.852 282.008 2834.25
50.5935 279.276 2826.43
217.871 17.6306 2883.64
169.357 -1012.31 3070.18
94.2985 -129.743 2626.04
139.597 -158.056 2899.24
156.409 -606.23 2930.52
214.039 276.543 2818.62
48.8132 61.3863 2865.05
FRAME: 98
83.5859 548.069 2755.93
-129.521 22.442 2865.95
2.52261 -1006.17 3093.96
80.0578 -118.974 2643.89
-41.1831 -150.246 2919.05
-38.3825 -607.122 2972.45
-107.191 285.888 2836.85
54.9815 282.969 2831.62
225.533 22.1078 2895.26
169.875 -1014.92 3083.97
102.927 -136.289 2648.35
141.066 -153.532 2913.16
161.79 -606.519 2948.44
217.154 280.051 2826.39
52.4614 65.5401 2873.86
FRAME: 99
87.7224 548.853 2763.06
-117.775 23.3402 2869.42
3.69154 -1006.59 3095.12
92.8491 -128.419 2678.94
-38.8605 -144.092 2932.43
-36.0351 -605.294 2975.97
-103.758 288.137 2842.62
58.7614 284.86 2838.83
227.779 21.4569 2898.1
170.313 -1011.69 3096.35
107.008 -130.732 2647.79
143.375 -147.765 2928.19
164.659 -600.692 2962.41
221.281 281.582 2835.05
55.5094 69.4655 2884.57
FRAME: 100
91.3848 550.014 2768.79
-115.206 23.7415 2862.05
3.75808 -1006.29 3099.79
98.7146 -127.841 2669.88
-37.927 -141.462 2939.73
-33.8011 -604.616 2979.8
-99.5824 290.134 2848.27
62.779 286.52 2845.62
245.342 40.1509 2916.15
170.073 -1014.75 3104.35
116.445 -112.879 2657.92
147.567 -145.585 2936.67
167.389 -598.964 2975.04
225.141 282.905 2842.96
58.7994 71.4979 2891.91
FRAME: 101
105.087 556.455 2778.83
-100.873 18.9847 2870.63
5.87575 -1005.36 3104.46
103.807 -126.761 2678.66
-30.782 -137.591 2951.78
-29.1673 -602.105 2983.9
-92.5605 292.882 2859.8
69.9897 289.01 2855.6
250.058 37.8618 2923.44
169.812 -1015.13 3114.52
121.203 -108.699 2676.12
155.352 -141.992 2946.93
170.15 -595.577 2991.26
232.54 285.137 2851.41
66.1374 74.6091 2902.48
FRAME: 102
117.259 556.829 2788.88
-94.9775 18.2931 2878.05
8.42105 -1003.99 3106.96
101.699 -112.789 2690.53
-24.1005 -134.62 2962.19
-23.0682 -595.84 2989
-84.3291 296.501 2870.35
78.6629 291.814 2865.67
256.177 37.1185 2936.43
170.241 -1016.42 3124.65
122.861 -98.0509 2689.31
162.31 -139.946 2956.91
173.745 -594.113 3006.83
241.655 287.127 2860.99
73.8837 77.2653 2912.61
FRAME: 103
124.609 557.524 2798.71
-94.5648 23.2346 2887.75
10.4478 -999.277 3108.36
102.612 -107.827 2700.84
-19.8666 -131.665 2971.05
-21.0574 -592.083 2990.01
-76.1708 301.115 2880.69
86.8783 294.558 2875.05
256.786 36.8407 2935.65
170.757 -1019.67 3131.69
130.583 -93.4469 2683.38
165.449 -139.097 2964.69
176.677 -595.284 3018.36
249.927 288.002 2869.41
79.8348 79.5884 2921.46
FRAME: 104
129.253 559.244 2807.08
-90.4993 29.6474 2898.12
12.4205 -1000.13 3112.03
101.459 -107.605 2718
-16.6947 -130.795 2976.55
-17.942 -591.736 2995.78
-72.0867 302.869 2887.57
91.5118 295.821 2882.16
257.802 36.6938 2933.61
171.426 -1022.55 3136.96
130.837 -64.295 2679.11
168.631 -138.766 2970.47
179.482 -599.36 3026.05
255.11 288.772 2876.75
83.74 80.5198 2927.83
FRAME: 105
131.801 560.215 2815.08
-87.793 28.7451 2905.83
13.562 -1002.31 3114.77
101.216 -94.5662 2695.95
-13.3171 -132.374 2982.39
-15.2059 -594.781 2999.67
-68.1789 303.993 2892.49
94.2386 296.603 2885.76
248.343 33.9074 2928.54
171.964 -1023.52 3142.67
114.493 -66.5557 2674.25
169.973 -140.712 2974.82
181.255 -600.445 3030.48
256.656 289.213 2879.03
86.2833 80.03 2932.19
FRAME: 106
132.706 560.185 2823.79
-88.1548 29.8372 2909.21
14.6809 -1006.5 3117.58
108.995 -73.4751 2693.52
-10.4485 -131.891 2986.34
-14.1674 -595.889 3004.48
-65.9285 306.411 2901.48
94.9525 298.702 2891.07
252.983 36.5784 2924.66
172.64 -1022.08 3141.79
103.729 -63.3455 2667.68
170.021 -140.515 2974.74
181.767 -599.407 3029.21
255.833 290.993 2880.65
87.3693 81.2497 2935.8
FRAME: 107
133.563 561.087 2831.03
-86.9606 32.0773 2900.54
15.3014 -1007.19 3120.06
99.7681 -41.7012 2675.12
-8.32598 -132.638 2988.04
-13.0218 -597.488 3008.86
-65.6999 305.656 2906.45
94.7721 298.548 2894.58
248.598 35.8111 2916.38
173.337 -1023.16 3141.25
91.1089 -52.6826 2668.94
171.977 -140.622 2974.75
182.803 -600.453 3028.5
255.244 291.44 2882.7
88.2989 80.9589 2937.99
FRAME: 108
133.926 563.05 2836.98
-93.0866 36.4078 2892.86
15.5853 -1009.05 3120.28
64.2837 1.37729 2638.01
-6.90664 -130.823 2991.85
-12.2398 -595.583 3007.92
-63.7908 306.422 2913.83
96.4657 298.32 2897.43
252.174 22.4587 2887.19
173.75 -1021.71 3141.56
69.3546 22.78 2631.56
173.367 -139.945 2973.45
184.566 -599.885 3027.86
256.722 290.218 2881.03
89.8479 81.468 2940.04
FRAME: 109
132.395 567.325 2843.7
-108.63 49.9463 2881.84
16.8964 -1010.82 3118.74
-4.79957 71.5238 2578.44
-5.66334 -126.462 2995.69
-12.1658 -592.596 3003.9
-60.9655 309.516 2927.21
98.0191 300.563 2904.1
254.088 25.8641 2848.88
173.444 -1017.41 3142.03
34.5218 29.2844 2640.69
175.559 -136.673 2969.38
185.055 -596.475 3026.12
257.004 291.61 2880.99
91.4835 84.4976 2943.32
FRAME: 110
130.776 567.757 2845.82
-118.736 68.9118 2880.56
20.289 -1000.97 3110.56
-36.0401 114.573 2554.55
-4.61944 -119.715 2992.64
-13.3176 -578.378 2992.96
-58.7466 313.414 2938.26
99.2823 304.155 2907.81
244.945 31.6272 2798.61
173.579 -1015.95 3141.69
4.15454 46.9697 2608.5
178.523 -130.437 2957.36
185.494 -593.878 3023
257.311 294.895 2877.36
93.1171 89.5394 2941.4
FRAME: 111
127.841 565.802 2848.97
-130.743 79.6455 2869.59
21.9623 -993.306 3106.62
-84.59 162.32 2544.04
-5.14883 -120.419 2990.19
-12.7942 -572.248 2990.03
-60.9501 309.822 2942.35
97.2182 300.89 2908.17
232.341 29.7514 2766.56
171.971 -1015.27 3134.87
11.3597 52.2803 2604.05
178.447 -130.746 2950.5
184.657 -592.476 3015.38
255.386 291.958 2873.98
91.9337 87.6538 2939.26
FRAME: 112
125.48 565.904 2848.34
-164.829 101.36 2856.76
24.3914 -997.623 3105.47
-107.43 147.548 2545.21
-3.89323 -114.933 2979.34
-12.4232 -573.572 2989.98
-63.7937 311.434 2943.26
96.2202 303.256 2905.99
223.478 34.9454 2753.95
170.083 -1014.3 3123.96
17.7111 57.8905 2584.77
177.813 -124.216 2937.01
180.354 -588.68 2991.76
256.234 295.079 2868.72
91.5901 91.8408 2932.08
FRAME: 113
118.063 563.343 2852.67
-190.719 109.956 2862.54
23.9921 -997.129 3100.22
-85.1981 92.7724 2538.96
-4.85558 -114.636 2975.68
-13.2668 -572.377 2983.29
-63.7642 313.54 2949.48
92.9974 305.531 2908.27
229.03 44.1668 2746.98
168.824 -1016.35 3117.92
0.168239 70.9815 2567.93
171.004 -123.648 2929.45
173.569 -590.802 2977.46
249.759 297.522 2867.06
88.0357 93.1943 2930.42
FRAME: 114
102.675 560.91 2855.69
-241.761 128.064 2885.15
26.1919 -1005.96 3101.92
-193.242 234.847 2611.74
-8.32329 -117.911 2972.63
-14.8479 -584.841 2981.98
-65.9077 315.057 2949.41
86.2132 307.866 2903.87
238.721 50.7995 2747.94
166.827 -1018.92 3107.35
-17.2985 69.2331 2532.35
165.861 -126.139 2920.38
167.638 -594.121 2950.61
238.334 300.676 2858.33
82.4911 92.9208 2925.19
FRAME: 115
87.4592 556.347 2854.83
-266.764 145.315 2897.7
26.3566 -1006.8 3099.67
-264.983 266.945 2624.27
-13.7532 -120.212 2964.84
-17.8438 -587.481 2979.28
-66.6817 314.965 2950.1
80.2642 307.935 2901.94
245.32 55.4541 2746.35
167.585 -1020.36 3093.15
-19.1658 63.1747 2509.13
155.925 -128.356 2909.22
161.485 -597.434 2928.11
227.21 300.906 2853.79
75.675 91.8257 2919.49
FRAME: 116
79.9395 554.21 2853.55
-294.85 153.059 2905.43
28.3783 -1004.14 3096.92
-341.492 296.564 2641.44
-20.4059 -123.191 2958.85
-22.7758 -593.302 2978.85
-69.3683 312.136 2946.47
74.9683 305.376 2896.65
249.835 60.2159 2743.94
168.54 -1023.92 3077.06
-16.7749 47.5496 2497.76
152.267 -131.318 2899.35
155.479 -604.079 2895.3
219.305 298.615 2846.83
70.4495 89.0607 2912.88
FRAME: 117
66.9378 554.232 2847.03
-321.004 149.115 2921.97
28.5646 -1001.6 3093.05
-444.496 290.77 2706.95
-25.8603 -129.579 2949.52
-34.5832 -601.227 2972.98
-73.809 305.912 2944.27
69.345 300.042 2888.99
256.231 61.5377 2724.31
153.041 -1021.97 3028.27
27.5296 0.164731 2446.78
149.751 -136.815 2881.71
145.148 -608.393 2854.21
212.499 294.171 2833.72
65.6452 83.4225 2902.3
FRAME: 118
54.6905 551.295 2839.16
-332.975 144.595 2935.95
27.4419 -1002.91 3082.19
-476.315 284.871 2736.09
-30.2273 -138.901 2943.04
-45.463 -604.669 2957.5
-82.3697 293.132 2941.45
58.5657 288.179 2873.62
265.491 49.6371 2700.51
149.856 -1049.77 2962.08
57.9796 -29.7883 2421.3
144.597 -145.057 2858.95
140.785 -617 2818.06
199.501 283.227 2805.78
57.8753 73.1 2887.31
FRAME: 119
41.6488 547.658 2826.42
-335.013 137.295 2953.48
25.859 -1004.99 3077.03
-510.857 269.731 2762.84
-34.6498 -146.721 2933.08
-53.5956 -606.188 2943.46
-85.883 288.229 2938.22
52.403 284.939 2863.41
275.303 45.8911 2694.54
132.119 -1063.89 2901.69
97.793 -59.6679 2410.6
142.956 -150.928 2836.9
133.099 -617.061 2782.53
190.689 281.649 2788.6
53.2779 68.0574 2874.2
FRAME: 120
30.8463 538.518 2810.38
-338.133 127.457 2968.76
23.7574 -1010.75 3070.2
-528.422 263.034 2776.25
-38.5603 -153.419 2909.53
-59.8783 -613.903 2930.01
-88.0039 277.54 2933.74
48.8545 277.45 2853.03
278.106 41.0972 2686.52
131.02 -1055.96 2836.64
129.772 -91.4941 2391.04
139.813 -153.476 2804.11
130.692 -606.079 2742.06
185.713 277.36 2772.32
49.7405 62.0013 2854.92
FRAME: 121
19.9382 532.501 2792.6
-334.388 112.108 2980.33
21.6233 -1003.67 3047.34
-558.087 223.065 2813.63
-37.0166 -160.809 2889.71
-59.4672 -613.063 2913.76
-94.7075 269.62 2925.28
43.5213 272.889 2842.24
283.805 38.8174 2674.48
132.392 -1050.27 2790.52
175.125 -121.194 2378.85
138.542 -156.667 2784.16
127.614 -610.811 2701.84
181.75 276.158 2759.21
47.1418 57.0756 2839.59
FRAME: 122
12.5655 525.546 2779.18
-329.346 98.3397 2985.77
14.2322 -1002.66 3031.68
-577.105 194.719 2848.33
-37.0843 -162.936 2875.4
-64.2971 -614.697 2899.64
-98.7958 260.442 2909.16
38.5972 265.077 2821.69
289.202 32.0324 2654.53
134.661 -1032.62 2741.54
213.139 -147.051 2370.51
139.565 -156.964 2762.94
128.588 -604.054 2677.29
175.99 269.711 2734.22
44.9187 52.5633 2820.43
FRAME: 123
-9.38864 508.632 2751.02
-319.184 67.2329 2970.63
9.60682 -997.339 3012.67
-590.361 126.611 2888.43
-32.7878 -169.792 2851.97
-65.9766 -622.066 2868.59
-105.118 244.581 2875.4
32.5294 250.432 2788.24
293.817 21.3644 2644.58
132.905 -1034.44 2687.22
250.5 -176.64 2395.35
143.053 -162.299 2740.56
128.006 -603.174 2646.09
170.177 256.283 2701.07
43.8311 42.1933 2792.25
FRAME: 124
-27.5983 486.126 2719.63
-310.715 45.5566 2955.1
7.13756 -995.775 2999.65
-606.256 87.5604 2888.1
-33.5286 -177.963 2824.79
-67.4606 -625.637 2845.29
-109.975 227.912 2841.61
28.7593 233.326 2755.78
308.56 3.5594 2627.68
129.217 -1045.98 2650.95
283.186 -214.75 2380.29
140.983 -171.157 2716.64
123.346 -608.828 2616.3
167.494 238.74 2669.95
41.2433 29.3828 2763.25
FRAME: 125
-33.0858 475.251 2701.4
-297.673 23.2609 2934.34
10.158 -990.603 2996.32
-622.666 32.3588 2876.34
-37.2102 -193.78 2795.42
-72.8485 -631.995 2825.46
-112.7 213.834 2813.42
27.9968 219.112 2726.46
311.395 -4.42706 2615.11
126.023 -1049.79 2649.39
296.801 -222.606 2380.91
141.01 -187.109 2685.17
124.17 -620.652 2588.62
168.693 224.391 2639.5
39.9484 14.334 2733.38
FRAME: 126
-36.3183 453.865 2674.93
-294.461 -3.74988 2911.64
6.06088 -1007.45 2986.99
-616.746 -11.3425 2866.87
-39.7507 -211.281 2774
-80.9342 -648.038 2810.38
-116.101 196.733 2789.34
22.0189 202.756 2699.41
312.95 -10.3444 2601.26
121.963 -1042.3 2599.39
308.92 -246.364 2361.13
140.334 -203.46 2656.57
121.795 -630.872 2565.65
160.138 208.778 2609.47
36.1553 -2.30756 2707.35
FRAME: 127
-44.4279 427.263 2614.29
-270.242 -68.7477 2816.01
11.6729 -1024.05 2974.26
-609.908 -121.216 2780.9
-42.3466 -233.43 2726.09
-92.3284 -670.262 2782.69
-118.403 172.031 2735.85
18.5489 178.923 2653.1
308.125 -25.6025 2574.27
121.443 -1038.9 2577.82
311.666 -270.896 2332.01
141.409 -224.285 2615.04
119.626 -647.334 2544.95
155.5 185.815 2570.35
34.04 -24.9673 2661.83
FRAME: 128
-48.47 412.224 2578.14
-269.759 -91.2881 2779.03
22.3001 -1046.59 2967.59
-600.033 -172.434 2734.69
-39.2232 -250.94 2687.29
-96.7435 -690.797 2757.45
-126.438 145.41 2685.58
12.5194 155.299 2610.65
304.839 -41.4803 2544.99
119.252 -1035.79 2571.5
305.7 -293.019 2298.45
148.841 -237.64 2585.96
115.035 -662.083 2521.65
151.477 165.188 2535.72
33.6641 -44.4957 2623.64
FRAME: 129
-47.0932 389.387 2539.91
-267.295 -107.161 2735.81
7.19202 -1041.02 2933.9
-593.877 -215.825 2659.87
-40.1273 -266.041 2653.58
-101.243 -700.968 2710.1
-127.719 128.26 2641.45
12.4492 137.003 2569.5
303.476 -63.515 2512.37
114.516 -1031.05 2522.82
293.339 -317.051 2261.64
150.129 -254.266 2555.88
116.703 -683.005 2490.37
152.618 145.745 2497.54
33.7251 -61.5754 2587.11
FRAME: 130
-44.2202 378.246 2499.32
-256.993 -136.664 2677.68
2.8659 -1037.62 2904.61
-572.783 -258.836 2586.26
-37.0308 -281.664 2616.06
-100.798 -709.485 2653.4
-133.486 111.125 2597.95
10.1973 121.349 2528.12
302.213 -73.321 2489.96
113.545 -1037.86 2523.21
288.684 -327.355 2241.53
153.712 -268.119 2523.55
119.873 -694.457 2458.17
153.881 131.572 2458.28
34.2688 -76.7714 2548.96
FRAME: 131
-33.7429 363.696 2456.31
-244.518 -158.513 2614.84
20.7208 -1073.7 2845.68
-556.67 -301.61 2496.22
-37.1964 -294.729 2581.7
-98.345 -721.939 2637.11
-133.119 100.765 2555.68
11.9996 109.49 2485.87
299.301 -87.6601 2455.98
114.317 -1045.58 2509.23
279.984 -336.645 2212.43
156.492 -283.137 2488.53
121.739 -700.642 2456.33
157.118 118.216 2416.07
35.8238 -89.7213 2510.49
FRAME: 132
-29.1602 352.971 2416.55
-235.713 -174.706 2572.67
28.0049 -1079.87 2840.35
-525.217 -339.255 2406.75
-36.3924 -300.461 2548.03
-96.4153 -731.013 2612.15
-128.892 90.9027 2513.15
14.9358 98.0918 2449.66
300.512 -103.297 2422.93
117.58 -1059.63 2507.54
269.921 -357.374 2188.8
154.469 -290.862 2463.63
119.034 -709.042 2441.01
158.763 105.281 2386.18
36.9871 -98.785 2477.75
FRAME: 133
-21.5587 329.868 2317.79
-235.327 -197.445 2459.62
25.7123 -1088.23 2816.78
-448.963 -396.578 2236.71
-41.5082 -316.242 2493.42
-91.6495 -748.437 2576.9
-134.336 76.2617 2447.57
12.8566 83.5839 2393.94
299.381 -117.351 2376.21
117.34 -1075.36 2494.38
257.181 -381.08 2145.61
151.978 -306.71 2422.94
117.069 -721.712 2401.01
160.049 90.9062 2340.31
34.0458 -113.946 2426.06
FRAME: 134
-15.5124 315.199 2256.71
-227.46 -206.478 2420.3
18.9306 -1092.94 2797.69
-348.212 -429.667 2129.17
-41.3248 -330.38 2430.39
-87.001 -757.665 2518.62
-145.769 53.0072 2383.96
11.9642 60.556 2329.96
297.885 -133.622 2345.54
119.168 -1086.11 2481.54
251.53 -394.091 2127.86
149.29 -321.63 2364.72
113.675 -730.098 2386.96
169.698 68.1048 2275.96
32.9734 -132.725 2363.76
FRAME: 135
-12.886 307.074 2226.66
-212.852 -217.508 2346.43
17.5276 -1099.07 2768.19
-299.946 -445.027 2027.1
-43.1651 -341.09 2392.84
-88.1931 -763.561 2487.33
-145.463 48.0758 2353.01
12.5206 55.5427 2304.18
293.593 -147.381 2324.62
119.799 -1102.74 2469.92
250.023 -410.013 2112.68
142.729 -332.391 2335.13
116.551 -736.185 2366.51
170.504 63.0097 2255.35
31.1514 -140.599 2334.08
FRAME: 136
-8.61305 300.773 2200.01
-201.601 -220.698 2314.99
13.5356 -1098.06 2738.88
-223.172 -415.894 1947.92
-52.1283 -347.104 2361.31
-79.2631 -771.04 2456.49
-141.323 45.6317 2316.14
15.2779 50.7364 2277.3
291.881 -155.512 2313.6
117.144 -1120.26 2449.92
256.444 -415.035 2108.66
138.67 -340.91 2313.92
112.291 -752.169 2328.52
171.879 55.8411 2238.45
29.2744 -146.635 2307.46
FRAME: 137
-4.09429 295.911 2173.76
-169.279 -227.577 2232.49
14.4174 -1103.86 2714.5
-170.478 -410.845 1906.84
-50.5942 -352.832 2335.23
-74.9339 -776.941 2439.81
-138.545 36.8647 2288.56
15.9826 42.0928 2252.31
286.61 -165.106 2296.23
122.255 -1116.55 2448.38
252.45 -439.348 2097.31
138.284 -346.504 2290.72
108.983 -759.059 2303.35
170.511 47.3208 2216.07
29.9137 -153.788 2282.65
FRAME: 138
1.26626 289.472 2142.89
-160.963 -220.861 2201.86
11.2237 -1115.19 2675.79
-109.484 -404.941 1851.73
-47.7575 -358.604 2303.79
-58.7504 -786.122 2400.23
-136.602 31.0129 2252.82
17.3849 37.4825 2227.37
280.122 -169.137 2284.62
121.538 -1107.53 2426.23
253.951 -441.537 2093.63
135.78 -350.9 2273.46
92.1518 -772.071 2217.29
171.372 43.9522 2201.93
30.6981 -158.635 2258
FRAME: 139
5.14011 282.034 2118.62
-153.854 -221.836 2178.43
13.4158 -1121.45 2650.13
-77.2514 -398.431 1878.33
-30.0158 -356.211 2273.62
-48.4995 -783.333 2355.1
-131.66 24.1219 2219.97
20.3371 33.387 2202
275.22 -169.203 2277.48
103.167 -1077.48 2447.37
263.926 -444.635 2096
133.817 -346.461 2254.37
92.5313 -768.497 2200.85
172.335 42.6521 2184.03
36.1187 -158.975 2233
FRAME: 140
9.91773 274.15 2084.5
-151.188 -221.284 2156.41
4.34144 -1076.77 2572.85
-49.5131 -383.39 1892.44
-31.6252 -359.911 2241.38
-46.8412 -761.67 2258.74
-130.467 22.6778 2188.58
19.5144 31.7791 2175.3
262.576 -166.176 2267.58
117.452 -1119.96 2355.02
266.441 -449.987 2094.19
130.92 -350.251 2227.2
92.9743 -766.26 2159.39
169.496 40.8805 2162.03
34.5809 -161.651 2204.79
FRAME: 141
16.6893 267.352 2057.99
-123.278 -224.981 2081.29
5.81824 -995.042 2433.36
-51.1552 -391.359 1906.65
-39.8443 -370.268 2182.31
-43.9005 -701.748 2113.04
-123.854 16.1109 2137.4
20.5098 24.3272 2147.84
238.801 -169.215 2260.75
117.545 -1109.32 2293.49
270.81 -454.548 2104.47
125.674 -361.017 2194.35
99.8793 -769.761 2118.16
164.874 32.5435 2158.28
31.7122 -170.658 2168.09
FRAME: 142
22.4133 265.132 2042.09
-128.151 -214.283 2036.32
-14.9587 -908.508 2356.78
-39.1515 -383.954 1866.45
-41.7664 -373.622 2155.57
-21.527 -724.691 2118.63
-122.276 15.1831 2119.28
21.4941 22.3018 2130.2
230.314 -169.448 2242.24
112.024 -1134.89 2287.01
278.272 -460.031 2093.77
118.553 -365.838 2168.22
102.607 -796.238 2104.94
165.264 29.4205 2141.12
29.9438 -173.714 2146.05
FRAME: 143
26.4566 263.579 2029.97
-128.248 -211.26 2019.94
-27.6399 -740.639 2226.78
-17.8562 -357.198 1811.43
-36.2931 -370.789 2143.32
-2.29621 -707.495 2097.15
-119.225 13.4904 2108.1
22.1383 21.5696 2121.83
227.612 -169.003 2239.59
116.292 -1064.28 2265.92
278.401 -460.748 2119.8
118.035 -362.345 2158.22
100.691 -740.237 2082.21
163.502 29.6487 2135.56
31.5046 -172.499 2136.3
FRAME: 144
29.3177 263.082 2023.52
-112.701 -207.901 2030.22
-16.3559 -692.047 2168.97
-14.9851 -375.985 1781.78
-40.907 -369.252 2135.84
-1.09148 -608.025 2044.5
-118.564 15.4837 2098.29
22.7428 22.5357 2116.76
225.199 -165.016 2242.54
93.8243 -928.078 2193.41
281.554 -464.985 2116.53
116.431 -361.702 2156.81
113.745 -766.107 2128.03
164.05 29.5878 2135.22
30.2525 -171.471 2131.54
FRAME: 145
32.346 263.252 2020.6
-99.702 -206.209 2017.01
-8.62276 -701.571 2123.21
-15.2659 -389.708 1806.95
-21.9405 -369.452 2125.73
-8.34875 -644.332 2038.71
-117.409 11.3983 2095.26
23.9629 21.527 2113.93
223.496 -159.167 2239.36
106.006 -907.206 2179.95
272.523 -464.92 2114.85
118.043 -359.975 2145.92
117.633 -721.784 2113.22
165.335 31.6557 2132.6
36.0071 -171.593 2124.88
FRAME: 146
35.0957 263.434 2020.48
-87.4448 -224.665 1979.97
-21.3145 -705.388 2124.23
10.5126 -382.827 1742.35
-30.8158 -372.127 2118.73
-13.1482 -657.672 2040.84
-109.464 10.2113 2092.86
27.5239 18.5017 2115.14
222.141 -161.737 2251.39
76.4758 -880.954 2173.86
273.537 -467.835 2123.17
122.53 -363.605 2143.13
108.631 -721.705 2091.92
164.512 26.7921 2137.42
36.6906 -174.682 2123.04
FRAME: 147
37.1358 264.028 2022.27
-104.116 -221.716 2001.8
-36.7134 -754.407 2161.21
2.22019 -375.476 1782.31
-30.2733 -371.826 2121.22
3.89705 -701.218 2025.21
-109.689 13.9446 2097.5
27.9343 21.6998 2117.47
224.469 -161.283 2246.36
68.4913 -929.846 2218.3
272.558 -471.749 2114.81
120.26 -363.589 2141.58
117.339 -760.295 2120.79
165.557 29.455 2137.43
36.4638 -173.004 2124.43
FRAME: 148
44.0917 267.338 2039.24
-98.1915 -232.156 2012.82
-34.2588 -786.936 2205.23
-15.2241 -396.726 1814.88
-21.1162 -369.062 2138.6
-6.59783 -637.964 1969.29
-108.534 10.0744 2104.72
29.9482 20.9609 2127.13
233.155 -169.346 2259.71
19.3435 -985.986 2320.84
261.132 -467.644 2122.92
129.032 -357.32 2164.36
110.38 -748.819 2134.31
168.43 31.8475 2149.54
41.9529 -171.115 2139.3
FRAME: 149
47.6297 275.539 2063.67
-102.686 -239.435 2019.98
-25.6458 -848.135 2252.24
-17.5967 -403.888 1808.15
-25.7497 -367.924 2174.69
-15.6805 -682.703 2033.44
-112.776 10.6803 2125.93
30.7885 20.8614 2147.97
241.441 -176.512 2276.87
21.2087 -953.992 2331.41
255.627 -471.866 2134.79
132.925 -356.776 2199.83
110.695 -766.504 2171.07
174.353 31.0426 2170
42.1881 -170.744 2167.61
FRAME: 150
50.7622 284.751 2086.88
-110.033 -242.807 2051.74
-55.1674 -829.415 2326.58
-13.4479 -395.783 1793.93
-30.0837 -364.889 2195.85
3.6603 -683.275 2043.45
-114.58 15.0298 2155.02
31.0882 22.7248 2170.4
250.75 -185.593 2284.1
-13.9361 -907.905 2412.41
249.877 -474.397 2127.15
133.201 -357.144 2216.06
112.914 -769.484 2171.07
176.757 30.4199 2185.77
41.3235 -169.146 2188.17
FRAME: 151
50.1514 292.307 2112.12
-117.401 -248.916 2093.43
-81.6968 -815.212 2361.23
-17.1794 -400.939 1806.11
-40.9991 -365.039 2244.34
5.09335 -680.423 2073.53
-121.05 21.3295 2197.45
29.2451 26.6389 2193.95
253.683 -183.471 2287.05
-4.80515 -920.278 2419.29
248.3 -471.814 2133.37
131.631 -359.003 2240.3
113.197 -769.767 2173.05
179.54 31.9482 2190.44
37.2804 -167.691 2218.13
FRAME: 152
48.1675 306.904 2144.82
-131.044 -230.477 2153.15
-65.0401 -888.152 2448.24
-44.4612 -417.78 1861.4
-28.4066 -359.286 2268.54
-21.4903 -724.964 2154.04
-110.555 39.4599 2225.9
35.4649 45.0189 2226.67
262.684 -174.777 2319.48
-41.2221 -893.445 2481.17
241.489 -455.314 2167.84
131.809 -353.106 2270.24
82.9398 -752.956 2174.91
181.485 50.5778 2227.44
43.583 -155.589 2248.03
FRAME: 153
45.5064 316.728 2178.09
-123.729 -231.363 2167.32
-14.643 -986.203 2445.31
-51.1446 -417.29 1892.38
-20.0285 -350.358 2286.99
-6.64639 -736.099 2194.56
-111.767 43.8617 2247.78
36.002 51.1272 2253.56
267.913 -171.507 2349.97
-20.1779 -905.497 2518.85
234.613 -449.136 2196.51
130.367 -342.809 2293.72
64.104 -744.401 2183.36
183.771 58.3928 2259.35
45.5856 -147.728 2271.96
FRAME: 154
43.9345 326.992 2217.43
-129.645 -223.137 2234.94
8.4752 -1036.23 2485
-99.477 -410.541 1965.82
-27.079 -340.33 2328.01
-14.4209 -753.271 2319.07
-114.707 58.0481 2296.18
32.4612 63.3754 2295.46
268.964 -166.691 2375.16
0.973318 -952.567 2554.13
233.216 -447.357 2226.82
129.268 -334.706 2326.83
67.2839 -751.967 2202.69
179.629 68.7027 2294.73
41.7779 -137.071 2311.44
FRAME: 155
38.6699 344.025 2263.24
-161.362 -173.369 2338.85
22.1081 -1051.75 2520.82
-109.195 -368.913 2075.34
-48.802 -320.893 2407.61
-45.2129 -757.8 2444.5
-125.413 78.9244 2369.23
25.1745 79.8201 2341.48
271.702 -151.459 2395.96
58.9555 -1037.45 2469.5
231.172 -432.118 2254.97
124.157 -320.17 2375.29
60.6599 -738.849 2238
175.762 80.7159 2313.74
31.426 -120.356 2366.47
FRAME: 156
29.8782 378.853 2352.42
-200.034 -112.555 2511.06
35.8283 -1075.3 2707.97
-160.148 -301.867 2260.34
-67.4078 -287.336 2515.46
-76.3473 -723.921 2603.99
-140.55 122.357 2468.49
12.7386 121.591 2432.99
266.803 -117.132 2485.81
66.8879 -1071.76 2460.7
227.122 -392.86 2354.6
117.229 -288.455 2472.63
65.3985 -720.723 2345.74
166.027 120.824 2397.49
18.8245 -83.1525 2463.52
FRAME: 157
24.8896 392.622 2383.4
-200.475 -109.753 2541.02
34.1358 -1071.04 2730.25
-210.841 -280.46 2325.12
-69.8278 -277.9 2538.53
-81.1396 -707.254 2636.32
-146.733 130.978 2498.82
8.91188 131.918 2467.83
263.131 -104.52 2529
69.0487 -1072.6 2462.37
233.988 -388.965 2403.15
113.626 -276.908 2501.98
73.8532 -704.65 2396.72
164.557 132.858 2436.84
15.4054 -72.7431 2494.04
FRAME: 158
20.2499 404.92 2413.13
-198.63 -110.561 2558.34
28.5857 -1079.15 2745.73
-223.917 -315.643 2330.48
-72.933 -266.946 2569
-85.2523 -696.385 2663.95
-150.54 141.909 2533.26
5.66968 143.747 2500.85
261.372 -89.5111 2561.86
73.2551 -1070.68 2477.2
224.184 -356.829 2433.66
114.154 -264.769 2530.13
76.943 -696.342 2427.78
161.879 145.586 2468.44
13.14 -61.055 2525.21
FRAME: 159
17.0242 420.459 2441.9
-200.756 -99.872 2597.8
17.0959 -1059.69 2780.04
-227.295 -312.08 2391.04
-79.5539 -252.585 2602.08
-94.7319 -682.052 2683.35
-153.924 156.007 2572.53
3.538 157.769 2539.98
261.566 -74.552 2601.81
78.905 -1077.07 2448.93
221.477 -340.905 2466.33
113.534 -250.441 2562.18
85.1292 -678.167 2464.1
161 159.531 2507.42
10.2641 -46.8719 2561.05
FRAME: 160
13.7621 432.588 2472.62
-204.732 -92.8576 2631.65
-7.36655 -1036.95 2841.98
-231.974 -306.966 2433.84
-81.6641 -242.216 2629.43
-99.4975 -671.842 2707.67
-157.908 166.421 2603.11
1.07976 168.461 2569.89
262.327 -58.9334 2638.96
78.4382 -1077.34 2463.34
227.638 -332.181 2511.77
110.952 -239.766 2589.16
88.5231 -666.968 2488.6
160.067 170.501 2536.67
7.86178 -36.2652 2589.59
FRAME: 161
12.1876 453.741 2515.67
-203.533 -74.4364 2676.94
-5.271 -1007.61 2930.4
-224.605 -283.393 2465.12
-79.6898 -226.329 2665.46
-93.9541 -659.866 2740.96
-154.465 189.165 2643.87
1.82802 191.578 2610.77
262.479 -46.6383 2671.01
92.3769 -1065.29 2518.31
204.893 -313.344 2531.49
110.599 -223.403 2625.14
95.5515 -654.911 2512.68
158.121 193.991 2577.66
8.64124 -16.6442 2628.03
FRAME: 162
10.5251 467.671 2550.39
-201.491 -72.5633 2700.49
-2.22888 -999.312 2942.11
-223.611 -280.286 2487.62
-77.6031 -218.053 2687.16
-91.5089 -648.261 2762.74
-154.324 198.252 2667.09
0.696186 201.76 2636.17
260.745 -32.1949 2696.98
98.8896 -1050.56 2579.65
196.635 -294.991 2555.55
110.629 -213.81 2649.58
95.4399 -639.082 2541.55
155.716 205.268 2605.25
8.60447 -7.08583 2652.27
FRAME: 163
11.0068 480.789 2574.66
-199.444 -77.3267 2713.63
-3.07628 -990.267 2957.76
-203.245 -273.666 2498.64
-73.9496 -212.072 2705.55
-85.5493 -639.173 2780.88
-158.929 204.818 2688.59
-1.60544 210.177 2657.2
258.783 -22.5679 2715.48
94.0338 -1047.89 2638.54
182.921 -274.699 2571.63
110.917 -205.798 2668.65
92.3754 -632.853 2572.88
155.719 215.536 2625.81
8.43905 0.621044 2672.15
FRAME: 164
11.1067 488.9 2592.31
-192.568 -70.0003 2736.15
-9.0056 -988.433 2978.78
-189.872 -265.267 2520.81
-77.746 -207.54 2721.88
-78.5312 -631.572 2803.08
-157.874 215.416 2707.64
-0.688655 219.801 2678.39
258.464 -16.0354 2736.83
94.1384 -1047.19 2690.23
165.896 -256.065 2596.4
109.851 -202.422 2686.78
91.3952 -632.703 2608.45
156.497 224.186 2649.15
7.68188 7.4101 2691.36
FRAME: 165
15.2599 500.663 2613.26
-191.798 -51.7706 2776.4
-6.87551 -987.59 2980.88
-147.761 -265.782 2525.64
-75.2559 -200.66 2734.85
-74.8244 -623.855 2822.31
-153.497 226.417 2726.58
2.96623 229.747 2698.8
256.997 -11.2346 2749.53
105.03 -1035.78 2750.39
144.01 -247.079 2583.33
106.702 -196.848 2702.49
98.7758 -627.058 2644.24
159.43 233.076 2671.02
9.34468 15.4962 2708.73
FRAME: 166
17.1658 510.004 2632.57
-199.717 -34.7645 2823.57
-11.218 -988.431 2988.87
-125.554 -229.431 2522.94
-76.7941 -186.242 2769.43
-78.5132 -618.003 2833.66
-154.578 233.74 2744.18
3.18756 235.36 2713.52
240.961 -12.8726 2768.79
114.677 -1034.04 2819.19
128.553 -223.331 2583.18
108.159 -184.481 2732.35
107.49 -615.56 2688.84
160.953 236.981 2682.86
9.43491 24.9997 2732.2
FRAME: 167
22.3301 518.029 2658.72
-196.719 -36.6178 2831.93
-7.48994 -990.538 3004.85
-74.714 -214.547 2589.4
-70.2906 -172.088 2815.83
-74.3428 -610.874 2874.44
-155.067 243.049 2767.93
7.95869 244.511 2745.43
229.367 -22.5696 2798.58
131.774 -1026.55 2906.07
91.2271 -226.499 2614.35
108.995 -170.498 2790.83
122.397 -604.017 2769.05
170.984 245.972 2722.93
13.6554 36.6088 2774.38
FRAME: 168
29.7842 525.642 2678.87
-187.807 -25.6583 2833.1
-2.03823 -996.404 3025.47
-58.5851 -207.779 2592.65
-62.1824 -157.929 2844.49
-67.0929 -605.266 2900.24
-154.863 252.641 2784.32
10.7559 254.596 2768.31
228.137 -18.8909 2823.45
135.222 -1020.87 2937.75
78.6721 -226.36 2653.75
106.618 -155.975 2828.15
124.858 -600.568 2801.91
176.375 256.552 2752.3
16.4868 48.8223 2802.31
FRAME: 169
35.3124 530.916 2696.73
-173.742 -22.6048 2832.01
-0.380407 -1001.31 3040.68
-3.33843 -223.289 2659.95
-59.4467 -150.872 2863.05
-60.6637 -602.336 2914.99
-152.408 262.445 2797.4
12.5306 265.351 2783.3
228.486 6.50517 2837.32
143.219 -1010.42 2993.87
60.1302 -182.581 2678.13
111.273 -147.917 2848.41
128.821 -597.618 2832.27
177.469 268.256 2769.21
19.2219 57.9781 2819.52
FRAME: 170
40.4924 536.869 2711.73
-169.004 -2.40785 2847.9
-0.883227 -1003.91 3047.46
12.0691 -211.845 2661.61
-57.1626 -147.917 2877.1
-55.4373 -601.674 2925.53
-145.743 274.146 2810.62
17.4577 276.306 2797.34
230.029 23.757 2861.04
143.301 -1001.61 3039.8
57.4424 -181.844 2682.83
115.03 -145.685 2863.09
133.575 -598.979 2861.55
180.658 278.466 2784.05
23.1957 64.7524 2833.72
FRAME: 171
46.46 539.316 2728.41
-156.767 0.143629 2863.18
-2.91337 -1003.13 3057.27
29.524 -195.018 2701.01
-56.4369 -145.141 2896.65
-53.2495 -597.053 2937.14
-139.36 282.09 2823.55
25.2048 282.588 2812.54
237.223 27.0282 2883.03
149.238 -999.16 3091.47
67.4357 -120.048 2695.84
119.927 -144.608 2884.96
140.611 -596.236 2909.04
189.77 283.085 2801.52
28.4748 68.8567 2851.67
FRAME: 172
53.5762 539.848 2741.58
-149.4 16.0214 2881.38
-4.74767 -998.176 3069.91
34.4914 -178.811 2701.33
-57.56 -140.273 2910.07
-47.5797 -594.631 2951.01
-134.274 289.024 2830.62
31.595 288.225 2823.88
243.321 26.3778 2893.88
152.948 -993.791 3126.71
68.5085 -130.819 2706.65
123.345 -141.152 2902.87
144.649 -589.174 2943.91
197.464 287.426 2817.13
32.2437 73.7565 2865.17
FRAME: 173
61.1501 539.243 2756.72
-148.697 22.1394 2898.35
-7.13514 -992.393 3080.64
47.8772 -181.137 2730.75
-58.5645 -133.675 2918.41
-44.8634 -588.045 2963.07
-128.58 292.661 2835.45
37.3373 290.349 2832.84
243.575 30.914 2901.16
154.573 -998.235 3151.83
82.1954 -139.332 2722.35
123.804 -136.227 2915.71
147.904 -587.585 2977.29
203.255 288.037 2830.23
34.9786 77.6991 2874.95
FRAME: 174
70.1669 542.81 2768.56
-155.647 31.6192 2916.99
-6.10901 -986.825 3085.4
46.7949 -154.818 2753.03
-54.925 -128.924 2930.43
-43.9375 -581.595 2970.18
-123.837 295.208 2840.92
42.9207 293.014 2843.66
254.559 47.3709 2922.78
152.046 -1002.53 3164.83
98.7396 -105.027 2739.2
126.843 -131.397 2933.48
151.813 -583.411 2998.98
209.678 290.821 2846.41
39.4399 81.4269 2887.81
FRAME: 175
76.639 541.726 2777.28
-142.203 31.9171 2911.58
-6.6956 -983.938 3093.47
57.2385 -159.325 2766.04
-54.0633 -126.53 2941.18
-38.9275 -580.677 2979.57
-119.486 297.272 2845.16
46.9282 294.969 2851.63
255.23 42.5321 2928.13
151.923 -1002.82 3184.36
99.0503 -113.805 2740.69
129.184 -129.112 2948.34
154.661 -582.312 3024.16
213.343 292.667 2858.09
42.2441 83.5741 2898.2
FRAME: 176
82.0696 541.262 2790.03
-139.409 28.7451 2914.23
-6.6243 -988.088 3102.55
66.2866 -143.042 2764.38
-49.4541 -126.413 2947.66
-35.784 -582.811 2988.03
-112.061 299.916 2854.9
55.7205 295.726 2862.51
263.39 45.0651 2937.83
148.666 -1006.5 3194.29
105.988 -116.423 2748.23
131.547 -130.979 2955.97
154.635 -587.044 3041.05
223.502 291.536 2870.11
48.3836 83.515 2907.16
FRAME: 177
92.3464 542.393 2808.12
-123.259 24.6477 2916.47
-5.79139 -993.666 3110.01
72.1379 -123.216 2753.5
-47.4738 -126.618 2959.85
-30.8244 -585.595 3004.93
-103.565 302.195 2865.13
63.3204 296.301 2872.88
269.584 43.3453 2948.48
148.306 -1006.45 3206.76
106.175 -107.201 2772.5
135.744 -133.172 2968.44
152.942 -584.366 3063.84
230.206 290.408 2880.63
53.7278 83.2033 2918.51
FRAME: 178
104.067 549.641 2824.25
-112.71 27.0648 2922.7
-1.75024 -994.651 3114.27
82.3899 -127.766 2758
-41.2456 -124.752 2975
-21.5579 -583.579 3017.73
-95.1873 304.614 2877.45
71.3139 297.713 2882.48
274.997 46.563 2956.62
150.629 -1002.22 3219.83
123.388 -93.5933 2766.36
142.865 -132.459 2980.63
155.838 -580.19 3079.76
237.815 290.813 2887.51
61.0617 84.554 2930.15
FRAME: 179
112.182 551.728 2834.32
-103.469 25.4824 2923.78
-1.44971 -997.309 3118.38
89.7382 -125.376 2746.08
-38.1828 -123.368 2982.75
-16.7345 -583.419 3024.71
-88.5986 306.242 2885.2
77.4214 298.518 2891.04
284.302 50.5251 2965.3
150.321 -1003.73 3226
138.835 -85.6738 2761.05
146.79 -132.057 2989.26
154.698 -580.395 3091.22
243.441 290.793 2896.88
65.8625 85.4027 2938.52
FRAME: 180
117.631 550.112 2844.6
-96.7332 25.2959 2925.19
2.53828 -997.908 3120.58
98.1405 -115.331 2743.53
-34.9071 -123.071 2988.81
-13.8109 -582.213 3031.59
-83.6247 306.401 2890.47
82.4429 298.301 2897.98
278.686 46.9012 2970.07
152.957 -1003.12 3237.82
142.731 -81.9296 2770.2
149.929 -132.219 2997.24
156.103 -580.183 3099.25
248.511 290.202 2905.5
69.9768 85.3281 2945.51
FRAME: 181
120.99 550.9 2849.64
-97.4118 29.084 2924.53
3.74607 -997.348 3121.04
96.4256 -114.121 2745.63
-32.4406 -122.744 2992.49
-12.7636 -583.017 3033.66
-78.2133 307.354 2894.6
86.6889 299.221 2903.76
284.053 42.5165 2975.4
153.168 -1002.59 3242.07
146.747 -92.7161 2776.08
153.835 -131.989 3002.92
156.762 -580.52 3103.56
251.591 291.087 2912.91
73.6931 85.9269 2950.73
FRAME: 182
127.306 554.302 2851.88
-96.8539 35.4355 2933.89
4.33347 -1000.92 3123.87
85.5901 -112.756 2750.8
-32.1721 -121.263 3001.38
-13.9281 -586.552 3030.32
-74.3467 311.034 2904.9
89.2884 301.15 2910.59
286.883 43.597 2975.13
150.737 -1002.53 3241.28
143.951 -85.3197 2765.82
153.435 -132.542 3007.97
157.424 -584.145 3101.74
252.924 291.266 2916.27
74.96 87.1236 2957.63
FRAME: 183
126.455 553.718 2855.04
-95.4027 33.2071 2931.25
2.4845 -999.384 3123.68
84.3392 -102.166 2732.79
-30.4894 -121.055 3003.13
-14.9783 -584.846 3032.17
-73.061 311.118 2909.93
90.8318 301.202 2913.96
295.16 43.9565 2982.06
150.985 -1004.67 3241.28
135.447 -88.1093 2764.67
156.258 -132.396 3007.76
156.21 -582.444 3100.9
254.725 291.286 2918
76.858 87.2383 2959.7
FRAME: 184
126.834 554.042 2858.22
-95.2193 31.5605 2925.09
2.61261 -997.872 3122.26
59.6397 -56.1829 2686.54
-30.3046 -121.999 3003.72
-16.5699 -584.768 3028.74
-72.1518 312.216 2916.85
91.5739 301.408 2917.21
303.228 43.1654 2957.25
150.428 -1003.64 3237.15
139.404 -85.6 2766.18
156.47 -134.4 3004.07
157.3 -583.234 3098.34
255.3 290.6 2917.57
77.3282 86.6042 2960.55
FRAME: 185
123.162 554.949 2863.82
-110.359 45.1037 2919.83
5.33414 -997.96 3119.96
14.9512 -0.654884 2638.67
-31.4745 -122.189 3001.12
-17.4597 -585.776 3024.89
-75.0937 316.083 2927.02
89.1207 305.059 2920.54
288.51 30.4296 2926.64
148.622 -1002.28 3230.57
115.95 -57.3621 2781.6
156.901 -134.904 2993.56
156.649 -582.602 3086.6
253.335 294.036 2914.06
75.9171 88.2564 2958.94
FRAME: 186
115.911 559.166 2869.74
-126.421 55.0891 2920.94
7.57164 -999.034 3120.39
-17.516 16.0061 2640.08
-29.7012 -121.33 3001.69
-18.2875 -586.389 3022.95
-77.4868 318.244 2937.35
85.8733 308.337 2922.54
276.796 28.5493 2899.64
149.365 -1003.63 3230.88
78.1921 -27.9102 2742.16
160.63 -132.86 2984.3
158.532 -580.529 3083.71
249.233 298.431 2907.72
75.6688 90.621 2957.76
FRAME: 187
108.779 557.674 2872.95
-141.562 58.2192 2915.68
9.01502 -1001.33 3116.89
-47.9792 40.4789 2625.16
-31.5205 -125.805 2998.09
-19.5971 -592.466 3017
-82.0061 316.859 2946.15
79.5248 307.602 2920.81
250.844 14.0296 2850.59
146.395 -1001.46 3224.74
48.7337 -19.2175 2705.22
159.851 -136.747 2967.95
161.344 -584.733 3068.61
241.056 298.344 2895.47
71.8451 88.1625 2951.91
FRAME: 188
101.287 558.246 2869.73
-140.823 58.0046 2902.58
8.61207 -1002.3 3112.72
-57.1762 38.0969 2627.56
-34.1719 -128.419 2987.55
-24.757 -592.729 3008.32
-84.4225 308.411 2950.02
76.5706 299.584 2918.17
230.383 6.31756 2818.76
143.62 -1006.37 3214.7
5.36734 11.7146 2660.28
159.413 -139.007 2949.19
156.239 -586.267 3051.62
237.564 290.757 2886.33
69.5957 82.9355 2943.27
FRAME: 189
93.6596 556.849 2870.69
-154.798 66.6003 2887.95
10.266 -995.554 3112.78
-67.6598 46.2776 2612.2
-35.0293 -123.087 2980.05
-24.4291 -583.008 3000.49
-87.1728 311.504 2951.3
72.7872 303.63 2913.56
215.734 16.7965 2795.91
147.643 -998.09 3203.73
-17.9833 32.9953 2633.21
158.181 -132.62 2934.54
156.547 -580.951 3029.36
232.747 295.756 2875.82
67.1816 87.8883 2935.43
FRAME: 190
90.2879 560.161 2870.9
-188.658 85.0087 2881.47
8.24135 -994.795 3106.99
-111.557 67.7389 2579.58
-34.9047 -120.811 2983.16
-27.9897 -582.847 2993.41
-86.3784 314.243 2955.92
69.7829 306.136 2912.82
207.292 26.4377 2774.16
141.48 -999.631 3181.13
5.52397 27.4261 2630.5
153.741 -130.613 2931.16
151.936 -585.854 2993.79
225.944 298.03 2869.72
64.6005 90.2124 2934.99
FRAME: 191
76.9725 554.823 2867.22
-227.408 103.625 2887.84
7.45228 -992.562 3095.22
-121.218 80.2272 2578.84
-38.322 -116.888 2961.94
-35.6357 -578.668 2978.36
-91.0611 314.703 2953.02
64.4192 307.978 2903.99
216.141 47.6818 2755.81
148.404 -1003.69 3158.45
22.1946 33.8715 2598.83
147.856 -124.94 2903.15
145.709 -582.304 2949.7
219.9 301.252 2854.96
59.5931 93.5318 2918.27
FRAME: 192
68.6217 556.729 2863.58
-263.401 114.93 2909.79
6.96062 -995.35 3092.93
-180.15 133.888 2622.06
-39.8946 -117.941 2958.11
-36.5389 -580.433 2975.24
-89.5615 316.393 2956.25
61.7253 310.235 2902.78
219.205 55.3106 2731.92
147.311 -1002.21 3119.3
-14.2765 51.0255 2540.78
144.054 -125.417 2893.1
144.126 -586.829 2909.97
213.012 304.077 2849.31
56.9026 94.2781 2914.19
FRAME: 193
52.654 545.234 2849.74
-304.392 129.083 2921.92
6.87452 -999.617 3084.35
-302.442 214.551 2664.08
-43.6497 -124.883 2944.09
-49.1166 -589.062 2957.71
-93.7492 311.236 2950.68
53.2386 306.683 2889.79
228.234 65.1346 2702
145.09 -1000.65 3083.19
-23.0731 38.3056 2499.99
137.008 -130.485 2869.28
142.005 -600.773 2860.15
200.226 302.129 2828.9
49.9589 89.4994 2898.23
FRAME: 194
21.8274 558.268 2826.42
-330.24 140.545 2935.13
6.917 -992.525 3079.11
-421.54 293.741 2708.81
-48.3091 -130.943 2925.3
-60.4317 -591.421 2946.84
-102.346 307.381 2936.5
42.7174 305.078 2873.58
242.505 66.2921 2673.93
136.814 -1014.94 3037.15
-0.666636 28.5299 2441.29
131.137 -133.735 2847.57
132.335 -608.205 2815.6
187.781 302.776 2810.65
42.0656 86.3696 2880.01
FRAME: 195
3.95081 560.015 2810.81
-349.439 144.74 2943.23
9.16227 -992.504 3074.87
-466.531 307.599 2730.91
-50.6307 -132.997 2913.71
-64.6076 -593.818 2941.77
-109.23 305.835 2926.62
33.6084 305.161 2860.14
252.187 70.4428 2645.93
122.032 -1035.02 2964.3
14.67 11.8667 2420.32
125.741 -133.8 2831.63
126.905 -607.812 2774.07
176.446 304.487 2793.65
35.5819 85.8815 2866.4
FRAME: 196
-7.12014 556.44 2802.38
-369.042 150.327 2949.33
5.94681 -988.1 3067.27
-507.764 312.314 2749.4
-55.4115 -135.089 2902.27
-72.2494 -592.477 2924.3
-120.408 300.68 2916.8
21.6801 301.674 2845.94
258.736 68.8176 2617.2
119.701 -1036.11 2903.88
36.1451 -11.4162 2387.6
117.934 -133.894 2815.77
119.756 -612.425 2734.61
163.768 302.669 2775.08
26.4706 83.5914 2852.48
FRAME: 197
-15.1996 548.335 2793.5
-374.635 150.195 2964.25
6.52049 -998.65 3052.18
-546.449 311.177 2790.94
-53.7615 -143.639 2891.52
-68.1803 -602.812 2907.94
-123.498 288.572 2911.4
17.0073 291.826 2834.43
269.757 65.167 2610.81
114.986 -1047.98 2820.37
73.8706 -38.9518 2355.44
118.148 -139.717 2797.35
112.992 -619.503 2698.18
157.513 295.079 2757.46
24.6003 75.0738 2839.43
FRAME: 198
-18.6178 526.544 2782
-370.938 134.348 2974.01
4.0526 -1002.47 3031.9
-563.158 285.512 2828.42
-55.0312 -149.492 2877.82
-71.3473 -603.319 2884.3
-128.885 279.144 2902.56
11.847 283.179 2819.36
272.846 60.9337 2598.14
109.714 -1044.14 2766.12
100.974 -62.6186 2334.55
113.244 -144.691 2778.33
109.484 -613.846 2664.3
152.579 287.213 2736.16
20.4768 68.0436 2823.72
FRAME: 199
-31.054 504.982 2750.26
-371.608 104.375 2973.73
6.94665 -1010.56 3010.91
-612.512 231.069 2870.35
-56.1671 -166.01 2852.91
-79.0873 -622.288 2853.23
-134.639 256.349 2880.23
5.78019 262.375 2793.46
278.756 39.9625 2582.48
105.08 -1055.08 2682.77
154.24 -95.7407 2317.91
112.981 -158.757 2748.39
104.993 -613.898 2630.87
146.199 268.401 2706.69
17.0936 49.9956 2797.06
FRAME: 200
-40.6078 486.456 2722.62
-370.263 80.8761 2964.36
-1.15012 -1008.25 2986.3
-626.833 199.044 2879.18
-64.6343 -186.983 2826.51
-91.5943 -634.739 2829.02
-141.65 236.989 2852.45
0.900038 243.105 2765.74
282.882 15.3535 2563.08
108.248 -1047.92 2644.91
168.14 -131.416 2306.11
111.413 -179.371 2719.24
102.605 -618.407 2598.96
143.45 249.221 2679.03
12.1448 29.964 2769.31
FRAME: 201
-47.6219 469.058 2703.05
-364.875 51.0701 2947.51
-7.40709 -1017.33 2970.24
-645.953 144.627 2893.65
-69.9857 -207.777 2801.24
-98.466 -648.13 2811.8
-146.026 216.935 2832.29
-1.14058 224.62 2746.45
290.67 -5.37582 2551.38
104.163 -1052.7 2596.14
192.71 -167.102 2283.13
113.592 -198.049 2692.43
99.4312 -633.134 2575.48
143.744 232.306 2660.6
10.3312 10.8536 2746.64
FRAME: 202
-51.4741 454.563 2685.31
-344.787 16.1621 2923.48
-10.3217 -1027.26 2956.38
-648.856 90.7809 2902.83
-77.276 -222.59 2778.49
-101.819 -665.701 2791.7
-149.476 202.16 2806.19
-4.43506 209.328 2722.88
294.012 -23.9243 2544.84
105.399 -1056.66 2578.9
201.999 -193.272 2276.26
112.372 -213.406 2669.84
101.819 -641.416 2547.37
140.606 216.495 2639.58
6.5565 -4.33508 2723.52
FRAME: 203
-57.4791 428.717 2637.6
-321.058 -47.2756 2865.96
-13.2903 -1051.45 2924.13
-640.597 -11.367 2868.15
-76.2484 -241.453 2740.13
-110.197 -686.33 2758.83
-151.254 178.085 2768.66
-5.82111 185.193 2683.11
294.376 -44.1387 2528.65
104.083 -1061.44 2545.95
204.927 -237.831 2272.65
108.781 -232.591 2631.37
97.1941 -665.101 2522.96
139.611 192.302 2597.56
5.22255 -25.9142 2684.43
FRAME: 204
-59.7975 406.208 2598.75
-308.129 -67.6523 2835.6
-7.1629 -1047.71 2910.59
-626.462 -72.6018 2830.02
-76.71 -259.79 2706.38
-120.861 -704.622 2733.17
-152.536 158.707 2725.08
-9.14571 165.521 2643.45
295.197 -64.4993 2506.02
100.617 -1071.1 2518.12
203.04 -280.081 2252.98
109.327 -251.203 2600.56
94.8143 -686.597 2492.53
134.244 172.334 2561.81
3.58148 -44.9879 2648.46
FRAME: 205
-58.6773 389.65 2564.69
-289.998 -100.159 2782.55
-12.0013 -1050.39 2886.82
-622.65 -131.254 2772.07
-76.7204 -275.121 2671.51
-121.004 -716.688 2706.18
-151.358 137.522 2682.14
-6.49024 142.571 2603.37
294.146 -90.6761 2489.05
97.5853 -1078.21 2500.17
199.147 -315.279 2241.51
111.311 -268.774 2569.33
90.3259 -699.558 2471.06
138.378 147.621 2524.61
5.40259 -64.6882 2611.9
FRAME: 206
-52.472 374.949 2528.37
-287.135 -124.931 2743.89
-10.9148 -1050.34 2870.59
-616.88 -183.03 2701.65
-72.1006 -287.611 2642.63
-121.911 -730.371 2663.92
-153.167 122.177 2644.39
-10.6813 126.914 2564.4
293.368 -104.469 2469.98
91.8467 -1077.27 2476.25
189.76 -324.32 2234.79
108.818 -281.765 2541.01
84.9121 -701.798 2436.91
131.804 131.652 2484.41
3.83867 -78.8866 2578.11
FRAME: 207
-47.6053 359.745 2490.66
-278.837 -147.254 2694.17
-9.31275 -1052.74 2861.46
-606.934 -226.365 2626.01
-72.7662 -298.45 2609.84
-131.429 -741.93 2629.53
-148.921 110.259 2605.9
-8.89981 113.994 2528.27
286.024 -122.944 2438.19
90.0467 -1081.56 2454.15
179.061 -350.251 2207.97
109.988 -293.989 2507.86
85.9681 -704.975 2412.16
131.122 117.729 2450.63
4.85551 -91.1129 2543.56
FRAME: 208
-38.6428 343.809 2446.53
-263.026 -170.075 2631.81
-8.23921 -1049.11 2839.6
-586.496 -275.821 2534.61
-69.9144 -319.261 2572.88
-134.839 -764.324 2612.31
-147.22 93.5127 2564.76
-5.43651 96.5865 2489.36
285.273 -142.653 2406.75
87.3446 -1088.61 2454.68
166.299 -375.724 2190.45
112.569 -315.603 2475.07
86.3612 -719.462 2397.1
136.347 99.6603 2413.96
7.9453 -110.423 2506.67
FRAME: 209
-31.6729 317.27 2364.85
-271.171 -211.265 2511.2
-7.29623 -1074.59 2792.7
-556.083 -341.071 2347.85
-67.0996 -343.513 2501.36
-125.285 -781.079 2564.73
-152.221 66.5059 2475.86
-0.273403 68.6288 2422.02
287.179 -166.737 2382.14
75.6886 -1133.53 2452.33
159.887 -408.335 2168.64
112.133 -341.202 2437.31
82.846 -753.393 2374.55
151.675 70.7517 2368.18
11.1215 -136.864 2445.68
FRAME: 210
-16.4072 294.988 2302.47
-261.085 -236.454 2429.39
-8.74673 -1100.14 2744.63
-464.098 -394.073 2156.21
-66.7709 -367.475 2445.77
-109.363 -807.242 2507.74
-158.911 45.9889 2416.77
-2.20741 49.3301 2364.64
283.27 -182.299 2352.01
75.0467 -1173.25 2403.06
155.665 -433.806 2141.63
113.684 -363.723 2385.33
83.0851 -775.536 2350.82
154.496 52.6714 2312.51
10.6246 -158.134 2390.1
FRAME: 211
-11.073 286.567 2267.17
-252.577 -249.457 2375.58
-6.17976 -1135.53 2718.03
-416.212 -415.218 2067.68
-68.8283 -377.463 2410.05
-110.546 -815.585 2466.05
-158.438 34.8942 2377.57
-1.14215 37.9937 2330.45
280.995 -194.629 2331.87
77.8438 -1209.61 2411.93
151.749 -448.237 2127.19
113.729 -373.845 2355.41
87.1195 -802.75 2351.72
156.154 41.0932 2283.32
10.6542 -168.83 2356.59
FRAME: 212
-9.97727 275.786 2231.58
-246.476 -262.365 2317.64
-7.06354 -1147.48 2679.28
-402.741 -436.13 2078.09
-71.4569 -387.207 2380.37
-112.214 -829.025 2427.79
-157.58 25.0095 2336.03
-0.103013 26.6729 2293.11
276.004 -214.371 2307.38
71.2479 -1211.71 2364.36
146.752 -464.818 2101.13
114.123 -385.226 2329.83
86.5448 -806.581 2329.42
157.374 28.3363 2250.2
10.6151 -179.772 2324.11
FRAME: 213
-6.45224 268.671 2203.84
-220.545 -271.743 2251.53
-4.92356 -1166.76 2649
-274.835 -418.505 1903.23
-70.8505 -395.757 2349.59
-103.639 -839.833 2399.35
-157.447 15.4004 2298.14
1.75575 18.2956 2266.23
274.222 -224.298 2293.43
65.6898 -1204.49 2341.22
156.155 -469.334 2090.78
115.723 -392.275 2312.35
81.8836 -805.481 2309.74
160.958 21.1909 2234.32
12.0961 -187.86 2298.6
FRAME: 214
-4.42162 264.288 2183.15
-198.222 -266.998 2186.3
-19.2055 -1184.79 2641.4
-216.567 -405.252 1857.06
-69.0885 -397.803 2316.03
-95.5105 -846.888 2373.55
-157.43 12.7758 2262.28
3.55533 17.6996 2242.54
274.052 -228.62 2280.97
48.3366 -1189.2 2259.48
153.773 -477.778 2078.07
117.115 -391.922 2293.64
75.8764 -798.278 2262.14
164.541 22.6234 2222.79
13.7843 -188.581 2273.69
FRAME: 215
-4.58028 259.388 2162.31
-171.868 -263.857 2131.41
-23.2059 -1200.96 2585.81
-161.177 -400.706 1809.19
-64.5664 -400.283 2289.48
-91.9328 -842.09 2366.12
-157.486 5.9048 2228.19
3.48864 13.3164 2219.11
272.499 -239.238 2269.15
43.3242 -1174.57 2209.33
160.134 -486.211 2074.79
117.472 -391.669 2279.91
69.1007 -794.503 2211.65
164.463 20.728 2210.02
14.9707 -191.33 2251.9
FRAME: 216
-5.19513 247.038 2145.62
-147.027 -278.213 2075.61
-26.9362 -1212.46 2556.39
-104.151 -410.948 1799.37
-61.1134 -410.089 2263.75
-86.8443 -845.212 2351.37
-158.803 -1.58421 2196.91
3.00566 9.36267 2200.5
266.925 -240.649 2264.62
28.529 -1143.45 2116.06
160.437 -486.326 2062.69
121.007 -397.541 2268.89
62.7537 -783.972 2161.48
164.815 20.3095 2204.09
16.4763 -197.226 2233.41
FRAME: 217
-2.15186 246.433 2119.93
-135.741 -279.895 2051.78
-27.4811 -1224.71 2531
-60.6577 -396.197 1754.33
-55.9344 -424.332 2235
-78.9 -859.476 2314.97
-153.689 -13.272 2165.51
3.98624 -0.126405 2179.54
258.302 -249.553 2254.94
35.526 -1124.79 2127.16
170.743 -487.782 2053.51
120.104 -409.975 2249.23
69.9478 -786.064 2172.77
161.662 13.0192 2193.58
18.0355 -208.64 2210.83
FRAME: 218
2.98777 240.66 2086.19
-123.107 -283.422 2019.37
-24.2731 -1219.6 2473.61
-43.3374 -396.429 1746.08
-55.9285 -424.55 2219.53
-64.292 -862.573 2283.31
-150.443 -15.4377 2136.51
5.06119 -1.61018 2156.47
240.496 -252.324 2236.95
37.8818 -1051.53 2051.88
174.459 -481.953 2026.32
117.022 -409.277 2241.91
69.3994 -775.951 2139.46
160.566 12.2173 2176.43
17.8041 -209.262 2193.59
FRAME: 219
4.93212 239.15 2065.43
-101.6 -290.117 1979.36
-59.756 -1146.57 2454.64
-13.4235 -391.694 1724.47
-59.5328 -421.486 2197.26
-75.7675 -839.676 2277.83
-144.336 -14.212 2104.05
8.08913 -0.289378 2134.3
229.068 -242.149 2239.01
24.5515 -1054.8 2048.13
178.104 -486.459 2033.39
115.489 -405.344 2234.35
78.9718 -734.213 2035.28
160.514 13.6332 2164.54
18.0335 -206.852 2175.05
FRAME: 220
8.25731 234.454 2050.03
-92.6224 -278.641 1950.64
-29.5489 -1111.29 2343.68
-5.0874 -385.713 1704.47
-73.4958 -414.093 2166.12
-70.4878 -814.773 2269.59
-138.852 -9.63631 2083.99
9.47861 1.68118 2122.12
217.417 -239.873 2230.34
29.9971 -1051.62 2014.15
187.583 -499.131 2037.77
109.618 -400.964 2216.88
72.4317 -765.026 2039.44
157.809 12.9987 2160.25
13.7699 -202.924 2156.81
FRAME: 221
10.6558 233.715 2036.53
-84.8788 -276.931 1937.04
-53.8437 -1129.98 2330.99
19.4559 -363.783 1680.85
-75.6163 -408.653 2153.26
-62.6451 -825.224 2227.21
-134.287 -9.71159 2084.47
11.5796 0.123492 2112.86
211.084 -236.051 2211.23
18.1146 -1057.95 2058.73
193.295 -493.262 2025.47
108.509 -397.569 2188.53
85.6253 -795.635 2040.07
157.446 9.95857 2141.25
14.013 -201.494 2141.88
FRAME: 222
13.8083 231.357 2030.27
-75.8215 -276.645 1931.76
-65.508 -1085.22 2345.87
42.8798 -358.96 1665.58
-57.399 -407.882 2169.7
-51.5399 -780.559 2218.98
-131.016 -17.1486 2086.22
12.5788 -3.35435 2105.55
209.921 -225.638 2202.2
26.2122 -1066.02 2160.53
194.801 -480.108 2027.15
117.85 -390.937 2193.5
85.9232 -790.643 2064.98
156.173 10.4399 2124.89
21.4021 -201.382 2143.58
FRAME: 223
16.9386 229.788 2024.86
-67.0575 -262.511 1918.78
-73.9758 -1149.78 2332.37
55.3621 -360.32 1649.32
-61.1023 -405.488 2168.94
-64.6403 -775.908 2214.04
-132.642 -18.7564 2077.83
12.0976 -3.58991 2103.09
204.562 -225.57 2202.58
39.4841 -1092.68 2151.29
200.144 -475.64 2038.32
113.202 -386.935 2200.31
81.7206 -769.502 2041.35
156.837 11.5766 2128.36
19.0738 -199.901 2143.86
FRAME: 224
20.7969 228.553 2019.23
-60.1722 -267.435 1905.89
-113.965 -1158.45 2304.84
56.0285 -362.085 1654.19
-52.4935 -400.455 2160.11
-89.8867 -755.141 2119.68
-129.129 -19.5685 2070.47
14.6169 -1.21097 2096.92
199.427 -231.907 2194.12
28.8327 -1112.5 2094.6
198.987 -468.363 2029.81
117.143 -378.14 2190.32
79.5049 -756.573 2025.2
158.363 17.1465 2123.37
23.4709 -195.254 2136.07
FRAME: 225
21.8499 229.67 2018.28
-70.4173 -262.037 1900.09
-73.7951 -1125.35 2326.69
51.3258 -357.167 1632.01
-43.6971 -395.29 2130.45
-53.2665 -756.24 2168.59
-129.369 -20.5395 2057.71
13.0307 -0.0184148 2097.26
200.205 -221.662 2209.93
9.25499 -1052.13 2149.72
195.08 -469.426 2054.2
118.877 -371.555 2177.65
86.4986 -765.451 2060.64
155.43 20.5027 2136.81
25.3104 -191.72 2125.65
FRAME: 226
23.7266 233.074 2015.66
-77.0175 -257.829 1906.77
-81.1688 -1143.94 2316.78
32.3795 -350.642 1656.48
-42.4694 -387.687 2104.28
-55.8125 -774.198 2123.7
-129.423 -19.515 2063.41
12.3935 0.312555 2097.17
201.378 -232.025 2210.96
19.3161 -984.147 2116.83
195.96 -465.824 2062.12
113.082 -365.657 2145.33
96.8971 -763.472 2022.3
154.21 20.1401 2130.93
23.8498 -188.18 2110.99
FRAME: 227
24.4483 237.227 2020.09
-73.9321 -257.377 1905.06
-76.551 -1120.62 2331.38
30.6591 -365.826 1656.48
-45.7952 -388.622 2097.05
-46.8721 -750.67 2129.27
-128.32 -14.4725 2063.43
12.9216 3.34038 2099.54
205.073 -231.262 2216.7
36.3736 -986.309 2107.75
191.869 -466.878 2059.42
114.819 -368.294 2139.55
97.0964 -791.995 2043.29
154.163 21.1533 2135.64
23.7168 -187.559 2108.92
FRAME: 228
25.4834 240.73 2022.85
-72.1396 -264.32 1906.62
-83.1771 -1096.38 2326.01
55.9633 -349.232 1638.8
-44.7143 -387.313 2100.24
-45.1672 -739.142 2136.01
-128.691 -10.6655 2062.58
13.7705 6.19994 2102.52
212.038 -240.936 2219.34
10.4114 -969.698 2083.07
183.264 -477.948 2046.59
111.838 -368.245 2146.07
66.312 -773.169 2018.94
156.232 23.0654 2142.45
23.6661 -185.79 2112.83
FRAME: 229
27.2372 255.364 2050.44
-90.28 -258.426 1938.55
-103.318 -1017.62 2320.6
20.7455 -356.587 1662.34
-56.737 -383.558 2106.23
-49.246 -740.26 2126.25
-129.246 2.42661 2078.9
14.7166 12.8334 2120.26
213.26 -240.989 2233.9
0.992282 -1013.84 2134.38
174.138 -482.497 2051.13
103.242 -371.477 2156.9
63.6044 -773.537 2039.15
158.68 23.2401 2161.62
18.9845 -182.342 2125.91
FRAME: 230
26.574 265.826 2066.78
-104.422 -249.887 1964.56
-106.024 -996.096 2277.16
11.3817 -350.816 1670.3
-74.4473 -375.617 2145.01
-78.8983 -721.689 2101.53
-130.119 17.3096 2098.16
14.1111 22.3376 2142.25
213.924 -239.95 2249.52
16.4537 -1013.52 2116.1
167.314 -483.458 2063.12
93.3645 -369.763 2203.14
76.6186 -774.967 2046.04
158.341 27.3655 2186.34
11.7848 -175.176 2158.16
FRAME: 231
23.3508 278.39 2094.27
-117.73 -247.786 2008.2
-80.4122 -978.93 2286.1
-11.9599 -347.857 1705.15
-76.1448 -364.818 2193.02
-60.2319 -747.29 2127.86
-135.312 28.0181 2137.41
12.2223 33.1831 2167.99
217.74 -231.843 2254.18
-6.87108 -974.142 2158.05
162.482 -466.696 2067.02
84.3655 -358.093 2231.48
50.1632 -762.654 2106.63
159.757 38.3481 2198.57
8.1663 -164.136 2190.12
FRAME: 232
20.2969 287.274 2119.28
-124.388 -241.579 2048.38
-65.2392 -995.964 2353.99
-32.2243 -349.86 1763.45
-79.5115 -363.022 2239.92
-58.5613 -726.688 2190.55
-137.61 37.0618 2172.98
11.7044 44.2541 2195.21
218.235 -226.052 2263.84
18.0603 -1063.59 2142.09
153.886 -460.134 2075.83
96.8704 -354.098 2267.78
49.6696 -744.109 2148.31
161.019 51.4464 2217.43
10.1919 -157.153 2224.53
FRAME: 233
16.5743 303.318 2147.71
-149.819 -229.468 2093.85
-82.2085 -966.93 2367.94
-48.3918 -341.054 1788.02
-84.0667 -356.098 2273.17
-80.7581 -731.054 2198.36
-145.585 48.1471 2208.21
7.2052 55.9146 2225.73
217.74 -218.283 2286.92
21.2168 -1058.66 2136.71
150.296 -444.071 2100.75
96.9884 -346.498 2295.71
55.8346 -743.011 2179.92
159.995 63.6821 2243.25
6.83301 -147.692 2255.09
FRAME: 234
13.1875 314.566 2177.34
-145.792 -232.025 2112.63
-65.3815 -1017.48 2403.22
-52.2684 -327.423 1830.84
-87.0234 -344.278 2300.35
-93.5426 -717.992 2282.74
-150.365 60.2152 2231.78
4.21418 69.3506 2254.89
216.658 -209.278 2317.84
13.6151 -1069.58 2171.67
146.061 -433.647 2132.64
93.5901 -332.984 2329.58
37.5976 -741.314 2213.67
158.793 78.486 2278.01
3.74876 -134.64 2284.93
FRAME: 235
5.49677 336.441 2220.29
-172.354 -195.83 2215.61
-48.999 -973.405 2415.46
-94.9072 -326.046 1902.36
-96.4004 -318.777 2331.94
-83.3859 -715.948 2348.5
-156.789 81.4614 2276.16
-2.88589 84.744 2291.63
218.38 -195.692 2348.1
30.6049 -1025.68 2237.9
142.125 -414.114 2164.93
77.498 -313.76 2352.06
33.1158 -736.308 2271.91
151.017 88.0266 2307.11
-6.16856 -115.762 2316.82
FRAME: 236
1.44614 350.37 2258.38
-177.411 -195.349 2238.96
-31.3348 -1011.6 2544.73
-102.261 -332.904 1960.44
-90.649 -312.413 2368.71
-92.4243 -718.095 2421.89
-159.329 96.4813 2309.85
-4.6034 104.361 2328.43
217.049 -177.834 2381.45
20.6181 -1052.71 2228.16
129.531 -405.269 2203.12
88.5082 -302.126 2392.89
38.5973 -721.907 2303.78
150.122 112.24 2347.01
-2.83688 -101.454 2354.61
FRAME: 237
-2.46464 367.926 2290.82
-178.585 -180.632 2278.53
-14.5065 -1017.7 2606.23
-116.172 -354.644 2003.93
-87.6955 -298.192 2405.81
-100.786 -694.405 2465.89
-162.773 111.146 2349.06
-6.84864 120.987 2365.28
216.597 -154.626 2419.01
24.9906 -1037.42 2261.17
133.821 -383.125 2246.73
95.0981 -285.442 2427.86
46.4398 -703.888 2333.62
149.076 130.827 2381.5
-1.57367 -85.4151 2391.06
FRAME: 238
-6.28618 382.804 2323.97
-183.949 -172.926 2314.54
-13.8616 -1021.2 2681.48
-128.831 -379.758 2069.22
-94.0821 -284.267 2450.38
-111.52 -701.634 2516.6
-167.395 125.171 2387.74
-9.47592 134.602 2399.47
211.205 -140.989 2456.61
27.7018 -1053.88 2321.6
137.998 -365.68 2288.93
100.218 -272.743 2464.74
44.2123 -689.799 2372.75
148.443 144.033 2411.2
-3.20409 -71.9517 2428.51
FRAME: 239
-8.34292 408.437 2379.62
-210.14 -162.297 2403.99
-4.39289 -1021.07 2759.3
-165.619 -364.332 2192.07
-84.9546 -259.726 2532.02
-110.537 -683.677 2585.81
-174.494 144.81 2446.31
-12.9856 158.622 2459.72
208.203 -112.001 2517.81
32.8098 -1045.05 2377.25
143.094 -336.089 2365.3
105.817 -243.111 2548.78
43.1715 -669.833 2427.72
148.523 172.435 2473.13
-1.27714 -46.3982 2500.06
FRAME: 240
-13.2156 423.731 2407.84
-220.286 -148.171 2454.18
-7.03153 -1017.75 2799.29
-197.116 -378.664 2272.78
-90.3776 -247.195 2559.84
-103.995 -682.881 2637.79
-179.458 161.694 2476.18
-16.4479 175.14 2486.7
203.54 -96.0111 2548.07
43.5671 -1041.22 2403.45
144.333 -338.633 2395.36
102.574 -231.032 2573.06
48.9367 -657.662 2446.08
146.562 188.586 2497.23
-5.17487 -31.9869 2526.58
FRAME: 241
-15.2084 438.449 2435.34
-229.477 -136.029 2516.26
-7.874 -1013.15 2831.69
-222.088 -388.448 2342.68
-94.7488 -235.277 2582.08
-97.1907 -677.707 2660.59
-182.965 179.843 2505.26
-18.9557 191.578 2511.4
208.332 -79.7158 2583.54
50.3723 -1054.9 2455.24
170.102 -337.895 2451.46
100.43 -221.181 2589.81
53.5445 -653.155 2468.21
145.053 203.313 2517.54
-8.05753 -18.3257 2548.67
FRAME: 242
-14.9764 451.724 2456.19
-236.46 -117.669 2565.05
-5.50669 -1018.44 2859.46
-241.802 -391.539 2410.86
-100.872 -225.392 2611.37
-90.8534 -674.38 2689.17
-185.187 191.788 2531.6
-20.0076 202.247 2536.44
197.554 -66.7092 2614.71
58.049 -1040.13 2458.86
182.534 -329.666 2495.41
97.5943 -212.786 2617.33
62.2093 -647.525 2491.11
145.172 212.705 2541.29
-10.8232 -8.42114 2575.4
FRAME: 243
-16.1516 458.054 2475.51
-242.875 -110.34 2590.3
-9.75525 -1010.93 2896.9
-261.143 -394.977 2463.42
-105.095 -212.382 2635.7
-80.7964 -662.005 2718.45
-187.336 205.622 2546.69
-20.6 216.449 2556.2
192.899 -56.5884 2634.09
66.4927 -1032.63 2538.46
187.669 -332.74 2526.72
98.0415 -199.267 2647.05
61.3241 -632.729 2512.07
146.136 227.276 2565.71
-12.0633 5.31227 2598.79
FRAME: 244
-14.3553 469.602 2493.05
-245.551 -85.8253 2637.26
-12.688 -1017.96 2927.26
-277.596 -377.406 2543.95
-108.974 -203.414 2652.58
-85.0634 -655.232 2732.94
-188.425 215.034 2567.78
-21.5333 224.132 2574.38
192.771 -44.2862 2663.08
75.9607 -1037.41 2623.68
201.561 -326.867 2568.95
95.2514 -192.378 2660.3
68.4303 -626.337 2543.62
145.359 233.23 2580.98
-14.1973 13.118 2615.41
FRAME: 245
-15.4817 484.778 2523.28
-256.135 -58.1018 2690.66
-16.6034 -1023.74 2937.15
-294.476 -363.322 2654.78
-110.805 -191.948 2677.74
-92.2394 -644.601 2767.68
-189.419 227.653 2594.26
-22.1234 235.48 2598.61
187.153 -40.4015 2690.23
84.1091 -1023.96 2707.2
215.17 -325.557 2623.31
93.5582 -182.462 2682.73
78.8427 -617.703 2585.67
145.172 243.308 2602.95
-15.3735 24.1377 2639.42
FRAME: 246
-14.2592 493.213 2540.79
-261.607 -54.7618 2714.3
-18.3035 -1011.92 2959.86
-305.736 -360.075 2703.38
-113.807 -178.04 2705.8
-94.3081 -627.911 2796.41
-191.41 238.546 2610.93
-22.2602 247.036 2620.21
179.785 -32.2165 2707.71
82.7159 -1001.05 2756.48
216.951 -315.311 2664.02
91.2898 -167.794 2716.92
82.2701 -602.343 2617.47
146.89 255.526 2629.49
-16.7594 37.0595 2665.79
FRAME: 247
-13.9242 499.682 2557.93
-261.214 -43.3587 2748.37
-19.5454 -1017.31 2954.94
-307.191 -343.039 2779.08
-114.965 -176.099 2720.08
-92.8742 -626.761 2807.79
-192.424 240.489 2633.16
-23.4315 247.197 2636.57
181.246 -26.6839 2733.19
88.7079 -1007.68 2835.78
226.846 -313.099 2704.85
90.0152 -168.024 2724.06
93.5253 -613.549 2662.88
145.561 253.905 2639.97
-17.9531 37.5676 2679.32
FRAME: 248
-12.5139 506.067 2569.23
-261.557 -36.8337 2772.23
-21.5319 -1016.24 2967.54
-302.725 -332.973 2808.2
-115.799 -164.885 2736.82
-94.7983 -613.267 2830.73
-191.732 249.621 2644.03
-22.8715 256.37 2649.09
179.028 -16.5829 2753.59
92.3193 -991.189 2878.13
227.139 -303.084 2723.8
89.11 -156.747 2742.8
94.1593 -602.277 2692.58
145.989 263.12 2654.14
-18.1081 47.7772 2694.45
FRAME: 249
-11.3484 509.631 2581.88
-259.025 -34.7742 2791.28
-21.32 -1020.01 2977.22
-298.809 -328.297 2844.03
-112.476 -161.875 2753.91
-90.6711 -609.036 2850.34
-192.107 250.215 2659.18
-22.5833 257.889 2663.95
181.147 -13.5511 2766.45
95.2699 -993.596 2911.08
223.469 -294.558 2754.23
91.3593 -152.65 2759.75
98.6723 -603.939 2732.5
146.941 265.562 2668.72
-16.5709 50.3131 2710.39
FRAME: 250
-6.97616 517.304 2596.09
-254.792 -30.5159 2804.54
-22.1233 -1016.47 2987.2
-301.754 -318.408 2875.47
-112.689 -156.265 2761.9
-88.3135 -600.375 2865.33
-190.881 255.559 2669.18
-20.0712 262.828 2677.11
181.86 -10.8816 2782.96
98.5106 -987.345 2944.56
229.043 -289.192 2776
92.55 -147.533 2771.56
104.166 -593.96 2770.86
150.739 270.096 2685.05
-15.0704 55.4641 2721.92
FRAME: 251
-5.98452 518.6 2607.49
-251.41 -26.9788 2814.23
-20.2749 -1024.64 2999.56
-293.822 -309.173 2896.33
-109.957 -153.681 2780.38
-88.2036 -598.283 2883.32
-188.387 254.605 2682.7
-17.9688 262.929 2691.31
183.818 -8.55305 2795.33
101.257 -986.477 2977.48
235.192 -284.427 2804.58
98.2265 -143.543 2790.59
105.643 -594.152 2793.08
152.449 271.252 2699.92
-11.9169 57.1585 2738.4
FRAME: 252
-1.35053 520.76 2611.3
-247.061 -18.6241 2822.43
-18.5779 -1022.37 3018.7
-288.814 -301.724 2913.2
-110.277 -143.908 2789.66
-93.9896 -581.681 2907.42
-184.829 264.935 2684.34
-14.3857 272.447 2696.21
185.197 -1.41747 2802.64
99.7213 -982.711 3009.17
231.031 -274.464 2783.71
98.4039 -134.711 2803.86
103.799 -588.802 2823.08
156.057 279.96 2708.09
-10.1611 66.569 2746.49
FRAME: 253
5.63541 523.689 2623.46
-237.065 -14.0278 2833.16
-13.1254 -1031.95 3031.79
-275.137 -301.85 2917.86
-107.513 -138.632 2805.69
-88.4395 -579.15 2923.43
-179.039 272.694 2695.43
-8.79118 278.613 2707.83
192.973 2.82387 2818.71
98.9454 -977.705 3039.99
232.807 -278.831 2814.05
99.3069 -131.433 2820.63
101.382 -585.936 2869.26
161.457 284.533 2720.24
-6.44709 71.7903 2760.5
FRAME: 254
15.7566 526.156 2633
-226.555 -12.9472 2841.13
-3.03963 -1036.96 3045.06
-262.673 -310.088 2924.83
-105.963 -135.034 2817.99
-93.8278 -576.222 2929.76
-173.973 278.264 2703.01
-3.89093 282.089 2715
193.111 9.87898 2826.14
92.9686 -976.219 3052.73
240.304 -278.049 2831.42
98.2541 -130.505 2832.48
99.4298 -581.188 2901.08
166.192 285.914 2726.99
-3.87262 74.66 2770.12
FRAME: 255
22.423 531.024 2647.99
-218.876 -17.7068 2852.01
2.15101 -1051.01 3046.36
-255.56 -308.094 2915
-104.393 -138.226 2828.22
-88.7824 -591.891 2927.97
-169.452 278.075 2716.98
0.319267 280.82 2728.81
201.83 10.3378 2843.13
87.3636 -992.52 3060.12
246.124 -271.8 2829.3
100.774 -134.934 2842.51
93.5167 -589.588 2921.75
170.09 283.565 2740.65
-0.745149 72.1198 2782.09
FRAME: 256
28.1037 528.461 2657.29
-213.679 -19.7931 2850.39
14.174 -1054.13 3057.17
-240.809 -320.01 2906.93
-101.829 -136.411 2836.38
-88.7704 -589.579 2932.68
-161.893 281.459 2722.19
7.66398 282.797 2738.83
205.164 4.87523 2850.74
84.4473 -994.776 3077.71
248.334 -271.48 2830.01
100.814 -134.851 2856.43
89.8123 -591.879 2936.71
177.221 284.134 2755.48
3.57817 73.5826 2792.62
FRAME: 257
35.7853 531.874 2668.34
-205.209 -9.08692 2839.71
29.6431 -1050.22 3063.27
-234.299 -310.225 2896.54
-92.0693 -128.454 2842.09
-85.915 -581.161 2930.98
-151.934 288.952 2723.61
15.6563 291.538 2745.71
209.113 10.1416 2857.47
95.6264 -974.552 3092.7
245.011 -274.126 2831.34
105.779 -125.417 2868.71
98.1288 -573.695 2953.33
183.247 294.125 2767.81
11.2556 82.3015 2800.55
FRAME: 258
40.5844 534.505 2679.35
-197.994 -16.3126 2855.6
6.76349 -1057.27 3052.5
-220.849 -319.647 2860.72
-83.565 -141.715 2867.68
-84.9175 -609.367 2932.07
-152.108 275.246 2749.81
15.8914 278.962 2765.43
211.832 -0.0190774 2874.31
87.1572 -1008.32 3086.75
257.737 -266.074 2828.27
110.328 -137.418 2886.24
100.669 -596.678 2955.55
183.891 282.678 2781.06
14.6365 69.6978 2821.2
FRAME: 259
46.0806 534.859 2688.88
-199.444 -5.3702 2839.3
20.518 -1052.37 3062.96
-215.115 -316.009 2846.86
-88.04 -129.48 2849.45
-86.5852 -583.296 2933.66
-144.913 286.952 2733.82
20.7665 289.749 2762.36
214.328 12.2114 2883.27
85.5645 -983.388 3096.12
255.399 -265.892 2839.35
107.267 -126.217 2883.62
98.517 -579.715 2967.5
186.446 292.546 2790.9
15.1901 80.9503 2814.45
FRAME: 260
49.2984 536.621 2691.42
-196.433 -9.64093 2839.91
25.6563 -1052.93 3071.56
-203.729 -320.783 2815.95
-84.3991 -129.004 2863.47
-79.4915 -585.645 2942.37
-141.838 287.14 2741.31
23.8778 291.564 2771.2
218.192 15.5108 2889.57
85.1609 -982.873 3100.8
253.226 -269.756 2836.22
112.682 -123.742 2899.32
102.313 -579.788 2974.19
189.594 295.988 2801.09
19.0096 82.5955 2826.3
FRAME: 261
58.8371 537.421 2702.13
-189.465 -8.19035 2835.73
21.617 -1049.99 3071.12
-180.52 -319.404 2773.52
-82.7069 -128.15 2870.84
-70.9941 -584.391 2942.3
-131.887 288.732 2749.64
31.6982 291.226 2782.76
221.309 13.0438 2906.46
83.9442 -986.418 3098
261.197 -265.728 2847.02
112.587 -125.184 2910.56
101.008 -579.29 2986.49
195.283 293.721 2815.87
23.3192 82.2798 2836.73
FRAME: 262
66.272 538.4 2711.46
-183.847 -10.7533 2843.11
23.961 -1044.67 3056.92
-162.824 -310.88 2744.2
-80.2571 -133.508 2890.26
-67.5705 -628.257 2941.54
-128.142 285.657 2771.56
34.7974 286.35 2797.97
219.936 5.81723 2905.39
82.9687 -1012.81 3096.79
276.961 -272.401 2849.39
115.155 -132.701 2922.05
104.646 -594.24 2983.46
197.737 287.042 2824.38
26.1231 76.6225 2852.06
FRAME: 263
75.8387 538.583 2715.12
-180.702 -5.37199 2827.97
55.3962 -1051.05 3076.7
-152.444 -311.201 2726.84
-76.9138 -117.787 2883.13
-56.0124 -623.428 2957.56
-118.171 299.164 2763.16
43.7887 298.498 2796.84
225.552 14.1156 2910.81
88.4868 -982.421 3108.43
273.36 -262.441 2847.71
114.651 -118.63 2923.45
101.224 -571.467 2999.2
205.749 297.832 2830.52
31.3287 90.1447 2850.06
FRAME: 264
81.3414 542.367 2726.93
-177.362 -1.17702 2839.31
31.08 -1016.77 3054.6
-143.275 -294.063 2711.12
-69.7661 -127.795 2886.37
-35.3417 -597.046 2951.48
-114.622 293.424 2782.28
45.1116 292.168 2811.87
226.283 11.9863 2927.42
86.8728 -995.46 3093.11
281.288 -248.599 2852.68
117.327 -129.284 2921.32
108.314 -581.49 2994.53
204.845 290.912 2841.47
34.4461 81.8141 2857.86
FRAME: 265
88.3451 542.026 2733.37
-176.812 1.08515 2830.03
30.8297 -1038.64 3063.85
-131.377 -281.085 2694.71
-76.2562 -115.567 2886.97
-65.7932 -629.196 2960.07
-111.526 305.854 2781.98
49.9555 300.934 2812.78
232.006 11.4035 2926.88
85.903 -987.408 3102.4
284.817 -266.385 2856.18
114.307 -121.749 2923.74
115.411 -570.224 2996
211.437 296.015 2843.58
34.4904 91.1383 2859.07
FRAME: 266
94.9491 545.308 2740.19
-174.67 6.32253 2835.43
28.4735 -1025.42 3064.84
-124.851 -272.823 2669.66
-69.5773 -111.635 2894.91
-72.203 -615.46 2952.94
-109.049 306.056 2788.24
52.173 303.131 2821.24
233.138 3.82452 2939.27
86.6288 -990.549 3105.4
286.502 -270.875 2871.42
117.685 -115.249 2933.89
121.969 -563.803 2998.73
213.395 300.205 2854.24
38.1134 94.8444 2867.82
FRAME: 267
95.2241 542.673 2733.73
-170.213 -1.5143 2827.07
25.7641 -1041.87 3068.6
-127.935 -267.549 2676.38
-77.4864 -104.906 2904.76
-71.0379 -626.381 2963.81
-111.038 309.109 2788.23
50.9534 305.38 2822.03
237.282 9.31884 2949.33
79.8189 -980.234 3112.32
286.364 -262.855 2880.94
113.112 -109.489 2944.95
131.64 -555.066 2997.42
212.945 301.651 2855.83
34.383 99.0913 2873.44
FRAME: 268
96.5141 540.309 2741.7
-167.514 6.73393 2829.29
26.5263 -1046.88 3065.46
-112.2 -273.465 2679.93
-76.7514 -107.846 2903.05
-79.0115 -628.662 2963.58
-109.404 308.779 2789.22
52.6733 304.615 2825.55
241.481 8.74726 2959.77
78.4558 -980.862 3117.34
293.934 -273.22 2896.04
111.823 -112.954 2946.03
138.46 -555.201 2992.75
214.75 300.451 2861.88
35.1047 97.1076 2875.04
FRAME: 269
99.2231 542.589 2745.54
-158.5 0.156702 2838.35
28.9009 -1051.13 3061.23
-115.939 -276.422 2688.05
-63.2449 -125.763 2902.39
-56.575 -625.596 2962.19
-108.678 296.747 2801.11
53.4298 295.849 2835.78
247.543 8.18867 2972.33
81.4137 -992.173 3114.42
290.469 -262.537 2910
126.914 -126.934 2943.45
148.971 -560.714 2994.45
215.538 294.95 2870.45
42.6322 84.7501 2879.35
FRAME: 270
109.242 540.432 2749.25
-154.839 4.22359 2829.96
36.7686 -1045.03 3075.13
-110.078 -271.017 2698.44
-67.7826 -112.568 2906.52
-68.3505 -615.781 2962.29
-98.6057 306.988 2795.94
63.682 303.023 2836.6
254.52 8.32196 2977.55
70.9391 -977.185 3135.27
298.717 -272.573 2935.71
125.842 -117.376 2955.38
143.08 -556.551 3000.94
225.97 299.058 2877.26
46.3559 94.0256 2883.78
FRAME: 271
116.355 542.768 2754.6
-152.183 -11.7592 2845.17
24.4405 -1040.34 3068.71
-114.602 -286.691 2709.11
-63.2029 -112.999 2919.49
-63.196 -599.552 2960.08
-96.1766 304.362 2805.44
65.4743 300.957 2843.23
255.009 9.41855 2983.05
74.1117 -994.159 3121.43
293.565 -248.033 2933.13
128.15 -117.144 2964.56
139.297 -559.367 3002.61
227.125 297.552 2881.03
48.974 92.9426 2892.63
FRAME: 272
124.355 540.199 2759.17
-152.991 -10.0212 2841.19
28.9357 -1025.34 3068.94
-110.408 -289.204 2713.4
-61.8647 -109.869 2912.78
-64.3605 -593.395 2959.52
-90.2477 306.834 2799.77
71.1985 301.791 2840.48
257.852 10.9956 2991.34
80.7358 -995.124 3123.41
292.937 -255.624 2952.87
128.497 -116.055 2961.16
143.319 -559.02 3003.59
232.645 296.749 2881.19
52.2573 94.4147 2888.72
FRAME: 273
129.846 542.879 2766.59
-148.45 -9.17776 2851.96
35.3598 -1037.86 3067.44
-113.105 -289.545 2733.7
-59.6231 -108.075 2914.28
-64.7667 -587.762 2953.7
-87.7697 308.164 2803.92
73.2892 303.531 2846.01
255.849 17.0202 2988.59
81.6942 -995.342 3118.49
290.903 -249.892 2962.39
131.56 -113.692 2964.62
141.616 -556.284 3003.66
234.348 298.899 2888.1
54.6289 96.324 2892.73
FRAME: 274
133.31 542.113 2772.99
-144.824 -0.725779 2857.89
35.254 -1048.73 3064.67
-121.217 -291.352 2761.69
-51.6218 -110.739 2906.93
-44.7346 -600.063 2960.6
-83.8945 307.617 2803.1
76.1253 303.351 2846.86
255.167 25.6301 2995.69
86.3741 -996.485 3113.09
293.224 -252.598 2963.01
133.87 -116.099 2958.18
143.681 -561.791 3001.39
236.145 299.085 2890.61
58.6247 94.966 2889.7
FRAME: 275
134.898 540.343 2772.87
-148.881 -4.23681 2853.02
16.4413 -1019 3054.42
-127.882 -302.763 2773.43
-54.1837 -109.034 2906.83
-45.6319 -595.799 2952.19
-81.1696 308.287 2799.14
78.736 302.931 2843.2
257.452 28.879 3004.07
82.4972 -1005.78 3115.47
293.505 -247.469 2966.13
133.75 -115.776 2959.19
133.266 -566.241 3018.89
238.642 297.575 2887.25
59.2595 95.2628 2888.1
FRAME: 276
138.777 544.617 2779.18
-146.277 -1.38638 2863.36
21.5098 -1025.38 3055.15
-141.247 -298.355 2788.65
-43.5568 -113.033 2903.92
-25.9364 -592.958 2950.01
-79.3428 307.023 2804.24
79.1951 302.679 2846.93
254.66 27.7966 3007.47
85.1923 -1011.96 3105.87
297.3 -254.955 2986.25
136.744 -118.709 2953.06
131.671 -571.916 3015.11
237.733 298.335 2889.63
62.8944 93.4041 2887.71
FRAME: 277
138.923 539.087 2779.47
-149.886 6.90284 2847.84
28.4718 -1034.11 3061.14
-144.619 -296.383 2793.97
-59.4131 -102.962 2894.45
-23.4734 -556.578 2953.15
-71.6143 319.257 2789.03
87.1364 308.926 2838.68
261.445 22.1078 2994.35
81.2916 -1008.83 3116.9
295.937 -263.344 2956.75
129.028 -115.793 2953.82
128.444 -569.53 3026.75
245.887 298.594 2888.34
60.9718 99.7743 2881.41
FRAME: 278
141.498 542.778 2783.95
-146.734 3.40629 2860.72
23.2943 -1030.69 3056.23
-158.007 -293.02 2816.29
-46.2771 -114.082 2901.55
2.83807 -582.749 2967.38
-73.3777 310.075 2800.15
84.3356 303.828 2846.34
256.21 20.0386 3001.44
82.3274 -1017.93 3113.53
299.871 -255.623 2961.39
136.361 -121.926 2955.62
135.257 -581.281 3026.03
242.049 297.58 2892.53
64.6888 92.9119 2887.46
FRAME: 279
144.87 546.48 2797.55
-145.364 5.3405 2862.26
23.0724 -1033.82 3045.26
-168.971 -295.551 2836.73
-45.8722 -113.293 2893.2
-7.53362 -565.276 2954.39
-69.9675 313.205 2801.68
86.3089 305.38 2851.24
254.906 22.2085 3000.75
82.15 -1015.46 3109.72
304.781 -259.135 2964.48
135.722 -123.079 2951.41
134.269 -579.342 3022.97
242.585 297.555 2900.8
65.6168 93.5972 2886.77
FRAME: 280
129.868 540.193 2800.82
-143.537 -3.00973 2858.76
30.2473 -1042.31 3046.95
-174.859 -308.729 2847.58
-34.6892 -127.725 2894.35
-10.9232 -569.583 2952.13
-73.0737 298.963 2801.61
81.8111 297.502 2852.61
249.949 20.5451 3002.03
82.384 -1022.39 3108.5
301.689 -257.384 2953.73
145.777 -129.65 2953.91
139.26 -584.893 3025.07
236.696 296.041 2903.61
68.6774 84.4072 2888.37
FRAME: 281
120.816 532.115 2802.91
-146.642 -4.22323 2855.92
21.8375 -1038.93 3038.89
-186.272 -300.758 2853.64
-30.9329 -138.457 2886.38
-14.2371 -586.356 2943.85
-76.2156 289.097 2800.7
78.3036 289.323 2851.06
247.337 14.3275 2999.45
75.744 -1025.71 3106.25
298.16 -267.784 2946.05
149.116 -138.381 2945.36
134.565 -589.742 3022.31
232.823 289.548 2901.43
68.6977 75.4516 2883.47

