FRAME: 0
0 0 0
0 0 0
0 0 0
0 0 0
0 0 0
0 0 0
0 0 0
0 0 0
0 0 0
0 0 0
0 0 0
0 0 0
0 0 0
0 0 0
0 0 0
FRAME: 1
0 0 0
0 0 0
0 0 0
0 0 0
0 0 0
0 0 0
0 0 0
0 0 0
0 0 0
0 0 0
0 0 0
0 0 0
0 0 0
0 0 0
0 0 0
FRAME: 2
0 0 0
0 0 0
0 0 0
0 0 0
0 0 0
0 0 0
0 0 0
0 0 0
0 0 0
0 0 0
0 0 0
0 0 0
0 0 0
0 0 0
0 0 0
FRAME: 3
0 0 0
0 0 0
0 0 0
0 0 0
0 0 0
0 0 0
0 0 0
0 0 0
0 0 0
0 0 0
0 0 0
0 0 0
0 0 0
0 0 0
0 0 0
FRAME: 4
0 0 0
0 0 0
0 0 0
0 0 0
0 0 0
0 0 0
0 0 0
0 0 0
0 0 0
0 0 0
0 0 0
0 0 0
0 0 0
0 0 0
0 0 0
FRAME: 5
0 0 0
0 0 0
0 0 0
0 0 0
0 0 0
0 0 0
0 0 0
0 0 0
0 0 0
0 0 0
0 0 0
0 0 0
0 0 0
0 0 0
0 0 0
FRAME: 6
0 0 0
0 0 0
0 0 0
0 0 0
0 0 0
0 0 0
0 0 0
0 0 0
0 0 0
0 0 0
0 0 0
0 0 0
0 0 0
0 0 0
0 0 0
FRAME: 7
0 0 0
0 0 0
0 0 0
0 0 0
0 0 0
0 0 0
0 0 0
0 0 0
0 0 0
0 0 0
0 0 0
0 0 0
0 0 0
0 0 0
0 0 0
FRAME: 8
0 0 0
0 0 0
0 0 0
0 0 0
0 0 0
0 0 0
0 0 0
0 0 0
0 0 0
0 0 0
0 0 0
0 0 0
0 0 0
0 0 0
0 0 0
FRAME: 9
0 0 0
0 0 0
0 0 0
0 0 0
0 0 0
0 0 0
0 0 0
0 0 0
0 0 0
0 0 0
0 0 0
0 0 0
0 0 0
0 0 0
0 0 0
FRAME: 10
0 0 0
0 0 0
0 0 0
0 0 0
0 0 0
0 0 0
0 0 0
0 0 0
0 0 0
0 0 0
0 0 0
0 0 0
0 0 0
0 0 0
0 0 0
FRAME: 11
0 0 0
0 0 0
0 0 0
0 0 0
0 0 0
0 0 0
0 0 0
0 0 0
0 0 0
0 0 0
0 0 0
0 0 0
0 0 0
0 0 0
0 0 0
FRAME: 12
0 0 0
0 0 0
0 0 0
0 0 0
0 0 0
0 0 0
0 0 0
0 0 0
0 0 0
0 0 0
0 0 0
0 0 0
0 0 0
0 0 0
0 0 0
FRAME: 13
0 0 0
0 0 0
0 0 0
0 0 0
0 0 0
0 0 0
0 0 0
0 0 0
0 0 0
0 0 0
0 0 0
0 0 0
0 0 0
0 0 0
0 0 0
FRAME: 14
0 0 0
0 0 0
0 0 0
0 0 0
0 0 0
0 0 0
0 0 0
0 0 0
0 0 0
0 0 0
0 0 0
0 0 0
0 0 0
0 0 0
0 0 0
FRAME: 15
0 0 0
0 0 0
0 0 0
0 0 0
0 0 0
0 0 0
0 0 0
0 0 0
0 0 0
0 0 0
0 0 0
0 0 0
0 0 0
0 0 0
0 0 0
FRAME: 16
0 0 0
0 0 0
0 0 0
0 0 0
0 0 0
0 0 0
0 0 0
0 0 0
0 0 0
0 0 0
0 0 0
0 0 0
0 0 0
0 0 0
0 0 0
FRAME: 17
0 0 0
0 0 0
0 0 0
0 0 0
0 0 0
0 0 0
0 0 0
0 0 0
0 0 0
0 0 0
0 0 0
0 0 0
0 0 0
0 0 0
0 0 0
FRAME: 18
0 0 0
0 0 0
0 0 0
0 0 0
0 0 0
0 0 0
0 0 0
0 0 0
0 0 0
0 0 0
0 0 0
0 0 0
0 0 0
0 0 0
0 0 0
FRAME: 19
0 0 0
0 0 0
0 0 0
0 0 0
0 0 0
0 0 0
0 0 0
0 0 0
0 0 0
0 0 0
0 0 0
0 0 0
0 0 0
0 0 0
0 0 0
FRAME: 20
0 0 0
0 0 0
0 0 0
0 0 0
0 0 0
0 0 0
0 0 0
0 0 0
0 0 0
0 0 0
0 0 0
0 0 0
0 0 0
0 0 0
0 0 0
FRAME: 21
47.6976 531.312 2649.13
-116.041 79.7469 2703.2
184.585 -786.012 3070.65
-374.468 -54.5738 2534.64
127.729 -98.0063 2876.23
82.4262 -532.43 2868.48
17.5324 296.378 2793.8
167.06 303.516 2736.28
425.97 96.0503 2764.43
217.701 -896.767 2983.45
522.293 -179.013 2717.66
322.175 -88.5192 2801.6
231.894 -528.67 2749.81
316.588 310.654 2678.76
196.006 105.127 2787.6
FRAME: 22
48.9504 528.779 2636.67
-104.577 89.1094 2685.47
170.334 -744.266 3111.92
-343.806 -43.6205 2468.82
127.287 -97.5817 2868.7
79.7048 -541.619 2863.95
20.5375 301.922 2778.19
170.286 310.319 2730.17
439.398 110.64 2779.12
217.479 -895.825 2969.59
536.239 -179.778 2725.05
326.119 -86.4605 2804.99
236.301 -527.917 2753.7
320.034 318.716 2682.16
198.494 109.149 2783.51
FRAME: 23
50.1172 528.96 2629.79
-98.6466 85.5806 2663.26
151.559 -727.799 3111.1
-309.262 -53.5466 2499.14
129.34 -84.8165 2862.74
80.9128 -532.709 2862.1
26.5449 299.305 2769.8
175.447 309.14 2726.6
436.901 121.791 2779.29
215.623 -895.462 2962.48
555.037 -156.942 2741.1
332.773 -71.5811 2804.36
253.256 -517.815 2765.43
324.35 318.975 2683.4
203.252 115.471 2780.08
FRAME: 24
53.4606 532.151 2623.83
-95.2851 86.1342 2651.23
159.202 -739.727 3058.02
-310.555 -7.17605 2450.06
129.8 -84.0364 2856.15
81.5284 -519.878 2860.44
25.6425 302.691 2757.19
174.435 313.915 2717.46
437.639 129.386 2778.97
218.584 -903.039 2961.27
563.44 -143.153 2742.71
333.637 -68.8143 2802.66
264.06 -512.551 2764.1
323.228 325.139 2677.73
203.077 118.745 2773.43
FRAME: 25
58.0305 539.894 2615.47
-87.3012 94.0591 2622.71
155.489 -732.961 3061.6
-298.526 105.301 2270.24
130.494 -75.1642 2851.79
83.1422 -521.328 2857.71
26.1798 307.997 2752.69
174.301 319.56 2714.97
436.757 138.691 2779.55
218.963 -890.677 2949.95
571.269 -118.132 2765.8
332.513 -59.5457 2800.8
266.611 -495.785 2765.78
322.421 331.123 2677.24
202.902 126.103 2770.63
FRAME: 26
67.3136 554.798 2604.42
-78.9194 115.235 2572.65
175.857 -747.966 3079.98
-181.677 123.17 2194.3
129.912 -76.6304 2846.7
94.1688 -519.662 2863.16
26.9698 313.328 2729.11
177.561 326.956 2702.1
438.847 149.631 2780.74
220.275 -896.568 2959.92
573.304 -106.145 2770.79
338.442 -57.829 2809.71
268.627 -499.717 2773.72
328.153 340.584 2675.1
205.869 129.863 2765.15
FRAME: 27
74.0056 568.277 2598.43
-71.2033 149.09 2556.22
181.82 -738.53 3061.17
-151.746 157.161 2207.78
128.801 -69.0403 2841.71
98.0188 -509.732 2864.94
27.5942 326.872 2728.02
178.387 339.645 2701.67
440.199 155.505 2782.48
224.658 -882.377 2954.02
571.838 -99.8707 2776.46
336.882 -51.4487 2805.53
273.398 -489.685 2777.35
329.181 352.419 2675.31
205.614 139.7 2762.64
FRAME: 28
89.8155 592.455 2576.84
-63.6152 180.283 2528.55
176.116 -733.625 3063.73
-127.079 244.4 2153.41
126.503 -59.4168 2839.7
101.336 -494.236 2871.31
26.1358 345.728 2715.62
178.455 359.063 2692.18
441.14 179.329 2786.03
227.22 -881.065 2954.62
568.508 -86.4508 2799.07
341.363 -40.5473 2807.01
281.165 -476.853 2792.72
330.773 372.398 2668.74
206.194 154.54 2757.77
FRAME: 29
100.349 605.724 2565.03
-69.374 184.377 2502.17
162.233 -714.352 3080.21
-126.937 235.046 2128.6
123.763 -45.9548 2837.03
102.256 -480.875 2872.29
24.3552 355.74 2702.59
179.11 370.074 2682.58
438.737 186.839 2785.43
231.301 -876.068 2955.88
561.29 -79.4786 2802.67
344.733 -25.3856 2808.88
287.028 -462.567 2801.93
333.864 384.407 2662.57
206.679 167.202 2752.77
FRAME: 30
115.271 619.488 2559.4
-54.3462 191.88 2534.35
185.548 -733.168 3096.39
-114.311 252.073 2155.38
121.919 -33.2423 2836.18
106.526 -473.326 2882.34
29.5001 372.849 2698.97
182.703 384.56 2679.3
439.082 195.754 2785.26
232.602 -874.106 2962.94
557.663 -77.5853 2816.19
341.455 -16.419 2808.24
291.416 -457.262 2812.88
335.906 396.27 2659.63
207.195 179.865 2750.75
FRAME: 31
125.609 631.48 2554.44
-67.6874 196.78 2484.61
210.204 -734.15 3092.03
-117.008 263.386 2130.43
120.446 -17.4384 2833.42
111.426 -461.623 2884.95
27.9373 381.301 2697.93
182.963 392.086 2676.82
436.941 201.526 2782.92
233.87 -860.416 2971.22
546.879 -75.2843 2811.63
339.552 -2.16827 2803.71
295.042 -440.781 2817.43
337.989 402.87 2655.71
206.481 191.141 2747.69
FRAME: 32
135.61 639.357 2553.76
-53.0325 199.691 2526.14
197.253 -686.055 3143.88
-97.3793 284.519 2196.97
118.897 -14.9512 2836.21
114.344 -452.694 2896.89
28.0399 388.35 2698.02
183.194 397.69 2675.96
437.39 199.949 2782.54
235.875 -857.906 2972.99
529.801 -81.414 2806.1
337.112 -1.81878 2805.16
293.94 -437.443 2821.05
338.348 407.03 2653.89
205.599 194.653 2748.32
FRAME: 33
142.371 644.344 2554.6
-57.5781 196.766 2527.71
173.772 -671.64 3146.13
-86.2905 292.841 2223.29
115.142 -10.663 2832.23
114.641 -446.516 2896.78
30.3697 394.247 2693.57
186.196 402.14 2673.86
436.813 199.731 2783.9
235.651 -858.208 2972.22
523.953 -77.775 2798.41
334.703 0.482395 2804.57
293.232 -429.439 2827.54
342.023 410.032 2654.15
205.56 198.525 2746.13
FRAME: 34
149.882 652.911 2556.99
-73.3728 204.391 2495.97
197.076 -699.332 3171.35
-101.447 259.248 2179.7
108.972 7.64537 2828.73
112.29 -451.902 2898.04
30.7302 401.753 2691.05
187.312 407.353 2670.28
432.999 204.064 2781.76
232.153 -858.287 2978.4
503.391 -90.218 2788.94
331.916 15.557 2799.25
290.482 -427.467 2831.18
343.894 412.953 2649.51
203.878 209.477 2742.14
FRAME: 35
154.426 654.203 2554.66
-71.0738 211.532 2538.51
210.175 -677.94 3174.77
-100.764 279.941 2251.22
113.915 5.20887 2826.12
108.353 -435.63 2906.62
32.0621 401.998 2692.21
188.291 407.877 2671.75
435.418 203.41 2782.22
235.66 -844.632 2972.91
495.952 -93.8758 2781.74
329.627 13.3464 2798.04
287.481 -417.927 2828.56
344.519 413.756 2651.3
205.031 208.577 2741.92
FRAME: 36
160.637 659.47 2556.46
-73.1597 224.631 2559.58
224.049 -695.35 3126.05
-117.087 270.07 2235.99
108.979 10.0631 2830.63
104.241 -434.024 2913.14
35.2089 411.178 2692.68
190.351 414.244 2671.23
433.67 204.099 2781.76
234.581 -851.279 2978.23
482.999 -100.623 2768.31
327.582 14.3256 2800.44
285.259 -424.654 2833.86
345.492 417.31 2649.78
204.316 213.219 2743.38
FRAME: 37
172.996 668.46 2567.72
-79.1363 218.037 2602.48
218.474 -702.157 3096.79
-133.794 240.947 2277.77
106.282 14.7613 2836.55
86.9727 -424.599 2920.26
38.8629 419.891 2698.33
192.838 419.551 2673.91
432.344 202.686 2781.12
235.78 -846.33 2977.46
458.574 -101.292 2752.82
323.819 14.2407 2801.94
279.723 -425.948 2838.81
346.814 419.212 2649.49
203.944 217.026 2746.58
FRAME: 38
179.074 672.444 2569.6
-79.7506 214.622 2642.83
214.208 -698.441 3112.86
-154.347 228.683 2313.96
102.524 18.2944 2843.54
77.9884 -422.256 2929.11
42.6182 427.954 2705.21
195.199 424.046 2677.21
430.205 201.698 2780.35
234.477 -841.686 2980.01
437.085 -113.961 2746.2
320.621 12.6298 2803.32
268.244 -424.288 2842.67
347.78 420.139 2649.21
203.386 219.754 2750.32
FRAME: 39
182.934 677.063 2575.17
-80.0699 218.731 2684.98
212.452 -663.188 3131.86
-179.052 175.67 2352.43
100.376 16.994 2850.64
76.6241 -421.412 2940.6
45.4624 433.758 2711.69
196.123 426.928 2680.6
426.047 190.3 2776.6
233.292 -836.764 2979.98
422.806 -140.915 2746.9
315.225 7.20759 2806.19
262.179 -421.466 2843.39
346.784 420.098 2649.5
201.962 219.515 2754.51
FRAME: 40
186.583 680.722 2584.83
-80.0833 218.559 2722.72
204.761 -684.878 3137.58
-172.26 165.138 2414.02
98.0462 23.1405 2859.2
74.1734 -411.978 2941.5
45.7493 440.862 2722.98
196.299 430.813 2687.24
424.587 184.481 2774.19
230.691 -829.048 2978.36
403.786 -136.373 2728.73
308.96 9.03351 2809.03
254.358 -416.032 2845.57
346.848 420.764 2651.5
199.901 223.45 2760.68
FRAME: 41
188.343 686.795 2591.94
-78.8251 222.01 2754.8
201.636 -686.211 3135.56
-181.138 153.696 2451.88
94.2216 28.0733 2870.99
74.1439 -408.33 2954.65
44.5754 447.792 2737.95
194.859 433.925 2695.02
420.926 183.855 2770.45
231.053 -828.523 2983.97
388.238 -153.475 2723.53
302.434 8.80993 2811.4
252.682 -418.047 2850.17
345.142 420.059 2652.09
196.593 226.183 2768.11
FRAME: 42
187.345 692.236 2605.49
-85.092 214.984 2789.5
211.301 -678.654 3197.36
-205.04 119.955 2489.03
92.7715 27.659 2876.87
76.9469 -417.865 2973.59
41.3625 453.105 2753.14
192.127 437.203 2704.78
416.494 174.488 2769.07
225.432 -844.484 2986.89
377.356 -144.875 2705.84
292.78 6.55289 2812.46
245.5 -427.475 2855.05
342.892 421.301 2656.42
192.452 227.154 2774.72
FRAME: 43
186.489 697.934 2615.72
-78.223 221.151 2827.29
200.814 -679.094 3190.01
-201.275 119.581 2547.27
93.0496 30.6988 2883.68
77.0125 -411.171 2973.42
37.4275 456.33 2768.39
188.599 440.539 2715.64
410.747 175.614 2765.1
225.275 -831.641 2977.69
360.341 -138.745 2722.61
290.12 10.1291 2814.68
242.687 -422.718 2853.27
339.771 424.748 2662.89
190.092 230.476 2782.41
FRAME: 44
183.118 706.784 2632.86
-72.3742 221.248 2855.71
209.205 -687.392 3205.22
-204.537 81.2348 2611.75
92.4765 31.6974 2891.32
75.3762 -412.746 2985.2
32.3021 461.228 2788.5
183.501 445.003 2729.24
405.471 177.086 2760.68
223.19 -831.638 2979.83
339.807 -144.809 2704.24
281.961 11.3603 2816.96
238.723 -422.847 2858.52
334.699 428.777 2669.98
185.36 233.266 2791.69
FRAME: 45
173.921 719.841 2654.4
-58.8129 224.786 2904.26
223.162 -708.612 3219.73
-196.675 41.6372 2726.93
93.2277 33.0136 2902.39
74.4421 -410.671 3005.42
26.1642 473.248 2822.74
174.419 458.198 2751.65
395.419 192.456 2753.64
219.848 -830.626 2979.88
313.522 -114.862 2713.37
271.232 14.9177 2816.97
232.936 -420.092 2864.21
322.673 443.147 2680.55
178.324 241.082 2805.66
FRAME: 46
164.931 726.728 2672.07
-49.5071 222.641 2935.33
220.995 -705.019 3233.47
-209.476 4.52507 2775.47
93.6841 33.4597 2912.79
76.0875 -413.174 3020.38
23.5204 478.67 2846.08
168.48 465.247 2767
390.127 198.989 2749.77
216.632 -829.786 2984.68
286.842 -108.05 2700.25
268.845 17.2488 2817.22
230.69 -417.974 2870.93
313.44 451.825 2687.93
174.873 245.301 2816
FRAME: 47
157.759 732.719 2690.69
-39.9169 229.348 2960.09
220.172 -715.443 3231.06
-199.534 -18.5872 2819.85
92.1389 36.4606 2932.89
74.0782 -410.248 3031.76
24.6352 485.741 2868.88
164.565 470.793 2781.55
380.63 198.366 2747.77
215.316 -831.344 2986.33
273.33 -80.1903 2702.47
264.104 18.1137 2825.55
231.091 -419.629 2878.62
304.495 455.845 2694.22
171.343 249.04 2830.39
FRAME: 48
152.828 739.425 2712.45
-30.2359 232.092 2987.41
219.324 -714.109 3242.21
-184.651 -27.9151 2892.12
89.0179 40.4377 2950.61
70.9253 -407.067 3040.65
28.1527 492.957 2887.1
163.005 476.38 2794.68
372.41 203.969 2746.39
213.445 -832.854 2988.99
269.416 -58.3893 2715.37
260.421 19.3595 2833.07
229.815 -420.947 2881.44
297.857 459.803 2702.26
168.862 253.139 2843.26
FRAME: 49
149.885 743.862 2730.3
-21.213 237.138 3015.12
219.561 -706.536 3233.33
-172.696 -37.2447 2959.7
85.7921 50.0325 2962.96
69.4335 -398.047 3048.19
30.4918 498.274 2900.96
161.772 480.368 2803.44
367.247 208.098 2747.28
211.781 -830.248 2990.64
260.882 -47.96 2703.38
258.959 26.3233 2834.18
231.339 -419.029 2885.18
293.052 462.462 2705.93
167.074 259.273 2851.01
FRAME: 50
147.367 747.083 2747.19
-16.1336 236.868 3037.43
221.068 -721.85 3247.25
-163.036 -48.5679 2996.9
83.6342 50.2325 2975.8
67.5825 -399.97 3064.17
31.6599 499.648 2918.72
158.685 482.67 2818.39
359.107 214.774 2755.64
209.424 -838.159 2992.47
255.224 -26.4228 2719.62
256.314 27.0701 2839.31
226.045 -421.753 2888.67
285.71 465.692 2718.06
164.329 260.661 2862.97
FRAME: 51
139.628 752.782 2762.41
-1.52012 250.01 3058.69
220.203 -712.112 3239.89
-139.636 -53.1371 3070.69
76.671 55.8423 2994.97
59.8477 -391.736 3080.86
35.0937 507.901 2937.36
157 487.442 2831.08
342.964 211.91 2755.19
210.004 -829.944 2991.51
249.788 -38.9251 2737.25
245.314 27.4652 2847.85
220.571 -416.263 2889.08
278.906 466.983 2724.8
158.996 264.548 2876.25
FRAME: 52
134.287 755.387 2780.24
6.99859 256.782 3076.19
220.272 -720.214 3247.51
-119.495 -41.5303 3099.02
73.7332 58.8979 3009.63
50.829 -388.672 3099.15
40.5503 511.511 2952.08
156.868 490.275 2845.35
332.218 207.415 2762.64
210.41 -834.748 2992.73
231.154 -48.3708 2740.35
239.075 28.7467 2857.85
216.011 -418.256 2893.13
273.186 469.038 2738.63
156.636 267.048 2889.55
FRAME: 53
127.55 761.963 2812.35
21.4056 256.98 3096.42
218.398 -723.261 3250.76
-91.4267 -44.1147 3185.86
73.6379 65.4715 3025.41
43.3274 -376.985 3111.89
48.5359 514.481 2975.23
156.395 494.363 2867.37
315.786 216.31 2772.74
211.83 -833.425 2993.32
218.175 -8.4641 2715.37
231.775 36.0159 2867.35
210.869 -414.079 2896.58
264.254 474.245 2759.5
154.551 272.553 2906.87
FRAME: 54
124.951 767.085 2829.88
35.147 253.844 3113.34
219.205 -722.712 3258.01
-83.4335 -18.8951 3211.86
75.1071 71.2975 3039.83
41.629 -363.578 3124.03
52.2867 517.529 2991.56
155.308 496.065 2879.52
307.838 217.975 2788.58
211.699 -837.672 2995.12
191.323 -15.4436 2765.09
224.532 40.1175 2877.41
202.436 -410.989 2898.83
258.329 474.602 2767.47
152.564 275.886 2919.07
FRAME: 55
122.648 770.998 2838.58
44.4405 258.635 3125.51
216.983 -715.104 3266.22
-69.626 -15.8841 3248.35
78.3536 76.7024 3053.02
43.8577 -353.023 3140.57
57.5254 522.2 3005.72
155.922 499.156 2888.56
302.224 223.862 2795.27
210.679 -835.246 2996.55
176.389 -22.1586 2756.06
219.779 43.4382 2884.72
199.05 -407.97 2900.29
254.319 476.112 2771.4
152.494 279.613 2928.71
FRAME: 56
121.668 774.445 2848.23
56.9178 269.853 3141.95
215.755 -718.255 3269.32
-76.8159 6.89771 3301.74
84.8871 82.15 3071.2
44.2219 -349.313 3151.54
66.1061 529.482 3020.93
157.498 505.196 2900.26
297.455 235.424 2802.53
211.927 -844.188 3000.73
183.19 -11.8046 2776.32
217.199 46.8964 2896.37
197.859 -409.71 2907.75
248.889 480.91 2779.59
154.27 284.86 2942.02
FRAME: 57
119.132 778.908 2859.79
60.2728 276.342 3160.79
218.654 -719.881 3267.04
-51.379 22.8914 3303.34
91.1014 83.747 3079.45
49.3231 -345.928 3162.26
69.4106 531.924 3032.17
160.187 506.714 2908.09
299.846 235.916 2806.08
210.728 -835.551 2998.06
183.799 9.06763 2768.74
217.384 48.612 2906.42
195.784 -405.06 2911.37
250.964 481.503 2784.02
157.215 286.447 2950.51
FRAME: 58
120.27 780.566 2869.61
67.8562 277.091 3162.89
219.117 -720.069 3277.78
-44.0504 23.8733 3312.94
94.3138 81.2548 3079.9
58.6671 -350.55 3167.64
75.3819 534.279 3044.72
161.529 511.984 2919.36
298.334 239.544 2807.91
210.032 -835.619 2994.93
183.675 12.1738 2775.55
213.535 50.2664 2906.18
195.757 -403.274 2912.73
247.676 489.689 2794
157.727 288.872 2956.2
FRAME: 59
118.872 782.695 2875.98
62.4925 279.215 3165.09
224.789 -717.607 3280.76
-54.1962 9.26582 3296
96.9746 81.6266 3084.57
62.9066 -347.974 3174.09
77.8069 534.307 3048.95
164.668 510.931 2922.16
297.325 240.572 2813.72
209.542 -836 2997.66
196.724 1.60801 2761.73
215.145 49.7695 2911.97
195.017 -401.451 2916.81
251.529 487.556 2795.38
160.364 288.315 2960.22
FRAME: 60
120.608 785.566 2885.48
66.0086 279.908 3167.96
225.816 -725.419 3289.98
-53.003 4.13322 3269.42
101.202 81.3295 3087.72
66.998 -349.063 3180.89
80.5962 535.54 3057.74
164.253 513.293 2930.18
299.372 241.246 2814.57
208.602 -830.002 2994.91
190.39 5.97708 2772.77
212.09 51.8229 2918.37
194.43 -395.711 2920.37
247.911 491.047 2802.61
160.45 289.935 2966.61
FRAME: 61
123.445 787.03 2898.5
72.3033 278.466 3171.93
228.883 -734.359 3294.62
-49.7214 6.03016 3256.19
108.165 81.9916 3095.8
73.1483 -349.558 3189.19
86.5834 535.157 3065.92
166.765 511.883 2935.15
303.497 239.358 2819.51
206.982 -833.094 2994.79
173.829 3.92179 2817.88
212.678 51.641 2925.32
194.44 -395.585 2924.28
246.946 488.609 2804.39
163.593 289.349 2972.86
FRAME: 62
125.281 787.815 2907.1
75.4519 278.051 3170.62
230.474 -733.963 3304.41
-69.748 69.8624 3326.09
113.927 83.4815 3102.09
77.1557 -345.465 3197.42
94.8508 534.106 3072.93
169.056 510.814 2940.84
304.299 233.395 2823.05
207.918 -826.261 2996.07
153.007 -25.0375 2830.1
211.338 52.9085 2928.62
194.28 -390.987 2928.18
243.261 487.522 2808.75
165.844 289.505 2978.1
FRAME: 63
127.13 788.121 2913.08
78.2891 278.979 3175.28
231.49 -735.322 3304.4
-91.3305 100.055 3357.59
117.682 82.7843 3106.47
78.6133 -346.698 3201.88
101.16 533.934 3081.08
172.124 510.311 2946.63
302.711 228.306 2824.79
207.123 -822.062 2995.39
129.38 -55.5404 2837.31
209.044 52.4003 2933.1
193.379 -387.499 2929.51
243.087 486.689 2812.18
167.743 288.952 2983.21
FRAME: 64
128.325 787.028 2916.63
82.6676 283.627 3182.67
230.934 -731.507 3304.88
-109.711 145.68 3409.33
121.725 82.3366 3114.18
79.9232 -345.268 3203.21
104.973 533.996 3084.34
172.998 509.204 2948.24
301.33 224.826 2826.01
208.778 -821.274 2996.97
121.941 -58.9334 2848.99
210.294 50.0256 2936.94
193.706 -388.335 2931.83
241.024 484.412 2812.14
169.504 287.692 2986.9
FRAME: 65
129.3 787.934 2919.75
84.0562 284.077 3187.78
232.995 -736.878 3307.48
-133.557 203.218 3455.9
124.609 82.3699 3114.51
84.1029 -350.673 3206.57
109.592 534.648 3087.32
175.342 509.821 2950.32
300.903 224.576 2826.46
206.986 -826.745 2997.19
141.315 -45.4867 2844.39
209.129 50.4773 2938.41
192.379 -390.469 2933.19
241.093 484.994 2813.33
171.106 288.122 2988.39
FRAME: 66
129.997 787.439 2923.81
83.3465 291.943 3207.14
235 -733.376 3313.09
-141.71 254.532 3475.36
127.36 81.8899 3117.84
86.0189 -347.294 3209.41
114.463 535.699 3095.9
177.756 510.874 2955.23
302.953 228.034 2826.58
205.23 -816.941 2995.49
116.253 -49.0003 2857.04
207.268 50.5612 2940.28
189.544 -386.16 2933.88
241.048 486.049 2814.55
172.535 288.55 2992.14
FRAME: 67
130.632 788.524 2926.05
81.4024 291.382 3203.46
235.097 -739.035 3313.19
-178.783 296.115 3493.28
129.828 80.773 3119.66
86.8398 -353.413 3209.19
119.595 536.575 3100.34
179.739 511.595 2958.16
300.667 223.093 2831.88
203.577 -821.726 2994.53
106.64 -60.5692 2851.64
204.57 49.8108 2943.12
189.31 -388.184 2933.9
239.883 486.615 2815.98
173.469 288.443 2994.77
FRAME: 68
132.221 788.865 2927.95
79.388 302.732 3224.14
235.435 -738.599 3316.25
-168.406 332.109 3528.77
132.748 78.9438 3120.95
88.9303 -356.775 3208.39
122.585 536.199 3102.43
180.131 511.557 2959.04
301.597 225.809 2831.74
203.185 -823.326 2994.72
126.941 -67.6563 2855.21
204.633 48.259 2942.18
187.646 -391.704 2933.51
237.677 486.914 2815.65
174.411 287.579 2995.3
FRAME: 69
133.295 789.9 2929.99
82.4144 328.759 3263.63
236.378 -739.598 3318.73
-165.958 424.248 3567.32
136.258 77.1959 3119.14
91.5247 -364.492 3205.71
123.327 534.634 3103.12
180.108 510.853 2959.36
301.715 226.178 2832.19
202.623 -824.241 2993.59
105.104 -56.2988 2855.64
206.523 47.7216 2941.28
185.755 -395.637 2931.36
236.889 487.071 2815.6
175.749 286.656 2994.78
FRAME: 70
134.774 789.226 2932.2
82.1509 349.364 3296.56
238.208 -742.168 3319.97
-161.221 472.599 3564.58
139.418 74.4136 3119.5
95.6617 -375.139 3202.49
125.466 531.667 3105.79
179.057 508.643 2961.95
294.761 222.9 2824.1
202.273 -823.47 2992.37
94.2022 -40.6497 2848.33
205.11 46.1724 2943.17
183.731 -397.818 2931.12
232.648 485.619 2818.11
175.661 284.468 2996.64
FRAME: 71
134.303 791.971 2930.93
74.6313 373.723 3310.69
237.477 -741.555 3325.17
-176.646 520.154 3591.27
139.856 73.2632 3110.84
94.5434 -369.71 3203.77
123.551 531.392 3104.62
178.767 509.7 2959.68
283.43 233.818 2820.24
199.559 -822.145 2989.81
96.1494 -61.6554 2837.41
205.452 47.3899 2938.48
181.171 -396.888 2927.82
233.983 488.007 2814.74
175.71 285.013 2992.17
FRAME: 72
134.838 791.649 2932.53
75.9188 386.921 3322.19
236.985 -743.522 3326.5
-164.601 554.759 3584.94
142.229 72.4295 3108.5
95.5885 -370.617 3203.4
125.012 529.682 3106.3
178.923 508.749 2960.87
269.938 230.506 2812.23
199.013 -822.881 2988.47
107.131 -55.8838 2837.07
205.243 47.8204 2938.27
179.226 -400.333 2924.2
232.834 487.816 2815.43
176.329 284.437 2992.13
FRAME: 73
134.899 790.863 2931.97
80.0869 381.781 3308.4
235.799 -748.245 3326.68
-28.654 296.266 3437.85
144.506 67.8008 3104.63
99.0281 -379.994 3204.29
124.44 528.259 3103.45
177.311 507.726 2957.17
259.807 220.852 2806.65
199.169 -834.796 2988.82
81.2656 -61.3701 2824.51
205.676 43.7726 2934.83
177.16 -412.208 2923.84
230.182 487.193 2810.88
176.201 281.756 2988.45
FRAME: 74
135.854 791.069 2933.73
83.9716 392.625 3315.42
232.354 -747.674 3323.9
2.73167 258.739 3397.69
148.157 68.1884 3105.22
94.7442 -378.182 3193.46
128.932 525.687 3107.4
176.588 505.927 2959.78
247.014 210.677 2805.3
200.626 -822.113 2987.05
74.9693 -65.6184 2828.48
203.134 45.0275 2933.98
179.255 -404.044 2924.33
224.244 486.166 2812.15
176.117 281.267 2989.69
FRAME: 75
135.048 790.837 2933
87.349 386.659 3309.79
244.612 -768.397 3251.27
27.7253 208.365 3384.67
149.858 62.0604 3100.7
99.0226 -381.673 3202.41
128.841 524.749 3106.63
177.212 505.58 2957.2
239.396 205.479 2798.83
201.278 -827.008 2986.9
74.5011 -57.1645 2813.89
204.657 39.9737 2930.43
175.558 -415.084 2920.71
225.584 486.411 2807.77
177.235 278.299 2986.38
FRAME: 76
134.602 790.415 2932.69
91.2512 395.935 3310.29
245.673 -756.481 3275.44
43.6026 202.066 3377.24
151.915 63.872 3100.23
99.449 -382.428 3198.02
130.028 524.408 3104.87
176.108 504.974 2956.61
235.313 206.46 2797.43
204.895 -823.41 2988.95
73.109 -56.7702 2812.13
203.66 41.6889 2932.77
173.537 -416.524 2921.89
222.188 485.539 2808.34
176.948 278.877 2986.55
FRAME: 77
133.608 790.132 2932.52
96.938 395.891 3304.05
245.259 -752.783 3297.5
59.7097 191.582 3364.26
154.223 64.4016 3098.83
99.584 -382.626 3197.85
131.48 524.237 3103.5
174.103 504.581 2954.05
231.728 208.204 2793.65
204.171 -823.365 2988.65
72.7143 -53.4807 2794.1
201.924 42.0613 2930.55
171.868 -416.7 2921.51
216.725 484.924 2804.6
176.088 278.906 2984.37
FRAME: 78
132.072 790.085 2930.6
103.419 395.016 3297.87
244.385 -750.912 3297.1
74.9823 156.332 3350.97
154.753 65.4604 3097.74
99.8716 -381.634 3197.43
130.054 529.961 3098.05
171.263 509.403 2948.76
233.24 216.134 2788.69
206.111 -826.497 2988.33
70.241 -51.8089 2776.62
201.03 42.0889 2929.19
170.518 -419.334 2920.19
212.472 488.845 2799.48
174.577 281.589 2981.11
FRAME: 79
128.32 789.596 2928.54
104.076 411.973 3298.01
242.672 -754.997 3268.38
59.4899 239.811 3388.28
155.639 66.2597 3095.82
103.909 -382.285 3192.44
128.142 534.844 3095.08
166.945 514.122 2944.87
239.35 226.364 2781.28
205.49 -827.759 2985.82
76.529 -57.5606 2781.78
199.194 42.7154 2926.39
166.865 -417.799 2915.96
205.747 493.4 2794.66
172.181 284.305 2977.99
FRAME: 80
121.01 788.805 2922.05
108.149 448.799 3299.72
238.354 -768.141 3225.5
33.4147 360.688 3422.16
157.37 67.6761 3091.42
115.955 -380.619 3168.49
126.635 542.471 3089.83
163.676 521.643 2939.49
243.068 233.073 2780.6
205.995 -825.771 2987.75
87.5324 -51.4241 2766.46
198.394 44.3444 2924.15
165.56 -418.729 2912.69
200.716 500.815 2789.15
170.779 288.827 2973.64
FRAME: 81
116.926 788.373 2916.33
120.573 369.95 3252.55
232.967 -776.851 3141.36
97.0392 95.815 3309.74
159.709 72.8019 3086.71
133.006 -369.138 3132.14
126.81 541.459 3087.98
162.254 520.636 2936.54
242.402 236.291 2778.84
205.657 -825.107 2984.79
93.2782 -58.5805 2759.4
198.502 49.6526 2920.78
167.248 -411.402 2912.45
197.698 499.813 2785.1
170.68 290.932 2970.14
FRAME: 82
109.129 781.957 2906.68
130.817 374.208 3254.34
228.796 -783.53 3101.13
126.591 40.5441 3293.65
162.103 77.3512 3085.22
165.037 -370.751 3081.53
126.686 541.249 3084.68
159.553 521.022 2932.1
245.82 237.332 2775.91
205.109 -828.514 2985.32
107.783 -59.3556 2740.37
200.084 53.8505 2909.68
165.57 -410.481 2910.47
192.42 500.795 2779.52
170.323 293.311 2964.77
FRAME: 83
104.862 778.381 2897.44
141.331 330.471 3224.69
223.262 -782.893 3043.78
125.436 35.6512 3299.99
171.243 81.4739 3074.44
175.514 -376.282 3086.27
125.58 539.554 3077.65
154.029 518.6 2922.24
247.479 237.836 2766.23
206.627 -817.332 3007.26
116.733 -63.1533 2731.38
203.03 58.1545 2903.43
172.262 -406.991 2910.65
182.478 497.647 2766.83
170.583 294.207 2955.59
FRAME: 84
100.659 776.896 2890.69
140.278 364.197 3239.14
219.875 -788.913 3002.31
113.954 80.3608 3313.33
171.525 85.8157 3073.46
176.472 -363.183 3066.47
127.006 534.414 3058.08
154.519 512.913 2908.02
255.091 233.627 2744.76
204.247 -814.223 3011.59
138.277 -62.424 2737.53
204.78 57.31 2898.83
175.74 -402.575 2905.15
182.031 491.413 2757.95
171.336 292.238 2947.08
FRAME: 85
90.5045 767.374 2867.83
136.251 376.604 3238.82
220.89 -799.548 2978.64
75.3445 192.641 3340.41
173.648 84.4485 3068.56
188.951 -368.418 3055.23
116.614 537.738 3055.4
148.369 514.951 2897.33
268.911 235.318 2724.02
202.171 -811.126 3006.27
173.464 -59.6804 2726
213.336 56.3975 2873.47
186.959 -397.412 2884.96
180.123 492.165 2739.25
170.93 292.687 2934.17
FRAME: 86
80.2633 759.917 2846.5
124.262 402.608 3244.05
222.844 -805.623 2952.41
-67.5373 541.559 3412.41
173.365 84.0346 3055.94
190.666 -371.181 3049.93
106.832 537.906 3039.63
143.973 515.558 2882.91
281.025 236.151 2710.17
207.522 -811.933 3002.74
196.121 -50.7807 2734.61
219.499 56.3881 2863.08
202.216 -399 2871.06
181.113 493.21 2726.19
170.202 292.885 2921.21
FRAME: 87
72.8202 755.061 2831.31
65.939 479.781 3261.05
221.96 -804.332 2948.62
-178.598 694.103 3437.66
174.785 83.445 3041.36
200.55 -360.501 3016.38
95.4835 532.801 3032.2
138.598 513.781 2875
294.789 244.72 2703.08
209.735 -798.765 3009.49
213.728 -35.4754 2692.67
227.479 60.1056 2850.46
214.089 -391.949 2855.26
181.712 494.762 2717.79
169.865 292.778 2910.45
FRAME: 88
65.7819 746.69 2817.15
20.8655 455.8 3271.81
227.533 -813.832 2947.7
-223.455 619.581 3425.56
172.189 84.887 3028.58
207.452 -352.609 2966.1
78.8992 522.676 3025.31
131.272 507.806 2871.01
319.107 255.106 2710.29
205.267 -796.653 3000.98
237.302 -29.0664 2703.14
233.948 66.6043 2845.28
220.524 -391.042 2846.69
183.644 492.937 2716.71
167.17 291.776 2903.97
FRAME: 89
56.5806 732.319 2796.86
-19.7658 393.597 3240.94
232.056 -808.632 2938.82
-274.335 552.321 3383.38
164.276 81.9198 3003.59
227.525 -353.678 2942.47
56.073 508.046 3002.65
123.048 498.901 2854.89
337.9 258.529 2717.58
204.496 -755.545 3009.02
269.597 -47.98 2694.77
241.841 71.0041 2831.64
222.03 -386.378 2828.45
190.022 489.756 2707.14
163.053 287.682 2886.25
FRAME: 90
49.5789 716.474 2778.95
-59.2402 333.762 3204.6
236.636 -804.161 2980.42
-348.446 486.868 3336.47
158.888 66.8795 2983.72
225.652 -361.273 2931.45
37.4052 483.125 2984.04
118.172 479.72 2844.46
360.837 247.578 2714.13
202.516 -750.913 3014.54
291.672 -23.9481 2699.49
249.598 62.6452 2826.75
219.575 -386.48 2812.77
198.94 476.316 2704.87
161.208 272.241 2874.85
FRAME: 91
45.5295 698.851 2763.06
-101.244 289.191 3134.76
232.719 -799.843 2976.78
-396.995 419.21 3255.53
154.136 39.5183 2960.81
223.631 -377.828 2903.02
24.9635 454.556 2959.8
121.364 455.577 2832.05
370.117 232.769 2722.03
208.541 -751.988 3024.91
322.582 -31.3863 2700.73
256.548 40.5617 2824.38
224.015 -402.217 2805.2
217.765 456.599 2704.29
163.353 247.809 2862.32
FRAME: 92
42.8544 669.807 2744.21
-112.571 259.531 3086.78
228.545 -795.296 2998.91
-433.165 309.22 3163.84
144.552 14.4162 2951
191.681 -411.993 2909.26
20.0675 432.95 2930.83
125.02 433.166 2815.74
383.398 206.877 2731.02
209.914 -798.868 2975.82
329.881 -70.2751 2695.86
261.625 14.5895 2822.53
229.606 -418.818 2796.98
229.973 433.382 2700.64
164.054 223.835 2851.25
FRAME: 93
47.1236 630.8 2722.37
-128.194 178.245 2963.06
202.603 -795.515 3112.23
-442.347 120.464 2969.83
130.07 -27.6503 2934.7
68.8662 -510.49 2970.23
17.0248 386.117 2872.97
135.203 385.68 2786.11
404.011 163.246 2748.35
208.713 -855.033 2929.82
398.332 -151.15 2720.39
274.845 -28.1158 2829.01
228.409 -462.128 2796.29
253.382 385.243 2699.25
168.83 178.898 2833.98
FRAME: 94
47.9303 602.182 2711.35
-152.647 122.165 2864.56
201.347 -799.288 3134.38
-434.69 54.139 2858.85
120.746 -54.2365 2920.41
47.0689 -517.514 2945.46
13.5307 349.397 2830.86
141.431 350.704 2764.32
414.675 124.009 2762.14
213.221 -867.408 2923.94
416.538 -196.676 2718.12
286.544 -52.4796 2834.27
228.16 -479.741 2791.91
269.331 352.012 2697.78
172.538 148.673 2820.83
FRAME: 95
49.6232 580.741 2699.95
-160.574 107.391 2810.85
192.097 -797.196 3140.02
-558.748 22.5364 2705.15
112.996 -78.2111 2911.83
47.856 -529.003 2934.9
13.7886 322.883 2810.39
148.036 324.913 2755.02
419.867 92.5803 2779.24
213 -877.8 2928.79
448.731 -217.638 2723.16
292.948 -75.4073 2837.8
225.833 -507.023 2786.7
282.284 326.943 2699.65
175.504 124.052 2814.92
FRAME: 96
51.7661 559.975 2686.98
-153.002 95.2615 2755.09
190.359 -789.597 3133.89
-481.622 -26.6163 2541.43
110.899 -92.8857 2901.35
39.406 -547.937 2918.6
15.54 311.035 2795.62
153.819 314.097 2747.44
419.698 90.1198 2784.24
212.514 -876.983 2927.04
469.457 -209.27 2722.81
298.664 -88.6961 2835.86
226.282 -524.52 2777.37
292.098 317.159 2699.26
179.3 111.653 2808.02
FRAME: 97
50.825 551.283 2680.74
-143.144 90.8676 2713.23
184.973 -792.738 3134.98
-425.899 -44.8494 2447.5
111.226 -99.3058 2889.74
38.7583 -553.076 2906.52
13.6479 307.487 2785.33
154.006 313.014 2740.69
418.67 98.1471 2784.37
214.529 -880.001 2925.8
497.01 -182.884 2730.51
303.23 -91.7542 2828.67
231.349 -534.194 2773.65
294.363 318.542 2696.05
180.617 108.742 2799.95
FRAME: 98
49.6682 536.685 2670.51
-138.607 86.713 2651.81
193.242 -813.354 3109.01
-404.094 -77.3543 2318.72
110.385 -109.348 2882.2
34.3681 -563.245 2898.12
9.46296 296.823 2786.4
153.129 304.52 2742.36
420.57 96.7017 2791.57
212.001 -896.536 2942.35
509.646 -170.301 2722.45
306.441 -98.8625 2822.03
234.039 -542.022 2772.3
296.794 312.216 2698.33
180.771 100.207 2797.24
FRAME: 99
48.3186 536.462 2658.49
-111.604 77.2713 2637.79
188.004 -781.524 3084.6
-309.212 -55.8249 2290.68
112.137 -108.161 2876.5
31.8778 -561.631 2891.85
8.24031 301.187 2778.81
154.25 310.429 2736.91
424.31 113.406 2796.96
214.722 -860.042 2916.53
540.349 -169.044 2758.05
311.308 -95.6205 2819.42
242.366 -541.198 2763.58
300.26 319.671 2695.01
182.986 104.269 2792.43
FRAME: 100
48.0296 533.34 2650.42
-87.2951 82.5002 2592.03
195.879 -781.255 3081.41
-259.903 -42.4174 2274.19
110.103 -110.326 2863.99
35.3692 -565.984 2887.74
9.91773 297.109 2761.28
155.158 307.725 2727.33
421.613 110.974 2794.3
211.937 -876.494 2924.14
549.317 -148.297 2767.29
311.904 -95.6163 2816.81
248.12 -543.171 2767.35
300.397 318.341 2693.37
183.081 102.377 2783.86
FRAME: 101
49.9539 533.339 2642.75
-81.3592 80.351 2579.84
196.13 -772.776 3078.24
-208.641 -17.8157 2252.81
111.714 -110.193 2849.48
36.8574 -571.535 2882.96
12.898 295.195 2743.83
158.6 307.305 2717.64
427.758 113.346 2792.15
209.071 -892.413 2941.28
575.8 -142.03 2785.49
313.168 -93.4565 2813.56
244.511 -540.598 2769.24
304.301 319.415 2691.45
185.52 102.74 2774.58
FRAME: 102
52.4493 534.12 2630.94
-70.0066 88.5792 2565.21
181.086 -755.522 3069.71
-184.121 -5.95421 2243.97
110.471 -112.294 2839.69
39.9184 -568.061 2873.93
15.5557 291.378 2726.34
161.499 304.094 2707.05
429.62 115.268 2789.18
209.455 -883.042 2937.09
582.636 -137.375 2789.92
313.718 -94.5845 2813
253.436 -540.254 2768.68
307.443 316.81 2687.77
186.797 100.327 2766.7
FRAME: 103
54.9052 537.572 2621.38
-68.4754 84.6314 2563.23
189.339 -757.125 3022.86
-179.079 1.62852 2218.67
110.284 -113.705 2826.54
45.6788 -564.788 2866.43
21.7605 291.878 2700.85
166.915 305.871 2693.4
432.414 122.169 2788.39
208.223 -873.268 2909.31
578.564 -103.214 2789.87
314.587 -93.9731 2815.88
254.25 -535.781 2766.87
312.07 319.864 2685.96
189.675 101.016 2757.31
FRAME: 104
62.2295 549.339 2612.67
-59.0227 104.484 2566.86
161.808 -755.949 3066.65
-156.842 19.9889 2261.19
104.502 -104.254 2823.09
54.9017 -558.889 2865.04
21.5539 302.796 2700.84
166.216 315.053 2692.48
430.599 128.961 2791.2
203.813 -879.161 2922.52
580.012 -101.627 2797.96
310.47 -86.8119 2811.33
249.37 -528.522 2773.8
310.878 327.311 2684.12
186.851 109.76 2754.84
FRAME: 105
69.4964 557.277 2604.04
-60.6246 100.089 2544.32
169.473 -752.835 3073.89
-122.585 45.8789 2231.17
100.934 -94.456 2818.31
57.8543 -547.711 2860.98
17.4448 306.301 2695.22
164.741 319.449 2687.83
426.327 143.179 2792.73
207.3 -874.111 2923.25
582.81 -113.034 2819.22
312.547 -75.5776 2807.72
253.884 -518.351 2776.71
312.038 332.597 2680.44
185.741 117.216 2750.42
FRAME: 106
82.9011 573.151 2592.97
-56.7262 109.403 2542.54
157.675 -722.896 3087.99
-119.784 65.3096 2184.71
96.7977 -81.2785 2814.37
60.4882 -534.171 2857.62
17.7822 317.438 2687
165.879 329.206 2679.49
421.831 148.934 2790.39
205.817 -875.278 2929.79
556.7 -108.084 2816.72
311.539 -64.2466 2803.47
257.623 -511.42 2781.52
313.975 340.975 2671.99
185.024 128.222 2744.21
FRAME: 107
93.4398 590.89 2582.98
-54.2211 115.437 2542.37
155.918 -728.449 3066.31
-129.414 68.5857 2190.45
93.3428 -67.4617 2810.91
64.2712 -508.716 2852.16
18.495 330.579 2680.02
166.693 340.967 2671.98
419.706 153.173 2788.42
206.761 -871.607 2931.21
541.702 -109.375 2824.93
310.217 -52.2575 2799.16
256.902 -496.659 2784.77
314.891 351.356 2663.95
184.236 140.554 2738.51
FRAME: 108
102.077 606.66 2576.69
-52.2671 114.88 2549.85
184.55 -764.207 3040.12
-130.361 74.9882 2186.76
89.8497 -52.304 2809.5
67.0148 -501.235 2855.94
15.8031 350.52 2678.25
165.22 359.213 2667.68
414.656 168.639 2786.3
204.317 -870.64 2934.35
524.602 -94.9829 2838.46
306.061 -39.7167 2794.27
253.261 -481.091 2788.18
314.637 367.906 2657.1
181.588 156.601 2734.78
FRAME: 109
109.354 619.444 2568.8
-56.3617 115.177 2555
174.615 -766.471 3062.1
-159.867 68.7777 2187.87
88.2496 -43.1458 2807.92
68.3833 -487.12 2863.25
15.0935 360.653 2671.86
165.47 368.763 2660.85
412.975 170.058 2784.06
201.984 -871.984 2938.94
510.651 -83.0617 2815.28
306.132 -31.3571 2792.08
250.208 -470.843 2796.02
315.847 376.873 2649.85
181.331 165.756 2730.43
FRAME: 110
115.759 631.873 2568.78
-58.9955 128.544 2585.9
175.288 -768.992 3075.61
-130.353 47.3885 2331.22
86.0909 -27.6493 2811.65
65.9786 -466.306 2874.74
14.3018 373.787 2676.02
164.27 379.671 2660.69
408.198 184.396 2780.5
203.486 -866.874 2939.26
486.03 -95.5495 2825.28
302.335 -19.1411 2789.61
246.631 -458.05 2805.95
314.238 385.554 2645.36
179.242 178.138 2730.66
FRAME: 111
121.674 648.945 2568.48
-60.0333 135.099 2620.69
163.118 -753.971 3107.86
-152.036 44.3962 2338.32
80.7352 -8.11321 2814.72
61.909 -450.593 2873.31
10.9425 386.41 2676.89
162.415 390.021 2658.61
402.59 196.375 2779.27
204.795 -868.274 2951.24
470.46 -87.9034 2809.98
297.801 -2.93675 2788.54
243.6 -448.957 2814.82
313.888 393.631 2640.32
175.842 192.248 2730.12
FRAME: 112
125.061 662.821 2565.15
-61.5726 147.954 2675.99
161.222 -752.17 3129.58
-169.152 30.3211 2373.01
84.9935 -5.28823 2825.18
60.7501 -445.659 2884.78
14.1669 400.957 2681.62
164.198 402.624 2657.79
403.449 194.071 2772.14
204.637 -861.786 2955.48
455.423 -73.8302 2794.53
300.303 -2.88964 2790.95
246.509 -443.351 2820.87
314.229 404.29 2633.96
178.423 199.267 2732.93
FRAME: 113
128.42 674.366 2570.09
-60.8009 154.002 2692.72
162.964 -739.703 3152.95
-175.826 24.5505 2352.62
83.4675 0.228662 2827.31
59.5265 -440.897 2893.13
11.939 412.251 2685.03
162.717 412.776 2659.34
403.15 206.966 2773.08
205.608 -857.373 2954.2
437.027 -62.4441 2772.25
296.072 0.96776 2790.98
240.369 -437.184 2825.94
313.496 413.302 2633.65
176.244 206.687 2734.24
FRAME: 114
131.889 685.624 2576.96
-60.5358 168.465 2721.46
165.726 -740.718 3155.11
-189.903 -18.715 2454.49
81.5611 12.6504 2834.26
57.6521 -429.155 2902.17
13.3319 432.589 2699.69
163.006 430.081 2667.53
409.986 214.391 2765.86
206.027 -850.735 2954.56
419.58 -66.9465 2727.64
292.376 9.06836 2788.86
237.417 -428.465 2830.11
312.681 427.573 2635.38
174.988 220.47 2739.55
FRAME: 115
135.67 696.641 2588.81
-62.1083 174.984 2744.56
169.182 -746.187 3155.62
-199.425 -41.7795 2512.4
81.5573 22.047 2839.97
56.3815 -426.174 2908.44
13.0885 442.146 2710.81
162.665 438.262 2675.49
408.901 215.186 2765.35
204.65 -848.956 2958.15
404.345 -88.8655 2697.12
288.189 16.6243 2791.09
233.699 -422.792 2838.71
312.241 434.377 2640.16
173.769 228.799 2745.51
FRAME: 116
137.422 698.787 2601.2
-61.9092 180.821 2773.45
184.431 -751.492 3169.13
-200.073 -54.4538 2579.37
81.3551 21.2327 2846.4
53.2302 -427.129 2923.73
11.9307 447.221 2725.83
161.804 442.077 2685.3
410.52 209.627 2764.89
201.024 -855.452 2962.05
380.242 -112.312 2670.67
285.322 14.1783 2791.19
227.921 -425.977 2846.53
311.677 436.932 2644.77
172.571 229.891 2752.05
FRAME: 117
139.557 701.818 2614.76
-59.4274 189.318 2798.58
197.122 -739.535 3178.3
-202.04 -63.903 2641.49
79.9882 19.5871 2853.4
46.5419 -428.917 2942.97
9.48104 453.234 2742.81
160.329 446.865 2697.94
410.262 205.273 2759.91
201.232 -845.181 2956.96
372.957 -115.429 2661.74
279.001 11.1689 2794.09
226.303 -426.329 2843.73
311.176 440.496 2653.07
169.912 231.122 2760.84
FRAME: 118
139.66 710.17 2634.98
-59.4306 197.029 2843.38
197.61 -752.084 3183.43
-205.693 -67.6755 2710.08
76.6591 21.3297 2867.49
44.9375 -430.774 2948.62
9.57093 458.447 2761.28
158.706 450.232 2712.73
405.926 202.35 2759.53
199.052 -853.958 2955.12
359.541 -118.354 2666.76
273.037 10.5513 2803.52
226.1 -431.174 2848.98
307.84 442.017 2664.18
166.777 233.086 2774.12
FRAME: 119
140.732 709.066 2647.39
-61.7905 195.832 2870.54
201.595 -758.103 3182.6
-205.302 -73.297 2763.15
76.0024 22.8269 2878.85
44.1732 -433.572 2961.72
9.82013 459.393 2781.9
158.211 449.973 2727.51
400.283 190.382 2750.8
196.58 -853.965 2959.82
355.874 -122.477 2667.08
270.212 10.4725 2807.47
228.059 -436.031 2849.77
306.601 440.554 2673.13
165.659 233.311 2785.33
FRAME: 120
140.121 711.167 2662.83
-61.6394 194.781 2896.48
200.948 -753.056 3199.67
-203.314 -84.7589 2821.7
74.3248 24.7673 2897.39
40.9125 -431.476 2969.7
8.04702 461.386 2807.32
155.238 450.234 2744.27
391.59 186.007 2746.89
195.326 -856.126 2965.57
337.696 -134.822 2663.45
266.593 10.1763 2814.86
229.397 -439.346 2855.36
302.429 439.082 2681.23
162.848 233.853 2800.2
FRAME: 121
139.676 717.161 2678.94
-58.5147 205.465 2936.42
200.719 -750.255 3202.81
-201.085 -73.9382 2872.66
74.1131 25.9107 2909.85
45.0449 -423.211 2995.57
7.78406 465.372 2837.14
152.261 453.79 2765.84
384.734 186.111 2755.94
194.195 -846.893 2959.27
328.059 -126.196 2677.88
257.667 11.1412 2819.33
221.471 -432.88 2852.46
296.739 442.209 2694.53
159.076 236.158 2815.21
FRAME: 122
137.457 724.61 2703.39
-54.8291 215.189 2975.99
201.949 -752.98 3208.46
-186.747 -61.4339 2981.49
68.4506 35.904 2934.46
39.0851 -413.565 3015.98
10.1621 474.762 2866.53
149.232 459.595 2786.38
371.356 181.429 2761.87
193.504 -846.229 2963.51
308.607 -104.988 2697.51
246.81 16.4112 2831.62
215.268 -430.124 2858.2
288.303 444.427 2706.22
153.431 242.876 2834.71
FRAME: 123
134.309 729.444 2721.32
-43.8886 224.502 3011.6
203.329 -753.192 3219.7
-182.438 -45.4568 3022.25
63.867 44.6497 2958.51
35.0879 -407.555 3032.58
15.4707 483.575 2891.19
148.279 463.941 2803.5
358.181 173.878 2763.38
194.135 -844.676 2967.84
276.689 -116.432 2706.6
235.261 19.261 2845.28
208.516 -425.021 2869.41
281.087 444.306 2715.82
148.922 247.948 2852.7
FRAME: 124
131.862 735.196 2737.97
-29.9597 231.479 3046.24
200.478 -759.1 3222.06
-179.644 -31.8872 3077.15
66.6438 51.716 2980.64
33.9939 -399.615 3055.28
20.1998 490.834 2921.64
146.901 468.723 2822.39
349.886 177.409 2765.81
195.024 -842.904 2972.31
254.304 -86.3618 2729.88
226.681 23.7529 2855.22
201.765 -420.948 2879.82
273.602 446.613 2723.14
146.782 253.229 2870.16
FRAME: 125
131.142 737.677 2750.67
-20.1136 242.335 3072.91
206.703 -740.67 3236.61
-184.954 -27.5562 3121.82
66.1227 58.7516 2997.54
24.6651 -384.759 3079.56
24.2676 498.638 2938.03
146.713 474.329 2834.15
346.848 183.655 2767.14
196.084 -837.984 2973.51
232.857 -74.7558 2730.11
221.665 27.8263 2865.43
198.281 -417.412 2883.99
269.158 450.019 2730.26
145.303 258.809 2882.82
FRAME: 126
130.816 740.841 2764.05
-10.1017 246.78 3091.06
203.976 -755.588 3231.12
-182.063 -14.7652 3126.71
69.5315 63.2719 3011.16
30.1377 -384.41 3084.95
28.8815 506.931 2957.12
148.325 481.788 2847.95
338.188 178.378 2770.73
191.197 -850.312 2972.79
214.257 -43.6934 2727.5
218.14 31.9497 2875.25
194.488 -419.322 2886.75
267.769 456.644 2738.79
146.08 264.699 2895.58
FRAME: 127
129.662 745.341 2775.67
3.44977 261.2 3114.64
205.474 -750.954 3245.01
-178.444 -0.34619 3163.06
70.9827 71.5479 3027.78
32.5425 -376.908 3091.87
35.1887 513.392 2969.54
150.773 484.855 2855
334.126 192.204 2775.46
194.339 -841.158 2971.45
188.407 -44.6458 2746.48
216.713 35.4366 2883.21
193.312 -411.098 2890.01
266.357 456.317 2740.46
147.31 269.173 2905.25
FRAME: 128
128.481 743.792 2787
11.3719 268.073 3133.13
207.342 -765.237 3243.71
-169.184 18.8517 3172.49
75.5158 69.9208 3033.87
37.2648 -381.199 3101
41.2136 515.783 2986.94
152.444 489.643 2868.98
323.918 202.061 2785.84
194.284 -844.803 2976.75
170.051 -38.3989 2765.86
215.943 36.8041 2884.81
190.971 -411.998 2894.47
263.674 463.502 2751.02
149.087 271.503 2914.16
FRAME: 129
127.741 752.583 2803.99
23.4564 271.135 3141.74
204.038 -768.617 3249.59
-168.785 22.743 3191.68
79.3901 76.4396 3045.84
40.6084 -374.427 3115.51
48.1675 522.446 3004.2
149.509 498.407 2884.25
319.386 212.166 2782.38
192.239 -839.668 2974.66
148.984 -17.9743 2770.37
210.682 45.2571 2890.25
186.625 -402.943 2895.18
250.851 474.367 2764.29
147.273 279.628 2926.15
FRAME: 130
127.55 756.191 2821.55
36.5082 276.38 3155.27
199.722 -774.098 3251.83
-160.084 33.0514 3223
82.4548 78.9225 3054.61
48.6567 -371.824 3125.5
54.9393 526.829 3017.2
150.452 504.044 2896.42
310.825 218.868 2787.26
193.607 -839.811 2978.5
105.363 -8.14429 2790.91
208.277 48.8492 2895.4
185.277 -398.989 2902.28
245.965 481.259 2775.64
147.909 283.965 2935.72
FRAME: 131
128.399 759.327 2829.35
40.7217 282.576 3163.23
199.196 -770.9 3249.9
-157.325 41.1413 3212.44
85.6412 80.847 3060.23
50.0486 -367.746 3131.88
58.1524 531.957 3030.04
151.559 509.445 2905.44
302.252 225.02 2793.83
194.642 -834.789 2979.35
96.8832 -1.51711 2796.72
205.326 51.9724 2900.43
185.183 -395.083 2906.17
244.965 486.934 2780.83
148.521 287.927 2942.88
FRAME: 132
127.111 761.883 2838.9
44.3226 286.263 3169.96
198.955 -775.598 3251.47
-159.718 49.6417 3229.01
88.8294 82.2294 3067.07
55.77 -368.525 3138.66
60.2339 536.111 3038.85
152.037 514.159 2912.86
296.636 232.124 2798.59
194.931 -833.643 2983.11
69.4418 -16.1103 2806.92
205.791 54.2398 2906.46
186.794 -394.139 2910.24
243.84 492.207 2786.86
149.674 291.197 2949.81
FRAME: 133
131.938 758.108 2844.75
40.3919 288.205 3175.87
196.473 -778.432 3255.61
-161.574 52.9691 3246.96
89.3624 81.1928 3067.74
54.2727 -371.613 3134.02
62.7217 535.709 3044.84
155.969 513.699 2919.33
286.85 237.448 2800.05
196.87 -829.461 2986.91
54.0483 -22.997 2815.18
204.681 54.0166 2912.74
185.575 -397.267 2912.25
249.217 491.689 2793.82
151.495 290.652 2954.78
FRAME: 134
135.726 756.186 2857.15
34.4028 285.945 3191.3
194.297 -782.379 3257.18
-216.478 26.0107 3216.26
89.5921 78.6144 3072.47
55.2556 -374.568 3136.01
62.8192 534.194 3052.93
156.381 512.486 2925.89
276.566 228.704 2805.07
195.244 -835.607 2987.8
64.5581 6.41081 2830.28
204.565 51.8641 2916.86
185.755 -400.957 2916.4
249.942 490.778 2798.84
151.73 288.862 2960.27
FRAME: 135
138.089 759.083 2869.23
37.892 293.434 3200.85
214.255 -762.731 3270.2
-189.371 79.7637 3256.42
87.3561 77.4344 3072.65
51.3856 -369.819 3151.77
62.9502 532.427 3058.36
157.443 511.429 2932.36
275.906 237.224 2808.75
194.523 -835.16 2983.92
53.0287 -0.815439 2841.94
202.033 51.8634 2920.07
186.552 -399.963 2918.64
251.936 490.431 2806.35
151.069 288.039 2964.36
FRAME: 136
142.753 759.499 2878.22
49.4802 297.914 3214.46
226.71 -769.831 3263.87
-198.73 112.875 3262.58
88.6999 71.5052 3071.27
55.1728 -377.697 3157.95
66.2924 528.978 3063.22
160.565 509.311 2937.94
275.752 229.83 2809.54
194.578 -852.037 2986.27
44.5906 -14.0969 2853.44
202.283 47.6655 2920.7
187.023 -410.505 2923.27
254.837 489.645 2812.65
153.028 284.448 2966.96
FRAME: 137
129.269 784.118 2889.41
42.2269 307.974 3220.79
229.058 -753.642 3297.9
-212.231 130.774 3285.27
91.9164 75.7832 3076.29
60.1154 -371.083 3167.77
66.9369 533.039 3070.11
159.414 513.906 2945.05
277.957 237.269 2815.9
192.435 -838.151 2986.37
60.7698 7.65703 2856.08
200.52 53.1513 2929.76
184.688 -401.424 2924.64
251.892 494.774 2819.99
152.816 289.187 2974.04
FRAME: 138
134.993 777.643 2907.87
37.9179 315.41 3243.8
224.412 -758.55 3282.83
-249.319 166.195 3305.42
100.137 77.7465 3073.43
65.7973 -369.793 3153.21
70.2337 532.85 3081.92
159.822 518.42 2953.69
270.689 232.506 2819.04
194.313 -840.749 2987.09
64.712 -3.19313 2863.2
204.33 60.8806 2924.75
185.102 -403.488 2924.2
249.41 503.99 2825.47
156.028 293.867 2976.39
FRAME: 139
135.699 778.644 2918.11
40.9308 330.746 3267.39
228.329 -732.351 3257.9
-268.222 198.943 3331.4
104.602 80.4489 3074.06
74.6487 -373.643 3150.67
73.6379 535.295 3090.16
160.221 523.563 2959.58
269.639 233.999 2822.64
193.434 -830.497 2983.62
62.7184 2.48627 2869.53
206.22 66.6659 2921.25
182.551 -393.474 2922.47
246.804 511.832 2829
157.816 298.56 2978.62
FRAME: 140
136.628 779.652 2925.97
43.3716 355.237 3301.04
221.212 -720.812 3254.06
-275.718 234.321 3353.08
108.407 77.2031 3080.58
83.341 -369.331 3140.74
82.5243 537.56 3100.92
164.445 525.988 2966.49
269.227 228.346 2827.67
190.203 -833.994 2981.87
57.9843 -1.14816 2882.77
204.579 63.6311 2923.47
181.75 -394.276 2922.54
246.366 514.415 2832.05
160.469 298.202 2984.26
FRAME: 141
136.196 782.497 2930.86
44.0523 362.734 3317.97
197.954 -746.114 3270.9
-286.867 276.216 3372.71
112.861 76.6979 3084.18
79.3095 -369.776 3144.05
88.6683 539.475 3112.86
166.415 529.01 2974.29
263.938 236.042 2830.16
190.152 -827.555 2980.69
65.3247 12.4447 2860.06
202.162 64.8762 2925.61
180.231 -390.092 2921.05
244.162 518.545 2835.72
161.963 299.899 2989.59
FRAME: 142
133.638 789.768 2939.62
39.1563 372.868 3332.78
211.513 -757.361 3264.91
-294.485 313.211 3409.4
121.867 81.4877 3076.81
76.6882 -365.731 3152.42
93.057 541.909 3119.61
167.644 536.238 2976.76
255.525 232.446 2827.79
192.18 -815.842 2978.15
66.4597 -7.3796 2866.1
207.082 75.5373 2914.18
181.073 -377.26 2920.83
242.23 530.568 2833.92
166.059 307.375 2986.13
FRAME: 143
136.645 781.953 2942.17
37.6039 384.233 3344.36
192.104 -759.95 3255.69
-300.832 353.237 3418.35
121.985 79.4945 3083.55
86.147 -371.385 3145.71
98.5416 540.983 3123.29
170.887 533.489 2978.52
250.515 233.429 2826.14
190.055 -816.885 2978.56
52.0291 -15.8237 2867.41
205.21 71.225 2917.8
179.63 -381.558 2921.54
243.232 525.994 2833.74
167.242 304.424 2989.6
FRAME: 144
136.384 782.4 2945.65
41.4346 399.847 3357.37
207.777 -738.309 3231.42
-286.465 400.974 3426.53
123.349 76.7524 3086.93
97.0204 -374.947 3150.58
100.024 538.441 3125.49
170.145 531.046 2980.69
237.701 228.104 2826.4
191.673 -823.001 2978.46
46.3849 -25.9086 2870.71
204.622 68.5725 2919.57
181.938 -386.377 2922.87
240.267 523.651 2835.9
167.065 301.854 2991.97
FRAME: 145
136.702 784.86 2949.97
43.6655 409.287 3362.42
208.199 -747.99 3238.55
-281.304 449.574 3439.2
124.866 76.3633 3086.8
92.7031 -373.633 3160.64
105.256 536.74 3130.38
171.866 529.923 2984.85
222.415 226.03 2825.65
191.909 -819.551 2977.68
38.1309 -28.1248 2867.71
200.679 69.0946 2921.83
179.562 -382.839 2922.13
238.476 523.106 2839.33
167.319 301.326 2994.58
FRAME: 146
136.723 783.638 2951.45
37.7243 424.768 3373.12
200.839 -780.37 3260.22
-269.758 531.936 3460.54
127.326 75.6609 3089.35
92.3428 -372.347 3164.79
107.324 536.031 3130.41
171.384 529.031 2984.35
215.461 224.419 2819.63
191.697 -820.497 2977.27
25.6987 -34.3765 2860
201.199 68.27 2921.6
180.971 -384.359 2923.72
235.443 522.032 2838.3
167.823 300.498 2994.91
FRAME: 147
136.513 783.028 2952.19
41.1697 448.503 3389.98
196.537 -774.572 3270.92
-253.957 588.413 3460.83
130.621 74.0487 3088.01
89.4367 -370.631 3169.69
110.105 533.294 3129.56
172.577 526.195 2983.03
209.596 223.973 2815.61
192.825 -817.101 2980.69
23.9035 -32.1601 2853.4
201.923 66.5878 2921.72
181.221 -382.937 2925.96
235.05 519.097 2836.5
169.424 298.257 2993.95
FRAME: 148
136.531 782.415 2951.34
54.5871 457.602 3387.11
202.669 -780.577 3265.93
-238.564 628.951 3464.13
130.91 72.8771 3091.69
90.5965 -370.386 3168.08
113.19 530.699 3127.62
173.543 521.725 2981.66
203.793 219.54 2812.81
192.458 -819.243 2983.05
15.9702 -34.0642 2849.28
200.23 63.0599 2925.49
180.017 -386.613 2926.49
233.897 512.75 2835.7
169.557 294.847 2995.12
FRAME: 149
133.98 780.086 2953.79
52.5888 486.189 3394.65
203.338 -784.277 3235.31
-222.966 667.744 3472.55
132.763 71.4691 3085.85
91.5907 -370.286 3162.22
109.537 526.826 3126.91
168.865 520.181 2979.22
202.457 220.508 2808.26
195.699 -816.91 2983.21
23.8294 -36.5515 2831.05
200.95 64.433 2917.6
179.706 -388.016 2924.53
228.193 513.537 2831.52
167.861 294.066 2990.47
FRAME: 150
134.14 778.346 2955.18
53.0096 510.374 3402.14
203.47 -780.07 3221.05
-195.47 668.515 3436.51
132.194 69.9816 3084.79
94.0743 -378.048 3163.95
111.065 525.446 3126.5
168.297 518.641 2978.99
197.051 205.155 2804
197.013 -817.769 2982.02
23.1673 -43.411 2819.74
197.233 62.6116 2917.94
176.469 -392.096 2924.54
225.529 511.835 2831.48
166.505 292.469 2990.17
FRAME: 151
133.468 790.307 2957.3
70.4029 537.954 3398.54
208.075 -766.232 3256.9
-142.339 654.725 3445.93
134.919 76.981 3081.16
89.4046 -367.798 3169.24
115.134 532.336 3127.75
168.539 527.071 2978.24
204.551 219.595 2802.79
196.493 -811.929 2981.21
23.4046 -41.1113 2799.39
196.062 71.906 2911.18
172.149 -386.136 2925.13
221.945 521.807 2828.72
167.015 300.757 2987.21
FRAME: 152
136.453 773.534 2954.27
83.3473 545.059 3389.79
202.197 -777.762 3251.78
-108.157 631.919 3431.09
132.225 67.5181 3083.76
87.259 -378.105 3166.29
115.877 521.607 3124.44
168.445 514.423 2974.73
197.557 218.407 2794.44
199.256 -820.049 2981.9
25.7082 -45.5274 2781.86
193.537 59.8129 2910.54
171.138 -391.875 2925.31
221.012 507.239 2825.03
165.663 289.044 2985.94
FRAME: 153
136.686 773.578 2951.1
90.6405 567.643 3381.77
210.776 -773.847 3247.54
-96.9642 691.67 3455.05
132.946 64.4844 3087.97
88.5062 -380.729 3170.5
120.122 521.04 3124.04
170.009 511.696 2973.13
199.949 221.249 2790.82
202.759 -826.477 2985.49
28.7266 -41.1152 2770.99
191.002 54.3515 2913.79
170.295 -399.405 2927
219.896 502.352 2822.21
165.992 285.557 2987.01
FRAME: 154
135.702 772.067 2948.47
92.1611 625.354 3376.79
212.929 -776.534 3256.03
-83.1105 805.065 3474.35
133.726 64.1886 3086.34
90.3825 -382.141 3166.45
121.479 520.673 3120.87
166.96 510.25 2966.69
204.827 226.766 2780.88
202.665 -828.375 2984.45
42.0943 -39.4401 2747.88
186.703 52.5597 2907.86
166.774 -401.952 2921.2
212.44 499.827 2812.51
163.587 284.312 2981.89
FRAME: 155
123.493 771.606 2936.52
98.7281 623.178 3319.53
216.665 -802.415 3116.73
-34.9177 692.235 3431.47
136.256 65.948 3082.95
121.937 -381.884 3130.7
115.285 522.059 3110.9
159.748 509.794 2953.22
216.213 229.743 2763.21
204.87 -831.902 2983.35
58.4096 -53.3811 2729.25
188.765 51.7943 2898.49
169.285 -403.524 2915.63
204.212 497.529 2795.54
161.129 284.333 2971.97
FRAME: 156
112.338 768.031 2924.92
96.0762 622.269 3317.33
221.599 -795.019 3053.4
-4.97872 575.629 3419.03
141.696 67.5799 3080.04
133.62 -379.082 3129.78
112.531 520.386 3104.19
154.383 507.257 2945.25
225.593 231.248 2750.26
204.959 -831.594 2984.4
79.5295 -51.8997 2723.98
191.644 52.8314 2895.09
170.578 -403.845 2911.83
196.235 494.128 2786.31
160.526 283.731 2966.41
FRAME: 157
103.318 760.212 2904.77
69.8429 543.428 3277.08
219.111 -818.538 3067.33
4.26388 186.271 3308.8
143.383 68.0741 3084.59
142.569 -389.029 3116.31
110.413 520.879 3094.76
152.628 503.767 2935.89
235.265 229.711 2744.37
207.265 -834.619 2983.72
101.869 -61.9991 2701.31
194.248 47.9454 2897.18
172.658 -409.559 2910.72
194.843 486.654 2777.02
160.722 280.888 2963.39
FRAME: 158
94.2864 748.376 2886.62
64.7834 568.863 3306.87
212.003 -829.908 3058.19
7.66824 212.58 3340.93
144.748 64.509 3077.39
139.996 -394.817 3113.59
102.912 514.283 3082.96
148.941 496.553 2924.75
240.854 217.177 2728.95
209.896 -845.737 2983.63
120.837 -68.8187 2693.64
200.34 44.0029 2892.28
173.958 -417.647 2904
194.969 478.822 2766.54
160.742 275.404 2954.79
FRAME: 159
82.7513 755.876 2880.34
101.011 522.208 3268.66
218.97 -815.368 3027.6
59.6469 123.452 3313.53
149.511 71.3968 3082.63
141.131 -390.327 3115.04
108.999 519.902 3086.18
149.882 499.107 2922.64
259.815 213.323 2722.81
204.323 -836.138 2982.87
147.643 -66.7454 2681.49
198.184 47.4833 2893.11
175.476 -409.686 2902.31
190.765 478.311 2759.11
161.865 279.273 2955.26
FRAME: 160
77.8396 740.926 2858.82
86.0541 533.465 3291.48
208.457 -815.897 3009.79
27.3594 209.075 3335.15
143.374 68.6214 3067.78
129.134 -393.793 3105.66
92.2873 515.332 3055.98
144.942 491.985 2898.89
268.387 210.435 2712.04
210.096 -843.23 2979.35
178.15 -76.5055 2692.56
205.255 41.8865 2888.79
184.485 -418.038 2896.54
197.596 468.639 2741.79
159.628 273.62 2938.59
FRAME: 161
73.4234 732.01 2842.93
71.1209 527.932 3297.97
215.12 -813.469 3030.35
7.36423 316.177 3343.88
145.839 67.7373 3050.43
139.041 -389.506 3083.96
82.3203 516.171 3033.52
140.521 493.036 2881.53
280.959 211.654 2698.37
214.865 -817.091 3009.23
205.906 -79.7893 2689.21
212.682 41.3336 2882.82
183.919 -415.364 2886.75
198.722 469.9 2729.54
159.891 273.786 2924.08
FRAME: 162
70.1619 724.797 2827.34
19.2768 531.85 3304.78
226.778 -796.183 3063
-76.7757 513.72 3367.47
144.374 63.3192 3024.21
156.685 -387.895 3032.7
61.4056 513.315 3016.55
132.254 496.283 2868.31
301.823 226.588 2692.94
210.854 -821.229 3012.58
243.781 -64.5138 2683.61
222.077 44.0862 2867.27
196.54 -419.072 2865.26
203.103 479.252 2720.06
157.74 274.993 2907.02
FRAME: 163
62.1296 721.205 2817.57
4.71335 503.672 3292.65
211.028 -818.855 3039.28
-170.423 651.564 3369.98
145.786 59.3542 3023.19
157.323 -392.249 2984.03
54.4944 505.655 3004.76
128.554 489.573 2860.45
316.234 221.2 2694
214.018 -822.725 2984.52
272.976 -75.5946 2675.16
231.086 40.3083 2858.88
204.786 -420.783 2853.07
202.614 473.492 2716.14
158.495 269.702 2900.74
FRAME: 164
52.9423 695.58 2789.05
-39.2008 396.585 3222.89
211.122 -813.591 3035.38
-275.206 576.334 3304.24
142.754 50.242 3006.32
166.599 -395.057 2944.58
40.478 487.798 2980.9
123.762 474.624 2844.1
340.923 213.845 2695.86
215.521 -818.815 2970.09
322.209 -84.0637 2661.37
239.644 34.3029 2847.55
211.301 -420.957 2823.34
207.045 461.451 2707.31
157.48 258.448 2885.52
FRAME: 165
46.8478 674.614 2768.98
-91.4921 328.286 3177.72
216.171 -811.526 3032.28
-336.441 520.581 3263.39
142.041 19.5909 2969.57
158.544 -418.189 2933.39
25.2747 455.097 2950.42
122.562 449.112 2825.09
368.396 195.921 2698.41
218.746 -830.834 2968.68
346.304 -106.473 2669.38
248.924 12.3129 2833.57
216.061 -440.778 2795.57
219.849 443.126 2699.77
159.022 232.532 2863.33
FRAME: 166
42.2613 659.858 2760.01
-120.595 255.551 3113.92
192.378 -798.805 3092.53
-385.25 387.113 3172.66
135.971 -2.16082 2959.02
83.4361 -461.471 2971.7
13.719 432.752 2932.96
122.962 430.003 2815.16
384.2 176.766 2708.39
214.097 -838.93 2936.18
370.152 -126.887 2677.95
258.322 -5.84871 2828.36
215.33 -446.355 2782.96
232.206 427.255 2697.37
160.054 212.999 2854.43
FRAME: 167
39.5382 632.015 2747.36
-152.525 210.67 3051.99
212.087 -792.983 3142.92
-420.497 315.773 3099.27
126.911 -24.8678 2949.95
71.6446 -490.481 2983.02
6.08794 400.579 2905.06
123.825 399.389 2800.64
395.162 156.947 2715.38
217.786 -847.591 2931.81
395.82 -152.726 2677.75
267.609 -26.4172 2825.67
215.091 -466.983 2774.51
241.562 398.2 2696.22
160.542 186.873 2844.23
FRAME: 168
47.1928 605.696 2735
-165.319 174.364 2998.05
217.398 -819.317 3131.55
-444.977 247.949 3012.62
126.388 -51.4293 2934.74
73.9356 -508.159 2959.55
3.23703 370.252 2878.32
132.297 371.484 2787.24
408.771 136.15 2718.02
223.401 -846.685 2928.13
411.699 -168.729 2676.74
278.956 -49.9189 2826.96
216.842 -490.004 2767.27
261.356 372.716 2696.16
167.485 160.405 2834.05
FRAME: 169
42.8289 588.136 2723.24
-170.851 115.529 2908.48
211.158 -801.014 3144.51
-522.7 174.11 2957.82
127.188 -71.159 2919.45
62.6725 -528.674 2945.55
-1.16586 335.741 2854.89
136.255 344.255 2775.91
413.86 119.272 2734.99
222.114 -855.713 2927.38
440.092 -184.419 2689.32
290.173 -63.08 2824.33
223.79 -501.675 2768.37
273.677 352.769 2696.93
172.468 138.568 2823.9
FRAME: 170
29.0176 570.373 2711.46
-159.186 94.4427 2848.65
211.204 -822.437 3127.53
-490.299 74.1081 2801.21
127.687 -89.6498 2901.2
68.8303 -541.717 2926.13
5.33926 330.248 2834.58
145.144 337.625 2765.16
415.721 113.078 2740.27
220.108 -862.681 2925.59
454.213 -188.448 2677.99
299.538 -80.5316 2815.6
222.134 -516.756 2754.38
284.949 345.002 2695.74
179.378 126.267 2811.78
FRAME: 171
19.3474 552.82 2701.68
-148.783 79.7155 2763.21
205.355 -820.982 3108.07
-489.522 5.63992 2653.37
137.569 -94.0994 2885.04
83.744 -551.517 2905.4
0.78409 316.378 2812.98
141.811 332.669 2756.21
421.335 111.661 2751.17
219.905 -866.532 2931.21
479.566 -178.631 2696.55
311.584 -74.8338 2814.34
225.887 -514.724 2753.67
282.839 348.96 2699.44
183.194 124.101 2802.95
FRAME: 172
14.8549 547.673 2694.34
-156.961 68.1521 2697.01
217.974 -827.328 3062.71
-432.546 -37.9609 2507.58
137.699 -99.8795 2871.15
90.4263 -550.108 2884.46
-5.88322 308.885 2797.25
136.118 330.139 2746.94
424.607 117.844 2758.41
226.283 -846.425 2903.77
491.957 -167.071 2701.85
314.319 -74.5802 2807.8
220.458 -505.64 2743.09
278.119 351.393 2696.64
181.063 121.455 2793.21
FRAME: 173
12.1168 540.085 2686.65
-151.073 67.2166 2661.2
200.598 -812.403 2998.8
-376.947 -77.103 2417.45
131.059 -97.8071 2863.47
76.5418 -547.014 2873.17
0.950905 306.594 2781.66
143.268 325.948 2737.94
427.816 125.886 2762.23
222.233 -862.838 2909.81
517.416 -149.411 2711.47
317.346 -74.0409 2805.14
229.864 -507.521 2749.05
285.585 345.303 2694.22
183.735 120.012 2786.12
FRAME: 174
6.68714 535.185 2672.44
-143.717 62.0676 2627.61
207.621 -816.669 3004.71
-346.042 -110.248 2388.17
134.858 -97.7495 2848.38
83.4757 -548.754 2859.41
-4.88278 302.016 2759.26
138.947 327.604 2725.16
432.443 136.142 2766.65
218.251 -864.146 2914.67
524.486 -140.819 2721.73
325.649 -65.4398 2802.15
228.941 -493.544 2748.76
282.777 353.192 2691.06
184.6 123.005 2775.21
FRAME: 175
-0.0589566 541.352 2651.85
-109.923 67.428 2590.63
224.851 -781.159 2975.27
-240.166 -66.5554 2330.65
132.282 -88.0049 2831.43
89.2559 -537.823 2846.53
-5.53117 309.429 2733.98
139.148 337.014 2709.49
436.77 148.107 2765.97
207.293 -859.532 2920.02
544.799 -93.5723 2724.13
327.854 -52.7681 2797.1
233.109 -484.438 2756.54
283.827 364.6 2685
184.608 133.314 2761.88
FRAME: 176
-4.75455 549.214 2634.25
-85.1168 80.7753 2557.62
210.219 -783.271 2961.59
-157.917 -30.3368 2254.88
135.201 -78.1963 2822.99
102.161 -525.458 2841.23
-8.39822 318.398 2721
136.904 349.814 2701.11
440.836 169.722 2766.72
206.186 -846.99 2925.29
568.259 -86.9206 2765.23
332.964 -38.5325 2793.83
234.443 -462.613 2757.96
282.206 381.229 2681.22
185.493 145.725 2754.76
FRAME: 177
-6.28716 560.006 2620.61
-79.8879 82.9073 2528.19
212.704 -776.004 2948.27
-134.14 -2.24308 2210.75
139.17 -63.8294 2807.98
114.939 -513.197 2833.18
-8.70169 325.358 2700.65
136.458 360.698 2687.8
438.846 183.822 2769.18
209.314 -829.11 2911.74
569.468 -66.113 2756.16
338.519 -18.8704 2788.01
252.35 -449.384 2764.7
281.617 396.037 2674.96
187.651 159.674 2742.9
FRAME: 178
-1.26173 575.1 2602.35
-59.7693 97.281 2510.18
197.691 -756.555 3016.78
-108.418 21.9133 2174.25
143.179 -46.7071 2800.57
120.743 -499.127 2838.53
-8.1364 338.381 2689.09
135.962 375.435 2678.37
442.487 193.991 2765.03
203.636 -826.326 2928.35
571.094 -43.0126 2758.34
338.325 0.240158 2783.62
255.765 -429.086 2769.31
280.06 412.488 2667.64
188.357 176.101 2735.23
FRAME: 179
7.39426 587.997 2588.26
-47.9495 117.409 2504.97
197.342 -764.635 2994.48
-92.633 38.7735 2167.56
135.776 -35.0881 2794.96
112.429 -493.759 2838.08
-2.57714 356.342 2677.59
141.881 389.018 2667.39
441.127 220.381 2757.55
216.249 -853.757 2933.46
565.309 -19.3203 2747.49
336.022 7.75981 2778.39
258.521 -423.165 2779
286.34 421.694 2657.2
188.89 187.677 2727.03
FRAME: 180
10.3716 599.779 2576.7
-54.9935 128.847 2494.21
198.34 -749.899 3004.77
-88.5977 63.9913 2168.43
141.93 -21.2043 2787.28
133.912 -480.03 2823.94
-3.9976 368.667 2663.65
140.414 404.951 2658.22
440.65 227.735 2756.69
206.006 -817.266 2930.12
568.152 -5.70181 2745.24
339.488 24.9749 2776.95
259.288 -401.179 2776.9
284.825 441.236 2652.79
190.561 203.418 2720.17
FRAME: 181
21.8179 615.215 2562.46
-62.7055 145.381 2500.85
202.169 -758.823 2974.13
-85.7501 87.6267 2159.4
135.741 -13.8585 2785.88
131.551 -474.001 2825.29
-3.99167 376.703 2655.11
141.103 411.167 2649.37
440.797 242.253 2748.24
203.268 -825.714 2941.38
564.48 -9.58109 2759.03
336.895 30.8646 2775.55
266.506 -405.712 2781.15
286.197 445.631 2643.64
188.71 209.835 2715.04
FRAME: 182
27.3946 624.716 2553.79
-65.3205 150.094 2482.09
229.82 -766.94 2960.31
-82.9003 117.266 2131.53
135.441 -5.13849 2781.46
135.618 -459.548 2818.93
-2.36914 382.051 2645.17
142.451 416.993 2641.99
438.618 244.849 2748.18
212.07 -814.171 2942.47
559.789 -17.5739 2761.38
337.655 40.5326 2774.48
259.011 -388.682 2794.74
287.271 451.934 2638.8
189.499 217.345 2709.98
FRAME: 183
40.9488 635.713 2546.99
-59.6216 161.123 2501.72
221.439 -767.328 2959.26
-81.2262 124.305 2150.88
124.515 3.12738 2784.5
126.67 -443.924 2830.68
3.3215 396.078 2647.89
148.329 423.837 2640.22
433.777 247.841 2744.51
213.562 -829.248 2947.64
552.487 -9.76262 2754.9
332.919 40.1849 2771.1
262.818 -392.26 2803.96
293.336 451.596 2632.55
188.523 222.747 2709.01
FRAME: 184
61.4472 648.303 2543.41
-67.3333 161.411 2489.53
216.574 -777.683 2953.61
-103.733 120.455 2126.12
124.73 9.60329 2782.11
127.627 -436.14 2832.93
-2.11429 400.319 2641.17
146.703 429.998 2635.2
431.951 249.939 2747.81
214.632 -822.4 2952.17
528.194 -26.3334 2738.45
333.328 48.4402 2771.3
261.145 -383.398 2812.5
295.521 459.677 2629.24
187.866 229.51 2705.95
FRAME: 185
77.7478 654.271 2544.02
-73.8123 152.048 2493.38
228.347 -773.242 2975.87
-105.422 106.008 2156.32
122.372 11.2491 2784.34
124.759 -437.27 2844.5
-3.65762 406.338 2643.18
148.659 433.993 2635.32
430.513 248.534 2748
212.007 -821.894 2960.2
516.059 -41.9104 2735.02
330.62 47.0376 2771.64
258.568 -384.303 2821.8
300.975 461.648 2627.46
187.577 231.568 2706.65
FRAME: 186
84.9077 664.259 2543.5
-71.6592 135.815 2515.14
236.28 -746.311 3024.06
-113.955 79.0118 2170.54
118.188 10.2562 2787.12
119.437 -444.013 2854.56
-4.36813 408.679 2647.73
150.954 433.625 2638.64
428.473 243.671 2746.81
207.012 -815.98 2970.18
500.597 -55.6836 2729.52
325.761 42.0961 2773.36
263.873 -392.763 2832.18
306.277 458.571 2629.54
186.465 229.9 2709.44
FRAME: 187
86.936 663.277 2547.26
-75.6857 127.537 2531.53
207.914 -738.844 3015.58
-122.121 47.7346 2187.98
125.787 14.196 2783.13
118.442 -429.112 2846.19
-10.5319 407.818 2641.37
146.325 439.245 2636.67
426.897 240.419 2747.89
212.408 -813.643 2970.02
489.006 -68.9118 2729.89
332.395 53.7392 2774.94
264.123 -386.006 2838.27
303.182 470.672 2631.97
187.708 236.606 2707.85
FRAME: 188
90.067 671.876 2544.68
-78.1264 113.694 2554.86
201.099 -702.565 3073.05
-131.67 18.7744 2233.56
122.914 15.3558 2790.24
95.8418 -436.286 2890.7
-10.4705 412.165 2645.93
148.134 442.09 2640.44
428.481 229.853 2747.67
215.257 -821.396 2971.54
469.627 -78.9229 2725.43
331.394 53.0135 2781.2
271.285 -394.962 2855.32
306.739 472.015 2634.94
187.644 238.137 2713.08
FRAME: 189
95.7444 676.146 2549.37
-81.7614 107.505 2567.93
168.698 -703.464 3107.81
-131.942 -14.2549 2279.09
126.729 21.9743 2792.71
87.3921 -423.272 2897.75
-12.7857 418.911 2643.05
147.751 452.17 2642.07
429.065 218.205 2746.55
210.9 -794.416 2967.29
450.638 -94.0869 2723.25
333.871 63.5119 2789.92
274.983 -389.136 2849.74
308.288 485.428 2641.08
189.026 247.456 2716.69
FRAME: 190
102.483 679.228 2553.35
-98.5332 102.863 2601.47
168.269 -690.666 3144.91
-152.588 -5.72026 2342.42
113.926 24.5384 2803.12
72.354 -424.003 2919.73
-14.1198 429.662 2656.49
147.274 455.94 2648.32
418.323 211.196 2744.47
215.03 -797.364 2970.07
431.096 -96.8519 2718.07
323.546 57.5323 2791.32
278.409 -388.616 2855.1
308.668 482.217 2640.15
183.005 248.488 2722.77
FRAME: 191
107.896 680.796 2557.63
-109.497 90.6779 2613.28
144.66 -712.359 3182.45
-151.658 -8.47731 2356.51
110.659 26.741 2812.08
70.27 -413.699 2926.29
-13.1456 435.624 2667.66
148.434 458.678 2655.56
410.157 201.923 2743.52
215.566 -802.959 2972.09
409.589 -101.943 2703.04
317.92 55.6125 2795.76
277.834 -385.665 2860.07
310.013 481.731 2643.45
181.361 249.927 2729.74
FRAME: 192
111.077 685.516 2565.72
-82.0524 152.604 2654.71
154.701 -696.015 3181.3
-119.166 8.72816 2390.31
110.021 35.4826 2822.47
57.1261 -402.909 2931.27
-14.3487 446.28 2680.78
148.359 467.422 2664.33
403.664 199.286 2746.09
219.944 -803.373 2969.2
386.512 -109.64 2697.71
317.012 61.9817 2801.11
279.384 -381.374 2859.89
311.067 488.564 2647.88
180.938 258.077 2738.06
FRAME: 193
115.502 695.936 2586.44
-94.0051 118.672 2707.39
157.327 -703.827 3182.12
-127.924 -63.0139 2522.69
103.737 38 2833.87
52.3877 -403.53 2934.36
-14.8897 454.866 2704.26
147.957 472.503 2684.03
397.195 193.215 2750.52
214.727 -813.794 2972.73
348.359 -109.06 2677.47
309.631 60.0448 2808.03
277.256 -387.439 2860.91
310.804 490.14 2663.8
177.321 260.763 2752.49
FRAME: 194
115.133 692.459 2614.59
-92.6545 137.495 2753.21
150.762 -709.285 3183.23
-124.556 -70.7746 2586
97.7028 30.6595 2835.43
48.9115 -411.275 2923.92
-17.91 452.756 2723.43
145.073 467.878 2698.54
389.328 178.533 2746.79
215.71 -810.656 2970.68
329.845 -109.237 2684.76
303.667 49.5596 2803.77
272.267 -391.018 2855.71
308.056 483 2673.65
172.879 253.994 2759.07
FRAME: 195
117.849 692.918 2630.04
-89.5849 142.657 2787.21
135.211 -703.105 3198.71
-116.548 -99.3409 2664.02
89.0594 29.9756 2844.73
45.1007 -412.036 2936.25
-20.9206 454.569 2737.75
143.108 466.617 2709.61
382.854 185.399 2746.56
211.66 -815.318 2977.88
307.525 -119.316 2678.49
296.659 45.0012 2808.88
262.623 -394.982 2865.76
307.137 478.664 2681.48
167.984 252.053 2768.21
FRAME: 196
118.657 692.525 2644.48
-86.7791 153.564 2809.4
145.404 -695.764 3200.56
-106.228 -100.735 2695.51
80.2792 33.0876 2861.19
41.2018 -412.471 2947.47
-22.7664 459.45 2754.74
141.252 467.739 2721.85
374.147 183.906 2748.4
209.499 -823.178 2983.84
295.809 -122.432 2684.36
289.931 43.5091 2818.89
257.202 -401.494 2875.62
305.27 476.028 2688.97
163.179 253.019 2780.95
FRAME: 197
119.395 693.516 2657.68
-78.7498 167.336 2846.62
147.045 -681.943 3199.1
-93.6704 -120.29 2789.41
68.8417 33.8059 2875.01
36.4579 -409.258 2962.49
-25.0486 463.05 2772.49
138.261 466.672 2734.98
368.733 179.283 2755.93
206.818 -822.243 2980.28
279.197 -117.097 2682.11
277.816 38.3285 2826.87
250.702 -405.881 2874.94
301.57 470.295 2697.48
155.795 251.37 2792.96
FRAME: 198
122.808 693.491 2669.62
-72.5499 178.852 2879.74
139.29 -691.6 3196.63
-83.8025 -117.133 2845.37
60.0366 33.7615 2888.37
22.5641 -419.114 2956.65
-24.601 467.257 2789.5
137.695 466.639 2746.57
363.13 172.213 2754.94
207.576 -826.72 2988.33
276.781 -132.839 2697.44
270.844 32.7497 2832.55
245.61 -411.965 2880.65
299.991 466.021 2703.64
151.568 249.947 2803.52
FRAME: 199
113.33 708.245 2670.86
-70.5758 189.503 2912.21
140.581 -675.26 3219.22
-78.5538 -114.046 2902.73
57.0809 38.3062 2900.52
7.47509 -420.859 2968.52
-24.9623 473.949 2804.13
136.807 471.169 2758.02
356.806 174.426 2762.01
208.897 -825.027 2988.48
276.775 -127.06 2711.88
264.679 34.5196 2841.11
239.343 -413.662 2885.34
298.576 468.389 2711.92
148.843 253.791 2814.42
FRAME: 200
113.878 709.55 2690.15
-68.2641 194.493 2956.52
152.079 -672.477 3215.55
-70.2131 -108.145 2998.95
53.6587 46.5009 2912.99
-11.3014 -427.656 2975.96
-28.8616 482.607 2818.88
132.235 479.549 2770.03
352.327 179.451 2769.48
213.039 -821.955 2995.85
265.677 -117.871 2707.58
259.892 42.3821 2850.22
234.597 -411.283 2888.74
293.331 476.492 2721.19
144.505 261.995 2825.82
FRAME: 201
111.191 713.368 2703.87
-58.95 217.001 2994.86
171.144 -663.778 3235.62
-66.7518 -86.5464 3071.64
57.8176 56.3214 2934.05
1.64951 -398.504 2990.95
-28.2679 491.221 2838.41
130.831 487.765 2784.28
344.657 189.219 2776.65
215.582 -816.232 2997.66
268.052 -107.663 2735.68
260.062 51.6574 2864.82
229.845 -403.444 2890.57
289.93 484.308 2730.15
144.885 270.877 2841.86
FRAME: 202
109.388 713.359 2712.27
-61.9589 234.664 3030.93
171.383 -673.029 3248.16
-85.7858 -62.1136 3108.98
62.079 63.6673 2952.52
7.40798 -393.335 3009.22
-26.7765 496.774 2854.92
130.711 492.025 2794.87
339.133 190.036 2782.27
210.772 -823.794 2994.1
259.299 -96.8963 2735.23
261.652 57.4445 2876.22
219.101 -399.47 2890.75
288.199 487.276 2734.82
146.288 276.29 2854.62
FRAME: 203
106.111 718.844 2724.49
-58.6967 236.749 3057.08
168.86 -679.949 3248.15
-110.892 -51.7192 3143.48
58.9007 68.1399 2968.46
13.6203 -382.832 3027.66
-26.0828 502.832 2875.44
127.958 495.196 2807.57
333.334 193.959 2787.82
205.908 -824.305 2983.45
242.72 -88.4172 2741.66
255.006 58.2895 2881.89
210.368 -394.732 2891.52
281.998 487.561 2739.71
142.456 279.205 2866.38
FRAME: 204
107.125 719.882 2741.29
-61.1355 237.392 3084
163.256 -702.727 3239.61
-138.321 -48.8686 3173.28
57.336 70.9479 2981.46
21.6799 -378.778 3032.79
-22.2398 505.403 2894.64
128.273 494.766 2820.1
329.416 183.708 2790.37
206.845 -817.532 2981.76
249.542 -89.2595 2756.33
248.729 57.267 2886.64
205.179 -395.022 2893.31
278.786 484.13 2745.56
140.653 279.437 2877.07
FRAME: 205
104.449 719.58 2753.65
-64.5031 244.968 3116.04
170.551 -676.409 3277.85
-172.365 -35.0272 3193.31
63.6799 77.6411 2991.31
2.72074 -380.609 3071.97
-19.0914 510.373 2910.36
127.826 498.81 2827.7
325.17 185.935 2783.21
205.207 -827.29 2978.4
234.102 -95.0353 2757.74
248.607 62.9845 2887.27
198.535 -389.691 2894.28
274.743 487.246 2745.03
141.985 284.561 2883.49
FRAME: 206
97.515 733.455 2757.03
-65.0968 255.619 3133.94
174.274 -686.875 3281.89
-212.054 -6.71164 3217.42
75.7232 91.3505 3003.01
-4.34483 -374.06 3076.97
-16.7848 521.619 2921.88
127.73 511.56 2833.91
321.285 190.787 2780.26
206.365 -815.064 2976.43
234.753 -99.0749 2768.03
257.12 78.599 2892.52
193.35 -376.675 2890.73
272.244 501.5 2745.93
147.076 298.267 2890.84
FRAME: 207
107.058 728.312 2778.94
-68.8615 260.949 3149.33
172.052 -690.297 3287.83
-243.64 17.2101 3229.33
64.6377 82.3094 3010.43
-5.50209 -369.341 3102.54
-10.1803 516.384 2944.19
128.374 502.338 2849.81
318.235 188.517 2782.25
205.788 -820.869 2976.66
226.799 -97.8791 2773.74
240.23 64.2765 2890.65
186.007 -386.193 2889.2
266.929 488.291 2755.43
140.404 287.815 2900.18
FRAME: 208
106.67 729.703 2788.15
-76.8118 272.532 3174.8
178.163 -689.649 3282.9
-276.981 44.0492 3259.66
66.5753 85.1852 3016.85
-6.46716 -367.606 3117.21
-6.25613 521.636 2955.85
128.13 506.358 2855.4
311.453 188.291 2777.48
201.476 -819.277 2974.5
216.385 -102.809 2777.4
235.138 65.9714 2890.79
176.45 -381.523 2886.54
262.516 491.08 2754.95
139.494 290.968 2904.61
FRAME: 209
107.428 728.06 2801.06
-78.3743 293.973 3201.83
178.662 -690.417 3280.72
-321.987 104.461 3303.08
66.29 82.6271 3028.01
-0.714272 -359.734 3125.72
0.791807 522.007 2973.43
127.323 504.717 2865.44
297.181 187.889 2771.86
201.855 -823.513 2977.6
191.715 -103.211 2775.66
226.199 60.7668 2891.36
172.155 -387.787 2887.97
253.855 487.426 2757.44
136.784 288.207 2912.56
FRAME: 210
102.709 735.297 2814.69
-72.749 318.365 3222.84
190.467 -692.607 3271.07
-344.931 161.04 3309.7
73.9865 83.4761 3033.69
6.533 -355.331 3118.66
8.94883 524.737 2992.14
124.051 508.902 2875.83
281.406 192.104 2770.12
204.785 -826.054 2972.46
173.626 -99.6523 2774.34
219.13 63.2186 2886.46
171.918 -384.713 2888.3
239.152 493.068 2759.53
135.304 291.125 2917.95
FRAME: 211
113.871 723.212 2824.89
-80.3079 334.393 3258.61
181.708 -713.189 3268.48
-368.996 197.217 3332.46
74.5067 74.3773 3034.11
20.2753 -365.577 3120.01
17.7849 517.029 2997.82
129.631 499.308 2877.65
266.803 176.313 2766.65
203.574 -829.373 2972.05
153.592 -115.454 2784.8
215.228 51.7558 2882.05
169.71 -398.356 2888.66
241.478 481.587 2757.48
137.249 281.187 2917.86
FRAME: 212
113.869 726.373 2831.18
-74.3723 349.219 3275.21
169.43 -705.897 3276
-379.24 244.522 3337.28
72.7515 75.4563 3039.02
12.6243 -363.906 3140.67
22.5864 517.61 3010.83
129.517 499.339 2886.49
257.353 183.522 2767.34
206.025 -822.416 2973.12
142.703 -101.257 2782.54
205.402 52.5373 2883.98
169.514 -397.383 2889.14
236.448 481.068 2762.16
134.297 281.668 2924
FRAME: 213
105.586 738.861 2843.39
-71.4991 369.874 3287.27
177.384 -712.092 3255.4
-390.347 293.498 3352.43
86.3781 80.1882 3030.71
20.7249 -355.966 3121.54
25.4201 524.355 3018.22
127.179 512.137 2888.46
243.942 190.5 2763.2
203.962 -826.338 2970.57
133.7 -102.507 2776.24
212.906 64.5798 2868.7
164.293 -387.83 2885.5
228.938 499.919 2758.7
138.41 292.26 2919.08
FRAME: 214
108.437 731.656 2852.02
-70.8236 381.44 3305.4
156.926 -736.479 3249
-392.431 337.688 3364.89
87.6921 76.1707 3025.03
20.7991 -369.498 3133.62
25.8746 519.756 3021.22
128.148 509.208 2888.59
228.874 190.756 2764.4
206.562 -836.512 2974.99
124.115 -102.479 2770.62
214.253 63.0231 2860.48
164.509 -388.61 2887.76
230.421 498.66 2755.95
139.56 289.402 2915.67
FRAME: 215
107.063 735.022 2856.35
-66.7162 395.167 3306.79
163.878 -725.575 3248.29
-387.224 391.603 3373.81
84.2297 71.8441 3033.93
14.1853 -368.1 3145.12
33.9179 517.301 3034.77
127.726 505.616 2898.6
222.507 194.783 2767.29
204.291 -830.047 2974.77
109.275 -94.7395 2772.96
200.92 57.1342 2864.27
163.01 -393.094 2890.45
221.534 493.93 2762.43
135.15 285.052 2923.85
FRAME: 216
104.78 730.361 2867.44
-68.4699 415.665 3317.81
153.171 -728.812 3253.09
-388.729 439.549 3390.41
85.0371 66.3751 3029.68
13.9619 -369.589 3134.78
33.9885 510.053 3040.21
124.924 500.957 2901.1
203.91 181.247 2764.81
202.695 -824.797 2969.35
86.7136 -109.946 2783.17
198.583 54.6565 2856.05
160.766 -395.361 2894.43
215.86 491.86 2762
133.367 280.736 2921.98
FRAME: 217
105.284 734.381 2869.08
-64.4503 428.978 3336.58
170.703 -734.283 3246.44
-385.08 482.065 3403.26
88.3748 67.7624 3033.03
9.90411 -369.714 3150.36
40.9737 513.833 3046.74
126.146 504.503 2904.23
201.356 185.728 2765.85
202.506 -828.196 2969.61
74.862 -108.418 2779.64
194.487 55.9984 2855.65
160.838 -392.419 2893.8
211.318 495.173 2761.71
133.788 283.192 2924.28
FRAME: 218
103.71 733.056 2884.75
-58.4302 462.548 3364.34
164.916 -738.918 3250.63
-364.62 568.331 3432.54
89.6538 64.0232 3026.4
6.35625 -371.829 3153.37
42.744 508.394 3054.35
123.944 503.22 2909.99
193.433 191.146 2764.07
203.655 -827.628 2966.02
56.6014 -94.674 2776.37
190.32 57.3525 2847.45
157.647 -392.186 2887.63
205.144 498.047 2765.63
131.965 281.954 2923.46
FRAME: 219
105.387 721.219 2893.74
-45.5819 484.744 3381.74
163.983 -763.233 3237.03
-341.048 615.103 3454.41
89.6232 48.4716 3023.99
15.0834 -385.784 3140.14
45.872 492.643 3060.48
124.157 489.596 2914.75
186.808 186.872 2762.75
203.76 -834.688 2967.43
44.6535 -92.2905 2777.84
186.461 44.7369 2843.63
157.237 -400.809 2882.7
202.442 486.55 2769.02
131.099 268.1 2924.28
FRAME: 220
101.457 706.699 2892.84
-34.7931 507.804 3383.68
168.438 -768.837 3251.02
-311.074 670.553 3432.77
93.802 35.8155 3026.43
20.9365 -393.192 3147.94
45.2502 479.919 3059.66
121.79 476.77 2912.83
175.419 182.6 2758.1
207.491 -841.413 2973.38
36.3326 -91.6027 2778.36
189.114 32.0213 2843.75
163.356 -415.185 2889.83
198.329 473.621 2766
131.624 255.344 2923.96
FRAME: 221
93.5257 701.718 2895.91
-16.9612 538.885 3387.75
166.758 -780.55 3248.86
-276.628 736.244 3428.5
100.39 28.3821 3024.54
21.5297 -398.096 3147.09
44.9304 471.344 3061.83
117.126 470.437 2913.12
167.35 181.429 2753.74
205.982 -840.19 2969.1
21.1938 -89.3919 2777.11
189.931 27.4846 2840.37
159.526 -420.885 2882.41
189.322 469.53 2764.4
131.143 249.185 2922.78
FRAME: 222
90.6294 689.503 2890.82
-7.48241 577.778 3402.48
174.734 -780.249 3243.82
-247.969 784.644 3429.84
101.922 21.0038 3028.43
24.1198 -399.89 3141.98
42.8357 463.793 3058.79
114.869 460.787 2909.19
157.755 179.268 2743.35
209.263 -847.626 2970.08
18.2514 -88.0871 2772.38
190.842 17.5396 2844.18
157.705 -433.676 2880.5
186.902 457.782 2759.59
130.625 240.03 2922.75
FRAME: 223
88.7133 681.177 2886.65
7.30541 599.926 3403.48
175.725 -779.835 3235.26
-219.738 824.555 3423.79
103.118 17.0972 3029.57
21.3114 -398.356 3147.04
41.272 458.425 3054.95
112.858 454.271 2905.07
151.36 181.839 2735.57
207.048 -850.511 2967.51
21.3244 -85.6958 2771.6
192.181 11.9848 2843.42
152.84 -438.408 2877.07
184.445 450.118 2755.19
130.254 234.406 2920.78
FRAME: 224
86.8152 692.669 2881.36
21.3013 630.664 3394.45
132.351 -837.728 3198.82
-192.256 854.007 3426.39
104.39 24.0408 3038.62
51.9163 -424.529 3081.49
47.6041 468.848 3055.99
114.05 460.979 2905.05
152.152 188.435 2730.1
204.692 -840.82 2966.54
11.0636 -78.2302 2765.46
187.276 14.4765 2850.86
146.903 -435.064 2869.68
180.496 453.11 2754.11
129.941 240.119 2924.89
FRAME: 225
86.3684 686.54 2877.69
27.6053 655.762 3386.56
130.51 -838.102 3186.77
-167.543 887.724 3433.36
102.723 22.7724 3038.03
52.987 -424.436 3074.6
47.3173 465.825 3053.64
111.616 456.629 2901.01
150.116 184.367 2724.11
203.384 -848.496 2959.9
26.524 -83.4878 2754.17
183.021 11.3325 2848.96
142.565 -437.297 2862.92
175.915 447.432 2748.39
127.244 236.841 2922.25
FRAME: 226
85.2691 687.24 2871.7
39.2309 663.689 3399.27
144.774 -838.47 3191.99
-142.054 906.472 3418.44
105.424 25.4835 3042.85
57.4216 -425.71 3067.9
51.2374 470.28 3051.87
111.862 458.202 2897.75
146.641 188.742 2716.49
204.637 -833.213 2956.04
21.9571 -84.9382 2743.19
181.199 10.3695 2850.94
140.948 -440.265 2853.86
172.486 446.124 2743.63
127.586 238.064 2922.32
FRAME: 227
84.9058 684.992 2868.27
-31.6165 479.564 3270.67
154.149 -840.519 3188.61
-216.502 495.954 3292.13
109.828 20.4457 3032.98
63.2066 -428.931 3066.48
59.5788 465.585 3046.49
112.834 453.6 2891.66
151.673 188.728 2712.88
202.666 -841.727 2949.06
34.7824 -89.9349 2725.77
174.814 5.89877 2844.95
134.636 -443.919 2848.52
166.088 441.615 2736.83
127.577 233.386 2915.31
FRAME: 228
79.8553 664.069 2849.3
-76.9766 409.765 3242.44
163.831 -855.147 3169.47
-289.859 410.663 3266.59
115.335 11.0988 3040.04
77.8117 -441.986 3062.19
58.0175 454.538 3035.47
110.136 436.9 2880.31
148 181.919 2704.8
212.727 -855.583 2954.75
39.7223 -94.0065 2713.22
179.367 -10.3582 2850.69
144.114 -461.422 2851.48
162.255 419.261 2725.14
128.744 218.635 2912.83
FRAME: 229
68.2672 639.917 2826.74
-125.902 332.099 3202.9
172.61 -864.311 3175.68
-374.931 334.953 3230.1
123.935 1.18004 3038.26
89.4019 -452.416 3055.5
44.8919 438.678 3019.8
104.451 419.917 2866.69
145.563 167.986 2690.52
227.992 -861.698 2962.21
53.6187 -111.133 2703.97
196.922 -21.2838 2850.63
160.928 -475.594 2851.48
164.01 401.155 2713.58
132.44 204.932 2905.57
FRAME: 230
63.5399 648.639 2810.22
-99.2455 286.188 3158.02
162.665 -850.886 3166
-333.679 204.649 3194.65
125.793 11.2315 3045.83
91.0881 -440.455 3043.36
46.2094 448.346 3012.15
105.109 425.302 2860.09
158.904 167.945 2690.29
218.475 -849.639 2956.61
73.6548 -112.519 2689.43
198.8 -16.8326 2858.24
158.393 -465.89 2847.9
164.008 402.258 2708.03
133.702 211.251 2906.06
FRAME: 231
62.5927 638.174 2798.32
-98.6434 246.799 3126.77
151.629 -862.619 3146.23
-342.418 139.189 3164.34
123.509 3.37782 3038.43
88.38 -449.167 3021.85
38.555 439.288 3000.74
103.952 416.675 2851.7
168.296 159.313 2680.83
217.121 -864.496 2953.29
91.9498 -122.475 2683.42
203.049 -23.9195 2857.4
158.745 -474.879 2841.55
169.349 394.061 2702.66
133.616 203.202 2899.81
FRAME: 232
56.5771 611.871 2780.33
-121.328 180.493 3076.84
141.579 -875.954 3153.89
-387.23 93.5964 3113.62
127.106 -9.49499 3027.56
82.6355 -464.485 3019.65
18.9053 418.281 2977.99
100.794 398.721 2835.11
173.735 150.998 2670.61
228.029 -856.669 2960.96
111.409 -131.066 2678.86
226.836 -32.7666 2856.71
176.895 -486.556 2843.83
182.684 379.162 2692.23
138.883 188.795 2888.62
FRAME: 233
46.9642 636.91 2776.99
-71.4644 197.913 3066.53
142.945 -851.806 3140.75
-292.134 27.2719 3110.25
128.45 8.54152 3027.9
81.6891 -440.342 3015.23
22.7963 435.514 2978.24
100.986 416.486 2835.05
195.488 157.953 2665.59
219.272 -830.694 2946.64
138.139 -127.388 2682.58
223.277 -14.0607 2856.77
169.541 -460.866 2836.31
179.175 397.458 2691.86
138.424 206.863 2888.69
FRAME: 234
47.284 642.016 2763.44
-54.2566 194.601 3048.01
136.461 -844.458 3130.97
-264.256 3.55771 3093.42
132.758 16.6625 3024.07
78.6465 -436.832 3020.28
23.3085 442.22 2968.78
103.915 422.889 2827.23
212.724 156.66 2662.08
219.757 -818.694 2941.39
153.927 -128.406 2676.09
230.991 -6.01904 2856.46
176.661 -450.697 2830.56
184.521 403.557 2685.68
142.895 214.105 2883.75
FRAME: 235
53.2686 639.602 2759.56
-30.2622 184.696 3036.42
157.934 -818.796 3182.84
-225.078 -25.3591 3086.95
137.406 11.0095 3012.39
80.03 -425.334 3053.07
25.5402 435.368 2957.52
107.903 416.009 2818.8
235.159 148.092 2656.58
218.748 -834.245 2930.22
185.996 -143.422 2672.57
235.936 -12.1234 2847.05
187.226 -459.923 2820.82
190.266 396.65 2680.07
147.287 207.726 2874.26
FRAME: 236
60.8017 632.921 2731.57
-61.5293 178.275 3013.93
116.642 -841.321 3123.14
-263.419 -18.3336 3057.12
129.842 15.5239 3006.82
66.2443 -434.421 2985.14
14.243 434.307 2925.27
111.034 413.309 2797.03
251.169 140.126 2644.22
224.123 -826.968 2938.25
197.878 -147.876 2671.27
248.321 -10.0182 2849.34
192.103 -455.214 2811.58
207.824 392.311 2668.79
150.058 208.031 2862.55
FRAME: 237
69.5033 635.92 2712.26
-212.037 213.595 3087.05
154.069 -788.682 3205.89
-479.199 205.213 3097.56
119.131 23.0097 2997.74
56.0426 -421.017 3032.51
9.45534 443.875 2905.45
115.641 420.839 2782.13
285.434 138.707 2639.69
221.169 -832.937 2924.36
230.749 -150.756 2674.69
250.419 -5.62351 2844.27
195.119 -449.129 2785
221.827 397.802 2658.81
150.208 214.766 2851.57
FRAME: 238
78.9808 630.376 2700.7
-254.383 288.459 3106.22
147.076 -777.708 3217.22
-518.328 375.44 3091.16
119.614 18.2525 2980.1
56.2598 -423.357 3012.25
7.1724 440.149 2892.25
121.144 420.452 2771.55
306.425 132.109 2643.69
228.938 -840.305 2923.14
254.957 -161.461 2674.9
259.764 -6.00707 2831.55
209.191 -449.807 2767.9
235.115 400.755 2650.84
155.416 213.287 2838.68
FRAME: 239
92.721 628.143 2689.55
-225.14 316.739 3089.92
143.328 -763.238 3191.31
-469.829 439.726 3077.55
113.69 6.88308 2961.52
56.1049 -440.064 2981.22
6.99661 433.364 2871.12
130.474 415.315 2759.95
326.547 127.938 2652.56
229.887 -852.94 2924.45
277.615 -167.322 2673.53
264.385 -15.0689 2825.38
218.559 -459.142 2745.35
253.951 397.266 2648.78
159.756 205.611 2826.7
FRAME: 240
84.83 627.468 2697.44
-222.493 299.914 3089.48
141.362 -744.748 3193.67
-464.309 453.888 3089.65
114.051 -5.38705 2943.76
28.9577 -456.381 2969.61
5.87483 417.503 2866.4
134.035 406.51 2762.48
356.318 135.943 2667.03
237.949 -843.832 2916.05
304.455 -162.559 2667.26
270.694 -18.7091 2816.54
228.866 -457.912 2743.77
262.195 395.516 2658.56
163.204 197.231 2821.31
FRAME: 241
92.0498 610.63 2696.18
-191.57 266.804 3049.66
130.642 -762.692 3147.84
-436.574 403.166 3051.4
118.813 -25.76 2926.73
36.415 -484.036 2946.66
7.46566 397.028 2851.25
142.845 391.572 2758.16
367.609 125.42 2678.93
235.535 -872.427 2930.03
322.963 -173.223 2670.32
283.89 -32.3234 2813.11
236.129 -470.124 2733.75
278.224 386.116 2665.06
172.098 181.265 2814.04
FRAME: 242
99.1777 592.896 2696.21
-187.653 222.414 3007.55
137.289 -775.407 3107.96
-430.872 355.005 3012.46
123.349 -49.8405 2908.51
43.038 -501.396 2914.7
8.03269 371.895 2835.25
150.518 372.053 2754.32
387.871 111.034 2692.9
234.24 -871.51 2924.18
355.664 -188.61 2681.95
295.979 -49.5714 2810.18
238.439 -480.043 2718.04
293.003 372.212 2673.39
180.091 161.174 2806.83
FRAME: 243
105.974 572.508 2696.14
-193.247 156.103 2935.64
142.083 -797.688 3084.27
-449.264 262.599 2967.12
127.77 -72.6018 2895.35
52.9001 -527.842 2896.83
8.35676 349.285 2821.95
157.417 353.991 2751.83
398.765 101.51 2705.36
232.452 -878.498 2926.43
374.839 -199.4 2681.07
307.571 -66.8607 2810.91
229.846 -504.758 2707.07
306.477 358.698 2681.72
187.544 142.13 2802.48
FRAME: 244
58.2777 553.098 2689.08
-180.855 108.451 2836.57
161.47 -828.042 3086.62
-495.157 155.458 2845.84
126.749 -96.844 2888.01
56.8266 -556.179 2888.81
13.2823 328.892 2811.89
166.521 335.142 2752.28
417.965 90.2232 2723.74
228.654 -887.247 2936.86
403.746 -213.06 2684.29
316.633 -88.8303 2814.09
220.414 -528.555 2702.85
319.759 341.392 2692.68
194.106 121.152 2801.67
FRAME: 245
39.4855 543.066 2680.79
-168.601 76.7144 2725.8
183.695 -832.38 3057.67
-467.488 21.9409 2638.56
143.233 -100.727 2872.47
87.7054 -559.148 2872.41
-12.7719 304.96 2786.83
142.956 331.627 2747.34
433.474 66.1113 2743.86
228.907 -860.481 2934.14
453.561 -207.172 2706.79
330.559 -68.7525 2824.66
222.669 -523.27 2698.36
298.684 358.294 2707.86
189.926 123.443 2797.95
FRAME: 246
19.6737 532.132 2690.8
-175.22 52.1044 2649.46
242.307 -859.493 3029.99
-440.242 -34.0915 2545.32
177.437 -103.243 2854.12
124.594 -559.039 2845.58
-32.4051 280.284 2772.78
122.903 331.705 2748.66
446.189 84.2508 2757.56
231.622 -898.952 2946.66
474.834 -206.872 2714.58
360.732 -43.203 2824.89
228.313 -530.002 2659.55
278.211 383.126 2724.54
195.994 129.241 2794.08
FRAME: 247
17.2482 530.96 2672.26
-150.105 38.4593 2583.58
237.594 -833.731 3055.24
-410.271 -49.6727 2415.34
166.927 -104.502 2847.72
119.487 -560.034 2847.04
-27.267 276.458 2747.84
124.865 326.434 2732.72
450.654 93.941 2769.97
224.905 -857.156 2920.83
523.971 -194.867 2748.95
357.947 -43.5766 2827.57
229.809 -504.258 2681.61
276.996 376.409 2717.61
193.651 126.197 2785.19
FRAME: 248
8.96724 534.551 2665.27
-142.785 14.7801 2471.77
234.225 -887.937 3002.93
-418.448 -58.2239 2335.85
176.17 -101.88 2832.37
145.922 -554.415 2823.53
-35.3475 270.305 2728.06
117.585 330.098 2725.5
461.63 104.854 2778.54
219.978 -852.456 2922.58
553.76 -187.236 2771.67
366.028 -29.261 2828.23
241.949 -500.858 2667.3
270.517 389.891 2722.95
194.342 132.264 2777.9
FRAME: 249
9.74174 542.69 2656.94
-133.213 18.5453 2415.4
235.911 -844.251 2995.98
-383.692 -40.6391 2270.26
177.39 -91.8032 2825.34
149.585 -546.59 2820.54
-30.5779 277.766 2713.02
120.372 338.143 2715.58
462.812 127.553 2788.25
221.087 -836.729 2911.79
579.899 -160.429 2786.99
366.574 -18.6247 2827.29
260.138 -490.416 2684.56
271.322 398.52 2718.14
196.177 141.465 2770.95
FRAME: 250
13.7354 552.141 2644.1
-127.922 32.0583 2409.09
220.273 -825.661 2984.9
-342.094 -27.2391 2229.55
173.807 -79.7802 2817.15
154.123 -530.338 2807.32
-23.2236 291.759 2699.8
126.231 349.518 2705.24
462.139 151.877 2791.36
218.104 -828.923 2919.01
590.967 -126.553 2796.28
364.692 -9.74676 2821.7
268.245 -483.11 2708.34
275.685 407.278 2710.68
197.74 152.377 2762.33
FRAME: 251
15.1164 563.53 2637.35
-106.271 49.3309 2415.7
242.276 -828.485 2958.95
-250.785 10.6866 2206.25
186.861 -67.6922 2808.73
171.232 -516.573 2799.37
-22.0082 301.143 2688.02
126.978 364.144 2699.21
473.765 170.903 2796.23
226.752 -835.741 2926.54
614.343 -107.641 2831.18
373.901 7.44851 2820.67
262.064 -450.621 2704.26
275.963 427.145 2710.39
203.679 167.011 2756.95
FRAME: 252
21.6693 575.477 2631.81
-75.5394 72.6303 2465.84
248.344 -781.848 2961.61
-214.322 32.6026 2206.88
190.18 -57.6415 2802.37
183.844 -508.59 2798.79
-13.4599 312.811 2683.51
134.614 374.208 2694.23
477.884 185.424 2796.5
234.611 -862.354 2918.9
613.907 -82.4346 2832.58
379.911 16.712 2813.54
254.17 -444.868 2721.68
282.688 435.605 2704.94
209.83 176.872 2751.09
FRAME: 253
30.0581 589.825 2620.32
-83.2242 70.5058 2423.44
228.301 -776.913 2966.03
-178.425 47.4865 2174.95
192.162 -44.8803 2799.7
198.782 -494.711 2793.6
-12.997 323.188 2674.26
136.622 386.59 2688.33
481.022 201.878 2799.29
228.649 -832.818 2927.95
615.953 -70.6358 2828.87
384.285 32.6958 2815.52
271.123 -415.052 2730.94
286.242 449.993 2702.41
212.423 190.249 2747.97
FRAME: 254
49.3676 610.843 2604.87
-86.181 107.59 2421.63
228.051 -757.534 2987.48
-156.615 97.0505 2154.32
200.371 -25.1787 2796.89
205.788 -486.102 2800.52
-8.92673 342.817 2661.53
142.157 408.427 2678.59
485.596 224.367 2799.7
216.973 -813.786 2952.27
620.485 -59.5921 2844.37
390.192 54.8458 2816.76
256.923 -375.588 2752.91
293.24 474.038 2695.66
218.719 211.63 2742.71
FRAME: 255
67.9981 625.835 2590.82
-74.4537 141.537 2450.97
174.618 -722.944 3055.7
-120.693 128.748 2149.17
187.735 -13.4586 2799.75
187.612 -459.844 2819.52
3.37768 365.568 2660.41
156.504 421.265 2672.58
484.919 234.932 2798.6
220.25 -804.537 2954.48
615.697 -55.0513 2838.23
384.139 55.293 2813.55
265.841 -377.728 2775.31
309.631 476.962 2684.75
221.221 221.091 2739.61
FRAME: 256
83.998 640.116 2584.13
-78.4967 155.207 2449.58
168.619 -743.824 3044.95
-120.018 141.12 2137.52
194.444 -0.208289 2797.21
192.233 -443.996 2831.85
7.88922 378.111 2652.88
162.545 435.147 2667.93
486.661 241.253 2795.62
223.741 -808.286 2963.15
609.627 -57.8176 2831.29
390.221 70.0086 2814.81
277.89 -365.524 2777.11
317.201 492.184 2682.98
227.439 235.024 2736.97
FRAME: 257
100.28 651.967 2574.27
-76.5302 166.322 2470.08
157.344 -751.544 3070.93
-106.062 149.828 2156.38
188.051 12.1961 2803.19
179.382 -429.448 2851.4
15.3323 394.43 2651.78
171.26 445.573 2662.57
483.751 238.357 2786.9
217.498 -813.417 2975.51
593.164 -65.8161 2821.91
386.523 75.4872 2815.49
281.751 -364.861 2801.89
327.188 496.716 2673.37
229.274 244.707 2735.96
FRAME: 258
114.529 658.883 2569.8
-75.6701 169.47 2493.05
150.445 -762.226 3086.53
-98.542 153.2 2183.43
185.077 18.3044 2807.33
170.928 -418.825 2863.61
20.3276 404.052 2653.73
178.278 450.626 2660.7
486.403 236.005 2776.08
224.997 -824.713 2970.74
578.782 -75.3717 2802.85
385.516 75.9472 2814.97
292.882 -368.012 2816.5
336.228 497.201 2667.68
231.787 248.876 2735.93
FRAME: 259
129.179 662.427 2569.08
-84.4176 163.44 2517.38
148.91 -762.887 3100.22
-100.02 142.15 2205.77
183.373 23.1108 2813.37
165.585 -414.999 2879.64
26.1274 411.184 2657.5
185.835 453.876 2661.24
487.732 231.262 2764.43
231.699 -834.313 2976.14
569.359 -83.7494 2791.86
387.245 76.1749 2816.93
304.8 -368.862 2837.24
345.542 496.568 2664.99
235.572 251.759 2738.2
FRAME: 260
144.11 664.969 2573.07
-84.8376 157.813 2535.11
145.461 -760.762 3112.23
-107.799 132.925 2224.12
182.565 24.2533 2819.13
157.075 -411.636 2886.42
31.7949 416.327 2664.42
193.44 454.468 2663.87
487.414 223.59 2755.97
238.612 -847.261 2967.7
546.163 -95.3293 2769.4
389.408 71.731 2817.22
316.091 -375.853 2850.24
355.085 492.61 2663.32
239.713 251.23 2741.02
FRAME: 261
156.032 667.864 2571.42
-82.5877 144.875 2568.51
146.957 -757.309 3121.85
-112.065 108.118 2263.91
181.386 29.693 2827.12
148.576 -407.293 2899.52
36.7839 423.31 2669.91
199.923 457.159 2665.03
485.776 215.492 2748.74
241.064 -847.733 2969.87
526.276 -109.357 2745.86
389.507 71.7576 2819.88
321.009 -376.616 2860.38
363.063 491.009 2660.14
242.685 253.942 2744.26
FRAME: 262
166.22 673.04 2576.41
-87.2155 137.347 2588.66
149.138 -758.106 3119.99
-122.475 92.1607 2287.95
178.875 34.1421 2831.69
143.775 -403.768 2906.2
41.4819 431.652 2677.35
205.512 461.142 2669.28
483.9 210.308 2743.84
242.547 -849.624 2965.36
502.479 -116.696 2729.62
388.291 70.8366 2820.49
322.998 -377.465 2865.83
369.541 490.631 2661.21
244.547 256.816 2747.69
FRAME: 263
182.275 672.583 2591.65
-81.3486 119.599 2656.62
156.702 -772.443 3125.56
-125.681 36.3352 2380.65
173.304 31.2312 2840.27
137.232 -406.27 2917.21
48.4398 437.351 2694.83
213.155 459.241 2680.41
477.951 200.257 2739.23
241.73 -859.831 2959.1
466.755 -122.467 2711.31
384.985 58.629 2821.1
321.966 -387.038 2871.15
377.87 481.132 2665.99
246.15 252.086 2755.55
FRAME: 264
192.474 678.911 2600.72
-67.6972 129.43 2701.05
160.618 -784.359 3155.31
-127.755 1.2066 2439.9
169.576 35.2521 2846.98
129.084 -405.477 2933.84
53.7627 447.176 2707.13
218.567 463.669 2688.55
474.423 189.666 2734.49
223.663 -836.558 2970.37
437.038 -133.017 2704.88
379.639 55.7488 2822.87
307.731 -388.849 2880.98
383.371 480.162 2669.98
246.587 254.585 2761.74
FRAME: 265
199.077 681.605 2608.16
-58.555 135.556 2742.39
167.411 -788.489 3166.75
-127.276 -26.8204 2497.64
167.87 39.253 2855.67
120.953 -400.331 2943.63
58.0165 454.353 2719.12
222.494 466.646 2695.36
472.155 181.092 2732.87
232.326 -842.649 2974.59
411.289 -138.948 2689.1
377.351 54.3694 2824.94
316.233 -389.36 2894.79
386.972 478.938 2671.6
247.552 256.728 2767.83
FRAME: 266
205.82 682.997 2605.52
-50.4768 149.3 2780.62
173.605 -787.975 3177.82
-115.722 -46.0168 2575.51
164.837 46.3739 2868.18
117.555 -391.956 2958.51
61.3151 460.636 2724.56
225.973 469.579 2698.78
469.387 179.629 2734.11
236.23 -840.454 2984.7
394.7 -136.466 2676.91
375.279 57.2545 2834.7
321.377 -386.98 2910.21
390.63 478.523 2673
248.015 260.697 2775.11
FRAME: 267
212.13 684.145 2606.22
-39.8591 166.862 2826.72
174.318 -785.533 3177.03
-103.595 -58.094 2652.94
161.609 52.7418 2879.06
116.713 -386.774 2966.21
63.7919 466.491 2732.37
228.838 472.301 2704.65
464.759 176.049 2736.72
238.179 -843.394 2984.63
371.834 -130.95 2666.67
371.697 59.7491 2843.37
323.279 -386.153 2915.43
393.885 478.112 2676.93
247.746 264.273 2782.93
FRAME: 268
220.461 686.912 2617.12
-31.4257 173.769 2858.2
175.026 -784.214 3177.89
-101.918 -76.5643 2727.92
156.2 57.1126 2889.73
115.656 -387.436 2973.56
67.7706 474.119 2747.89
231.821 473.904 2713.71
455.49 171.917 2742.69
235.136 -850.592 2978.87
352.321 -129.539 2671.8
365.462 56.6508 2845.97
323.079 -391.886 2915.09
395.872 473.689 2679.52
246.326 265.393 2790.78
FRAME: 269
224.669 694.018 2644.22
-20.1005 184.51 2900.85
181.839 -782.178 3185
-82.7469 -95.9896 2851.99
151.296 58.8737 2906.53
125.524 -386.152 2990.34
69.86 482.971 2777.4
232.58 478.716 2736.42
448.394 161.584 2748.11
236.522 -851.356 2987.28
334.569 -136.516 2681.98
359.9 53.1659 2853.69
322.826 -396.552 2923.46
395.3 474.461 2695.43
244.089 267.368 2808.26
FRAME: 270
226.334 699.786 2663.01
-8.6013 189.22 2932.69
186.784 -778.631 3187.63
-52.7746 -107.307 2930.44
150.394 62.5056 2924.05
132.994 -384.631 3005.5
71.9443 490.943 2800.66
233.208 483.857 2753.81
445.15 157.721 2757.64
237.302 -848.104 2990.42
327.501 -142.084 2701.3
355.996 53.2909 2864.13
319.843 -397.169 2929.36
394.472 476.771 2706.97
243.202 270.878 2823.95
FRAME: 271
226.158 703.03 2673.88
3.79616 204.163 2946.52
189.035 -775.684 3205.04
-24.8409 -96.3026 2981.37
150.031 67.6704 2934.3
141.479 -374.974 3029.69
71.711 495.296 2812.14
233.099 488.25 2765.53
440.403 158.955 2766.41
239.055 -845.585 2996.19
324.862 -146.174 2719.58
354.187 58.6553 2875.25
319.74 -393.21 2940.04
394.486 481.204 2718.93
242.604 275.706 2835.15
FRAME: 272
224.69 709.131 2686.51
13.2708 224.339 2963.81
188.442 -774.648 3205.95
-4.79277 -77.9289 3018.1
147.01 76.2388 2953.99
136.702 -368.576 3042.1
72.6026 504.21 2831.82
231.487 494.216 2779.96
438.379 170.573 2783.01
236.105 -848.832 2990.19
331.897 -138.663 2739.04
350.299 63.2476 2887.33
316.38 -389.467 2943.22
390.371 484.222 2728.11
240.071 281.98 2850.31
FRAME: 273
222.893 716.916 2703.4
19.6904 236.81 2983.07
188.881 -773.318 3203.78
14.4317 -66.94 3049.79
149.421 87.17 2972.85
152.496 -355.412 3060.85
76.0624 516.27 2855.99
231.903 502.861 2794.48
439.469 182.263 2804.35
233.682 -857.141 2981.91
345.91 -131.54 2758.28
349.91 69.771 2893.53
312.651 -383.917 2937.75
387.743 489.452 2732.97
240.784 290.666 2863.83
FRAME: 274
217.625 718.97 2728.51
25.758 233.915 3007.56
190.461 -778.344 3210.51
23.7439 -69.4215 3083.84
149.832 80.9707 2987.74
154.941 -358.692 3079.78
75.3729 514.711 2883.66
227.743 500.891 2814.05
441.781 191.227 2818.26
234.589 -851.637 2985.11
354.629 -118.056 2775.17
345.677 63.0653 2898.07
305.308 -388.17 2942.74
380.112 487.07 2744.43
237.749 286.454 2878.48
FRAME: 275
213.794 728.628 2744.12
31.7058 238.031 3034.08
194.796 -770.107 3238.86
26.1339 -63.6841 3086.41
151.254 91.7896 3004.07
166.42 -336.727 3120.08
77.7075 526.907 2904.23
227.097 510.745 2827.67
445.56 199.496 2830.22
228.297 -851.448 2984.82
384.819 -113.56 2809.56
341.821 71.0662 2906.49
292.973 -378.569 2948.72
376.487 494.583 2751.12
236.817 296.086 2891.48
FRAME: 276
221.891 717.258 2769.61
43.0336 249.407 3062.52
186.902 -788.658 3183.87
39.3288 -49.2631 3109.75
140.204 72.3389 3009.52
144.707 -364.53 3096.99
81.0798 512.916 2920.99
229.153 494.846 2843.86
447.166 196.096 2838.23
229.119 -857.992 2983.95
401.213 -121.882 2834.39
332.728 48.7887 2909.28
283.263 -394.756 2952.29
377.226 476.777 2766.72
232.809 277.705 2901.63
FRAME: 277
225.151 707.564 2787.8
35.5082 258.905 3095.55
168.919 -794.022 3208.27
38.6273 -45.0987 3101.92
138.278 75.2808 3022.91
137.437 -359.636 3124.64
82.635 511.946 2936.22
230.847 491.214 2855.62
450.63 196.891 2847.82
222.833 -870.599 2985.25
412.143 -122.368 2858.72
329.518 48.4346 2918.93
270.999 -399.784 2951.8
379.06 470.483 2775.03
232.373 276.536 2913.27
FRAME: 278
216.36 713.278 2795.67
47.4501 253.728 3105.22
173.738 -795.12 3209.68
41.1619 -49.2257 3124.3
136.533 73.5492 3037.57
125.398 -365.559 3126.6
81.0896 510.777 2952.89
227.324 489.716 2870.64
449.845 196.027 2862.39
230.865 -845.062 2991.63
431.271 -113.386 2881.65
323.894 46.492 2932.18
266.31 -401.748 2949.62
373.559 468.656 2788.39
228.769 274.868 2927.76
FRAME: 279
227.686 699.643 2809.8
39.7463 257.566 3131.53
169.544 -792.221 3213.76
41.6223 -48.6365 3139.96
132.837 66.6094 3042.09
122.755 -372.892 3128.19
84.7603 504.618 2958.5
232.222 481.314 2877.58
452.943 194.082 2865
225.256 -865.043 2991.64
434.952 -120.55 2892.91
321.515 36.7317 2938.51
264.82 -413.969 2955.02
379.684 458.009 2796.66
229.699 266.492 2933.94
FRAME: 280
205.86 707.77 2822.07
42.0421 266.288 3155.75
184.036 -782.958 3240.52
32.4253 -37.2522 3179.58
140.895 73.8886 3063.51
135.209 -362.706 3149.06
77.9922 508.595 2978.03
222.621 488.779 2892.81
456.867 190.321 2881.24
221.261 -858.532 2991.46
450.674 -123.135 2914.09
326.387 48.2772 2954.26
263.693 -403.42 2965.97
367.25 468.964 2807.59
228.131 274.931 2950.85

