FRAME: 0
0 0 0
0 0 0
0 0 0
0 0 0
0 0 0
0 0 0
0 0 0
0 0 0
0 0 0
0 0 0
0 0 0
0 0 0
0 0 0
0 0 0
0 0 0
FRAME: 1
0 0 0
0 0 0
0 0 0
0 0 0
0 0 0
0 0 0
0 0 0
0 0 0
0 0 0
0 0 0
0 0 0
0 0 0
0 0 0
0 0 0
0 0 0
FRAME: 2
0 0 0
0 0 0
0 0 0
0 0 0
0 0 0
0 0 0
0 0 0
0 0 0
0 0 0
0 0 0
0 0 0
0 0 0
0 0 0
0 0 0
0 0 0
FRAME: 3
0 0 0
0 0 0
0 0 0
0 0 0
0 0 0
0 0 0
0 0 0
0 0 0
0 0 0
0 0 0
0 0 0
0 0 0
0 0 0
0 0 0
0 0 0
FRAME: 4
0 0 0
0 0 0
0 0 0
0 0 0
0 0 0
0 0 0
0 0 0
0 0 0
0 0 0
0 0 0
0 0 0
0 0 0
0 0 0
0 0 0
0 0 0
FRAME: 5
0 0 0
0 0 0
0 0 0
0 0 0
0 0 0
0 0 0
0 0 0
0 0 0
0 0 0
0 0 0
0 0 0
0 0 0
0 0 0
0 0 0
0 0 0
FRAME: 6
0 0 0
0 0 0
0 0 0
0 0 0
0 0 0
0 0 0
0 0 0
0 0 0
0 0 0
0 0 0
0 0 0
0 0 0
0 0 0
0 0 0
0 0 0
FRAME: 7
0 0 0
0 0 0
0 0 0
0 0 0
0 0 0
0 0 0
0 0 0
0 0 0
0 0 0
0 0 0
0 0 0
0 0 0
0 0 0
0 0 0
0 0 0
FRAME: 8
0 0 0
0 0 0
0 0 0
0 0 0
0 0 0
0 0 0
0 0 0
0 0 0
0 0 0
0 0 0
0 0 0
0 0 0
0 0 0
0 0 0
0 0 0
FRAME: 9
0 0 0
0 0 0
0 0 0
0 0 0
0 0 0
0 0 0
0 0 0
0 0 0
0 0 0
0 0 0
0 0 0
0 0 0
0 0 0
0 0 0
0 0 0
FRAME: 10
0 0 0
0 0 0
0 0 0
0 0 0
0 0 0
0 0 0
0 0 0
0 0 0
0 0 0
0 0 0
0 0 0
0 0 0
0 0 0
0 0 0
0 0 0
FRAME: 11
0 0 0
0 0 0
0 0 0
0 0 0
0 0 0
0 0 0
0 0 0
0 0 0
0 0 0
0 0 0
0 0 0
0 0 0
0 0 0
0 0 0
0 0 0
FRAME: 12
0 0 0
0 0 0
0 0 0
0 0 0
0 0 0
0 0 0
0 0 0
0 0 0
0 0 0
0 0 0
0 0 0
0 0 0
0 0 0
0 0 0
0 0 0
FRAME: 13
0 0 0
0 0 0
0 0 0
0 0 0
0 0 0
0 0 0
0 0 0
0 0 0
0 0 0
0 0 0
0 0 0
0 0 0
0 0 0
0 0 0
0 0 0
FRAME: 14
0 0 0
0 0 0
0 0 0
0 0 0
0 0 0
0 0 0
0 0 0
0 0 0
0 0 0
0 0 0
0 0 0
0 0 0
0 0 0
0 0 0
0 0 0
FRAME: 15
0 0 0
0 0 0
0 0 0
0 0 0
0 0 0
0 0 0
0 0 0
0 0 0
0 0 0
0 0 0
0 0 0
0 0 0
0 0 0
0 0 0
0 0 0
FRAME: 16
0 0 0
0 0 0
0 0 0
0 0 0
0 0 0
0 0 0
0 0 0
0 0 0
0 0 0
0 0 0
0 0 0
0 0 0
0 0 0
0 0 0
0 0 0
FRAME: 17
0 0 0
0 0 0
0 0 0
0 0 0
0 0 0
0 0 0
0 0 0
0 0 0
0 0 0
0 0 0
0 0 0
0 0 0
0 0 0
0 0 0
0 0 0
FRAME: 18
0 0 0
0 0 0
0 0 0
0 0 0
0 0 0
0 0 0
0 0 0
0 0 0
0 0 0
0 0 0
0 0 0
0 0 0
0 0 0
0 0 0
0 0 0
FRAME: 19
0 0 0
0 0 0
0 0 0
0 0 0
0 0 0
0 0 0
0 0 0
0 0 0
0 0 0
0 0 0
0 0 0
0 0 0
0 0 0
0 0 0
0 0 0
FRAME: 20
0 0 0
0 0 0
0 0 0
0 0 0
0 0 0
0 0 0
0 0 0
0 0 0
0 0 0
0 0 0
0 0 0
0 0 0
0 0 0
0 0 0
0 0 0
FRAME: 21
0 0 0
0 0 0
0 0 0
0 0 0
0 0 0
0 0 0
0 0 0
0 0 0
0 0 0
0 0 0
0 0 0
0 0 0
0 0 0
0 0 0
0 0 0
FRAME: 22
0 0 0
0 0 0
0 0 0
0 0 0
0 0 0
0 0 0
0 0 0
0 0 0
0 0 0
0 0 0
0 0 0
0 0 0
0 0 0
0 0 0
0 0 0
FRAME: 23
0 0 0
0 0 0
0 0 0
0 0 0
0 0 0
0 0 0
0 0 0
0 0 0
0 0 0
0 0 0
0 0 0
0 0 0
0 0 0
0 0 0
0 0 0
FRAME: 24
0 0 0
0 0 0
0 0 0
0 0 0
0 0 0
0 0 0
0 0 0
0 0 0
0 0 0
0 0 0
0 0 0
0 0 0
0 0 0
0 0 0
0 0 0
FRAME: 25
0 0 0
0 0 0
0 0 0
0 0 0
0 0 0
0 0 0
0 0 0
0 0 0
0 0 0
0 0 0
0 0 0
0 0 0
0 0 0
0 0 0
0 0 0
FRAME: 26
0 0 0
0 0 0
0 0 0
0 0 0
0 0 0
0 0 0
0 0 0
0 0 0
0 0 0
0 0 0
0 0 0
0 0 0
0 0 0
0 0 0
0 0 0
FRAME: 27
0 0 0
0 0 0
0 0 0
0 0 0
0 0 0
0 0 0
0 0 0
0 0 0
0 0 0
0 0 0
0 0 0
0 0 0
0 0 0
0 0 0
0 0 0
FRAME: 28
0 0 0
0 0 0
0 0 0
0 0 0
0 0 0
0 0 0
0 0 0
0 0 0
0 0 0
0 0 0
0 0 0
0 0 0
0 0 0
0 0 0
0 0 0
FRAME: 29
0 0 0
0 0 0
0 0 0
0 0 0
0 0 0
0 0 0
0 0 0
0 0 0
0 0 0
0 0 0
0 0 0
0 0 0
0 0 0
0 0 0
0 0 0
FRAME: 30
0 0 0
0 0 0
0 0 0
0 0 0
0 0 0
0 0 0
0 0 0
0 0 0
0 0 0
0 0 0
0 0 0
0 0 0
0 0 0
0 0 0
0 0 0
FRAME: 31
0 0 0
0 0 0
0 0 0
0 0 0
0 0 0
0 0 0
0 0 0
0 0 0
0 0 0
0 0 0
0 0 0
0 0 0
0 0 0
0 0 0
0 0 0
FRAME: 32
0 0 0
0 0 0
0 0 0
0 0 0
0 0 0
0 0 0
0 0 0
0 0 0
0 0 0
0 0 0
0 0 0
0 0 0
0 0 0
0 0 0
0 0 0
FRAME: 33
0 0 0
0 0 0
0 0 0
0 0 0
0 0 0
0 0 0
0 0 0
0 0 0
0 0 0
0 0 0
0 0 0
0 0 0
0 0 0
0 0 0
0 0 0
FRAME: 34
0 0 0
0 0 0
0 0 0
0 0 0
0 0 0
0 0 0
0 0 0
0 0 0
0 0 0
0 0 0
0 0 0
0 0 0
0 0 0
0 0 0
0 0 0
FRAME: 35
0 0 0
0 0 0
0 0 0
0 0 0
0 0 0
0 0 0
0 0 0
0 0 0
0 0 0
0 0 0
0 0 0
0 0 0
0 0 0
0 0 0
0 0 0
FRAME: 36
0 0 0
0 0 0
0 0 0
0 0 0
0 0 0
0 0 0
0 0 0
0 0 0
0 0 0
0 0 0
0 0 0
0 0 0
0 0 0
0 0 0
0 0 0
FRAME: 37
0 0 0
0 0 0
0 0 0
0 0 0
0 0 0
0 0 0
0 0 0
0 0 0
0 0 0
0 0 0
0 0 0
0 0 0
0 0 0
0 0 0
0 0 0
FRAME: 38
0 0 0
0 0 0
0 0 0
0 0 0
0 0 0
0 0 0
0 0 0
0 0 0
0 0 0
0 0 0
0 0 0
0 0 0
0 0 0
0 0 0
0 0 0
FRAME: 39
0 0 0
0 0 0
0 0 0
0 0 0
0 0 0
0 0 0
0 0 0
0 0 0
0 0 0
0 0 0
0 0 0
0 0 0
0 0 0
0 0 0
0 0 0
FRAME: 40
0 0 0
0 0 0
0 0 0
0 0 0
0 0 0
0 0 0
0 0 0
0 0 0
0 0 0
0 0 0
0 0 0
0 0 0
0 0 0
0 0 0
0 0 0
FRAME: 41
0 0 0
0 0 0
0 0 0
0 0 0
0 0 0
0 0 0
0 0 0
0 0 0
0 0 0
0 0 0
0 0 0
0 0 0
0 0 0
0 0 0
0 0 0
FRAME: 42
0 0 0
0 0 0
0 0 0
0 0 0
0 0 0
0 0 0
0 0 0
0 0 0
0 0 0
0 0 0
0 0 0
0 0 0
0 0 0
0 0 0
0 0 0
FRAME: 43
0 0 0
0 0 0
0 0 0
0 0 0
0 0 0
0 0 0
0 0 0
0 0 0
0 0 0
0 0 0
0 0 0
0 0 0
0 0 0
0 0 0
0 0 0
FRAME: 44
0 0 0
0 0 0
0 0 0
0 0 0
0 0 0
0 0 0
0 0 0
0 0 0
0 0 0
0 0 0
0 0 0
0 0 0
0 0 0
0 0 0
0 0 0
FRAME: 45
0 0 0
0 0 0
0 0 0
0 0 0
0 0 0
0 0 0
0 0 0
0 0 0
0 0 0
0 0 0
0 0 0
0 0 0
0 0 0
0 0 0
0 0 0
FRAME: 46
0 0 0
0 0 0
0 0 0
0 0 0
0 0 0
0 0 0
0 0 0
0 0 0
0 0 0
0 0 0
0 0 0
0 0 0
0 0 0
0 0 0
0 0 0
FRAME: 47
0 0 0
0 0 0
0 0 0
0 0 0
0 0 0
0 0 0
0 0 0
0 0 0
0 0 0
0 0 0
0 0 0
0 0 0
0 0 0
0 0 0
0 0 0
FRAME: 48
0 0 0
0 0 0
0 0 0
0 0 0
0 0 0
0 0 0
0 0 0
0 0 0
0 0 0
0 0 0
0 0 0
0 0 0
0 0 0
0 0 0
0 0 0
FRAME: 49
0 0 0
0 0 0
0 0 0
0 0 0
0 0 0
0 0 0
0 0 0
0 0 0
0 0 0
0 0 0
0 0 0
0 0 0
0 0 0
0 0 0
0 0 0
FRAME: 50
0 0 0
0 0 0
0 0 0
0 0 0
0 0 0
0 0 0
0 0 0
0 0 0
0 0 0
0 0 0
0 0 0
0 0 0
0 0 0
0 0 0
0 0 0
FRAME: 51
0 0 0
0 0 0
0 0 0
0 0 0
0 0 0
0 0 0
0 0 0
0 0 0
0 0 0
0 0 0
0 0 0
0 0 0
0 0 0
0 0 0
0 0 0
FRAME: 52
0 0 0
0 0 0
0 0 0
0 0 0
0 0 0
0 0 0
0 0 0
0 0 0
0 0 0
0 0 0
0 0 0
0 0 0
0 0 0
0 0 0
0 0 0
FRAME: 53
0 0 0
0 0 0
0 0 0
0 0 0
0 0 0
0 0 0
0 0 0
0 0 0
0 0 0
0 0 0
0 0 0
0 0 0
0 0 0
0 0 0
0 0 0
FRAME: 54
0 0 0
0 0 0
0 0 0
0 0 0
0 0 0
0 0 0
0 0 0
0 0 0
0 0 0
0 0 0
0 0 0
0 0 0
0 0 0
0 0 0
0 0 0
FRAME: 55
0 0 0
0 0 0
0 0 0
0 0 0
0 0 0
0 0 0
0 0 0
0 0 0
0 0 0
0 0 0
0 0 0
0 0 0
0 0 0
0 0 0
0 0 0
FRAME: 56
0 0 0
0 0 0
0 0 0
0 0 0
0 0 0
0 0 0
0 0 0
0 0 0
0 0 0
0 0 0
0 0 0
0 0 0
0 0 0
0 0 0
0 0 0
FRAME: 57
0 0 0
0 0 0
0 0 0
0 0 0
0 0 0
0 0 0
0 0 0
0 0 0
0 0 0
0 0 0
0 0 0
0 0 0
0 0 0
0 0 0
0 0 0
FRAME: 58
0 0 0
0 0 0
0 0 0
0 0 0
0 0 0
0 0 0
0 0 0
0 0 0
0 0 0
0 0 0
0 0 0
0 0 0
0 0 0
0 0 0
0 0 0
FRAME: 59
0 0 0
0 0 0
0 0 0
0 0 0
0 0 0
0 0 0
0 0 0
0 0 0
0 0 0
0 0 0
0 0 0
0 0 0
0 0 0
0 0 0
0 0 0
FRAME: 60
0 0 0
0 0 0
0 0 0
0 0 0
0 0 0
0 0 0
0 0 0
0 0 0
0 0 0
0 0 0
0 0 0
0 0 0
0 0 0
0 0 0
0 0 0
FRAME: 61
0 0 0
0 0 0
0 0 0
0 0 0
0 0 0
0 0 0
0 0 0
0 0 0
0 0 0
0 0 0
0 0 0
0 0 0
0 0 0
0 0 0
0 0 0
FRAME: 62
0 0 0
0 0 0
0 0 0
0 0 0
0 0 0
0 0 0
0 0 0
0 0 0
0 0 0
0 0 0
0 0 0
0 0 0
0 0 0
0 0 0
0 0 0
FRAME: 63
0 0 0
0 0 0
0 0 0
0 0 0
0 0 0
0 0 0
0 0 0
0 0 0
0 0 0
0 0 0
0 0 0
0 0 0
0 0 0
0 0 0
0 0 0
FRAME: 64
0 0 0
0 0 0
0 0 0
0 0 0
0 0 0
0 0 0
0 0 0
0 0 0
0 0 0
0 0 0
0 0 0
0 0 0
0 0 0
0 0 0
0 0 0
FRAME: 65
41.1743 463.597 2150.07
-267.181 92.7474 2169.01
-105.226 -760.132 2421.6
-132.226 1.28297 1840.73
-174.437 -57.3408 2447.03
-97.1543 -436.931 2406.48
-183.639 273.534 2295.69
-22.7678 246.084 2297.79
155.518 42.7448 2054.35
32.6742 -715.614 2945.65
130.472 -7.42299 1745.78
52.0606 -98.3878 2452.15
131.828 -453.182 2676.21
138.103 218.634 2299.89
-41.9781 84.11 2373.69
FRAME: 66
35.9517 462.616 2111.91
-267.812 54.4724 2191.46
-102.258 -784.778 2470.12
-168.551 -35.1396 1984.28
-181.913 -118.401 2450.71
-124.963 -493.95 2367.36
-173.915 257.657 2322.03
-21.3319 241.811 2265.02
131.424 48.8315 1953.94
55.3845 -646.45 3035.23
93.6605 -12.1219 1588.41
76.095 -93.3144 2296.83
138.16 -398.326 2729.49
131.251 225.965 2208.01
-37.1205 67.9765 2319.4
FRAME: 67
26.8718 459.205 2093.54
-321.421 45.5649 2376.32
-135.739 -799.856 2434.51
-224.241 -90.3438 2066.5
-210.563 -142.457 2428.45
-163.01 -499.596 2348.34
-161.241 242.36 2356.3
-29.6944 250.521 2270.59
92.1155 61.276 1958.97
93.1882 -642.793 3100.48
42.5642 -18.1698 1620.65
91.7679 -60.0005 2126.35
166.858 -373.423 2694.2
101.853 258.683 2184.89
-44.5458 74.6464 2274
FRAME: 68
11.253 454.592 2021.61
-302.024 19.1997 2393.6
-183.397 -786.97 2407.57
-216.139 -124.425 2185.34
-246.234 -162.006 2405.72
-205.06 -499.045 2331.93
-154.189 218.188 2363.94
-39.0323 242.874 2234.73
63.0948 59.2804 1896.4
128.103 -605.898 3095.32
8.56503 -28.0476 1575.64
88.8633 -37.9543 1939.92
186.184 -343.345 2644.4
76.1248 267.56 2105.51
-58.8589 71.4466 2203.77
FRAME: 69
4.87923 448.229 2028.09
-320.449 19.5192 2421.13
-177.838 -808.914 2312.3
-271.879 -155.961 2278.18
-234.867 -151.256 2407.67
-186.998 -493.866 2331.63
-164.501 231.642 2345.68
-41.9816 242.424 2227.78
62.2639 37.8354 1898.62
70.0511 -621.217 2831.89
-16.5358 -78.6148 1577
74.8281 -70.1606 2008.49
165.816 -348.614 2528.29
80.5379 253.205 2109.89
-61.0005 65.8578 2217.93
FRAME: 70
-4.47766 441.447 2034.78
-319.7 53.1142 2449.42
-170.449 -815.094 2331.12
-253.129 -175.805 2252.01
-226.373 -137.845 2418.79
-186.23 -487.182 2366.4
-168.874 251.643 2331.37
-45.1383 242.623 2218.65
65.2242 1.89485 1933.99
86.4554 -661.983 2984.96
-46.6783 -124.504 1568.02
39.3652 -114.79 2074.66
149.855 -379.865 2499.72
78.597 233.602 2105.92
-69.3211 58.1524 2232.69
FRAME: 71
-9.94598 435.193 2032.99
-324.531 59.2257 2456.19
-164.243 -825.208 2399.13
-259.617 -189.163 2292.72
-204.064 -124.059 2399.55
-176.903 -474.119 2360.56
-179.419 252.473 2317.2
-52.4511 240.735 2208.88
65.3473 -12.52 1947.06
82.7276 -666.483 2884.54
-40.8856 -147.216 1665.87
38.9217 -130.25 2109.73
138.017 -401.295 2439.31
74.5167 228.997 2100.57
-67.511 56.7902 2231.76
FRAME: 72
-16.1729 433.488 2019.05
-321.813 59.6796 2466.99
-163.615 -803.808 2409.19
-264.252 -186.282 2371.02
-206.527 -117.263 2414.4
-183.695 -458.946 2370.41
-185.383 249.212 2305.08
-55.5948 232.444 2199.05
67.4626 -19.7238 1947.93
91.5634 -644.498 2859.7
-17.1491 -173.651 1697.96
37.184 -142.31 2127.72
115.573 -406.338 2396.85
74.1935 215.677 2093.03
-70.1331 51.3289 2235.06
FRAME: 73
-24.505 423.869 2033
-323.319 51.0035 2471.05
-153.569 -874.02 2436.99
-262.986 -202.306 2380.49
-199.555 -136.54 2385.55
-178.754 -498.142 2355.8
-195.081 242.566 2300.06
-60.615 232.402 2202.95
99.1596 -19.2909 1968.95
105.025 -619.993 2891.56
2.39487 -165.89 1722.42
53.6159 -128.949 2137.05
121.99 -373.485 2337.43
73.8509 222.237 2105.84
-66.7923 49.8285 2232.12
FRAME: 74
-29.9325 416.628 2018.15
-310.583 58.0093 2456.39
-136.602 -830.037 2359.19
-241.912 -176.425 2320.41
-188.894 -139.72 2380.94
-168.671 -482.973 2348.6
-183.154 238.628 2287.27
-49.8262 224.39 2198.5
99.8366 -24.9374 1966.37
91.0151 -597.972 2886.82
15.9024 -166.164 1711.28
25.9325 -121.379 2148.88
106.057 -332.019 2016.33
83.5017 210.153 2109.74
-65.6535 46.9202 2231.71
FRAME: 75
-31.958 411.48 2002.03
-298.088 39.0471 2472.34
-145.919 -835.706 2368.62
-260.243 -205.263 2366.09
-198.585 -164.815 2376.61
-166.882 -516.266 2336.8
-172.191 222.303 2298.18
-49.0949 219.631 2199.8
83.5509 -18.7623 1962.25
99.784 -600.074 2758.42
17.9965 -155.525 1703.46
54.2792 -118.552 2077.76
123.59 -318.104 2081.89
74.0012 216.96 2101.42
-60.6238 38.974 2213.49
FRAME: 76
-29.9421 407.479 2032.54
-331.649 43.6584 2428.02
-132.541 -886.003 2419.86
-269.332 -199.555 2308.48
-169.987 -140.93 2333.97
-140.639 -519.692 2315.1
-207.95 231.357 2260.19
-61.3553 215.63 2191.1
103.632 -52.2178 2027.31
54.1109 -693.877 2700.59
33.4625 -263.122 1825.36
17.6866 -137.993 2208
104.159 -385.917 2170.42
85.2397 199.903 2122.01
-68.7527 38.0842 2231.04
FRAME: 77
-28.23 402.744 1975.61
-326.336 28.5098 2422.61
-131.78 -820.147 2381.18
-316.464 -221.15 2324.71
-181.866 -171.338 2368.8
-149.363 -514.432 2349.45
-216.757 216.027 2228.67
-55.788 198.581 2181.37
115.285 -58.9834 2069.36
125.681 -597.297 2917.98
67.8866 -259.566 1871.17
4.87496 -141.91 2257.64
125.491 -300.387 2223.55
105.181 181.135 2134.08
-72.1416 20.9785 2247.3
FRAME: 78
-25.4812 391.912 2007.23
-312.685 27.7682 2332.95
-137.721 -816.623 2407.9
-248.43 -199.979 2144.08
-170.564 -138.548 2372.6
-149.563 -497.489 2354.54
-210.251 211.739 2202.05
-54.5323 192.849 2181.75
127.303 -83.1527 2140.43
110.305 -661.188 2705.02
68.4568 -321.815 1968.02
-8.77724 -161.772 2340.76
111.446 -339.937 2243.35
101.186 173.958 2161.45
-72.1015 21.3442 2269.21
FRAME: 79
-19.2014 383.514 2035.71
-288.828 -8.55567 2292.79
-144.882 -826.249 2421.38
-217.066 -222.259 2066.03
-185.321 -133.488 2372.48
-143.603 -482.447 2349.02
-207.349 196.964 2185.55
-51.7323 185.245 2188.58
133.516 -97.8937 2202.44
111.295 -684.073 2749.46
63.4373 -312.454 2016.84
-2.62832 -147.437 2374.42
106.296 -389.294 2344.58
103.885 173.526 2191.6
-72.8534 22.3912 2281.01
FRAME: 80
-10.9255 379.151 2051.28
-263.587 -42.4732 2263.38
-162.245 -806.48 2419.29
-156.55 -254.856 2053.62
-184.447 -134.282 2382.77
-156.327 -475.97 2366.8
-190.413 176.756 2177.28
-44.3096 170.78 2209.04
124.293 -97.092 2263.96
124.352 -704.159 2747.86
37.1577 -314.388 2135.76
21.9997 -128.689 2441.81
124.492 -433.033 2482.4
101.794 164.805 2240.8
-62.7667 19.6473 2310.66
FRAME: 81
-0.61721 371.616 2083.14
-263.9 -66.2859 2291.87
-146.418 -830.537 2461.78
-82.5298 -298.264 2103.92
-163.277 -117.492 2437.52
-146.782 -474.398 2409.37
-189.061 161.948 2203.76
-39.1361 161.899 2229.2
140.182 -95.0609 2293.87
93.1723 -720.562 2802.79
39.9707 -308.404 2162.27
16.405 -127.692 2460.24
104.726 -431.714 2517.24
110.789 161.849 2254.65
-56.286 19.6534 2339.04
FRAME: 82
6.26715 364.52 2097.52
-270.478 -55.2273 2310.96
-139.327 -872.734 2445
-70.7816 -314.763 2130.78
-151.676 -144.906 2454.12
-136.642 -522.077 2378.44
-189.568 164.077 2225.07
-36.2565 162.667 2244.17
150.767 -98.4433 2320.17
75.8025 -737.009 2851.1
30.5552 -312.884 2160.11
6.80706 -145.246 2468.77
107.265 -452.931 2624.84
117.055 161.258 2263.27
-54.3455 8.79571 2352.81
FRAME: 83
15.1899 369.863 2130.19
-227.559 -94.2243 2288.88
-134.78 -890.089 2460.47
-36.7829 -319.972 2130.42
-142.727 -149.983 2477.47
-123.896 -526.287 2401.61
-165.182 160.095 2239.6
-19.2908 162.727 2272.6
167.634 -80.3158 2397.54
71.5681 -752.916 2867.98
21.0999 -296.983 2179.83
8.12855 -141.628 2513.13
108.303 -460.01 2664.37
126.6 165.359 2305.6
-43.295 8.46069 2383.95
FRAME: 84
24.1803 367.023 2164.53
-205.277 -67.7122 2212.91
-127.753 -881.829 2468.4
-56.7969 -280.026 2132.84
-143.459 -141.088 2493.31
-116.584 -514.907 2417.25
-148.658 152.853 2252.72
-13.4349 160.666 2300.49
168.245 -73.3382 2439.66
43.6902 -778.38 2961.47
9.06154 -268.242 2229.09
-0.17955 -129.726 2544.92
99.2725 -454.59 2676.24
121.788 168.478 2348.27
-42.6271 12.6294 2409.8
FRAME: 85
32.9344 370.715 2205.83
-187.938 -64.2909 2213.23
-122.613 -897.763 2478.49
-45.5564 -277.929 2181.87
-142.579 -142.399 2516.77
-103.954 -527.583 2444.62
-135.424 160.122 2277.38
-4.06403 165.767 2329.08
162.647 -72.9855 2467.34
39.3113 -781.799 2957.7
26.7584 -269.314 2258.96
-5.92498 -132.816 2574.27
95.9672 -453.232 2690.25
127.296 171.413 2380.78
-39.1581 14.0798 2437.3
FRAME: 86
54.5613 374.927 2259.15
-171.924 -52.0894 2241.97
-111.492 -894.671 2496.61
4.73232 -284.867 2290.72
-136.308 -116.069 2539.7
-97.8173 -520.512 2480.39
-117.402 165.149 2315.63
7.24901 168.241 2375.15
159.043 -63.0788 2525.88
27.9434 -792.855 2965.54
42.8486 -259.757 2337.88
-18.7796 -112.359 2595.94
91.472 -461.145 2759.63
131.9 171.333 2434.68
-35.1475 27.0136 2471.49
FRAME: 87
72.7495 382.161 2297.73
-148.804 -66.2795 2325.91
-123.685 -885.545 2523.39
58.2904 -311.899 2347.29
-143.062 -137.379 2584.66
-111.311 -508.646 2538.01
-100.783 160.51 2347.18
19.9911 171.101 2422.92
156.187 -62.2438 2566.93
40.1128 -784.668 2977.26
54.2077 -244.77 2366.83
-14.2946 -124.588 2666.03
97.586 -476.061 2785.42
140.765 181.692 2498.67
-29.3436 20.0587 2524.13
FRAME: 88
82.1326 383.87 2317.93
-152.391 -80.3188 2414.46
-121.755 -894.149 2532.08
70.9105 -272.374 2364.93
-144.526 -132.717 2603.24
-109.224 -508.009 2535.09
-101.106 148.43 2370.39
23.9424 161.374 2445.49
157.015 -61.2238 2605.04
28.0863 -817.196 3037.51
53.389 -245.749 2402.52
3.18694 -115.631 2691.97
97.9324 -479.432 2813.63
148.991 174.317 2520.58
-23.3635 18.5998 2546.55
FRAME: 89
90.8639 395.887 2345.28
-155.341 -87.6251 2441.2
-114.276 -896.444 2563.59
74.5045 -264.087 2376.96
-135.973 -151.627 2631.77
-107.555 -514.422 2567.56
-93.142 160.909 2384.19
31.4287 173.559 2459.02
170.47 -49.0362 2631.97
21.7054 -806.073 3032.13
89.021 -235.339 2426.64
7.60818 -135.968 2718.79
88.233 -484.625 2820.28
155.999 186.208 2533.85
-16.3767 14.8804 2567.15
FRAME: 90
98.9522 396.252 2370.69
-150.689 -85.4451 2434.37
-118.402 -887.972 2589.75
86.9561 -261.605 2389.42
-126.185 -137.775 2644.86
-105.076 -503.241 2579.47
-93.8403 180.263 2410.26
32.2223 193.113 2480.37
172.777 -36.8663 2651.21
17.4409 -815.932 3018.47
119.745 -245.033 2461.48
12.5654 -121.401 2726.17
91.0934 -487.964 2817.31
158.285 205.964 2550.48
-12.2938 31.7628 2582.94
FRAME: 91
111.962 396.661 2394.75
-126.36 -79.5591 2446.39
-122.706 -897.921 2609.7
132.422 -230.611 2411.38
-119.002 -136.598 2656.87
-107.104 -506.447 2592.88
-80.6123 172.796 2428.02
35.248 190.413 2505.89
177.482 -25.9752 2664.82
12.9937 -818.537 3029.99
172.852 -230.572 2456.29
16.5486 -115.086 2749.45
91.6586 -487.291 2832.4
151.108 208.031 2583.76
-7.98921 32.2856 2604.52
FRAME: 92
117.889 406.538 2418.71
-116.574 -76.5282 2450.88
-128.446 -897.702 2630.41
172.689 -193.524 2413.72
-108.262 -145.515 2660.85
-106.091 -508.777 2597.02
-69.6687 175.171 2432.98
39.6287 195.855 2514.69
187.465 -8.87022 2682.65
7.80185 -811.545 3034.82
229.217 -240.549 2498.98
21.4033 -120.952 2757.71
93.3817 -478.051 2849.54
148.926 216.539 2596.4
-1.90024 31.3108 2611.98
FRAME: 93
122.625 420.036 2435.65
-105.414 -64.6385 2451.3
-124.619 -904.42 2635.78
199.878 -162.485 2417.86
-104.46 -142.888 2670.88
-104.656 -518.181 2603.38
-74.0423 184.82 2447.7
43.2998 202.91 2528.43
200.693 -8.30962 2694.67
3.85281 -805.093 3043.32
286.508 -224.5 2500.81
33.2135 -121.762 2765.71
93.7492 -480.018 2865.68
160.642 221 2609.17
3.8382 35.2924 2623.36
FRAME: 94
125.41 432.365 2452.52
-84.6158 -66.3304 2446.9
-118.49 -912.067 2628.68
237.467 -121.723 2399.8
-101.983 -139.162 2683.07
-102.517 -522.931 2604.18
-72.0419 197.059 2466.67
48.001 210.744 2543.26
212.82 -11.4045 2701.76
3.22073 -796.745 3047.5
335.939 -191.38 2495.32
39.7898 -123.157 2773.6
95.8318 -470.167 2881.75
168.044 224.43 2619.85
8.45223 39.7924 2635.8
FRAME: 95
126.172 447.582 2470.61
-24.7684 -42.4922 2409.87
-115.16 -916.588 2625.35
291.343 -29.9845 2321.6
-95.1378 -130.903 2681.58
-96.57 -521.899 2605.23
-61.7056 207.289 2471.56
59.1071 221.99 2558.13
258.99 2.08557 2714.06
3.25893 -794.312 3049.83
366.857 -88.3779 2433.62
46.9008 -113.634 2783.22
103.794 -463.755 2889.26
179.92 236.691 2644.71
17.4943 49.8608 2645.27
FRAME: 96
125.685 461.693 2486.42
19.7804 -34.0233 2363.76
-113.712 -915.425 2626.32
339.657 -14.0111 2310.54
-92.5423 -128.83 2679.39
-80.6882 -512.477 2603.32
-51.52 208.337 2465.27
64.7642 226.236 2559.09
277.087 8.70732 2699.9
5.15261 -793.594 3045.66
374.512 -54.0574 2431.04
44.8151 -107.711 2789.99
109.963 -459.987 2889.16
181.048 244.135 2652.91
20.4503 53.9828 2646.89
FRAME: 97
125.983 478.115 2499.75
31.9083 -25.3772 2344.02
-108.961 -911.381 2624.09
360.562 19.7586 2263.23
-88.8274 -130.18 2674.43
-62.8756 -513.986 2592.13
-43.9704 215.196 2459.26
69.27 235.653 2560.9
290.258 18.8117 2695.14
7.08989 -801.657 3038.66
409.566 13.6948 2427.68
44.4185 -106.027 2794.1
114.031 -463.862 2889.88
182.51 256.109 2662.55
23.5327 58.7747 2647.58
FRAME: 98
123.065 488.419 2505.56
56.1555 -4.15152 2315.65
-108.528 -913.564 2625.36
379.76 73.7154 2215.59
-83.7903 -123.598 2660.18
-54.3325 -517.504 2578.12
-34.2316 226.17 2452.72
77.3129 245.663 2562.2
327.808 44.6388 2718.89
10.8461 -810.326 3030.82
518.158 59.0825 2536.96
46.423 -100.606 2787.92
117.719 -466.765 2883.94
188.857 265.156 2671.68
29.3146 66.7804 2643.12
FRAME: 99
122.106 495.883 2512.2
75.6182 16.3083 2282.37
-100.477 -922.297 2610.68
386.883 95.4903 2184.41
-80.348 -123.309 2648.83
-47.478 -523.097 2567.07
-24.3073 227.305 2448.24
83.4323 245.989 2562.48
361.112 75.7345 2737.62
12.4184 -811.477 3024.78
566.98 88.2745 2575.24
46.6215 -101.236 2783.19
121.689 -465.533 2876.11
191.172 264.672 2676.72
33.2845 66.8581 2639.24
FRAME: 100
120.216 504.843 2512.85
81.0323 33.5978 2256.25
-96.8117 -933.35 2603.26
386.874 102.149 2167.5
-74.0198 -129.931 2634.32
-40.7986 -532.578 2558.36
-16.2201 229.616 2439.49
84.7063 250.625 2556.39
392.552 107.218 2734.32
13.8458 -812.937 3007.61
656.992 148.293 2660.05
50.5721 -103.85 2778.31
121.797 -464.656 2871.98
185.633 271.633 2673.28
36.4913 66.867 2631.35
FRAME: 101
115.357 511.269 2511.79
90.8077 62.2329 2217.28
-96.3167 -936.736 2594.29
380.002 110.495 2146.76
-72.1982 -131.923 2602.54
-35.2846 -538.187 2536.96
-11.9019 237.596 2422.3
81.3963 260.115 2544.56
386.71 136.409 2719.85
16.2936 -816.248 2999.51
689.012 225.394 2697.24
52.783 -101.386 2766.26
123.584 -467.003 2857.77
174.694 282.633 2666.81
35.8443 71.7303 2614.48
FRAME: 102
113.853 514.388 2508.07
107.587 76.8328 2191.46
-93.9067 -937.75 2582.12
382.672 136.424 2130.76
-64.2052 -140.367 2573.2
-33.398 -538.222 2519.91
-5.46802 242.981 2399.89
77.9773 269.375 2526.57
390.267 167.824 2709.69
18.3677 -809.704 2967.74
665.207 246.585 2677.54
54.7242 -102.068 2754.25
124.673 -456.468 2815.85
161.423 295.77 2653.25
36.6184 74.0789 2595.15
FRAME: 103
109.981 519.59 2499.37
113.118 85.9462 2163.95
-90.853 -943.831 2576.04
384.657 165.261 2110.49
-62.2174 -140.586 2558.87
-26.7831 -545.114 2508.07
-7.25436 240.911 2377.16
72.5992 273.07 2504.69
391.297 188.275 2702.41
16.6147 -807.002 2963.66
693.912 297.153 2708.78
53.2018 -93.9102 2743.19
125.71 -460.884 2807.98
152.453 305.228 2632.22
34.0457 77.9106 2577.86
FRAME: 104
106.866 526.264 2491.77
110.448 101.308 2150.77
-86.7127 -941.918 2557.05
385.359 182.769 2087.25
-58.461 -134.435 2539.56
-21.0981 -543.856 2491.84
-8.67713 250.609 2366.51
70.447 279.85 2495.1
388.695 204.389 2695.44
13.6233 -813.157 2966.25
695.289 320.693 2715.35
52.129 -92.9842 2719.05
118.471 -467.305 2797.39
149.571 309.09 2623.68
33.6405 83.07 2562.2
FRAME: 105
107.447 526.272 2487.03
104.058 114.994 2133.42
-84.692 -941.782 2552.87
376.829 196.471 2066.92
-49.4598 -133.721 2525.98
-17.9328 -543.433 2482.54
-8.78151 253.822 2355.78
67.6501 283.448 2486.58
390.67 216.114 2680.23
12.4157 -807.184 2952.66
687.3 347.386 2741.8
53.613 -93.0532 2703.16
113.462 -466.345 2788.98
144.082 313.075 2617.37
34.8633 85.0304 2550.57
FRAME: 106
107.021 532.643 2475.5
91.5904 136.087 2108.44
-81.7494 -935.141 2544.03
367.757 195.283 2039.95
-43.3091 -129.928 2509.56
-9.33503 -539.911 2461.94
-8.32588 262.193 2342.02
66.5665 291.58 2477.26
377.874 224.052 2687.94
16.5307 -809.38 2951.83
626.734 335.207 2649.04
54.0029 -90.515 2686.54
109.303 -474.134 2764.51
141.459 320.967 2612.5
35.9567 90.6792 2537.65
FRAME: 107
107.198 539.879 2458.93
79.938 143.958 2084.04
-79.4704 -935.39 2533.31
359.761 203.958 2006.51
-41.7184 -125.111 2485.34
-5.00421 -541.388 2445.08
-8.70538 268.014 2325.09
63.7819 297.396 2464.02
371.85 245.707 2672.44
21.0136 -797.834 2942.16
604.095 317.895 2611.81
54.9384 -84.5919 2671.97
108.75 -460.714 2749.35
136.269 326.777 2602.95
35.196 96.272 2521.34
FRAME: 108
106.499 544.54 2442.48
63.1351 146.37 2065.17
-77.026 -932.526 2518.95
328.205 197.77 1985.06
-38.6626 -124.612 2467.64
-0.905998 -539.057 2430.38
-10.9805 271.521 2309.73
60.9965 300.181 2452.36
261.822 214.19 2590.22
25.315 -785.824 2945.28
595.951 351.288 2641.82
54.3758 -86.0428 2653.87
104.43 -464.853 2740.19
132.974 328.84 2594.99
34.4265 97.4266 2506.56
FRAME: 109
106.61 546.159 2432.36
54.6201 145.901 2053.49
-77.4333 -934.615 2512.76
324.065 190.449 1959.67
-39.0008 -123.495 2449.13
2.85342 -540.489 2417.73
-16.4755 275.053 2285.72
57.2074 305.28 2431.11
283.358 220.067 2588.69
28.5301 -788.842 2930.29
590.631 377.447 2717.65
56.4911 -82.3026 2636.64
104.393 -467.866 2718.7
130.89 335.507 2576.5
32.9763 101.19 2487
FRAME: 110
105.214 545.63 2420.37
47.6534 147.253 2053.51
-78.2529 -927.18 2508.16
300.249 179.851 1942.36
-32.0958 -125.943 2425.84
3.36003 -536.291 2406.68
-15.3789 285.27 2273.79
57.281 313.351 2415.68
296.784 233.64 2583.09
34.0243 -798.617 2924.46
571.197 375.749 2756.45
63.097 -87.4152 2614.43
109.48 -482.567 2697.16
129.941 341.431 2557.58
36.3908 103.336 2467.91
FRAME: 111
103.254 545.531 2407.58
31.0427 142.947 2041.55
-79.6208 -928.078 2501.76
285.096 162.631 1932.66
-31.1732 -120.786 2417.44
2.57268 -537.062 2399.89
-21.5159 291.119 2266.23
53.0818 319.932 2405.84
324.178 243.811 2591.2
40.6594 -791.552 2913.9
584.899 397.678 2766.27
67.164 -81.1957 2603.86
114.557 -470.529 2675.25
127.679 348.744 2545.45
35.5386 109.471 2458.24
FRAME: 112
99.9685 541.716 2394.52
10.7878 130.727 2034.28
-78.8564 -927.372 2496.22
254.277 148.406 1922.22
-31.4763 -119.092 2408.61
2.34663 -537.137 2392.49
-30.111 291.46 2255.88
46.4143 320.877 2395.04
350.768 267.874 2598.97
38.4556 -783.143 2897.87
611.008 412.731 2745.97
66.7802 -79.9156 2588.99
116.759 -461.737 2659.88
122.94 350.295 2534.2
32.0331 110.687 2446.92
FRAME: 113
94.4284 534.143 2368.12
-92.0189 103.813 2052.74
-78.6443 -928.118 2487.7
188.354 106.688 1918.5
-39.3116 -118.045 2399.11
-2.66682 -536.036 2385.16
-41.5093 291.129 2252.43
43.4572 317.571 2380.77
361.87 277.364 2582.45
39.967 -771.427 2903.11
644.753 428.97 2650.93
71.1113 -82.3019 2567.27
119.893 -459.104 2648.72
128.424 344.012 2509.11
29.6785 108.699 2431.98
FRAME: 114
88.2543 532.647 2350.37
-123.596 92.6171 2065.83
-84.3281 -921.175 2478.54
142.695 88.4884 1922.65
-49.7759 -120.081 2391.21
-11.8519 -534.892 2377.96
-63.2987 290.026 2247.12
45.1786 307.599 2355.07
393.588 280.08 2541.79
38.2542 -742.198 2925.19
702.576 427.618 2567.7
76.8685 -98.5719 2518.17
123.935 -473.455 2638.25
153.656 325.173 2463.02
29.3625 99.1366 2404.88
FRAME: 115
85.6592 529.759 2334.59
-147.518 76.3385 2077.32
-87.7135 -926.214 2483.09
99.266 60.1546 1922.05
-68.6876 -113.717 2393.97
-27.6553 -532.419 2376.82
-94.9915 287.581 2244.48
32.6408 305.55 2335.4
419.051 268.301 2465.36
40.2358 -727.276 2918.44
708.069 403.071 2456.3
85.8263 -91.6049 2504.25
123.251 -473.52 2635.16
160.273 323.518 2426.32
20.6051 101.444 2392.26
FRAME: 116
82.3446 527.271 2317.19
-179.895 67.8055 2088.83
-93.8528 -920.188 2483.4
43.6999 52.4855 1919.72
-80.674 -112.464 2394.59
-44.6755 -526.787 2373.86
-113.462 282.561 2247.83
26.9403 296.373 2325.34
423.517 237.119 2404.14
46.4493 -731.935 2922.11
701.29 369.049 2340.55
85.523 -96.0716 2486.67
117.687 -470.43 2638.89
167.343 310.185 2402.86
14.6824 96.0524 2382.99
FRAME: 117
76.3666 525.018 2298.58
-209.094 56.2534 2106.86
-101.66 -911.527 2487.7
-3.12585 34.9114 1912.96
-91.92 -104.591 2398.02
-62.0934 -518.889 2380.72
-123.886 279.614 2245.19
21.4392 291.782 2314.1
418.697 211.85 2346.8
51.8649 -735.182 2919.32
691.621 305.888 2198.2
78.2592 -89.6437 2480.03
121.895 -471.174 2637.82
166.765 303.95 2383
7.30438 97.3323 2376.56
FRAME: 118
68.2305 514.838 2262.17
-256.554 51.383 2127.29
-110.616 -901.267 2495.06
-78.3179 -5.08201 1929.6
-99.5927 -99.9634 2404.31
-74.2728 -511.397 2387.45
-140.236 278.417 2241.65
13.4029 287.21 2292.54
376.425 160.784 2258.13
56.8596 -739.2 2911.65
566.895 168.677 1958.15
76.693 -89.7195 2462.9
124.41 -475.001 2624.75
167.042 296.003 2343.42
0.976552 96.1843 2363.07
FRAME: 119
60.2199 503.774 2239.37
-300.294 42.7971 2156.65
-117.485 -898.446 2507.76
-125.679 -34.7741 1932.98
-107.488 -95.444 2407.36
-87.962 -510.643 2397.97
-151.131 268.057 2235.18
7.89738 274.476 2273.28
337.592 118.489 2186.51
68.2827 -737.825 2908.86
484.663 107.407 1864.94
78.6168 -87.7355 2452.08
128.34 -476.221 2609.13
166.926 280.894 2311.38
-3.26912 91.443 2351.5
FRAME: 120
54.0196 496.904 2218.5
-329.062 40.076 2175.08
-121.044 -896.167 2512.36
-166.194 -68.552 1945.29
-115.464 -95.1067 2410.46
-100.948 -513.121 2401.05
-162.764 264.695 2230.52
-1.07416 269.237 2256.76
316.409 93.351 2155.75
74.2651 -741.074 2893.97
391.928 57.0188 1798.56
78.974 -89.6139 2442.11
134.59 -484.65 2589.95
160.615 273.778 2283
-9.65957 88.4382 2341.52
FRAME: 121
45.074 492.508 2195.8
-345.996 40.2932 2192.85
-122.518 -899.611 2516.52
-201.789 -92.6256 1972.9
-116.229 -100.663 2412.63
-104.734 -517.533 2404.84
-171.112 263.973 2226.9
-7.0522 267.79 2245.04
290.815 76.7749 2130.35
76.6179 -737.969 2888.04
314.765 7.49752 1785.61
79.4344 -96.0826 2434.41
133.768 -483.339 2586.26
157.007 271.608 2263.18
-12.7248 84.7086 2334.28
FRAME: 122
35.5663 482.259 2172.11
-362.123 50.152 2225
-121.501 -904.839 2512.49
-239.62 -107.425 1995.88
-118.604 -98.8188 2403.7
-107.719 -521.767 2398.65
-178.89 265.831 2228.77
-14.4144 266.394 2236.13
252.693 63.1358 2104.09
75.0052 -730.993 2888.61
243.032 -48.036 1748.34
75.5007 -98.077 2412.62
130.799 -482.854 2576.31
150.061 266.958 2243.48
-17.983 83.9732 2322.14
FRAME: 123
26.6608 477.058 2153.33
-369.907 60.6173 2260.77
-121.999 -902.621 2503.89
-275.096 -108.857 2031.08
-121.128 -93.8704 2390.83
-109.32 -521.884 2387.87
-183.708 272.161 2228.95
-20.1257 268.403 2227.2
199.806 53.2317 2062.16
77.0069 -736.105 2896.43
180.205 -81.7052 1712.91
63.3665 -98.0802 2388.9
130.914 -475.774 2571.06
143.457 264.645 2225.45
-24.5033 86.2137 2308.53
FRAME: 124
20.1494 467.823 2132.47
-371.566 67.7302 2288.45
-122.396 -908.817 2493.42
-305.675 -115.542 2064.35
-126.956 -93.1118 2378.5
-114.222 -525.808 2377.23
-189.491 275.25 2234.58
-28.6381 267.393 2212.79
176.771 45.1414 2034.49
81.2893 -727.927 2903.75
142.924 -101.993 1700.08
62.8288 -102.269 2350.9
132.161 -460.002 2576.68
132.215 259.536 2190.99
-30.3509 84.8514 2288.74
FRAME: 125
11.9606 453.823 2112.41
-372.501 82.3605 2327.01
-132.539 -911.391 2467.8
-333.188 -117.489 2113.76
-142.699 -88.5518 2356.29
-125.351 -521.59 2348.83
-190.145 281.922 2251.65
-38.2115 264.835 2197.16
149.146 36.3059 1996.23
103.431 -713.674 2875.41
78.7094 -136.195 1702.16
54.327 -110.931 2281.05
143.989 -418.838 2563.36
113.722 247.749 2142.66
-41.1988 82.5469 2257.91
FRAME: 126
6.85824 446.782 2095.36
-369.795 87.5492 2346.18
-133.678 -913.714 2452.56
-344.461 -114.101 2126.62
-148.373 -85.09 2345.84
-132.963 -512.833 2334.26
-192.02 285.973 2260.62
-42.5091 265.133 2193.1
132.348 28.5722 1978.92
103.392 -694.313 2856.75
30.2528 -173.335 1641.04
54.5058 -113.111 2252.08
136.762 -436.127 2479.68
107.002 244.294 2125.59
-44.7213 83.0166 2246.03
FRAME: 127
3.11169 440.482 2079.82
-372.191 88.3952 2344.25
-128.917 -909.823 2454.24
-346.471 -117.595 2131.2
-143.842 -79.4437 2347.75
-129.402 -504.411 2332
-196.712 284.648 2252.6
-45.1218 262.78 2186.53
125.207 30.4727 1977.31
103.449 -689.65 2847.71
18.9826 -182.003 1671.85
51.914 -107.542 2261.12
132.49 -433.445 2472.66
106.468 240.911 2120.47
-45.5428 84.6435 2245.48
FRAME: 128
1.04577 435.715 2075.03
-372.915 88.4729 2342.13
-125.692 -907.154 2453.46
-343.437 -124.161 2119.04
-143.253 -79.2995 2348.76
-130.384 -498.102 2328.9
-198.851 283.881 2246.59
-46.384 261.356 2180.98
122.792 25.5182 1979.87
103.688 -683.92 2824.4
8.2797 -204.9 1681.43
51.5586 -108.081 2264.03
131.945 -420.047 2469.42
106.083 238.831 2115.38
-46.1157 83.833 2243.69
FRAME: 129
-1.28867 434.985 2070.08
-373.491 85.7177 2338.11
-123.597 -903.849 2450
-340.876 -130.287 2114.11
-142.179 -79.2854 2350.15
-128.406 -493.237 2325.27
-200.303 283.333 2242.81
-47.5532 260.244 2176.82
121.692 18.6707 1985.04
101.598 -681.653 2823.32
3.82404 -209.856 1689.86
51.6485 -108.5 2265.84
135.068 -420.285 2467.1
105.197 237.155 2110.82
-46.4091 83.1755 2242.41
FRAME: 130
-2.03409 431.761 2067.29
-365.846 79.8416 2329.85
-119.958 -897.274 2443.94
-306.533 -149.359 2082.52
-144.988 -78.6588 2346.87
-129.392 -492.831 2323.88
-199.995 279.831 2235.35
-46.7709 257.476 2173.19
126.412 8.19582 1999.86
102.233 -672.159 2817.18
31.026 -187.06 1786.73
53.825 -107.774 2265.38
133.968 -408.369 2474.41
106.453 235.12 2111.02
-46.1762 82.1296 2239.66
FRAME: 131
-1.70044 430.35 2065.35
-359.561 64.5194 2328.68
-117.627 -897.727 2431.23
-279.318 -161.41 2078.68
-147.084 -87.5698 2338.25
-135.19 -494.519 2321.77
-197.267 277.253 2236.56
-46.3583 254.591 2171.83
137.172 0.973249 2026.11
101.004 -661.947 2824.93
20.4992 -219.715 1784.62
51.6282 -117.513 2252.76
139.259 -392.873 2497.35
104.55 231.928 2107.1
-47.0431 76.0246 2233.67
FRAME: 132
-2.65869 429.815 2062.71
-349.136 53.7581 2320.49
-113.76 -893.683 2429
-253.117 -175.278 2063.89
-146.848 -97.8742 2338.48
-133.11 -499.856 2323.48
-199.187 270.385 2231.49
-45.7682 250.426 2171.82
137.574 -3.77856 2040.53
97.7562 -663.703 2834.44
79.1821 -183.575 1879.94
59.4986 -124.748 2257.79
134.594 -390.637 2514.29
107.65 230.468 2112.14
-44.7215 69.5575 2234.97
FRAME: 133
-1.20247 426.847 2062.04
-339.152 39.7252 2305.46
-105.776 -892.408 2441.96
-239.103 -185.838 2034.02
-142.998 -122.378 2335.55
-113.918 -509.131 2331.23
-200.191 260.041 2218.45
-42.6418 244.11 2172.76
147.923 -18.9017 2070.14
87.6633 -692.852 2849.46
71.9474 -193.083 1908.53
59.0356 -142.864 2276.92
117.172 -426.623 2527.5
114.907 228.178 2127.06
-42.3115 55.7444 2239.5
FRAME: 134
-0.390287 426.473 2062.33
-326.232 20.8684 2288.49
-103.924 -894.757 2447.93
-216.237 -169.616 2063.34
-140.792 -127.81 2337.45
-108.175 -519.974 2340.36
-198.478 250.502 2211.35
-39.4798 237.301 2174.53
155.032 -23.9609 2094.87
48.6304 -730.556 2776.59
62.3296 -259.855 1913.56
62.7539 -144.779 2290.22
82.8164 -442.356 2501.76
119.518 224.101 2137.72
-39.2495 50.5033 2244.19
FRAME: 135
1.60565 424.027 2064.58
-308.152 -0.96982 2275.67
-102.867 -915.419 2460.02
-198.499 -161.569 2044.36
-116.575 -125.979 2354.09
-105.748 -532.822 2344.13
-194.641 242.307 2213.88
-35.7626 231.68 2178.65
161.259 -30.9383 2119.9
49.7065 -727.391 2785.48
56.1594 -290.408 1938.57
64.4757 -138.099 2315.05
89.5404 -438.557 2521.33
123.116 221.053 2143.42
-30.906 49.8206 2256.61
FRAME: 136
4.48548 422.377 2068.22
-251.717 -35.0865 2216.1
-104.751 -918.83 2465.22
-131.574 -213.07 1996.19
-110.051 -117.31 2377.49
-103.871 -529.577 2359.21
-189.298 236.275 2214.28
-31.851 223.971 2182.13
163.857 -41.8317 2140.62
51.6416 -720.595 2791.7
49.4812 -307.855 1966.58
65.8825 -132.946 2339.28
93.3767 -425.156 2536.19
125.596 211.667 2149.99
-26.9677 49.4218 2270.26
FRAME: 137
14.4647 416.919 2082.55
-241.655 -31.5597 2197.37
-99.9523 -922.912 2475.86
-76.8982 -267.257 2009.39
-107.381 -128.763 2378.42
-95.4951 -536.428 2362.48
-176.723 228.42 2216.19
-21.8378 217.358 2194.42
175.933 -46.0254 2197.71
37.8674 -728.224 2800.65
35.9532 -316.138 2057.87
62.5646 -142.459 2352.56
84.6627 -431.528 2550.86
133.047 206.297 2172.66
-22.1231 40.8738 2279.96
FRAME: 138
25.0256 416.121 2105.37
-237.004 -30.9531 2198.44
-102.229 -932.547 2490.1
-44.2872 -275.295 2005.35
-106.433 -127.621 2382.9
-95.5256 -542.601 2379.51
-169.175 219.702 2218.74
-14.4132 218.172 2216.68
188.8 -25.9594 2249.81
34.1865 -734.858 2832.69
46.0546 -303.167 2126.17
67.8958 -128.273 2382.21
84.7383 -429.635 2576.35
140.349 216.642 2214.61
-16.841 45.1127 2299.61
FRAME: 139
35.5533 412.369 2126.21
-215.895 -47.3748 2245.92
-102.381 -925.466 2498.68
-34.3452 -263.385 2050.12
-99.2137 -124.328 2415.62
-88.6278 -538.064 2401.62
-156.716 212.966 2231.6
-1.26961 210.471 2237.83
196.175 -38.4667 2290.94
22.2028 -751.947 2821.42
56.7757 -293.561 2143.76
72.9093 -127.035 2423.01
76.8186 -443.398 2591.28
154.177 207.975 2244.06
-7.21091 42.3947 2328.57
FRAME: 140
44.1273 413.611 2146.52
-204.63 -43.7075 2279.66
-100.115 -926.946 2495.78
-23.089 -255.537 2095.84
-92.4015 -125.811 2449.34
-83.9261 -541.146 2412.15
-145.744 214.669 2255.04
7.67706 207.846 2257.34
200.426 -44.9403 2311.44
12.4265 -763.184 2825.8
65.8616 -288.663 2160.69
71.676 -132.85 2452.15
63.759 -440.226 2619.53
161.098 201.023 2259.65
-1.34285 39.2576 2354.04
FRAME: 141
52.6091 418.414 2167.08
-183.545 -54.9644 2313.68
-100.541 -931.314 2503.75
-5.44744 -260.1 2134.55
-91.9963 -111.634 2480.51
-81.9431 -535.317 2425.78
-136.522 209.966 2273.18
14.3382 202.997 2279.05
201.874 -49.0273 2338.14
0.725005 -782.887 2823.34
86.3132 -305.924 2219.14
66.2939 -118.188 2486.91
58.183 -449.714 2639.92
165.199 196.027 2284.92
0.743513 44.0427 2381.38
FRAME: 142
65.9145 417.571 2193.77
-173.6 -38.9625 2349.2
-101.108 -927.527 2521.59
-20.5372 -272.971 2199.81
-95.0628 -103.844 2518.6
-79.0661 -525.344 2462.08
-120.888 215.365 2296.45
26.1663 208.482 2307.9
208.287 -48.0122 2383.41
12.3098 -787.387 2912.56
78.9762 -291.985 2232.4
73.6131 -110.639 2531.71
84.6192 -450.904 2712.02
173.22 201.6 2319.35
7.72073 50.6202 2416.53
FRAME: 143
94.8369 429.919 2273.49
-146.293 -49.1067 2378.72
-100.287 -931.328 2543.79
43.8365 -261.19 2244.53
-84.2337 -107.032 2548.86
-67.4599 -530.056 2499.18
-103.088 212.418 2335.52
46.363 210.064 2363.95
221.975 -40.3641 2457.93
12.0361 -810.988 2924.02
125.197 -298.973 2327.34
79.8623 -108.474 2579.8
89.7676 -463.054 2756.73
195.814 207.711 2392.38
22.0886 51.1554 2464.14
FRAME: 144
103.393 429.534 2300.38
-130.545 -50.5022 2379.85
-102.228 -925.543 2560.01
86.1815 -264.172 2276.35
-71.7436 -92.4919 2587.71
-69.2141 -519.734 2530.12
-90.5768 211.404 2358.76
53.2532 205.959 2392.28
228.494 -43.608 2497.57
16.9262 -817.775 2934.56
144.598 -290.335 2347.5
73.3345 -103.155 2619.32
109.641 -468.77 2772.69
197.083 200.515 2425.79
27.0243 54.0678 2497.89
FRAME: 145
112.89 430.081 2324.63
-103.794 -55.3302 2385.03
-107.09 -927.635 2574.3
106.262 -252.782 2283.99
-76.7963 -103.898 2604.64
-69.6075 -527.13 2553.65
-71.1032 205.573 2374.5
62.3576 205.56 2422.06
235.289 -30.6446 2547.55
25.3341 -828.271 2948.28
187.959 -292.492 2408.64
68.2893 -106.905 2652.86
118.542 -476.691 2773.05
195.818 205.547 2469.63
29.052 50.0791 2525.41
FRAME: 146
119.097 428.901 2348.89
-96.2154 -57.119 2394.39
-97.7419 -918.428 2583.29
134.586 -246.208 2314.51
-70.8684 -133.354 2608.91
-60.8299 -521.601 2559.9
-60.0364 194.784 2385.26
68.8044 203.936 2445.82
244.518 -8.87585 2592.16
23.4276 -841.095 2956.28
209.45 -268.387 2422.09
68.1737 -123.081 2675.15
115.016 -502.187 2796.32
197.645 213.088 2506.37
33.7285 37.8591 2543.92
FRAME: 147
126.783 432.136 2365.21
-82.1251 -58.8467 2414.65
-95.4476 -931.488 2602.5
173.46 -224.026 2323.29
-76.9471 -136.555 2623.17
-54.0585 -534.584 2569.36
-59.8164 203.017 2404.06
69.7732 209.909 2465.64
245.129 7.37281 2620.16
12.9541 -840.453 2969.92
272.348 -263.632 2460.91
70.4219 -128.592 2692.57
114.672 -504.7 2818.21
199.363 216.801 2527.23
33.2553 38.668 2561.76
FRAME: 148
134.251 438.9 2395.16
-77.9896 -56.5504 2411.46
-88.9365 -927.303 2615.74
232.029 -194.05 2319.35
-66.2607 -141.248 2629.76
-53.3147 -531.392 2577.27
-54.9784 204.342 2418.5
73.0594 214.268 2485.36
249.041 1.93245 2633.61
13.0742 -839.747 2972.91
290.563 -246.252 2464.25
76.6771 -130.004 2704.07
122.43 -509.93 2833.91
201.097 224.193 2552.21
39.1338 39.321 2576.14
FRAME: 149
139.798 445.1 2411.14
-64.5415 -50.3017 2406.01
-87.8194 -931.753 2623.09
261.477 -158.938 2302.3
-62.4221 -145.012 2634.1
-49.1805 -534.163 2581.89
-49.8476 208.829 2430.08
75.5203 219.511 2496.14
254.305 2.44474 2654.72
12.0721 -837.354 2978.73
327.371 -220.894 2461.04
86.9239 -132.263 2712.49
126.056 -504.894 2841.69
200.888 230.193 2562.2
43.8856 40.4367 2584.71
FRAME: 150
140.912 455.014 2432.06
-14.0622 -42.3121 2369.23
-83.0752 -930.833 2621.58
322.329 -82.4675 2247.38
-58.5594 -144.345 2633.34
-43.0549 -535.953 2580.23
-36.9846 211.814 2437.96
84.4529 221.779 2509.97
288.486 2.20071 2673.92
7.62892 -835.348 2985.2
383.703 -157.617 2446.66
88.0887 -132.153 2720.3
129.243 -502.169 2850.87
205.89 231.745 2581.98
49.6088 41.7652 2593.4
FRAME: 151
141.745 466.706 2447.81
50.5463 -32.7587 2320.75
-78.9758 -930.435 2611.09
367.891 -30.1265 2211.39
-51.8842 -135.501 2627.78
-37.7956 -535.102 2569.12
-22.9934 217.866 2438.63
93.7862 228.803 2520.6
306.324 10.9867 2669.1
5.24697 -838.838 2996.24
440.543 -101.557 2439.48
87.5269 -122.343 2725.66
124.164 -495.649 2860.62
210.566 239.741 2602.56
55.8038 49.9409 2598.66
FRAME: 152
141.261 474.982 2459.35
54.3226 -27.7828 2302.82
-78.3205 -932.109 2609.29
380.667 6.13465 2162.65
-52.1758 -133.035 2630.36
-35.0506 -536.598 2570.43
-14.6589 217.402 2430.86
98.5304 233.511 2524.66
323.337 24.3053 2653.83
7.96095 -839.545 2987.99
493.514 -52.0438 2436.5
83.2263 -113.747 2742.39
126.354 -484.061 2865.48
211.72 249.619 2618.47
57.0278 55.06 2605.52
FRAME: 153
141.339 482.781 2464.97
58.9023 -20.1742 2286.12
-79.1244 -936.095 2610.1
383.976 37.6029 2137.77
-53.1181 -123.616 2626.69
-22.5516 -533.248 2552.02
-8.47925 220.878 2419.68
102.285 240.723 2523.98
336.172 38.5138 2636.89
10.6197 -831.39 2983.19
550.273 -0.839206 2448.33
76.417 -100.341 2748.62
129.899 -479.611 2860.05
213.048 260.568 2628.27
56.967 64.3722 2605.82
FRAME: 154
141.871 487.13 2469.96
70.6787 -8.73528 2266.32
-82.8789 -936.134 2609.72
387.107 38.2857 2103.79
-51.663 -123.657 2613.44
-15.7534 -535.189 2544.9
-2.04581 226.26 2409.69
104.656 247.432 2521.5
360.229 55.3856 2620.35
14.9406 -831.251 2973.82
623.164 47.1554 2503.97
73.5984 -98.7955 2744.3
133.548 -476.842 2847.74
211.358 268.604 2633.31
57.8119 68.1029 2600.18
FRAME: 155
143.24 495.272 2473.1
75.1427 30.8775 2222.49
-77.0664 -937.695 2588.41
374.705 54.8758 2071.97
-47.5659 -122.475 2597.72
-11.5011 -535.96 2531.69
5.67751 234.161 2398.64
109.066 256.107 2515.55
388.906 87.9495 2616.14
19.2362 -826.709 2971.46
705.563 107.056 2576.17
76.6594 -96.1026 2738.02
134.493 -471.446 2833.65
212.455 278.054 2632.47
61.8065 73.4094 2591.71
FRAME: 156
144.204 498.361 2473.41
89.4905 46.4806 2195.36
-76.6897 -930.352 2577.85
385.204 69.326 2046.38
-42.8344 -129.35 2577.97
-12.7539 -531.616 2518.49
13.401 239.366 2388.09
111.525 261.996 2509.75
409.709 126.723 2598.09
27.381 -830.794 2973.66
714.56 133.927 2579.35
80.4441 -100.706 2731.11
136.813 -474.745 2822.47
209.65 284.627 2631.4
65.165 73.4843 2582.14
FRAME: 157
143.52 502.47 2468.45
93.0605 61.0024 2173.76
-75.5425 -940.377 2554.88
384.706 125.16 2001
-40.1342 -129.358 2563.35
-12.1378 -535.958 2502.72
14.599 246.898 2375.69
111.764 268.211 2494.24
427.156 143.257 2594.21
27.0668 -833.687 2961.36
728.799 157.983 2595.34
81.5663 -101.975 2712.22
134.319 -481.002 2801.92
208.93 289.523 2612.78
66.2402 76.272 2566.01
FRAME: 158
143.598 504.531 2465.26
92.0242 68.8812 2152.88
-74.5161 -938.28 2531.65
379.84 134.021 1993.99
-39.2765 -135.111 2544.27
-10.9191 -542.041 2483.82
16.5832 246.622 2360.93
107.111 270.382 2478.15
423.159 157.434 2595.9
31.962 -836.088 2960.34
737.436 189.61 2580.92
81.351 -102.221 2701.73
129.629 -486.638 2788.28
197.639 294.142 2595.38
64.0741 75.858 2550.58
FRAME: 159
143.702 508.87 2455.55
95.4224 76.4549 2124.12
-74.5358 -940.507 2513.91
379.28 161.909 1972.23
-37.2516 -139.474 2519.46
-15.0424 -547.392 2468.87
22.0389 247.52 2341.16
104.873 274.144 2460.63
418.063 175.535 2587.98
33.1681 -830.724 2955.56
747.356 215.957 2582.75
80.8533 -99.87 2691.6
139.43 -493.05 2764.81
187.707 300.768 2580.11
63.3369 77.2359 2533.08
FRAME: 160
142.513 514.153 2438.27
97.3004 83.8114 2088.76
-71.9579 -942.177 2502.75
369.586 166.077 1955.69
-35.5257 -138.747 2496.59
-10.1751 -551.788 2444.9
18.8217 250.914 2320.79
100.622 277.846 2440.19
419.231 184.801 2585.13
36.6688 -822.866 2934.81
765.022 248.776 2589.65
79.3031 -97.8475 2668.61
143.602 -495.046 2715.85
182.421 304.778 2559.58
61.2551 79.7744 2511.39
FRAME: 161
140.878 518.861 2414.85
94.1917 93.027 2060.61
-80.5601 -945.498 2495.95
364.81 176.129 1926.73
-33.0442 -142.603 2464.72
-19.0271 -561.023 2418.7
21.5983 253.616 2294.3
99.3681 283.017 2419.28
414.966 202.674 2576.88
38.6702 -812.105 2928.8
758.633 289.853 2558.56
82.8363 -95.8514 2654.82
132.304 -503.02 2697.29
177.138 312.418 2544.27
62.1321 81.8951 2489.53
FRAME: 162
141.183 521.306 2391.18
92.4751 104.487 2032.81
-86.6134 -944.536 2490.06
360.036 188.816 1895.42
-30.4412 -147.515 2440.72
-23.9514 -571.598 2399.74
24.8034 256.799 2273.05
99.6736 287.166 2400.66
415.017 208.476 2565.32
38.8805 -814.661 2903.56
744.417 309.12 2556.51
84.8183 -97.8959 2640.47
126.706 -518.547 2678.43
174.544 317.533 2528.27
63.4311 82.2303 2470.63
FRAME: 163
139.178 524.656 2372.52
86.5447 107.102 2010.61
-90.7146 -946.088 2478.51
357.427 195.083 1881.81
-31.6844 -147.486 2416.89
-28.464 -573.856 2387.43
21.7461 259.419 2250.52
95.084 292.365 2381.63
411.803 219.88 2550.41
35.5981 -819.138 2845.4
743.657 333.721 2557.42
85.7466 -91.8906 2630.3
119.76 -495.048 2674.65
168.422 325.31 2512.74
61.0575 86.3382 2452.61
FRAME: 164
137.296 527.116 2357.12
72.5135 115.249 1990.14
-95.6483 -953.113 2463.51
354.52 196.095 1864.45
-30.286 -144.986 2398.1
-27.283 -576.759 2375.28
21.3679 266.393 2236.62
91.7094 299.084 2366.27
402.73 228.537 2525.44
35.739 -826.823 2853.63
729.036 337.201 2545.61
86.3532 -89.01 2615
108.767 -492.765 2665.35
162.051 331.774 2495.91
59.8715 91.0428 2436.41
FRAME: 165
136.205 529.445 2348.2
65.322 118.548 1975.99
-100.335 -947.248 2448.74
331.451 190.001 1865.62
-31.1731 -143.993 2377.43
-23.2328 -578.176 2365.55
14.5988 269.434 2218.69
85.7381 302.603 2348.85
408.715 248.049 2483.1
12.049 -821.758 2739.59
735.553 365.684 2537.59
86.3062 -86.567 2596.57
99.0721 -481.448 2607
156.877 335.772 2479.01
56.6523 93.6617 2417.92
FRAME: 166
134.72 529.654 2328.25
30.2262 115.212 1955.54
-103.492 -943.79 2434.99
289.32 175.474 1840.94
-33.6221 -142.413 2355.59
-25.1697 -581.868 2352.85
5.11235 265.525 2189.57
80.1368 301.178 2319.49
407.168 263.779 2470.09
1.33218 -814.125 2644.43
719.117 383.824 2506.34
88.4203 -81.6854 2569.99
102.852 -484.971 2583.79
155.161 336.831 2449.41
53.768 94.5643 2391.14
FRAME: 167
133.352 528.636 2307.69
0.718293 111.195 1947.7
-101.068 -951.545 2423.34
261.918 157.384 1837.91
-41.1486 -133.37 2337.56
-23.3243 -576.421 2337.41
-10.6264 268.003 2170.05
73.777 300.699 2293.3
412.742 273.722 2456.63
-1.0817 -812.287 2632.03
719.819 384.173 2483.37
89.0605 -78.7834 2532.32
116.983 -491.416 2571.84
158.18 333.395 2416.55
48.8665 97.3111 2364.12
FRAME: 168
131.915 528.015 2290.15
-31.5068 114.475 1951.41
-86.5787 -930.735 2412.52
213.438 150.226 1820.65
-33.4764 -120.417 2321.95
-12.4715 -561.932 2318.43
-27.1401 279.356 2164.5
72.3521 301.171 2277.5
422.72 262.942 2425.68
-23.0944 -815.024 2609.12
732.345 378.952 2446.06
89.2898 -88.1719 2467.78
109.7 -496.41 2557.58
171.844 322.986 2390.5
50.1294 98.4384 2336.18
FRAME: 169
128.787 527.852 2277.43
-77.5672 104.49 1956.55
-90.4939 -927.79 2406.36
176.857 129.747 1826.19
-42.1925 -118.899 2316.41
-14.6397 -561.073 2307.16
-38.5401 279.787 2159.43
72.794 296.188 2258.47
447.829 255.885 2402.24
-30.3309 -823.02 2599.13
760.845 374.51 2401.35
92.7679 -96.1851 2440.61
118.682 -511.106 2538.52
184.128 312.589 2357.51
49.0408 94.323 2318.49
FRAME: 170
125.703 526.871 2265.52
-122.551 90.2084 1971.8
-87.5324 -922.875 2405.76
127.659 114.094 1816.13
-48.5034 -112.897 2316.02
-14.9462 -552.122 2303.55
-52.214 281.757 2161.14
71.8102 292.834 2250.93
460.988 241.188 2364.7
-13.7129 -823.725 2655.05
747.941 347.264 2328.9
94.0681 -100.119 2419.7
124.918 -504.271 2525.81
195.834 303.911 2340.72
47.2963 93.1634 2309.39
FRAME: 171
122.209 523.801 2248.6
-151.521 76.1241 1987.01
-85.3857 -918.795 2407.84
97.2252 89.8749 1816.57
-57.0013 -111.963 2318.21
-16.1246 -548.191 2305.78
-68.1568 280.884 2163.45
63.9146 290.958 2244.88
454.192 223.008 2331.3
-10.3638 -830.203 2682.8
750.019 309.23 2258.52
96.108 -100.236 2412.75
126.62 -511.523 2523.45
195.986 301.033 2326.3
41.734 92.4292 2305.18
FRAME: 172
115.299 518.758 2235.49
-180.897 65.2466 2003.98
-85.0522 -912.925 2410.63
49.9089 69.7916 1813.48
-62.0998 -115.686 2319.71
-16.7991 -546.159 2309.71
-86.4986 272.073 2166.8
52.2217 282.988 2238.09
436.629 193.866 2287.55
-12.5809 -816.871 2618.98
722.163 252.363 2156.32
100.629 -102.747 2403.6
137.636 -516.529 2522.87
190.942 293.903 2309.38
35.7431 86.8857 2299.87
FRAME: 173
107.038 509.72 2218.13
-220.072 46.5113 2047.5
-85.9906 -911.609 2414.27
-32.3121 35.6128 1828.83
-67.0489 -114.826 2322.41
-29.6989 -543.952 2314.89
-112.825 263.788 2174.44
35.9679 276.491 2234.22
392.202 140.214 2226.56
-7.89335 -810.621 2619.54
595.982 129.834 1961.84
103.886 -100.035 2391.68
145.172 -506.237 2504.65
184.761 289.195 2293.99
27.1933 84.5304 2295.63
FRAME: 174
102.523 505.949 2197.87
-249.568 46.6884 2070.79
-82.5812 -913.875 2420.27
-68.9236 13.3515 1847.82
-69.972 -118.409 2328.27
-37.7661 -545.428 2323.15
-120.169 264.046 2181.87
33.0855 272.644 2226.64
356.863 91.4133 2166.4
10.2127 -768.375 2649.71
515.62 55.2989 1861.08
103.565 -108.479 2379.35
145.558 -505.338 2504.1
186.34 281.241 2271.41
24.9409 79.5999 2290.22
FRAME: 175
96.7211 499.131 2182.45
-277.676 43.5668 2103.85
-84.3592 -911.945 2423.63
-103.503 -7.36098 1867.66
-74.8149 -114.436 2334.46
-50.0304 -544.189 2329.56
-133.903 259.683 2189.07
25.8015 265.215 2216.96
327.704 60.4331 2127.83
25.0716 -754.519 2677.48
431.234 11.9232 1806.74
103.56 -108.2 2366.07
146.064 -494.781 2493.37
185.506 270.748 2244.86
20.087 76.9486 2283.61
FRAME: 176
87.4561 489.073 2159.78
-299.639 46.2876 2135.14
-82.274 -911.835 2428.16
-139.928 -31.9633 1892.95
-77.6514 -107.942 2336.35
-46.7313 -544.039 2327.1
-140.734 260.374 2190.9
20.7665 262.816 2208.93
310.438 49.3534 2108.67
13.2236 -774.321 2668.36
345.446 -47.4702 1759.22
98.8058 -105.264 2356.07
137.013 -500.413 2497.44
182.267 265.258 2226.97
15.6719 78.1066 2277.57
FRAME: 177
81.9516 481.817 2147.67
-322.945 48.9976 2172.02
-79.1903 -919.703 2433.88
-180.71 -50.8767 1922.14
-77.3483 -115.606 2335.78
-53.4799 -548.936 2330.34
-145.415 259.903 2194.65
16.1413 261.271 2203.2
258.459 36.4594 2074.81
12.2897 -788.268 2676.32
250.655 -90.5787 1713.29
100 -114.023 2345.58
121.946 -509.156 2476.19
177.698 262.638 2211.74
13.7336 73.2283 2271.94
FRAME: 178
70.1516 471.232 2120.54
-338.609 60.1543 2255.29
-89.9731 -929.37 2411.28
-244.153 -80.7432 2010.89
-99.2187 -115.237 2314.94
-76.4594 -554.912 2310.05
-153.117 264.603 2221.63
0.734422 256.878 2191.02
195.545 18.8272 2007.8
24.9563 -754.37 2683.79
165.342 -121.543 1697.1
89.5053 -123.578 2272.06
131.284 -478.596 2451.15
154.586 249.153 2160.41
-2.06116 68.735 2242.26
FRAME: 179
60.8679 458.577 2099.9
-355.83 74.4487 2298.7
-91.3647 -925.165 2409.63
-279.346 -89.9259 2044.38
-109.155 -97.8459 2311.28
-89.1836 -534.714 2308.4
-166.557 268.449 2231.68
-12.7433 256.159 2184.55
173.233 33.8136 1995.43
78.3525 -711.009 2776.18
72.5777 -155.399 1653.81
76.6411 -111.747 2249.67
140.972 -443.673 2486.38
141.071 243.869 2137.43
-14.5002 75.6812 2232.52
FRAME: 180
54.9876 450.789 2083.46
-360.79 89.5736 2318.91
-91.3259 -908.179 2409.54
-311.604 -91.5459 2081.14
-112.278 -85.1428 2313.13
-101.161 -507.555 2306.65
-167.562 274.103 2231.41
-17.8735 256.258 2175.79
151.618 36.6189 1996.23
75.494 -709.447 2754.66
45.4169 -157.94 1662.52
67.0184 -106.497 2245.6
148.771 -454.089 2469.39
131.815 238.413 2120.17
-20.2518 80.219 2227.58
FRAME: 181
48.1266 441.425 2070.34
-362.454 94.8624 2325.38
-86.1598 -901.015 2421.55
-345.426 -98.3758 2101.07
-106.967 -75.6815 2323.22
-98.3576 -493.405 2312.26
-172.933 269.722 2219.75
-23.566 247.669 2161
134.492 21.4178 1980.25
104.623 -680.166 2783.46
32.6482 -154.192 1687.75
60.4642 -100.311 2256.66
141.929 -469.416 2428.62
125.801 225.616 2102.25
-23.4087 79.8365 2225.47
FRAME: 182
43.1061 433.542 2055.73
-368.884 93.7925 2327.49
-82.722 -898.458 2427.19
-359.465 -107.949 2117.68
-105.694 -80.1784 2327.46
-100.295 -498.028 2313.37
-182.197 267.29 2220.92
-30.2145 245.424 2157.33
127.336 3.99868 1975.31
119.852 -663.138 2783.69
-1.50653 -175.546 1676.88
59.713 -104.016 2257.82
144.068 -472.472 2374.73
121.768 223.558 2093.73
-26.6024 76.6636 2224.98
FRAME: 183
35.9565 430.916 2049.36
-366.587 98.3991 2333.93
-86.6956 -902.06 2428.21
-374.668 -108.486 2136.8
-106.06 -76.6274 2331.78
-105.549 -498.989 2310.97
-185.096 269.622 2220.43
-34.1772 246.937 2154.38
123.291 -1.46547 1974.23
130.738 -643.261 2727.92
-19.1892 -187.91 1683.87
58.4113 -101.334 2259.24
122.424 -451.914 2344.45
116.742 224.252 2088.33
-29.0007 78.9781 2224.94
FRAME: 184
27.2656 427.192 2039.79
-366.305 100.262 2334.53
-80.3079 -906.417 2429.63
-381.596 -117.062 2146.85
-104.524 -79.4763 2335.34
-99.0113 -505.794 2308.58
-189.144 270.64 2217.66
-35.7999 247.124 2151.13
117.552 -11.74 1972.42
144.855 -674.254 2752.74
-39.7798 -206.457 1691.67
58.3664 -104.453 2264.6
124.76 -446.211 2372.39
117.544 223.607 2084.59
-29.4394 77.5793 2225.55
FRAME: 185
21.4186 427.684 2032.08
-364.641 103.585 2332.82
-82.2555 -926.382 2433.31
-376.451 -126.202 2133.2
-105.915 -85.8697 2329.57
-92.1583 -522.579 2306.95
-192.366 269.363 2211.87
-37.0701 247.047 2148.41
115.793 -20.0542 1976.19
150.265 -691.889 2751.84
-31.6819 -223.562 1731.35
57.5499 -109.494 2262.35
147.734 -459.754 2386.48
118.226 224.73 2084.94
-30.6262 74.6826 2222.18
FRAME: 186
20.0486 438.495 2031.82
-359.79 102.301 2332.72
-83.4443 -918.396 2434.61
-364.139 -133.479 2125.92
-106.853 -89.1669 2323.84
-96.0906 -523.256 2302.38
-193.837 270.437 2208.65
-37.7527 249.93 2146.71
114.254 -16.6403 1979.94
157.895 -719.764 2772.37
-26.6221 -267.797 1733.53
55.9479 -110.562 2259.16
145.399 -465.804 2377.42
118.332 229.423 2084.77
-31.6026 75.0327 2219.11
FRAME: 187
18.3487 442.778 2028.03
-349.657 97.1104 2345.17
-97.2458 -924.708 2405.72
-340.274 -139.385 2140.09
-124.122 -103.143 2282.35
-108.363 -535.018 2285.14
-182.703 264.596 2207.43
-36.2663 248.292 2136.1
104.941 -23.8244 1970.88
151.593 -671.886 2577.62
-18.8533 -255.599 1805.86
56.9979 -123.925 2189.91
130.473 -478.212 2264.12
110.171 231.988 2064.78
-34.9142 67.3791 2186.11
FRAME: 188
17.8289 448.203 2027.08
-336.952 101.576 2338.34
-95.1914 -927.158 2401.96
-314.512 -146.421 2134.32
-126.174 -100.567 2279.85
-107.924 -529.335 2274.06
-180.337 270.23 2198.11
-33.5682 252.474 2128.29
117.82 -31.0579 1977.89
145.765 -582.382 2280.25
16.5506 -256.562 1811.14
61.1023 -123.498 2188.06
101.867 -480.169 2195.76
113.201 234.718 2058.47
-33.052 70.221 2181.12
FRAME: 189
20.8399 455.463 2026.79
-328.562 104.311 2328
-85.571 -901.968 2399.02
-289.288 -146.968 2108.85
-123.303 -92.9812 2269.07
-111.013 -517.669 2275.67
-178.979 277.018 2187.88
-29.2928 260.698 2129.18
131.245 -20.0024 2010.25
151.055 -613.042 2244.88
23.0849 -251.052 1842.9
59.1915 -112.852 2196.87
102.899 -517.538 2137.22
120.393 244.378 2070.49
-30.6742 78.8908 2181.08
FRAME: 190
23.3234 461.276 2028.75
-319.591 100.739 2319.38
-88.6652 -909.615 2400.84
-261.818 -148.218 2098.25
-122.76 -87.2467 2274.43
-111.581 -518.384 2276.86
-180.78 282.644 2190.48
-27.0609 266.394 2136.58
141.008 -14.9312 2033.55
171.268 -617.989 2342.55
9.19239 -246.597 1875.42
62.584 -106.856 2209.17
78.7382 -519.826 2138.56
126.659 250.145 2082.69
-28.5745 84.6715 2189.19
FRAME: 191
27.2313 464.682 2034.42
-311.427 87.7526 2311.32
-91.2198 -919.322 2399.12
-232.845 -153.095 2078.56
-121.066 -93.7511 2271.71
-116.507 -520.775 2274.21
-179.56 282.871 2189.15
-23.072 268.54 2141.68
152.266 -13.2586 2058.7
184.293 -663.867 2450.3
35.5038 -265.262 1912.69
67.4526 -111.008 2214.39
164.379 -497.069 2289.13
133.416 254.209 2094.21
-24.9393 83.0802 2192.37
FRAME: 192
33.4927 469.947 2040.57
-307.334 81.0208 2296.28
-98.2112 -884.812 2395.3
-207.793 -149.778 2056.08
-118.299 -94.7027 2278.66
-123.308 -509.256 2283.42
-180.43 282.583 2187.28
-20.2114 270.741 2147.14
184.591 0.64675 2101.72
198.957 -730.122 2576.26
53.4194 -269.16 1952.49
76.2525 -109.038 2229.96
174.741 -493.675 2299.65
140.007 258.899 2107
-20.6174 84.4351 2200.73
FRAME: 193
40.0758 471.423 2048.78
-298.577 65.3762 2280.59
-84.4818 -820.577 2393.57
-176.139 -156.369 2037.77
-117.345 -91.3613 2282.28
-132.113 -486.238 2303.71
-178.858 281.493 2183.06
-15.9929 272.053 2150.81
197.33 12.5359 2123.92
201.179 -734.948 2555.72
73.7139 -266.242 1993.94
85.3125 -102.886 2242.45
198.243 -479.646 2325.87
146.872 262.613 2118.57
-16.0045 87.4645 2206.59
FRAME: 194
44.2623 475.654 2053.88
-289.841 54.0779 2277.63
-87.7119 -829.542 2399.16
-152.446 -156.219 2039.34
-109.993 -103.726 2287.96
-113.505 -500.63 2319.6
-177.107 277.085 2184.16
-12.7897 270.493 2153.05
214.549 -1.38867 2156.78
207.931 -772.479 2656.58
81.6146 -282.522 2017.03
97.5019 -111.993 2248.67
199.298 -484.989 2329.01
151.528 263.901 2121.94
-9.51753 81.3169 2210.68
FRAME: 195
58.3107 480.638 2070.1
-278.551 37.5585 2267.5
-85.5169 -846.642 2413.81
-116.894 -158.142 2021.56
-91.784 -117.581 2295.8
-96.0689 -504.535 2320.49
-166.383 269.089 2184.58
0.856924 267.868 2162.41
246.503 6.60277 2197.17
204.337 -786.678 2656.72
136.339 -277.766 2093.73
119.376 -119.176 2267.71
207.613 -492.085 2340.82
168.096 266.647 2140.23
7.32635 74.7448 2222.08
FRAME: 196
69.3072 479.588 2079.43
-265.021 31.614 2263.79
-75.2895 -866.935 2424.59
-97.2879 -159.868 2020.78
-82.2455 -125.468 2303.81
-91.5719 -515.798 2311.01
-153.4 267.902 2188.94
13.0306 266.983 2169.98
260.016 9.95123 2221.47
200.643 -809.687 2665.65
161.412 -280.875 2127.33
131.519 -126.722 2279.47
207.076 -528.135 2373.45
179.462 266.064 2151.02
18.8337 70.4442 2230.81
FRAME: 197
78.4943 479.558 2086.19
-246.316 28.0895 2269.15
-70.4188 -911.189 2432.92
-83.4203 -161.959 2016.97
-71.814 -129.299 2309.59
-89.3626 -536.212 2315.06
-146.025 266.25 2194.63
21.2915 266.278 2178.2
275.383 13.6111 2246.2
197.816 -815.692 2678.71
191.803 -268.278 2159.17
138.278 -129.306 2289.11
210.069 -531.896 2390.1
188.608 266.305 2161.77
27.2616 68.4875 2238.77
FRAME: 198
85.6342 480.272 2092.19
-234.628 37.2605 2278.62
-63.6014 -921.227 2431.61
-75.7047 -156.542 2022
-62.3791 -127.762 2311.81
-85.7935 -551.534 2322.2
-133.962 273.547 2203.56
33.6372 272.285 2189.2
292.147 22.8116 2272.38
190.838 -817.181 2696.12
213.351 -268.153 2177.5
143.051 -129.309 2294.31
209.938 -526.314 2402.16
201.236 271.024 2174.84
36.9866 71.8751 2246.13
FRAME: 199
103.325 484.747 2111.6
-216.068 28.1074 2283.62
-60.9024 -915.709 2433.19
-57.3515 -154.63 2024.62
-44.4466 -121.052 2322.47
-70.7701 -542.359 2314.8
-118.56 274.893 2217.93
49.255 273.9 2206.94
306.484 27.5142 2301
185.481 -817.254 2702.23
245.706 -257.147 2208.63
152.539 -122.199 2309.66
212.349 -507.538 2417.14
217.07 272.906 2195.94
51.6506 76.1369 2261.5
FRAME: 200
116.305 489.453 2122.34
-203.242 24.0698 2289.3
-52.103 -921.255 2440.17
-40.7699 -162.236 2020.12
-25.7351 -114.603 2328.87
-53.33 -542.761 2318.69
-105.156 274.463 2230.72
61.9652 273.761 2219.54
316.942 33.0975 2320.04
179.146 -826.849 2714.8
256.34 -246.022 2238.29
159.754 -115.377 2316.57
214.19 -494.29 2440.83
229.087 273.058 2208.36
64.4873 79.3853 2271.13
FRAME: 201
132.506 494.183 2137.06
-193.576 18.1395 2292.31
-51.258 -921.33 2451.35
-33.6585 -170.647 2025.61
-19.1883 -113.582 2336.49
-31.6872 -543.485 2326.77
-90.9199 270.571 2237.36
76.3065 270.382 2233.21
330.088 34.5073 2344.54
179.147 -827.174 2715.77
279.096 -233.786 2267.27
174.839 -113.655 2331.99
224.046 -493.915 2463.95
243.533 270.194 2229.05
77.0659 78.382 2283.72
FRAME: 202
156.204 494.967 2156.98
-171.133 16.4836 2303.11
-44.8967 -932.353 2457.93
-9.60705 -190.367 2062.02
-7.47459 -117.889 2346.48
-8.14411 -556.122 2338.31
-72.8537 271.325 2249.96
95.4788 271.954 2253.97
339.501 29.5341 2374.72
176.398 -830.909 2734.84
305.781 -217.111 2279.37
196.153 -116.935 2351.24
227.899 -491.859 2495.83
263.811 272.583 2257.99
94.909 77.2708 2301.41
FRAME: 203
175.116 493.476 2176.34
-149.393 14.8007 2303.59
-40.9303 -929.777 2465.57
3.20304 -193.457 2072.13
6.81171 -117.949 2354.45
16.797 -556.491 2361.28
-51.5504 272.697 2254.76
112.572 273.84 2266.25
346.326 37.1351 2408.68
173.958 -841.554 2736.38
340.518 -221.308 2328.56
209.558 -116.443 2368.5
229.394 -500.012 2512.53
276.694 274.983 2277.73
110.378 78.3221 2313.86
FRAME: 204
188.638 493.44 2190.21
-132.519 16.7409 2315.1
-36.3888 -931.17 2470.19
25.6179 -206.761 2088.2
28.2967 -118.186 2369.08
35.9296 -554.111 2369.62
-34.9386 274.552 2264.84
127.551 276.093 2279.19
355.702 37.8176 2426.67
172.116 -850.434 2747.89
355.457 -215.881 2330.49
217.128 -116.302 2386.14
231.749 -508.581 2539.75
290.042 277.634 2293.53
125.132 79.4247 2328.4
FRAME: 205
199.852 491.79 2202.31
-114.925 17.059 2314.99
-31.4103 -928.888 2487.57
46.5458 -214.88 2105.46
31.6695 -112.833 2388.66
45.946 -547.872 2385.13
-20.2036 273.316 2263.79
140.478 275.442 2292.22
362.12 33.5376 2453.23
176.361 -855.87 2740.28
368.454 -212.546 2361.52
216.602 -109.724 2422.42
234.023 -510.998 2542.14
301.16 277.569 2320.65
132.307 82.0821 2348.88
FRAME: 206
208.951 492.791 2208.41
-100.322 15.9255 2321.33
-13.8839 -926.083 2492
62.6572 -210.042 2110.05
40.0809 -109.458 2405.81
54.5733 -542.661 2395.1
-7.36388 274.375 2273.01
152.801 276.05 2303.44
367.251 36.8237 2468.21
176.953 -863.004 2746.7
377.049 -197.796 2378.69
223.248 -106.255 2441.5
242.156 -513.031 2548.35
312.967 277.724 2333.87
142.233 84.0964 2363.55
FRAME: 207
226.295 494.004 2218.52
-77.3184 16.2215 2328.41
1.34939 -927.89 2499.32
107.599 -215.839 2143.66
54.8566 -111.857 2411.55
75.4589 -549.38 2411.3
7.82512 274.712 2282.76
168.498 274.609 2316.37
374.976 37.9432 2480.08
177.185 -868.764 2746.93
417.053 -193.314 2405.7
230.238 -111.239 2448.67
248.805 -519.661 2554.48
329.17 274.506 2349.97
155.523 81.5304 2373.24
FRAME: 208
234.75 494.002 2224.55
-64.2657 16.9721 2336.27
19.4153 -932.828 2504.63
111.516 -194.513 2134.46
66.6364 -115.728 2414.15
84.3918 -551.488 2414.25
15.6427 278.414 2292.04
177.131 278.206 2326.64
382.234 45.5325 2482.58
174.999 -870.515 2749.75
421.767 -193.381 2403.94
239.197 -115.476 2450.66
248.553 -522.988 2565.93
338.62 277.997 2361.25
165.024 81.3018 2379.53
FRAME: 209
246.578 494.055 2231.56
-57.1729 20.8076 2341.57
26.9485 -932.616 2510.53
128.231 -206.889 2150.77
68.9633 -110.689 2420.19
88.9649 -548.758 2414.39
26.7516 281.218 2292.93
184.883 280.193 2330.33
381.007 61.3292 2502.46
177.204 -874.185 2748.58
426.557 -195.566 2416.36
240.533 -111.314 2460.72
256.594 -530.809 2568.96
343.015 279.168 2367.72
169.816 84.596 2385.39
FRAME: 210
253.903 495.708 2234.82
-53.3797 22.5681 2346.23
31.9256 -930.572 2510.72
127.985 -194.001 2129.13
73.8017 -113.47 2422.23
93.2817 -551.654 2414.69
34.5649 282.29 2293.76
191.361 281.355 2333.17
384.08 70.1395 2520.25
178.723 -877.929 2745.93
431.492 -189.89 2418.94
246.271 -114.04 2465.27
258.583 -536.035 2569.78
348.157 280.42 2372.58
175.699 83.8001 2388.46
FRAME: 211
260.568 497.285 2237.54
-51.6999 27.0795 2351.48
41.9198 -937.985 2515.01
122.751 -189.351 2119.16
77.6587 -112.258 2421.02
97.4415 -554.575 2413.56
40.1322 286.527 2295.87
196.631 284.598 2334.9
386.587 69.8362 2513.8
177.049 -879.836 2748.65
444.709 -186.073 2418.55
251.127 -114.125 2463.8
259.615 -531.01 2574.05
353.129 282.668 2373.93
180.512 85.703 2388.66
FRAME: 212
265.623 500.829 2239.13
-52.113 27.2101 2350.88
46.3925 -936.665 2512.67
126.312 -183.773 2120.57
80.3391 -112.993 2420.71
101.533 -555.238 2414.25
44.4403 288.517 2297.19
200.755 285.474 2335.38
387.961 76.4235 2522.21
177.431 -880.977 2746.24
446.832 -191.677 2401.21
253.061 -116.136 2462.45
263.793 -531.625 2569.22
357.069 282.43 2373.56
183.727 85.4546 2388.48
FRAME: 213
268.45 500.1 2239.3
-50.501 29.7505 2353.6
53.6237 -937.382 2512.83
121.246 -180.51 2108.74
82.1842 -109.781 2421.8
103.851 -556.157 2412.12
43.3184 289.171 2300.3
202.069 285.947 2335.88
389.931 77.3544 2517.36
175.632 -878.307 2741.73
443.632 -185.371 2400.36
258.161 -113.284 2460.94
260.985 -525.712 2554.14
360.819 282.723 2371.46
186.121 87.2072 2388.63
FRAME: 214
272.708 498.624 2237.48
-49.5798 31.554 2348.63
54.0938 -939.282 2513.81
118.598 -175.62 2106.74
81.8252 -110.893 2421.31
104.451 -557.605 2411.29
46.3166 291.764 2299.19
203.886 287.868 2333.05
394.159 75.9292 2511.04
179.792 -866.988 2729.32
454.755 -191.978 2383.47
259.399 -115.268 2459.02
272.318 -517.391 2565.86
361.456 283.972 2366.9
187.249 87.3939 2386.61
FRAME: 215
277.485 494.89 2233.56
-50.2613 33.8488 2345.29
53.5828 -938.342 2515.18
111.964 -172.5 2101.96
81.8586 -110.281 2420.71
104.618 -557.715 2408.28
48.336 293.615 2294.76
206.049 289.171 2328.76
397.716 69.4627 2503.25
178.122 -873.455 2736.31
451.416 -192.472 2368.89
259.445 -115.217 2458.52
267.86 -529.794 2555.28
363.762 284.727 2362.76
188.35 88.2108 2384.19
FRAME: 216
280.301 491.096 2228.42
-51.8002 37.8288 2331.39
54.6096 -936.806 2517.4
110.468 -189.817 2104.24
82.9486 -110.565 2411.38
103.998 -557.36 2406.09
50.8747 292.234 2287.43
207.144 288.065 2324.12
400.115 66.991 2498.89
177.246 -879.472 2736.76
451.177 -194.416 2358.47
258.831 -115.182 2452.4
263.102 -537.762 2542.94
363.413 283.896 2360.8
189.017 87.596 2378.01
FRAME: 217
281.972 488.847 2220.29
-51.6791 36.7317 2320.27
53.0623 -936.753 2513.96
101.167 -178.295 2084.08
79.0636 -104.195 2406.43
103.019 -555.559 2395.81
52.0466 295.285 2279.2
207.534 289.971 2314.24
405.073 78.6346 2486.34
177.925 -880.755 2741.05
445.824 -198.574 2343.73
259.215 -110.411 2446.25
264.451 -533.808 2526.79
363.021 284.656 2349.28
188.336 91.3339 2370.29
FRAME: 218
281.469 489.045 2207.51
-57.3407 38.2544 2314.33
50.585 -933.051 2506.4
91.4994 -184.054 2085.6
80.4749 -102.492 2396.64
101.031 -553.516 2387.77
51.537 295.712 2273.18
205.677 290.828 2305.55
407.832 75.9145 2471.5
176.346 -880.527 2743.79
437.443 -200.756 2323.72
260.007 -108.24 2433.56
266.261 -532.255 2522.48
359.817 285.944 2337.92
187.959 92.7309 2360.32
FRAME: 219
279.261 488.018 2191.7
-62.2686 29.5304 2303.89
45.3484 -925.019 2495.05
74.9799 -194.081 2070.86
79.006 -106.338 2389.27
89.4453 -551.658 2365.41
45.4608 288.485 2258.9
203.816 283.624 2288.38
408.285 58.8815 2445.3
175.781 -879.055 2744.42
434.881 -196.446 2299.3
260.257 -111.869 2422.68
259.779 -538.699 2514.62
362.171 278.762 2317.86
186.724 87.26 2347.18
FRAME: 220
277.216 487.132 2179.8
-70.6394 23.9514 2292.79
40.695 -924.315 2478.3
58.5874 -192.751 2040.41
71.8133 -110.593 2371.64
83.6942 -548.835 2350.52
36.731 286.437 2246.9
198.025 281.02 2273.38
405.157 60.4406 2424.37
174.283 -876.301 2747.73
430.784 -203.19 2280.15
258.698 -116.724 2402.33
255.251 -540.493 2511.23
359.318 275.603 2299.85
181.64 83.6807 2330.18
FRAME: 221
271.862 484.654 2163.04
-85.4636 36.6029 2277.71
39.9984 -924.635 2469.67
52.8906 -196.219 2043.88
60.2854 -110.352 2342.78
78.0385 -550.139 2334.38
28.6361 289.305 2231.61
189.319 281.169 2253.66
398.119 59.3485 2401.54
171.424 -872.599 2742.48
425.012 -205.104 2246.58
248.526 -119.649 2368.89
256.059 -536.439 2495.74
350.001 273.034 2275.72
171.862 83.0845 2304.75
FRAME: 222
265.138 482.318 2148.97
-88.7957 35.8257 2271.23
41.4528 -929.355 2464.48
43.3598 -193.522 2029.36
53.4074 -111.916 2322.98
75.3958 -556.52 2321.54
19.2491 290.647 2221.6
178.327 283.691 2241.19
391.604 59.2382 2390.26
174.903 -861.06 2732.78
418.968 -210.247 2227.73
244.722 -120.233 2346.48
261.869 -536.749 2470.28
337.404 276.735 2260.78
163.696 83.8081 2287.96
FRAME: 223
258.822 480.299 2137.69
-96.471 32.2845 2256.36
38.2591 -926.284 2458.35
39.6275 -196.947 2024.91
50.1273 -109.746 2306.51
69.7661 -552.292 2309.21
12.2169 284.682 2205.96
171.05 278.511 2227.21
385.263 55.1141 2375.57
182.035 -854.189 2718.55
407.192 -210.37 2212.93
236.497 -116.956 2331.25
265.661 -528.771 2451.36
329.883 272.34 2248.45
157.181 82.5801 2273.04
FRAME: 224
249.964 476.208 2120.95
-107.483 26.8582 2241.07
36.627 -924.874 2445.95
19.2308 -208.047 2003.24
43.8909 -112.406 2295.33
60.4578 -556.934 2298.35
2.87836 280.183 2194.35
162.111 273.579 2208.6
378.832 55.8484 2353.91
192.186 -850.552 2700.94
397.622 -204.475 2185.03
229.842 -120.089 2311.78
282.514 -522.675 2430.7
321.343 266.975 2222.85
149.488 78.666 2256.07
FRAME: 225
241.849 472.783 2108.26
-109.385 22.5431 2217.42
34.6335 -920.13 2442.79
23.494 -207.701 1987.45
38.003 -123.181 2277.08
57.4114 -562.998 2287.04
-2.16177 274.07 2174.38
155.541 270.576 2192.54
368.855 55.689 2336.7
208.961 -850.463 2669.97
392.184 -205.431 2175.44
232.57 -127.38 2299.41
295.972 -530.919 2406.11
313.243 267.082 2210.71
145.414 72.6478 2240.4
FRAME: 226
233.008 464.438 2091.2
-116.771 19.0432 2209.61
30.3389 -914.169 2422.6
20.8705 -216.526 1989.78
25.5181 -118.324 2272.96
46.2559 -550.892 2270.26
-10.5355 269.6 2164.72
147.342 265.246 2178.87
362.115 52.0766 2318.92
224.72 -843.051 2648.47
390.449 -216.239 2159.1
232.601 -124.322 2290.85
304.458 -548.302 2359.9
305.219 260.891 2193.03
138.201 71.9614 2230.39
FRAME: 227
228.447 462.335 2075.64
-120.209 12.664 2204.32
34.4217 -921.144 2414.08
23.0109 -217.188 1986.68
24.3367 -121.299 2266.3
39.9053 -554.865 2255.1
-14.2516 264.763 2159.52
144.377 260.333 2171.35
357.289 46.5692 2303.05
235.27 -847.31 2636.37
380.253 -211.009 2138.73
228.134 -126.895 2281.41
306.053 -549.985 2333.97
303.006 255.903 2183.18
135.306 68.1181 2222.6
FRAME: 228
224.571 457.122 2065.03
-123.4 9.618 2195.81
33.122 -924.768 2409.83
21.5899 -220.676 1973.66
20.5391 -122.109 2247.49
36.1314 -557.236 2251.38
-17.0802 264.828 2148.72
139.685 259.908 2160.09
353.045 51.5279 2291.11
252 -855.408 2597.6
375.139 -212.154 2128.6
220.759 -128.392 2262
313.147 -533.194 2335.05
296.451 254.987 2171.46
130.167 67.3287 2207.42
FRAME: 229
222.652 457.499 2056.06
-126.474 -0.57692 2182.74
31.241 -924.124 2415.69
25.4445 -231.459 1963.77
27.0995 -125.98 2243.22
39.8301 -558.323 2254.62
-18.4361 255.332 2133.86
138.368 255.066 2151.23
351.142 47.7985 2286.87
277.384 -858.542 2531.99
364.802 -207.818 2124.68
225.298 -126.364 2265.16
319.536 -530.19 2319.44
295.172 254.8 2168.6
132.283 64.4468 2202.71
FRAME: 230
221.391 455.537 2041.52
-127.834 -5.10855 2175.13
25.3645 -938.52 2410.46
36.4013 -234.138 1954.7
27.6593 -134.527 2231.64
39.6842 -570.221 2255.75
-18.1359 250.611 2116.62
139.616 251.343 2137.56
351.79 35.746 2274.04
351.702 -892.954 2465.56
393.15 -213.284 2120.8
227.183 -133.673 2257.98
338.708 -531.72 2303
297.367 252.075 2158.49
133.518 58.6213 2191.18
FRAME: 231
223.264 452.885 2027.37
-129.764 -4.01828 2164.47
21.6121 -952.54 2408.34
45.0905 -237.575 1946.26
34.0059 -135.128 2213.14
36.7564 -574.963 2254.1
-16.0035 248.483 2104.6
143.56 249.843 2124.68
355.734 24.4652 2258.86
374.567 -909.892 2444.9
400.247 -217.275 2112.69
234.839 -133.39 2238.38
348.681 -535.504 2286.63
303.123 251.204 2144.77
138.991 57.7923 2175.22
FRAME: 232
227.852 449.625 2018.72
-131.154 -2.57235 2165
21.0228 -963.199 2393.13
39.7315 -226.678 1942.19
34.6327 -123.532 2191.23
38.0355 -572.36 2251.34
-20.0613 252.623 2102.25
143.673 252.365 2116.05
352.695 30.9715 2248.96
383.192 -920.71 2430.34
409.935 -222.993 2116.14
237.468 -123.848 2208.35
358.729 -530.6 2268.79
307.407 252.107 2129.86
139.861 64.3376 2157.92

