FRAME: 0
0 0 0
0 0 0
0 0 0
0 0 0
0 0 0
0 0 0
0 0 0
0 0 0
0 0 0
0 0 0
0 0 0
0 0 0
0 0 0
0 0 0
0 0 0
FRAME: 1
0 0 0
0 0 0
0 0 0
0 0 0
0 0 0
0 0 0
0 0 0
0 0 0
0 0 0
0 0 0
0 0 0
0 0 0
0 0 0
0 0 0
0 0 0
FRAME: 2
0 0 0
0 0 0
0 0 0
0 0 0
0 0 0
0 0 0
0 0 0
0 0 0
0 0 0
0 0 0
0 0 0
0 0 0
0 0 0
0 0 0
0 0 0
FRAME: 3
0 0 0
0 0 0
0 0 0
0 0 0
0 0 0
0 0 0
0 0 0
0 0 0
0 0 0
0 0 0
0 0 0
0 0 0
0 0 0
0 0 0
0 0 0
FRAME: 4
0 0 0
0 0 0
0 0 0
0 0 0
0 0 0
0 0 0
0 0 0
0 0 0
0 0 0
0 0 0
0 0 0
0 0 0
0 0 0
0 0 0
0 0 0
FRAME: 5
0 0 0
0 0 0
0 0 0
0 0 0
0 0 0
0 0 0
0 0 0
0 0 0
0 0 0
0 0 0
0 0 0
0 0 0
0 0 0
0 0 0
0 0 0
FRAME: 6
0 0 0
0 0 0
0 0 0
0 0 0
0 0 0
0 0 0
0 0 0
0 0 0
0 0 0
0 0 0
0 0 0
0 0 0
0 0 0
0 0 0
0 0 0
FRAME: 7
0 0 0
0 0 0
0 0 0
0 0 0
0 0 0
0 0 0
0 0 0
0 0 0
0 0 0
0 0 0
0 0 0
0 0 0
0 0 0
0 0 0
0 0 0
FRAME: 8
0 0 0
0 0 0
0 0 0
0 0 0
0 0 0
0 0 0
0 0 0
0 0 0
0 0 0
0 0 0
0 0 0
0 0 0
0 0 0
0 0 0
0 0 0
FRAME: 9
0 0 0
0 0 0
0 0 0
0 0 0
0 0 0
0 0 0
0 0 0
0 0 0
0 0 0
0 0 0
0 0 0
0 0 0
0 0 0
0 0 0
0 0 0
FRAME: 10
0 0 0
0 0 0
0 0 0
0 0 0
0 0 0
0 0 0
0 0 0
0 0 0
0 0 0
0 0 0
0 0 0
0 0 0
0 0 0
0 0 0
0 0 0
FRAME: 11
0 0 0
0 0 0
0 0 0
0 0 0
0 0 0
0 0 0
0 0 0
0 0 0
0 0 0
0 0 0
0 0 0
0 0 0
0 0 0
0 0 0
0 0 0
FRAME: 12
0 0 0
0 0 0
0 0 0
0 0 0
0 0 0
0 0 0
0 0 0
0 0 0
0 0 0
0 0 0
0 0 0
0 0 0
0 0 0
0 0 0
0 0 0
FRAME: 13
0 0 0
0 0 0
0 0 0
0 0 0
0 0 0
0 0 0
0 0 0
0 0 0
0 0 0
0 0 0
0 0 0
0 0 0
0 0 0
0 0 0
0 0 0
FRAME: 14
0 0 0
0 0 0
0 0 0
0 0 0
0 0 0
0 0 0
0 0 0
0 0 0
0 0 0
0 0 0
0 0 0
0 0 0
0 0 0
0 0 0
0 0 0
FRAME: 15
0 0 0
0 0 0
0 0 0
0 0 0
0 0 0
0 0 0
0 0 0
0 0 0
0 0 0
0 0 0
0 0 0
0 0 0
0 0 0
0 0 0
0 0 0
FRAME: 16
0 0 0
0 0 0
0 0 0
0 0 0
0 0 0
0 0 0
0 0 0
0 0 0
0 0 0
0 0 0
0 0 0
0 0 0
0 0 0
0 0 0
0 0 0
FRAME: 17
0 0 0
0 0 0
0 0 0
0 0 0
0 0 0
0 0 0
0 0 0
0 0 0
0 0 0
0 0 0
0 0 0
0 0 0
0 0 0
0 0 0
0 0 0
FRAME: 18
0 0 0
0 0 0
0 0 0
0 0 0
0 0 0
0 0 0
0 0 0
0 0 0
0 0 0
0 0 0
0 0 0
0 0 0
0 0 0
0 0 0
0 0 0
FRAME: 19
0 0 0
0 0 0
0 0 0
0 0 0
0 0 0
0 0 0
0 0 0
0 0 0
0 0 0
0 0 0
0 0 0
0 0 0
0 0 0
0 0 0
0 0 0
FRAME: 20
0 0 0
0 0 0
0 0 0
0 0 0
0 0 0
0 0 0
0 0 0
0 0 0
0 0 0
0 0 0
0 0 0
0 0 0
0 0 0
0 0 0
0 0 0
FRAME: 21
0 0 0
0 0 0
0 0 0
0 0 0
0 0 0
0 0 0
0 0 0
0 0 0
0 0 0
0 0 0
0 0 0
0 0 0
0 0 0
0 0 0
0 0 0
FRAME: 22
0 0 0
0 0 0
0 0 0
0 0 0
0 0 0
0 0 0
0 0 0
0 0 0
0 0 0
0 0 0
0 0 0
0 0 0
0 0 0
0 0 0
0 0 0
FRAME: 23
0 0 0
0 0 0
0 0 0
0 0 0
0 0 0
0 0 0
0 0 0
0 0 0
0 0 0
0 0 0
0 0 0
0 0 0
0 0 0
0 0 0
0 0 0
FRAME: 24
0 0 0
0 0 0
0 0 0
0 0 0
0 0 0
0 0 0
0 0 0
0 0 0
0 0 0
0 0 0
0 0 0
0 0 0
0 0 0
0 0 0
0 0 0
FRAME: 25
0 0 0
0 0 0
0 0 0
0 0 0
0 0 0
0 0 0
0 0 0
0 0 0
0 0 0
0 0 0
0 0 0
0 0 0
0 0 0
0 0 0
0 0 0
FRAME: 26
0 0 0
0 0 0
0 0 0
0 0 0
0 0 0
0 0 0
0 0 0
0 0 0
0 0 0
0 0 0
0 0 0
0 0 0
0 0 0
0 0 0
0 0 0
FRAME: 27
0 0 0
0 0 0
0 0 0
0 0 0
0 0 0
0 0 0
0 0 0
0 0 0
0 0 0
0 0 0
0 0 0
0 0 0
0 0 0
0 0 0
0 0 0
FRAME: 28
0 0 0
0 0 0
0 0 0
0 0 0
0 0 0
0 0 0
0 0 0
0 0 0
0 0 0
0 0 0
0 0 0
0 0 0
0 0 0
0 0 0
0 0 0
FRAME: 29
0 0 0
0 0 0
0 0 0
0 0 0
0 0 0
0 0 0
0 0 0
0 0 0
0 0 0
0 0 0
0 0 0
0 0 0
0 0 0
0 0 0
0 0 0
FRAME: 30
0 0 0
0 0 0
0 0 0
0 0 0
0 0 0
0 0 0
0 0 0
0 0 0
0 0 0
0 0 0
0 0 0
0 0 0
0 0 0
0 0 0
0 0 0
FRAME: 31
0 0 0
0 0 0
0 0 0
0 0 0
0 0 0
0 0 0
0 0 0
0 0 0
0 0 0
0 0 0
0 0 0
0 0 0
0 0 0
0 0 0
0 0 0
FRAME: 32
0 0 0
0 0 0
0 0 0
0 0 0
0 0 0
0 0 0
0 0 0
0 0 0
0 0 0
0 0 0
0 0 0
0 0 0
0 0 0
0 0 0
0 0 0
FRAME: 33
0 0 0
0 0 0
0 0 0
0 0 0
0 0 0
0 0 0
0 0 0
0 0 0
0 0 0
0 0 0
0 0 0
0 0 0
0 0 0
0 0 0
0 0 0
FRAME: 34
0 0 0
0 0 0
0 0 0
0 0 0
0 0 0
0 0 0
0 0 0
0 0 0
0 0 0
0 0 0
0 0 0
0 0 0
0 0 0
0 0 0
0 0 0
FRAME: 35
0 0 0
0 0 0
0 0 0
0 0 0
0 0 0
0 0 0
0 0 0
0 0 0
0 0 0
0 0 0
0 0 0
0 0 0
0 0 0
0 0 0
0 0 0
FRAME: 36
0 0 0
0 0 0
0 0 0
0 0 0
0 0 0
0 0 0
0 0 0
0 0 0
0 0 0
0 0 0
0 0 0
0 0 0
0 0 0
0 0 0
0 0 0
FRAME: 37
0 0 0
0 0 0
0 0 0
0 0 0
0 0 0
0 0 0
0 0 0
0 0 0
0 0 0
0 0 0
0 0 0
0 0 0
0 0 0
0 0 0
0 0 0
FRAME: 38
0 0 0
0 0 0
0 0 0
0 0 0
0 0 0
0 0 0
0 0 0
0 0 0
0 0 0
0 0 0
0 0 0
0 0 0
0 0 0
0 0 0
0 0 0
FRAME: 39
0 0 0
0 0 0
0 0 0
0 0 0
0 0 0
0 0 0
0 0 0
0 0 0
0 0 0
0 0 0
0 0 0
0 0 0
0 0 0
0 0 0
0 0 0
FRAME: 40
0 0 0
0 0 0
0 0 0
0 0 0
0 0 0
0 0 0
0 0 0
0 0 0
0 0 0
0 0 0
0 0 0
0 0 0
0 0 0
0 0 0
0 0 0
FRAME: 41
0 0 0
0 0 0
0 0 0
0 0 0
0 0 0
0 0 0
0 0 0
0 0 0
0 0 0
0 0 0
0 0 0
0 0 0
0 0 0
0 0 0
0 0 0
FRAME: 42
0 0 0
0 0 0
0 0 0
0 0 0
0 0 0
0 0 0
0 0 0
0 0 0
0 0 0
0 0 0
0 0 0
0 0 0
0 0 0
0 0 0
0 0 0
FRAME: 43
0 0 0
0 0 0
0 0 0
0 0 0
0 0 0
0 0 0
0 0 0
0 0 0
0 0 0
0 0 0
0 0 0
0 0 0
0 0 0
0 0 0
0 0 0
FRAME: 44
0 0 0
0 0 0
0 0 0
0 0 0
0 0 0
0 0 0
0 0 0
0 0 0
0 0 0
0 0 0
0 0 0
0 0 0
0 0 0
0 0 0
0 0 0
FRAME: 45
0 0 0
0 0 0
0 0 0
0 0 0
0 0 0
0 0 0
0 0 0
0 0 0
0 0 0
0 0 0
0 0 0
0 0 0
0 0 0
0 0 0
0 0 0
FRAME: 46
0 0 0
0 0 0
0 0 0
0 0 0
0 0 0
0 0 0
0 0 0
0 0 0
0 0 0
0 0 0
0 0 0
0 0 0
0 0 0
0 0 0
0 0 0
FRAME: 47
0 0 0
0 0 0
0 0 0
0 0 0
0 0 0
0 0 0
0 0 0
0 0 0
0 0 0
0 0 0
0 0 0
0 0 0
0 0 0
0 0 0
0 0 0
FRAME: 48
0 0 0
0 0 0
0 0 0
0 0 0
0 0 0
0 0 0
0 0 0
0 0 0
0 0 0
0 0 0
0 0 0
0 0 0
0 0 0
0 0 0
0 0 0
FRAME: 49
0 0 0
0 0 0
0 0 0
0 0 0
0 0 0
0 0 0
0 0 0
0 0 0
0 0 0
0 0 0
0 0 0
0 0 0
0 0 0
0 0 0
0 0 0
FRAME: 50
0 0 0
0 0 0
0 0 0
0 0 0
0 0 0
0 0 0
0 0 0
0 0 0
0 0 0
0 0 0
0 0 0
0 0 0
0 0 0
0 0 0
0 0 0
FRAME: 51
0 0 0
0 0 0
0 0 0
0 0 0
0 0 0
0 0 0
0 0 0
0 0 0
0 0 0
0 0 0
0 0 0
0 0 0
0 0 0
0 0 0
0 0 0
FRAME: 52
0 0 0
0 0 0
0 0 0
0 0 0
0 0 0
0 0 0
0 0 0
0 0 0
0 0 0
0 0 0
0 0 0
0 0 0
0 0 0
0 0 0
0 0 0
FRAME: 53
0 0 0
0 0 0
0 0 0
0 0 0
0 0 0
0 0 0
0 0 0
0 0 0
0 0 0
0 0 0
0 0 0
0 0 0
0 0 0
0 0 0
0 0 0
FRAME: 54
0 0 0
0 0 0
0 0 0
0 0 0
0 0 0
0 0 0
0 0 0
0 0 0
0 0 0
0 0 0
0 0 0
0 0 0
0 0 0
0 0 0
0 0 0
FRAME: 55
0 0 0
0 0 0
0 0 0
0 0 0
0 0 0
0 0 0
0 0 0
0 0 0
0 0 0
0 0 0
0 0 0
0 0 0
0 0 0
0 0 0
0 0 0
FRAME: 56
0 0 0
0 0 0
0 0 0
0 0 0
0 0 0
0 0 0
0 0 0
0 0 0
0 0 0
0 0 0
0 0 0
0 0 0
0 0 0
0 0 0
0 0 0
FRAME: 57
0 0 0
0 0 0
0 0 0
0 0 0
0 0 0
0 0 0
0 0 0
0 0 0
0 0 0
0 0 0
0 0 0
0 0 0
0 0 0
0 0 0
0 0 0
FRAME: 58
0 0 0
0 0 0
0 0 0
0 0 0
0 0 0
0 0 0
0 0 0
0 0 0
0 0 0
0 0 0
0 0 0
0 0 0
0 0 0
0 0 0
0 0 0
FRAME: 59
-204.377 557.573 2672.41
-324.341 126.231 2863.19
-46.0411 -806.469 3197.71
-255.81 331.902 2743.8
-125.085 -80.9663 2917.42
-195.525 -498.192 3003.67
-218.565 357.356 2845.88
-140.76 364.215 2788.09
38.8488 107.608 2805.09
19.7159 -880.796 2631.03
94.2504 -172.856 2783.11
31.1751 -66.6545 2796.54
-31.4959 -466.933 2674.1
-62.9561 371.073 2730.3
-93.8577 145.202 2822.54
FRAME: 60
-202.901 531.162 2642.74
-324.47 96.3628 2812.62
-48.2707 -808.804 3174.1
-246.582 292.643 2707.99
-115.875 -84.5935 2892.95
-189.572 -498.546 2976.15
-222.866 333.073 2802.97
-139.798 335.517 2737.91
47.8451 104.06 2769.52
23.3476 -897.957 2625.04
123.783 -188.096 2745.36
29.5372 -78.6333 2774.78
-30.0383 -476.805 2657.49
-56.7297 337.96 2672.85
-91.4833 126.952 2785.89
FRAME: 61
-195.292 503.83 2608.64
-296.2 71.8392 2735.61
-35.9175 -821.377 3147.27
-226.451 295.723 2665.18
-101.475 -101.427 2876.8
-169.821 -506.468 2964.35
-224.217 314.776 2774.5
-138.809 317.109 2700.19
46.1563 105.825 2751.17
-13.8429 -871.995 2672.52
154.606 -180.492 2742.97
38.9533 -95.2293 2755.14
-56.6599 -493.992 2672.44
-53.4012 319.442 2625.89
-85.0349 109.39 2758.08
FRAME: 62
-176.257 461.073 2558.64
-219.039 44.832 2708.12
-26.3013 -815.474 3143.01
-213.004 81.1414 2573.53
-80.9331 -149.2 2849.12
-164.606 -540.299 2945.03
-207.913 274.416 2741.68
-121.703 277.144 2657.84
35.1324 86.0502 2700.51
-30.506 -894.047 2660.39
148.444 -171.834 2729.37
72.2667 -140.568 2709.3
-83.2623 -536.121 2626.18
-35.4924 279.873 2574.01
-63.0179 66.1301 2718.53
FRAME: 63
-162.286 446.002 2529.25
-189.277 31.4591 2733.15
-26.9294 -845.222 3114.66
-267.196 -82.0251 2598.7
-77.7789 -168.682 2819.84
-161.946 -559.85 2924.22
-174.505 260.021 2725.79
-103.75 254.301 2633.55
-20.2784 19.5601 2571.79
-28.3467 -892.678 2653.18
-109.227 -155.787 2636.37
46.3195 -175.383 2673.13
-85.9645 -549.826 2597.69
-32.996 248.58 2541.32
-59.7401 41.134 2690.02
FRAME: 64
-154.126 434.594 2504.74
-175.317 13.5347 2733.38
-35.86 -817.827 3127.16
-311.963 -148.541 2633.5
-78.1327 -172.377 2805.27
-164.638 -559.165 2898.57
-138.433 240.363 2684.64
-80.1187 223.009 2596.75
-22.6024 -23.7706 2531.57
-22.5738 -916.13 2619.45
-228.676 -227.127 2535.62
46.8366 -202.11 2635.06
-63.5803 -581.365 2532.79
-21.8045 205.655 2508.87
-47.8834 17.8826 2658.46
FRAME: 65
-142.882 426.156 2479.78
-159.485 -1.21754 2742.84
-37.7818 -825.132 3127.47
-317.608 -182.038 2598.45
-75.0624 -182.808 2742.31
-154.946 -562.392 2903.59
-141.516 217.331 2672.06
-67.5219 202.452 2573.06
-24.3337 -53.42 2425
-19.251 -917.624 2599.99
-199.895 -243.824 2534.24
51.1931 -201.603 2598.28
-62.8289 -592.984 2492.45
6.4722 187.574 2474.06
-39.7283 5.12353 2621.67
FRAME: 66
-130.14 415.866 2449.83
-160.717 -18.0248 2772.49
-38.5921 -822.079 3094.13
-286.058 -203.786 2569.87
-77.48 -194.363 2718.26
-149.692 -559.792 2888.85
-157.958 208.749 2676.32
-70.4144 199.033 2568.84
25.2162 -35.7973 2415.56
4.3736 -898.383 2542.64
-140.904 -224.898 2437.96
54.2677 -203.122 2582.49
-60.794 -579.416 2472.79
17.1288 189.317 2461.37
-41.0102 0.145359 2609.61
FRAME: 67
-118.442 408.563 2420.31
-168.68 -25.3027 2777.26
-36.9158 -824.661 3033.48
-271.64 -229.09 2567.55
-87.7478 -193.715 2709.24
-152.447 -559.755 2856.02
-170.947 197.933 2680.52
-69.628 189.295 2565.65
60.3094 -46.0597 2399.26
11.8685 -897.12 2538.84
-53.7406 -267.06 2333.09
52.7871 -201.642 2566.96
-52.7157 -576.45 2457.51
31.6909 180.657 2450.77
-43.5542 -4.19206 2601.87
FRAME: 68
-104.059 411.69 2381.57
-182.712 -24.9437 2755.32
-29.9253 -829.326 2971.04
-255.889 -229.191 2567.69
-82.6271 -187.642 2683.9
-124.244 -561.358 2787.3
-181.761 198.432 2659.75
-63.3512 189.193 2537.88
166.145 -19.6669 2345.36
17.3502 -901.175 2533.16
120.748 -252.794 2204.96
65.1395 -194.799 2533.15
-30.8764 -549.472 2404.63
55.0582 179.953 2416.01
-36.0475 -1.01375 2573.2
FRAME: 69
-92.2758 416.864 2339.53
-197.612 -23.0007 2709.78
-40.01 -802.846 2899.3
-248.253 -222.885 2546.45
-76.9282 -167.669 2668.72
-117.245 -546.575 2765.63
-194.27 196.382 2630.42
-58.4303 192.041 2516.91
214.529 -7.46307 2328.2
24.6941 -897.089 2529.99
232.792 -243.927 2158.38
88.5108 -172.125 2527.12
-27.0316 -539.307 2393.66
77.4091 187.701 2403.41
-26.3195 11.0724 2557.42
FRAME: 70
-83.8254 421.365 2314.68
-206.236 -17.3301 2676.26
-30.356 -815.296 2947.18
-226.52 -156.197 2452.68
-75.7864 -151.564 2663.46
-114.984 -499.832 2749.93
-201.065 203.473 2601.65
-52.035 196.166 2496.94
267.384 6.80358 2308.71
23.7097 -898.371 2516.61
319.202 -220.237 2123.81
97.889 -160.146 2540.78
-12.7465 -525.187 2379.71
96.9951 188.86 2392.23
-20.4918 20.1559 2549.53
FRAME: 71
-71.2346 428.565 2286.24
-214.038 -12.4315 2641.77
-28.1193 -814.383 2924.88
-216.238 -145.287 2386.52
-75.5603 -147.127 2652.84
-117.663 -496.022 2740.07
-205.898 210.798 2573.2
-48.924 200.542 2473.64
289.564 12.8129 2298.5
22.9171 -897.325 2518.78
396.958 -194.902 2090.26
98.8307 -158.349 2542.09
-20.8145 -554.962 2454.23
108.05 190.285 2374.09
-18.6444 23.9018 2535.55
FRAME: 72
-53.5216 437.226 2250.13
-221.079 -5.09344 2591.69
-41.5274 -815.431 2966.78
-192.348 -153.33 2283.56
-78.2826 -156.446 2605.2
-117.593 -510.442 2736.05
-210.479 209.956 2515.08
-50.2978 208.392 2438.12
325.158 71.7704 2266.26
32.0565 -881.938 2505.13
512.745 -82.2256 2103.3
98.6659 -159.313 2520.01
-12.7132 -540.391 2441.96
109.884 206.829 2361.16
-20.0531 25.2566 2500.36
FRAME: 73
-43.9562 443.331 2224.7
-238.195 -1.32848 2531.87
-42.3846 -826.829 2955.24
-180.215 -150.73 2198.24
-84.8256 -162.09 2570.31
-115.098 -521.387 2730.85
-208.396 217.472 2483.53
-43.5737 215.675 2416.24
312.832 98.092 2298.93
35.8865 -877.577 2494.31
500.704 -38.2019 2160.39
98.3284 -163.268 2498.05
-11.3578 -538.426 2427.77
121.249 213.878 2348.94
-18.4112 26.4979 2475.21
FRAME: 74
-36.2008 447.795 2207.73
-237.803 8.25691 2520.04
-37.9291 -836.852 2955.31
-175.068 -157.084 2179.79
-80.4139 -157.347 2567.56
-103.993 -521.127 2716.19
-206.588 230.822 2471.53
-38.8811 223.183 2397.47
326.978 101.635 2282.41
25.6397 -926.402 2505.93
554.871 -13.2426 2175.1
91.6859 -165.544 2491.97
-31.7933 -563.904 2406.74
128.826 215.544 2323.42
-16.6225 30.8688 2463.62
FRAME: 75
-27.2118 451.02 2190.93
-237.241 -1.88251 2501.22
-41.0973 -841.786 2949.43
-166.526 -158.279 2167.52
-87.0983 -159.898 2532.99
-108.041 -522.911 2715.29
-207.601 232.092 2453.87
-36.1848 228.381 2382.33
338.307 111.745 2279.58
17.7803 -894.725 2484.47
557.948 -2.27397 2181.08
92.264 -161.549 2461.97
-29.188 -554.64 2413.63
135.232 224.669 2310.79
-16.801 33.8287 2439.9
FRAME: 76
-19.1762 454.906 2174.76
-238.029 11.1571 2498.87
-33.3241 -836.652 2918.54
-167.236 -144.938 2167.01
-88.9628 -152.494 2530.16
-110.073 -503.552 2703.35
-204.755 245.524 2445.23
-33.7633 233.493 2369.93
344.981 108.764 2268.63
26.5845 -885.68 2522.93
577.26 11.1611 2186.54
77.5705 -164.53 2456.17
-32.561 -551.368 2424.1
137.229 221.463 2294.63
-19.7297 37.4904 2431.55
FRAME: 77
-12.9367 457.549 2164.68
-240.253 17.3891 2495.42
-16.4017 -866.893 2788.89
-167.994 -141.665 2160.88
-92.9238 -144.812 2518.82
-82.7935 -497.471 2664.36
-203.347 249.49 2432.14
-30.6449 236.456 2360.42
352.316 114.273 2266.69
26.9036 -887.567 2521.83
592.722 21.6918 2189.66
77.343 -157.936 2448.12
-30.0602 -544.517 2417.55
142.058 223.422 2288.7
-19.2176 42.5411 2421.95
FRAME: 78
-9.96107 459.453 2161.05
-243.543 23.4273 2482.69
-10.8942 -872.328 2759.49
-164.797 -153.519 2118.76
-92.4837 -140.187 2506.13
-93.2427 -530.17 2633.37
-202.938 253.307 2416.38
-27.2075 240.698 2350.17
361.356 118.365 2270.53
21.7338 -880.261 2518.45
617.681 38.2227 2207.1
77.639 -152.786 2442.3
-32.7229 -542.331 2408.13
148.523 228.089 2283.95
-17.3149 47.1057 2412.19
FRAME: 79
-7.94165 461.857 2157.06
-243.803 22.5191 2458.56
-9.88384 -874.122 2731.39
-165.935 -158.665 2123.28
-89.7662 -142.065 2492.93
-75.9668 -534.324 2606.57
-200.814 254.771 2409.25
-25.7064 243.185 2344.6
367.152 121.263 2265.64
16.9942 -887.025 2513.85
645.398 57.1129 2209.31
76.1595 -153.353 2431.77
-37.4046 -548.129 2383.8
149.402 231.598 2279.94
-16.2549 47.7378 2403.47
FRAME: 80
-5.09233 462.946 2152.82
-242.622 20.0656 2454.28
-0.357658 -884.841 2671.02
-171.67 -157.505 2141.27
-87.7157 -143.258 2477.17
-67.7834 -529.062 2581.89
-199.038 257.455 2406.5
-25.74 245.467 2338.75
366.768 122.593 2262.26
10.5332 -909.55 2505.43
649.468 60.3988 2202.97
69.8089 -154.374 2415.5
-39.9479 -552.816 2390.7
147.558 233.479 2271
-17.3467 48.3255 2392.54
FRAME: 81
-4.32164 463.359 2150.94
-242.597 18.5179 2445.51
-0.498956 -874.252 2741.19
-173.978 -153.806 2148.21
-90.3274 -136.886 2472
-72.4952 -520.627 2583.93
-199.541 259.687 2400.89
-26.0349 246.237 2334.44
368.638 119.175 2262.98
10.4194 -914.279 2500.37
648.947 55.3973 2199.88
62.9261 -148.874 2413.25
-43.4618 -555.077 2390.32
147.471 232.787 2267.99
-19.8678 51.6787 2388.54
FRAME: 82
-2.97797 463.951 2148.47
-244.643 15.4934 2435.24
0.00954545 -877.685 2740.24
-176.359 -163.63 2144.23
-93.6079 -140.031 2473.4
-90.3289 -520.892 2596.23
-200.739 260.318 2399.46
-25.977 244.85 2332.33
378.013 113.017 2247.07
12.2374 -911.884 2498.78
651.888 44.411 2194.25
59.5418 -153.625 2414.57
-44.185 -556.033 2389.51
148.785 229.381 2265.21
-21.505 49.011 2388.16
FRAME: 83
-2.74283 463.286 2147.58
-246.146 18.0358 2440.06
-4.04543 -874.156 2737.49
-184.984 -159.556 2153.8
-96.1375 -141.187 2472.33
-105.922 -501.738 2629.52
-201.851 261.734 2398.43
-26.6022 244.061 2331.04
376.426 109.764 2247.29
11.9009 -908.78 2494.85
649.419 34.7295 2193.75
52.0871 -156.167 2415.33
-46.0061 -550.686 2387.76
148.646 226.388 2263.66
-24.3137 47.6921 2387.44
FRAME: 84
-3.90623 463.393 2152.49
-247.562 18.8503 2444.35
-6.37832 -872.29 2737.54
-188.387 -170.32 2166.28
-96.4971 -141.146 2472.63
-118.556 -502.603 2659.02
-201.015 261.793 2398.34
-27.4194 243.815 2330.65
372.181 105.178 2247.17
10.8229 -908.719 2491.25
644.502 22.6975 2187.21
50.6911 -156.441 2415.19
-48.2229 -549.418 2387.88
146.176 225.838 2262.97
-25.1612 47.5111 2387.28
FRAME: 85
-5.91528 462.482 2155.46
-247.303 24.6213 2458.43
-8.60575 -868.9 2718.96
-205.424 -181.898 2202.71
-105.862 -137.35 2486.95
-123.806 -502.43 2662.34
-199.105 265.547 2404.45
-29.0047 242.389 2333.05
363.478 94.3838 2245.01
9.10722 -908.785 2494.01
622.147 -3.34102 2174.63
46.5178 -158.427 2422.83
-53.1265 -548.807 2393.22
141.095 219.232 2261.65
-29.3384 47.2504 2393.97
FRAME: 86
-16.4014 457.237 2170.68
-248.742 30.9958 2484.61
-11.7129 -867.728 2756.44
-220.962 -183.241 2249.85
-110.366 -137.374 2504.36
-124.003 -505.185 2642.7
-200.301 265.87 2422.41
-33.6095 240.142 2343.85
348.438 77.7533 2253.22
8.24242 -910.642 2498.77
592.227 -32.4557 2177.92
43.2611 -161.559 2431.74
-53.9538 -551.925 2398.99
133.083 214.415 2265.29
-33.581 45.3378 2405.95
FRAME: 87
-22.6453 455.391 2177.87
-247.935 22.3592 2504.38
-15.2911 -871.71 2790.39
-224.598 -200.637 2267.99
-109.965 -143.344 2518.7
-133.754 -514.673 2649.51
-204.771 262.549 2444.89
-39.2477 238.255 2360.39
335.909 71.5476 2265.26
7.54353 -907.898 2498.61
581.008 -44.9522 2197.43
41.5034 -165.811 2441.43
-58.8747 -554.227 2401
126.275 213.961 2275.89
-36.7393 41.8386 2420.23
FRAME: 88
-30.422 453.838 2189.26
-248.892 22.5483 2538.6
-16.6463 -865.789 2792.19
-228.489 -202.16 2291.65
-113.058 -149.674 2533.19
-132.862 -518.332 2648.31
-206.14 262.303 2461.5
-42.633 237.211 2372.3
323.684 61.4997 2280.25
8.27635 -913.349 2502.15
557.816 -63.9397 2192.66
39.1974 -172.891 2450.48
-64.9336 -562.83 2406.75
120.874 212.119 2283.11
-39.7815 37.9642 2432.07
FRAME: 89
-40.7824 447.793 2217.98
-246.414 13.7242 2557.03
-16.843 -872.47 2788.84
-244.526 -201.677 2347.39
-112.26 -157.809 2548.23
-138.415 -533.552 2662.01
-205.418 254.731 2493.27
-49 233.472 2396.44
307.224 54.5728 2303.13
9.31566 -915.518 2502.13
531.376 -76.9622 2197.36
35.8736 -178.036 2456.62
-66.7104 -567.953 2410.91
107.418 212.213 2299.61
-43.5967 32.7747 2449.43
FRAME: 90
-47.5606 446.601 2226.44
-246.69 14.5285 2589.34
-21.8945 -867.877 2797.87
-250.611 -206.417 2367.43
-122.033 -149.946 2580.25
-144.381 -530.672 2687.22
-205.94 253.823 2519.12
-51.6036 228.569 2418.5
292.918 43.9366 2335.2
-5.88496 -891.792 2528.59
509.696 -96.8138 2214.23
36.2517 -175.726 2477.13
-64.4135 -562.595 2415.53
102.733 203.315 2317.87
-47.2471 32.8666 2473.59
FRAME: 91
-57.9965 448.888 2267.25
-253.065 11.2887 2658.06
-22.8028 -876.492 2837.4
-265.444 -209.725 2435.64
-133.161 -149.673 2613.68
-151.434 -529.581 2704.87
-213.839 247.515 2566.71
-56.9687 223.782 2462.65
284.238 29.3901 2392.95
2.83694 -910.434 2523.03
456.533 -127.91 2241.79
31.9846 -174.464 2504.16
-67.6284 -562.979 2427.81
99.9016 200.05 2358.59
-53.7783 30.857 2510.78
FRAME: 92
-69.9586 453.44 2300.75
-253.952 13.738 2691.7
-25.7648 -871.459 2842
-279.865 -206.862 2488.31
-138.19 -149.092 2644.99
-155.877 -523.857 2716.84
-218.367 250.391 2609.5
-62.6719 228.373 2501.39
269.72 29.9786 2421.78
10.1642 -925.928 2528.94
420.911 -137.389 2280.91
25.9443 -171.804 2531.31
-65.7459 -561.949 2450.81
93.0227 206.355 2393.29
-59.3973 33.9624 2544.77
FRAME: 93
-80.0009 458.274 2337.21
-255.867 17.4522 2715.59
-25.5269 -869.387 2859.2
-288.856 -203.677 2523.01
-137.329 -137.37 2676.65
-156.392 -517.382 2746.48
-217.156 253.961 2633.91
-65.009 232.803 2531.41
258.609 29.4804 2464.58
4.8554 -923.741 2542.69
390.642 -150.493 2319.92
23.4606 -159.678 2568
-71.3821 -554.611 2471.72
87.1375 211.645 2428.91
-60.9715 42.1396 2576.87
FRAME: 94
-87.7831 466.283 2374.41
-252.497 31.034 2754.1
-27.7267 -867.339 2861.84
-292.246 -181.814 2556.72
-144.992 -137.322 2707.96
-161.845 -517.359 2768.34
-214.404 261.855 2660.51
-66.0127 238.521 2559.08
243.295 30.0026 2506.55
4.53035 -923.478 2548.13
347.978 -160.264 2349.55
18.3914 -162.953 2596.21
-69.202 -555.642 2500.18
82.3783 215.187 2457.65
-64.6564 44.1916 2605.58
FRAME: 95
-96.6663 477.613 2409.12
-259.736 37.5242 2784.98
-26.0329 -869.441 2871.45
-300.318 -192.479 2588
-146.124 -126.75 2743.67
-160.995 -510.536 2798.14
-220.646 271.707 2695.69
-72.1611 250.383 2595.14
230.662 42.5764 2555.31
2.47282 -918.215 2549.69
327.832 -150.434 2390.04
17.0239 -150.103 2633.15
-67.704 -540.852 2525.53
76.3238 229.059 2494.59
-68.3556 55.9785 2641.78
FRAME: 96
-101.967 487.673 2435.07
-267.331 48.9568 2825.54
-24.1328 -867.023 2891.28
-306.985 -170.901 2629.11
-153.074 -122.426 2777.32
-168.251 -506.83 2831.82
-229.341 281.557 2734.47
-79.9546 263.55 2635.49
220.937 55.8278 2590.51
6.00148 -910.457 2563.61
310.463 -124.398 2418.74
13.6151 -142.424 2666.96
-58.9507 -532.774 2566.03
69.4316 245.543 2536.52
-74.8421 65.5626 2678.82
FRAME: 97
-108.296 512.87 2479.54
-289.344 85.3093 2907.82
-38.5965 -841.373 3035.86
-319.79 -147.308 2701.63
-166.436 -103.594 2818.52
-213.008 -464.965 2939.24
-243.581 307.763 2791.4
-92.2017 297.998 2703.12
203.076 92.943 2657.06
17.0964 -895.105 2590.53
241.633 -101.535 2497.35
5.99279 -114.784 2716.55
-26.5539 -501.677 2643.6
59.1777 288.233 2614.84
-86.2115 94.4045 2735.33
FRAME: 98
-121.838 544.328 2538.01
-291.301 93.8164 2924.37
-61.5524 -819.355 3065.2
-309.164 -122.981 2727.05
-172.666 -83.7328 2854.39
-215.39 -455.414 2957.33
-252.582 326.351 2828.2
-101.117 319.399 2737.12
194.408 119.625 2699.43
23.6748 -890.669 2619.98
216.554 -85.9258 2537.37
6.66715 -91.931 2745.23
-22.1594 -489.438 2668.53
50.3484 312.447 2646.03
-92.058 115.784 2768.46
FRAME: 99
-125.354 565.904 2566.79
-290.827 111.387 2941.02
-89.8479 -784.034 3119.81
-313.725 -111.452 2741.28
-178.939 -57.0269 2895.77
-218.341 -428.575 2977.03
-262.238 351.498 2862.64
-108.618 343.817 2767.46
186.069 134.681 2737.48
30.0827 -878.833 2654.78
180.844 -78.8795 2566.03
6.6641 -66.5305 2780.31
-12.7674 -471.687 2699.83
45.0013 336.136 2672.28
-97.378 141.019 2802.75
FRAME: 100
-130.859 583.404 2591.94
-296.087 128.404 2967.2
-134.917 -726.176 3167.81
-310.453 -90.8525 2766.62
-186.794 -45.7418 2908.05
-216.472 -418.343 2986.31
-264.853 363.981 2879.87
-112.916 358.663 2786.15
175.69 155.637 2773.65
36.4824 -866.28 2702.21
163.314 -49.624 2610.77
7.32764 -52.7158 2788.11
-7.30163 -456.702 2722.98
39.0218 353.344 2692.44
-101.325 154.717 2817.12
FRAME: 101
-134.747 599.453 2608.56
-303.214 146.584 2974.98
-147.587 -706.768 3184.77
-308.233 -74.8306 2763.45
-193.141 -30.8325 2915.24
-220.325 -405.179 2999.08
-266.499 383.316 2888.47
-116.935 379.006 2801.58
170.625 165.857 2793.57
44.0851 -869.38 2749.33
132.465 -46.8269 2621.61
0.28707 -36.5603 2802.04
-7.59273 -446.589 2750.2
32.6286 374.697 2714.69
-106.681 172.655 2830.11
FRAME: 102
-132.948 616.094 2639.9
-302.669 163.658 2979.21
-150.229 -686.631 3171.78
-312.424 -58.0819 2777.53
-196.601 -12.8309 2928.87
-221.099 -380.868 3004.16
-270.284 403.289 2904.85
-119.44 397.543 2820.65
166.347 177.472 2815.63
59.5636 -855.958 2828.64
118.652 -27.9708 2648.27
-12.351 -19.9313 2824.6
-9.70292 -433.222 2782.08
31.4042 391.797 2736.45
-111.958 190.581 2848.69
FRAME: 103
-132.349 628.408 2653.44
-305.795 168.397 2993.46
-148.576 -685.371 3193.32
-312.35 -49.3158 2784.38
-194.17 -4.10063 2943.99
-220.841 -374.388 3018.61
-271.555 413.241 2914.6
-121.161 408.601 2831.55
164.153 192.4 2835.09
62.8793 -837.415 2878.48
78.3141 -23.2914 2634.53
-9.46567 -9.87621 2840.18
-13.552 -413.613 2807.91
29.2323 403.962 2748.5
-111.49 200.806 2861.82
FRAME: 104
-132.495 646.718 2677.33
-315.127 175.173 3008.13
-144.466 -681.891 3244.63
-344.035 -17.7598 2771.55
-186.498 20.753 2962.84
-215.37 -356.296 3047.63
-274.753 428.435 2929.12
-121.51 426.974 2856.51
162.413 203.209 2864.74
65.7505 -779.327 3005.78
74.1023 15.2712 2699.95
-6.38794 19.0994 2876.81
-12.257 -379.964 2866.11
31.7332 425.512 2783.9
-108.977 223.45 2888.17
FRAME: 105
-128.673 658.075 2700.77
-313.601 195.173 3040.43
-133.967 -669.091 3249.61
-291.643 70.1432 2884.22
-181.263 38.8649 2992.33
-203.016 -330.194 3060.45
-276.393 443.048 2950.53
-123.057 442.356 2880.84
158.328 213.631 2882.03
62.0679 -780.627 3030.11
57.4873 17.8449 2708.33
-4.27345 38.2502 2912.37
-4.75536 -370.419 2898.08
30.2779 441.665 2811.15
-107.913 240.457 2916.6
FRAME: 106
-127.318 668.333 2721.16
-304.903 211.815 3062.36
-138.208 -649.589 3260.84
-275.767 77.8114 2880.81
-177.641 51.6377 3018.33
-199.532 -313.568 3064.35
-274.398 456.077 2968.24
-122.45 452.929 2898.03
155.387 221.054 2899.96
67.7125 -776.903 3064.5
51.4706 20.5318 2762.21
-8.04655 48.1341 2940.56
6.48169 -362.5 2931.68
29.4977 449.782 2827.83
-107.647 251.408 2938.74
FRAME: 107
-122.116 675.691 2736.37
-302.075 219.659 3071.55
-131.574 -661.604 3263.64
-275.058 21.5268 2810.4
-173.961 61.2364 3042.02
-193.791 -316.058 3076.67
-272.45 463.923 2978.98
-120.261 458.983 2911.06
154.736 222.617 2915.83
64.3957 -764.438 3107.33
20.0383 19.756 2779.62
-8.52343 55.8373 2967.9
8.50374 -351.17 2964.84
31.9274 454.043 2843.15
-105.752 258.76 2958.01
FRAME: 108
-116.343 684.349 2751.57
-301.111 222.93 3078.63
-134.089 -648.773 3269.1
-269.937 88.6468 2838.34
-170.527 72.5332 3067.71
-187.781 -294.416 3092.95
-267.646 471.623 2982.83
-116.029 465.463 2919.83
156.84 228.046 2936.53
61.23 -757.605 3144.37
36.3428 45.319 2789.54
0.718189 65.4358 2995.63
19.0268 -350.242 2989.88
35.5883 459.303 2856.83
-100.466 267.224 2975.75
FRAME: 109
-109.421 694.843 2769.58
-291.416 213.817 3079.65
-61.1915 -188.622 3026.57
-235.875 49.8071 2833.81
-146.762 74.6307 3073.85
-141.135 -291.814 3095.14
-259.33 471.297 2996.67
-108.035 467.883 2930.95
150.831 227.504 2947.24
77.7748 -735.538 3191.17
1.91403 61.3085 2822.67
10.5453 70.9292 3005.61
20.1834 -328.531 3023.74
43.2596 464.469 2865.23
-88.0718 270.332 2985.34
FRAME: 110
-102.345 704.707 2776.88
-281.473 220.298 3077.14
-82.0831 -245.318 3071.27
-235.859 72.6251 2828.27
-135.765 82.476 3081.98
-144.093 -288.073 3109.46
-251.84 474.253 2997.69
-96.6375 472.482 2939.83
156.321 234.038 2972.14
74.2399 -735.918 3240.16
0.360103 72.2766 2812.14
19.1694 80.3137 3023.83
26.5861 -315.009 3051.48
58.5651 470.712 2881.97
-77.4676 276.939 2996.37
FRAME: 111
-95.2718 709.387 2785.95
-277.307 225.811 3072.43
-29.3014 -414.331 3174.76
-207.697 81.0167 2800.82
-131.14 89.0672 3085.8
-139.81 -281.785 3119.77
-243.267 477.799 2999.9
-86.4254 475.759 2946.99
158.64 236.855 2986.24
69.0914 -723.362 3248.7
-27.9647 52.1296 2855.24
24.5677 86.8904 3032.95
33.1282 -286.576 3074.89
70.4163 473.72 2894.08
-69.8557 281.869 3003.18
FRAME: 112
-86.2423 712.235 2799.56
-271.102 229.045 3084.02
-102.725 -379.851 3169.53
-197.367 103.293 2796.91
-125.03 91.7504 3088.52
-146.957 -282.751 3126.35
-235.27 480.307 3006.41
-78.7153 478.178 2954.01
159.492 239.602 2996.64
67.9525 -707.727 3261.35
-18.6295 87.1883 2798.38
29.4302 89.4628 3036.4
44.1417 -279.114 3095.18
77.8396 476.049 2901.6
-63.2576 284.392 3008.23
FRAME: 113
-78.0347 716.449 2809.16
-281.122 243.718 3084.22
-129.218 -359.368 3152.22
-185.308 103.324 2838.3
-123.859 104.371 3089.08
-170.971 -259.894 3139.13
-225.791 485.978 3015.78
-70.1502 482.428 2962.02
160.834 237.564 3002.48
70.2051 -689.177 3267.79
-27.6617 84.2063 2839.5
34.9218 100.494 3033.48
51.4615 -267.696 3105.14
85.4903 478.879 2908.25
-57.3094 292.431 3011.65
FRAME: 114
-67.828 723.879 2817.68
-275.293 244.056 3085.84
-119.347 -345.717 3178.36
-180.836 99.6507 2848.51
-118.799 105.361 3089.57
-155.32 -276.153 3148.58
-218.816 488.879 3014.79
-60.5533 485.412 2968.13
170.466 238.978 3018.39
74.5651 -694.531 3275.07
-18.8131 89.1098 2862.5
38.7139 101.916 3043.07
55.5641 -276.742 3115.41
97.7093 481.945 2921.46
-50.2979 294.525 3017.22
FRAME: 115
-55.6615 727.093 2828.18
-241.22 245.084 3096.16
-89.8217 -333.873 3179.07
-119.362 131.607 2906.14
-103.616 99.9658 3091.82
-138.808 -281.422 3147.18
-203.367 487.003 3014.94
-47.4324 486.169 2973.32
179.178 240.318 3030.03
79.9084 -693.83 3270.96
-14.443 92.0405 2867.59
56.2113 98.9674 3049.1
61.405 -275.993 3118.68
108.502 485.336 2931.69
-35.5673 292.818 3021.89
FRAME: 116
-42.7086 728.891 2835.55
-215.039 249.889 3105.09
-122.428 -312.839 3152.17
-89.3308 141.646 2891.39
-93.8094 95.9943 3090.62
-127.125 -299.223 3149.5
-191.149 487.362 3012.75
-37.0099 486.498 2976.54
188.177 242.401 3041.35
80.8919 -694.525 3269.27
-30.5161 110.827 2864.66
59.6605 95.3195 3054.51
67.2074 -276.131 3121.16
117.129 485.633 2940.32
-27.0422 291.077 3024.55
FRAME: 117
-33.6159 728.542 2840.37
-203.857 263.724 3109
-128.146 -294.569 3142.92
-112.293 144.927 2885.1
-94.288 103.318 3091.04
-132.848 -298.39 3139.82
-180.878 492.047 3017.44
-28.1975 485.917 2980.05
195.055 235.098 3045.02
82.0414 -697.286 3273.36
-33.1066 99.7351 2879.44
51.4247 97.655 3055.23
67.97 -278.605 3124.87
124.483 479.786 2942.66
-24.8146 293.202 3026.59
FRAME: 118
-27.5112 726.497 2844.45
-195.43 256.71 3111.91
-75.0827 -246.133 3112.98
-99.5939 141.593 2877.11
-87.8972 105.528 3091.8
-131.82 -299.902 3133.32
-176.165 491.731 3020.23
-22.9923 485.973 2982.73
199.971 237.116 3047.47
82.5707 -693.501 3273.11
-21.8339 83.4902 2871.55
57.2138 100.165 3056.27
67.6235 -275.82 3128.17
130.18 480.214 2945.24
-19.167 294.409 3028.38
FRAME: 119
-22.3933 724.265 2843.89
-184.519 249.34 3111.73
-70.0208 -281.951 3129.1
-89.4264 121.788 2891.79
-81.8127 100.326 3095.97
-121.185 -303.889 3133.25
-172.394 489.217 3020.28
-19.2164 485.976 2984.94
205.256 242.478 3052.53
83.9754 -682.132 3269.4
-15.8579 76.512 2881.9
69.5668 97.0444 3060.74
75.9127 -271.605 3125.32
133.962 482.735 2949.6
-12.6697 292.331 3031.65
FRAME: 120
-19.6884 723.623 2847.67
-177.292 241.627 3114.56
-79.6017 -338.214 3174.97
-96.9521 61.6356 2880.5
-80.941 95.3605 3102.96
-118.198 -313.499 3139.66
-169.935 486.746 3020.57
-16.1047 485.128 2986.92
207.864 242.347 3055.16
83.9144 -675.318 3263.88
-6.58812 82.5987 2881.46
81.0742 93.8025 3067.3
77.2555 -268.483 3122.29
137.726 483.509 2953.28
-8.01906 289.855 3036.03
FRAME: 121
-15.1099 723.184 2849.36
-175.331 242.076 3114.65
-69.5786 -337.291 3209.49
-64.0891 99.8112 2900.59
-77.1856 97.8203 3108.59
-121.626 -295.186 3145.84
-168.783 487.873 3022.88
-13.8651 484.956 2988.18
211.745 242.452 3054.8
81.6593 -670.337 3263.64
-5.61125 71.6626 2893.74
79.6048 94.9003 3072.97
79.1309 -266.834 3123.38
141.053 482.04 2953.48
-6.32774 290.658 3039.48
FRAME: 122
-12.5772 722.844 2850.05
-180.559 245.623 3117.68
-41.0367 -371.158 3232.62
-71.6241 75.7417 2879.56
-74.5959 96.0542 3111.49
-119.192 -290.576 3149.78
-167.944 487.952 3023.95
-11.873 485.17 2990.09
216.448 243.014 3054.91
80.7536 -669.912 3268.37
2.34752 78.7574 2893.73
81.299 93.2686 3077.29
83.046 -268.978 3126.63
144.198 482.388 2956.22
-4.26072 289.916 3042.24
FRAME: 123
-12.0294 723.491 2849.49
-183.915 246.463 3123.29
-23.0313 -383.824 3220.9
-79.2056 122.615 2923.9
-70.1997 94.5357 3113.97
-110.032 -288.817 3154.6
-165.737 488.186 3027.18
-9.95957 486.143 2992.67
221.787 246.319 3056.72
78.9644 -672.138 3266.99
-16.9995 71.8217 2884.43
85.2507 92.6806 3079.44
81.947 -273.286 3130.84
145.817 484.1 2958.17
-1.21703 289.876 3044.69
FRAME: 124
-12.1091 723.603 2849.79
-183.348 247.678 3124.38
-20.8927 -373.909 3229.89
-102.68 106.661 2873.36
-66.382 93.2863 3112.76
-111.935 -291.684 3154.6
-164.837 486.701 3030.3
-9.01351 485.421 2994.1
222.37 243.089 3051.68
79.1155 -668.444 3263.52
-2.72219 73.5025 2915.24
88.1809 92.2321 3076.82
79.6268 -270.015 3128.79
146.81 484.14 2957.9
0.942973 289.09 3044.44
FRAME: 125
-12.1711 723.273 2851.13
-183.905 249.05 3126.22
-39.4157 -373.533 3232.63
-80.2141 107.515 2924.53
-67.3114 94.0037 3113.69
-112.48 -296.904 3149.08
-164.502 487.7 3034.6
-8.29909 485.699 2997.11
222.191 242.155 3051.66
78.3372 -667.92 3261.66
1.64108 69.3276 2938.46
87.4048 92.1374 3076.41
79.0108 -272.679 3125.84
147.904 483.698 2959.62
0.873806 289.385 3046.08
FRAME: 126
-12.9907 722.941 2853.43
-187.666 247.567 3132.17
-101.62 -339.052 3186.77
-149.987 80.6757 2882.42
-69.7184 94.173 3115.22
-118.16 -302.468 3165.86
-164.197 489.645 3042.15
-8.54555 486.448 3000.58
218.952 237.945 3036.31
77.5671 -673.516 3261.67
-8.59533 67.9905 2928.2
86.2989 91.0462 3073.52
78.0717 -279.645 3123.32
147.106 483.251 2959
-0.127649 289.529 3047.47
FRAME: 127
-14.4357 721.105 2859.4
-191.342 242.736 3132.4
-78.6044 -389.468 3199.75
-147.39 84.212 2877.31
-71.1851 92.152 3117.91
-124.743 -307.23 3181.04
-165.579 489.961 3052.6
-10.2792 485.397 3004.55
209.821 228.873 3013.5
78.3424 -690.329 3260.53
-20.2933 78.7384 2925.48
82.5765 87.6931 3070.27
78.7196 -287.297 3123.27
145.021 480.834 2956.5
-2.29173 287.66 3049.32
FRAME: 128
-23.0587 719.398 2871.09
-208.28 233.688 3137.87
34.5403 -475.348 3212.46
-196.639 91.7076 2886.42
-85.6716 88.4143 3127.75
-123.445 -308.023 3185.75
-171.831 487.9 3062.64
-19.0145 480.997 3006.29
195.184 226.342 2998.26
72.9645 -706.071 3254.39
-37.6073 95.3089 2945.84
79.0138 80.9619 3066.96
78.2527 -298.709 3111.65
133.802 474.093 2949.93
-11.1717 282.842 3051.82
FRAME: 129
-30.2935 718.66 2872.38
-235.765 241.224 3147.32
48.9677 -539.125 3224.43
-364.583 164.562 2857.4
-101.154 83.1492 3132.59
-132.444 -309.86 3175.32
-181.522 487.768 3074.36
-30.4158 478.665 3008.31
185.308 229.228 2993.13
67.4132 -718.312 3253.45
-42.7481 89.4139 2938.79
68.4718 72.8902 3058.53
75.1974 -317.446 3103.79
120.69 469.562 2942.27
-23.3785 278.342 3051.94
FRAME: 130
-45.2985 718.666 2879.15
-237.044 238.951 3158.99
56.9803 -565.158 3223.51
-287.292 130.695 2895.8
-107.81 78.4373 3135.67
-145.627 -315.509 3175.54
-183.938 493.141 3087.46
-39.7458 481.182 3008.46
162.495 241.993 2970.51
62.5111 -729.544 3255.57
-46.1147 98.9595 2930.18
52.1731 65.1884 3048.12
61.0126 -325.887 3103.54
104.446 469.223 2929.46
-33.7821 276.497 3050.18
FRAME: 131
-53.2501 718.652 2884.53
-233.758 236.05 3177.69
54.9116 -570.992 3219.44
-241.865 113.11 2914.63
-111.153 78.4895 3137.65
-140.195 -312.507 3170.96
-187.359 492.205 3092.92
-47.8009 480.544 3007.5
151.954 242.784 2966
54.15 -732.14 3249.65
-52.7017 124.87 2915
47.4202 65.2128 3040.66
52.1597 -321.99 3086.42
91.757 468.883 2922.08
-39.8335 276.198 3048.33
FRAME: 132
-61.867 718.496 2889.37
-240.073 233.336 3180.57
77.412 -658.008 3230.13
-267.255 133.102 2922.32
-112.408 76.731 3134.41
-106.624 -305.988 3157.03
-187.61 488.625 3090.73
-52.7776 477.132 3003.48
126.079 219.453 2975.95
51.3734 -734.272 3241.29
-6.77018 88.6006 2916.7
42.3286 63.5449 3034.36
37.8921 -327.406 3070.42
82.0548 465.639 2916.24
-43.9086 273.635 3043.94
FRAME: 133
-69.5795 718.318 2891.81
-235.544 236.598 3188.11
77.6928 -675.195 3232.4
-192.223 157.212 2910.5
-110.764 75.7853 3135.05
-95.5314 -314.452 3156.69
-185.106 485.736 3092.9
-57.2321 473.791 3001.27
103.963 216.479 2975.47
47.1333 -743.585 3227.89
1.63544 81.9807 2915.82
37.0558 61.9681 3029.26
27.3533 -346.62 3059.79
70.6422 461.845 2909.65
-47.043 271.334 3041.71
FRAME: 134
-74.7828 717.428 2892.66
-224.457 257.185 3203.89
78.3707 -673.759 3212.35
-281.491 189.472 2922.86
-107.827 77.2297 3134.42
-105.164 -309.705 3162.5
-181.832 486.309 3093.34
-63.6359 474.321 2997.84
63.4882 212.87 2957.3
45.0972 -749.329 3214.22
4.32902 69.7857 2931
29.7831 63.2046 3023.21
16.1951 -347.49 3048
54.5602 462.334 2902.34
-51.3289 272.269 3038.33
FRAME: 135
-85.8091 717.721 2891.84
-206.639 274.096 3211.06
69.3035 -686.864 3201.93
-290.322 248.493 2911.43
-106.538 85.2787 3131.63
-114.689 -306.678 3160.46
-174.455 491.315 3092.63
-71.3111 477.056 2990.2
15.7074 215.636 2923.99
40.4422 -756.708 3180.89
-51.3203 98.7243 2948.33
14.5869 68.5573 3011.78
-2.11398 -353.021 3022.94
31.8332 462.796 2887.77
-58.6434 276.987 3030.95
FRAME: 136
-94.6487 719.092 2888.32
-206.524 281.929 3213.45
60.7599 -704.914 3191.58
-377.961 331.493 2985.23
-108.325 86.8855 3132.62
-118.592 -320.829 3163.88
-173.34 499.201 3092.49
-79.732 482.463 2981.14
-17.2245 225.416 2908.13
39.7557 -764.737 3146.35
-162.057 190.123 2978.15
4.55371 66.6739 2998.5
-17.0712 -359.939 2991.16
13.8758 465.726 2869.78
-65.8087 279.622 3023.35
FRAME: 137
-109.211 721.608 2875.94
-197.955 288.961 3213.29
55.0243 -710.289 3168.33
-357.541 345.551 2972.22
-102.407 88.5772 3127.14
-111.68 -325.208 3162.68
-168.51 511.79 3086.74
-86.8579 493.411 2967.18
-105.289 275.372 2864.46
37.237 -784.596 3086.32
-249.957 279.172 2998.94
-2.78058 66.1978 2982.23
-30.5665 -365.639 2964.95
-5.20609 475.031 2847.61
-69.7259 285.399 3010.93
FRAME: 138
-123.474 722.78 2862.32
-194.463 301.562 3210.09
50.347 -721.684 3135.48
-356.94 368.208 2973.03
-100.056 90.8719 3112.9
-117.895 -321.936 3150.48
-172.526 518.621 3083.03
-100.616 501.367 2956.87
-140.6 296.005 2850.28
34.333 -792.093 3053.89
-270.338 307.384 3021.87
-15.2979 70.4417 2965.15
-39.8591 -366.295 2948.1
-28.7052 484.113 2830.72
-79.1464 291.012 2997.95
FRAME: 139
-130.163 722.363 2849.6
-190.165 303.836 3201.4
48.8598 -731.277 3141.6
-314.972 287.5 3029.63
-97.4335 90.9447 3097.6
-119.783 -322.99 3143.28
-174.844 517.515 3077.97
-108.424 501.881 2947.43
-146.437 307.747 2846.14
30.533 -798.658 3011.59
-294.327 341.937 3014.05
-20.5647 72.913 2947.43
-46.0476 -369.763 2925.22
-42.003 486.246 2816.89
-83.7113 291.905 2984.97
FRAME: 140
-136.617 719.683 2836.99
-193.314 307.162 3185.51
47.528 -732.499 3178.97
-283.834 289.271 3008.74
-99.4035 85.6751 3086.76
-117.299 -329.191 3150.06
-179.699 514.364 3069.11
-114.109 500.275 2938.47
-157.845 316.558 2849.53
26.7597 -806.968 2980.99
-294.537 348.942 3004.83
-21.8934 69.1718 2933.64
-51.5316 -374.868 2903.27
-48.5189 486.187 2807.83
-87.3787 288.849 2974.34
FRAME: 141
-141.768 713.831 2827.67
-212.187 319.366 3149.42
47.7536 -735.473 3193.11
-237.384 308.068 2928.91
-97.9457 83.5849 3081.76
-109.714 -337.203 3148.71
-181.114 516.827 3063.09
-120.393 502.916 2929.32
-139.836 309.232 2847.16
25.3404 -816.98 2942.22
-255.263 318.662 3004.28
-23.8176 66.7322 2919.23
-54.8824 -380.529 2884.42
-59.6724 489.005 2795.55
-90.6374 289.037 2964.91
FRAME: 142
-149.215 702.993 2818.52
-224.264 320.747 3125.53
48.9599 -737.823 3198.99
-237.299 340.021 2890.11
-96.85 81.4742 3072.43
-108.41 -340.692 3145.53
-184.837 514.808 3056.83
-126.497 500.61 2919.67
-158.186 319.275 2844.54
19.0399 -825.015 2906.59
-261.777 324.581 2985.46
-27.3313 64.6799 2909.74
-59.7838 -380.597 2864.25
-68.1572 486.413 2782.5
-94.2938 286.844 2955.38
FRAME: 143
-164.293 690.797 2802.71
-236.575 315.516 3108.39
50.246 -741.925 3201.68
-236.205 339.288 2868.5
-97.6537 76.6519 3063.06
-103.977 -357.294 3113.13
-187.838 506.899 3049.82
-133.345 491.12 2907.83
-154.089 321.525 2842.04
2.42204 -840.829 2804.39
-202.246 231.314 2946.41
-33.644 58.2177 2897.16
-57.0769 -377.101 2831.17
-78.8518 475.341 2765.84
-99.4968 279.277 2943.97
FRAME: 144
-176.862 671.489 2788.19
-258.687 302.821 3081.48
46.6263 -741.456 3197.51
-235.739 325.261 2853.72
-98.6468 67.8485 3056.15
-144.899 -378.562 3080.21
-189.798 487.628 3044.4
-135.334 472.34 2900.42
-101.546 293.27 2842.9
1.46058 -830.309 2773.02
-40.4948 60.8191 2881.33
-33.723 49.4978 2883.71
-55.9825 -379.257 2809.26
-80.8697 457.052 2756.44
-100.759 265.507 2935.17
FRAME: 145
-184.328 658.175 2781.24
-265.827 295.087 3067.61
6.55343 -740.92 3184.15
-238.336 316.639 2864.01
-96.8567 53.651 3048.55
-159.488 -396.426 3057.91
-189.947 476.918 3038.93
-138.894 459.769 2888.03
-63.7171 245.41 2845.84
3.94934 -840.847 2740.94
9.14467 -43.9473 2832.17
-35.9418 33.0894 2867.54
-55.8749 -395.027 2782.74
-87.8403 442.62 2737.12
-102.646 251.57 2923.04
FRAME: 146
-188.443 639.152 2775.65
-281.872 272.363 3037.38
-27.6367 -743.214 3191.28
-231.082 327.658 2825.58
-102.293 26.1451 3034.09
-160.476 -424.121 3040.63
-192.302 453.415 3024.42
-136.745 435.711 2872.09
-53.0984 228.074 2826.36
-0.388858 -843.923 2698.51
-13.4174 -24.7876 2813.99
-35.2851 3.7518 2848.92
-53.6958 -399.827 2753.03
-81.1882 418.007 2719.76
-102.767 225.33 2906.8
FRAME: 147
-195.381 616.025 2758.99
-292.671 247.344 3015.87
-44.3416 -762.968 3189.28
-230.303 350.162 2786.35
-102.098 8.37378 3019.35
-171.534 -449.25 3029.07
-192.221 434.882 3021.73
-137.866 417.153 2861
-71.1814 220.636 2812.49
-1.04361 -848.432 2676.75
-54.8383 -22.1607 2784.49
-40.4179 -13.5988 2832.02
-55.9907 -408.662 2728.94
-83.5098 399.424 2700.26
-104.562 207.27 2893.34
FRAME: 148
-197.719 593.612 2744.34
-307.445 229.629 2971.15
-24.5323 -783.14 3171.27
-242.04 316.652 2777.76
-101.067 -10.8952 2989.58
-176.38 -457.886 3008.42
-192.975 424.346 3008.34
-141.74 410.999 2844.23
-72.3551 215.213 2795.76
-4.82684 -863.152 2662.17
-23.7283 -43.4659 2779.76
-42.7772 -28.0329 2805.68
-60.4077 -428.555 2714.49
-90.5049 397.652 2680.12
-106.831 195.768 2870.93
FRAME: 149
-199.537 575.175 2729.27
-314.437 191.356 2933.87
-21.5784 -805.605 3160.96
-250.96 284.504 2745.57
-99.7712 -44.4687 2954.76
-178.945 -494.915 2991.14
-197.595 404.792 2992.67
-141.412 397.866 2824.17
-78.6119 216.606 2787.4
-8.69264 -882.053 2636.26
-52.0832 -11.8984 2780.92
-40.3018 -55.4769 2771.9
-67.6013 -472.923 2667.74
-85.2299 390.941 2655.67
-105.724 173.947 2843.75
FRAME: 150
-199.298 541.714 2695.84
-293.96 129.852 2911.96
-14.1153 -847.834 3116.61
-257.897 226.219 2737.43
-89.6126 -70.9534 2927.4
-178.255 -526.851 2933.67
-194.557 381.777 2977.71
-142.287 377.014 2795.42
-80.8008 202.213 2759.56
-13.7648 -912.716 2609.48
-53.2707 -9.28519 2766.87
-34.8649 -79.5677 2735.25
-76.9098 -491.976 2630.49
-90.0184 372.251 2613.12
-102.263 150.877 2813.37
FRAME: 151
-193.274 511.416 2667.8
-291.518 54.3895 2851.59
-10.0132 -853.782 3115.83
-256.648 110.652 2638.94
-85.6571 -82.8232 2908.33
-157.187 -538.827 2919.82
-194.363 360.652 2961.16
-142.936 355.665 2772.62
-121.67 178.267 2712.02
-25.8706 -930.207 2594.44
-88.5088 2.32521 2755.53
-31.1755 -91.8471 2708.49
-95.5079 -519.016 2596.38
-91.5088 350.679 2584.09
-100.676 134.165 2790.52
FRAME: 152
-186.253 487.237 2642.01
-279.977 15.0319 2855.73
-11.6972 -873.076 3102
-289.519 -24.0168 2714.2
-81.3437 -101.464 2899.47
-157.56 -565.263 2893.27
-185.33 327.588 2955.62
-136.411 318.052 2752.81
-175.172 143.584 2619.2
-30.3637 -934.638 2586.3
-237.151 61.6959 2775.6
-28.9797 -114.963 2684.85
-109.348 -538.32 2569.48
-87.4914 308.516 2550
-95.7863 104.919 2772.48
FRAME: 153
-179.725 470.764 2619.66
-270.129 -27.8044 2825.46
-11.7761 -890.842 3090.75
-323.899 -70.0167 2687.19
-84.6319 -120.894 2864.98
-147.668 -578.644 2872.29
-186.24 309.666 2930.13
-127.219 303.72 2730.94
-156.495 103.03 2595.17
-29.7484 -946.967 2575.57
-322.111 10.579 2709.99
-26.0278 -131.317 2663.66
-113.009 -556.202 2547.75
-68.1982 297.774 2531.74
-91.2745 88.8073 2747.63
FRAME: 154
-168.51 453.282 2593.33
-266.543 -24.7595 2819.79
-12.6316 -895.399 3063.28
-376.908 -155.21 2635.58
-87.1305 -151.97 2811.16
-148.985 -572.944 2862.43
-184.552 274.249 2870.34
-116.552 272.429 2693.45
-171.776 55.6465 2535.63
-32.2712 -968.287 2569.69
-355.968 -24.3757 2708.81
-21.7872 -160.788 2644.12
-122.575 -585.407 2524.35
-48.5518 270.609 2516.56
-85.5054 58.025 2710.55
FRAME: 155
-159.711 436.22 2568
-226.804 0.670326 2824.99
-16.4668 -904.859 3036.95
-380.607 -154.681 2619.72
-95.3485 -161.832 2790.74
-154.832 -580.334 2839.67
-170.334 242.562 2798.5
-101.39 230.657 2648.98
-131.743 -10.9659 2460.11
-27.0254 -978.53 2566.77
-390.021 -115.72 2639.89
-17.504 -181.734 2625.3
-122.872 -602.13 2506.12
-32.4456 218.751 2499.46
-78.908 29.4367 2678.5
FRAME: 156
-153.191 426.03 2545.74
-211.283 1.26581 2823.68
-21.5794 -913.866 3024.27
-416.562 -198.947 2602.71
-95.2148 -175.574 2773.53
-163.127 -601.256 2824.57
-160.892 221.71 2769.1
-90.983 205.467 2625.49
-110.713 -41.0156 2427.16
-20.2468 -984.827 2560.77
-340.827 -178.452 2483.06
-14.4444 -198.543 2609.84
-122.548 -608.046 2494.59
-21.0744 189.224 2481.88
-72.9063 9.20433 2658.59
FRAME: 157
-140.116 413.575 2508
-200.431 -1.30135 2805.92
-24.2671 -920.259 3008.02
-349.023 -211.803 2511.77
-100.786 -178.262 2757.55
-167.679 -608.126 2799.35
-167.334 207.213 2723.23
-88.509 186.184 2591.52
-45.5449 -67.9906 2366.48
-17.0125 -990.499 2550.57
-203.317 -247.058 2268.6
-2.52542 -206.814 2592.27
-116.427 -619.069 2476.48
-9.68402 165.155 2459.82
-70.0824 -3.17699 2633.22
FRAME: 158
-133.182 408.016 2481.15
-214.979 -29.0279 2783.45
-19.1158 -932.106 3011.98
-317.075 -214.697 2460.16
-101.581 -192.205 2703.78
-158.875 -614.502 2781.37
-190.467 192.245 2692.56
-92.2075 180.266 2567.87
14.0917 -67.4382 2337.62
-18.6892 -989.576 2534.18
-137.46 -265.748 2198.65
2.43765 -206.239 2570.12
-120.944 -619.458 2454.88
6.05243 168.287 2443.18
-70.8895 -9.4777 2602.41
FRAME: 159
-123.846 408.237 2455.04
-231.525 -44.5371 2765.27
-20 -930.959 2990.78
-313.669 -219.531 2488.28
-95.0356 -203.53 2664.84
-160.078 -611.864 2752.16
-207.032 183.652 2672.25
-91.8675 177.889 2547.97
57.6609 -67.5899 2315.14
-16.8773 -990.304 2517.35
-94.8781 -290.972 2139.99
6.7768 -208.639 2554.76
-116.667 -617.553 2438.67
23.2968 172.126 2423.69
-67.9985 -14.0977 2578.89
FRAME: 160
-114.684 410.041 2420.43
-238.899 -50.2669 2739.12
-26.6576 -933.54 2978.6
-288.519 -203.807 2441.38
-97.4941 -209.705 2640.89
-149.758 -618.911 2731.47
-201.928 185.845 2646.99
-87.4868 181.995 2522.11
93.3355 -49.947 2281.47
-8.95867 -983.263 2517.57
6.32483 -276.645 2084.9
17.2549 -213.729 2514.81
-103.055 -618.186 2431.93
26.9541 178.146 2397.24
-63.8032 -14.8607 2549.98
FRAME: 161
-106.743 414.194 2398.17
-236.542 -44.0974 2709.75
-35.9737 -928.118 2920.21
-271.797 -207.725 2438.27
-114.232 -204.151 2619.67
-139.874 -618.35 2696.85
-202.745 187.986 2621.21
-82.391 184.681 2499.28
117.348 -40.8936 2258.85
-5.60791 -971.691 2519.56
74.0819 -263.067 2052.38
26.902 -207.682 2477.38
-90.9876 -619.645 2419.79
37.9633 181.376 2377.34
-63.028 -10.6177 2523.9
FRAME: 162
-100.912 420.913 2376.83
-234.004 -37.4774 2686.25
-38.3735 -936.13 2871.51
-241.682 -189.735 2393.96
-115.582 -189.336 2607.52
-141.769 -617.315 2688.81
-201.731 198.811 2603.17
-77.9944 193.23 2482.91
137.722 -27.5791 2243.17
0.852369 -963.181 2519.44
164.536 -241.852 2040.04
29.7486 -195.674 2466.34
-89.5417 -611.482 2421.85
45.7418 187.649 2362.65
-60.4555 0.362513 2509.92
FRAME: 163
-88.0216 433.124 2342.85
-234.621 -20.1943 2648.58
-38.0771 -932.066 2838.67
-224.206 -200.324 2352.54
-120.768 -166.694 2597.56
-143.8 -599.845 2680.76
-210.251 214.406 2575.38
-75.1866 204.698 2462.65
203.535 -1.50988 2235.28
-2.09131 -958.684 2511.62
290.624 -192.274 2036.07
33.3434 -177.675 2468.65
-86.2183 -600.062 2420.87
59.8781 194.99 2349.92
-59.4495 16.2566 2497.88
FRAME: 164
-80.6691 441.665 2323.93
-243.439 -12.4489 2625.03
-37.6417 -923.081 2831.07
-224.186 -196.933 2331.47
-123.247 -160.996 2589
-142.055 -580.609 2671.32
-213.364 227.126 2554.23
-70.5561 212.498 2445.97
226.788 2.66899 2236.04
-3.08222 -961.205 2508.88
294.161 -182.125 2043
31.5113 -176.799 2471.43
-85.9681 -600.964 2420.75
72.2522 197.869 2337.71
-58.2119 21.8001 2488.09
FRAME: 165
-72.7948 449.861 2306.12
-251.073 -5.16237 2608.76
-31.5407 -920.015 2807.73
-235.76 -188.82 2328.2
-121.727 -154.382 2582.57
-129.686 -568.558 2664.45
-217.139 240.283 2531.84
-68.1826 223.675 2430.59
240.617 15.6341 2239.48
-4.08618 -957.505 2506.96
379.233 -134.985 2040.64
33.8079 -171.629 2476.89
-81.4513 -589.965 2418.43
80.7741 207.067 2329.33
-56.0711 30.3345 2480.16
FRAME: 166
-67.3733 458.697 2292.9
-257.661 7.57714 2596.62
-25.5139 -913.271 2789.87
-235.35 -190.61 2340.7
-121.01 -148.7 2575.75
-127.168 -565.27 2662.81
-219.001 252.382 2516.15
-64.9978 233.484 2417.63
250.981 23.4663 2241.11
-4.89551 -950.477 2508.42
399.751 -135.041 2064.76
33.834 -167.654 2476.77
-80.0706 -581.609 2416.58
89.0052 214.586 2319.11
-54.2928 37.6535 2471.94
FRAME: 167
-61.9381 467.895 2276.28
-261.782 15.9119 2586.13
-23.6642 -909.851 2773.88
-244.679 -195.59 2345.09
-124.226 -138.869 2570.11
-126.478 -552.703 2660.91
-220.07 262.563 2507.72
-64.1529 241.573 2409.76
262.026 42.8418 2240.24
-2.00572 -946.135 2512.98
428.75 -105.749 2078.06
30.9025 -159.678 2472.71
-76.1138 -577.064 2418.81
91.7638 220.582 2311.79
-55.4073 46.1496 2465.58
FRAME: 168
-57.7463 474.793 2261.55
-266.995 25.6033 2568.17
-24.1827 -906.95 2781.35
-249.963 -183.908 2356.76
-122.099 -122.82 2561.42
-124.656 -533.634 2654.26
-219.815 268.757 2499.61
-64.5311 248.329 2401.96
262.029 60.917 2241.08
0.375479 -935.522 2516.06
439.985 -82.3694 2091.26
32.2332 -143.066 2464.32
-68.0217 -561.796 2424.36
90.7526 227.901 2304.32
-54.7321 57.693 2457.42
FRAME: 169
-54.9058 481.052 2251.48
-270.442 41.3677 2564.33
-22.6489 -902.16 2778.17
-265.92 -180.355 2357.47
-125.888 -114.343 2556.19
-127.393 -524.468 2660.44
-220.541 279.392 2485.45
-64.4516 257.769 2391.95
265.283 74.9627 2246.51
0.6382 -941.516 2514.43
459.441 -63.077 2101.87
31.3783 -136.062 2461.98
-62.9702 -559.121 2427.44
91.6376 236.146 2298.46
-55.8532 66.2832 2450.52
FRAME: 170
-51.3842 489.895 2240.38
-279.194 64.1448 2569.01
-21.7057 -895.552 2764.97
-281.227 -168.284 2367.63
-131.317 -104.598 2555.6
-125.218 -518.953 2664.06
-221.593 289.687 2474.89
-64.7743 265.694 2383.8
269.819 80.675 2246.09
1.40645 -938.348 2516.17
472.362 -45.7575 2111.86
30.2158 -129.242 2461.87
-60.2827 -551.263 2432.01
92.0442 241.701 2292.71
-57.6624 74.3873 2446.27
FRAME: 171
-46.3077 498.014 2233.9
-285.872 81.019 2567.92
-26.3375 -891.201 2752.25
-286.488 -168.36 2369.21
-136.646 -88.641 2554.29
-131.33 -497.738 2670.54
-222.234 300.545 2466.34
-64.6641 274.497 2377.18
273.161 88.6995 2251.28
2.96694 -930.219 2516.63
500.926 -39.741 2128.14
30.1871 -116.221 2459.88
-56.1765 -541.015 2435.86
92.9054 248.448 2288.02
-58.9467 86.0329 2442.13
FRAME: 172
-42.8731 501.684 2232.79
-287.965 87.5335 2564.33
-31.2968 -876.935 2678.41
-293.573 -159.737 2365.89
-139.15 -82.0976 2549.48
-140.207 -491.951 2661.63
-222.808 303.951 2457.94
-65.2577 278.724 2372.54
276.015 95.0956 2256.52
0.831355 -927.173 2514.11
497.38 -33.17 2128.81
30.8359 -109.34 2457.29
-47.6367 -532.963 2435.7
92.2925 253.498 2287.13
-59.7074 91.5028 2437.96
FRAME: 173
-40.0485 505.27 2225.26
-289.26 89.9015 2565.05
-25.8053 -879.882 2730.18
-300.492 -158.65 2356.1
-140.323 -82.4474 2551.31
-138.151 -492.84 2672.52
-222.842 306.597 2454.81
-64.8444 280.256 2369.92
278.157 92.2719 2257.15
2.25663 -924.625 2516.61
505.374 -31.5396 2131.31
30.664 -110.909 2459.46
-49.1389 -536.326 2436.79
93.1527 253.915 2285.03
-59.8371 91.789 2437.65
FRAME: 174
-39.563 507.658 2226.93
-289.853 92.0496 2560.82
-22.1288 -874.762 2765.19
-314.294 -157.32 2354.36
-142.091 -78.2217 2551.64
-142.628 -489.631 2668.73
-221.816 308.847 2452.55
-64.5921 282.263 2367.9
282.093 91.0973 2260.22
1.69157 -921.913 2514.33
512.584 -34.8768 2130.68
33.0826 -107.824 2457.33
-45.388 -528.383 2435.8
92.6321 255.68 2283.25
-59.5481 94.62 2436.19
FRAME: 175
-38.4464 508.573 2218.51
-289.897 92.2456 2559.85
-23.4915 -868.732 2769.15
-310.728 -156.057 2356.67
-142.943 -75.9234 2553.75
-144.864 -480.745 2670.28
-223.896 311.309 2451.71
-65.537 283.455 2366.3
281.452 89.0074 2262.21
0.32612 -923.118 2518.54
511.099 -39.3069 2141.44
31.5442 -106.525 2459.63
-44.6079 -529.891 2438.81
92.8219 255.601 2280.89
-60.6182 96.1152 2436.49
FRAME: 176
-37.6135 509.73 2217.53
-290.614 92.9612 2559.28
-21.9083 -866.766 2775.13
-318.015 -152.896 2355.09
-142.611 -75.675 2554.68
-145.399 -477.161 2675.43
-224.187 311.637 2451.78
-64.6593 283.032 2366.66
282.288 88.1318 2264.84
-1.62852 -920.89 2517.85
510.12 -45.3217 2142.34
30.7655 -106.616 2462.18
-43.519 -527.421 2438.55
94.8678 254.427 2281.53
-60.2911 95.9434 2437.54
FRAME: 177
-37.3852 510.504 2217.07
-290.885 94.6545 2559.51
-22.9875 -850.684 2742.56
-304.728 -150.349 2355.22
-143.208 -72.8339 2555.46
-145.464 -474.592 2682.21
-223.809 312.923 2450.78
-63.9086 283.616 2367.21
283.731 89.0305 2266.47
-3.07218 -922.972 2516.86
503.581 -50.7146 2143.95
29.2251 -104.256 2465.37
-38.8301 -522.181 2438.98
95.992 254.309 2283.64
-60.4501 97.5356 2438.81
FRAME: 178
-38.0645 510.369 2217.26
-290.102 93.1482 2560.87
-24.4208 -840.843 2747.35
-303.712 -148.827 2364.63
-143.129 -71.3459 2557.55
-148.645 -469.975 2689.98
-223.641 313.253 2452.46
-63.2254 283.616 2369.5
283.571 86.3937 2270.92
-3.64586 -925.292 2517.11
487.316 -65.3343 2141.4
28.8834 -102.921 2468.66
-40.1593 -523.346 2439.13
97.1903 253.98 2286.54
-60.1741 98.2414 2441.3
FRAME: 179
-38.6996 509.517 2221.09
-286.505 92.0536 2565.38
-26.2527 -841.814 2735.91
-302.089 -162.535 2370.85
-142.741 -72.6242 2559.77
-149.925 -472.208 2690.76
-222.815 312.163 2457.19
-63.4393 283.168 2374.03
280.522 86.6707 2278.7
-5.51884 -915.573 2532.8
477.726 -73.1379 2141.42
28.5146 -103.647 2470.44
-42.5898 -525.95 2441
95.9363 254.174 2290.87
-60.2761 97.5162 2444.57
FRAME: 180
-40.3195 510.043 2229.41
-279.551 90.0053 2581.48
-27.3476 -844.261 2742.24
-291.589 -169.112 2403.32
-142.682 -72.7252 2565.04
-148.871 -474.623 2689.62
-220.495 309.187 2472.68
-62.4055 282.9 2390.46
270.546 77.7389 2309.97
-4.77869 -916.26 2534.35
452.023 -94.3428 2153.32
30.0957 -101.367 2475.14
-44.5618 -526.456 2442.27
95.6843 256.612 2308.25
-59.3494 97.9269 2455.28
FRAME: 181
-45.2844 507.727 2249.75
-273.988 83.5301 2600.91
-27.0979 -845.561 2763.7
-307.133 -168.277 2422.89
-141.291 -75.2269 2576.26
-146.433 -477.933 2690.44
-215.671 304.513 2489.95
-61.7768 281.208 2410.54
266.168 71.4018 2342.5
-3.88829 -914.009 2537.14
429.135 -107.603 2175.24
31.2507 -101.24 2487.36
-46.8667 -526.276 2445.86
92.117 257.904 2331.13
-58.3985 96.4874 2471.17
FRAME: 182
-48.1406 505.012 2272.06
-271.528 80.55 2614.87
-25.6617 -850.953 2810.2
-292.889 -179.408 2444.58
-140.085 -75.9578 2591.64
-145.924 -483.436 2696.03
-212.459 302.493 2510.59
-60.3213 279.388 2430.18
261.588 64.8627 2369.45
-3.10158 -920.424 2535.08
403.358 -119.476 2190.26
30.8467 -101.847 2501.41
-49.2206 -529.247 2453.19
91.8165 256.282 2349.78
-57.4701 95.2426 2488.35
FRAME: 183
-55.9394 501.474 2299.3
-265.895 78.1452 2634.18
-24.0567 -851.983 2815.8
-290.123 -164.072 2468.12
-135.619 -84.1176 2613.06
-137.893 -500.283 2707.13
-211.039 298.976 2529.64
-60.4044 275.958 2448.68
255.863 60.0654 2396.56
-2.05933 -927.956 2535.45
382.287 -130.182 2220.82
29.9151 -109.34 2524.23
-55.5797 -536.598 2458.02
90.23 252.939 2367.73
-56.6283 89.6143 2508.66
FRAME: 184
-61.824 499.723 2323.57
-262.278 71.6283 2655.21
-28.1514 -861.952 2841.75
-293.453 -164.649 2493.02
-137.106 -91.5594 2632.28
-146.268 -510.03 2722.28
-210.116 296.397 2561.43
-62.498 275.524 2476.03
242.064 57.4018 2429.18
-2.20855 -929.101 2535.76
353.237 -145.648 2249.16
29.7988 -115.18 2535.73
-63.5501 -543.287 2470.31
85.1201 254.652 2390.62
-58.0759 86.0772 2530.02
FRAME: 185
-65.9982 498.255 2348.18
-257.383 66.4694 2689.73
-28.4632 -866.976 2845.36
-295.645 -160.337 2527.01
-139.166 -99.948 2653.33
-154.893 -519.441 2744.75
-212.302 292.555 2593.95
-66.115 273.311 2503.25
234.052 49.1258 2451.55
0.627653 -932.897 2534.74
314.729 -161.892 2280.69
27.5243 -121.894 2549.91
-72.7671 -548.545 2484.35
80.0718 254.067 2412.55
-60.9679 81.1949 2552.44
FRAME: 186
-82.8002 497.731 2413.42
-254.17 58.6152 2738.91
-28.131 -871.529 2855.11
-308.073 -163.104 2588.95
-144.508 -103.346 2692.32
-161.775 -521.933 2779.85
-215.622 290.97 2641.19
-73.9071 275.134 2552.36
220.901 44.425 2497.21
0.403899 -930.497 2542.32
283.685 -160.287 2355
20.8821 -121.704 2588.83
-79.0401 -543.868 2510.44
67.8074 259.299 2463.52
-67.8599 81.3048 2596.46
FRAME: 187
-87.3623 504.528 2439.63
-252.974 69.5482 2783.61
-28.9228 -874.721 2870.36
-314.416 -147.645 2630.5
-152.466 -101.871 2724.73
-169.799 -523.103 2809.44
-216.806 294.39 2683.64
-77.0663 278.571 2590.69
209.281 39.4493 2526.53
-0.754207 -927.13 2553.08
242.385 -180.297 2379.78
14.7465 -120.807 2613.53
-72.9669 -539.761 2544.83
62.673 262.753 2497.75
-72.9631 83.616 2629.91
FRAME: 188
-98.0462 515.497 2481.28
-262.649 69.0125 2812.42
-31.7011 -876.127 2880.23
-313.364 -152.696 2654.1
-160.964 -97.457 2763.17
-183.962 -508.277 2837.69
-223.373 303.654 2728.25
-83.3772 290.852 2634.9
201.392 60.053 2576.86
1.84695 -915.116 2571.8
201.119 -172.213 2399.5
15.3205 -113.582 2645.51
-61.974 -530.637 2576.45
56.6182 278.049 2541.55
-78.0995 92.6661 2669.62
FRAME: 189
-102.322 532.509 2512.79
-263.94 68.9304 2850.82
-28.6519 -887.13 2888.79
-311.808 -151.595 2687.17
-165.118 -97.4362 2789.31
-177.596 -521.466 2859.4
-227.498 303.884 2768.1
-89.3349 297.558 2671.03
191.684 69.2813 2613.62
12.841 -907.194 2591.59
176.584 -162.04 2461.59
19.5141 -105.13 2655.94
-39.5877 -523.845 2603.58
48.8281 291.232 2573.97
-81.0684 98.1375 2696.83
FRAME: 190
-108.618 545.372 2545.63
-270.88 77.7915 2877.72
-24.3994 -883.583 2926.82
-310.782 -157.001 2705.29
-164.899 -92.419 2814
-177.795 -524.358 2891.27
-234.037 314.492 2786.99
-94.2908 308.256 2697.59
183.705 77.6981 2656.69
15.8952 -906.034 2608.69
73.954 -155.323 2408.14
14.4122 -99.9822 2697.75
-24.9783 -522.25 2623.68
45.456 302.021 2608.18
-84.7671 106.028 2726.73
FRAME: 191
-112.773 558.176 2570.16
-281.373 90.1165 2905.79
-87.8476 -783.551 3038.46
-312.477 -117.955 2724.2
-168.356 -84.6652 2830.81
-144.218 -506.675 2907
-242.984 329.392 2817.9
-100.587 327.473 2729.26
170.518 94.0702 2685.9
24.3882 -891.522 2631.07
77.254 -125.377 2512.7
10.4155 -86.7211 2717.82
-8.39951 -506.148 2668.89
41.8105 325.555 2640.62
-89.7784 120.89 2751.79
FRAME: 192
-116.593 574.443 2597.25
-296.893 115.306 2928.31
-151.303 -676.242 3146.06
-317.219 -99.0933 2741.54
-177.724 -71.7088 2860.39
-150.699 -491.9 2920
-253.304 349.767 2834.71
-107.551 345.404 2751.1
167.284 112.578 2717.2
27.059 -889.039 2658.15
84.0739 -107.209 2584.39
2.5441 -77.0806 2756.62
-3.01289 -488.507 2725.25
38.2022 341.041 2667.48
-97.5705 135.505 2779.8
FRAME: 193
-125.536 605.927 2642.11
-310.085 136.821 2955.13
-158.299 -670.06 3173.93
-323.657 -59.0395 2745.41
-203.784 -28.5309 2921.85
-184.821 -438.4 2952.83
-268.453 384.582 2870.63
-118.627 373.951 2795.19
152.44 134.54 2777.5
53.0877 -877.369 2787.48
18.6596 -78.315 2668.66
-12.2082 -42.4337 2825.11
2.69727 -463.462 2792.68
31.199 363.32 2719.76
-113.312 169.234 2834.34
FRAME: 194
-128.756 622.796 2672.46
-319.167 150.113 2983.85
-146.518 -685.772 3203.2
-322.156 -46.3051 2760.82
-198.168 -18.5964 2949.27
-184.879 -421.828 2993.41
-274.773 399.836 2900.72
-123.373 392.75 2825.75
149.808 156.829 2810.09
67.1056 -866.994 2846.49
3.69727 -51.6719 2691.38
-10.7317 -27.4768 2856.28
-3.53258 -458.046 2825.12
28.0269 385.665 2750.78
-113.911 184.857 2864.26
FRAME: 195
-131.922 645.203 2713.75
-326.321 174.592 3008.74
-146.131 -672.176 3225.09
-312.649 4.9716 2796.86
-187.4 12.4714 2983.41
-204.009 -361.004 3045.42
-277.417 419.613 2924.13
-125.342 415.795 2856.91
147.588 171.03 2837.16
74.6344 -829.442 2986.41
-13.1023 -58.2791 2687.02
-7.02435 7.92184 2903.39
0.907463 -419.913 2896.75
26.7331 411.977 2789.69
-111.277 212.996 2900.15
FRAME: 196
-131.933 657.381 2730.88
-317.437 175.476 3037.97
-151.692 -663.116 3234.41
-301.309 67.38 2810.27
-180.39 28.5515 3012.99
-199.642 -338.955 3056.51
-273.038 435 2950.13
-124.193 429.396 2877.49
141.798 181.151 2853.55
78.3859 -807.64 3036.93
-53.4217 15.922 2756.33
-6.49807 21.9186 2927.82
1.43449 -408.349 2921.66
24.6535 423.791 2804.85
-108.818 227.315 2923.95
FRAME: 197
-128.75 666.157 2746.32
-316.36 180.492 3054.34
-149.02 -656.666 3249.88
-302.506 86.6485 2821.97
-181.204 40.3481 3028.8
-191.583 -328.108 3072.9
-272.897 445.941 2961.01
-121.767 439.445 2890.89
133.988 180.511 2868.73
83.3871 -794.74 3075.82
-68.1411 35.2871 2752.88
-6.92632 32.7832 2947.71
-1.18328 -397.842 2943.56
29.3634 432.949 2820.78
-107.916 238.005 2939.57
FRAME: 198
-126.682 677.203 2761.67
-310.487 187.684 3052.96
-147.305 -661.708 3255.28
-269.589 40.8858 2818.89
-170.148 50.1828 3047.49
-189.557 -321.14 3081.88
-270.333 451.54 2970.93
-117.065 446.169 2903.54
133.093 186.781 2880.35
81.7035 -781.894 3124.63
-81.2577 48.1209 2772.87
1.10946 44.1475 2972.08
9.9008 -384.532 2970.44
36.2019 440.797 2836.15
-100.792 246.667 2956.66
FRAME: 199
-125.635 685.994 2776.55
-274.532 212.117 3065.46
43.9157 -672.473 3181.53
-177.673 49.879 2870.43
-160.889 57.7433 3056.32
-179.385 -340.361 3098.62
-262.495 458.127 2982.88
-109.956 453.5 2914.71
138.873 196.062 2892.3
81.255 -764.931 3169.4
-81.1795 81.5378 2781.68
8.59842 52.5672 2980.37
18.6763 -366.359 2999.86
42.5826 448.872 2846.54
-93.0508 254.327 2966.53
FRAME: 200
-122.837 694.72 2788.88
-273.986 204.493 3064.06
65.1593 -633.281 3173.86
-220.939 81.2693 2827.8
-154.497 60.4157 3061.58
-163.414 -346.642 3099.61
-256.317 462.195 2991.1
-104.004 457.799 2922.7
141.727 203.705 2899.39
83.4627 -764.034 3202.16
-77.7609 87.0283 2801.06
13.6012 55.5081 2985.93
32.5122 -369.441 3038.89
48.3093 453.403 2854.29
-87.2259 257.88 2973.23
FRAME: 201
-114.965 703.441 2800.77
-269.883 211.299 3072.49
56.8742 -596.717 3180.5
-229.052 84.4085 2812.74
-148.969 72.1432 3070.76
-153.007 -332.199 3106.63
-248.198 469.983 2998.41
-95.9399 464.498 2929.89
143.123 209.411 2907.06
83.6958 -761.114 3246.42
-89.4625 102.782 2800.54
20.7006 66.0491 2994.33
47.9131 -356.886 3067.33
56.3183 459.012 2861.37
-80.0371 266.797 2981.22
FRAME: 202
-108.623 708.966 2808.81
-258.604 212.173 3083.18
-39.1805 -444.649 3154.96
-236.757 110.703 2803.05
-142.705 85.8135 3083.18
-158.3 -321.444 3111.19
-236.085 478.103 3009.1
-87.2714 469.86 2937.26
143.506 211.263 2910.19
82.6265 -754.003 3266.23
-94.5433 89.6521 2801.59
26.5308 76.4685 3001.38
57.5537 -336.986 3096.06
61.5426 461.617 2865.43
-72.6793 275.5 2989.77
FRAME: 203
-102.319 710.77 2818.48
-254.085 213.932 3079.07
-87.9552 -373.389 3158.79
-196.442 112.001 2807.6
-138.481 96.5283 3094.09
-169.396 -309.108 3131.25
-231.024 483.568 3013.2
-81.6859 475.289 2942.92
136.606 212.38 2913.4
81.1978 -748.903 3269.94
-93.5298 78.0563 2804.12
36.3248 87.2256 3012.17
61.8145 -327.157 3112.64
67.652 467.011 2872.64
-66.3819 283.583 2998.03
FRAME: 204
-94.2906 713.398 2828.72
-250.962 213.71 3079.36
-107.328 -388.545 3167.74
-224.262 121.321 2795.16
-133.594 95.7859 3095.31
-161.426 -313.931 3129.75
-225.036 485.776 3016.07
-76.7524 476.689 2945.96
139.11 212.382 2914.59
81.886 -748.432 3274.19
-93.5352 89.4746 2805.51
36.496 85.5824 3014.88
68.7161 -329.454 3127.33
71.5314 467.602 2875.85
-62.6508 283.687 3000.53
FRAME: 205
-87.7336 714.163 2833.76
-245.73 211.145 3080.71
-115.302 -346.694 3166.56
-204.517 120.519 2814.7
-124.848 91.9851 3103.84
-152.558 -334.595 3141.89
-217.419 487.021 3020.97
-70.9068 476.896 2949.65
142.112 213.31 2917
84.5983 -743.765 3277.81
-88.3882 86.0463 2807
40.8673 80.6269 3023.04
74.7293 -326.586 3134.44
75.6054 466.771 2878.33
-56.4485 281.601 3006.55
FRAME: 206
-83.1338 714.228 2836.45
-229.377 225.617 3098.05
47.7094 -554.551 3285.01
-144.83 93.3484 2808.57
-113.427 95.7615 3108.3
-145.094 -324.954 3145.9
-210.384 488.873 3027.41
-65.7536 478.228 2952.62
144.71 215.437 2915.69
84.8904 -739.056 3279.54
-76.0242 82.8199 2828.38
44.7526 84.2261 3026.44
79.6903 -320.198 3136.91
78.8766 467.583 2877.82
-50.0455 284.111 3009.99
FRAME: 207
-75.3491 715.57 2836.46
-214.797 234.529 3114.62
47.4564 -547.537 3280.18
-121.106 88.239 2832.74
-109.327 99.8376 3104.71
-145.475 -317.495 3139.51
-201.079 492.911 3036.22
-57.4892 480.774 2958.68
152.064 218.279 2916.18
83.4962 -738.721 3283.52
-56.0982 86.6749 2848.11
43.4615 86.9833 3022.29
88.0691 -312.232 3140.31
86.1004 468.637 2881.15
-45.2109 287.092 3011.09
FRAME: 208
-69.0481 714.409 2843.56
-208.925 235.172 3132.37
70.073 -607.607 3287.82
-102.38 81.1533 2849.82
-94.9705 98.9202 3110
-137.642 -322.379 3147.02
-191.265 493.453 3049.27
-48.2231 481.777 2966.83
165.997 221.241 2923.24
84.2287 -731.858 3282.19
-13.8714 53.6432 2865
52.8279 86.8883 3024.71
96.3963 -308.128 3139.27
94.8192 470.1 2884.39
-34.6472 287.34 3017.09
FRAME: 209
-65.7848 718.216 2844.64
-203.271 234.831 3141.69
79.9907 -668.917 3259.35
-89.3718 79.2452 2863.68
-89.4635 98.1254 3114.78
-125.992 -316.365 3155.22
-186.216 494.837 3053.95
-41.1044 483.696 2972.25
175.633 221.366 2930.93
85.2306 -728.54 3284.11
-7.28972 47.5216 2873.34
61.5971 86.5443 3029.42
97.6219 -308.637 3137.04
104.007 472.554 2890.56
-27.5188 288.015 3022.17
FRAME: 210
-59.8339 720.131 2851.33
-197.384 241.719 3148.92
52.331 -598.106 3249.99
-162.349 81.7709 2878.3
-85.8433 106.874 3127.37
-124.647 -302.14 3169.06
-179.582 503.353 3061.15
-34.4735 490.138 2976.43
176.934 223.714 2929.84
86.6944 -729.978 3288.11
-9.6285 62.1337 2886.92
69.7682 92.7548 3036.37
99.4532 -310.462 3138.77
110.635 476.922 2891.71
-21.2555 294.976 3029.15
FRAME: 211
-56.6554 721.949 2858.17
-196.777 245.089 3151.06
-11.7548 -486.002 3220.96
-158.827 93.5044 2882.38
-82.7831 112.62 3132.07
-127.791 -298.279 3185.59
-173.916 509.012 3064.55
-28.8097 495.367 2980.78
181.529 228.04 2933.81
84.1559 -735.867 3286.15
-22.0625 71.3407 2891.91
74.7676 97.9089 3041.08
85.6111 -315.795 3136.26
116.296 481.722 2897.02
-16.4087 300.316 3033.68
FRAME: 212
-55.587 723.433 2864.6
-194.373 243.03 3150.43
-47.503 -399.597 3190.62
-144.889 78.0664 2895.56
-83.6447 114.718 3135.65
-121.963 -306.675 3189.15
-174.203 509.363 3065.77
-27.8797 496.096 2983.6
179.235 227.633 2933.5
82.0268 -740.899 3282.39
-32.889 79.2586 2895.73
78.7681 100.107 3044.56
79.9975 -311.972 3130.45
118.444 482.83 2901.43
-15.159 301.754 3036.85
FRAME: 213
-54.9438 724.255 2873.07
-195.331 240.84 3153.6
-49.4283 -339.913 3172.96
-182.147 87.2389 2918.16
-86.2486 110.8 3138.09
-128.504 -308.651 3184.39
-172.522 508.97 3071.12
-27.1429 495.668 2989.12
177.528 228.91 2939.23
83.1993 -741.855 3283.15
-64.321 80.6751 2891.69
77.5829 95.907 3045.78
79.373 -312.891 3133.07
118.236 482.366 2907.11
-15.7379 299.511 3040.53
FRAME: 214
-53.3991 722.829 2884.02
-197.521 235.946 3154.02
-39.4521 -438.694 3198.23
-184.459 98.0976 2894.93
-87.2958 110.31 3140.72
-125.515 -312.186 3178.88
-172.563 506.257 3072.33
-28.0761 492.876 2990.9
174.896 227.057 2939.02
81.6669 -742.102 3278.47
-60.4181 83.2168 2894.67
76.8115 95.1892 3048.37
76.2338 -314.326 3121.77
116.411 479.496 2909.47
-16.6591 297.813 3042.72
FRAME: 215
-54.8015 722.284 2886
-198.445 235.127 3154.94
-1.44532 -507.585 3233.01
-198.199 93.7624 2915.56
-88.3855 108.648 3145.1
-126.566 -323.933 3177.47
-173.371 505.651 3078.47
-29.4776 491.683 2994.78
165.364 224.961 2942.22
80.3112 -744.757 3282.55
-80.4051 75.9779 2890.36
74.883 92.9196 3050.36
73.7211 -319.079 3120.26
114.416 477.716 2911.09
-18.1144 296.234 3046.25
FRAME: 216
-59.7411 720.221 2885.12
-201.261 235.588 3156.15
34.7387 -567.931 3249.39
-214.131 91.8138 2929.69
-91.2837 106.794 3145.29
-127.942 -323.659 3180.02
-175.858 504.849 3081.93
-34.7176 490.72 2996.61
144.922 237.201 2934.43
76.0685 -744.047 3275.13
-81.3127 86.3389 2916.41
68.1377 91.0855 3049.44
61.6383 -320.176 3107.62
106.423 476.591 2911.28
-23.1453 294.83 3046.99
FRAME: 217
-64.3267 718.301 2891.6
-210.868 242.127 3170.85
53.086 -610.699 3267.26
-289.325 100.371 2926.76
-97.1343 100.128 3142.08
-140.353 -331.951 3175.81
-177.988 501.432 3088.26
-41.2444 487.718 3001.33
136.196 236.838 2934.64
70.5956 -744.212 3266.8
-78.5084 98.6788 2919.42
54.638 85.0553 3045.94
49.807 -325.74 3097.34
95.4989 474.005 2914.4
-31.2462 290.155 3047.67
FRAME: 218
-72.4825 717.954 2894.25
-214.96 235.098 3175.32
29.2389 -592.698 3267.39
-325.91 145.789 2948.95
-110.132 111.85 3153.73
-151.943 -309.041 3188.53
-183.121 505.644 3098.08
-49.2318 488.722 3007.31
110.373 213.395 2933.56
71.8974 -748.613 3273.38
-95.7114 112.423 2932.07
44.5873 92.4922 3048.97
36.4366 -325.465 3092.43
84.6578 471.8 2916.55
-41.0022 295.447 3054.33
FRAME: 219
-85.2249 717.92 2899.66
-223.597 231.732 3180.14
54.7739 -632.553 3260.78
-258.652 116.889 2927.66
-112.755 100.964 3152.02
-130.507 -327.769 3178.62
-185.693 503.731 3104.84
-57.8654 487.114 3007.59
87.3925 210.503 2930.74
68.9276 -750.428 3272.73
-127.967 134.641 2917.23
34.3035 82.1894 3040.63
33.6137 -339.781 3095.33
69.9623 470.497 2910.33
-48.5454 289.345 3051.96
FRAME: 220
-90.8034 718.564 2908.07
-229.75 233.028 3188.79
81.4413 -669.528 3249.66
-262.149 120.961 2929.33
-117.441 91.1493 3145.63
-129.654 -339.725 3177.3
-185.517 497.203 3110.44
-63.8308 483.542 3011
87.1962 216.666 2952.01
64.9864 -753.648 3262.43
-103.804 114.97 2901.12
26.6714 75.1814 3028.64
28.8643 -353.596 3090.78
57.8555 469.882 2911.56
-54.6078 283.354 3049.07
FRAME: 221
-97.5771 717.839 2908.29
-229.339 238.548 3184.67
61.5488 -700.863 3245.1
-332.746 183.877 2965.11
-116.482 94.2282 3155.44
-128.781 -307.897 3170.16
-189.92 500.444 3112.77
-74.192 484.273 3006.58
65.5452 207.484 2938.93
59.9079 -755.928 3253.25
-117.647 99.4179 2904.04
19.7316 75.6529 3031.05
14.7491 -353.596 3074.58
41.5356 468.102 2900.39
-61.2836 284.607 3049.91
FRAME: 222
-103.422 720.467 2913.03
-220.172 261.395 3200.5
52.752 -677.248 3251.39
-242.691 198.464 2916.69
-119.791 97.0073 3152.19
-123.614 -309.333 3194.01
-189.082 499.588 3113.79
-78.4862 483.654 3007.27
59.2254 215.318 2948.64
53.8674 -765.926 3239.3
-140.846 132.334 2904.93
10.774 78.4502 3026.69
0.0159887 -359.985 3068.26
32.1097 467.72 2900.74
-66.4974 285.691 3048.35
FRAME: 223
-112.051 720.057 2916.23
-210.719 273.399 3204.87
59.7512 -689.378 3278.21
-312.335 223.767 2957.25
-116.845 100.322 3150.86
-114.761 -312.743 3204.21
-184.867 499.84 3116.13
-88.1024 481.229 3001.32
-0.146444 220.69 2912.29
47.1892 -758.764 3217
-164.731 154.979 2914.24
-6.25667 79.3428 3020.22
-12.1464 -359.885 3040.94
8.66192 462.617 2886.51
-74.8265 285.531 3043.43
FRAME: 224
-119.643 722.753 2908.52
-208.404 279.99 3207.92
34.1639 -671.418 3250.2
-310.161 251.287 2954.47
-117.377 103.714 3153.64
-119.71 -306.4 3204.87
-180.704 501.633 3106.06
-92.8624 480.514 2991.37
-61.0468 229.931 2893.76
40.209 -745.546 3186.83
-200.561 163.505 2962.21
-11.2922 78.86 3020.58
-27.486 -355.762 3008.21
-5.02132 459.395 2876.69
-78.5985 285.9 3039.24
FRAME: 225
-128.127 720.867 2909.38
-203.043 289.88 3210.29
45.37 -700.026 3229.57
-302.092 272.29 2966.01
-112.357 105.869 3157.24
-108.195 -312.398 3197.46
-182.161 504.634 3110.63
-105.315 481.566 2989.31
-124.186 246.154 2877.06
36.6776 -760.768 3152.7
-285.56 238.124 3020.43
-20.8513 78.7585 3015.84
-40.8072 -359.554 2990.85
-28.4699 458.498 2867.99
-85.9596 286.94 3037.93
FRAME: 226
-136.884 718.626 2912.81
-194.752 292.972 3205.32
48.2771 -710.513 3247.12
-306.601 298.488 2998.51
-103.086 110.091 3155.31
-111.488 -315.066 3180.38
-181.191 507.706 3111.72
-112.747 483.661 2986.54
-155.929 256.538 2864.8
38.9117 -790.516 3105.53
-315.801 282.136 3059.92
-24.0274 82.6026 3011.27
-48.3283 -364.087 2970.21
-44.3017 459.615 2861.36
-88.1517 290.004 3034.92
FRAME: 227
-147.301 715.917 2907.78
-202.573 296.295 3176.19
46.414 -715.34 3234.21
-277.144 306.593 2970.58
-101.473 107.335 3144.24
-102.353 -323.264 3172.86
-175.718 507.166 3111.72
-116.503 483.929 2984.02
-147.055 253.059 2867.54
39.0583 -810.985 3071.77
-284.637 254.756 3043.9
-32.1869 81.8396 3000.65
-48.2067 -372.035 2959.68
-57.2886 460.692 2856.32
-91.6667 289.258 3028.23
FRAME: 228
-153.646 711.804 2901.5
-200.796 299.141 3149.44
46.1442 -721.331 3223.37
-210.667 281.201 2978.09
-97.6278 99.7214 3134.53
-107.063 -325.414 3161.98
-172.068 505.171 3106.72
-120.716 483.911 2978.04
-148.923 253.081 2866.76
36.7017 -821.19 3026.74
-234.617 198.961 3019.01
-36.716 76.3621 2989.5
-52.8915 -373.147 2938.13
-69.364 462.652 2849.36
-93.9441 285.976 3020.03
FRAME: 229
-163.269 710.811 2890.29
-198.243 299.758 3136.05
50.3206 -730.392 3213.82
-221.376 287.863 2958.81
-90.406 87.3302 3118.76
-97.9617 -342.868 3149.29
-169.155 499.086 3104.58
-128.858 480.446 2970.8
-155.62 250.082 2862.35
33.6169 -833.49 2992.9
-197.845 161.746 2998.5
-43.4711 67.1582 2972.32
-52.9403 -379.888 2924.19
-88.5603 461.806 2837.03
-97.8981 278.845 3008.17
FRAME: 230
-172.232 703.218 2873.64
-209.243 301.474 3136.71
60.4276 -721.915 3237.28
-246.772 300.167 2930.12
-89.6237 92.134 3106.66
-88.7321 -336.447 3150.74
-170.553 508.849 3096.74
-142.052 486.714 2953.28
-167.757 263.412 2852.35
23.6305 -858.585 2897.47
-175.699 128.381 2972.22
-55.7215 68.1911 2947.44
-50.8349 -383.092 2899
-113.552 464.58 2809.82
-107.363 283.439 2990.16
FRAME: 231
-186.384 693.644 2857.08
-216.495 292.742 3113.48
55.0862 -734.823 3227.58
-243.062 311.685 2909.03
-91.7888 69.7548 3087.17
-84.9993 -352.415 3143.04
-184.259 492.122 3087.52
-150.883 475.163 2943.46
-174.91 258.832 2855
16.61 -868.564 2851.04
-186.864 126.942 2964.48
-54.1066 51.2138 2925.96
-46.8439 -396.14 2868.39
-117.506 458.204 2799.39
-111.915 267.823 2975.01
FRAME: 232
-200.466 682.184 2842.04
-235.848 302.507 3081.72
57.4676 -737.507 3184.27
-260.961 334.139 2851.88
-99.2523 66.1531 3070.58
-77.1599 -360.778 3129.19
-197.085 490.699 3061.6
-157.067 473.834 2924.39
-186.98 249.067 2843.69
12.1911 -879.254 2800.14
-198.19 121.728 2945.58
-52.364 48.598 2913.09
-44.2683 -419.381 2840.49
-117.048 456.97 2787.18
-116.437 265.605 2958.11
FRAME: 233
-208.443 660.512 2827.39
-265.741 267.467 3077.82
37.5737 -744.055 3171.29
-270.064 346.804 2836.2
-132.854 32.4814 3063.67
-117.285 -406.357 3104.67
-225.087 441.276 3044.5
-152.555 430.089 2912.12
-76.3006 210.91 2848.23
12.6928 -851.342 2740.81
-14.1319 -50.6119 2840.19
-36.4344 19.8047 2901.81
-37.0116 -405.779 2802.27
-80.0226 418.901 2779.75
-118.6 228.116 2947.43
FRAME: 234
-218.869 646.149 2812.99
-263.202 259.133 3033.02
-2.29521 -722.129 3186.33
-243.042 286.846 2849.81
-114.937 30.4485 3058.75
-128.223 -407.73 3070.02
-208.523 434.918 3030.95
-150.129 415.061 2899.36
-53.8116 163.07 2836.54
7.44869 -856.696 2700.53
-45.928 -86.5082 2807.54
-38.354 7.29171 2906.73
-34.264 -409.574 2787.21
-91.7347 395.204 2767.77
-113.387 216.965 2941.05
FRAME: 235
-221.109 625.656 2799.79
-293.603 220.905 2987.38
-31.6237 -744.745 3210.8
-237.982 261.022 2814.34
-110.536 3.77851 3039.4
-132.182 -423.16 3063.65
-208.415 414.9 3028.89
-142.086 397.454 2888.17
-31.7012 161.708 2820.27
6.43819 -864.473 2658.66
-36.404 -101.673 2786.45
-29.8318 -14.9641 2879.71
-35.126 -418.442 2736.27
-75.7569 380.007 2747.45
-106.135 195.93 2923.86
FRAME: 236
-221.252 594.251 2763.85
-273.603 171.483 2950.72
-25.6975 -769.448 3156.51
-241.988 245.362 2788.92
-100.421 -18.2744 2985.02
-138.954 -445.18 3009.1
-200.002 401.838 3010.66
-149.039 393.903 2852.53
-67.0357 175.02 2788.6
-1.20156 -879.913 2639.07
-27.3024 -94.6353 2774.74
-36.446 -26.985 2802.38
-38.3228 -445.598 2714.73
-98.0755 385.968 2694.4
-108.736 185.637 2873.12
FRAME: 237
-223.553 574.399 2738.28
-271.59 157.158 2924.39
-25.4541 -774.468 3138.46
-248.046 188.457 2722.89
-93.7236 -23.3286 2965.99
-140.383 -453.76 2981.93
-203.749 393.122 2983.47
-151.841 381.68 2826.24
-60.188 154.083 2775.99
-10.5392 -894.777 2611.05
-36.9201 -121.385 2747.93
-32.6067 -35.8532 2792.41
-48.9266 -460.927 2690.26
-99.9336 370.238 2669
-107.503 176.045 2852.72
FRAME: 238
-220.595 549.114 2707.43
-262.505 59.3483 2840.14
-9.20929 -799.644 3104.82
-239.465 143.784 2674.29
-82.0593 -45.2104 2936.5
-126.215 -482.758 2954.72
-201.07 368.832 2973.71
-151.612 353.889 2798.72
-83.6561 149.708 2731.63
-23.5191 -903.625 2613.14
8.30659 -171.035 2708.03
-33.2981 -61.1427 2769.07
-56.8783 -480.91 2665.13
-102.154 338.946 2623.74
-104.645 150.356 2825.75
FRAME: 239
-210.471 527.986 2671.26
-270.766 40.979 2844.45
6.31866 -828.339 3066.55
-243.544 88.7951 2651
-83.2838 -80.8632 2909.04
-125.396 -508.63 2941.81
-201.471 353.341 2957.77
-148.144 343.727 2780.43
-67.112 120.27 2683.41
-28.1241 -915.771 2594.25
-26.0826 -146.629 2699.46
-31.1666 -91.2299 2735.85
-72.8548 -512.704 2614.61
-94.8168 334.112 2603.09
-102.685 128.84 2801.44
FRAME: 240
-203.829 506.255 2642.53
-278.34 11.1202 2809.08
-8.95494 -843.402 3031.94
-241.19 -12.912 2568.15
-89.4689 -89.4409 2877.65
-148.252 -513.463 2902.66
-202.521 329.368 2907.9
-141.772 316.875 2738.3
-71.1689 94.238 2632.03
-35.8538 -919.493 2578.14
-57.9861 -129.087 2667.51
-27.5738 -103.227 2712.12
-87.6477 -516.614 2580.78
-81.0218 304.381 2568.7
-100.146 110.27 2766.59
FRAME: 241
-181.149 480.196 2596.68
-185.101 -8.70804 2837.74
-41.2437 -871.721 2956.89
-320.208 -154.903 2659.29
-87.5974 -113.457 2839.17
-140.16 -538.986 2844.55
-188.192 298.79 2874.62
-119.356 281.128 2689.87
-65.0206 15.2483 2470.46
-39.8772 -921.405 2566.51
-100.498 -146.681 2608.4
-23.3359 -131.455 2671.65
-101.802 -528.048 2516.74
-50.5194 263.466 2505.12
-87.4112 79.3361 2722.64
FRAME: 242
-162.007 459.255 2548.68
-171.64 26.4399 2826.47
-49.5583 -894.923 2935.18
-281.742 -158.689 2587.64
-107.303 -129.256 2809.74
-165.07 -555.039 2812.83
-181.161 263.603 2753.11
-104.992 239.557 2616.98
-11.4147 -34.5611 2387.8
-25.744 -934.943 2551.32
-225.257 -194.921 2471.2
-0.424925 -163.363 2621.03
-94.263 -556.933 2483.75
-28.822 215.512 2480.85
-79.4279 46.6239 2666.18
FRAME: 243
-149.969 447.513 2512.76
-187.078 13.3926 2809.58
-45.0148 -904.204 2910.53
-272.749 -182.202 2511
-114.311 -156.358 2733.29
-165.473 -569.197 2780.97
-196.126 244.392 2712.97
-99.8087 228.63 2584.2
28.6377 -26.9578 2371.03
-21.6297 -964.119 2517.27
-125.931 -224.19 2304.26
-5.94477 -174.91 2587
-98.49 -579.724 2459.08
-3.49164 212.869 2455.43
-79.9682 31.4982 2622.17
FRAME: 244
-139.964 441.552 2478.68
-202.449 -0.150701 2768.86
-40.4755 -914.733 2890.14
-276.459 -195.757 2526.19
-110.329 -174.068 2682.93
-159.321 -581.055 2762.57
-205.072 229.778 2677.27
-97.0391 219.931 2554.91
71.8224 -24.9425 2346.31
-19.4232 -971.171 2502.22
-63.7129 -233.52 2243.42
-2.37155 -183.907 2560.47
-84.2851 -598.676 2444.57
10.9933 210.084 2432.55
-76.6947 20.4718 2588.3
FRAME: 245
-134.544 439.327 2449.49
-235.485 -21.1704 2710.6
-55.3004 -891.197 2815.1
-259.962 -179.386 2446.9
-113.885 -179.464 2661.89
-153.418 -579.042 2743.12
-207.839 224.254 2649.94
-90.9428 212.135 2528.67
111.56 -26.4284 2312.41
-16.9114 -967.594 2495.59
-0.827622 -242.953 2178.72
5.26117 -192.486 2537.64
-75.0858 -607.371 2426.56
25.9536 200.016 2407.4
-72.6273 13.0797 2564.22
FRAME: 246
-130.574 444.75 2425.89
-241.696 -20.0179 2676.98
-51.8479 -890.778 2805.74
-249.974 -190.62 2376.64
-126.409 -180.624 2639.78
-142.99 -576.881 2712.83
-215.484 222.362 2630.27
-89.1047 215.85 2514.64
134.111 -7.8027 2291.5
-18.3886 -959.574 2484.73
83.0476 -233.796 2132.42
17.4738 -188.067 2507.34
-83.1942 -598.933 2409.06
37.2745 209.338 2399.01
-71.7861 15.7523 2544.1
FRAME: 247
-126.323 450.99 2398.62
-252.877 -24.3557 2638.59
-46.3365 -879.181 2833.97
-246.13 -180.739 2342.16
-133.182 -169.334 2619.93
-147.126 -575.75 2660.87
-228.676 226.435 2594.63
-89.8333 219.245 2490.91
151.556 -1.11936 2276.04
-13.4067 -938.119 2477.13
157.231 -214.519 2097.02
21.1738 -177.018 2504.31
-93.9852 -571.215 2400.25
49.0092 212.054 2387.18
-72.9186 23.0344 2526.51
FRAME: 248
-120.975 459.265 2358.8
-257.63 -19.9075 2613.13
-50.9147 -876.306 2865.95
-233.63 -185.341 2296.18
-139.307 -155.569 2605.9
-156.99 -563.262 2652.99
-236.804 238.33 2561.51
-89.5605 226.405 2463.21
199.47 19.081 2235.22
-13.3361 -942.224 2476.47
262.019 -176.74 2050.5
20.7523 -168.154 2498.99
-90.5532 -575.744 2397.72
57.6834 214.48 2364.9
-74.4189 32.2717 2507.82
FRAME: 249
-120.144 467.26 2335.69
-266.363 -8.14387 2588.96
-47.4272 -876.93 2868.46
-252.389 -185.948 2290.95
-140.351 -146.635 2593.81
-151.375 -563.646 2645.66
-240.128 250.309 2539.27
-90.463 235.311 2440.86
215.496 25.2996 2224.81
-17.0482 -942.75 2469.67
318.191 -157.402 2033.46
17.7732 -162.259 2489.91
-94.1968 -573.318 2389.98
59.2018 220.312 2342.46
-75.8759 40.4318 2491.36
FRAME: 250
-119.859 474.357 2317.47
-276.619 10.7244 2581.53
-40.4751 -878.586 2875.07
-260.744 -187.842 2295.26
-141.56 -139.593 2581.79
-143.154 -562.056 2658.46
-245.378 257.303 2523.15
-93.4777 241.4 2424.61
221.831 32.0695 2220.6
-23.3771 -939.434 2489.31
357.394 -138.275 2030.91
14.4315 -155.77 2480.69
-91.2379 -563.285 2387.56
58.4229 225.497 2326.08
-78.5209 46.859 2477.93
FRAME: 251
-121.578 479.526 2301.38
-278.537 10.7132 2565.6
-42.5048 -869.187 2853.96
-267.931 -203.327 2304.69
-143.351 -125.645 2576.51
-149.011 -549.72 2641.46
-250.243 265.401 2509.54
-95.5737 247.708 2412.84
225.38 41.8481 2216.94
-24.4221 -944.467 2487.58
357.248 -129.616 2050.84
12.0007 -143.353 2479.49
-90.0092 -563.333 2380.04
59.0957 230.015 2316.13
-80.6243 56.6045 2470.42
FRAME: 252
-123.019 485.502 2288.21
-283.699 21.0854 2556.3
-39.7152 -872.696 2855.14
-280.142 -205.487 2314.71
-147.087 -114.206 2569
-150.246 -548.146 2650.56
-254.819 271.796 2496.19
-98.5874 253.33 2401.51
228.795 51.5248 2217.96
-26.3153 -942.621 2486.65
363.042 -105.458 2060.5
9.17211 -132.784 2474.27
-90.6898 -555.912 2379.78
57.6437 234.863 2306.83
-83.7724 64.9176 2461.57
FRAME: 253
-124.587 489.865 2273.57
-293.246 35.8318 2552.76
-37.5564 -864.996 2826.43
-302.895 -214.267 2340.52
-153.212 -100.674 2563.24
-151.148 -542.99 2647.76
-257.41 280.257 2484.21
-101.11 259.936 2391.36
230.735 60.7976 2215.57
-27.7484 -941.074 2487.53
364.061 -89.8208 2069.06
4.80534 -121.281 2469.41
-89.1642 -548.286 2378.49
55.1896 239.614 2298.52
-87.6568 74.479 2453.85
FRAME: 254
-125.565 493.936 2263.19
-301.528 48.7996 2554.26
-33.1112 -877.607 2815.77
-320.267 -214.585 2342.22
-156.92 -99.9107 2557.99
-147.134 -546.739 2652.91
-257.565 284.389 2475.19
-102.364 263.969 2384.28
227.639 71.2981 2218.11
-28.401 -940.249 2489.33
373.556 -79.0963 2071.05
3.28389 -120.997 2464.18
-85.769 -543.91 2382.5
52.8375 243.55 2293.37
-89.5908 76.7577 2447.68
FRAME: 255
-127.695 494.404 2252.39
-301.77 48.7852 2552.58
-42.9704 -870.251 2791.07
-324.714 -215.764 2348.57
-161.426 -93.1769 2557.99
-158.686 -532.781 2636.43
-259.6 293.616 2469.56
-105.26 270.688 2376.76
225.439 78.013 2209.63
-27.6348 -937.588 2494.22
388.91 -90.8156 2058.64
0.430572 -117.138 2460.71
-88.0474 -543.907 2384.01
49.0802 247.76 2283.96
-92.8789 82.7653 2443.06
FRAME: 256
-127.636 496.271 2246.18
-302.446 53.2879 2557.72
-39.1696 -878.9 2785.85
-332.446 -216.715 2361.52
-162.389 -90.3087 2552.67
-158.217 -520.647 2640.62
-258.137 292.97 2470.4
-105.999 270.282 2375.7
218.507 78.7902 2207.58
-27.559 -937.168 2498.32
390.105 -90.8236 2058.52
-1.6941 -113.93 2452.62
-83.7752 -538.618 2398.68
46.1388 247.593 2281.01
-94.0201 84.0813 2439.17
FRAME: 257
-130.265 494.409 2241.07
-306.589 50.7822 2558.84
-50.3248 -875.322 2744.62
-338.065 -222.025 2359.53
-166.26 -89.6176 2555.54
-167.226 -517.869 2625.12
-261.981 294.898 2469.39
-109.051 270.373 2372.78
219.157 77.2589 2200.88
-26.0798 -936.68 2499.75
389.556 -93.9383 2048.38
-3.73949 -115.221 2452.83
-84.4687 -542.311 2397.65
43.8794 245.849 2276.16
-97.0252 83.9771 2438.48
FRAME: 258
-131.847 495.291 2238.3
-310.156 53.4506 2557.88
-52.899 -879.908 2683.96
-345.738 -218.662 2369.25
-166.207 -89.9965 2555.05
-164.699 -518.503 2623.8
-263.194 295.711 2467.86
-110.303 271.056 2370.93
218.413 76.6665 2202.61
-26.461 -936.725 2494.11
387.495 -94.5917 2050.68
-4.39671 -115.579 2452.65
-83.798 -541.582 2394.55
42.5881 246.402 2274
-97.8025 84.1342 2437.39
FRAME: 259
-132.909 495.838 2240.13
-310.777 53.487 2560.99
-51.4919 -877.987 2673.61
-350.325 -207.288 2378.15
-166.663 -90.5394 2555.27
-168.222 -512.316 2621.25
-265.987 295.864 2469.98
-112.571 272.276 2371.8
217.25 79.227 2204.24
-27.3193 -936.448 2490.65
377.976 -85.5088 2054.45
-4.03845 -115.298 2451.34
-85.736 -545.115 2386.88
40.8437 248.689 2273.61
-98.961 84.6788 2437.55
FRAME: 260
-134.635 494.791 2240.54
-311.263 53.6148 2563.16
-51.5021 -874.37 2671.85
-358.551 -225.067 2404.61
-167.824 -88.9996 2556.69
-170.424 -507.641 2615.57
-267.54 296.255 2470.56
-114.134 272.437 2372.25
216.853 78.7187 2205.46
-26.728 -938.769 2480.91
384.955 -100.987 2046.93
-5.2915 -114.054 2452.64
-87.1157 -544.142 2383.28
39.2733 248.619 2273.95
-100.346 85.4551 2438.46
FRAME: 261
-135.814 494.28 2248.72
-309.56 51.3397 2564.63
-51.5591 -881.983 2694.92
-362.712 -231.339 2421.11
-167.183 -89.901 2554.7
-169.829 -520.826 2612.81
-264.927 294.631 2471.16
-113.973 272.487 2374.22
215.218 76.8246 2210.29
-24.627 -947.165 2480.01
381.283 -107.275 2048.05
-5.04189 -113.566 2450.56
-91.4733 -550.981 2380.14
36.9816 250.343 2277.27
-100.043 85.3767 2438.42
FRAME: 262
-137.204 494.885 2245.14
-310.53 55.4801 2573.72
-43.5894 -871.68 2725.31
-364.44 -227.119 2440.29
-165.391 -91.3639 2562.56
-164.336 -513.922 2617.67
-266.27 294.366 2479.36
-113.849 270.954 2379.08
214.535 73.7397 2214.78
-28.1284 -938.099 2478.64
375.785 -112.357 2064.74
-3.82142 -115.903 2456.45
-89.5335 -544.737 2383.43
38.572 247.543 2278.79
-99.2277 83.6604 2444.29
FRAME: 263
-140.992 492.428 2255.32
-307.756 50.8922 2581.3
-48.4171 -882.598 2731.82
-365.235 -242.87 2469.34
-168.629 -92.5046 2565.51
-173.707 -519.891 2620.73
-265.162 293.442 2477.96
-115.616 270.066 2379.72
214.521 67.2169 2223.44
-22.2035 -951.972 2481.28
365.71 -116.491 2082.24
-5.65576 -117.806 2458.43
-93.2335 -555.785 2381.21
33.9303 246.691 2281.49
-101.379 82.4554 2445.85
FRAME: 264
-144.076 491.677 2255.09
-307.657 48.197 2594.1
-48.9833 -872.698 2722.33
-366.58 -251.987 2484.16
-169.795 -97.073 2575.57
-170.961 -516.099 2647.98
-267.187 290.902 2488.66
-116.814 267.219 2388.22
209.623 64.7496 2240.17
-22.9432 -945.741 2481.57
350.336 -127.427 2101.92
-5.28649 -122.809 2465.75
-91.4726 -553.086 2384.31
33.5588 243.536 2287.77
-102.177 78.6391 2454.44
FRAME: 265
-147.851 489.018 2267.9
-305.491 33.4708 2607.45
-50.0601 -873.524 2731.7
-363.357 -261.035 2496.57
-170.625 -100.543 2583.59
-171.511 -517.435 2652.47
-268.093 286.94 2504.42
-117.651 264.554 2401.43
207.073 60.3102 2258.82
-22.4642 -945.334 2483.3
334.148 -146.549 2120.51
-5.00142 -125.04 2470.2
-92.6388 -553.595 2389.18
32.7904 242.168 2298.43
-102.732 75.8814 2464.16
FRAME: 266
-150.354 485.392 2297.2
-299.17 32.2394 2642.72
-52.6868 -878.761 2719.76
-363.734 -254.083 2547.6
-172.535 -108.334 2601.45
-173.831 -519.385 2656.05
-264.371 282.662 2523.6
-115.574 261.469 2423.67
202.265 44.3176 2295.46
-19.7907 -946.77 2493.16
297.484 -176.991 2170.41
-3.73335 -132.198 2488.09
-95.1308 -557.368 2402.33
33.2222 240.276 2323.74
-101.854 70.6015 2484.22
FRAME: 267
-152.728 480.752 2327.33
-293.81 28.4796 2675.66
-52.8991 -867.216 2766.45
-365.792 -258.548 2580.33
-174.233 -117.553 2625.68
-174.037 -529.727 2679.3
-264.807 276.895 2553.53
-116.107 257.844 2454.1
202.884 35.3081 2326.86
-20.2313 -949.801 2502.94
281.909 -189.263 2204.41
-3.25558 -139.327 2511.25
-99.0643 -561.621 2416.87
32.5929 238.793 2354.67
-102.426 64.7019 2511.28
FRAME: 268
-153.096 481.603 2358.91
-292.125 25.9878 2702.71
-51.016 -870.38 2768.01
-370.066 -252.41 2610.34
-174.448 -120.217 2647.76
-184.436 -529.307 2682.1
-265.342 276.883 2580.4
-116.622 259.646 2481.9
199.967 34.4885 2366
-19.3607 -953.28 2514.11
266.1 -203.707 2251.61
-3.62689 -139.857 2534.51
-96.1129 -563.392 2437.31
32.0986 242.409 2383.39
-102.83 64.8045 2536.51
FRAME: 269
-155.047 488.833 2387.12
-289.592 26.9186 2729.44
-58.6999 -870.038 2833.78
-364.9 -260.726 2648.51
-173.771 -116.359 2666.9
-187.368 -527.363 2710.68
-261.773 277.643 2603.11
-115.931 262.508 2510.34
188.092 36.25 2410.87
-20.3735 -957.637 2521.09
238.924 -202.462 2295.22
-5.91802 -133.785 2559.97
-95.7068 -560.625 2467.15
29.9118 247.373 2417.56
-102.888 68.7179 2561.89
FRAME: 270
-153.202 495.091 2416.69
-287.387 28.5772 2758.71
-46.0025 -876.2 2842.4
-364.436 -256.672 2676.62
-176.678 -113.707 2693.44
-192.272 -526.498 2730.8
-260.965 281.299 2637.12
-116.064 268.084 2545.1
185.705 40.6903 2458.16
-20.2121 -959.93 2532.12
218.787 -210.545 2352.41
-5.51995 -129.244 2584.67
-95.946 -558.185 2487.08
28.836 254.87 2453.08
-103.582 73.3045 2592.08
FRAME: 271
-154.083 515.79 2466.99
-294.367 43.6616 2821.89
-51.8334 -867.335 2900.23
-363.666 -241.062 2742.23
-184.537 -101.068 2744.36
-189.251 -520.246 2808.97
-268.553 296.659 2702.57
-121.015 285.402 2607.52
174.184 60.3648 2568.46
-21.1076 -953.474 2561.24
183.949 -191.326 2451.16
-12.0222 -114.826 2632.94
-79.825 -548.929 2550.61
26.5221 274.145 2512.46
-109.647 88.7276 2648.08
FRAME: 272
-168.001 548.94 2555.09
-304.397 82.3149 2889.88
-53.7715 -871.487 2897.46
-364.881 -194.399 2810.32
-193.485 -60.3331 2819.39
-201.308 -492.373 2861.29
-277.442 328.197 2769.98
-133.52 319.848 2685.72
163.988 81.2341 2612.04
-18.09 -924.884 2594.98
145.561 -164.7 2529.75
-19.8497 -70.3356 2717.73
-54.9808 -500.313 2660.22
10.4027 311.499 2601.46
-120.094 127.257 2727.14
FRAME: 273
-170.387 564.973 2581.22
-309.182 91.0064 2923.04
-52.1021 -858.717 2953.42
-368.593 -178.383 2842.87
-197.86 -52.5539 2848.98
-206.62 -486.865 2906.77
-284 339.647 2808.7
-138.132 331.25 2719.22
161.145 100.071 2658.46
-10.3261 -909.955 2618.82
123.764 -142.466 2574.84
-27.3256 -62.5041 2744.31
-51.5254 -493.808 2680.91
7.73599 322.854 2629.75
-125.362 136.861 2757.93
FRAME: 274
-175.188 578.228 2600.89
-320.575 111.05 2950.13
-78.8826 -831.342 2999.4
-375.3 -146.507 2851.1
-202.249 -28.1397 2885.32
-213.904 -443.854 2958.65
-293.06 363.308 2836.16
-143.207 354.745 2746.31
162.233 122.209 2698.37
0.402709 -890.538 2649.42
112.655 -123.132 2607.86
-26.1849 -38.2361 2779.6
-47.2309 -475.403 2719.1
6.64496 346.182 2656.46
-128.712 160.778 2789.39
FRAME: 275
-176.755 597.482 2630.5
-328.033 140.29 2993.05
-63.6467 -816.449 2981.65
-383.421 -131.215 2884.35
-207.04 0.0800765 2924.05
-220.35 -418.696 2993.62
-299.663 384.797 2867.98
-148.144 375.786 2777.59
155.037 144.771 2733.51
4.3961 -880.348 2693.24
98.2557 -106.999 2654.62
-25.1972 -10.752 2815.56
-33.5521 -460.243 2772.87
3.37545 366.775 2687.19
-132.131 185.225 2823.7
FRAME: 276
-179.147 615.438 2653.03
-325.947 170.677 3015.8
-83.4322 -710.783 3042.76
-391.395 -104.384 2899.5
-201.986 11.6607 2949.36
-201.719 -410.15 3001.65
-296.613 400.675 2888.74
-148.281 391.244 2796.36
148.753 157.188 2758.84
9.43207 -874.201 2729.1
81.2969 -89.2488 2677.37
-24.1859 0.0928403 2838.07
-31.7046 -446.396 2795.03
0.0507772 381.813 2703.98
-130.684 198.56 2845.04
FRAME: 277
-178.183 631.531 2676.16
-327.522 170.957 3036.97
-113.871 -648.395 3089.36
-393.082 -90.2617 2901.93
-193.467 18.4549 2969.82
-195.229 -415.463 3000.66
-297.214 414.93 2921.32
-150.162 409.602 2825.12
143.069 171.142 2775.62
13.1833 -867.226 2772.04
64.6871 -75.4766 2690.41
-23.0832 12.1375 2857.95
-24.0296 -430.297 2822.26
-3.10919 404.275 2728.93
-129.218 212.449 2869.5
FRAME: 278
-177.702 645.439 2701.09
-335.406 187.584 3065.42
-71.8213 -697.38 3158.78
-408.194 -59.1157 2923.91
-201.766 37.4714 2996.5
-180.089 -392.401 3049.96
-305.505 432.4 2945.48
-154.055 428.471 2855.65
139.48 187.2 2813.52
11.2941 -846.028 2882.54
27.223 -42.2443 2746.51
-25.398 32.7283 2891.49
-27.7614 -408.028 2861.99
-2.60533 424.542 2765.83
-133.819 231.786 2899.82
FRAME: 279
-178.228 657.694 2721.27
-346.105 200.858 3085.6
7.88195 -750.839 3085.58
-410.146 -37.9833 2926.37
-203.403 53.1858 3017.5
-122.138 -357.522 3024.96
-308.888 442.72 2964.05
-155.556 440.134 2875.78
136.655 201.053 2838.27
15.2223 -832.41 2943.01
13.9 -28.7135 2767.33
-21.8589 49.9259 2912.54
-29.5846 -386.807 2897.18
-2.22395 437.547 2787.52
-134.093 245.845 2920.4
FRAME: 280
-179.157 669.876 2746.01
-347.298 205.86 3087.92
-6.11934 -698.997 3105.42
-418.519 -30.943 2922.62
-208.168 58.1627 3039.44
-128.307 -350.293 3048.95
-311.005 455.722 2972.67
-157.473 451.736 2890.5
133.92 209.185 2859.7
21.9633 -851.684 2990.91
14.4061 -33.17 2789.57
-25.1099 53.0531 2940.87
-31.9265 -397.19 2928.04
-3.94145 447.75 2808.33
-137.056 253.672 2940.33
FRAME: 281
-179.222 677.837 2759.49
-347.23 220.803 3103.96
-8.54487 -652.506 3154.54
-398.015 -14.587 2922.18
-205.341 71.3007 3053.85
-140.201 -329.792 3091.07
-313.005 461.246 2987.64
-157.106 457.143 2910.69
138.095 224.841 2887.91
24.0871 -804.428 3034.79
12.7483 3.08417 2802.09
-32.5616 67.1466 2967.37
-26.4747 -365.063 2937.27
-1.20683 453.041 2833.73
-138.029 263.183 2960.65
FRAME: 282
-176.994 684.988 2771.98
-348.321 222.513 3107.03
-13.2102 -652.75 3149.47
-394.185 -5.87438 2914.51
-201.957 78.3669 3063.27
-117.057 -312.736 3048.01
-310.784 468.955 2992.99
-153.976 464.134 2917.79
139.201 231.233 2903.82
23.1531 -799.683 3068.56
2.33989 1.18631 2817.53
-31.622 74.0087 2980.42
-19.8601 -354.279 2963.22
2.83077 459.313 2842.58
-135.383 270.161 2969.82
FRAME: 283
-169.059 694.177 2792.45
-343.459 224.16 3123.04
-23.2382 -644.537 3169.17
-336.69 36.6461 2947.42
-194.798 86.3365 3073.61
-109.496 -296.259 3064.34
-305.865 472.466 3006.93
-149.048 470.601 2931.59
142.507 244.662 2929.77
12.9134 -766.772 3158.77
-8.2272 31.7869 2848.49
-19.3825 84.1483 2989.38
-16.0955 -341.81 3001.91
7.7697 468.735 2856.24
-128.069 277.922 2981.54
FRAME: 284
-157.934 701.508 2813.11
-330.34 230.47 3136.88
-31.8342 -663.097 3220.35
-324.146 56.3712 2913.74
-189.434 97.8262 3087.59
-99.0493 -285.636 3094.64
-297.95 478.083 3023.07
-139.65 477.614 2950.29
149.724 251.369 2958.98
10.7192 -753.916 3180.14
-17.9918 74.5272 2886.55
-6.56309 97.3375 3003.68
2.4836 -318.793 3030.25
18.6498 477.145 2877.51
-118.824 287.598 2997.96
FRAME: 285
-147.049 708.891 2824.71
-311.145 227.354 3145.14
-33.6988 -657.056 3230.95
-304.411 76.0816 2876.5
-178.949 103.361 3102.74
-95.4763 -287.111 3109.76
-286.821 486.493 3036.02
-130.791 484.285 2962.43
151.324 257.13 2973.01
14.6487 -754.824 3216.03
-36.1538 67.3366 2886.37
-1.54293 100.928 3018.89
10.3898 -320.208 3056.04
25.2385 482.078 2888.84
-110.519 293.215 3011.62
FRAME: 286
-132.141 716.933 2842.36
-293.339 242.593 3152.35
-36.663 -638.997 3232.18
-216.941 144.764 3012.22
-157.548 108.334 3104.93
-112.74 -284.019 3114.72
-261.643 490.467 3048.41
-112.07 486.797 2974.63
154.713 253.549 2977.45
18.2019 -740.362 3236.62
-25.6972 72.9165 2894.57
4.42123 104.313 3025.09
21.041 -297.164 3085.02
37.5019 483.127 2900.85
-94.3169 296.56 3019.82
FRAME: 287
-120.89 721.496 2852.49
-276.116 239.712 3144.8
-17.232 -603.879 3260.17
-206.789 118.301 3007.76
-146.448 95.5277 3101.22
-137.1 -316.808 3147.43
-252.323 490.399 3051.38
-100.401 488.477 2983.29
160.299 251.47 2985.54
18.0581 -733.744 3255.19
-33.2998 79.777 2906.22
10.2926 93.3956 3031.19
23.9796 -299.704 3116.1
51.5219 486.555 2915.2
-84.2391 291.469 3024.75
FRAME: 288
-112.32 722.487 2857.29
-270.983 237.144 3145.16
-77.5046 -552.245 3248.04
-220.533 102.419 2932.24
-143.524 96.8801 3105.85
-141.09 -304.668 3149.91
-247.743 489.81 3054.41
-92.6475 488.768 2989.71
162.698 248.877 2992.88
19.004 -725.284 3263.92
-55.77 88.8994 2897.74
21.1831 95.7788 3037.15
36.938 -297.872 3125.69
62.4478 487.726 2925.01
-76.9089 292.549 3030.61
FRAME: 289
-96.6885 721.013 2863.93
-258.077 246.087 3151.94
-25.9605 -642.9 3275.68
-178.161 86.8834 2928.76
-141.297 94.9496 3105.31
-142.311 -320.622 3148.58
-238.265 490.355 3054.17
-81.0883 487.823 2994.27
171.883 239.77 3003.82
16.545 -721.292 3266.35
-46.3999 113.512 2913.82
26.7353 92.2425 3041.08
43.7717 -298.862 3127.86
76.088 485.292 2934.37
-69.1845 290.71 3033.73
FRAME: 290
-82.5887 718.136 2869.94
-250.049 238.836 3147.96
-26.3703 -654.917 3285.01
-175.511 87.8265 2889.39
-130.877 87.2663 3107.62
-127.273 -323.754 3153.34
-230.837 487.951 3053.6
-70.6737 486.291 2998.22
177.552 238.833 3011.64
13.4685 -718.825 3266.35
-22.7784 115.375 2906.22
36.7336 85.4687 3049.46
47.1447 -310.558 3131.37
89.4895 484.63 2942.84
-58.8727 286.329 3038.38

