FRAME: 0
0 0 0
0 0 0
0 0 0
0 0 0
0 0 0
0 0 0
0 0 0
0 0 0
0 0 0
0 0 0
0 0 0
0 0 0
0 0 0
0 0 0
0 0 0
FRAME: 1
0 0 0
0 0 0
0 0 0
0 0 0
0 0 0
0 0 0
0 0 0
0 0 0
0 0 0
0 0 0
0 0 0
0 0 0
0 0 0
0 0 0
0 0 0
FRAME: 2
0 0 0
0 0 0
0 0 0
0 0 0
0 0 0
0 0 0
0 0 0
0 0 0
0 0 0
0 0 0
0 0 0
0 0 0
0 0 0
0 0 0
0 0 0
FRAME: 3
0 0 0
0 0 0
0 0 0
0 0 0
0 0 0
0 0 0
0 0 0
0 0 0
0 0 0
0 0 0
0 0 0
0 0 0
0 0 0
0 0 0
0 0 0
FRAME: 4
0 0 0
0 0 0
0 0 0
0 0 0
0 0 0
0 0 0
0 0 0
0 0 0
0 0 0
0 0 0
0 0 0
0 0 0
0 0 0
0 0 0
0 0 0
FRAME: 5
0 0 0
0 0 0
0 0 0
0 0 0
0 0 0
0 0 0
0 0 0
0 0 0
0 0 0
0 0 0
0 0 0
0 0 0
0 0 0
0 0 0
0 0 0
FRAME: 6
0 0 0
0 0 0
0 0 0
0 0 0
0 0 0
0 0 0
0 0 0
0 0 0
0 0 0
0 0 0
0 0 0
0 0 0
0 0 0
0 0 0
0 0 0
FRAME: 7
0 0 0
0 0 0
0 0 0
0 0 0
0 0 0
0 0 0
0 0 0
0 0 0
0 0 0
0 0 0
0 0 0
0 0 0
0 0 0
0 0 0
0 0 0
FRAME: 8
0 0 0
0 0 0
0 0 0
0 0 0
0 0 0
0 0 0
0 0 0
0 0 0
0 0 0
0 0 0
0 0 0
0 0 0
0 0 0
0 0 0
0 0 0
FRAME: 9
0 0 0
0 0 0
0 0 0
0 0 0
0 0 0
0 0 0
0 0 0
0 0 0
0 0 0
0 0 0
0 0 0
0 0 0
0 0 0
0 0 0
0 0 0
FRAME: 10
0 0 0
0 0 0
0 0 0
0 0 0
0 0 0
0 0 0
0 0 0
0 0 0
0 0 0
0 0 0
0 0 0
0 0 0
0 0 0
0 0 0
0 0 0
FRAME: 11
0 0 0
0 0 0
0 0 0
0 0 0
0 0 0
0 0 0
0 0 0
0 0 0
0 0 0
0 0 0
0 0 0
0 0 0
0 0 0
0 0 0
0 0 0
FRAME: 12
0 0 0
0 0 0
0 0 0
0 0 0
0 0 0
0 0 0
0 0 0
0 0 0
0 0 0
0 0 0
0 0 0
0 0 0
0 0 0
0 0 0
0 0 0
FRAME: 13
0 0 0
0 0 0
0 0 0
0 0 0
0 0 0
0 0 0
0 0 0
0 0 0
0 0 0
0 0 0
0 0 0
0 0 0
0 0 0
0 0 0
0 0 0
FRAME: 14
0 0 0
0 0 0
0 0 0
0 0 0
0 0 0
0 0 0
0 0 0
0 0 0
0 0 0
0 0 0
0 0 0
0 0 0
0 0 0
0 0 0
0 0 0
FRAME: 15
0 0 0
0 0 0
0 0 0
0 0 0
0 0 0
0 0 0
0 0 0
0 0 0
0 0 0
0 0 0
0 0 0
0 0 0
0 0 0
0 0 0
0 0 0
FRAME: 16
0 0 0
0 0 0
0 0 0
0 0 0
0 0 0
0 0 0
0 0 0
0 0 0
0 0 0
0 0 0
0 0 0
0 0 0
0 0 0
0 0 0
0 0 0
FRAME: 17
0 0 0
0 0 0
0 0 0
0 0 0
0 0 0
0 0 0
0 0 0
0 0 0
0 0 0
0 0 0
0 0 0
0 0 0
0 0 0
0 0 0
0 0 0
FRAME: 18
0 0 0
0 0 0
0 0 0
0 0 0
0 0 0
0 0 0
0 0 0
0 0 0
0 0 0
0 0 0
0 0 0
0 0 0
0 0 0
0 0 0
0 0 0
FRAME: 19
0 0 0
0 0 0
0 0 0
0 0 0
0 0 0
0 0 0
0 0 0
0 0 0
0 0 0
0 0 0
0 0 0
0 0 0
0 0 0
0 0 0
0 0 0
FRAME: 20
0 0 0
0 0 0
0 0 0
0 0 0
0 0 0
0 0 0
0 0 0
0 0 0
0 0 0
0 0 0
0 0 0
0 0 0
0 0 0
0 0 0
0 0 0
FRAME: 21
0 0 0
0 0 0
0 0 0
0 0 0
0 0 0
0 0 0
0 0 0
0 0 0
0 0 0
0 0 0
0 0 0
0 0 0
0 0 0
0 0 0
0 0 0
FRAME: 22
0 0 0
0 0 0
0 0 0
0 0 0
0 0 0
0 0 0
0 0 0
0 0 0
0 0 0
0 0 0
0 0 0
0 0 0
0 0 0
0 0 0
0 0 0
FRAME: 23
0 0 0
0 0 0
0 0 0
0 0 0
0 0 0
0 0 0
0 0 0
0 0 0
0 0 0
0 0 0
0 0 0
0 0 0
0 0 0
0 0 0
0 0 0
FRAME: 24
0 0 0
0 0 0
0 0 0
0 0 0
0 0 0
0 0 0
0 0 0
0 0 0
0 0 0
0 0 0
0 0 0
0 0 0
0 0 0
0 0 0
0 0 0
FRAME: 25
0 0 0
0 0 0
0 0 0
0 0 0
0 0 0
0 0 0
0 0 0
0 0 0
0 0 0
0 0 0
0 0 0
0 0 0
0 0 0
0 0 0
0 0 0
FRAME: 26
0 0 0
0 0 0
0 0 0
0 0 0
0 0 0
0 0 0
0 0 0
0 0 0
0 0 0
0 0 0
0 0 0
0 0 0
0 0 0
0 0 0
0 0 0
FRAME: 27
0 0 0
0 0 0
0 0 0
0 0 0
0 0 0
0 0 0
0 0 0
0 0 0
0 0 0
0 0 0
0 0 0
0 0 0
0 0 0
0 0 0
0 0 0
FRAME: 28
0 0 0
0 0 0
0 0 0
0 0 0
0 0 0
0 0 0
0 0 0
0 0 0
0 0 0
0 0 0
0 0 0
0 0 0
0 0 0
0 0 0
0 0 0
FRAME: 29
0 0 0
0 0 0
0 0 0
0 0 0
0 0 0
0 0 0
0 0 0
0 0 0
0 0 0
0 0 0
0 0 0
0 0 0
0 0 0
0 0 0
0 0 0
FRAME: 30
0 0 0
0 0 0
0 0 0
0 0 0
0 0 0
0 0 0
0 0 0
0 0 0
0 0 0
0 0 0
0 0 0
0 0 0
0 0 0
0 0 0
0 0 0
FRAME: 31
0 0 0
0 0 0
0 0 0
0 0 0
0 0 0
0 0 0
0 0 0
0 0 0
0 0 0
0 0 0
0 0 0
0 0 0
0 0 0
0 0 0
0 0 0
FRAME: 32
0 0 0
0 0 0
0 0 0
0 0 0
0 0 0
0 0 0
0 0 0
0 0 0
0 0 0
0 0 0
0 0 0
0 0 0
0 0 0
0 0 0
0 0 0
FRAME: 33
0 0 0
0 0 0
0 0 0
0 0 0
0 0 0
0 0 0
0 0 0
0 0 0
0 0 0
0 0 0
0 0 0
0 0 0
0 0 0
0 0 0
0 0 0
FRAME: 34
0 0 0
0 0 0
0 0 0
0 0 0
0 0 0
0 0 0
0 0 0
0 0 0
0 0 0
0 0 0
0 0 0
0 0 0
0 0 0
0 0 0
0 0 0
FRAME: 35
0 0 0
0 0 0
0 0 0
0 0 0
0 0 0
0 0 0
0 0 0
0 0 0
0 0 0
0 0 0
0 0 0
0 0 0
0 0 0
0 0 0
0 0 0
FRAME: 36
0 0 0
0 0 0
0 0 0
0 0 0
0 0 0
0 0 0
0 0 0
0 0 0
0 0 0
0 0 0
0 0 0
0 0 0
0 0 0
0 0 0
0 0 0
FRAME: 37
0 0 0
0 0 0
0 0 0
0 0 0
0 0 0
0 0 0
0 0 0
0 0 0
0 0 0
0 0 0
0 0 0
0 0 0
0 0 0
0 0 0
0 0 0
FRAME: 38
0 0 0
0 0 0
0 0 0
0 0 0
0 0 0
0 0 0
0 0 0
0 0 0
0 0 0
0 0 0
0 0 0
0 0 0
0 0 0
0 0 0
0 0 0
FRAME: 39
0 0 0
0 0 0
0 0 0
0 0 0
0 0 0
0 0 0
0 0 0
0 0 0
0 0 0
0 0 0
0 0 0
0 0 0
0 0 0
0 0 0
0 0 0
FRAME: 40
0 0 0
0 0 0
0 0 0
0 0 0
0 0 0
0 0 0
0 0 0
0 0 0
0 0 0
0 0 0
0 0 0
0 0 0
0 0 0
0 0 0
0 0 0
FRAME: 41
0 0 0
0 0 0
0 0 0
0 0 0
0 0 0
0 0 0
0 0 0
0 0 0
0 0 0
0 0 0
0 0 0
0 0 0
0 0 0
0 0 0
0 0 0
FRAME: 42
0 0 0
0 0 0
0 0 0
0 0 0
0 0 0
0 0 0
0 0 0
0 0 0
0 0 0
0 0 0
0 0 0
0 0 0
0 0 0
0 0 0
0 0 0
FRAME: 43
0 0 0
0 0 0
0 0 0
0 0 0
0 0 0
0 0 0
0 0 0
0 0 0
0 0 0
0 0 0
0 0 0
0 0 0
0 0 0
0 0 0
0 0 0
FRAME: 44
0 0 0
0 0 0
0 0 0
0 0 0
0 0 0
0 0 0
0 0 0
0 0 0
0 0 0
0 0 0
0 0 0
0 0 0
0 0 0
0 0 0
0 0 0
FRAME: 45
0 0 0
0 0 0
0 0 0
0 0 0
0 0 0
0 0 0
0 0 0
0 0 0
0 0 0
0 0 0
0 0 0
0 0 0
0 0 0
0 0 0
0 0 0
FRAME: 46
0 0 0
0 0 0
0 0 0
0 0 0
0 0 0
0 0 0
0 0 0
0 0 0
0 0 0
0 0 0
0 0 0
0 0 0
0 0 0
0 0 0
0 0 0
FRAME: 47
0 0 0
0 0 0
0 0 0
0 0 0
0 0 0
0 0 0
0 0 0
0 0 0
0 0 0
0 0 0
0 0 0
0 0 0
0 0 0
0 0 0
0 0 0
FRAME: 48
0 0 0
0 0 0
0 0 0
0 0 0
0 0 0
0 0 0
0 0 0
0 0 0
0 0 0
0 0 0
0 0 0
0 0 0
0 0 0
0 0 0
0 0 0
FRAME: 49
0 0 0
0 0 0
0 0 0
0 0 0
0 0 0
0 0 0
0 0 0
0 0 0
0 0 0
0 0 0
0 0 0
0 0 0
0 0 0
0 0 0
0 0 0
FRAME: 50
0 0 0
0 0 0
0 0 0
0 0 0
0 0 0
0 0 0
0 0 0
0 0 0
0 0 0
0 0 0
0 0 0
0 0 0
0 0 0
0 0 0
0 0 0
FRAME: 51
0 0 0
0 0 0
0 0 0
0 0 0
0 0 0
0 0 0
0 0 0
0 0 0
0 0 0
0 0 0
0 0 0
0 0 0
0 0 0
0 0 0
0 0 0
FRAME: 52
0 0 0
0 0 0
0 0 0
0 0 0
0 0 0
0 0 0
0 0 0
0 0 0
0 0 0
0 0 0
0 0 0
0 0 0
0 0 0
0 0 0
0 0 0
FRAME: 53
0 0 0
0 0 0
0 0 0
0 0 0
0 0 0
0 0 0
0 0 0
0 0 0
0 0 0
0 0 0
0 0 0
0 0 0
0 0 0
0 0 0
0 0 0
FRAME: 54
0 0 0
0 0 0
0 0 0
0 0 0
0 0 0
0 0 0
0 0 0
0 0 0
0 0 0
0 0 0
0 0 0
0 0 0
0 0 0
0 0 0
0 0 0
FRAME: 55
1.53172 358.795 2556.66
-204.842 -15.9068 2361.75
51.7926 -940.296 2755.34
-110.417 -137.578 2072.97
7.36673 -334.979 2657.7
35.9173 -752.892 2617.67
-90.5172 130.045 2525.92
37.0254 159.446 2576.96
190.722 -217.346 2716.85
235.713 -969.312 2940.96
415.539 343.38 2547.16
190.863 -292.68 2731.14
272.735 -654.84 2791.21
164.568 188.848 2628.01
68.0701 -77.1915 2635.69
FRAME: 56
-11.7923 369.776 2543.99
-229.539 -46.8746 2389.56
48.5476 -938.953 2765.01
-150.213 -188.771 2115.93
5.49907 -319.538 2669.7
34.3184 -731.067 2625.77
-136.66 123.492 2537.49
10.0659 162.382 2583.08
340.44 86.6228 2551.62
250.966 -973.007 2944.93
350.45 332.403 2379.39
186.139 -271.66 2725.82
272.999 -656.967 2786.08
156.791 201.271 2628.67
52.9424 -66.6089 2640.42
FRAME: 57
-34.2356 368.497 2521.2
-250.675 -54.5403 2544.9
28.4127 -955.961 2769.64
-273.594 -249.396 2311.54
2.70543 -307.255 2679
30.1758 -693.764 2649.38
-148.775 130.918 2539.8
13.1443 169.587 2573.06
273.584 61.8555 2430.21
249.914 -981.428 2935.22
212.5 212.224 2151.26
189.305 -262.693 2717.32
269.09 -646.126 2778.7
175.064 208.255 2606.31
54.5747 -57.6937 2635.61
FRAME: 58
-43.4878 363.495 2508.89
-260.126 -46.4035 2574.97
12.8065 -954.661 2800.87
-309.616 -344.125 2399.67
2.92611 -298.73 2687.57
31.8536 -672.856 2665.31
-128.893 141.411 2557.02
20.993 170.573 2571.1
237.244 66.4459 2404.3
257.298 -979.807 2930.48
85.0096 140.616 2063.81
191.004 -262.137 2705.25
276.122 -612.115 2781.72
170.879 199.735 2585.19
58.9789 -54.9303 2633.76
FRAME: 59
-47.3797 359.627 2491.38
-269.531 -40.9393 2618.11
10.2823 -958.189 2796.21
-339.373 -367.132 2535.65
7.95148 -292.955 2697.58
31.7468 -659.332 2672.29
-128.684 165.186 2567.09
16.7793 192.101 2571.12
186.723 63.258 2406.02
260.819 -977.516 2928.47
31.5724 89.1717 2126.96
191.659 -258.965 2702.67
277.342 -596.908 2780.29
162.243 219.015 2575.15
58.2924 -41.9296 2635.62
FRAME: 60
-52.957 360.138 2471.34
-257.834 -17.9191 2639.11
8.37891 -947.447 2812.99
-325.13 -304.131 2616.73
14.7625 -270.523 2720.86
29.7258 -635.467 2696.7
-113.623 190.762 2583.29
14.4139 210.863 2564.38
86.3886 98.0653 2351.96
263.904 -985.851 2909.5
-61.6581 2.32017 2089.56
202.692 -241.02 2693.11
282.082 -600.49 2761.83
142.451 230.963 2545.48
61.5706 -22.4542 2635.68
FRAME: 61
-54.2274 357.72 2460.67
-227.649 -19.2657 2642.42
9.22134 -948.782 2831.74
-361.603 -361.237 2804.8
26.5463 -260.284 2730.9
33.1771 -634.917 2704.46
-101.764 192.064 2597.36
25.6206 205.652 2563.35
71.4412 99.8379 2321.19
259.994 -975.295 2903.38
-118.297 -88.6335 2139.77
199.292 -241.858 2684.78
276.223 -596.072 2755.67
153.005 219.24 2529.34
69.2699 -22.7094 2635.59
FRAME: 62
-57.1246 354.858 2455.14
-221.645 -0.144196 2639.02
11.7134 -944.684 2844.86
-299.376 -211.064 2829.48
32.2444 -264.425 2735.86
35.1604 -618.808 2715.59
-111.434 161.37 2594.22
3.26479 176.293 2553.18
55.2922 65.5528 2333.72
259.517 -964.926 2890.96
-146.227 -138.246 2230.42
195.963 -243.124 2677.28
275.774 -590.074 2752.07
117.963 191.216 2512.14
58.6842 -38.7408 2629.88
FRAME: 63
-77.783 330.95 2448.82
-188.181 27.3928 2672.86
16.0588 -946.666 2839.73
-306.973 -183.612 2722.29
37.5266 -267.804 2737
37.942 -619.758 2714.47
-119.924 150.297 2594.87
1.14983 165.048 2540.12
24.8061 22.7808 2360.96
257.947 -967.185 2889.53
-201.618 -208.332 2423.71
210.398 -246.741 2658.83
274.964 -589.329 2750.56
122.223 179.8 2485.37
62.5561 -46.1121 2619.02
FRAME: 64
-89.4887 321.884 2442.78
-176.354 12.5506 2686.03
21.6624 -943.26 2851.1
-302.212 -176.687 2682.88
43.4789 -265.744 2741.69
39.4893 -618.712 2718.12
-129.285 140.446 2597.17
-12.3246 155.63 2534.44
-1.89491 -7.77841 2384.84
258.771 -968.04 2880.47
-188.452 -77.8163 2467.2
212.206 -243.84 2651.2
274.525 -592.146 2746.33
104.635 170.813 2471.72
57.7588 -49.5813 2615.45
FRAME: 65
-101.653 308.238 2436.86
-174.887 -20.1113 2690.29
22.8858 -938.768 2850.14
-203.168 -143.815 2411.24
53.837 -263.11 2752.38
45.3856 -627.078 2728.63
-137.757 124.306 2616.81
-27.5382 138.523 2539.44
-21.9645 -36.091 2416.59
253.162 -973.997 2879.74
-215.781 -209.606 2540.87
212.558 -242.635 2640.92
267.952 -597.187 2735.85
82.6807 152.74 2462.07
52.8297 -57.1748 2618.04
FRAME: 66
-109.273 290.075 2435.21
-173.267 -24.5596 2692.1
24.8638 -955.21 2858.21
-198.596 -142.125 2411.78
56.7141 -278.487 2751.09
44.1527 -653.045 2726.45
-144.063 117.559 2619.07
-38.7298 130.603 2535.57
-22.4558 -54.5083 2446.15
250.821 -974.545 2874.64
-210.245 -204.802 2560.66
209.842 -259.506 2629.64
263.902 -599.592 2731.23
66.6038 143.647 2452.07
47.2741 -69.1967 2612.97
FRAME: 67
-114.514 279.539 2435.21
-172.631 -23.5095 2694.06
22.3221 -958.151 2862.17
-194.002 -116.524 2388.01
56.0992 -290.332 2749.7
39.817 -666.206 2724.11
-151.129 99.8686 2621.71
-42.5647 115.663 2536.48
-20.3527 -80.1351 2477.56
253.341 -985.007 2870.24
-206.667 -211.926 2577.72
212.28 -267.585 2627.01
269.038 -615.579 2725.04
65.9996 131.458 2451.26
45.8126 -81.6475 2612.42
FRAME: 68
-120.303 267.275 2430.98
-174.262 -15.2571 2689.78
22.4179 -947 2858.01
-236.248 -137.169 2418.07
57.0592 -296.774 2751.04
34.7503 -660.432 2716.49
-149.583 88.0977 2624.9
-38.8903 102.927 2536.76
-25.0313 -91.6724 2505.43
257.981 -1012.26 2861.17
-207.713 -210.556 2584.77
212.285 -275.979 2627.44
278.657 -639.449 2717.56
71.8019 117.756 2448.62
47.8908 -91.725 2613
FRAME: 69
-120.769 263.851 2436.65
-148.527 -43.3345 2647.45
27.1846 -960.497 2853.11
-199.061 -119.578 2381.09
57.4186 -319.319 2746.75
40.3687 -693.445 2726.28
-151.511 86.3932 2622.86
-46.0142 102.447 2537.23
-13.0155 -98.1773 2489.25
251.71 -999.433 2862.68
-213.607 -201.416 2569.21
213.541 -295.461 2620.24
278.764 -651.575 2706.96
59.4826 118.501 2451.61
44.7328 -102.471 2610.37
FRAME: 70
-123.57 257.701 2437.37
-134.079 -51.161 2688.51
29.7296 -956.77 2846.31
-206.682 -125.708 2392.06
57.9756 -330.129 2746.91
45.9408 -705.758 2720.27
-149.136 82.8073 2621.33
-50.3308 95.5865 2534.29
-19.687 -112.878 2491.69
244.163 -1000.26 2857.37
-228.269 -209.584 2579.8
207.838 -310.574 2615.31
284.815 -660.934 2693.33
48.4743 108.366 2447.25
41.288 -112.382 2607.7
FRAME: 71
-122.508 256.512 2440.39
-142.883 -43.4805 2682.91
26.6221 -953.007 2847.48
-200.261 -120.426 2389.84
55.9781 -332.168 2744.28
44.9422 -731.446 2724.91
-149.831 78.6039 2627.82
-53.1041 89.9745 2536.58
-17.7941 -118.399 2490.48
244.273 -998.187 2863.8
-228.345 -207.023 2564.06
199.765 -314.962 2609.25
285.43 -670.836 2682.28
43.6229 101.345 2445.35
37.3836 -116.795 2606.67
FRAME: 72
-121.416 263.752 2442.42
-128.44 -51.4414 2697.52
32.2458 -940.249 2854.16
-204.347 -118.203 2387.13
50.0041 -349.522 2739.89
36.104 -740.495 2722.62
-152.754 77.6677 2625.17
-52.928 91.5401 2537.38
10.1933 -96.4532 2481.32
245.381 -1003.03 2854.58
-228.926 -212.69 2572.61
202.691 -328.131 2606.1
286.954 -677.424 2676.65
46.8977 105.412 2449.59
36.7099 -123.643 2605.19
FRAME: 73
-107.509 276.392 2453.22
-125.333 -47.7023 2702.45
30.2447 -951.705 2856.89
-206.714 -117.441 2386.54
49.606 -351.212 2739.57
35.4547 -746.912 2722.82
-153.87 74.4078 2630.51
-51.8334 89.4499 2542.05
9.49552 -87.6841 2476.97
245.077 -1006.51 2855.06
-220.856 -212.979 2562.28
202.049 -328.671 2607.55
287.86 -680.485 2674.93
50.2031 104.492 2453.58
36.9971 -125.246 2607.8
FRAME: 74
-98.6622 289.158 2463.01
-116.862 -32.7639 2729.79
32.8923 -963.323 2866.99
-212.726 -145.732 2451.79
47.5635 -357.243 2738.83
39.105 -740.602 2717.53
-149.029 77.3457 2632.53
-47.4619 91.3958 2546.01
11.5469 -80.8092 2477.7
239.147 -1004.97 2859.92
-213.517 -211.911 2551.45
198.045 -336.338 2610.95
263.712 -688.207 2685.22
54.1056 105.446 2459.49
37.6712 -127.697 2610.45
FRAME: 75
-91.4798 304.635 2468.33
-110.328 -33.3273 2735.78
26.901 -961.333 2854.77
-210.82 -153.459 2453.24
41.4229 -348.904 2737.34
24.0293 -728.78 2718.45
-136.651 89.6937 2634.28
-30.6037 103.02 2553.79
5.42619 -89.8622 2476.04
242.476 -1006.77 2868.52
-207.831 -209.733 2542.82
197.333 -329.328 2619.07
262.088 -686.106 2689.4
75.4441 116.346 2473.29
44.3871 -118.048 2616
FRAME: 76
-75.2858 341.133 2480.57
-113.786 -39.8402 2742.19
25.9128 -961.911 2853.98
-210.539 -216.372 2489.63
41.1037 -330.823 2734.41
27.9498 -710.038 2729.28
-127.137 128.152 2636.96
-20.4911 138.729 2558.11
31.2053 -88.0386 2465.92
241.957 -1006.28 2874.85
-164.487 -186.622 2510.39
189.467 -316.124 2624.68
250.255 -679.563 2703.55
86.1551 149.306 2479.25
47.3973 -92.3723 2618.82
FRAME: 77
-64.2266 369.457 2487.71
-118.64 -37.2578 2757.15
26.3857 -970.706 2857.72
-190.432 -275.819 2585.33
32.0396 -308.366 2731.34
33.128 -688.59 2731.53
-120.994 159.104 2642.98
-6.80587 168.18 2566.2
41.7227 -63.7352 2495.47
241.609 -995.472 2879.34
-152.089 -202.553 2503.02
183.18 -296.314 2629.84
241.625 -659.403 2717.52
107.382 177.256 2489.42
50.4019 -67.0801 2623.4
FRAME: 78
-48.3581 385.391 2495.3
-121.156 -40.0723 2760.56
26.7768 -980.347 2864.18
-204.266 -349.414 2655.59
22.507 -288.195 2728.93
34.1103 -679.661 2730.79
-121.998 175.275 2644.67
-1.84544 184.227 2570.24
135.772 -42.4257 2532.66
239.252 -987.902 2882.6
-113.11 -194.138 2502.56
179.64 -276.479 2631.54
235.743 -634.14 2729.17
118.307 193.178 2495.81
49.6139 -49.0551 2625.24
FRAME: 79
-36.0966 399.048 2501.53
-127.46 -35.851 2758.51
25.4203 -983.196 2871.58
-194.808 -340.376 2625.65
14.4008 -277.581 2725.35
29.2804 -670.586 2730.55
-124.957 187.871 2645.34
-0.0967174 197.874 2575.86
154.626 -18.5322 2528.43
237.608 -981.186 2888.41
-81.666 -191.665 2502.42
176.608 -264.583 2635.02
234.921 -624.63 2734.6
124.764 207.878 2506.38
47.7038 -36.6037 2628.02
FRAME: 80
-24.991 411.752 2510.77
-137.002 -30.5537 2755.34
23.2256 -985.808 2868.27
-215.711 -330.346 2576.03
7.7448 -268.543 2719.75
23.0099 -664.122 2727.57
-123.026 194.433 2645.92
7.20769 205.545 2583.74
160.922 -19.7871 2531.12
239.135 -976.745 2894.05
-62.5694 -204.59 2517.6
177.514 -254.035 2638.69
227.747 -616.235 2747.53
137.441 216.656 2521.57
49.9186 -27.8722 2631.48
FRAME: 81
-12.4534 423.229 2521.17
-146.028 -15.9416 2745.38
22.5554 -986.913 2870.49
-199.45 -317.532 2531.91
1.60803 -257.447 2711.2
15.1229 -658.306 2729.19
-121.389 203.671 2642.36
14.8514 215.654 2589.06
208.038 -2.29538 2557.68
236.436 -970.007 2899.88
-35.481 -209.595 2524.86
178.516 -241.847 2642.04
229.843 -610.12 2753.8
151.092 227.638 2535.77
52.4566 -16.9966 2632.84
FRAME: 82
3.02609 436.544 2528.94
-145.266 -11.1853 2739.72
22.0348 -982.405 2866.13
-169.203 -299.498 2514.35
0.225993 -254.812 2708.12
6.29777 -649.852 2734.49
-118.736 208.503 2644.4
26.3156 220.483 2598.46
229.999 -5.25643 2576.02
236.593 -965.518 2899.92
-32.9773 -222.069 2525.73
181.158 -239.831 2650.81
233.251 -606.414 2759.01
171.367 232.463 2552.53
58.5038 -13.419 2638.96
FRAME: 83
29.1854 451.412 2547.72
-147.044 -9.68989 2732.36
22.3361 -984.655 2872.16
-120.257 -269.88 2496.25
-0.289921 -258.36 2705.31
3.6861 -648.013 2734.21
-114.543 208.677 2646.56
39.8067 220.455 2611.56
256.379 -14.4159 2588.16
234.647 -965.51 2907.58
4.30486 -228.455 2511.23
184.814 -244.2 2663.38
233.159 -602.701 2772.71
194.156 232.234 2576.56
66.0343 -15.4123 2647.95
FRAME: 84
46.2589 458.563 2562.02
-143.314 -9.33623 2729.08
21.0613 -983.646 2865.49
-102.981 -265.381 2504.48
-0.359711 -258.886 2708.02
1.64015 -646.066 2730.54
-108.243 212.983 2647.1
51.1885 222.613 2619.95
281.265 -6.81487 2606.37
230.886 -963.168 2917.14
70.5159 -200.624 2527.39
185.003 -247.658 2676.47
234.965 -598.192 2786.22
210.62 232.243 2592.8
71.755 -15.3295 2656.1
FRAME: 85
69.9498 466.334 2579.55
-123.734 -32.6493 2713.56
20.6511 -981.527 2861.57
-16.7599 -263.128 2461.16
8.99383 -255.679 2716.08
1.78795 -642.868 2728.46
-90.4794 215.352 2648.33
65.3357 222.751 2627.36
307.823 0.686216 2651.48
226.193 -965.337 2924.78
131.748 -234.568 2516.14
187.669 -247.223 2692
235.563 -593.378 2801.51
221.151 230.149 2606.4
81.8335 -14.3503 2665.7
FRAME: 86
87.1141 470.599 2593.2
-106.182 -40.0313 2695.75
21.1179 -972.59 2865.08
2.96024 -258.914 2429.16
12.642 -245.595 2722.12
6.41409 -638.393 2733.43
-72.2862 217.091 2647.79
80.8201 222.302 2637.86
324.2 -2.21925 2680.38
216.18 -972.468 2933.83
161.733 -240.372 2557.12
190.926 -239.535 2710.59
232.058 -602.356 2801.87
233.926 227.512 2627.93
91.302 -10.1315 2677.11
FRAME: 87
104.576 471.331 2599.29
-97.1729 -41.5407 2689.46
20.907 -963.145 2872.21
42.9908 -240.517 2421.64
14.9736 -238.253 2721.98
8.54321 -633.172 2737.98
-62.3421 219.6 2645.74
91.3715 223.22 2642.85
332.118 -4.98402 2697
210.776 -967.028 2959.06
194.24 -264.851 2564.62
192.963 -234.087 2718.98
237.178 -599.76 2805.12
245.085 226.841 2639.97
97.6698 -6.47479 2681.67
FRAME: 88
125.031 471.09 2608.06
-85.8146 -42.6837 2688.21
21.4427 -960.102 2867.86
56.4768 -246.942 2393.73
19.3948 -235.28 2722.6
13.1669 -628.414 2737.54
-50.3097 218.599 2645.94
105.641 219.888 2649.79
338.581 -10.3501 2715.2
209.083 -968.711 2971.17
209.81 -253.073 2563.3
195.99 -233.9 2727.25
236.223 -604.877 2815.21
261.591 221.178 2653.64
106.666 -7.35083 2687.36
FRAME: 89
135.87 471.715 2616.75
-74.3673 -33.9563 2693.4
20.6969 -955.901 2858.5
89.7346 -244.905 2429.67
17.9504 -238.4 2728.45
17.7322 -621.501 2726.64
-36.0328 220.558 2650.72
117.817 217.962 2657.11
343.837 -21.6862 2736.31
208.498 -973.702 2966.15
232.137 -262.071 2568.7
196.118 -241.41 2736.01
237.366 -611.559 2820.62
271.667 215.365 2663.5
112.426 -10.9717 2694.67
FRAME: 90
147.58 471.034 2620.76
-64.145 -31.9899 2696.74
21.5833 -958.08 2857.98
105.001 -245.196 2413.92
25.6611 -242.946 2738.47
24.5074 -623.718 2722.13
-21.5642 220.562 2652.65
130.918 216.226 2662.05
338.599 -30.2043 2742.59
209.653 -974.356 2967.57
234.331 -264.157 2564.06
200.256 -247.882 2749.41
240.491 -612.984 2829.67
283.4 211.89 2671.45
121.938 -14.594 2703
FRAME: 91
162.133 470.671 2625.56
-50.6799 -34.4071 2700.68
27.1155 -956.396 2854.85
121.783 -210.854 2511.98
49.5622 -235.232 2748.12
38.5477 -607.877 2719.03
-3.3153 219.734 2655.47
145.765 216.925 2670.61
343.517 -28.0364 2752.05
208.109 -963.912 2971.51
208.93 -238.672 2541.64
207.598 -238.155 2764.19
247.571 -601.72 2833.62
294.846 214.117 2685.74
137.173 -9.88421 2713.38
FRAME: 92
174.781 470.638 2627.7
-39.7577 -42.2403 2698.31
26.021 -960.253 2863.59
138.197 -245.766 2512.36
63.7548 -229.675 2757.99
44.6376 -609.516 2730.23
8.87421 217.355 2652.56
156.032 217.427 2678.92
348.27 -19.6949 2782.51
210.892 -959.209 2965.28
284.131 -245.019 2613.72
215.323 -229.494 2785.24
255.911 -596.9 2827.89
303.189 217.5 2705.28
147.785 -6.07866 2725.27
FRAME: 93
182.809 468.711 2628.2
-35.6518 -44.8097 2705.31
28.58 -957.114 2866.23
145.231 -243.263 2516.97
66.5692 -233.801 2761.92
48.2349 -610.464 2733.85
13.6457 216.213 2656.17
160.658 216.489 2684.63
354.169 -17.316 2802.11
211.167 -960.807 2963.99
290.45 -258.704 2621.79
220.717 -233.509 2791.76
258.162 -599.046 2829.95
307.671 216.764 2713.09
152.151 -8.583 2730.74
FRAME: 94
188.771 465.946 2627.18
-33.9268 -43.1477 2713.26
33.6208 -960.729 2869.38
144.855 -241.021 2526.83
67.8256 -234.57 2760.37
54.9407 -615.757 2744.21
16.7997 217.394 2659.67
162.904 216.721 2688.72
351.155 -27.848 2820.77
209.2 -964.535 2964.4
282.223 -260.998 2652.57
219.413 -235.32 2790.45
259.639 -606.183 2838.32
309.009 216.047 2717.77
153.262 -9.11238 2732.07
FRAME: 95
193.294 462.932 2622.07
-33.6192 -45.7011 2718.36
35.4231 -963.556 2872.66
131.192 -263.254 2540.95
67.7323 -235.293 2761.71
57.1137 -622.275 2746.64
17.6594 215.18 2663.86
163.102 214.666 2691.48
350.372 -26.0109 2826.17
208.994 -960.37 2967.12
312.686 -268.872 2669.09
223.074 -235.961 2791.04
256.635 -606.893 2842.79
308.544 214.152 2719.1
154.253 -10.4805 2733.93
FRAME: 96
196.95 459.178 2619.28
-32.3383 -48.4263 2731.85
36.8253 -966.556 2873.39
85.3804 -265.032 2581.34
67.6589 -246.285 2760.11
58.5737 -630.765 2747.98
17.0622 214.418 2672.12
163.706 214.075 2693.4
350.743 -26.667 2821.94
207.533 -957.917 2971.39
329.819 -271.81 2664.12
234.819 -246.722 2784.26
254.677 -609.852 2853.03
310.351 213.732 2714.68
157.473 -16.2143 2732.79
FRAME: 97
197.644 451.324 2613.32
-31.634 -49.3361 2738.65
38.07 -960.953 2874.13
85.0163 -232.703 2594.71
63.0448 -265.274 2761.29
57.2775 -633.702 2749.19
17.9494 213.45 2677.46
165.404 213.106 2695.29
345.96 -31.7314 2821.87
207.956 -963.855 2974.47
335.874 -269.13 2650.15
246.986 -265.665 2783.53
254.073 -623.519 2857.91
312.859 212.761 2713.11
160.21 -26.1818 2733.85
FRAME: 98
197.04 441.86 2607.42
-30.6321 -51.0648 2744.27
37.1377 -956.999 2874.58
39.0784 -329.402 2592.61
66.4735 -271.189 2761.22
59.6187 -643.22 2754.61
17.6955 211.183 2678.26
165.928 211.62 2696.02
343.922 -46.8214 2824.16
207.322 -964.613 2973.87
343.638 -287.42 2669.82
250.046 -270.609 2783.26
252.652 -623.133 2861.25
314.161 212.056 2713.79
162.094 -29.6397 2734.13
FRAME: 99
193.182 432.442 2604.09
-29.585 -52.2582 2746.86
37.1406 -957.885 2876.16
10.128 -308.738 2611.2
67.8667 -275.305 2761.89
58.7418 -657.026 2761.96
17.3749 209.257 2679.23
166 210.151 2696.6
345.047 -55.6717 2824.71
207.033 -964.432 2972.77
345.743 -275.821 2682.31
252.315 -274.156 2783.48
252.436 -631.864 2865.17
314.626 211.046 2713.96
163.046 -32.2896 2734.64
FRAME: 100
191.069 425.215 2599.11
-30.2039 -58.5438 2745.31
36.7811 -970.126 2882.76
5.09034 -387.971 2610
67.0064 -275.57 2761.32
55.892 -660.264 2766.36
15.921 207.527 2677.91
165.016 209.008 2695.8
344.492 -58.3885 2825.94
207.437 -967.145 2970.95
362.752 -293.835 2721.35
254.327 -273.688 2783.86
254.042 -637.489 2866.89
314.111 210.488 2713.69
162.841 -32.8105 2734.19
FRAME: 101
185.831 415.877 2589.8
-31.4176 -62.9431 2742.68
36.9436 -972.551 2888.69
-11.913 -406.357 2631.83
64.6344 -275.477 2760.1
56.856 -663.236 2768.3
15.0287 206.541 2676.73
164.274 207.94 2695.08
344.277 -54.4619 2824.53
207.803 -968.579 2975.1
377.511 -285.625 2699.22
254.218 -273.691 2783.47
257.365 -646.059 2869.84
313.52 209.34 2713.44
161.85 -33.322 2733.43
FRAME: 102
178.117 410.79 2578.79
-30.8237 -65.4714 2739.72
37.7703 -972.86 2887.8
-23.7857 -422.447 2643.43
67.6271 -276.182 2757.09
56.8481 -660.728 2766.71
13.793 203.901 2673.83
163.386 206.811 2693.61
342.781 -54.5858 2826.94
208.477 -968.679 2968.3
383.231 -280.077 2720.56
257.896 -272.481 2782.24
261.356 -653.573 2857.11
312.978 209.721 2713.38
163.074 -33.7603 2731.64
FRAME: 103
171.705 408.922 2569.94
-32.0063 -75.0089 2737
38.9168 -974.39 2887.35
-31.8685 -434.761 2669.13
66.6392 -274.738 2756.84
57.2374 -656.391 2764.28
9.05791 199.731 2670.5
160.373 203.601 2690.32
342.211 -54.7448 2826.05
210.099 -972.032 2971.12
386.617 -293.397 2717.57
257.749 -269.86 2781.85
263.632 -659.362 2855.3
311.688 207.471 2710.13
161.283 -34.349 2729.83
FRAME: 104
165.077 404.547 2560.57
-34.1876 -76.923 2735.8
40.6121 -969.926 2884.73
-50.801 -427.372 2696.34
64.0651 -276.269 2759.32
57.0828 -658.863 2766.68
7.23609 197.13 2669.08
158.844 201.251 2688.24
343.079 -52.9925 2823.09
210.531 -971.6 2970.13
403.117 -294.705 2735.63
258.42 -271.001 2783.9
264.345 -667.475 2853.63
310.452 205.371 2707.41
160.044 -36.1921 2729.93
FRAME: 105
153.444 388.955 2541.98
-37.1561 -84.0859 2731.6
42.112 -970.244 2884.44
-69.6606 -447.642 2734.43
56.5254 -278.062 2763.16
58.5354 -660.12 2767.55
2.06181 191.394 2664.74
154.867 195.861 2682.55
343.705 -54.3901 2820.67
211.464 -971.644 2972.44
401.867 -300.517 2730.59
259.244 -272.165 2786.73
265.311 -669.153 2855.04
307.672 200.328 2700.36
156.376 -39.6261 2728.75
FRAME: 106
145.398 381.134 2530.28
-38.228 -84.4097 2733.9
43.405 -972.472 2888.31
-74.3499 -444.458 2750.39
56.9962 -279.087 2765.59
58.5695 -660.41 2769.62
-1.71935 185.536 2660.73
151.117 191.556 2677.54
343.359 -53.3127 2817.97
212.105 -971.896 2973.73
409.404 -303.795 2745.84
260.205 -271.095 2787.9
268.581 -667.981 2856.22
303.953 197.577 2694.34
154.859 -41.7671 2727.14
FRAME: 107
136.925 377.86 2520.09
-41.8036 -86.1919 2739.69
43.9221 -974.046 2887.42
-77.1206 -443.423 2777.54
56.8753 -280.797 2775.19
58.2827 -661.747 2769.72
-5.97331 182.346 2661.64
146.772 189.054 2673.68
343.041 -54.4559 2813.38
213.099 -971.784 2976.09
413.656 -301.035 2753.33
260.337 -271.893 2791.18
269.749 -663.795 2860.84
299.517 195.763 2685.73
152.689 -43.6453 2728.43
FRAME: 108
132.372 378.254 2514.88
-47.4361 -87.0447 2743.82
45.1063 -976.605 2890.66
-68.3316 -442.281 2760.38
54.2809 -285.385 2785.12
51.3879 -664.286 2777.75
-9.95348 179.49 2660.99
141.723 186.373 2668.02
339.474 -51.6253 2806.66
213.96 -977.128 2978.58
409.961 -309.427 2761.35
260.416 -276.065 2794.58
271.443 -662.247 2867.62
293.399 193.255 2675.05
149.536 -47.1763 2728.94
FRAME: 109
129.635 379.815 2512.7
-49.6839 -87.4713 2744.59
45.0289 -983.366 2893.5
-60.2568 -423.313 2743.27
51.7049 -286.821 2788.12
50.0118 -665.479 2789.31
-13.5148 177.929 2660.64
138.32 185.062 2665.94
340.597 -54.0231 2806.52
214.583 -978.492 2980.31
418.549 -307.832 2780.06
260.2 -277.025 2795.35
270.422 -658.852 2868.04
290.155 192.194 2671.24
147.136 -48.4305 2728.84
FRAME: 110
126.446 385.852 2509.3
-53.5625 -85.7096 2748.44
45.6333 -977.659 2891.8
-60.2177 -410.171 2738.34
46.9635 -286.418 2786.55
48.6144 -661.317 2792.23
-16.9165 176.818 2658.61
135.423 184.158 2664.22
340.407 -55.3084 2805.27
214.061 -977.612 2978.64
418.775 -311.524 2785.87
259.505 -276.205 2794.36
268.358 -657.72 2864.26
287.762 191.498 2669.82
144.328 -48.5769 2727.34
FRAME: 111
125.527 389.349 2509.07
-50.6738 -84.2842 2745.83
46.0283 -982.619 2895.06
-50.7521 -423.53 2729.91
51.06 -285.23 2784.6
47.5345 -662.149 2793.47
-19.4951 174.653 2654.34
132.113 183.94 2660.32
338.891 -45.0504 2804.37
214.235 -975.626 2977.46
413.085 -314.849 2790.4
259.782 -272.459 2792.79
267.747 -655.7 2860.51
283.722 193.226 2666.3
143.767 -47.4524 2724.5
FRAME: 112
123.924 398.36 2507.91
-51.9038 -83.9013 2744.74
46.157 -978.432 2895.67
-52.5684 -424.065 2718.4
48.4234 -282.573 2783.16
48.1804 -662.782 2794.04
-19.9004 174.799 2652.11
130.738 184.023 2658.24
338.025 -44.1311 2802.92
213.923 -973.369 2975.99
410.881 -313.543 2805.35
258.983 -269.702 2791.7
267.474 -654.109 2859.39
281.377 193.247 2664.37
142.221 -46.0571 2722.84
FRAME: 113
122.823 399.405 2508.66
-51.4073 -81.8509 2743.4
43.6488 -976.098 2897.08
-49.1494 -410.433 2698.18
46.5806 -280.354 2778.95
46.5907 -660.067 2791.8
-20.892 173.989 2648.63
129.386 183.734 2656.38
338.026 -45.6362 2802.04
214.333 -972.77 2974.27
406.597 -306.77 2794.82
258.404 -266.622 2789.84
266.358 -652.108 2855.4
279.664 193.479 2664.12
140.939 -44.8768 2720.39
FRAME: 114
122.744 401.131 2509.95
-51.6293 -83.709 2737.26
42.4479 -968.237 2898.82
-51.9754 -420.265 2654.5
42.6137 -286.507 2769.41
44.737 -655.014 2793.61
-21.9847 170.366 2641.89
128.34 180.993 2654.15
337.635 -48.5926 2806.43
214.878 -977.58 2971.63
399.03 -302.192 2812.27
258.958 -271.221 2787.14
262.581 -658.158 2850.7
278.665 191.619 2666.41
139.563 -48.9358 2716.21
FRAME: 115
123.402 401.732 2510.29
-47.758 -92.5602 2735.13
42.599 -968.447 2897.65
-39.1841 -441.776 2649.14
42.5522 -288.583 2765.08
44.4227 -656.83 2794.1
-20.1985 169.678 2638.45
129.286 180.349 2652.29
334.366 -47.8188 2804.58
215.56 -976.879 2967.55
407.358 -312.725 2842.24
259.306 -273.123 2785.27
262.632 -659.129 2852.16
278.771 191.02 2666.13
140.108 -50.252 2713.73
FRAME: 116
123.198 400.979 2509.96
-49.2341 -92.6553 2734.85
43.3113 -973.31 2893.66
-35.8576 -441.973 2618.83
42.156 -284.885 2763.88
46.3304 -656.607 2789.85
-21.0516 167.737 2636.02
128.815 178.538 2649.88
334.363 -50.6686 2804.98
215.353 -976.789 2968.36
399.432 -323.44 2828.94
258.316 -269.305 2783.97
262.422 -656.849 2850.84
278.682 189.338 2663.73
139.525 -49.2789 2711.9
FRAME: 117
123.088 399.698 2509.28
-44.3703 -96.5563 2730.15
43.2202 -970.741 2889.9
-30.451 -442.926 2594.55
40.0595 -285.865 2758.27
48.8252 -652.586 2780.52
-19.5043 158.628 2624.94
129.704 170.133 2642.78
334.575 -58.9505 2804.85
215.516 -979.726 2973.65
392.612 -325.017 2823.97
257.683 -269.087 2784.36
262.651 -656.455 2851.04
278.912 181.639 2660.62
139.288 -53.6715 2707.05
FRAME: 118
122.716 395.142 2507
-41.1685 -102.799 2723.09
41.2149 -965.36 2888.98
-25.0342 -452.691 2571.28
43.2876 -293.58 2756.63
49.2893 -649.907 2769.55
-16.5554 151.544 2617.52
131.391 163.989 2637.94
325.926 -54.3241 2810
217.555 -985.696 2973.64
392.464 -323.717 2840.56
258.105 -275.552 2786.3
265.231 -658.391 2853.39
279.337 176.434 2658.35
141.043 -60.2883 2704.7
FRAME: 119
122.283 375.321 2500.47
-36.179 -119.62 2705.09
37.8158 -957.21 2884.88
-6.90763 -487.994 2571.51
48.8662 -300.614 2757.13
47.8181 -653.649 2756.67
-9.37819 129.439 2608.8
135.154 143.063 2631.54
323.857 -71.6976 2816.38
220.987 -990.891 2968.7
391.551 -353.647 2819.98
258.442 -280.924 2790.09
268.265 -663.247 2850.97
279.686 156.687 2654.28
144.404 -73.8531 2702.57
FRAME: 120
118.979 318.83 2492.09
-29.1162 -140.506 2694.52
34.329 -952.713 2869.07
16.3967 -485.31 2585.02
58.331 -306.406 2755.19
44.7022 -639.385 2714.96
0.670668 93.5472 2604.3
139.996 109.172 2630.25
324.645 -106.952 2815.19
226.437 -997.272 2958.43
386.204 -366.5 2851.59
258.894 -284.058 2792.52
272.139 -666.861 2845.43
279.321 124.797 2656.19
149.304 -93.0301 2702.05
FRAME: 121
118.278 290.922 2480.37
-21.4607 -159.592 2677.56
27.1106 -952.315 2853.12
19.7401 -486.784 2597.68
60.8754 -315.859 2750.46
41.4985 -641.354 2696.48
5.50909 71.3103 2600.92
141.721 87.6639 2630.84
318.831 -127.399 2827.33
231.806 -995.02 2961.68
386.841 -371.103 2862.92
254.339 -292.657 2793.06
275.85 -664.725 2834.97
277.932 104.017 2660.75
149.664 -108.297 2701.3
FRAME: 122
117.932 261.983 2481.58
-21.143 -177.797 2665.44
24.7014 -959.102 2846.71
38.8012 -492.85 2612.93
63.5472 -332.443 2758.56
41.2731 -653.173 2691.06
10.6232 53.577 2601.75
142.646 71.644 2633.88
310.656 -152.246 2839.24
235.273 -1000.4 2943.28
383.363 -395.697 2881.45
256.176 -306.032 2805.68
276.159 -658.606 2826.32
274.668 89.7109 2666.01
151.254 -123.797 2708
FRAME: 123
116.618 242.378 2484.54
-16.8203 -200.099 2662.53
26.1271 -965.54 2837.91
48.5237 -492.38 2613.08
72.7571 -343.664 2767.43
42.523 -673.773 2686.29
3.50462 28.1554 2605.82
137.162 50.0315 2636.34
306.825 -178.037 2843.63
235.142 -995.56 2943.47
384.408 -411.95 2894.48
255.825 -313.749 2809.5
277.07 -660.03 2817.28
270.82 71.9075 2666.87
150.727 -139.338 2712.4
FRAME: 124
116.102 222.661 2493.44
-11.7996 -220.268 2665.76
25.1875 -956.57 2825.63
48.2701 -492.362 2618.14
75.5362 -361.178 2774.54
39.1152 -668.808 2674.06
7.85077 1.51792 2611.05
139.137 23.348 2641.34
300.177 -191.862 2849.95
237.958 -1008.41 2943.71
373.504 -409.366 2882.15
254.831 -331.318 2816.19
278.679 -676.965 2812.6
270.423 45.178 2671.64
152.16 -161.45 2718.35
FRAME: 125
115.38 207.493 2499.78
-7.93787 -229.311 2665.37
29.0377 -957.111 2815.6
52.0434 -507.917 2612.12
79.7551 -377.818 2773.76
34.5323 -705.188 2677.81
21.6457 -14.7171 2610.23
146.751 6.858 2644.05
295.663 -202.038 2850.96
237.237 -1002.7 2939.95
375.806 -412.037 2905.87
258.262 -347.038 2822.08
279.637 -685.127 2799.68
271.857 28.4331 2677.87
157.88 -177.785 2720.99
FRAME: 126
114.676 196.558 2506.39
0.69984 -246.229 2655.73
28.6498 -963.753 2811.96
67.3725 -506.836 2615.12
76.7781 -387.373 2769.16
35.9014 -730.692 2667.3
28.3033 -23.6124 2610.77
149.747 -2.76047 2647.28
295.249 -212.426 2853.7
237.726 -1002.47 2934.8
383.585 -440.428 2940.49
259.589 -356.02 2824.23
285.046 -706.06 2789.2
271.19 18.0915 2683.79
158.965 -187.229 2721.99
FRAME: 127
115.159 190.905 2511.45
3.97314 -257.406 2644.54
29.7427 -994.16 2803.8
106.082 -466.724 2621.97
75.2775 -401.856 2768.7
37.5051 -746.318 2654.24
29.2532 -29.2661 2609.86
148.991 -9.52272 2648.43
294.62 -218.857 2855.05
236.159 -998.247 2928.9
367.495 -459.454 2918.94
251.429 -372.862 2825.63
287.09 -716.25 2782.46
268.73 10.2207 2687
156.172 -198.441 2722.8
FRAME: 128
116.342 184.753 2517.42
-0.0215949 -268.018 2641.31
28.4689 -1004.87 2800.95
90.6481 -476.502 2610.66
73.6675 -409.387 2766.86
39.2626 -756.327 2644.5
23.7919 -33.8483 2614.28
145.018 -15.8494 2651.79
292.637 -225.882 2857.22
235.371 -994.772 2928.73
372.201 -480.206 2932.34
242.525 -384.32 2818.98
288.064 -727.299 2780.1
266.243 2.14956 2689.3
151.557 -206.351 2722.35
FRAME: 129
119.337 181.817 2524.94
-2.93685 -274.565 2646.2
19.8556 -1006.94 2799.4
88.0719 -459.896 2631.49
74.3452 -413.938 2777.37
41.8737 -758.417 2635.2
21.5457 -37.5962 2617.38
143.482 -18.5116 2653.43
289.785 -230.297 2858.2
232.489 -1000.75 2936.29
371.269 -475.487 2959.85
244.241 -387.264 2827.47
287.906 -745.21 2782.63
265.418 0.572961 2689.48
151.387 -209.556 2727.93
FRAME: 130
124.926 183.285 2537.36
-5.07792 -286.541 2652.52
26.6435 -1017.41 2808.34
69.4315 -489.822 2623.7
74.7807 -417.88 2778.97
46.8477 -754.356 2622.3
22.8926 -39.7046 2619.25
144.72 -21.2879 2655.96
282.772 -237.036 2854.89
232.626 -1004.32 2936
316.23 -486.422 2895.14
242.263 -392.585 2829.35
283.751 -751.206 2781.53
266.547 -2.87127 2692.67
151.621 -213.26 2730.06
FRAME: 131
127.52 193.162 2546.36
-2.49276 -283.845 2645.73
20.3426 -1004.76 2796.74
74.5498 -550.537 2577.16
75.7674 -433.772 2775.11
56.629 -728.331 2607.5
26.1156 -37.1811 2616.67
144.764 -19.5238 2658.35
276.528 -229.487 2866.12
236.015 -1003.44 2933.96
309.827 -479.033 2931.66
232.672 -410.363 2829.91
287.006 -743.98 2775.43
263.413 -1.86657 2700.02
149.492 -220.796 2730.43
FRAME: 132
129.89 204.846 2559.01
8.96849 -283.71 2630.59
10.6596 -992.273 2786.33
77.4523 -611.991 2518.56
76.1587 -447.31 2765.41
36.5284 -775.047 2731.6
35.2878 -34.8767 2603.62
147.31 -15.3813 2660.48
265.272 -228.68 2881.22
244.053 -1005.36 2922.24
292.793 -482.235 2952.71
223.911 -421.122 2842.34
304.818 -730.335 2756.57
259.333 4.11418 2717.34
148.673 -224.799 2732.18
FRAME: 133
126.089 247.044 2575.36
36.9008 -249.924 2582.36
5.3109 -983.629 2787.19
140.611 -495.413 2332.43
74.2929 -425.705 2753.16
39.189 -751.764 2717.14
39.5805 -2.08521 2594.72
148.332 16.5938 2662.81
258.091 -202.447 2892.28
251.39 -1004.87 2918.39
280.494 -467.295 2952.93
207.152 -402.312 2838.67
311.196 -716.003 2746.18
257.084 35.2728 2730.9
144.527 -198.708 2729.36
FRAME: 134
129.993 287.945 2589.96
41.4147 -204.503 2560.56
14.2256 -992.423 2787.93
132.703 -432.479 2362.89
72.9863 -378.073 2758.33
42.0664 -714.405 2684.27
35.9503 31.3764 2602.25
147.007 48.3378 2668.03
258.25 -171.374 2891.68
244.572 -1001.98 2918.46
289.985 -458.82 2947.07
198.212 -358.634 2833.19
303.067 -696.26 2752.64
258.063 65.2992 2733.81
141.303 -160.008 2731.9
FRAME: 135
132.547 318.853 2597.38
35.1937 -185.882 2574.91
24.1143 -1000.65 2794.27
103.981 -257.295 2379.77
75.6557 -356.593 2755.79
46.0768 -718.927 2681.26
29.6549 63.645 2614.15
149.247 78.4435 2669.14
262.244 -143.097 2880.3
233.864 -995.667 2928.92
295.675 -426.004 2920.12
218.011 -338.752 2821.29
290.001 -690.731 2768.93
268.839 93.2421 2724.12
148.04 -134.614 2728.84
FRAME: 136
132.883 348.915 2606.11
22.5735 -147.611 2615.45
27.5215 -1004.16 2795.04
89.9161 -278.344 2504.13
75.1178 -334.153 2746.94
49.5379 -719.004 2676.52
26.5582 91.9919 2618.52
150.372 106.772 2672.25
264.948 -123.658 2881.05
230.503 -994.558 2938.46
294.35 -414.025 2923.41
234.02 -315.145 2815.85
283.361 -688.911 2791.96
274.186 121.552 2725.97
152.471 -108.939 2726.82
FRAME: 137
136.25 376.484 2615.5
36.9884 -103.503 2554.04
30.6397 -999.397 2797.65
108.05 -241.828 2493.47
69.8888 -316.236 2738.25
51.9565 -705.079 2681.17
24.6659 112.854 2619.49
147.888 127.917 2676.59
218.639 -26.4672 2626.63
227.524 -996.993 2944.85
289.039 -391.561 2919.95
238.91 -295.535 2816.49
277.227 -687.787 2803
271.109 142.98 2733.7
151.144 -88.9842 2726.98
FRAME: 138
136.312 402.356 2626.96
56.9712 -69.5331 2502.59
36.9481 -997.341 2805.81
109.663 70.8658 2240.09
66.3243 -303.717 2725.27
54.7764 -691.595 2685.28
21.4486 130.926 2620.21
137.499 145.569 2679.64
220.716 -15.773 2615.67
224.047 -992.647 2957.96
270.478 -294.014 2793.58
230.839 -282.745 2809.9
269.711 -674.606 2813.24
253.549 160.213 2739.06
143.04 -73.8311 2723.61
FRAME: 139
137.23 432.148 2631.55
61.3139 29.856 2437.46
30.9878 -983.299 2824.48
128.737 244.196 2238.99
59.2695 -299.814 2717.58
47.8952 -671.761 2699.92
19.2232 153.679 2621.15
136.37 165.664 2678.79
217.402 -10.8231 2607.72
221.283 -985.822 2964.95
182.899 68.5643 2434.98
228.551 -282.31 2801.21
257.942 -662.288 2839.18
253.517 177.65 2736.43
140.14 -62.6988 2719.09
FRAME: 140
142.13 448 2635.73
63.4914 76.6453 2403.99
28.8204 -966.687 2833.9
119.884 247.171 2243.16
53.8982 -294.158 2716.07
40.8364 -654.936 2710.39
21.6415 181.237 2625.85
139.504 190.001 2680.12
213.98 8.67011 2591.21
213.708 -980.861 2970.76
186.152 201.618 2309.17
226.876 -281.257 2795.7
251.121 -663.946 2861.61
257.366 198.766 2734.39
139.945 -48.8531 2718
FRAME: 141
144.635 455.374 2642.42
66.7971 89.1846 2395.28
30.9384 -958.15 2839.43
118.384 295.615 2219.51
49.8757 -283.704 2716.77
36.7217 -638.939 2718.24
28.4137 194.918 2630.5
144.851 200.857 2679.66
209.154 47.2316 2580.24
206.646 -971.18 2974.08
168.89 301.42 2208.1
226.234 -274.704 2791.08
245.939 -652.998 2867.8
261.289 206.797 2728.83
141.453 -39.1733 2716.79
FRAME: 142
149.576 464.13 2653.24
49.7909 111.393 2392.13
32.2623 -966.029 2837.5
132.446 329.612 2174.03
48.9578 -268.685 2709.39
38.4828 -638.925 2718.64
23.547 206.308 2634.04
139.895 211.382 2688.2
217.731 47.6797 2637.52
202.187 -961.398 2976.69
346.597 1.28152 2708.26
220.671 -261.156 2788.46
235.59 -632.934 2874.48
256.243 216.455 2742.35
137.355 -26.7694 2718.56
FRAME: 143
152.456 470.126 2658.74
46.8646 127.076 2391.92
36.7036 -966.138 2830.3
150.534 315.466 2182.82
49.0321 -259.325 2698.66
43.922 -629.536 2711.14
26.6777 215.245 2630.79
141.754 219.439 2692.47
239.59 56.7238 2719.91
199.337 -957.5 2984.34
412.257 -35.4297 2750.13
216.658 -253.152 2787.9
229.823 -625.954 2882.61
256.83 223.632 2754.14
137.3 -18.3998 2717.87
FRAME: 144
160.379 481.221 2663.68
45.497 155.716 2373.61
40.6783 -970.713 2824.22
171.765 329.205 2188.81
51.7595 -250.184 2692.6
48.3293 -630.099 2704.95
31.9482 226.426 2624.98
141.745 230.651 2693.24
256.29 59.7753 2771.11
193.461 -949.599 2989.05
481.981 -40.2858 2753.03
210.203 -244.109 2790.21
225.548 -614.126 2885.97
251.543 234.875 2761.49
136.363 -8.24805 2717.32
FRAME: 145
165.103 486.405 2669
45.6604 186.482 2360.46
48.3534 -968.454 2811.2
183.503 338.965 2129.8
59.5316 -245.679 2681.99
59.0456 -625.531 2689.51
30.131 245.279 2619.7
135.307 249.339 2705.36
282.125 85.5798 2879.62
189.911 -948.19 2994
513.514 -1.79209 2779.62
197.762 -240.395 2793.64
219.588 -611.159 2889.82
240.483 253.399 2791.02
131.977 3.15093 2721.59
FRAME: 146
166.426 487.977 2672.58
39.6754 208.64 2338.33
50.0552 -975.584 2797.98
197.006 284.964 2097.5
59.4865 -243.997 2675.17
60.656 -633.938 2666.59
30.0288 249.881 2601.55
135.631 254.96 2692.31
314.406 150.688 2929.01
193.817 -946.42 2998.31
542.736 113.165 2819.86
191.877 -237.6 2788.75
219.5 -613.761 2878.66
241.233 260.04 2783.08
130.656 7.08076 2712.14
FRAME: 147
166.336 485.239 2679.49
45.3077 218.557 2329.12
47.969 -977.847 2783.14
184.833 237.295 2061.34
57.7545 -243.711 2668.09
66.3902 -637.258 2644.91
33.1534 258.621 2592.78
137.188 262.065 2685.59
294.386 185.465 2938.31
195.18 -944.595 2997.87
549.726 143.39 2836.43
182.777 -239.488 2779.28
227.486 -616.415 2854.7
241.224 265.508 2778.4
128.727 10.2325 2704.64
FRAME: 148
162.22 476.389 2683.78
35.1298 220.665 2320.98
43.054 -990.167 2765.38
157.733 187.195 2025.68
52.28 -254.414 2663.98
64.218 -655.892 2626.75
37.3248 259.768 2583.05
141.338 262.723 2668.48
285.32 204.198 2947.94
204.939 -942.621 2995.04
533.289 218.124 2869.95
181.247 -250.728 2769.59
238.019 -616.512 2840.55
245.352 265.679 2753.92
129.051 5.07608 2692.63
FRAME: 149
158.334 459.551 2685.68
38.7084 200.29 2312.41
30.5236 -1002.07 2764.24
144.139 147.449 2029.33
40.516 -265.6 2667.63
57.5474 -670.489 2622.59
31.8812 249.522 2573.27
140.205 251.358 2637.47
274.046 227.265 2914.45
218.39 -937.966 2973.6
487.653 273.991 2767.03
188.147 -263.405 2752.22
251.053 -627.112 2817.77
248.529 253.193 2701.67
127.268 -6.57239 2673.7
FRAME: 150
158.533 446.901 2684.56
37.4481 164.915 2339.97
30.4279 -1008.27 2760.97
118.219 131.749 2009.06
34.9917 -282.611 2654.85
52.0889 -683.839 2612.92
33.5476 221.152 2573.91
143.309 221.451 2639.66
267.464 229.238 2879.03
221.049 -944.088 2964.53
393.663 230.092 2607.2
190.666 -282.26 2747.12
256.601 -652.906 2798.32
253.071 221.751 2705.4
128.069 -30.4921 2670.32
FRAME: 151
158.986 434.578 2683.01
37.5779 168.251 2332.24
24.5786 -1016.3 2748.96
93.1568 124.682 2004.23
30.3269 -298.703 2647.06
46.9036 -696.11 2599.15
33.6196 215.665 2569.68
141.483 217.101 2633.03
263.183 219.145 2868.33
225.616 -940.992 2953.15
399.117 245.503 2642.5
195.449 -296.501 2744.49
266.712 -646.836 2792.49
249.347 218.536 2696.39
127.186 -40.2506 2664.4
FRAME: 152
155.087 422.811 2673.71
31.6997 157.502 2335.83
25.6864 -1023.44 2728.71
31.1354 105.666 1989.67
30.4654 -305.405 2638.95
45.5476 -714.04 2570.69
28.8765 205.901 2563.33
135.534 208.708 2633.07
256.66 217.47 2860.72
222.903 -927.025 2952.71
362.171 261.056 2640.5
195.246 -301.152 2744.96
264.764 -638.758 2794.71
242.191 211.515 2702.81
124.195 -47.2852 2662.51
FRAME: 153
148.679 409.635 2657.67
29.8502 153.876 2337
23.6052 -1029.56 2723.88
7.47413 93.0754 1982.55
29.6755 -319.868 2638.84
52.6332 -730.55 2556.66
9.28796 181.438 2576.43
119.674 185.902 2640.94
243.692 198.76 2863.67
224.595 -924.672 2957.21
371.722 245.133 2652.6
200.035 -312.936 2736.65
270.82 -638.991 2784.84
230.06 190.366 2705.45
117.265 -65.2499 2664.34
FRAME: 154
138.744 398.892 2638.38
-7.34257 123.874 2352.37
25.9013 -1028.87 2711.92
-53.447 58.2218 1968.43
30.3638 -331.191 2636.05
58.8833 -729.706 2547.28
-5.8344 165.984 2575.91
110.045 172.398 2648.04
239.74 174.338 2863.16
220.534 -920.917 2961.02
355.849 203.189 2675.15
198.957 -321.874 2739.87
281.606 -657.123 2788.4
225.925 178.812 2720.17
112.353 -77.0674 2668
FRAME: 155
125.992 391.485 2621.21
-33.4597 108.098 2348.51
26.3694 -1030.69 2714.27
-81.5 27.1643 1993.84
28.8593 -337.15 2639.58
57.9386 -743.391 2559.58
-23.9124 154.682 2572.56
98.4754 163.984 2643.74
268.569 99.0001 2847.34
219.348 -931.374 2956.11
359.974 163.771 2671.96
196.828 -324.306 2736.29
285.893 -663.756 2782.67
220.863 173.285 2714.91
105.66 -83.3722 2665.83
FRAME: 156
106.209 390.271 2602.68
-75.1235 78.7029 2342.22
27.6751 -1028.65 2712.25
-133.102 -18.575 2053.81
28.9359 -347.4 2639.96
57.8914 -745.111 2563.08
-49.5835 146.477 2551.32
76.7075 163.971 2621.86
285.555 89.2046 2811.29
215.578 -934.925 2943.67
377.495 139.505 2654.36
196.835 -324.128 2731.92
279.843 -670.519 2784.56
202.998 181.465 2692.4
94.7964 -85.8966 2653.9
FRAME: 157
89.0952 390.131 2588.99
-161.197 40.2564 2354.8
28.6753 -1022.16 2714.88
-235.243 -89.3228 2020.06
30.3082 -346.176 2641.65
58.0446 -739.622 2565.94
-53.9181 153.738 2544.48
74.4303 172.969 2611.73
305.539 65.8542 2783.77
218.975 -944.017 2941.39
363.349 97.0545 2661.65
195.586 -321.415 2727.37
278.763 -666.871 2772.95
202.779 192.2 2678.98
93.6887 -80.4132 2648.12
FRAME: 158
70.5797 388.902 2570.61
-191.309 15.7096 2376.57
27.9672 -1021 2730.36
-279.111 -155.823 2063.39
30.0678 -340.189 2647.14
52.3698 -740.897 2579.88
-62.0014 149.202 2538.73
72.8118 170.272 2597.15
359.827 61.399 2684.21
220.788 -955.83 2943.58
382.404 212.44 2573.15
196.786 -314.134 2719.11
275.489 -667.204 2767.25
207.625 191.341 2655.56
93.1193 -78.4449 2640.14
FRAME: 159
43.4305 385.783 2541.05
-232.731 -25.29 2480.64
25.1602 -1016.27 2743.13
-339.402 -265.025 2210.58
27.7262 -332.13 2655.35
49.1647 -722.876 2602.84
-66.5132 154.376 2535.18
68.5564 175.153 2573.03
354.973 57.6364 2528.58
222.067 -956.882 2936.15
381.999 262.691 2454.88
201.241 -305.447 2704.02
274.733 -663.669 2758.98
203.626 195.931 2610.89
91.52 -71.8173 2626.36
FRAME: 160
24.3429 385.194 2520.36
-232.973 -40.6789 2513.06
24.5475 -1009.05 2763.3
-348.355 -325.336 2312.16
27.2978 -321.353 2664.59
41.0399 -712.255 2622.95
-73.6341 156.809 2537.91
66.0093 176.958 2561.61
356.718 42.285 2469.22
224.247 -962.983 2928.62
302.381 242.35 2239.39
204.513 -295.766 2694.72
275.892 -662.064 2755.83
205.653 197.107 2585.3
90.9575 -65.8009 2620.63
FRAME: 161
3.52808 377.332 2501.5
-230.07 -69.7139 2555.08
24.7534 -1006.54 2773.55
-353.575 -407.996 2434.29
28.9465 -317.43 2675.84
35.6127 -709.71 2639.93
-88.1448 149.561 2546
59.1536 169.975 2554.01
281.118 30.0395 2356.16
225.921 -970.923 2917.07
246.787 245.926 2153.14
207.375 -292.702 2685.55
278.834 -664.001 2752.43
206.452 190.388 2562.01
88.6572 -67.5457 2617.35
FRAME: 162
-14.1265 358.597 2480.69
-215.327 -90.7612 2622.74
22.0531 -1002.5 2790.07
-338.899 -466.178 2568.73
29.5008 -304.711 2688.65
33.1292 -698.976 2657.12
-95.4117 143.336 2545.47
46.9122 163.285 2539.71
235.927 15.2802 2331.44
226.942 -981.281 2899.29
119.019 148.776 2112.66
204.07 -280.182 2681.59
280.118 -660.619 2746.58
189.236 183.234 2533.96
81.8487 -64.5807 2612.42
FRAME: 163
-31.0494 348.162 2457.05
-204.594 -87.2688 2648.77
22.5619 -987.197 2816.67
-281.999 -445.457 2710.46
33.7588 -298.568 2710.97
34.1544 -692.495 2680.74
-102.456 142.173 2553.94
32.0542 158.125 2524.88
188.106 -7.82095 2317
228.474 -983.411 2903.04
28.6803 46.7976 2039.57
210.005 -277.535 2673.11
280.966 -665.673 2741.74
166.564 174.077 2495.82
76.9679 -64.9632 2608.46
FRAME: 164
-39.8468 328.292 2449.66
-125.348 -69.4329 2683.41
26.3409 -989.886 2821.7
-187.992 -398.211 2844.96
41.284 -294.271 2721.65
39.5053 -681.164 2700.84
-87.4083 136.179 2571.92
33.8483 146.878 2532.88
155.105 26.1706 2303.95
224.447 -981.09 2892.22
-36.9559 0.529628 2072.04
208.52 -279.475 2667.81
277.137 -661.203 2737.87
155.105 157.576 2493.84
79.3752 -69.9978 2613.8
FRAME: 165
-59.2624 300.669 2428.2
-119.637 -68.019 2672.21
32.0856 -986.269 2830.01
-144.164 -264.841 2728.51
53.9263 -269.091 2739.39
48.886 -656.877 2711.79
-79.1667 137.99 2576.71
30.4916 142.719 2524.51
72.933 13.9306 2306.26
220.767 -978.337 2883.66
-102.748 -89.2669 2191.61
211.064 -262.125 2664.98
273.842 -643.451 2734.52
140.15 147.448 2472.32
81.4934 -61.4444 2613.35
FRAME: 166
-81.337 292.28 2415.07
-122.508 -62.7289 2668.53
36.5286 -973.344 2833.74
-194.449 -206.52 2338.94
60.3512 -258.41 2746.09
51.3167 -639.458 2715.96
-91.036 128.223 2576.16
17.206 133.224 2516.67
25.7937 -9.52104 2324.48
218.918 -977.5 2876.58
-145.475 -147.967 2267.52
215.092 -251.099 2661.46
269.816 -635.079 2731.21
125.448 138.225 2457.18
77.4639 -60.7652 2610.23
FRAME: 167
-93.44 284.5 2408.35
-126.306 -59.0636 2662.57
38.8213 -958.867 2837.36
-179.892 -171.201 2372.17
64.352 -249.09 2746.27
52.1917 -622.649 2716.89
-106.927 106.509 2572.53
1.35983 113.873 2507.87
-11.7256 -42.8564 2359.68
218.661 -985.458 2875.29
-154.851 -173.161 2344.97
217.166 -238.438 2655.28
267.168 -634.329 2728.6
109.647 121.238 2443.22
71.0593 -64.9453 2604.32
FRAME: 168
-102.759 275.042 2404.24
-123.941 -61.4649 2664.74
39.7292 -954.442 2839.64
-151.828 -125.152 2359.99
68.6143 -250.651 2747.79
53.5405 -622.948 2721.35
-112.108 94.8943 2575.5
-5.38313 103.863 2508.68
-23.4127 -59.2569 2384.95
218.592 -981.181 2868.24
-218.317 -253.71 2486.63
219.125 -237.808 2653.86
265.83 -630.271 2722.5
101.341 112.832 2441.87
69.2434 -70.1831 2604.76
FRAME: 169
-113.958 263.178 2402.17
-123.906 -60.3945 2658.39
41.0331 -954.767 2840.11
-153.355 -125.43 2354.52
70.4263 -251.864 2750.39
54.9816 -619.114 2720.9
-120.493 85.2582 2578.99
-17.048 94.333 2508.19
-24.9753 -75.5157 2413.33
218.454 -984.337 2864.69
-215.073 -246.856 2536.32
217.678 -238.68 2650
264.862 -631.452 2716.08
86.3971 103.408 2437.38
63.502 -75.4695 2604.19
FRAME: 170
-129.076 250.41 2400.91
-128.797 -76.3928 2658.34
43.0441 -947.439 2846.09
-153.013 -139.495 2361.08
68.7795 -262.318 2749.82
56.0308 -618.399 2723.69
-129.337 71.8132 2575.75
-31.0367 79.9304 2501.38
-33.0473 -94.5841 2452.49
217.212 -991.797 2855.95
-210.554 -240.421 2609
216.284 -249.958 2638.5
265.027 -642.441 2706.81
67.2635 88.0476 2427.01
55.7476 -88.1036 2597.77
FRAME: 171
-142.853 241.78 2402.58
-125.7 -79.676 2661.94
46.8268 -948.468 2847.09
-155.667 -133.295 2363.78
71.5086 -266.618 2749.94
57.4952 -634.484 2726.17
-130.747 66.1208 2580.8
-36.3957 72.0285 2501.51
-32.3112 -103.853 2478.49
214.307 -991.367 2852.58
-206.369 -232.379 2616.07
214.314 -257.619 2630.01
265.127 -644.477 2702.6
57.956 77.9363 2422.21
53.2577 -95.0449 2595.74
FRAME: 172
-149.537 236.778 2405.27
-126.02 -77.7754 2661.44
50.7833 -954.645 2848.4
-157.179 -128.708 2386.91
72.811 -281.357 2745.85
56.7371 -658.138 2726.84
-133.047 64.8389 2584.85
-43.0579 69.0122 2500.57
-40.5826 -117.28 2494.64
210.024 -988.721 2853.03
-208.068 -229.122 2615.95
211.164 -274.878 2616.43
266.35 -649.189 2697.63
46.9312 73.1855 2416.29
49.4649 -104.553 2590.85
FRAME: 173
-152.296 233.915 2405.07
-121.454 -81.7307 2665
52.7647 -954.974 2847.65
-162.698 -131.855 2384.42
70.9161 -299.459 2742.49
57.1875 -669.293 2723.98
-132.77 62.1704 2587.61
-44.0872 66.1053 2501.5
-40.0161 -121.109 2501.28
205.746 -989.35 2851.61
-210.556 -228.999 2624.4
210.039 -293.257 2607.51
265.31 -662.652 2691.65
44.5958 70.0402 2415.39
48.1952 -115.126 2588.25
FRAME: 174
-153.592 234.805 2407.81
-128.494 -97.8766 2668.4
52.241 -959.866 2849.55
-171.255 -147.003 2389.24
69.3068 -311.185 2741.73
57.0712 -682.022 2721.69
-135.192 57.1347 2591.67
-44.8879 61.8951 2503.66
-38.0441 -128.745 2499.89
204.749 -989.445 2851.47
-205.108 -233.831 2616.83
210.171 -303.699 2604.6
266.731 -674.763 2686.66
45.4159 66.6555 2415.65
47.4254 -122.773 2588.41
FRAME: 175
-154.17 235.999 2410.03
-115.704 -101.079 2663.94
52.3286 -962.647 2848.57
-176.529 -144.763 2395.41
68.0539 -326.887 2737.03
58.9004 -694.214 2719.54
-133.594 56.2606 2594.21
-44.1336 61.3997 2505.45
-27.0362 -127.869 2496.97
202.484 -992.633 2848.69
-197.484 -230.688 2622.11
208.788 -318.752 2597.57
264.73 -687.792 2684.33
45.3267 66.5387 2416.7
47.1436 -130.71 2586.38
FRAME: 176
-150.495 247.064 2412.25
-111.24 -94.144 2677.11
52.5232 -966.148 2847.53
-176.195 -167.262 2441.39
68.35 -334.933 2732.68
58.6334 -692.876 2718.1
-132.339 62.8368 2601.36
-43.0663 67.0224 2507.52
-29.1034 -132.563 2490.27
199.725 -991.037 2853.76
-199.818 -241.775 2600.61
205.677 -328.302 2588.71
255.413 -688.475 2683.8
46.2068 71.2081 2413.69
46.9735 -132.298 2584.11
FRAME: 177
-140.977 280.259 2419.98
-103.654 -84.4324 2687.14
49.158 -967.766 2842.24
-182.581 -170.112 2449.34
64.1993 -343.038 2724.03
54.0128 -698.977 2714.37
-127.769 76.3741 2608.37
-34.8595 82.8571 2516.03
-16.9858 -129.894 2479.39
201.281 -985.91 2856.91
-183.684 -259.697 2601.05
203.655 -333.005 2585.92
257.607 -677.045 2687.54
58.0503 89.3401 2423.69
49.5339 -127.582 2585.5
FRAME: 178
-126.957 308.035 2431.13
-99.0192 -73.596 2695.22
47.5574 -974.426 2839.63
-176.876 -169.785 2446.23
61.0588 -345.086 2720.99
48.5374 -705.765 2710.88
-125.466 92.9882 2613.51
-27.6576 100.548 2521.79
4.75175 -118.99 2474.85
200.74 -983.127 2859.99
-166.486 -268.928 2575.42
203.553 -333.787 2587.92
262.508 -672.774 2689.69
70.1507 108.108 2430.08
52.3242 -119.444 2588.13
FRAME: 179
-89.6108 370.206 2446.58
-108.912 -61.6348 2719.45
44.1268 -982.901 2833.12
-174.229 -254.469 2491.94
49.2059 -335.416 2710.3
40.9443 -709.636 2706.04
-116.153 132.287 2610.37
-6.81156 141.008 2528.16
116.145 -88.011 2505.59
207.457 -978.239 2868.28
-114.696 -251.056 2516.99
202.708 -323.008 2595.3
257.78 -660.525 2699.08
102.53 149.729 2445.95
59.5727 -94.1017 2590.48
FRAME: 180
-73.1954 392.489 2460.39
-116.578 -66.1254 2720.25
43.9702 -983.362 2836.31
-165.743 -313.115 2560.2
33.5857 -310.22 2704.01
31.8538 -689.295 2716.82
-114.561 152.75 2611.83
1.11836 160.893 2533.66
114.893 -81.0768 2504.8
208.387 -971.996 2873.25
-71.29 -279.274 2517.73
193.042 -298.901 2596.57
246.882 -647.845 2697.77
116.798 169.037 2455.49
57.2161 -71.8334 2591.97
FRAME: 181
-57.2337 416.995 2476.95
-122.925 -68.7531 2712.95
43.1973 -983.433 2839.15
-214.203 -457.626 2773.27
20.0184 -293.085 2698.11
27.407 -675.282 2719.66
-114.826 170.691 2615.34
8.74265 179.291 2542.3
116.757 -75.476 2502.59
209.706 -968.114 2877.13
-68.6971 -299.29 2517.8
188.286 -281.354 2598.8
242.014 -639.545 2702.06
132.312 187.891 2469.27
56.4475 -53.9644 2595.38
FRAME: 182
-33.8787 431.703 2492.44
-133.178 -66.614 2700.92
44.1389 -968.142 2842.05
-218.659 -407.489 2649.27
10.4525 -282.634 2692.49
14.9536 -673.932 2716.34
-113.994 180.494 2616.76
18.6118 188.918 2550.99
143.298 -67.6856 2506.95
211.521 -968.011 2883.28
-15.7497 -294.911 2499.41
183.749 -271.609 2606.6
237.877 -642.258 2700
151.217 197.343 2485.23
57.8562 -44.1015 2600.27
FRAME: 183
-17.3089 445.494 2506.13
-139.841 -58.3744 2688.05
42.3678 -967.38 2838.74
-201.17 -335.5 2596.89
-0.53908 -273.409 2687.43
-2.86221 -671.508 2722.1
-112.178 194.715 2616.14
27.1519 203.087 2560.39
204.951 -46.1617 2535.34
212.436 -966.294 2890.6
29.7025 -307.215 2490.9
183.399 -262.373 2613.85
233.224 -644.224 2701.16
166.482 211.458 2504.63
59.291 -32.402 2605.51
FRAME: 184
-2.10624 456.526 2518.88
-142.997 -55.9216 2680.41
42.9944 -972.649 2836.11
-236.417 -387.162 2558.41
-5.7026 -261.188 2682.18
-18.2182 -670.297 2726.15
-107.537 201.513 2619.3
37.6622 209.047 2572.4
217.696 -45.5304 2542.45
205.194 -955.433 2897.96
72.4849 -311.421 2475.15
180.493 -251.492 2622.1
233.271 -628.176 2714.67
182.861 216.581 2525.5
62.5288 -23.6466 2612.27
FRAME: 185
13.5146 464.828 2532.07
-145.931 -52.2989 2666.85
41.3745 -973.768 2834.19
-226.251 -380.642 2493.65
-6.35001 -254.461 2676.66
-16.0476 -654.844 2722.94
-105.434 206.251 2617.31
44.5307 213.627 2578.81
241.851 -35.6405 2564.46
208.732 -955.711 2901.01
119.549 -312.216 2474.89
178.875 -245.315 2629.2
230.64 -620.098 2714.65
194.495 221.002 2540.3
65.3967 -18.1306 2615.87
FRAME: 186
44.4326 470.867 2558.25
-139.367 -46.3564 2639.06
39.0129 -974.784 2829.21
-178.409 -359.522 2403.37
-6.98443 -245.183 2669.83
-12.6557 -637.606 2714.85
-99.9739 210.634 2619.72
58.3345 216.808 2592.74
273.348 -30.3498 2595.69
209.228 -955.184 2908.86
184.766 -298.446 2489.85
180.174 -237.842 2638
232.62 -617.243 2716.8
216.643 222.982 2565.77
72.4648 -12.3524 2623.33
FRAME: 187
63.2426 477.037 2572.76
-134.975 -42.0492 2623.47
37.7131 -972.309 2830.02
-142.879 -333.037 2380.48
-1.37157 -238.535 2665.06
-6.95217 -629.702 2711.58
-90.1193 214.6 2616.94
68.7169 220.185 2600.18
292.608 -27.2751 2623.16
206.187 -950.447 2915.15
214.208 -297.853 2474.32
182.255 -232.039 2645.84
229.909 -612.448 2717.15
227.553 225.771 2583.43
79.5793 -7.55089 2627.82
FRAME: 188
77.0442 481.67 2583.38
-131.134 -36.0345 2611.7
44.2304 -961.874 2802.52
-116.218 -318.204 2359.83
5.51193 -236.902 2653.85
-10.4492 -618.748 2688.72
-85.9724 215.386 2615.21
73.7958 221.469 2606.87
303.489 -20.3861 2645.64
205.295 -951.942 2912.03
235.158 -289.446 2501.4
181.194 -230.185 2644.84
227.358 -613.755 2710.47
233.564 227.552 2598.52
83.5743 -6.03718 2628.11
FRAME: 189
90.5115 486.086 2589.55
-125.746 -29.3437 2598.16
42.2117 -966.06 2815.93
-81.7265 -298.057 2337.84
9.71258 -238.064 2649.16
-7.39725 -618.522 2691.76
-76.0405 215.302 2613.73
81.3023 220.319 2615.06
311.242 -16.4202 2667.26
201.796 -946.933 2920.08
260.397 -283.023 2497.3
181.56 -232.553 2650.68
228.144 -617.363 2710.52
238.645 225.336 2616.38
88.4693 -7.49464 2632.49
FRAME: 190
99.8914 485.551 2597.21
-118.415 -37.7744 2591.9
35.6044 -952.417 2825.24
-52.5127 -295.833 2332.64
11.1361 -237.868 2648.85
-5.14057 -624.087 2700.34
-68.4633 216.964 2617.2
88.5837 220.503 2624
309.339 -25.3114 2686.23
202.707 -948.267 2923.91
262.25 -284.578 2531.38
184.243 -233.967 2656.52
225.745 -612.486 2717.35
245.631 224.042 2630.8
93.1367 -7.70724 2638.34
FRAME: 191
110.954 486.709 2605.09
-109.929 -39.4233 2594.32
39.6581 -946.924 2825.79
-13.5588 -287.848 2341.41
14.7524 -241.55 2657.25
2.18151 -629.063 2699.64
-60.6498 216.524 2621.19
95.2841 219.371 2631.4
309.394 -26.9717 2706.49
202.321 -946.471 2927.3
278.536 -284.964 2541.51
188.82 -238.376 2668.9
227.279 -610.417 2736.01
251.218 222.219 2641.61
98.5351 -10.2958 2647.24
FRAME: 192
125.123 489.114 2614.3
-88.1933 -47.1166 2605.34
41.5196 -941.457 2818.75
50.4231 -294.014 2379.94
28.4672 -243.822 2670.69
9.80763 -630.969 2692.46
-47.8977 216.097 2636.69
109.068 218.008 2645.62
307.877 -24.2718 2709.91
201.109 -952.632 2938.24
308.806 -288.488 2585.49
198.092 -241.719 2680.52
233.587 -614.349 2755.02
266.035 219.918 2654.55
111.174 -12.3813 2660.61
FRAME: 193
139.758 490.148 2623.16
-65.6858 -60.6374 2615.36
41.2127 -942.631 2817.81
69.9445 -303.358 2414.49
34.508 -247.497 2681.56
16.0287 -636.286 2691.98
-38.0785 216.586 2646.85
119.064 217.428 2656.72
315.188 -23.0271 2735.84
200.179 -953.167 2943.34
328.817 -311.331 2588.94
205.113 -246.576 2692.64
236.671 -611.889 2766.71
276.207 218.27 2666.58
119.437 -14.8045 2671.91
FRAME: 194
154.061 490.127 2632.25
-44.6106 -69.2431 2629.55
41.1129 -942.777 2820.53
93.8881 -336.766 2482.57
43.6069 -251.719 2697.85
19.2785 -639.252 2695.06
-23.1289 214.984 2658.79
130.683 215.194 2668.37
314.518 -35.5837 2755.73
198.951 -951.038 2946.84
345.345 -306.742 2648.59
215.073 -251.598 2708.84
243.932 -607.46 2774.75
284.496 215.404 2677.96
130.012 -18.2325 2685.86
FRAME: 195
163.179 489.627 2640.19
-28.7819 -72.5289 2635.38
42.7862 -947.015 2829.45
93.5103 -361.93 2531.08
51.209 -253.001 2708.21
27.7885 -646.046 2705.85
-14.1432 211.872 2665.55
138.614 212.08 2675.71
316.458 -39.4175 2773.3
199.85 -953.984 2949.12
339.586 -294.75 2642.98
222.661 -252.82 2719.87
254.088 -608.102 2787.51
291.37 212.287 2685.86
137.774 -20.4155 2694.87
FRAME: 196
167.661 488.929 2645.47
-16.7044 -65.2887 2662.05
42.775 -950.143 2838.66
83.2634 -360.629 2567.79
56.1678 -254.026 2717.22
34.766 -646.89 2715.32
-3.90293 209.826 2669.59
146.476 210.906 2681.57
319.004 -42.1509 2784.75
200.683 -956.258 2954.51
346.705 -301.795 2659.76
237.432 -252.697 2731.75
259.598 -616.127 2794.03
296.855 211.986 2693.54
146.638 -21.2277 2703.03
FRAME: 197
171.78 488.074 2649.39
-13.8409 -67.6098 2685.14
41.6779 -953.76 2848.61
66.517 -350.847 2603.14
57.2581 -259.956 2724.95
40.8842 -648.254 2720.2
0.439287 207.393 2672.83
152.527 208.575 2685.01
325.031 -49.1543 2789.28
200.825 -957.74 2962.37
358.264 -319.499 2683.64
247.86 -258.434 2740.18
263.371 -630.979 2809.47
304.614 209.756 2697.19
152.543 -25.3101 2708.79
FRAME: 198
175.318 486.998 2652.42
-12.7055 -66.2648 2705.1
44.7006 -958.184 2861.22
64.0877 -368.569 2618.12
56.8921 -267.005 2733.34
44.8908 -655.523 2733.48
3.84032 205.107 2676.34
157.826 205.419 2687.81
329.516 -56.5174 2791.89
200.674 -961.103 2969.07
363.512 -328.81 2692.2
253.073 -266.545 2747.78
263.068 -639.928 2828.3
311.812 205.73 2699.28
156.404 -30.6779 2714.18
FRAME: 199
177.425 486.532 2653.34
-9.76685 -65.5435 2713.69
46.4788 -958.394 2870.41
54.4679 -315.079 2607.9
55.3547 -269.203 2742.87
45.615 -653.465 2748.63
8.13724 206.362 2681.27
161.737 205.344 2689.96
336.02 -60.9622 2795.05
201.229 -965.807 2975.82
383.922 -334.096 2730.84
255.498 -270.521 2753.99
264.418 -647.563 2837.18
315.337 204.326 2698.66
158.582 -32.259 2719.2
FRAME: 200
179.437 485.766 2654.88
-2.49817 -60.3506 2740.35
46.9326 -956.621 2875.86
53.3527 -311.598 2627.78
56.3146 -271.036 2752.84
46.9159 -653.811 2756.58
9.41936 205.46 2685.31
163.187 204.289 2690.89
342.856 -65.4659 2796.51
202.399 -968.688 2980.85
391.219 -335.457 2751.3
258.458 -272.574 2759.95
267.396 -656.557 2843.4
316.956 203.118 2696.48
160.287 -33.758 2723.64
FRAME: 201
181.005 481.406 2656.8
-3.31383 -70.8262 2747
48.6619 -965.906 2887.34
55.8463 -331.11 2633.22
57.6221 -270.037 2759.5
47.3826 -652.554 2773.4
11.663 202.399 2689.79
165.67 201.463 2693.87
347.605 -67.9346 2799.7
198.325 -971.173 2977.76
393.182 -323.321 2755.2
264.679 -271.269 2764.8
267.061 -658.076 2841.75
319.678 200.528 2697.96
163.41 -34.5948 2728.01
FRAME: 202
182.031 479.591 2657.89
-3.88221 -80.9492 2750.16
48.691 -964.54 2892.13
49.3041 -356.912 2649.49
59.8267 -267.829 2762.66
48.312 -649.097 2781.3
13.3684 201.399 2691.92
167.506 200.676 2695.69
352.019 -70.5667 2802.94
202.264 -973.192 2975.6
397.04 -321.331 2790.58
267.682 -268.784 2767.51
273.465 -663.961 2840.96
321.644 199.953 2699.46
165.63 -33.8151 2730.39
FRAME: 203
182.39 476.697 2656.99
-3.86976 -84.2006 2749.27
49.1401 -951.932 2897.13
50.5115 -392.525 2658.3
62.293 -265.69 2767.79
47.4634 -650.111 2802.49
13.3147 201.246 2693.04
167.668 201.287 2696.49
352.557 -68.2507 2800.83
203.103 -972.998 2978.28
394.642 -308.676 2776.86
269.988 -265.629 2772.16
273.611 -662.082 2842.72
322.022 201.328 2699.94
166.904 -32.1866 2733.23
FRAME: 204
183.359 477.348 2658.53
-4.51228 -87.2651 2752.84
48.8728 -954.457 2901.44
16.7566 -409.529 2682.42
61.7143 -264.054 2769.45
48.3575 -646.253 2803.47
14.5799 200.095 2694.73
169.176 199.674 2697.81
355.999 -69.6498 2806.25
205.818 -976.532 2976.99
396.203 -303.004 2787.22
271.06 -264.611 2773.37
273.146 -658.346 2845.3
323.771 199.253 2700.89
167.781 -32.3293 2734.61
FRAME: 205
183.179 476.789 2657.18
-8.75183 -93.3739 2757.99
49.6117 -958.68 2903.55
9.03661 -412.973 2669.97
61.574 -259.919 2770.5
49.7083 -640.796 2806.03
12.8966 200.517 2695.91
167.513 200.614 2698.89
357.849 -55.5082 2806.78
206.195 -973.117 2975.21
399.27 -306.313 2802.31
270.928 -259.771 2774.33
271.683 -654.422 2841.59
322.13 200.711 2701.86
166.882 -29.6152 2735.65
FRAME: 206
183.157 476.533 2656.2
-9.06216 -94.6489 2760.05
50.5185 -957.253 2905.97
4.43557 -423.99 2673.89
62.2678 -256.964 2771.88
51.1058 -639.354 2807.26
12.8519 200.798 2698.4
167.551 200.869 2700.2
357.661 -55.8912 2808.32
207.412 -974.163 2975.83
399.157 -297.184 2803.01
270.96 -256.873 2774.16
270.864 -651.842 2842.89
322.25 200.941 2702
167.082 -28.0248 2736.61
FRAME: 207
183.049 475.379 2655.63
-8.48299 -93.3565 2763.11
51.1401 -961.688 2908.6
-3.30322 -430.255 2662.56
63.6383 -261.543 2773.35
52.0209 -640.64 2800.4
13.2501 196.569 2700.64
168.222 196.684 2701.09
356.885 -59.1907 2811.56
206.485 -976.461 2972.72
401.762 -299.599 2813.52
272.364 -261.406 2773.89
265.145 -651.845 2840.97
323.195 196.8 2701.54
168.112 -32.3953 2737.35
FRAME: 208
179.337 468.854 2645.41
-9.52816 -102.993 2756.75
49.5692 -954.508 2901.19
-5.36565 -425.082 2656.96
65.0682 -255.781 2776.24
54.1972 -632.358 2807.85
12.6086 199.203 2699.83
168.1 199.769 2700.86
358.121 -59.6263 2811.36
208.545 -977.197 2972.11
399.173 -304.727 2820.08
272.415 -255.044 2777.5
269.744 -644.734 2848.1
323.591 200.335 2701.88
168.421 -27.8216 2738.86
FRAME: 209
174.242 459.701 2633.58
-8.46372 -102.499 2756.75
49.7908 -946.085 2899.15
-1.38121 -409.686 2646.13
66.5735 -255.933 2780.04
58.078 -624.372 2799.81
11.5261 196.428 2700.16
167.542 197.769 2701.34
359.123 -61.8378 2812.61
209.748 -977.833 2973.06
401.514 -302.336 2813.49
273.699 -254.183 2781.44
271.55 -644.166 2851.44
323.558 199.111 2702.53
168.839 -28.6444 2741.04
FRAME: 210
168.778 445.012 2617.98
-7.36437 -99.317 2756.07
50.5723 -941.89 2899.79
8.10805 -407.537 2613.3
67.7796 -257.773 2783.51
61.8447 -626.129 2794.11
11.6121 193.602 2699.11
167.834 195.987 2701.47
360.005 -65.38 2816.15
212.059 -981.081 2971.93
409.713 -312.428 2832.65
277.739 -254.583 2786.48
273.349 -645.716 2857.02
324.056 198.371 2703.82
170.297 -30.0955 2743.23
FRAME: 211
164.568 430.149 2603.72
-6.67015 -101.061 2754.77
50.5964 -936.933 2899.4
10.464 -393.778 2588.66
71.854 -260.562 2786.87
65.0769 -626.502 2789.67
10.8949 189.284 2698.8
167.31 192.836 2701.75
359.521 -68.9495 2818.17
213.127 -983.166 2969.28
411.299 -309.603 2819.17
278.492 -255.88 2790.69
275.004 -646.258 2855.25
323.725 196.388 2704.71
171.242 -32.6924 2745.27
FRAME: 212
158.468 401.195 2578.08
-6.3442 -101.845 2753.23
48.1929 -936.828 2895.43
25.5321 -371.102 2536.95
74.0578 -261.466 2790.94
64.5206 -628.287 2784.4
11.153 184.617 2696.67
167.285 188.523 2700.36
361.89 -71.8562 2819.93
215.223 -985.55 2964.95
421.321 -331.6 2840.98
276.61 -256.387 2795.71
275.521 -644.208 2848.84
323.417 192.429 2704.06
171.309 -35.2016 2746.84
FRAME: 213
154.099 352.62 2559.84
-3.08504 -99.8875 2747.13
39.1355 -944.276 2879.57
40.5852 -368.077 2503.7
76.4162 -265.401 2792.91
65.0954 -630.578 2773.28
7.8704 163.668 2686.42
165.534 168.957 2693.22
365.754 -77.7934 2823.18
221.986 -994.959 2961.2
431.881 -346.774 2830.86
272.566 -258.849 2801.42
281.9 -648.263 2841.93
323.198 174.247 2700.03
170.013 -46.5839 2745.19
FRAME: 214
151.256 334.165 2548.37
1.2065 -120.405 2736.08
33.7008 -946.001 2866.07
46.7801 -382.695 2489.2
77.4514 -273.292 2797.21
53.9369 -650.053 2761.06
8.19935 139.571 2678.94
163.762 146.157 2686.16
367.345 -84.3691 2828.29
226.706 -1000.69 2955.79
438.028 -353.7 2831.62
271.673 -265.096 2806.3
291.882 -651.196 2833.08
319.324 152.743 2693.37
169.162 -61.5183 2743.96
FRAME: 215
150.047 315.961 2539.61
3.53762 -134.361 2726.86
33.9515 -940.472 2857.01
55.1563 -401.304 2502.22
76.5038 -281.142 2798.46
48.7621 -669.475 2757.36
8.0049 124.673 2672
162.389 132.372 2681.07
368.977 -82.9737 2827.95
233.145 -1008.79 2946.75
441.556 -375.055 2846.74
271.792 -271.403 2809.95
299.449 -658.071 2815.77
316.774 140.072 2690.13
168.269 -71.9501 2742.64
FRAME: 216
149.603 283.32 2536.34
5.93765 -170.212 2716.12
28.8798 -935.496 2840.1
62.6549 -450.083 2505.59
69.6443 -304.064 2793.8
29.1433 -725.789 2789.71
12.2818 95.3483 2662.62
161.52 103.391 2676
368.087 -89.6545 2831.71
239.374 -1025.61 2937.45
440.654 -393.62 2855.33
273.136 -293.004 2811.8
311.325 -689.901 2800.29
310.758 111.434 2689.39
166.455 -97.5715 2739.4
FRAME: 217
152.808 254.592 2532.91
9.06196 -190.911 2710.81
25.0159 -918.298 2813.12
66.4388 -494.451 2531.27
66.2287 -337.668 2787.49
28.8182 -748.531 2780.93
16.0067 71.877 2657.29
162.963 79.9657 2675.75
372.37 -113.934 2841.4
240.081 -1030.36 2936.94
442.664 -440.422 2853.92
273.599 -326.081 2813.28
320.738 -716.819 2787.89
309.919 88.0544 2694.21
166.438 -125.954 2738.07
FRAME: 218
158.243 237.984 2530.63
17.945 -212.353 2710.49
27.5659 -917.461 2796.95
68.9213 -539.081 2555.54
67.2624 -362.933 2785.31
35.3489 -763.821 2765.68
20.353 46.6758 2655.23
168.249 53.3523 2675.18
370.047 -146.862 2848.51
237.545 -1022.24 2941.32
440.46 -437.767 2849.12
272.463 -353.551 2812.66
323.515 -739.041 2783.07
316.144 60.0288 2695.13
169.056 -152.445 2737.08
FRAME: 219
158.929 228.053 2528.64
20.4364 -232.483 2714.37
33.2526 -909.148 2783.84
71.5946 -557.138 2560.85
70.4393 -382.615 2782.85
35.8867 -767.927 2752.17
24.5999 25.2873 2653.25
171.631 31.7994 2674.58
367.844 -172.715 2853.16
235.519 -1020.48 2947.69
436.617 -469.012 2870.33
272.945 -373.586 2811.88
324.719 -754.002 2778.74
318.662 38.3115 2695.91
171.661 -173.15 2735.97
FRAME: 220
161.704 216.267 2529.39
19.0443 -232.045 2710.21
33.9784 -924.399 2778.16
79.6401 -555.661 2585.02
73.5119 -398.608 2779.08
37.1756 -772.105 2726.96
32.0474 8.02936 2649.76
176.378 14.2711 2673.41
361.442 -190.901 2853.8
231.25 -1017.86 2947.12
431.735 -492.648 2875.48
274.226 -389.852 2811.43
320.1 -772.364 2779.42
320.709 20.5128 2697.06
175.123 -189.98 2734.33
FRAME: 221
164.499 206.896 2534.85
19.126 -242.108 2699.43
31.0494 -940.043 2771.94
85.5512 -537.746 2583.42
83.6934 -415.691 2771.1
49.2272 -765.7 2680.78
32.4756 -15.8192 2644.47
178.529 -6.88808 2672.5
360.516 -216.759 2853.28
231.746 -1017.44 2944.33
425.688 -497.126 2899.37
277.014 -404.038 2807.8
320.794 -788.227 2771.71
324.583 2.04307 2700.53
179.441 -208.376 2730.97
FRAME: 222
164.998 204.57 2535.81
29.4097 -278.83 2667.99
34.5536 -955.344 2773.42
99.7476 -529.295 2565.84
87.9989 -423.164 2768.61
53.9768 -753.977 2664.48
39.7546 -23.0886 2638.1
182.12 -13.3048 2669.21
355.322 -231.772 2849.87
242.451 -1009.48 2957.21
422.517 -499.629 2897.65
277.547 -410.378 2809.68
329.155 -785.654 2760.11
324.484 -3.521 2700.33
182.446 -215.038 2729.18
FRAME: 223
167.466 205.76 2543.82
44.0179 -290.75 2650.18
40.974 -955.602 2778.94
123.48 -566.816 2431.4
99.3179 -436.954 2772.73
56.135 -736.148 2661.03
47.4098 -28.4613 2629.46
186.208 -16.3615 2667.87
352.335 -242.65 2851.94
246.033 -1004.42 2951.09
412.611 -489.557 2901.25
271.559 -422.049 2820.33
337.595 -771.832 2742.79
325.006 -4.26166 2706.28
185.823 -222.931 2732.2
FRAME: 224
164.689 225.245 2544.06
52.0527 -279.303 2630.5
46.5935 -962.456 2770.79
129.74 -473.046 2360.71
103.424 -420.556 2768.57
60.8671 -737.171 2677.12
50.9631 -19.8278 2621.95
187.355 -5.86092 2664.46
350.183 -230.311 2855.55
249.905 -1001.97 2948.82
395.065 -468.442 2876.07
271.133 -403.271 2820.83
339.504 -754.572 2740.27
323.748 8.10599 2706.96
187.317 -208.887 2729.58
FRAME: 225
166 251.367 2546
55.1655 -260.419 2631.44
45.4995 -967.56 2770.2
124.888 -398.308 2515.59
107.273 -401.792 2764.21
62.0543 -726.977 2662.97
49.5903 3.05367 2619.28
187.447 18.7234 2660.82
350.368 -210.869 2842.62
246.206 -994.394 2959.81
400.467 -440.087 2885.35
280.321 -382.15 2816.38
335.299 -748.734 2748.5
325.304 34.3932 2702.35
190.622 -186.624 2725.55
FRAME: 226
167.24 304.356 2559.72
65.8306 -145.532 2548.48
47.4746 -967.553 2768.09
124.211 -220.232 2394.12
106.148 -370.864 2752.83
65.7753 -728.952 2657.14
50.6717 55.5611 2616.01
188.086 70.2955 2657.19
325.526 -142.357 2807.76
239.47 -993.595 2962.74
413.839 -418.999 2889.53
283.836 -352.097 2805.77
329.884 -739.243 2764.56
325.5 85.0299 2698.37
191.539 -145.593 2718.24
FRAME: 227
170.627 348.537 2564.67
84.8747 -59.0648 2488.64
49.0141 -959.608 2777.55
118.282 116.992 2257.68
107.757 -327.092 2742.75
64.556 -689.815 2670.95
59.3595 113.617 2621.69
191.071 125.763 2661.76
317.066 -91.5781 2796.99
233.631 -993.259 2948.75
398.167 -338.028 2843.86
281.02 -311.571 2794.81
316.022 -702.304 2778.2
322.782 137.908 2701.83
192.73 -96.7845 2715.27
FRAME: 228
176.063 386.058 2576.54
100.021 11.5987 2427.78
50.5869 -955.371 2784.94
119.308 230.278 2215.63
107.36 -287.746 2726.52
68.954 -661.125 2677.6
65.2349 152.663 2615.15
193.221 163.872 2661.88
320.875 -49.1512 2819.11
232.579 -984.994 2945.7
392.743 -318.211 2836.64
278.256 -273.293 2788.22
308.013 -670.615 2783.68
321.208 175.08 2708.61
193.015 -58.3241 2709.62
FRAME: 229
183.901 419.687 2588.78
107.207 37.2349 2407.27
51.9615 -952.326 2796.57
131.52 285.647 2205.89
107.129 -264.983 2715.38
72.8918 -644.534 2684.24
69.6356 178.803 2614.07
193.596 188.702 2667.37
310.569 -21.3673 2817.94
229.881 -981.084 2949.25
389.052 -281.265 2838.23
273.416 -252.035 2786.12
298.077 -646.604 2792.53
317.556 198.601 2720.68
191.934 -34.9037 2709.06
FRAME: 230
185.626 431.508 2590.19
109.555 52.5388 2393.12
54.6663 -955.25 2807.79
142.049 319.696 2197.71
106.212 -252.292 2706.56
76.9369 -632.144 2691.82
69.2638 198.159 2611.14
191.827 207.718 2670.06
310.272 -9.08408 2817.69
223.618 -971.563 2955.5
403.369 -275.552 2838.84
270.141 -239.859 2784.44
289.189 -626.835 2814.39
314.391 217.277 2728.97
190.002 -19.179 2707.78
FRAME: 231
190.118 440.369 2601.67
108.41 69.2139 2380.33
54.5882 -961.905 2812.77
166.662 340.402 2198.15
105.506 -253.075 2699.32
78.6741 -629.118 2697.73
71.0407 208.461 2610.85
190.968 216.565 2672.66
307.334 0.657956 2818.97
220.883 -975.553 2956.9
393.685 -209.935 2795.91
266.973 -242.442 2781.33
283.388 -621.943 2828.86
310.896 224.668 2734.46
188.604 -15.5969 2706.49
FRAME: 232
191.402 451.83 2613.8
105.602 82.9163 2370.15
55.6782 -959.558 2817.81
184.362 344.089 2176.11
103.994 -251.713 2693.32
78.43 -623.439 2700.85
71.5329 212.187 2612.42
188.358 219.541 2675.62
305.333 4.30218 2823.35
217.711 -972.197 2960.65
411.265 -210.772 2819.49
264.613 -241.826 2778.8
278.665 -623.253 2837.48
305.184 226.894 2738.81
186.331 -13.6146 2705.84
FRAME: 233
195.842 469.093 2625.1
107.46 104.597 2355.34
56.3268 -957.885 2815.05
234.649 322.7 2119.4
101.509 -242.057 2685.5
78.3216 -619.695 2697.8
71.5561 222.932 2607.07
183.622 230.467 2671.81
304.293 3.2014 2840.42
217.257 -967.643 2962.08
439.188 -208.788 2860.06
260.441 -231.675 2775.06
274.667 -618.203 2838.17
295.688 238.001 2736.56
182.298 -3.19973 2701.05
FRAME: 234
203.139 476.577 2632.16
109.388 114.993 2346.51
47.088 -955.229 2796.84
260.77 291.452 2087.69
96.8789 -232.487 2678.59
79.2461 -611.564 2678.52
75.8132 228.714 2601.47
183.554 234.4 2665.11
296.305 10.24 2838.41
215.046 -966.51 2962.15
387.444 -110.967 2838.15
252.017 -224.564 2767.56
267.632 -612.029 2822.62
291.296 240.085 2728.74
179.001 2.93711 2694.09
FRAME: 235
206.609 475.322 2638.05
113.949 122.719 2332.1
46.3637 -953.573 2785.86
288.545 241.898 2059.93
97.8156 -229.192 2671.04
79.5123 -608.575 2669.59
82.2308 227.007 2594.48
186.633 230.975 2661.46
291.238 17.4052 2850.43
215.33 -968.089 2959.38
375.736 -13.7581 2911.64
244.329 -223.798 2762.55
263.207 -609.999 2809.85
291.035 234.942 2728.44
178.853 2.23979 2689.13
FRAME: 236
208.264 469.911 2641.79
116.06 129.368 2325.57
48.0345 -952.331 2777.49
301.638 186.136 2029.79
94.0012 -232.017 2667.57
80.0814 -606.675 2658.83
82.2642 224.853 2590.77
185.142 226.978 2663.53
296.408 18.7469 2855.13
215.073 -972.597 2958.55
368.265 34.7279 2856.91
229.74 -229.303 2762.25
258.184 -614.071 2802.59
288.02 229.102 2736.29
173.506 -1.84117 2689.22
FRAME: 237
208.77 463.915 2647.16
115.871 130.276 2316.39
52.0146 -956.921 2767.36
307.849 130.854 2017.16
90.4467 -239.008 2660.55
84.4585 -622.897 2636.46
86.2121 223.984 2583.76
183.737 224.798 2664.87
295.922 16.8551 2858.37
212.54 -971.347 2959.93
374.295 66.5806 2845.47
214.439 -238.026 2763.07
256.172 -618.064 2804.31
281.263 225.613 2745.98
168.09 -6.85942 2688.34
FRAME: 238
207.873 458.008 2649.95
120.318 132.876 2302.78
56.9473 -960.229 2756.38
295.701 85.8854 2017.98
91.2977 -244.44 2652.06
87.5806 -631.672 2618.23
89.5358 225.557 2575.67
179.463 226.563 2665.89
292.46 20.8061 2864.15
210.376 -972.001 2963.11
368.057 51.736 2754.53
202.333 -243.163 2763.08
255.521 -625.708 2800.48
269.391 227.569 2756.11
163.139 -8.61918 2686.73
FRAME: 239
208.487 443.787 2654.95
111.512 136.18 2308.95
58.4086 -963.302 2745.95
275.392 59.4434 2027.21
85.7711 -249.125 2646.81
83.3591 -652.752 2603.51
90.5655 224.515 2574.35
179.113 224.322 2667.11
298.358 27.212 2806.62
210.266 -980.602 2965.69
324.734 32.7015 2600.96
198.969 -249.567 2762.68
258.118 -634.653 2799.92
267.661 224.13 2759.88
160.742 -12.5116 2685.93
FRAME: 240
206.167 429.98 2656.74
105.815 126.858 2313.09
58.7372 -957.942 2724.48
236.453 26.7115 2027.63
85.9158 -258.029 2644.73
80.6519 -658.795 2605.66
91.3333 218.721 2571.39
177.14 218.652 2667.71
296.45 43.0539 2830.08
208.73 -979.526 2960.32
351.038 74.2485 2781.64
194.876 -258.403 2763.47
279.032 -653.679 2785.71
262.946 218.582 2764.03
158.768 -19.7822 2685.91
FRAME: 241
203.933 415.637 2655.5
99.2238 124.789 2312.32
59.2567 -970.258 2721.59
218.489 14.5821 2027.16
84.8597 -280.58 2642.33
80.0381 -684.744 2592.08
90.3747 204.525 2565.95
175.214 205.35 2666.01
301.441 82.115 2896.14
203.53 -980.296 2964.1
415.964 122.278 2876.93
191.504 -279.679 2765.25
289.718 -672.158 2778.9
260.053 206.174 2766.08
156.698 -37.3901 2684.9
FRAME: 242
198.567 398.643 2650.38
89.4843 125.811 2300.83
64.9891 -960.202 2704.01
189.738 2.84306 2011.21
84.5577 -303.3 2633.45
68.2526 -723.443 2573.71
81.0023 187.448 2550.55
167.295 189.827 2664.75
297.881 83.7361 2949.83
194.367 -979.655 2976.67
470.533 129.646 2939.65
182.319 -300.224 2764.84
289.179 -700.226 2778.38
253.587 192.206 2778.95
150.367 -55.9673 2681.95
FRAME: 243
193.516 379.705 2642.93
72.65 103.33 2299.01
134.773 -906.965 2781.62
156.174 -26.2829 2008.16
81.3341 -321.883 2635.99
69.7951 -761.209 2590.12
82.5748 175.69 2548.61
167.645 179.429 2658.43
287.065 76.8497 2942.51
201.473 -993.797 2981.58
449.051 113.873 2922.47
183.187 -316.959 2766.54
298.976 -721.182 2770.43
252.716 183.167 2768.25
149.953 -69.9961 2679.85
FRAME: 244
184.236 365.79 2632.82
37.221 68.4915 2282.68
156.966 -892.825 2784.61
113.271 -62.217 1999.01
83.0703 -344.849 2632.96
64.8316 -789.093 2580.45
69.1416 164.942 2533.28
159.289 171.048 2649.72
274.165 84.9404 2940.47
200.168 -992.891 2977.85
456.151 159.413 2909.89
181.696 -337.733 2759.91
302.886 -721.376 2771.29
249.436 177.154 2766.17
145.836 -85.1213 2673.08
FRAME: 245
167.655 353.143 2618.81
2.15489 20.5156 2284.43
165.431 -948.462 2755.13
63.2374 -93.3861 1996.93
82.4074 -358.572 2625.97
59.2002 -798.54 2574.63
37.386 138.593 2509.78
139.103 150.838 2635.87
269.138 79.4656 2955.63
196.334 -985.104 2971.47
472.365 198.088 2923.59
180.104 -346.3 2750.2
305.301 -720.46 2764.3
240.82 163.084 2761.97
135.179 -100.799 2661.98
FRAME: 246
144.83 338.163 2592.08
-90.4243 -13.4935 2304.35
140.347 -939.546 2756.74
-53.2971 -182.963 2059.6
78.8266 -363.926 2615.57
58.6284 -796.592 2578.59
4.07665 122.343 2508.03
114.389 138.034 2630.73
229.024 35.8917 2930.67
200.288 -988.172 2965.89
151.646 -140.227 2911.14
184.99 -347.885 2735.91
310.517 -731.768 2745.92
224.701 153.724 2753.42
123.149 -108.936 2653.23
FRAME: 247
129.769 329.341 2574.11
-141.418 -52.6332 2335.96
131.322 -937.827 2757.68
-95.0632 -249.046 2097.95
69.8856 -372.972 2608.4
51.7532 -809.136 2581.74
-13.7687 96.3732 2511.78
94.8112 115.528 2614.82
217.697 30.5059 2911.87
192.327 -974.767 2937.04
193.989 -184.755 2892.37
188.353 -351.448 2721.3
300.41 -728.914 2735.43
203.391 134.683 2717.87
111.965 -123.341 2639.84
FRAME: 248
111.012 322.565 2557.98
-196.305 -86.8207 2388.02
120.629 -908.608 2771.5
-145.148 -293.861 2155.81
63.2672 -375.789 2613.49
48.2627 -801.489 2586.87
-26.0093 85.2109 2515.09
86.8186 107.17 2603.57
215.004 4.16546 2883.38
200.281 -970.406 2934.77
211.158 -209.457 2852.43
191.16 -350.473 2714.09
306.165 -726.141 2733.94
199.646 129.13 2692.06
107.016 -127.98 2633.68
FRAME: 249
92.7941 321.149 2546.61
-228.713 -103.922 2448.8
89.3847 -926.114 2749.49
-192.11 -344.562 2214.03
53.4072 -372.26 2625.16
35.7825 -798.128 2582.03
-45.6617 81.6355 2530
75.6041 104.588 2598.03
206.346 -12.1422 2854.99
207.56 -973.038 2941.15
215.235 -243.737 2825.42
192.06 -345.593 2703.59
318.113 -721.116 2724.74
196.87 127.541 2666.07
99.1688 -127.169 2631.21
FRAME: 250
54.7737 317.266 2516.15
-250.552 -131.876 2561.73
41.7899 -958.036 2739.87
-265.88 -412.3 2369.63
45.2288 -371.103 2642.21
35.5525 -796.563 2596.34
-69.2968 79.3698 2546.29
64.6518 105.15 2594.14
357.35 -14.8763 2628.09
219.1 -972.167 2942.53
208.627 -176.462 2798.7
199.679 -340.94 2697.99
322.747 -720.285 2720.7
198.6 130.929 2641.98
93.5529 -125.436 2632.12
FRAME: 251
29.3075 310.485 2498.11
-246.078 -138.887 2592.58
30.2142 -990.176 2758.26
-288.211 -437.706 2453.84
40.8301 -368.158 2657.05
31.2232 -791.175 2611.88
-86.9572 78.5668 2555.32
56.9766 105.983 2582.94
382.617 -23.3492 2543.45
222.56 -981.504 2937.7
381.218 228.306 2396.51
207.426 -336.068 2689.39
317.174 -721.7 2713.94
200.911 133.398 2610.56
90.5524 -123.065 2628.08
FRAME: 252
8.74404 304.195 2482.9
-234.358 -145.666 2640.78
32.478 -999.215 2767
-294.933 -479.001 2572.75
40.0506 -353.339 2674.24
32.5579 -773.321 2630.81
-98.6005 77.9358 2564.51
54.424 105.887 2575.9
356.679 -31.0287 2487.73
222.735 -984.368 2927.41
318.509 169.197 2262.54
212.671 -321.483 2687.36
309.93 -718.161 2715.61
207.449 133.838 2587.29
90.3923 -115.762 2628.35
FRAME: 253
-12.5063 287.225 2464.46
-218.575 -163.336 2678.06
30.5425 -982.387 2773.44
-271.12 -497.012 2674.61
38.361 -341.512 2693.12
34.1789 -748.544 2640.75
-104.085 70.6209 2574.97
50.7183 98.8778 2573.71
271.465 -37.7998 2390.91
224.287 -986.968 2925.82
238.436 166.617 2191.6
217.35 -308.504 2691.94
308.737 -711.646 2715.92
205.522 127.135 2572.45
89.2868 -113.065 2633.12
FRAME: 254
-28.372 273.149 2451.48
-184.488 -155.648 2714.55
30.956 -979.921 2797.49
-232.301 -490.019 2796.12
43.4997 -331.243 2714.23
35.8073 -735.345 2659.07
-94.8096 73.3194 2586.55
49.2862 95.259 2564.37
217.306 -41.9526 2355.1
223.412 -991.976 2911.88
140.427 97.8568 2141.63
219.413 -304.363 2687.17
307.064 -705.24 2714.63
193.382 117.199 2542.2
90.3713 -111.272 2632.54
FRAME: 255
-39.9586 262.456 2441.1
-129.977 -121.953 2738.34
33.3651 -978.712 2813.87
-173.432 -443.523 2890.61
56.8403 -319.008 2730.23
39.6263 -714.273 2675.89
-89.3996 81.0306 2592.41
43.4457 97.0993 2551.97
167.847 -47.7465 2326.9
221.103 -991.387 2901.48
18.5371 -21.758 2127.04
219.551 -299.145 2681.03
303.945 -690.214 2716.94
176.291 113.168 2511.52
90.8208 -105.989 2628.8
FRAME: 256
-49.6285 254.339 2425.96
-103.033 -87.9594 2718.27
39.7681 -987.425 2831.23
-125.091 -268.087 2645.81
66.5947 -289.716 2748.37
44.2322 -688.683 2702.6
-91.671 92.1003 2605.55
29.2412 101.057 2542.4
73.398 -27.4239 2290.67
215.525 -974.765 2891.15
-75.7767 -127.897 2159.61
221.429 -278.251 2667.72
286.275 -657.187 2726.17
150.153 110.013 2479.25
86.6266 -91.4634 2625.22
FRAME: 257
-57.1289 248.735 2414.41
-107.465 -87.1931 2700.99
45.2964 -977.084 2839.52
-145.908 -238.977 2525.09
72.5804 -263.348 2758.6
50.5757 -659.469 2717.86
-93.6964 100.846 2602.34
20.2357 106.098 2531.27
42.9215 -35.5263 2309.71
213.862 -975.579 2885.83
-119.601 -171.286 2244.73
225.721 -256.19 2663.28
280.491 -638.196 2732.71
134.168 111.351 2460.2
84.6933 -76.8352 2621.11
FRAME: 258
-64.1894 252.016 2400.67
-110.995 -87.2767 2684.42
45.4095 -964.413 2841.44
-180.13 -246.113 2454.64
74.017 -244.793 2759.85
53.0323 -638.871 2721.88
-100.123 102.987 2596.18
11.0694 107.755 2523.75
10.5163 -55.2316 2343.1
216.44 -974.733 2885.18
-149.781 -212.196 2337.08
223.542 -238.281 2662.44
277.662 -624.1 2732.11
122.261 112.524 2451.32
79.9245 -66.8909 2617.45
FRAME: 259
-68.1291 251.234 2394.4
-109.274 -77.0253 2685.23
46.1641 -954.995 2841.96
-193.517 -228.413 2442.91
75.665 -231.287 2760.71
57.1766 -619.586 2724.37
-107.916 102.103 2589.68
2.304 107.285 2514.25
-11.5234 -74.8119 2394.15
217.185 -976.62 2880.23
-181.876 -235.234 2437.82
228.998 -223.747 2655.86
274.252 -618.716 2728.9
112.524 112.466 2438.82
77.3178 -60.1162 2611.26
FRAME: 260
-74.6595 249.455 2388.84
-109.098 -80.0754 2683.73
45.6697 -946.839 2845.37
-208.511 -209.043 2440.33
75.2976 -233.615 2766.29
57.2326 -609.88 2727.65
-115.925 94.836 2588.53
-5.32193 100.27 2509.97
-25.4689 -85.8786 2420.16
217.31 -985.735 2878.55
-208.733 -223.389 2520.62
233.583 -225.3 2654.3
269.318 -619.738 2728.85
105.281 105.704 2431.41
74.5591 -64.5937 2610.13
FRAME: 261
-85.0181 247.725 2384.9
-101.941 -76.947 2688.44
47.5826 -946.901 2847.28
-221.019 -207.073 2467.4
76.066 -243.294 2764.43
59.3946 -607.802 2727.42
-122.353 89.6682 2587.77
-15.4551 96.2797 2507.47
-42.4768 -95.5162 2442.66
216.856 -985.766 2874.08
-222.32 -212.686 2585.73
234.097 -232.84 2646.24
266.434 -618.806 2725.59
91.4429 102.891 2427.18
69.8131 -70.8937 2606.4
FRAME: 262
-90.8842 250.458 2382.55
-100.73 -78.8987 2690.1
51.3094 -947.737 2847.92
-239.7 -225.905 2520.55
78.8842 -246.611 2761.64
63.2432 -609.806 2725.58
-124.218 94.1852 2588.21
-22.0928 95.6074 2501.9
-46.0624 -101.952 2452.26
212.1 -992.52 2880.69
-233.087 -189.667 2594.74
224.95 -244.061 2638.4
263.876 -623.031 2729.48
80.0323 97.0296 2415.59
64.9121 -74.8645 2600.96
FRAME: 263
-93.0012 255.554 2385.04
-95.1194 -74.681 2696.59
57.4096 -955.272 2848.28
-206.021 -191.626 2479.68
82.361 -264.237 2756.3
69.9436 -618.626 2724.51
-120.76 96.5486 2592.15
-24.0883 96.069 2500.51
-40.2472 -100.798 2457.34
207.826 -986.894 2880.59
-216.23 -157.625 2582.07
226.102 -264.36 2620.05
258.773 -622.21 2727.6
72.5835 95.5894 2408.87
65.0717 -84.1148 2594.34
FRAME: 264
-99.2158 274.06 2391.63
-93.145 -70.478 2697.77
57.0561 -954.172 2849.2
-185.49 -178.883 2459.14
79.6932 -273.059 2751.82
69.9717 -620.176 2725.08
-120.575 100.978 2591.76
-24.0659 100.701 2499.28
-22.9071 -99.2016 2457.82
206.743 -989.564 2879.69
-215.127 -160.643 2578.55
225.109 -272.873 2612.45
254.959 -635.301 2721.17
72.4436 100.424 2406.8
64.1676 -86.1327 2590.71
FRAME: 265
-101.039 285.693 2393.28
-88.3272 -64.0942 2698.38
57.7143 -949.825 2851.17
-156.158 -155.511 2441.03
76.0167 -278.945 2748.12
70.1918 -621.056 2725.41
-116.352 107.639 2592.24
-20.638 105.703 2498.59
-7.0002 -97.624 2452.72
203.357 -984.992 2876.75
-199.679 -157.166 2568.75
222.712 -280.931 2605.36
253.76 -633.52 2715.9
75.0758 103.768 2404.95
64.3631 -87.1175 2587.67
FRAME: 266
-98.2207 294.932 2395.78
-83.6045 -59.2024 2699.69
56.8312 -953.372 2850.49
-152.669 -159.893 2442.7
73.1445 -285.096 2743.04
67.5013 -628.891 2725.35
-112.994 111.85 2592.98
-18.039 108.628 2498.1
5.09912 -99.3093 2449.21
201.798 -984.349 2877
-196.247 -160.79 2568.99
217.659 -289.017 2599.52
252.034 -639.75 2711.93
76.9161 105.407 2403.22
63.6813 -89.2143 2584.69
FRAME: 267
-93.2292 307.967 2397.48
-81.7873 -44.5806 2701.6
56.3024 -955.31 2850.68
-142.697 -154.797 2445.92
67.483 -289.66 2735.71
66.5658 -630.439 2724.8
-109.468 123.863 2591.5
-11.5904 120.405 2496.46
20.9986 -103.151 2447.74
202.092 -986.752 2877.6
-176.954 -169.679 2567.21
215.127 -293.893 2593.56
257.65 -639.618 2710.93
86.2868 116.947 2401.42
64.8572 -85.6858 2580.55
FRAME: 268
-85.4158 325.203 2398.45
-76.4763 -34.814 2704.94
54.6976 -956.716 2849.15
-137.086 -156.486 2440.22
63.1824 -290.371 2729.08
64.4405 -632.573 2722.95
-109.246 138.111 2589.52
-8.03811 134.639 2494.2
41.2498 -96.586 2447.39
202.941 -984.866 2874.09
-162.675 -183.951 2562.11
211.706 -294.632 2590.27
267.329 -631.888 2706.3
93.1696 131.167 2398.87
64.703 -78.9315 2576.93
FRAME: 269
-76.0069 338.813 2397.4
-69.3013 -33.6474 2713.52
51.0299 -960.22 2840.15
-112.149 -182.789 2476.97
58.9811 -287.919 2715.63
59.4362 -641.655 2714.1
-105.689 151.848 2594.14
-2.18058 149.634 2498.38
95.3075 -87.0692 2445.57
204.253 -979.274 2866.2
-148.115 -194.173 2537.13
203.951 -290.511 2582.25
274.384 -625.667 2692.58
101.328 147.421 2402.62
64.6427 -69.7904 2573.66
FRAME: 270
-47.6735 357.995 2407.22
-79.2741 -49.4773 2719.17
42.3684 -971.687 2818.3
-121.63 -239.258 2503.35
49.0649 -299.714 2697.09
47.1439 -657.402 2689.8
-92.8376 153.076 2600.16
15.5232 151.523 2505.28
120.848 -113.42 2449.82
217.178 -972.517 2850.69
-107.944 -227.249 2525.55
197.198 -301.591 2567.61
277.589 -620.101 2677.59
123.884 149.97 2410.39
69.3273 -74.5647 2568.81
FRAME: 271
-29.732 369.672 2413.75
-90.1009 -79.0047 2698.97
39.7502 -979.058 2813.64
-122.472 -292.835 2510.98
39.4857 -301.823 2683.49
32.8953 -673.166 2680.81
-91.742 153.213 2600.74
24.6037 153.657 2509.59
135.234 -115.497 2447.01
219.477 -969.705 2829.49
-35.4344 -222.303 2502.26
195.163 -301.06 2561.72
267.941 -640.035 2641.16
140.949 154.101 2418.43
70.9641 -73.8923 2566.1
FRAME: 272
-11.3738 379.459 2420.28
-100.071 -98.5149 2683.03
41.3917 -984.946 2815.04
-143.756 -446.857 2663.97
31.4278 -307.568 2666.38
20.9689 -686.368 2680.04
-91.1133 149.236 2596.79
34.4174 152.808 2514.29
165.684 -116.381 2455.84
221.494 -972.112 2811
-21.792 -254.349 2505.46
195.313 -302.799 2558.83
259.49 -653.645 2611.99
159.948 156.38 2431.79
73.8939 -76.1878 2563.45
FRAME: 273
3.09839 383.998 2424.4
-106.232 -117.27 2663.43
41.6498 -980.111 2814.5
-174.609 -432.817 2583.68
24.4388 -304.473 2654.69
6.99892 -691.929 2683.2
-92.1469 151.197 2590.41
41.004 156.026 2515.51
183.413 -112.309 2460.33
232.118 -980.201 2796.64
-18.8832 -279.85 2500.38
195.656 -298.189 2558.47
254.864 -666.013 2597.03
174.155 160.855 2440.61
75.5258 -72.6525 2561.05
FRAME: 274
19.0923 392.679 2426.71
-115.194 -115.962 2636.42
46.7381 -959.068 2803.47
-268.337 -488.082 2487.9
18.9256 -301.254 2640.05
-5.9177 -708.271 2661.48
-88.5404 160.138 2577.36
49.4314 165.709 2513.96
207.816 -80.8703 2481.63
246.164 -986.931 2776.19
4.85781 -284.112 2486.54
197.443 -293.971 2558.09
247.421 -673.201 2586.07
187.403 171.28 2450.57
78.8079 -65.9515 2556.52
FRAME: 275
48.8324 413.52 2431.24
-113.359 -98.7424 2610.45
43.8496 -968.505 2796.47
-188.148 -425.846 2469.19
20.8151 -284.524 2627.23
-5.20258 -697.653 2647.56
-74.068 178.468 2560.7
68.4967 182.374 2508.34
238.114 -72.4661 2484.04
266.242 -983.748 2743.56
31.0684 -288.822 2461.61
204.927 -279.441 2559.64
246.367 -665.119 2584.01
211.061 186.28 2455.98
90.6839 -49.8041 2550.89
FRAME: 276
68.396 424.891 2433.9
-111.287 -93.6595 2589.29
40.3256 -967.452 2794.87
-176.789 -419.328 2423.74
23.0986 -278.347 2613.31
-5.58772 -693.825 2639.99
-66.9743 185.105 2548.61
80.259 188.797 2504.48
259.245 -69.8116 2487.83
273.893 -994.317 2730.39
70.4621 -281.633 2447.52
209.491 -273.667 2557.43
243.806 -660.558 2582.59
227.492 192.49 2460.35
98.2769 -43.6049 2544.93
FRAME: 277
87.5654 432.055 2436.29
-103.536 -94.862 2568.46
36.1157 -960.581 2794.55
-159.407 -415.527 2370.48
23.3469 -276.435 2601.4
-3.14473 -700.541 2622.03
-58.7472 187.133 2538.25
90.9116 190.023 2501.09
279.557 -69.0248 2491.66
276.856 -995.733 2728.12
101.384 -289.258 2432.2
214.538 -272.724 2553.9
245.065 -663.435 2583.85
240.57 192.912 2463.92
104.927 -42.2785 2539.37
FRAME: 278
101.49 434.168 2438.13
-92.0297 -105.632 2532.59
35.6786 -956.62 2796.15
-125.249 -402.827 2331.47
24.6131 -274.507 2588.58
-1.07036 -694.067 2611.08
-50.096 183.869 2527.51
102.085 185.549 2497.73
297.131 -74.1793 2491.87
277.065 -999.89 2728.35
180.24 -346.583 2411.41
217.805 -272.353 2550.7
244.739 -666.372 2585
254.267 187.23 2467.96
111.647 -43.9403 2533.69
FRAME: 279
115.809 436.511 2439.34
-85.8651 -111.598 2510.17
37.1218 -957.306 2796.25
-89.3781 -400.14 2296.71
28.898 -275.911 2579.05
11.739 -679.259 2611.16
-42.5766 183.116 2519.67
112.823 183.011 2496.36
308.077 -80.8429 2494.03
275.209 -1004.05 2729.49
220.09 -357.785 2396.45
216.718 -276.036 2550.88
247.211 -666.655 2588.7
268.224 182.907 2473.06
117.816 -46.4809 2530.67
FRAME: 280
128.744 435.272 2444.25
-74.5511 -110.874 2499.41
38.4318 -957.254 2786.69
-51.6303 -380.229 2286.09
35.6448 -277.386 2567.24
20.3931 -671.672 2602.09
-33.7346 179.545 2514.86
123.552 178.362 2496.74
315.968 -88.4178 2495.37
274.64 -1009.15 2726.63
257.104 -374.872 2378.77
218.687 -278.775 2546.19
248.653 -668.801 2588.92
280.839 177.179 2478.63
125.359 -49.8593 2526.73
FRAME: 281
156.736 435.853 2446.95
-44.3373 -111.432 2482.89
39.5331 -956.936 2785.31
68.3474 -380.845 2273.71
52.0171 -283.443 2560.18
28.8951 -675.791 2609.37
-21.2583 175.066 2510.25
138.111 173.775 2495.43
331.134 -100.493 2497.6
275.162 -1015.43 2729.11
321.279 -398.921 2394.01
228.028 -284.841 2544.06
260.734 -664.33 2600.25
297.481 172.484 2480.61
139.067 -55.1834 2523.77
FRAME: 282
175.694 435.376 2447.48
-16.0684 -117.376 2476.44
42.9031 -963.79 2777.78
130.39 -388.683 2296.34
66.6098 -290.015 2555.85
39.561 -683.645 2610.47
-7.86123 170.764 2504.41
152.745 170.044 2491.93
339.645 -102.806 2500.53
276.934 -1013.19 2730.94
348.907 -403.27 2406.23
245.249 -290.771 2542.49
271.785 -656.196 2607.97
313.351 169.323 2479.44
154.337 -60.1746 2520.55
FRAME: 283
189.545 432.741 2448.53
-0.0466331 -119.859 2477.06
43.1159 -965.656 2773.05
177.47 -385.78 2315.63
83.5481 -293.953 2550.52
56.7235 -675.435 2602.01
11.9529 164.572 2494.47
170.485 163.956 2487.48
346.345 -109.343 2500.24
276.339 -1010.69 2732.91
367.912 -405.834 2429.34
261.27 -294.617 2543.18
287.578 -653.178 2609.7
329.018 163.339 2480.48
171.447 -65.1647 2517.16
FRAME: 284
201.541 431.447 2446.3
8.82695 -106.985 2491.71
48.5705 -974.485 2754.77
176.351 -326.808 2373.65
91.8368 -289.831 2543.35
62.5258 -675.596 2597.97
30.2722 164.242 2486.35
184.221 162.912 2483.32
357.361 -112.726 2504.25
278.923 -1002.79 2735.74
391.59 -410.096 2428.02
273.695 -291.36 2540.07
299.391 -651.584 2608.18
338.17 161.582 2480.29
183.493 -63.8414 2512.52
FRAME: 285
216.187 432.479 2444.36
16.3027 -101.248 2506.43
51.543 -961.516 2735.63
186.374 -299.054 2425.26
98.1476 -283.981 2528.74
70.6683 -670.198 2577.78
42.1928 167.986 2483.61
197.824 164.86 2481.12
361.623 -108.974 2505.16
280.594 -1002.73 2742.43
418.915 -420.644 2442.16
283.067 -287.614 2526.1
308.55 -652.811 2615.02
353.455 161.734 2478.63
194.216 -60.4687 2504.27
FRAME: 286
229.476 431.738 2442.49
27.5959 -100.112 2511.78
41.7721 -951.641 2717.17
164.549 -315.334 2426.98
102.555 -284.964 2519.31
73.1386 -673.335 2571.09
53.9648 170.18 2476.18
209.194 166.524 2476.39
371.204 -110.332 2507.16
282.773 -1004.32 2746.47
379.161 -398.941 2418.64
296.407 -289.486 2519.64
313.883 -653.312 2617.9
364.423 162.868 2476.6
204.337 -60.3504 2497.93
FRAME: 287
243.629 431.968 2438.47
44.7207 -98.24 2506.35
43.7141 -966.468 2710.78
135.62 -320.1 2453.04
109.801 -290.031 2509.6
79.804 -676.264 2559.16
68.2874 170.949 2466.87
223.271 165.868 2471.54
383.309 -108.624 2514.32
282.469 -1015.1 2744.77
391.126 -392.63 2427.93
305.242 -296.393 2515.45
316.233 -661.472 2613.25
378.255 160.787 2476.21
215.396 -63.6722 2492.03
FRAME: 288
262.781 427.12 2433.72
55.169 -104.807 2499.19
40.6523 -971.217 2701.41
148.599 -318.255 2440.29
124.745 -298.153 2491.81
102.337 -695.768 2525.05
84.2687 165.285 2449.11
238.574 161.025 2460.67
398.785 -115.734 2518.64
283.1 -1020.44 2740.35
447.771 -404.637 2473.54
321.408 -303.57 2506.44
326.563 -671.715 2604.11
392.88 156.765 2472.22
230.825 -69.9182 2479.89

