FRAME: 0
0 0 0
0 0 0
0 0 0
0 0 0
0 0 0
0 0 0
0 0 0
0 0 0
0 0 0
0 0 0
0 0 0
0 0 0
0 0 0
0 0 0
0 0 0
FRAME: 1
0 0 0
0 0 0
0 0 0
0 0 0
0 0 0
0 0 0
0 0 0
0 0 0
0 0 0
0 0 0
0 0 0
0 0 0
0 0 0
0 0 0
0 0 0
FRAME: 2
0 0 0
0 0 0
0 0 0
0 0 0
0 0 0
0 0 0
0 0 0
0 0 0
0 0 0
0 0 0
0 0 0
0 0 0
0 0 0
0 0 0
0 0 0
FRAME: 3
0 0 0
0 0 0
0 0 0
0 0 0
0 0 0
0 0 0
0 0 0
0 0 0
0 0 0
0 0 0
0 0 0
0 0 0
0 0 0
0 0 0
0 0 0
FRAME: 4
0 0 0
0 0 0
0 0 0
0 0 0
0 0 0
0 0 0
0 0 0
0 0 0
0 0 0
0 0 0
0 0 0
0 0 0
0 0 0
0 0 0
0 0 0
FRAME: 5
0 0 0
0 0 0
0 0 0
0 0 0
0 0 0
0 0 0
0 0 0
0 0 0
0 0 0
0 0 0
0 0 0
0 0 0
0 0 0
0 0 0
0 0 0
FRAME: 6
0 0 0
0 0 0
0 0 0
0 0 0
0 0 0
0 0 0
0 0 0
0 0 0
0 0 0
0 0 0
0 0 0
0 0 0
0 0 0
0 0 0
0 0 0
FRAME: 7
0 0 0
0 0 0
0 0 0
0 0 0
0 0 0
0 0 0
0 0 0
0 0 0
0 0 0
0 0 0
0 0 0
0 0 0
0 0 0
0 0 0
0 0 0
FRAME: 8
0 0 0
0 0 0
0 0 0
0 0 0
0 0 0
0 0 0
0 0 0
0 0 0
0 0 0
0 0 0
0 0 0
0 0 0
0 0 0
0 0 0
0 0 0
FRAME: 9
0 0 0
0 0 0
0 0 0
0 0 0
0 0 0
0 0 0
0 0 0
0 0 0
0 0 0
0 0 0
0 0 0
0 0 0
0 0 0
0 0 0
0 0 0
FRAME: 10
0 0 0
0 0 0
0 0 0
0 0 0
0 0 0
0 0 0
0 0 0
0 0 0
0 0 0
0 0 0
0 0 0
0 0 0
0 0 0
0 0 0
0 0 0
FRAME: 11
0 0 0
0 0 0
0 0 0
0 0 0
0 0 0
0 0 0
0 0 0
0 0 0
0 0 0
0 0 0
0 0 0
0 0 0
0 0 0
0 0 0
0 0 0
FRAME: 12
0 0 0
0 0 0
0 0 0
0 0 0
0 0 0
0 0 0
0 0 0
0 0 0
0 0 0
0 0 0
0 0 0
0 0 0
0 0 0
0 0 0
0 0 0
FRAME: 13
0 0 0
0 0 0
0 0 0
0 0 0
0 0 0
0 0 0
0 0 0
0 0 0
0 0 0
0 0 0
0 0 0
0 0 0
0 0 0
0 0 0
0 0 0
FRAME: 14
0 0 0
0 0 0
0 0 0
0 0 0
0 0 0
0 0 0
0 0 0
0 0 0
0 0 0
0 0 0
0 0 0
0 0 0
0 0 0
0 0 0
0 0 0
FRAME: 15
0 0 0
0 0 0
0 0 0
0 0 0
0 0 0
0 0 0
0 0 0
0 0 0
0 0 0
0 0 0
0 0 0
0 0 0
0 0 0
0 0 0
0 0 0
FRAME: 16
0 0 0
0 0 0
0 0 0
0 0 0
0 0 0
0 0 0
0 0 0
0 0 0
0 0 0
0 0 0
0 0 0
0 0 0
0 0 0
0 0 0
0 0 0
FRAME: 17
0 0 0
0 0 0
0 0 0
0 0 0
0 0 0
0 0 0
0 0 0
0 0 0
0 0 0
0 0 0
0 0 0
0 0 0
0 0 0
0 0 0
0 0 0
FRAME: 18
0 0 0
0 0 0
0 0 0
0 0 0
0 0 0
0 0 0
0 0 0
0 0 0
0 0 0
0 0 0
0 0 0
0 0 0
0 0 0
0 0 0
0 0 0
FRAME: 19
0 0 0
0 0 0
0 0 0
0 0 0
0 0 0
0 0 0
0 0 0
0 0 0
0 0 0
0 0 0
0 0 0
0 0 0
0 0 0
0 0 0
0 0 0
FRAME: 20
0 0 0
0 0 0
0 0 0
0 0 0
0 0 0
0 0 0
0 0 0
0 0 0
0 0 0
0 0 0
0 0 0
0 0 0
0 0 0
0 0 0
0 0 0
FRAME: 21
0 0 0
0 0 0
0 0 0
0 0 0
0 0 0
0 0 0
0 0 0
0 0 0
0 0 0
0 0 0
0 0 0
0 0 0
0 0 0
0 0 0
0 0 0
FRAME: 22
0 0 0
0 0 0
0 0 0
0 0 0
0 0 0
0 0 0
0 0 0
0 0 0
0 0 0
0 0 0
0 0 0
0 0 0
0 0 0
0 0 0
0 0 0
FRAME: 23
0 0 0
0 0 0
0 0 0
0 0 0
0 0 0
0 0 0
0 0 0
0 0 0
0 0 0
0 0 0
0 0 0
0 0 0
0 0 0
0 0 0
0 0 0
FRAME: 24
0 0 0
0 0 0
0 0 0
0 0 0
0 0 0
0 0 0
0 0 0
0 0 0
0 0 0
0 0 0
0 0 0
0 0 0
0 0 0
0 0 0
0 0 0
FRAME: 25
0 0 0
0 0 0
0 0 0
0 0 0
0 0 0
0 0 0
0 0 0
0 0 0
0 0 0
0 0 0
0 0 0
0 0 0
0 0 0
0 0 0
0 0 0
FRAME: 26
0 0 0
0 0 0
0 0 0
0 0 0
0 0 0
0 0 0
0 0 0
0 0 0
0 0 0
0 0 0
0 0 0
0 0 0
0 0 0
0 0 0
0 0 0
FRAME: 27
0 0 0
0 0 0
0 0 0
0 0 0
0 0 0
0 0 0
0 0 0
0 0 0
0 0 0
0 0 0
0 0 0
0 0 0
0 0 0
0 0 0
0 0 0
FRAME: 28
0 0 0
0 0 0
0 0 0
0 0 0
0 0 0
0 0 0
0 0 0
0 0 0
0 0 0
0 0 0
0 0 0
0 0 0
0 0 0
0 0 0
0 0 0
FRAME: 29
0 0 0
0 0 0
0 0 0
0 0 0
0 0 0
0 0 0
0 0 0
0 0 0
0 0 0
0 0 0
0 0 0
0 0 0
0 0 0
0 0 0
0 0 0
FRAME: 30
0 0 0
0 0 0
0 0 0
0 0 0
0 0 0
0 0 0
0 0 0
0 0 0
0 0 0
0 0 0
0 0 0
0 0 0
0 0 0
0 0 0
0 0 0
FRAME: 31
0 0 0
0 0 0
0 0 0
0 0 0
0 0 0
0 0 0
0 0 0
0 0 0
0 0 0
0 0 0
0 0 0
0 0 0
0 0 0
0 0 0
0 0 0
FRAME: 32
0 0 0
0 0 0
0 0 0
0 0 0
0 0 0
0 0 0
0 0 0
0 0 0
0 0 0
0 0 0
0 0 0
0 0 0
0 0 0
0 0 0
0 0 0
FRAME: 33
0 0 0
0 0 0
0 0 0
0 0 0
0 0 0
0 0 0
0 0 0
0 0 0
0 0 0
0 0 0
0 0 0
0 0 0
0 0 0
0 0 0
0 0 0
FRAME: 34
0 0 0
0 0 0
0 0 0
0 0 0
0 0 0
0 0 0
0 0 0
0 0 0
0 0 0
0 0 0
0 0 0
0 0 0
0 0 0
0 0 0
0 0 0
FRAME: 35
0 0 0
0 0 0
0 0 0
0 0 0
0 0 0
0 0 0
0 0 0
0 0 0
0 0 0
0 0 0
0 0 0
0 0 0
0 0 0
0 0 0
0 0 0
FRAME: 36
0 0 0
0 0 0
0 0 0
0 0 0
0 0 0
0 0 0
0 0 0
0 0 0
0 0 0
0 0 0
0 0 0
0 0 0
0 0 0
0 0 0
0 0 0
FRAME: 37
0 0 0
0 0 0
0 0 0
0 0 0
0 0 0
0 0 0
0 0 0
0 0 0
0 0 0
0 0 0
0 0 0
0 0 0
0 0 0
0 0 0
0 0 0
FRAME: 38
0 0 0
0 0 0
0 0 0
0 0 0
0 0 0
0 0 0
0 0 0
0 0 0
0 0 0
0 0 0
0 0 0
0 0 0
0 0 0
0 0 0
0 0 0
FRAME: 39
0 0 0
0 0 0
0 0 0
0 0 0
0 0 0
0 0 0
0 0 0
0 0 0
0 0 0
0 0 0
0 0 0
0 0 0
0 0 0
0 0 0
0 0 0
FRAME: 40
0 0 0
0 0 0
0 0 0
0 0 0
0 0 0
0 0 0
0 0 0
0 0 0
0 0 0
0 0 0
0 0 0
0 0 0
0 0 0
0 0 0
0 0 0
FRAME: 41
0 0 0
0 0 0
0 0 0
0 0 0
0 0 0
0 0 0
0 0 0
0 0 0
0 0 0
0 0 0
0 0 0
0 0 0
0 0 0
0 0 0
0 0 0
FRAME: 42
0 0 0
0 0 0
0 0 0
0 0 0
0 0 0
0 0 0
0 0 0
0 0 0
0 0 0
0 0 0
0 0 0
0 0 0
0 0 0
0 0 0
0 0 0
FRAME: 43
0 0 0
0 0 0
0 0 0
0 0 0
0 0 0
0 0 0
0 0 0
0 0 0
0 0 0
0 0 0
0 0 0
0 0 0
0 0 0
0 0 0
0 0 0
FRAME: 44
0 0 0
0 0 0
0 0 0
0 0 0
0 0 0
0 0 0
0 0 0
0 0 0
0 0 0
0 0 0
0 0 0
0 0 0
0 0 0
0 0 0
0 0 0
FRAME: 45
0 0 0
0 0 0
0 0 0
0 0 0
0 0 0
0 0 0
0 0 0
0 0 0
0 0 0
0 0 0
0 0 0
0 0 0
0 0 0
0 0 0
0 0 0
FRAME: 46
0 0 0
0 0 0
0 0 0
0 0 0
0 0 0
0 0 0
0 0 0
0 0 0
0 0 0
0 0 0
0 0 0
0 0 0
0 0 0
0 0 0
0 0 0
FRAME: 47
0 0 0
0 0 0
0 0 0
0 0 0
0 0 0
0 0 0
0 0 0
0 0 0
0 0 0
0 0 0
0 0 0
0 0 0
0 0 0
0 0 0
0 0 0
FRAME: 48
0 0 0
0 0 0
0 0 0
0 0 0
0 0 0
0 0 0
0 0 0
0 0 0
0 0 0
0 0 0
0 0 0
0 0 0
0 0 0
0 0 0
0 0 0
FRAME: 49
0 0 0
0 0 0
0 0 0
0 0 0
0 0 0
0 0 0
0 0 0
0 0 0
0 0 0
0 0 0
0 0 0
0 0 0
0 0 0
0 0 0
0 0 0
FRAME: 50
0 0 0
0 0 0
0 0 0
0 0 0
0 0 0
0 0 0
0 0 0
0 0 0
0 0 0
0 0 0
0 0 0
0 0 0
0 0 0
0 0 0
0 0 0
FRAME: 51
0 0 0
0 0 0
0 0 0
0 0 0
0 0 0
0 0 0
0 0 0
0 0 0
0 0 0
0 0 0
0 0 0
0 0 0
0 0 0
0 0 0
0 0 0
FRAME: 52
0 0 0
0 0 0
0 0 0
0 0 0
0 0 0
0 0 0
0 0 0
0 0 0
0 0 0
0 0 0
0 0 0
0 0 0
0 0 0
0 0 0
0 0 0
FRAME: 53
0 0 0
0 0 0
0 0 0
0 0 0
0 0 0
0 0 0
0 0 0
0 0 0
0 0 0
0 0 0
0 0 0
0 0 0
0 0 0
0 0 0
0 0 0
FRAME: 54
0 0 0
0 0 0
0 0 0
0 0 0
0 0 0
0 0 0
0 0 0
0 0 0
0 0 0
0 0 0
0 0 0
0 0 0
0 0 0
0 0 0
0 0 0
FRAME: 55
0 0 0
0 0 0
0 0 0
0 0 0
0 0 0
0 0 0
0 0 0
0 0 0
0 0 0
0 0 0
0 0 0
0 0 0
0 0 0
0 0 0
0 0 0
FRAME: 56
437.661 457.446 2054.85
152.207 236.756 1836.22
223.708 -807.936 2343.43
170.226 298.983 1960.33
181.854 -88.5062 2150.52
186.307 -536.24 2195.2
230.17 292.474 2050.91
336.766 269.764 2112.41
396.116 152.291 2153.68
275.359 -833.376 2370.77
361.05 207.273 1958.14
285.352 -117.655 2186.29
247.19 -508.417 2237.14
443.362 247.054 2173.9
285.184 83.3418 2140.41
FRAME: 57
430.031 469.369 2013.13
117.306 141.746 1971.27
273.918 -871.01 2368.28
154.753 107.276 1810.59
180.587 -96.2348 2167.67
160.759 -512.639 2267.97
208.049 274.243 2058.38
301.89 251.89 2084.4
419.597 91.6246 2096.24
313.785 -910.886 2347.84
312.806 89.6606 1882.71
281.498 -126.133 2163.33
244.076 -556.957 2215.6
395.732 229.537 2110.42
266.466 70.3531 2124.95
FRAME: 58
429.167 479.09 1966.43
159.859 157.536 1987.49
303.313 -840.004 2332.43
192.932 7.09551 1940.18
173.575 -66.9981 2180.25
163.723 -484.081 2262.34
227.656 304.053 2099.39
312.579 280.04 2090.73
426.747 108.292 2048.22
324.154 -895.169 2345.04
334.169 24.8856 1914.17
296.12 -105.918 2140.44
256.011 -534.12 2211.67
397.502 256.027 2082.08
273.713 96.7909 2125.54
FRAME: 59
396.185 494.155 1967.71
152.917 239.232 2021.27
303.135 -817.572 2347.93
206.051 41.2341 1995.35
176.092 -37.147 2197.45
175.852 -455.463 2285.84
214.011 347.078 2106.28
301.272 312.124 2061.76
442.317 132.904 2055.9
319.253 -873.538 2347.26
259.033 -25.6556 1874.45
294.468 -88.0036 2122.69
268.126 -514.264 2226.88
388.533 277.171 2017.23
268.276 124.775 2110.91
FRAME: 60
344.845 538.435 1986.85
133.273 266.398 1992.92
314.038 -840.791 2369.86
243.587 439.403 2087.04
175.754 7.85197 2206
156.471 -409.085 2306.81
210.538 391.565 2096.84
299.82 353.396 2042.84
460.311 127.896 2005.24
321.472 -867.107 2312.78
326.075 -104.033 1919.89
292.276 -41.7369 2137.19
293.829 -460.695 2206.11
389.102 315.227 1988.84
266.918 168.227 2107.22
FRAME: 61
395.563 504.774 1906.5
139.641 328.438 2022.21
314.217 -799.743 2378.36
141.16 455.863 1991.17
171.916 13.8749 2216.89
164.301 -401.27 2316.47
204.111 392.934 2090.93
297.887 347.21 2021.58
451.159 124.85 2006.47
314.444 -829.518 2322.12
375.342 -95.3817 2001.31
290.61 -44.5824 2130.39
293.473 -450.336 2225.98
391.662 301.486 1952.23
264.575 165.928 2097.61
FRAME: 62
411.268 489.75 1877.98
141.895 378.236 2028.02
313.455 -789.217 2400.09
96.9366 452.917 1941.55
169.02 16.3292 2221.99
161.633 -395.99 2314.31
192.759 389.11 2100.11
293.604 344.093 2031.35
464.008 106.309 2013.3
310.286 -825.566 2327.97
398.491 -136.346 2025.41
296.362 -40.7639 2135.49
284.152 -448.888 2213.48
394.45 299.077 1962.58
263.148 165.938 2105.04
FRAME: 63
416.818 474.515 1865.92
131.242 359.241 2003.25
292.511 -766.589 2456.44
54.152 464.004 1827.92
157.647 13.5403 2220.34
137.89 -393.251 2327.65
186.451 373.669 2097.78
296.1 325.643 2037.73
433.043 130.107 2077.52
309.124 -824.106 2338.56
458.024 -130.049 2137.4
295.417 -46.6119 2145.44
284.2 -454.023 2211.56
405.749 277.616 1977.68
261.316 154.553 2110.31
FRAME: 64
412.627 461.937 1856.03
127.132 382.736 1965.94
287.715 -758.734 2501.67
39.8229 414.682 1760.73
147.575 9.61836 2222.66
129.505 -386.873 2336.33
183.408 365.923 2105.2
298.358 314.938 2046.63
419.856 119.621 2137.84
307.475 -843.081 2363.08
475.172 -98.8808 2187.56
291.581 -54.2838 2150.13
281.249 -466.655 2218.98
413.308 263.952 1988.05
258.968 146.302 2116.51
FRAME: 65
411.475 459.977 1848.24
59.8591 291.951 1870.65
257.655 -737.447 2429.89
24.869 213.182 1542.98
136.856 12.7128 2203.73
113.411 -391.672 2303.12
161.306 347.17 2027.95
288.194 305.57 2000.26
427.897 111.883 2137.85
302.666 -807.801 2365.95
489.366 -140.586 2268.47
302.729 -41.3978 2167.94
296.766 -450.613 2250.29
415.082 263.969 1972.57
253.993 145.614 2093.05
FRAME: 66
412.653 454.541 1839.8
58.2469 229.642 1781.22
249.753 -734.617 2375.17
76.337 12.3312 1599.68
161.821 -11.8572 2152.72
105.333 -393.463 2309.45
168.443 284.494 1923.11
298.46 275.826 1946.37
437.306 109.896 2151.28
314.16 -781.388 2288.09
499.054 -111.254 2321.72
314.865 -22.6701 2183.51
311.097 -435.443 2224.91
428.477 267.158 1969.63
268.401 129.281 2057.24
FRAME: 67
406.671 455.342 1838.86
113.766 126.052 1741.64
252.35 -754.368 2429.04
133.673 -122.374 1695.86
160.052 -8.22183 2135.73
99.1989 -395.935 2306.35
188.558 282.606 1908.68
313.798 272.987 1942.15
440.735 93.6895 2165.49
313.391 -764.987 2258.65
478.203 -108.612 2318.36
311.834 -20.576 2179.98
304.99 -428.276 2223.43
439.038 263.368 1975.63
274.87 129.294 2050
FRAME: 68
405.181 456.616 1830.47
137.822 59.0737 1816.64
257.783 -764.135 2522.14
187.271 -192.295 1742.55
157.961 -23.4634 2149.41
94.3169 -405.383 2318.14
196.949 255.276 1882.01
318.349 261.024 1933.82
434.758 111.866 2199.81
327.398 -787.64 2344.87
483.792 -76.0629 2366.29
306.171 -15.4445 2215.73
319.695 -422.182 2218.37
439.749 266.772 1985.63
275.208 120.785 2058.2
FRAME: 69
397.433 453.485 1811.81
169.146 20.3728 1847.31
268.998 -770.527 2566.61
269.295 -229.358 1866.52
165.846 -27.8406 2158.11
99.8729 -411.826 2335.11
204.124 240.205 1878.99
324.064 250.346 1935.12
428.312 121.797 2216.95
328.809 -811.827 2379.32
477.402 -44.4224 2416.3
303.828 -16.1174 2223.92
318.213 -434.113 2234.33
444.005 260.486 1991.25
279.451 114.183 2063.07
FRAME: 70
390.108 449.039 1809.16
187.285 -7.95465 1867.84
269.297 -765.74 2602
313.898 -260.857 1936.69
185.158 -45.8821 2160.99
106.043 -418.929 2373.78
215.741 218.797 1877.04
327.118 238.835 1938.83
417.564 122.633 2217.25
333.988 -832.686 2397.3
453.881 -24.8075 2429.54
303.523 -24.8287 2226.94
322.46 -456.869 2261.48
438.495 258.872 2000.62
285.729 101.74 2066.4
FRAME: 71
384.393 448.561 1804.2
193.587 -9.94411 1887.09
285.64 -759.116 2645.78
324.756 -249.825 1959.33
189.979 -49.2503 2163.6
115.853 -421.649 2397.87
220.376 220.824 1872.26
328.802 243.115 1937.04
412.517 116.256 2221.5
331.032 -829.716 2416.83
448.116 -53.0666 2396.32
301.216 -27.1475 2228.21
319.522 -464.237 2273.07
437.229 265.406 2001.82
287.2 102.458 2066.47
FRAME: 72
376.481 447.948 1801.31
191.462 -9.29062 1904.27
298.459 -769.71 2647.41
321.861 -243.078 1998.47
197.713 -50.473 2171.55
129.262 -428.408 2409.87
217.929 217.321 1873.48
327.325 241.869 1935.98
409.842 117.6 2223.19
332.253 -831.548 2414.46
473.036 -39.0601 2459.07
303.644 -27.5107 2230.65
321.215 -466.849 2277.07
436.722 266.417 1998.49
289.002 101.439 2068.54
FRAME: 73
371.567 450.224 1804.43
187.374 -7.89377 1923.72
298.634 -782.407 2627.27
316.644 -240.177 2021.14
206.245 -53.2739 2173.22
149.874 -432.298 2389.33
217.145 214.433 1879.43
325.411 244.06 1946.57
410.634 118.388 2232.95
336.309 -829.702 2413.06
519.414 -53.962 2472.91
309.684 -26.7413 2234.17
325.003 -463.624 2273.09
433.676 273.688 2013.71
291.688 102.026 2075.13
FRAME: 74
364.685 452.711 1801.27
169.834 -0.551648 1955.58
308.008 -764.279 2691.83
293.171 -222.53 2019.89
208.505 -40.0457 2189.45
164.605 -440.332 2366.11
212.337 223.241 1882.96
330.141 238.755 1928.44
420.596 111.685 2214.8
334.72 -834.424 2415.17
518.982 -93.7407 2407.69
313.58 -26.8389 2229.27
321.572 -475.704 2277.6
447.946 254.268 1973.93
295.592 102.656 2068.9
FRAME: 75
355.322 461.217 1819.59
154.495 0.45885 1989.57
299.212 -763.885 2670.04
288.259 -224.062 2062.62
204.96 -40.6574 2203.94
167.45 -439.205 2354.8
197.648 234.92 1909.81
323.037 241.367 1943.22
440.971 99.0686 2208.11
337.904 -832.8 2418.8
541.406 -129.837 2389.91
325.833 -35.6932 2234.68
329.959 -465.36 2293.56
448.426 247.814 1976.63
294.217 101.596 2081.26
FRAME: 76
350.355 470.419 1821.24
137.728 18.8127 2008.69
306.393 -797.149 2613.79
272.267 -215.672 2066.48
202.028 -43.8033 2207.36
175.718 -444.766 2361.72
188.661 247.798 1919.66
318.869 247.733 1943.69
457.091 86.1974 2195.64
335.383 -834.057 2425.86
544.158 -182.863 2330.17
334.303 -44.4549 2230.99
326.41 -478.145 2295.27
449.076 247.668 1967.72
293.517 101.802 2081.43
FRAME: 77
342.63 485.245 1834.88
109.606 62.8088 2064.88
316.016 -802.885 2603.88
194.827 -197.34 2078.99
201.195 -44.3811 2207.95
178.266 -444.93 2382.81
174.093 272.96 1957.93
311.406 260.833 1960.95
477.78 76.3489 2164.45
340.258 -838.232 2430.12
500.56 -214.028 2210.13
355.119 -58.3779 2210.73
326.252 -481.967 2292.86
448.718 248.705 1963.98
294.781 104.727 2085.15
FRAME: 78
338.12 502.695 1871.85
105.539 94.1325 2102.29
339.047 -807.341 2570.54
170.937 -187.635 2082.29
204.77 -41.7562 2214.59
181.411 -456.059 2386.94
170.617 294.28 2001.71
310.337 272.917 1986.11
502.889 62.186 2133.88
345.782 -842.984 2419.37
462.221 -212.861 2148.12
364.303 -66.3755 2196.39
329.738 -490.395 2275.74
450.057 251.553 1970.52
297.437 109.426 2095.8
FRAME: 79
335.23 510.537 1873.3
101.576 113.661 2131.86
349.866 -832.677 2466.08
147.936 -180.653 2090.99
215.513 -40.1201 2206.31
215.401 -453.718 2343.73
171.092 305.765 2022.35
311.29 283.808 1993.87
521.519 69.9511 2100.65
350.625 -831.37 2420.81
458.351 -172.453 2135.99
378.177 -65.7218 2172.78
352.874 -454.395 2230.43
451.487 261.851 1965.39
304.067 115.443 2091.71
FRAME: 80
333.757 523.392 1901.31
102.236 131.008 2165.57
350.879 -846.141 2395.94
121.84 -162.653 2104.27
222.778 -33.6465 2214.14
249.104 -452.375 2263.55
173.515 317.274 2050.55
311.672 296.671 2009.7
525.116 78.5274 2059.33
362.871 -676.765 2128.58
418.278 -88.0228 2073.08
397.232 -58.1506 2161.68
365.533 -481.986 2208.23
449.83 276.068 1968.86
310.839 125.386 2098.81
FRAME: 81
333.167 535.075 1925.82
107.568 133.592 2186.38
351.756 -857.963 2384.89
115.804 -163.619 2111.05
227.817 -29.2882 2213.59
243.75 -455.038 2257.29
167.245 323.918 2079.98
308.089 302.083 2024.95
522.925 73.6925 2045.82
361.376 -642.203 2079.21
389.99 -131.709 2023.88
397.159 -55.0331 2146.55
377.424 -489.658 2205.93
448.934 280.248 1969.91
310.289 129.961 2102.51
FRAME: 82
334.961 545.653 1945.51
121.667 136.374 2219.25
353.109 -864.045 2395.11
113.33 -156.129 2130.19
231.086 -36.9782 2211.58
239.985 -468.553 2263.81
178.735 332.453 2109.05
309.512 307.68 2039.08
502.737 61.8604 2013.04
368.505 -728.509 2286.57
326.217 -182.466 1995.69
387.618 -66.4527 2127.91
388.462 -496.238 2203.87
440.29 282.907 1969.11
309.432 127.982 2104.41
FRAME: 83
333.879 552.289 1953.01
129.459 125.159 2226.67
366.801 -861.88 2395.49
108.595 -156.316 2124.29
241.192 -42.2788 2220.49
253.56 -475.345 2273.23
183.95 338.367 2128.68
307.691 313.003 2051.98
486.131 63.9892 2002.21
374.711 -776.88 2356.6
301.065 -178.396 1970.19
377.993 -70.2735 2135.93
368.059 -496.554 2201.21
431.431 287.639 1975.28
308.641 128.363 2115.1
FRAME: 84
335.653 561.422 1973.62
148.989 124.069 2250.34
376.775 -860.577 2410.93
96.0115 -147.952 2166.74
254.321 -46.2381 2240.25
260.894 -487.678 2289.32
201.123 347.584 2157.5
308.619 320.176 2070.18
447.304 68.3566 1992.29
371.458 -832.791 2401.52
193.855 -186.809 1957.37
367.915 -75.1894 2148.07
351.026 -502.387 2199.94
416.115 292.769 1982.86
309.869 129.731 2132.17
FRAME: 85
335.594 565.391 1987.26
168.447 124.919 2271.99
375.814 -854.165 2431.72
108.475 -136.921 2194.05
255.735 -46.1473 2270.03
236.031 -509.459 2302.05
217.749 357.263 2182.27
312.178 322.669 2082.14
419.899 59.7112 1997.58
367.355 -846.271 2394.08
168.205 -187.389 1960.19
361.536 -86.5244 2156.44
342.096 -504.492 2210.58
406.608 288.075 1982.02
310.407 128.167 2147.69
FRAME: 86
334.921 569.903 1998.11
176.479 119.977 2282.16
374.116 -816.235 2431.04
108.543 -140.738 2185.8
253.73 -35.7216 2288.32
234.976 -483.168 2303.74
225.216 361.514 2199.39
312.37 323.149 2094.44
412.597 54.1303 2002.91
356.807 -856.473 2389.4
149.762 -202.89 1970.04
354.658 -80.8849 2166.17
330.598 -499.231 2211.26
399.524 284.784 1989.5
308.282 132.423 2160.84
FRAME: 87
339.039 573.182 2014.45
191.551 125.304 2289.1
360.875 -823.4 2415.88
119.353 -143.591 2211.39
258.314 -21.2921 2312.52
219.175 -447.275 2336.27
237.163 367.554 2209.71
313.664 326.928 2104.7
404.538 60.4936 2011.72
367.065 -848.076 2387.93
143.84 -202.172 1985.19
356.238 -73.7561 2177.53
347.122 -494.858 2213.46
390.165 286.301 1999.69
310.47 139.702 2174.86
FRAME: 88
338.775 576.176 2027.06
199.731 122.14 2313.22
331.473 -787.11 2393.28
129.019 -151.058 2197.62
267.665 -19.5362 2323.14
212.991 -435.76 2346.3
244.187 368.558 2227.49
311.631 326.901 2114.57
388.387 54.5951 2012.18
369.143 -858.075 2389.21
165.12 -202.877 2007.21
353.088 -72.8486 2179.27
342.596 -492.777 2225.8
379.075 285.243 2001.64
311.004 140.354 2182.89
FRAME: 89
340.141 580.164 2042.9
212.062 118.236 2338.83
344.904 -792.15 2407.85
137.445 -168.924 2229.56
284.264 -25.3533 2328.74
271.784 -468.67 2344.1
252.665 363.947 2247.3
313.87 324.001 2128.97
381.702 52.1499 2015.08
366.258 -867.04 2396.78
162.032 -213.667 2063.06
357.055 -72.8674 2188.17
338.991 -499.2 2240.38
375.074 284.054 2010.64
317.265 137.445 2193.71
FRAME: 90
344.042 583.624 2059.59
224.82 117.193 2359.18
371.225 -824.571 2450.28
146.961 -173.152 2256.98
297.575 -29.6085 2326.4
283.484 -475.042 2326.39
264.231 362.715 2260.02
319.528 325.011 2139.59
383.559 67.2041 2017.7
366.184 -880.424 2394.89
190.401 -184.557 2080.35
357.83 -71.0128 2195.6
342.556 -504.814 2250.27
374.826 287.308 2019.17
323.616 137.35 2200.3
FRAME: 91
345.402 583.152 2069.76
242.916 122.055 2385.46
387.089 -838.365 2470.17
152.329 -186.78 2294.96
307.281 -39.1467 2323.43
302.721 -482.989 2326.01
276.548 364.065 2285.95
329.34 330.445 2159.16
387.918 68.5685 2020.8
370.446 -877.773 2417.71
174.025 -172.596 2099.58
360.31 -72.1533 2199.01
341.709 -503.663 2258.11
382.132 296.826 2032.36
331.568 137.398 2210.19
FRAME: 92
350.518 587.137 2080.88
259.138 131.666 2402.07
396.99 -833.594 2495.06
167.48 -155.064 2364.43
314.544 -41.5209 2316.47
311.2 -487.876 2313.67
285.799 362.403 2284.73
332.893 331.093 2160.89
378.31 70.1805 2033.71
364.595 -874.53 2427.5
162.512 -201.519 2111
358.467 -70.3224 2202.14
342.471 -495.852 2276.87
379.986 299.783 2037.05
334.699 137.586 2210.1
FRAME: 93
353.621 587.686 2085.21
271.292 120.176 2401.77
406.768 -842.761 2518.24
124.938 -167.903 2383.15
316.572 -49.1394 2291.91
311.924 -495.196 2313.04
286.842 353.898 2299.03
340.675 329.358 2174.56
381.313 94.2532 2060.52
358.225 -879.634 2424.48
152.125 -180.544 2100.2
355.287 -67.3099 2201.13
336.239 -508.807 2278.22
394.508 304.817 2050.09
338.302 135.567 2210.54
FRAME: 94
359.054 590.322 2092.15
299.299 133.904 2416.49
416.378 -833.674 2553.76
152.236 -133.103 2451.01
320.807 -47.1846 2309.23
305.911 -494.613 2329.48
308.334 360.742 2311.91
346.611 333.774 2179.96
313.461 85.202 2072.51
353.551 -882.584 2415.61
87.753 -174.796 2067.79
351.645 -69.4258 2203.48
343.713 -506.894 2275.82
384.887 306.806 2048.01
341.418 137.734 2218.16
FRAME: 95
368.908 593.263 2098.25
295.877 145.293 2416.59
413.669 -830.693 2552.32
122.388 -114.996 2372.04
327.392 -41.7754 2317.06
310.482 -489.047 2336.34
326.769 370.24 2310.46
351.187 342.555 2179.19
233.3 119.434 2044.17
349.556 -881.488 2410.4
-10.9405 -27.7496 1985.82
348.62 -66.3323 2203.21
337.59 -504.495 2278.21
375.604 314.87 2047.92
344.596 144.25 2219.66
FRAME: 96
382.261 595.841 2101.45
292.462 163.104 2410.51
406.403 -831.009 2524.53
19.136 28.4191 2227.27
329.472 -32.6148 2325.77
309.576 -482.317 2329.74
329.497 382.214 2307.53
346.413 353.385 2177.48
195.745 136.413 2034.96
343.458 -878.64 2405.58
-77.2649 52.1427 1928.44
345.067 -60.6505 2203.61
336.836 -497.959 2276.74
363.329 324.555 2047.43
341.841 153.376 2221.09
FRAME: 97
394.316 599.134 2103.69
261.621 181.66 2357.62
405.541 -817.688 2520.34
-3.08778 75.6984 2177.4
324.926 -31.0051 2307.74
302.43 -474.227 2313.81
322.542 379.973 2278.76
343.13 357.886 2171.93
174.926 183.931 2005.67
344.009 -880.813 2398.23
-93.5547 196.078 1886.17
343.922 -51.6717 2211.03
334.941 -489.731 2277.73
363.719 335.799 2065.1
338.777 158.274 2215.66
FRAME: 98
399.386 597.274 2102.45
270.856 180.919 2406.59
383.497 -838.895 2456.91
-64.7876 209.339 2037.84
314.964 -28.857 2303.5
294.424 -474.746 2295.54
304.422 370.634 2213.99
346.48 362.524 2168.29
196.42 264.392 2040.7
350.784 -866.891 2429.65
-39.7424 286.689 1925.88
348.824 -40.5882 2246.21
336.247 -480.044 2303.62
388.538 354.414 2122.6
339.187 163.901 2221.57
FRAME: 99
404.682 599.324 2101.15
194.288 246.989 2268.31
365.072 -847.397 2425.84
-140.286 422.548 1840.22
298.274 -25.5707 2277.34
276.224 -475.414 2298
276.481 383.053 2160.19
331.526 378.052 2135.51
229.411 289.004 1966.2
359.817 -873.634 2423.81
69.5047 413.373 1894.13
353.337 -34.0556 2240.9
334.316 -477.832 2300.01
386.571 373.051 2110.83
328.666 174.12 2197.32
FRAME: 100
413.582 599.363 2098.98
165.009 327.344 2180.96
361.202 -849.487 2405.63
-34.8887 524.308 1865.67
293.326 -16.8831 2254.97
265.505 -471.565 2297.79
278.494 390.034 2139.69
343.768 387.628 2143.31
334.657 333.338 2056.23
354.603 -872.26 2423.68
258.225 478.61 2017.3
340.439 -21.9668 2239.02
315.988 -474.735 2294.29
409.043 385.222 2146.93
330.325 184.101 2195.15
FRAME: 101
419.532 598.031 2097.68
135.5 420.99 2047.07
358.148 -842.098 2415.99
-16.5918 616.049 1805.44
284.977 -6.6518 2214.09
252.213 -471.06 2266.25
276.565 405.878 2095.99
345.787 404.036 2145.02
318.732 320.501 2080.9
342.717 -862.544 2413.94
390.904 464.097 2151.24
327.677 -11.307 2226.85
304.169 -465.194 2282.64
415.009 402.195 2194.04
326.057 197.528 2182.74
FRAME: 102
423.794 591.047 2096.85
145.219 489.961 1990.53
340.126 -834.006 2416.44
86.4609 595.229 1857.83
279.722 -6.22069 2224.02
231.447 -455.952 2263.79
272.285 409.327 2115.96
347.012 402.86 2143.14
351.357 343.046 2107.2
344.704 -869.703 2400.19
496.309 456.97 2222.03
325.934 -14.0762 2221.71
296.391 -468.471 2271.23
421.738 396.393 2170.32
324.92 196.356 2183
FRAME: 103
431.083 584.776 2096.47
169.641 505.685 1962.32
346.931 -837.314 2447.08
123.966 604.242 1869.68
273.531 -4.67675 2207.51
225.579 -459.276 2278.76
275.54 406.673 2099.56
362.329 401.05 2148.2
468.468 349.189 2232.66
337.027 -881.65 2389.11
484.741 464.981 2212.08
322.727 -8.25332 2227.55
274.225 -470.245 2258.28
449.118 395.426 2196.83
330.229 197.292 2182.86
FRAME: 104
433.382 572.777 2102.21
183.587 519.411 1924.55
346.777 -833.54 2469.8
150.762 598.688 1897
267.428 -12.3928 2189.41
223.229 -463.955 2256.88
270.839 403.156 2074.9
367.431 396.947 2143.81
538.695 351.086 2320.17
335.6 -883.795 2383.5
508.561 446.067 2207.48
318.086 -14.8452 2226.92
257.269 -483.541 2252.91
464.024 390.739 2212.71
330.094 191.664 2175.99
FRAME: 105
437.682 547.878 2104.47
196.531 510.141 1911.1
357.55 -825.389 2513.44
167.905 621.386 1852.91
259.797 -25.6024 2185.44
224.183 -475.57 2257.02
282.453 384.003 2058.6
369.621 379.272 2146.79
587.167 349.703 2345.77
332.961 -890.597 2376.68
540.232 446.768 2277.06
308.571 -27.1379 2235.58
234.351 -499.873 2237.26
456.79 374.541 2234.99
326.903 176.451 2178.65
FRAME: 106
427.2 532.633 2102.7
203.209 492.325 1895.23
344.329 -822.276 2513.87
162.241 658.733 1785.27
250.739 -31.3313 2169.86
214.646 -473.057 2263.27
279.704 360.291 2044.29
364.164 356.026 2145.54
578.439 311.877 2360.5
332.026 -878.251 2375.67
564.454 441.83 2347.68
303.98 -32.5923 2235.64
222.797 -504.243 2220.74
448.624 351.761 2246.78
320.762 162.032 2174.14
FRAME: 107
417.475 518.958 2096.16
208.54 456.703 1869.13
347.806 -820.817 2554.69
174.454 647.421 1758.77
241.127 -44.0429 2163.49
210.794 -490.636 2242.6
279.384 343.85 2043.39
361.317 340.193 2146.82
596.526 252.346 2383.96
345.663 -859.711 2428.85
606.52 462.812 2446.46
301.696 -44.2228 2242.92
229.165 -517.745 2225.98
443.25 336.536 2250.26
316.364 148.03 2175.01
FRAME: 108
424.705 507.8 2096.79
198.81 434.735 1836.84
351.783 -817.092 2580.86
138.899 618.833 1714.21
233.786 -54.562 2155.96
196.678 -518.299 2245.13
268.897 330.706 2022.35
353.645 331.222 2136.69
581.991 252.696 2393.14
330.087 -886.284 2406.18
615.522 452.404 2472.42
300.297 -53.0077 2247.03
245.267 -527.077 2215.66
438.393 331.737 2251.04
310.343 138.718 2169.09
FRAME: 109
429.483 490.763 2092.65
187.019 395.38 1811.67
342.806 -815.977 2535.33
132.678 603.187 1671.27
236.078 -70.8175 2151.02
187.596 -526.593 2217.02
278.462 311.148 2006.83
352.672 316.968 2127.29
560.577 216.176 2389.07
327.581 -899.061 2369.08
571.904 475.541 2390.4
293.069 -63.1498 2247.22
241.6 -539.074 2202.55
426.882 322.789 2247.75
308.623 124.992 2163.2
FRAME: 110
446.602 488.145 2091.53
167.338 332.684 1771.8
329.944 -821.565 2498.2
122.622 565.265 1648.18
237.729 -78.2026 2139.26
212.988 -548.892 2197.04
290 291.294 1988.03
345.211 305.01 2109.58
511.391 214.532 2348.97
315.299 -877.011 2346.82
570.393 438.072 2441.58
285.109 -65.228 2239.52
259.272 -527.137 2227.49
400.422 318.727 2231.13
303.315 116.648 2149.49
FRAME: 111
452.588 483.488 2075.42
169.09 278.483 1822.91
336.037 -828.813 2503.31
77.0333 488.652 1690.95
236.387 -103.54 2146.12
216.488 -550.639 2197.22
268.195 283.747 2030.69
317.145 291.006 2104.49
364.289 195.359 2153.58
312.815 -878.752 2333.37
392.001 366.658 2129.79
272.486 -96.0202 2207.35
236.552 -534.064 2199.17
366.095 298.265 2178.29
285.791 95.6131 2140.62
FRAME: 112
450.188 479.245 2035.71
147.282 186.462 1969.8
325.841 -846.641 2463.5
144.476 212.478 1796.81
202.888 -114.187 2177.36
191.326 -550.874 2237.67
246.93 292.473 2104.56
310.918 282.725 2116.09
343.452 134.415 2014
319.029 -903.587 2322.9
241.422 272.183 1892.61
261.792 -123.681 2180.76
236.026 -550.849 2191.81
374.905 272.977 2127.62
271.629 81.8956 2147.57
FRAME: 113
443.735 474.986 2020.07
166.695 210.478 2041.12
330.002 -844.373 2428.58
156.161 153.098 1842.47
183.998 -106.355 2202.03
192.283 -541.828 2245.71
211.405 289.637 2133.68
289.694 270.687 2097.5
345.918 61.9306 1982.84
315.77 -915.803 2316.68
124.513 132.405 1739.87
261.19 -126.507 2165.62
241.893 -555.029 2196.42
367.984 251.737 2061.33
256.144 77.1279 2140.66
FRAME: 114
395.961 487.331 2056.77
167.953 183.138 2067.53
338.28 -855.246 2429.06
182.657 135.877 1914.3
180.685 -89.0944 2212.99
185.742 -518.594 2285.18
213.202 301.894 2160.5
299.323 270.878 2092.43
399.377 58.5437 1952.84
312.413 -924.106 2298.97
244.355 10.2159 1838.1
265.866 -120.826 2144.05
241.421 -560.25 2187.02
385.445 239.862 2024.37
261.3 82.9589 2135.48
FRAME: 115
359.137 520.254 2026.2
161.041 230.156 2089.05
320.933 -839.309 2404.28
204.838 184.533 2000.88
170.959 -43.3702 2215.86
176.013 -463.284 2299.53
207.655 353.995 2119.96
302.175 314.366 2052.49
438.36 89.1176 1947.98
316.875 -919.812 2317.5
247.864 -19.0049 1856.86
284.143 -89.6627 2135.37
251.228 -532.294 2189.34
396.696 274.737 1985.02
264.863 123.925 2114.05
FRAME: 116
358.182 525.059 1951.47
132.73 300.551 2037.31
317.529 -819.077 2386.79
167.983 297.437 2036.07
179.668 -21.7205 2212.14
182.305 -424.811 2284.52
204.354 363.054 2115.46
305.89 319.102 2045.16
456.222 92.8196 1949.08
313.331 -876.117 2327.62
264.765 -107.972 1865.64
291.091 -70.0965 2134.47
261.1 -498.94 2188.4
407.426 275.15 1974.86
270.635 136.597 2109.23
FRAME: 117
416.258 493.766 1891.14
108.809 359.153 1977.29
298.005 -802.266 2397.08
115.277 414.26 1851.86
162.285 5.73053 2204.33
148.525 -407.968 2292.56
195.126 375.714 2070.26
314.848 325.462 2026.25
467.795 93.2708 2039.07
308.238 -856.007 2335.35
341.528 -194.477 2003.98
290.999 -48.6311 2155.25
269.965 -469.944 2208
434.571 275.21 1982.24
270.745 152.006 2103.02
FRAME: 118
415.073 472.15 1878.5
94.1289 394.827 1880.33
277.701 -773.519 2476.84
28.0327 446.402 1699.12
144.115 2.86246 2201.59
129.125 -405.532 2297.29
185.531 358.542 2063.44
316.55 301.649 2025.46
466.63 129.269 2046.86
311.437 -853.106 2344.5
379.566 -46.6178 2009.49
288.441 -59.9072 2159.49
271.691 -472.107 2217.66
447.569 244.757 1987.49
266.414 136.564 2103
FRAME: 119
419.6 475.324 1866.82
52.9353 261.937 1881.14
259.521 -747.153 2510.49
84.2071 248.008 1606.76
129.865 7.9713 2188.41
99.3076 -396.836 2297.44
161.849 351.553 2021.8
302.729 305.298 2006.13
458.385 86.3404 2107.88
309.374 -817.913 2357.09
404.287 -91.3209 2099.55
294.407 -46.602 2170.05
282.296 -451.571 2225.49
443.609 259.043 1990.47
257.433 142.991 2092.68
FRAME: 120
414.799 474.222 1866.98
64.9492 196.549 1872.41
216.057 -759.635 2516.18
84.7276 220.539 1645.03
135.877 -21.678 2150.39
92.9518 -413.519 2287.42
132.023 285.455 1931.74
288.298 273.479 1961.56
446.446 113.384 2118.96
315.993 -809.584 2341.17
436.922 -152.025 2198.42
303.582 -37.6045 2181.13
284.962 -443.474 2213.86
444.573 261.504 1991.38
254.013 121.919 2063.66
FRAME: 121
410.848 468.559 1866.56
157.501 136.844 1883.26
226.484 -750.615 2532.74
167.083 65.12 1704.95
148.876 -12.9383 2176.71
133.916 -411.879 2275.05
168.607 265.597 1954.12
302.874 252.692 1989.87
401.32 77.6677 2155.29
310.932 -824.998 2338.98
422.695 -140.9 2221.27
282.022 -24.3152 2214.74
276.41 -452.218 2210.76
437.14 239.786 2025.62
259.161 117.032 2092.8
FRAME: 122
405.959 467.529 1865
193.451 89.289 1859.93
242.706 -775.498 2494.88
254.213 -162.711 1776.16
174.182 -21.4043 2166.89
127.414 -413.946 2273.19
199.931 266.158 1936.82
321.054 258.434 1986.47
402.223 100.63 2187.16
310.336 -825.637 2352.2
452.53 -114.404 2282.59
272.324 -26.724 2206.3
294.099 -447.294 2217.73
442.178 250.709 2036.12
272.154 117.185 2086.53
FRAME: 123
401.007 463.506 1857.7
222.838 38.0847 1861.98
263.291 -801.079 2493.05
348.786 -242.834 1909.63
184.452 -35.9047 2162.7
143.486 -423.829 2283.43
221.136 248.702 1917.75
328.175 258.569 1983.7
384.005 131.951 2215.03
318.224 -840.454 2372.73
467.625 -55.8199 2384.2
277.34 -25.1283 2220.64
304.583 -455.043 2229.23
435.213 268.436 2049.66
279.535 114.026 2087.69
FRAME: 124
395.212 458.565 1844.94
236.148 10.3435 1871.18
255.591 -790.614 2522.18
371.905 -247.915 1959.89
189.444 -54.4615 2154.58
124.088 -431.619 2299.79
232.854 234.956 1900.61
331.738 253.346 1975.85
373.969 135.054 2215.68
322.356 -856.252 2370.84
447.664 -45.4497 2440.68
276.234 -36.5945 2220.9
306.342 -471.762 2247.84
430.622 271.735 2051.08
282.288 103.909 2081.79
FRAME: 125
392.39 455.823 1843.67
248.152 -10.556 1889.8
249.778 -768.836 2553.07
399.781 -250.849 1994.03
193.802 -63.5675 2157.1
150.139 -444.059 2283.6
242.978 223.383 1902.07
332.294 250.719 1983.18
368.51 130.657 2240.47
319.526 -851.316 2368.4
442.627 -40.8647 2462.32
278.265 -36.8709 2233.62
306.615 -473.407 2252.85
421.61 278.055 2064.29
284.164 100.25 2089.27
FRAME: 126
386.218 452.211 1843.91
247.512 -10.1415 1896.73
261.639 -767 2569.58
385.636 -231.849 1912.94
194.846 -58.6316 2160.49
134.012 -439.078 2291.85
241.905 220.859 1897.77
330.554 251.604 1979.21
365.368 121.735 2228.46
316.431 -851.627 2364.89
365.646 -46.0623 2404.43
278.736 -28.3186 2238.71
300.334 -469.518 2247.16
419.203 282.348 2060.66
283.673 104.064 2089.41
FRAME: 127
383.283 450.863 1840.11
246.296 -9.10873 1899.17
260.991 -761.852 2572.13
418.482 -196.773 1982.2
196.319 -55.2776 2164.01
131.577 -441.334 2292.61
236.33 224.796 1897.97
325.177 255.096 1977.56
370.956 128.029 2229.81
313.719 -850.285 2369.88
349.231 -50.1547 2347.4
275.457 -28.435 2234.22
297.735 -464.452 2253.08
414.025 285.395 2057.15
280.533 106.62 2088.34
FRAME: 128
376.296 450.54 1828.13
236.495 -17.7824 1906.92
262.843 -763.607 2579.05
386.543 -201.773 1962.74
190.893 -57.609 2169.66
129.933 -442.024 2304.85
230.987 218.925 1894.69
322.15 250.309 1973.81
360.195 131.76 2233.58
316.07 -847.838 2374.1
366.394 -52.0344 2343.02
273.671 -28.2408 2242.16
299.723 -468.838 2260.35
413.313 281.694 2052.93
277.216 103.692 2089.86
FRAME: 129
370.482 451.673 1830.38
218.652 -8.6829 1915.93
268.251 -773.121 2577.67
438.93 -191.554 1998.35
185.278 -58.4662 2170.06
136.536 -457.673 2296.41
226.428 222.803 1901.71
317.201 251.125 1973.47
354.714 129.683 2197.27
316.419 -853.223 2368.62
364.815 -84.2756 2420.09
280.114 -29.098 2244
300.063 -472.905 2257.19
407.974 279.447 2045.24
274.948 103.671 2090.25
FRAME: 130
361.63 455.162 1825.31
209.126 -2.24892 1919.37
266.909 -766.813 2596.38
402.728 -193.25 1974.98
179.912 -60.2898 2174.91
136.124 -458.746 2302
213.147 231.382 1901.16
312.849 254.439 1964.24
352.527 106.748 2205.43
319.318 -851.515 2369.96
374.918 -100.711 2335.97
285.497 -35.8814 2241.37
305.117 -477.608 2257.34
412.55 277.497 2027.32
272.776 103.177 2086.19
FRAME: 131
349.48 466.137 1828.22
195.802 0.523684 1937.27
270.714 -769.161 2600.46
399.159 -195.713 1945.39
177.275 -53.6157 2183.69
134.922 -455.065 2310.49
197.512 239.777 1905.2
310.767 255.462 1957.67
371.959 105.447 2213.37
321.789 -854.537 2367.82
414.835 -108.919 2406.03
294.414 -37.6328 2237.55
314.103 -479.465 2254.78
424.023 271.146 2010.13
273.306 104.919 2084.15
FRAME: 132
340.659 474.912 1825.42
177.332 2.25302 1954.07
276.099 -766.372 2627.23
378.62 -191.664 1950.66
179.297 -59.5311 2188.6
149.836 -455.681 2328.15
183.771 246.259 1907.18
306.958 256.951 1950.11
422.256 105.382 2213.69
323.277 -855.684 2374.3
469.297 -129.257 2350.27
306.249 -49.1954 2231.78
323.395 -488.659 2260.09
430.145 267.642 1993.03
274.865 101.294 2080.15
FRAME: 133
333.961 484.086 1832.45
158.015 9.12714 1982.68
275.573 -761.688 2637.11
389.593 -204.272 1954.68
181.805 -56.3975 2198.43
154.438 -449.19 2320.41
176.502 255.495 1918.73
305.563 259.075 1951.66
453.597 82.3569 2184.8
322.91 -858.29 2375.18
496.756 -186.836 2256.69
311.735 -53.6381 2230.4
327.417 -495.457 2255.89
434.624 262.655 1984.58
276.167 102.029 2083.04
FRAME: 134
329.222 490.444 1835.99
139.124 9.11118 2019.9
279.244 -762.153 2618.33
363.403 -216.27 1953.74
181.945 -65.6408 2196.75
170.887 -457.894 2316.59
167.276 264.351 1936.59
301.901 260.651 1958.26
459.359 53.9993 2160.54
323.667 -850.437 2384.67
510.542 -230.359 2203.34
321.776 -70.2773 2217.9
330.499 -494.635 2263.76
436.527 256.951 1979.93
276.881 96.3458 2082.79
FRAME: 135
324.583 496.481 1844.85
130.189 23.8519 2047.55
286.211 -782.378 2623.09
336.758 -219.014 1956.52
182.389 -65.3303 2198.15
189.123 -471.982 2305.87
162.329 273.717 1956.69
299.44 263.929 1964.25
470.182 39.2896 2127.42
326.158 -853.713 2384.91
486.229 -257.273 2132.44
339.101 -77.1814 2205.5
336.717 -493.703 2263.67
436.552 254.14 1971.82
280.093 96.3364 2083.04
FRAME: 136
319.571 503.838 1853.74
111.821 44.1205 2094.74
304.935 -803.691 2542.14
243.241 -196.468 2001.56
183.154 -68.6485 2210.46
183.024 -473.057 2308.38
156.579 289.78 1992.14
295.604 271.012 1976.25
483.395 1.74541 2068.84
331.741 -843.935 2447.86
435.881 -303.486 2033.08
358.702 -93.0586 2187.57
352.113 -502.326 2235.38
434.628 252.244 1960.36
283.266 95.079 2087.63
FRAME: 137
311.926 512.086 1857.36
112.431 68.9901 2128.38
336.115 -825.169 2461.58
208.061 -176.12 2033.16
200.864 -68.1192 2214.25
216.812 -475.524 2296.09
149.048 299.463 2018.38
291.971 279.121 1988.77
494.032 8.26599 2048.64
345.925 -800.659 2420.97
392.607 -280.938 1982.13
366.839 -92.2357 2178.08
355.951 -502.954 2178.38
434.893 258.78 1959.16
287.911 99.4719 2092.47
FRAME: 138
307.962 516.435 1867.29
116.268 100.144 2165.39
339.286 -835.772 2467.76
169.64 -156.044 2059.89
225.406 -62.3045 2205.2
253.807 -507.361 2237.05
154.528 306.229 2036.05
294.271 286.48 1994.27
499.422 25.9826 2022.55
346.948 -763.237 2363.82
343.383 -273.818 1941.18
375.052 -84.1659 2159.17
389.933 -502.504 2177.24
434.014 266.732 1952.5
297.25 106.623 2088.23
FRAME: 139
303.849 522.174 1874.42
114.492 116.426 2178.2
339.982 -846.633 2478.85
149.02 -141.898 2084.11
235.35 -50.0207 2204.04
255.186 -511.987 2241.12
158.815 317.258 2058.44
294.318 295.168 2001.15
497.249 35.7845 1998.81
339.146 -788.164 2377.7
296.616 -227.837 1933.68
380.566 -73.8758 2141.38
386.166 -492.324 2167.13
429.822 273.078 1943.85
301.138 116.61 2086.93
FRAME: 140
301.47 526.128 1884.15
119.8 130.016 2193.76
356.196 -860.114 2414.46
141.293 -133.831 2108.63
244.101 -45.1622 2198.6
262.532 -496.065 2243.12
166.383 326.577 2071.45
297.009 303.63 2006.38
496.308 45.9318 1982.41
343.599 -788.272 2339.64
291.822 -195.995 1915.86
381.411 -69.2109 2129.9
377.791 -496.129 2150.27
427.635 280.683 1941.32
304.882 123.222 2085.32
FRAME: 141
300.4 536.617 1915.67
136.783 119.526 2211.68
370.136 -853.994 2391.99
138.354 -156.35 2121.36
254.702 -44.4673 2205.66
264.587 -488.073 2249.63
182.205 334.758 2103.43
299.275 308.044 2023.74
463.863 46.1844 1969.28
356.364 -816.137 2360.39
290.474 -189.986 1911.46
371.653 -71.1674 2125.77
358.896 -498.138 2147.74
416.345 281.33 1944.05
306.226 125.113 2094.73
FRAME: 142
301.558 542.669 1937.94
157.267 106.473 2227.03
376.236 -857.434 2380.86
129.206 -163.091 2151.76
265.229 -45.0688 2226.38
264.25 -497.392 2255.55
195.818 340.92 2136.28
294.736 309.752 2040.28
435.06 37.8356 1965.28
358.889 -803.794 2336.5
273.493 -187.1 1903.24
361.731 -75.5317 2132.54
358.49 -505.028 2164.77
393.654 278.585 1944.27
304.108 124.726 2109.87
FRAME: 143
302.776 545.252 1950.64
171.692 107.432 2240.58
377.166 -853.474 2373.29
126.751 -155.327 2156.15
269.523 -45.4288 2249.84
272.461 -491.029 2265.45
206.132 344.526 2155.43
295.369 310.556 2052.79
427.25 35.619 1968.43
355.492 -835.318 2377.44
245.362 -159.939 1929.15
364.047 -81.5381 2140.96
361.571 -508.243 2168.39
384.607 276.586 1950.15
306.077 123.537 2124.1
FRAME: 144
306.092 549.875 1963.65
178.376 105.821 2258.02
379.789 -837.794 2393.28
117.176 -151.529 2165.39
265.175 -37.7711 2273.48
263.788 -487.694 2272.38
218.87 354.971 2179.39
299.65 319.917 2074.96
411.191 38.8475 1974.18
359.877 -840.689 2384.3
210.622 -161.345 1925.87
360.077 -79.5503 2151.1
364.824 -509.069 2186.95
380.431 284.863 1970.54
306.138 130.628 2143.63
FRAME: 145
310.156 554.882 1985.1
183.852 103.854 2258.12
380.529 -837.345 2382.22
113.178 -141.399 2166.16
261.435 -27.9537 2291.94
276.173 -479.319 2274.52
225.754 356.435 2197.76
302.294 317.001 2088.77
401.343 34.6438 1976.66
366.313 -845.197 2395.05
205.55 -149.914 1959.75
354.303 -75.9441 2159.97
371.12 -508.223 2200.29
378.834 277.568 1979.79
305.082 132.526 2157.36
FRAME: 146
314.625 564.565 2021.45
185.726 94.8349 2266.94
387.617 -817.931 2409.5
96.8578 -150.581 2176.88
268.927 -30.9119 2307.99
291.009 -481.425 2298.07
239.202 349.847 2216.94
308.663 313.717 2112.23
393.048 36.0007 1984.65
369.856 -846.343 2417.53
176.701 -153.776 1972.38
356.489 -76.5212 2176.31
376.747 -507.34 2208.24
378.124 277.587 2007.51
310.686 130 2177.19
FRAME: 147
325.562 569.488 2054.94
193.219 90.4536 2287.58
383.224 -818.658 2409.33
81.7916 -149.987 2184.06
279.002 -33.8163 2318.57
297.08 -487.744 2349.43
251.988 343.927 2228.57
314.539 308.355 2125.08
389.645 35.4805 1997.88
361.338 -869.867 2401.69
178.305 -153.861 2007.47
357.999 -78.9606 2188.13
374.487 -511.613 2223.85
377.09 272.784 2021.58
316.52 125.983 2189.21
FRAME: 148
330.707 570.794 2065.5
193.116 85.5876 2311.24
388.994 -818.341 2424.8
83.5512 -141.511 2197.31
295.891 -40.7065 2335.2
309.684 -497.576 2370.37
258.587 340.422 2252.99
318.927 305.433 2142.6
377.951 28.412 2009.95
360.72 -863.214 2428.08
138.04 -219.114 1969.29
369.706 -83.7959 2199.94
370.18 -513.479 2241.27
379.267 270.444 2032.2
325.863 121.591 2205.08
FRAME: 149
338.686 574.326 2081.08
191.125 92.9002 2341.83
385.453 -797.4 2464.67
103.04 -126.187 2218.5
308.378 -48.7085 2348.38
303.63 -504.167 2398.16
267.332 347.105 2276.5
327.095 314.186 2160.05
376.744 32.299 2031.37
355.879 -861.478 2419.35
136.696 -214.991 2039.01
380.982 -88.8277 2206.65
358.681 -515.089 2262.19
386.859 281.267 2043.59
335.888 122.709 2218.78
FRAME: 150
343.56 580.334 2092.84
200.79 98.7388 2366.65
384.888 -817.945 2511.18
110.989 -134.395 2250.08
317.41 -53.6698 2349.92
314.853 -501.781 2388.49
277.294 350.942 2292.37
336.192 320.444 2173.84
373.708 39.5479 2059.83
347.611 -878.87 2408.57
144.082 -223.379 2070.83
384.918 -88.6446 2214.37
348.483 -522.014 2287.46
395.089 289.945 2055.31
343.678 124.643 2228
FRAME: 151
348.199 581.782 2108.06
213.654 120.412 2395.07
382.23 -823.417 2541.48
130.217 -133.831 2296.96
321.701 -62.8835 2362.84
316.378 -515.115 2413.76
282.277 340.175 2314.07
343.404 310.054 2191.34
358.141 23.7794 2087.32
349.915 -887.062 2423.92
144.303 -248.041 2115.61
391.174 -96.7068 2225.09
338.708 -536.419 2309.91
404.531 279.932 2068.61
349.921 115.129 2242.65
FRAME: 152
356.488 584.604 2123.39
218.638 111.913 2410.61
415.143 -844.562 2591.82
136.108 -159.088 2318.19
328.771 -62.7402 2363.48
324.383 -519.659 2390.15
294.313 347.916 2327.6
350.578 318.501 2201.73
361.303 37.5965 2110.37
351.849 -873.922 2446.51
178.334 -243.66 2177.61
387.337 -93.3207 2232.37
340.69 -534.659 2318.17
406.842 289.085 2075.85
354.316 120.235 2249.83
FRAME: 153
370.284 593.172 2146
234.736 105.238 2409.21
426.929 -840.614 2595.45
122.49 -211.033 2298.5
335.95 -61.0234 2362.64
324.123 -518.028 2388.03
305.657 357.049 2342.33
356.978 328.736 2214.14
366.369 66.0783 2123.52
352.28 -872.243 2446.01
169.95 -193.189 2188.27
382.758 -86.9382 2245.51
327.8 -522.035 2321.86
408.3 300.423 2085.95
358.166 127.378 2259.11
FRAME: 154
382.244 597.598 2156.59
250.249 108.293 2399.23
435.695 -828.189 2604.12
90.5462 -188.766 2236.77
337.156 -64.8368 2352.22
321.651 -523.268 2373.4
325.93 352.525 2346.08
372.135 329.065 2229.6
352.614 81.0601 2140.25
366.872 -865.971 2478.94
150.143 -166.141 2155.69
378.624 -83.9147 2260.92
320.859 -522.268 2330.63
418.341 305.605 2113.12
365.013 127.345 2268.09
FRAME: 155
393.648 602.807 2165.2
266.846 118.423 2405.83
433.494 -818.931 2618.32
98.2272 -185.953 2383.73
345.279 -44.1383 2385.79
308.569 -499.631 2435.39
347.712 367.332 2360.94
375.14 340.744 2240.05
317.191 96.8466 2140.51
372.587 -869.508 2471.65
77.0044 -139.467 2106.65
380.666 -72.1388 2260.5
312.5 -523.104 2322.13
402.569 314.156 2119.15
369.056 141.303 2281.6
FRAME: 156
402.855 608.243 2171.72
275.723 138.16 2453.98
432.937 -813.299 2603.9
115.492 -145.307 2469.82
342.607 -31.4855 2402.39
306.663 -477.509 2469.82
349.993 376.182 2369.53
372.367 345.724 2241.99
281.352 109.785 2108.03
369.194 -867.982 2457.46
-1.36541 -63.1169 2010.41
367.227 -64.9577 2264.44
304.056 -511.05 2312.4
394.741 315.265 2114.45
363.642 148.751 2287.7
FRAME: 157
412.777 611.543 2174.54
243.078 167.594 2387.11
427.555 -821.464 2582.65
79.4394 -13.2322 2322.17
340.756 -24.8269 2400.2
301.508 -466.864 2472.28
346.033 382.054 2343.87
367.78 354.912 2230.04
231.218 130.545 2079.79
368.362 -877.168 2441.86
-44.5109 22.9055 1981.08
369.913 -57.8609 2267.32
309.543 -505.735 2315.44
389.527 327.769 2116.21
361.557 156.784 2281.9
FRAME: 158
426.524 616.912 2168.95
248.204 203.244 2358.83
419.048 -830.206 2568.29
72.9017 85.3871 2258.17
337.775 -23.9438 2388.83
300.202 -473.218 2475.05
348.257 387.293 2334.07
368.987 363.295 2227.62
212.211 232.241 1992.02
372.053 -874.318 2454.66
-43.84 297.019 1882.16
363.762 -51.0832 2269.98
308.754 -509.659 2323.51
389.717 339.298 2121.17
359.878 162.891 2278.51
FRAME: 159
436.175 618.381 2166.54
249.574 210.692 2365.83
395.421 -843.365 2513.64
70.829 252.407 2136.86
326.517 -23.7479 2366.24
295.133 -467.88 2432.85
329.192 390.199 2297.03
361.272 372.013 2219.71
240.661 284.112 1981.23
366.468 -878.024 2447.33
39.7242 348.527 1928.75
362.974 -44.6825 2277.08
316.943 -499.228 2333.88
393.353 353.827 2142.39
353.009 168.899 2270.68
FRAME: 160
443.849 618.048 2160.01
189.612 295.41 2253.18
380.061 -840.682 2493.83
30.1789 387.146 2007.25
309.019 -12.0294 2334.6
281.929 -471.449 2421.84
312.06 404.197 2210.74
353.46 393.307 2175.22
305.6 313.941 1982.16
374.023 -874.221 2450.98
132.693 392.246 1922.28
361.846 -30.8418 2276.14
319.106 -493.882 2338.99
394.861 382.416 2139.71
344.447 185.936 2240.3
FRAME: 161
446.778 617.193 2158.98
206.743 338.256 2223.11
375.55 -845.323 2499.12
128.538 275.358 2204.87
306.854 -9.40645 2339.26
282.947 -474.81 2422
320.618 411.269 2239.91
357.097 396.721 2187.28
286.014 359.113 1968.28
372.355 -873.822 2449.65
131.219 500.956 1857.25
352.7 -29.3915 2265.76
312.543 -497.97 2330.7
393.575 382.173 2134.66
343.437 188.661 2244.89
FRAME: 162
451.897 615.322 2156.77
199.981 386.194 2155
376.18 -848.275 2497.1
128.772 365.539 2116.5
294.606 -8.90209 2316.31
277.149 -478.889 2412.91
301.165 416.249 2217.89
355.524 405.61 2191.2
349.1 346.132 2095.03
365.836 -878.425 2445.16
334.426 386.378 2087.87
347.731 -23.0205 2270.6
297.036 -497.473 2326.72
409.882 394.971 2164.51
338.346 194.824 2242.33
FRAME: 163
459.951 605.291 2155.34
212.767 442.743 2087.76
386.965 -836.982 2507.62
175.083 458.934 2040.49
287.539 -10.512 2266.91
278.604 -478.851 2409.15
298.408 418.512 2153.51
364.234 414.645 2191.11
417.754 368.859 2189.87
346.569 -874.368 2442.85
400.74 456.734 2116.52
333.537 -16.2625 2271.27
269.889 -493.641 2312.03
430.06 410.779 2228.71
337.386 200.629 2230.1
FRAME: 164
462.931 586.616 2158.48
209.221 519.32 1982.01
396.561 -835.846 2534.87
166.89 582.414 1930.07
279.484 -13.393 2242.24
271.631 -481.188 2414.09
298.674 410.919 2127.09
372.06 406.305 2189.41
472.952 359.544 2261.65
342.113 -873.271 2435.79
506.26 444.325 2213.17
330.257 -18.9349 2267.18
247.225 -492.764 2293.19
445.446 401.691 2251.73
338.465 195.07 2222.06
FRAME: 165
462.693 568.31 2158.81
221.444 526.069 1964.65
388.208 -835.538 2551.21
172.903 640.713 1861.94
275.297 -18.4827 2232.25
267.401 -479.924 2425.85
294.913 396.268 2147.34
373.691 390.334 2205.71
532.879 351.704 2335.54
334.707 -877.654 2416.71
553.071 445.072 2298.87
323.395 -22.6903 2260.38
224.42 -497.61 2276.62
452.468 384.401 2264.07
336.518 184.874 2226.01
FRAME: 166
450.213 552.363 2152.37
219.445 514.27 1941.6
391.688 -832.845 2570.31
190.954 621.696 1868.38
268.944 -27.9938 2208.49
251.093 -480.809 2410.74
296.963 381.998 2104.98
375.405 376.291 2188.08
569.125 351.211 2363.69
337.415 -868.634 2425.52
556.697 447.388 2322.43
317.523 -31.2619 2257.14
216.492 -504.407 2260.03
453.846 370.584 2271.19
334.319 173.332 2210.45
FRAME: 167
449.353 532.755 2159.39
229.776 483.402 1927.43
376.579 -843.025 2555.78
205.738 676.883 1794.84
264.643 -44.3301 2196.86
232.853 -489.368 2354.02
310.436 358.298 2087.54
375.736 353.477 2181.83
592.73 303.323 2389.76
335.448 -855.817 2450.14
580.685 460.269 2359.27
301.188 -46.0641 2251.22
201.917 -512.517 2249.84
441.036 348.656 2276.13
329.326 154.14 2202.94
FRAME: 168
457.334 518.214 2154.14
225.351 471.728 1905.07
378.537 -838.207 2558.68
205.605 660.085 1772.06
258.82 -50.1868 2188.8
233.284 -484.242 2383.44
299.57 342.169 2072.86
376.152 334.046 2179.48
633 256.437 2405.32
334.283 -875.422 2431.86
559.42 466.277 2333.22
299.132 -53.1029 2248.34
197.727 -522.029 2235.8
452.734 325.924 2286.1
327.564 141.201 2199.03
FRAME: 169
436.295 515.823 2156.94
221.183 432.557 1888.64
362.318 -837.261 2561.16
175.458 630.038 1722.09
255.812 -66.3991 2189.18
216.741 -515.74 2320.07
299.882 323.661 2068.04
366.795 320.1 2179.05
592.637 274.615 2400.45
335.383 -879.15 2410.74
552.975 445.982 2340.13
292.486 -66.3336 2254.59
210.718 -528.525 2254.59
433.707 316.539 2290.05
320.472 126.867 2200.47
FRAME: 170
456.901 493.901 2150.88
200.115 354.503 1828.25
367.934 -824.044 2572.38
138.895 580.102 1646.73
247.009 -82.2876 2180.24
203.692 -547.774 2257.73
300.2 309.385 2056.73
362.422 306.923 2173.06
566.606 224.934 2397.49
329.794 -895.065 2379.58
567.151 436.837 2365.27
282.793 -81.0686 2251.26
204.179 -554.217 2231.07
424.643 304.461 2289.4
313.661 112.623 2194.41
FRAME: 171
455.905 481.003 2140.63
189.735 302.575 1817.96
343.84 -851.456 2521.4
103.052 516.035 1613.27
233.01 -98.1641 2169.38
196.807 -576.74 2245.5
297.434 292.222 2048.41
356.183 290.353 2168.58
530.597 183.668 2410.22
325.097 -925.553 2362.29
551.707 416.391 2335.44
274.294 -98.8675 2246.68
203.13 -568.726 2226.93
414.933 288.484 2288.76
304.918 95.9186 2188.31
FRAME: 172
452.131 474.199 2123.29
223.368 208.349 1875.39
321.668 -859.12 2486.3
110.301 386.859 1638.06
218.044 -114.507 2180.6
173.311 -580.982 2290.69
265.371 274.727 2099.48
329.447 265.744 2169.46
448.476 177.826 2319.6
323.99 -939.025 2362.44
488.255 395.474 2227.23
263.376 -120.817 2228.83
213.23 -589.779 2228.45
393.523 256.761 2239.44
285.078 74.0411 2187.09
FRAME: 173
454.777 474.311 2095.78
164.338 193.738 1931.13
302.683 -880.356 2446.26
135.47 255.871 1700.38
203.7 -124.813 2182.49
161.126 -592.087 2284.56
228.957 277.99 2149.51
310.333 263.431 2172.13
339.581 96.5716 1949.76
342.269 -956.291 2354.29
257.058 278.429 1875.51
267.34 -137.015 2194.46
230.875 -607.035 2225.01
391.71 248.873 2194.74
272.927 66.2586 2180.3
FRAME: 174
461.626 480.02 2072.85
157.026 141.159 1916.81
328.131 -881.986 2444.42
178.329 144.785 1720.85
194.709 -125.599 2164.94
166.409 -583.855 2286.93
237.415 265.844 2037.21
315.508 256.682 2092.73
365.876 46.177 1984.11
318.115 -977.21 2354.35
195.081 131.61 1761.39
250.637 -135.276 2188.84
236.62 -600.076 2251.04
393.602 247.52 2148.25
269.091 63.1222 2134.81
FRAME: 175
467.83 492.036 2025.19
217.113 133.169 1948.29
335.567 -860.473 2408.29
244.064 108.957 1817.49
203.026 -91.9162 2148.59
197.688 -541.738 2235.14
311.315 287.91 1998.9
363.063 290.361 2089.07
505.513 173.523 2211.58
305.361 -956.11 2378.4
548.216 200.126 2157.44
252.192 -94.2449 2211.14
241.392 -556.987 2285.22
414.811 292.811 2179.24
295.336 98.6401 2134.47
FRAME: 176
358.391 530.989 2088.25
190.993 202.049 1977.41
313.42 -859.594 2379.33
250.971 157.721 1869.91
182.718 -60.4559 2178.65
202.399 -517.879 2241.12
269.118 340.634 2073.59
336.223 328.296 2101.66
475.331 163.823 2041.43
315.534 -926.648 2370.6
410.621 111.696 2038.94
263.221 -78.4875 2206.62
245.593 -542.594 2259.67
403.327 315.957 2129.73
279.596 129.412 2147.15
FRAME: 177
309.574 569.404 2050.29
148.017 391.163 2023.37
310.842 -841.9 2364.61
270.492 454.225 2044.69
174.36 -21.2761 2195.67
192.316 -464.302 2258.24
249.763 373.373 2090.24
325.548 348.375 2084.71
458.331 159.784 2039.35
304.743 -879.98 2357.6
370.614 69.9657 1982.75
277.55 -58.6034 2183.48
243.502 -518.4 2227.08
401.334 323.376 2079.17
275.752 154.217 2137.14
FRAME: 178
318.153 534.356 1949.77
157.98 332.539 2011.39
301.387 -823.337 2394.1
183.415 353.007 1936.94
169.234 -1.87208 2217.83
179.532 -437.77 2293.18
204.641 394.516 2098.49
302.387 350.304 2044.28
451.725 137.665 2015.62
298.168 -866.302 2340.2
391.062 52.8494 1993.92
273.394 -51.7511 2160.78
247.165 -498.99 2209.2
400.134 306.092 1990.06
261.851 161.746 2116.79
FRAME: 179
405.056 487.515 1902.29
133.059 411.141 1953.53
291.305 -798.714 2461.66
132.789 410.078 1876.53
147.994 0.874599 2218.3
141.822 -427.757 2328.67
176.995 388.775 2105.38
296.047 340.276 2051.93
449.995 141.637 2038.72
296.112 -858.281 2349.04
382.382 56.2567 1990.25
273.979 -51.0711 2162.25
245.916 -480.32 2221.35
415.099 291.778 1998.47
253.517 157.589 2121.1
FRAME: 180
424.378 468.398 1889.6
144.9 366.79 1946.16
265.519 -774.404 2499.39
114.296 406.276 1804.41
133.031 4.21466 2228.07
114.799 -419.132 2344.61
187.183 374.912 2106.27
304.686 321.143 2057.37
441.408 104.827 2066.9
292.85 -859.298 2352.02
399.006 33.5466 1997.53
270.749 -59.9346 2170.8
247.309 -487.417 2226.69
422.189 267.374 2008.47
253.288 146.641 2128.4
FRAME: 181
433.632 450.032 1876.9
121.993 298.47 1941.17
259.558 -774.406 2500.4
117.042 280.876 1766.09
109.185 -0.90394 2236.01
98.2282 -426.837 2341.51
164.783 360.052 2088.17
292.711 305.969 2051.71
425.556 85.719 2113.51
295.357 -861.404 2367.56
421.857 16.4542 2092.04
270.378 -70.0126 2189.97
253.847 -493.804 2248.95
420.639 251.887 2015.25
241.247 135.256 2132.35
FRAME: 182
425.488 446.636 1873.98
90.6833 175.705 1870.17
242.729 -774.372 2513.52
81.5307 203.37 1582.12
97.4882 -20.7165 2198.53
81.2336 -430.243 2308.11
135.309 276.698 1955.6
280.487 254.913 1982.64
407.381 76.4824 2159.02
293.53 -843.837 2386.99
449.234 -141.779 2267.72
279.964 -49.4593 2231.36
266.498 -470.923 2282.55
425.664 233.128 2009.68
234.606 109.913 2098.79
FRAME: 183
421.468 445.771 1871.49
115.903 121.836 1870.01
229.754 -757.738 2536.36
131.786 -35.2952 1696.41
117.91 -8.99004 2184.77
91.7178 -414.312 2290.3
165.648 262.212 1948.16
296.362 242.628 1984.35
394.293 62.7863 2198.54
297.597 -843.581 2377.47
459.616 -170.042 2360.37
268.023 -32.3881 2226.22
272.575 -461.096 2279
427.075 223.044 2020.54
244.664 110.969 2094.92
FRAME: 184
417.291 440.462 1872.5
145.302 63.9045 1818.74
229.924 -747.647 2509.2
173.772 -184.256 1714.79
118.381 -6.27747 2176.08
96.0045 -400.037 2263.86
193.395 247.484 1925.71
313.518 235.43 1978.67
392.579 74.2645 2217.81
292.874 -837.743 2372.22
473.098 -145.382 2413.47
251.753 -20.9612 2234.03
289.746 -447.363 2284.74
433.642 223.375 2031.63
249.293 110.905 2091.86
FRAME: 185
410.245 433.117 1858.09
153.998 36.3594 1842.56
247.052 -747.909 2542.53
235.957 -254.977 1836.79
124.659 -15.3137 2182.02
115.547 -418.461 2278.88
200.253 242.039 1920.81
317.483 234.402 1976.75
373.344 104.168 2252.84
289.097 -837.432 2399.97
459.766 -105.028 2439.46
254.917 -24.1174 2243.76
298.641 -455.595 2294.35
434.714 226.766 2032.68
253.636 107.343 2094.82
FRAME: 186
397.317 426.955 1843.65
155.744 3.48491 1892.24
260.683 -758.708 2567.55
282.715 -265.297 1962.08
136.548 -27.6128 2184.7
128.906 -437.598 2314.91
203.122 225.849 1916.21
314.641 228.463 1977.22
364.92 107.958 2265.22
286.51 -841.143 2388.77
472.472 -47.9492 2496.95
253.848 -24.2173 2249.71
307.449 -457.413 2301.25
426.159 231.076 2038.23
254.919 101.274 2097.21
FRAME: 187
387.728 423.367 1829.68
163.475 -15.4207 1916.17
252.311 -759.986 2632.67
297.766 -258.803 1991.85
152.826 -32.8828 2185.77
142.877 -444.298 2335.49
206.216 211.449 1904.93
314.897 225.632 1971.98
368.479 112.814 2269.88
293.803 -839.656 2389.1
455.35 -34.6512 2483.51
257.056 -20.3796 2249.46
304.169 -460.166 2300.32
423.578 239.815 2039.02
259.919 99.5003 2094.8
FRAME: 188
376.945 421.491 1826.05
173.716 -14.3223 1949.17
257.646 -754.94 2622.15
314.849 -241.254 2026.22
155.703 -39.8271 2193.63
157.127 -444.871 2334.31
203.469 210.815 1904.87
319.366 221.157 1966.79
363.53 113.372 2271.07
295.062 -846.242 2390.24
440.054 -90.4732 2424.76
261.446 -30.8147 2249.67
298.419 -466.375 2295.35
435.262 231.499 2028.72
263.97 92.918 2094.22
FRAME: 189
365.948 423.581 1817.62
174.223 -8.62111 1959.7
253.8 -759.562 2653.66
321.836 -230.247 2046.89
162.931 -39.5696 2198.51
155.771 -434.979 2363.62
200.758 210.173 1900.71
316.297 223.187 1958.26
374.103 103.604 2255.33
297.092 -846.015 2388.23
440.499 -103.574 2410.74
267.281 -27.447 2251.1
296.926 -467.536 2292.15
431.835 236.201 2015.81
265.701 94.8395 2091.53
FRAME: 190
355.818 423.501 1812.61
163.31 -8.60005 1971.4
257.505 -758.289 2665.62
293.079 -221.646 2046.17
166.334 -35.2492 2204.26
141.646 -426.298 2393.4
192.973 210.957 1904.51
308.717 222.352 1954.8
371.949 100.956 2242.64
303.063 -850.211 2385.49
457.991 -77.6774 2411.33
269.046 -24.8798 2249.37
296.93 -466.286 2282.08
424.461 233.748 2005.09
263.203 96.1439 2090.81
FRAME: 191
341.788 430.066 1811.06
153.984 -21.7166 1991.08
260.703 -756.895 2671.6
283.08 -225.381 2062.89
173.5 -42.2174 2212.66
156.761 -431.485 2393.99
175.86 209.163 1905.58
299.053 222.53 1952.2
382.893 93.6024 2243.25
307.348 -856.355 2383.72
500.393 -102.144 2410.29
275.813 -31.0045 2251.44
300.592 -474.754 2277.07
422.245 235.897 1998.83
261.854 92.9595 2092.12
FRAME: 192
328.288 439.938 1814.49
143.82 -30.7766 1998.27
264.948 -752.276 2678.18
267.913 -237.86 2071.32
180.691 -43.2701 2220.15
166.422 -449.427 2391.47
164.262 212.548 1909.09
291.646 224.471 1947.71
407.513 72.0182 2227.64
308.088 -860.97 2384.22
552.826 -177.814 2346.41
282.285 -34.1002 2250.55
305.781 -486.259 2270.35
419.031 236.393 1986.34
261.567 92.8928 2091.53
FRAME: 193
320.638 450.689 1817.21
130.649 -30.4978 2005.42
281.809 -782.365 2603.8
324.7 -250.918 2054.73
187.026 -53.491 2219.95
216.78 -476.383 2347.29
158.296 220.163 1909.01
287.486 228.404 1938.04
454.653 58.6839 2177.52
312.816 -870.096 2424.71
524.603 -184.851 2367.27
293.55 -47.9764 2242.4
327.211 -504.874 2280.73
416.676 236.645 1967.07
263.887 88.8352 2084.61
FRAME: 194
313.499 462.84 1822.9
108.196 -15.2879 2033.54
294.182 -808.578 2561.84
292.597 -250.999 2063.65
185.007 -59.9873 2212.32
247.219 -485.12 2326.67
145.23 239.079 1933.98
280.841 233.26 1942.36
452.402 38.5861 2159.67
310.316 -859.56 2459.56
529.767 -238.744 2298.93
316.029 -67.5815 2218.05
338.616 -512.543 2289.3
416.452 227.441 1950.75
265.679 84.7379 2078.77
FRAME: 195
307.177 476.606 1832.19
88.001 27.2928 2061.51
292.221 -804.485 2569.52
192.706 -217.45 2066.87
188.169 -57.6685 2206.92
248.875 -483.647 2311.74
139.391 257.916 1951.56
277.097 245.806 1946.74
453.579 43.5244 2133.85
313.462 -849.788 2455.14
509.87 -265.152 2235.59
328.579 -70.868 2201
341.821 -516.201 2287.1
414.803 233.697 1941.93
267.736 90.769 2075.35
FRAME: 196
297.93 493.921 1855.1
75.3061 47.5178 2099.6
297.957 -811.715 2517.34
148.269 -220.872 2085.22
194.932 -52.6987 2200.02
253.051 -474.824 2299.76
129.775 273.422 1982.35
271.667 256.406 1957.5
472.948 37.398 2073.47
344.88 -812.412 2355.64
409.896 -111.15 2048.1
350.962 -71.7835 2172.56
368.987 -489.783 2232.65
413.558 239.39 1932.65
272.307 97.0824 2071.89
FRAME: 197
293.436 508.749 1870.81
67.6282 69.3797 2113.45
309.354 -813.858 2464.89
124.521 -220.64 2078.84
204.919 -35.1232 2197.38
235.468 -455.152 2264.99
126.312 289.244 2007.91
269.123 272.616 1971.26
481.852 44.0281 2040.02
355.874 -807.409 2316.34
393.374 -178.292 2023.48
361.441 -52.4614 2157.86
381.347 -452.137 2154.9
411.934 255.988 1934.61
276.151 114.412 2074.44
FRAME: 198
288.605 520.215 1886.98
72.7768 78.6494 2122.32
311.65 -813.195 2435.73
113.081 -203.88 2081.53
211.623 -32.6032 2197.36
244.136 -453.872 2233.17
126.165 296.137 2022.17
267.423 278.945 1978.18
483.022 32.0147 2016.36
341.562 -807.86 2279.59
360.366 -237.719 2001.65
364.22 -51.5125 2150.06
376.435 -451.169 2157.69
408.681 261.753 1934.18
277.672 118.444 2075.94
FRAME: 199
287.269 528.116 1897.13
75.2054 90.5955 2143.14
306.85 -816.907 2449.46
100.614 -194.481 2091.49
214.297 -37.9628 2202.92
246.74 -462.502 2243.27
131.94 307.551 2041.95
266.11 285.942 1984.44
477.437 30.964 1994.23
337.026 -823.83 2334.34
315.819 -267.159 1991.72
367.497 -62.9895 2137.28
377.962 -476.008 2170.35
400.28 264.333 1926.92
278.504 117.733 2077.27
FRAME: 200
286.176 536.162 1906.21
82.7804 112.215 2169.28
306.831 -801.164 2380.3
92.9932 -184.004 2085.48
220.049 -39.0807 2207.4
242.17 -463.579 2260.85
141.712 321.386 2055.64
266.06 295.349 1987.61
463.618 30.0452 1975.76
327.415 -840.477 2343.48
267.106 -251.852 1958.77
362.698 -69.3234 2128.86
363.876 -500.291 2172.38
390.407 269.312 1919.57
278.717 120.574 2077.87
FRAME: 201
288.914 545.858 1922.57
99.5721 119.493 2195.16
336.913 -814.164 2394.07
89.8643 -151.497 2102.33
238.139 -37.2109 2217.6
246.074 -469.012 2256.71
162.343 334.558 2089.1
272.84 303.184 2004.68
439.823 35.256 1957.33
343.028 -823.038 2384.79
209.106 -211.75 1931.62
358.671 -71.6619 2125.08
350.973 -502.093 2170.1
383.336 271.809 1920.27
285.622 124.374 2088.01
FRAME: 202
298.367 562.039 1952.47
127.472 129.035 2227.38
356.336 -819.662 2403.32
101.004 -129.272 2116.58
253.724 -33.0045 2231.3
247.483 -468.885 2249.89
183.869 344.684 2124.61
279.805 309.485 2025.78
415.205 35.7632 1954.89
343.848 -825.596 2389.07
225.29 -181.572 1926.84
355.867 -70.6072 2125.64
346.459 -499.921 2175.65
375.741 274.286 1926.94
292.3 128.84 2102.12
FRAME: 203
303.119 570.013 1974.11
150.756 128.516 2252.18
365.38 -808.328 2395.32
101.441 -124.136 2139.37
264.112 -29.8405 2246.49
246.555 -471.875 2256.91
201.55 350.521 2150.28
285.699 314.142 2044.59
400.679 44.3439 1968.37
341.826 -847.779 2380.83
207.111 -148.687 1963.17
355.724 -69.7238 2130.85
350.273 -496.297 2189.26
369.849 277.763 1938.9
297.809 132.18 2116.63
FRAME: 204
309.251 573.944 1995.72
169.383 115.066 2270.57
367.351 -809.838 2384.74
102.94 -115.905 2153.64
267.435 -30.872 2263.06
253.393 -474.885 2263.12
215.24 351.986 2179.07
292.203 314.629 2067.61
399.105 43.7252 1978.82
347.786 -851.587 2391.48
224.117 -165.698 1947.15
351.352 -72.0621 2140.51
355.326 -513.189 2190.15
369.165 277.271 1956.14
300.798 131.581 2134.69
FRAME: 205
315.675 577.181 2011.57
188.285 112.301 2297.5
380.813 -829.274 2420.77
104.276 -151.702 2170.26
270.085 -33.6612 2276.72
278.747 -498.422 2288.81
223.084 352.52 2193.97
296.067 315.041 2081.05
396.444 46.579 1997.21
353.813 -848.992 2387.68
174.784 -146.232 1963.8
351.822 -75.7634 2149.93
369.959 -512.536 2201.28
369.051 277.562 1968.12
303.51 130.165 2147.19
FRAME: 206
320.611 581.478 2031.32
197.244 111.09 2313.58
370.178 -806.591 2389.38
111.207 -151.634 2179.29
277.496 -34.8633 2294.7
278.211 -478.168 2288.63
237.839 358.727 2212.95
305.517 323.009 2099.52
392.629 45.3662 2005.98
366.148 -855.53 2400.24
177.65 -157.095 1966.11
358.907 -78.3003 2156.93
375.686 -520.687 2220.52
373.195 287.292 1986.09
311.859 133.214 2162.67
FRAME: 207
329.8 590.62 2060.97
227.979 103.069 2358.28
371.233 -844.814 2410.93
96.0143 -132.759 2253.11
293.872 -46.233 2318.18
305.709 -499.546 2310.71
253.138 362.4 2244.11
316.78 330.328 2129.49
398.656 46.9542 2010.21
389.399 -839.805 2441.9
169.244 -142.124 1980.91
370.88 -85.3127 2178.82
388.039 -522.057 2240.57
380.422 298.255 2014.86
324.578 132.277 2188.99
FRAME: 208
336.516 594.703 2079.92
227.534 95.9672 2354.18
354.411 -823.041 2368.01
110.742 -120.968 2265.86
309.525 -48.8428 2332.75
319.034 -473.823 2290.92
262.61 367.07 2259.28
326.178 336.974 2144.81
420.701 53.892 2020.08
371.921 -848.07 2426.05
112.593 -165.813 1930.98
387.32 -85.9622 2192.08
385.795 -525.395 2254.86
389.745 306.878 2030.34
337.3 134.786 2203.61
FRAME: 209
344.724 600.407 2101.55
240.069 103.322 2388.26
364.406 -820.042 2392.64
110.784 -108.867 2281.4
318.698 -59.4045 2352.15
338.657 -492.645 2315.44
267.533 365.471 2277.55
330.457 336.737 2162.98
443.882 62.6433 2045.88
405.834 -839.099 2495.87
139.831 -122.284 1948.61
396.913 -95.275 2209.41
387.383 -537.431 2273.75
393.381 308.002 2048.42
344.131 129.698 2221.88
FRAME: 210
350.662 603.88 2122.59
255.345 113.309 2409.36
354.63 -820.73 2410.36
97.9481 -104.917 2278.57
327.62 -54.1049 2374.27
340.673 -481.179 2335.32
279.062 372.17 2308.56
340.103 344.686 2189.56
462.537 69.0049 2064.06
397.563 -849.451 2486.86
175.663 -97.8316 1973.78
405.77 -89.2399 2221.99
389.781 -527.215 2293.78
401.144 317.203 2070.57
353.399 136.507 2243.85
FRAME: 211
355.29 609.896 2144.08
255.125 123.529 2422.68
348.276 -822.484 2407.96
107.568 -106.256 2294.06
333.076 -48.0026 2382.16
340.223 -487.26 2360.34
282.224 375.451 2320.37
345.911 348.105 2202.4
479.2 84.5521 2088.66
409.339 -834.958 2516.53
182.595 3.15777 1994.04
409.896 -81.16 2239.09
388.543 -519.783 2295.88
409.599 320.759 2084.43
358.699 141.762 2256.51
FRAME: 212
359.779 615.091 2168.61
258.984 126.207 2430.39
361.524 -799.354 2435.08
141.526 -29.3953 2333.65
340.229 -39.1766 2401.18
347.44 -471.117 2356.57
291.91 379.851 2336.71
359.177 353.298 2223.57
486.458 83.8033 2107.57
402.76 -841.7 2511.5
204.7 -8.97368 2022.89
423.029 -72.0666 2261.38
380.892 -509.376 2305.6
426.444 326.745 2110.43
370.403 148.838 2277.42
FRAME: 213
363.529 620.785 2188.69
256.259 133.744 2429.7
371.129 -794.319 2458.46
164.153 3.9371 2207.87
340.982 -36.6271 2414.24
349.892 -468.703 2386.88
296.519 382.721 2344.68
370.628 357.414 2238
504.217 88.053 2139.37
395.989 -836.914 2517.43
229.136 -13.7643 2054.84
436.2 -69.342 2277.01
373.717 -505.726 2313.85
444.737 332.107 2131.32
379.61 152.215 2291.81
FRAME: 214
368.384 624.796 2204.79
255.842 144.456 2417.22
397.997 -828.642 2518.19
169.182 -0.326461 2137.52
335.201 -30.8052 2418.4
368.32 -476.499 2427.18
292.166 387.434 2354.32
373.879 363.946 2249.04
530.371 98.3939 2159.59
399.482 -837.635 2515.98
258.034 -23.156 2099.33
439.738 -61.0886 2283.24
368.841 -499.449 2314.79
455.593 340.457 2143.76
380.674 158.999 2299.93
FRAME: 215
370.46 630.119 2217.9
256.686 147.259 2409.4
388.651 -791.241 2470.93
189.221 71.4791 2027.42
349.429 -24.8933 2424.78
360.872 -441.482 2411.41
298.247 391.07 2365.98
380.013 368.633 2259.87
549.105 94.7271 2180.26
386.123 -842.747 2489.07
285.194 -4.49258 2120.01
450.543 -52.8734 2293.54
373.885 -486.025 2320.42
461.778 346.197 2153.75
389.999 164.875 2309.51
FRAME: 216
373.327 635.963 2224.29
240.536 152.784 2409.26
465.525 -788.202 2638.48
205.903 52.8259 2211.66
339.825 -11.8211 2420.07
371.135 -453.04 2464.66
286.832 402.18 2376.56
378.866 383.152 2268.07
567.927 125.706 2189.57
383.453 -843.084 2493
297.822 5.60646 2111.43
452.586 -35.1732 2287.36
369.709 -475.254 2321.27
470.901 364.123 2159.59
387.536 179.827 2310.89
FRAME: 217
378.559 638.079 2238.53
253.995 144.091 2426.88
428.208 -770.105 2579.2
239.26 131.561 2166.08
353.318 -14.1485 2436.94
348.132 -428.179 2491.03
299.357 398.557 2390.79
383.132 379.165 2282.13
551.119 113.102 2195.22
371.384 -859.836 2442.35
289.492 28.0349 2103.1
456.756 -38.1886 2302.85
379.762 -469.128 2327.47
466.906 359.774 2173.46
394.084 176.498 2326.01
FRAME: 218
385.58 645.163 2254.75
247.803 170.787 2474.31
432.342 -770.151 2583.7
236.107 152.292 2236.29
352.977 -9.68301 2444.35
349.741 -426.992 2507.28
304.809 400.972 2406.56
390.869 381.84 2297.68
543.369 117.452 2203.07
384.56 -856.836 2434.76
249.805 99.2748 2007.95
457.29 -32.9337 2312.26
380.376 -464.447 2331.23
476.929 362.707 2188.8
398.001 180.266 2337.99
FRAME: 219
389.331 649.107 2266.8
253.631 171.899 2466.15
448.7 -804.169 2608.8
243.602 143.843 2258.07
360.521 -7.45181 2448.52
360.179 -447.931 2533.63
313.722 402.236 2422.37
400.207 383.834 2313.05
503.459 115.397 2193.17
401.035 -844.039 2447.97
307.105 75.58 2105.65
458.369 -28.0473 2325.14
389.358 -461.842 2339.11
486.691 365.432 2203.73
404.826 183.042 2349.94
FRAME: 220
390.662 648.643 2271.72
245.107 166.787 2413.12
434.979 -760.704 2551.14
223.762 146.225 2296.16
357.557 -13.6633 2454.02
360.368 -427.783 2511.15
313.526 391.818 2413.09
404.772 372.186 2311.27
463.91 139.341 2131.31
411.079 -853.869 2453.93
314.427 96.1488 2111.64
465.53 -36.7626 2334.04
402.036 -463.638 2361.6
496.018 352.554 2209.46
408.158 173.487 2352.65
FRAME: 221
390.932 649.988 2273.88
245.946 179.89 2428.86
438.555 -813.439 2602.72
239.172 106.731 2276.85
352.383 -8.44224 2460.12
357.256 -447.506 2538.16
311.773 401.078 2421.97
403.919 381.988 2319.76
448.809 143.484 2124.66
413.455 -850.604 2449.92
310.731 105.124 2097.29
464.277 -31.6305 2336.79
403.643 -463.21 2364.65
496.065 362.898 2217.55
406.125 180.976 2359.11
FRAME: 222
391.66 651.558 2277.16
243.25 183.122 2440.49
447.831 -819.322 2582.86
252.534 92.35 2294.81
353.212 -10.2378 2462.97
360.495 -449.448 2544.95
311.629 396.216 2429.59
405.735 377.606 2326.4
443.545 142.122 2121.99
418.552 -851.671 2450.1
304.332 159.546 2105.95
462.897 -32.0499 2343.37
407.538 -463.168 2356.93
499.842 358.996 2223.22
406.895 178.231 2364.79
FRAME: 223
390.179 650.878 2277.74
245.833 184.716 2415.94
441.475 -780.484 2533.37
266.224 53.5062 2246.34
356.54 -14.1622 2468.45
362.462 -431.746 2525.81
310.664 400 2435.79
404.413 382.418 2330.25
453.201 133.636 2138.78
420.908 -849.996 2449.91
297.683 146.85 2093.21
466.201 -35.0656 2344.48
411.534 -463.981 2360.69
498.162 364.837 2224.71
407.892 178.902 2368.36
FRAME: 224
391.167 650.752 2278.66
248.996 182.249 2402.97
446.684 -832.148 2561.13
277.094 63.3223 2275.27
354.833 -20.723 2468.11
366.04 -461.762 2532.58
315.838 390.458 2441.76
410.223 372.178 2337.2
446.814 140.475 2123.31
424.503 -851.922 2450.56
289.504 188.051 2061.52
460.452 -41.5391 2350.24
418.301 -468.354 2366.28
504.607 353.898 2232.63
408.933 170.524 2373.19
FRAME: 225
387.73 648.532 2278.82
261.777 190.242 2334.42
433.146 -781.333 2493.12
281.836 96.1886 2250.38
358.67 -21.1797 2468.05
365.013 -437.934 2500.14
309.581 392.26 2434.11
405.305 376.451 2333.54
461.318 149.764 2125.13
425.269 -850.222 2453.15
305.816 145.983 2089.91
468.068 -39.5028 2351.11
418.853 -462.31 2367.37
501.03 360.643 2232.97
409.337 173.055 2371.56
FRAME: 226
387.169 646.376 2279.64
266.736 183.188 2358.13
429.594 -848.998 2539.21
283.85 87.396 2275.66
358.765 -32.6916 2473.43
360.027 -473.999 2516.76
308.126 380.653 2441.31
404.404 364.821 2338.81
464.234 145.119 2121.87
432.443 -847.395 2473.78
319.16 173.65 2081.23
468.248 -51.0114 2355.76
422.879 -480.376 2373.9
500.683 348.989 2236.31
408.956 161.485 2376.7
FRAME: 227
386.296 645.521 2279.53
258.356 198.723 2398.16
430.859 -844.907 2533.4
260.803 62.1722 2294.89
355.78 -29.3875 2476.56
367.657 -477.742 2514.84
308.439 389.07 2440.88
403.02 373.894 2339.5
480.342 141.435 2147.6
431.468 -842.787 2488.92
306.061 134.904 2087.71
468.284 -47.705 2354.94
421.49 -482.637 2372.55
497.601 358.718 2238.12
407.526 167.674 2377.62
FRAME: 228
383.296 644.773 2278.46
254.374 196.331 2373.72
412.772 -861.735 2497.64
280.371 86.995 2240.53
351.705 -34.8332 2472.79
357.77 -490.282 2510.48
295.876 377.884 2438.67
397.821 364.048 2340.12
502.891 155.378 2159.74
431.812 -846.641 2498.17
349.191 141.031 2149.08
471.48 -51.2113 2355.78
425.326 -483.144 2385.95
499.766 350.212 2241.56
404.707 160.513 2377.2
FRAME: 229
382.092 641.108 2277.18
255.404 207.047 2380.92
406.938 -861.841 2496.78
286.967 113.094 2242.11
349.619 -41.3912 2470.08
349.718 -493.944 2510.98
288.246 371.489 2434.98
393.042 358.687 2337.14
524.31 142.28 2192.83
430.674 -846.868 2510.81
328.859 99.1468 2141.91
470.887 -56.3304 2356.81
418.415 -493.874 2379.67
497.839 345.885 2239.3
401.648 154.913 2375.29
FRAME: 230
377.771 637.969 2269.94
252.906 201.5 2386.67
396.965 -852.898 2484.92
287.03 86.8761 2277.62
349.085 -45.2116 2468.07
347.448 -498.707 2511.73
287.941 370.931 2429.69
392.801 357.441 2331.37
507.896 143.508 2173.73
424.131 -846.433 2515.16
315.582 97.5125 2137.62
472.145 -61.1379 2352.29
415.858 -503.098 2377.31
497.661 343.951 2233.05
401.708 152.133 2370.78
FRAME: 231
372.255 634.135 2261.41
256.185 196.98 2395.39
388.426 -876.411 2489.4
271.914 70.512 2255.13
348.438 -49.9682 2465.93
349.362 -509.695 2520.93
291.87 373.197 2424.34
393.656 358.218 2325.26
466.934 159.715 2120.79
414.385 -862.563 2512.24
311.203 104.443 2121.06
469.558 -67.8963 2347.49
410.424 -504.357 2373.62
495.442 343.24 2226.18
401.327 149.643 2365.99
FRAME: 232
369.397 632.885 2253.97
250.143 180.259 2360.4
390.822 -871.356 2489.61
266.505 68.1113 2224.56
343.293 -45.433 2447.82
355.362 -505.359 2507.66
281.148 381.184 2414.53
385.727 367.718 2315.44
467.406 157.95 2121.63
399.836 -855.349 2498.74
305.184 88.8123 2123.62
461.69 -60.6712 2335.44
413.796 -495.742 2389.57
490.307 354.252 2216.35
394.109 157.333 2353.53

