FRAME: 0
0 0 0
0 0 0
0 0 0
0 0 0
0 0 0
0 0 0
0 0 0
0 0 0
0 0 0
0 0 0
0 0 0
0 0 0
0 0 0
0 0 0
0 0 0
FRAME: 1
0 0 0
0 0 0
0 0 0
0 0 0
0 0 0
0 0 0
0 0 0
0 0 0
0 0 0
0 0 0
0 0 0
0 0 0
0 0 0
0 0 0
0 0 0
FRAME: 2
0 0 0
0 0 0
0 0 0
0 0 0
0 0 0
0 0 0
0 0 0
0 0 0
0 0 0
0 0 0
0 0 0
0 0 0
0 0 0
0 0 0
0 0 0
FRAME: 3
0 0 0
0 0 0
0 0 0
0 0 0
0 0 0
0 0 0
0 0 0
0 0 0
0 0 0
0 0 0
0 0 0
0 0 0
0 0 0
0 0 0
0 0 0
FRAME: 4
0 0 0
0 0 0
0 0 0
0 0 0
0 0 0
0 0 0
0 0 0
0 0 0
0 0 0
0 0 0
0 0 0
0 0 0
0 0 0
0 0 0
0 0 0
FRAME: 5
0 0 0
0 0 0
0 0 0
0 0 0
0 0 0
0 0 0
0 0 0
0 0 0
0 0 0
0 0 0
0 0 0
0 0 0
0 0 0
0 0 0
0 0 0
FRAME: 6
0 0 0
0 0 0
0 0 0
0 0 0
0 0 0
0 0 0
0 0 0
0 0 0
0 0 0
0 0 0
0 0 0
0 0 0
0 0 0
0 0 0
0 0 0
FRAME: 7
0 0 0
0 0 0
0 0 0
0 0 0
0 0 0
0 0 0
0 0 0
0 0 0
0 0 0
0 0 0
0 0 0
0 0 0
0 0 0
0 0 0
0 0 0
FRAME: 8
0 0 0
0 0 0
0 0 0
0 0 0
0 0 0
0 0 0
0 0 0
0 0 0
0 0 0
0 0 0
0 0 0
0 0 0
0 0 0
0 0 0
0 0 0
FRAME: 9
0 0 0
0 0 0
0 0 0
0 0 0
0 0 0
0 0 0
0 0 0
0 0 0
0 0 0
0 0 0
0 0 0
0 0 0
0 0 0
0 0 0
0 0 0
FRAME: 10
0 0 0
0 0 0
0 0 0
0 0 0
0 0 0
0 0 0
0 0 0
0 0 0
0 0 0
0 0 0
0 0 0
0 0 0
0 0 0
0 0 0
0 0 0
FRAME: 11
0 0 0
0 0 0
0 0 0
0 0 0
0 0 0
0 0 0
0 0 0
0 0 0
0 0 0
0 0 0
0 0 0
0 0 0
0 0 0
0 0 0
0 0 0
FRAME: 12
0 0 0
0 0 0
0 0 0
0 0 0
0 0 0
0 0 0
0 0 0
0 0 0
0 0 0
0 0 0
0 0 0
0 0 0
0 0 0
0 0 0
0 0 0
FRAME: 13
0 0 0
0 0 0
0 0 0
0 0 0
0 0 0
0 0 0
0 0 0
0 0 0
0 0 0
0 0 0
0 0 0
0 0 0
0 0 0
0 0 0
0 0 0
FRAME: 14
0 0 0
0 0 0
0 0 0
0 0 0
0 0 0
0 0 0
0 0 0
0 0 0
0 0 0
0 0 0
0 0 0
0 0 0
0 0 0
0 0 0
0 0 0
FRAME: 15
0 0 0
0 0 0
0 0 0
0 0 0
0 0 0
0 0 0
0 0 0
0 0 0
0 0 0
0 0 0
0 0 0
0 0 0
0 0 0
0 0 0
0 0 0
FRAME: 16
0 0 0
0 0 0
0 0 0
0 0 0
0 0 0
0 0 0
0 0 0
0 0 0
0 0 0
0 0 0
0 0 0
0 0 0
0 0 0
0 0 0
0 0 0
FRAME: 17
0 0 0
0 0 0
0 0 0
0 0 0
0 0 0
0 0 0
0 0 0
0 0 0
0 0 0
0 0 0
0 0 0
0 0 0
0 0 0
0 0 0
0 0 0
FRAME: 18
0 0 0
0 0 0
0 0 0
0 0 0
0 0 0
0 0 0
0 0 0
0 0 0
0 0 0
0 0 0
0 0 0
0 0 0
0 0 0
0 0 0
0 0 0
FRAME: 19
0 0 0
0 0 0
0 0 0
0 0 0
0 0 0
0 0 0
0 0 0
0 0 0
0 0 0
0 0 0
0 0 0
0 0 0
0 0 0
0 0 0
0 0 0
FRAME: 20
0 0 0
0 0 0
0 0 0
0 0 0
0 0 0
0 0 0
0 0 0
0 0 0
0 0 0
0 0 0
0 0 0
0 0 0
0 0 0
0 0 0
0 0 0
FRAME: 21
0 0 0
0 0 0
0 0 0
0 0 0
0 0 0
0 0 0
0 0 0
0 0 0
0 0 0
0 0 0
0 0 0
0 0 0
0 0 0
0 0 0
0 0 0
FRAME: 22
0 0 0
0 0 0
0 0 0
0 0 0
0 0 0
0 0 0
0 0 0
0 0 0
0 0 0
0 0 0
0 0 0
0 0 0
0 0 0
0 0 0
0 0 0
FRAME: 23
0 0 0
0 0 0
0 0 0
0 0 0
0 0 0
0 0 0
0 0 0
0 0 0
0 0 0
0 0 0
0 0 0
0 0 0
0 0 0
0 0 0
0 0 0
FRAME: 24
0 0 0
0 0 0
0 0 0
0 0 0
0 0 0
0 0 0
0 0 0
0 0 0
0 0 0
0 0 0
0 0 0
0 0 0
0 0 0
0 0 0
0 0 0
FRAME: 25
0 0 0
0 0 0
0 0 0
0 0 0
0 0 0
0 0 0
0 0 0
0 0 0
0 0 0
0 0 0
0 0 0
0 0 0
0 0 0
0 0 0
0 0 0
FRAME: 26
0 0 0
0 0 0
0 0 0
0 0 0
0 0 0
0 0 0
0 0 0
0 0 0
0 0 0
0 0 0
0 0 0
0 0 0
0 0 0
0 0 0
0 0 0
FRAME: 27
0 0 0
0 0 0
0 0 0
0 0 0
0 0 0
0 0 0
0 0 0
0 0 0
0 0 0
0 0 0
0 0 0
0 0 0
0 0 0
0 0 0
0 0 0
FRAME: 28
0 0 0
0 0 0
0 0 0
0 0 0
0 0 0
0 0 0
0 0 0
0 0 0
0 0 0
0 0 0
0 0 0
0 0 0
0 0 0
0 0 0
0 0 0
FRAME: 29
0 0 0
0 0 0
0 0 0
0 0 0
0 0 0
0 0 0
0 0 0
0 0 0
0 0 0
0 0 0
0 0 0
0 0 0
0 0 0
0 0 0
0 0 0
FRAME: 30
0 0 0
0 0 0
0 0 0
0 0 0
0 0 0
0 0 0
0 0 0
0 0 0
0 0 0
0 0 0
0 0 0
0 0 0
0 0 0
0 0 0
0 0 0
FRAME: 31
0 0 0
0 0 0
0 0 0
0 0 0
0 0 0
0 0 0
0 0 0
0 0 0
0 0 0
0 0 0
0 0 0
0 0 0
0 0 0
0 0 0
0 0 0
FRAME: 32
0 0 0
0 0 0
0 0 0
0 0 0
0 0 0
0 0 0
0 0 0
0 0 0
0 0 0
0 0 0
0 0 0
0 0 0
0 0 0
0 0 0
0 0 0
FRAME: 33
0 0 0
0 0 0
0 0 0
0 0 0
0 0 0
0 0 0
0 0 0
0 0 0
0 0 0
0 0 0
0 0 0
0 0 0
0 0 0
0 0 0
0 0 0
FRAME: 34
0 0 0
0 0 0
0 0 0
0 0 0
0 0 0
0 0 0
0 0 0
0 0 0
0 0 0
0 0 0
0 0 0
0 0 0
0 0 0
0 0 0
0 0 0
FRAME: 35
0 0 0
0 0 0
0 0 0
0 0 0
0 0 0
0 0 0
0 0 0
0 0 0
0 0 0
0 0 0
0 0 0
0 0 0
0 0 0
0 0 0
0 0 0
FRAME: 36
0 0 0
0 0 0
0 0 0
0 0 0
0 0 0
0 0 0
0 0 0
0 0 0
0 0 0
0 0 0
0 0 0
0 0 0
0 0 0
0 0 0
0 0 0
FRAME: 37
0 0 0
0 0 0
0 0 0
0 0 0
0 0 0
0 0 0
0 0 0
0 0 0
0 0 0
0 0 0
0 0 0
0 0 0
0 0 0
0 0 0
0 0 0
FRAME: 38
0 0 0
0 0 0
0 0 0
0 0 0
0 0 0
0 0 0
0 0 0
0 0 0
0 0 0
0 0 0
0 0 0
0 0 0
0 0 0
0 0 0
0 0 0
FRAME: 39
0 0 0
0 0 0
0 0 0
0 0 0
0 0 0
0 0 0
0 0 0
0 0 0
0 0 0
0 0 0
0 0 0
0 0 0
0 0 0
0 0 0
0 0 0
FRAME: 40
0 0 0
0 0 0
0 0 0
0 0 0
0 0 0
0 0 0
0 0 0
0 0 0
0 0 0
0 0 0
0 0 0
0 0 0
0 0 0
0 0 0
0 0 0
FRAME: 41
0 0 0
0 0 0
0 0 0
0 0 0
0 0 0
0 0 0
0 0 0
0 0 0
0 0 0
0 0 0
0 0 0
0 0 0
0 0 0
0 0 0
0 0 0
FRAME: 42
0 0 0
0 0 0
0 0 0
0 0 0
0 0 0
0 0 0
0 0 0
0 0 0
0 0 0
0 0 0
0 0 0
0 0 0
0 0 0
0 0 0
0 0 0
FRAME: 43
0 0 0
0 0 0
0 0 0
0 0 0
0 0 0
0 0 0
0 0 0
0 0 0
0 0 0
0 0 0
0 0 0
0 0 0
0 0 0
0 0 0
0 0 0
FRAME: 44
42.687 537.042 2797.3
-103.286 -29.5501 2782.82
-118.667 -921.487 3024.41
99.5398 -302.129 2835.91
-225.601 -112.867 2974.8
-174.765 -542.853 2963.59
-123.052 280.915 2791.52
-62.8379 301.753 2896.65
-34.554 34.3567 3100.22
-104.965 -896.957 2995.53
96.7613 -268.538 3047.31
-144.436 -84.5546 3116.93
-147.807 -487.984 2933.62
-2.62383 322.591 3001.78
-123.928 101.521 2971.26
FRAME: 45
35.3062 545.794 2804.61
-88.7468 -28.2973 2790.04
-117.14 -920.852 3015.74
106.154 -341.509 2857.77
-193.631 -129.056 2955.52
-152.545 -542.42 2951.21
-98.5648 279.797 2793.82
-62.619 305.705 2903.56
-68.7897 54.3764 3093.9
-101.482 -888.95 3008.44
-20.0326 -189.656 3192.4
-141.56 -90.2448 3118.65
-86.4035 -461.955 2913.8
-26.6732 331.613 3013.29
-115.107 98.0274 2970.32
FRAME: 46
21.506 559.474 2813.59
-66.446 -7.30098 2783.44
-113.671 -924.427 3009.24
99.5829 -321.053 2863.86
-180.868 -130.087 2942.56
-111.038 -551.42 2946.94
-99.6261 289.506 2791.14
-73.5399 314.12 2910.06
-76.3794 88.6859 3017.92
-103.589 -902.598 3033.51
18.6161 -245.279 3007.68
-148.553 -98.0098 3095.31
-87.4895 -496.957 2966.53
-47.4536 338.734 3028.99
-119.125 100.036 2964.5
FRAME: 47
-1.19747 576.968 2821.43
34.5093 25.5042 2745.35
-111.033 -932.44 3003.44
217.684 -277.008 2767.74
-163.266 -125.487 2923.01
-84.4003 -550.418 2932.32
-82.4862 298.948 2779.6
-66.8425 324.821 2903.01
-70.4623 94.7897 3080.93
-96.6478 -895.272 3018.11
148.834 -207.774 2940.03
-142.949 -90.659 3087
-50.6369 -482.427 2928.83
-51.1987 350.695 3026.41
-109.975 108.374 2954.01
FRAME: 48
-19.3133 590.211 2817.84
71.4149 41.0547 2721.59
-109.682 -942.299 2999.71
354.153 -226.416 2710.4
-143.291 -116.24 2896.92
-64.9872 -552.486 2919.35
-66.5836 312.463 2764.59
-63.1343 339.49 2894.94
-36.0934 106.016 3046.33
-83.0543 -877.743 3004.44
186.905 -90.0514 2931.4
-138.467 -78.1551 3079.05
-20.8337 -470.122 2932.8
-59.685 366.517 3025.28
-102.007 121.146 2941.46
FRAME: 49
-41.3826 606.026 2816.53
135.446 60.6434 2703.8
-104.991 -950.781 2991.18
470.429 -126.747 2627.09
-128.279 -112.572 2887.33
-35.5501 -548.236 2905.42
-51.1879 316.241 2752.59
-57.8508 346.154 2888.18
-70.5618 163.563 3118.97
-83.0073 -871.692 3007.03
47.8178 -24.2252 3059.13
-137.626 -70.7199 3075.65
-13.673 -469.64 2938.63
-64.5136 376.066 3023.78
-95.4015 127.254 2934.84
FRAME: 50
-56.4923 617.339 2812.03
183.667 130.242 2667.45
-108.846 -950.962 2984.76
537.127 12.0834 2546.62
-121.938 -100.312 2883.95
-31.0447 -540.39 2899.76
-46.5407 323.224 2735.47
-49.9499 352.792 2866.56
-49.1524 175.726 3099.82
-68.8903 -863.356 2999.39
95.169 24.6082 3023.9
-122.028 -59.7521 3064.66
8.75424 -455.588 2973.88
-53.3592 382.361 2997.64
-85.9664 136.38 2920.43
FRAME: 51
-72.6664 632.096 2802.13
213.218 190.711 2624.51
-104.148 -954.143 2974.57
577.171 170.805 2496.95
-110.697 -96.3974 2854.89
-12.7419 -540.411 2883.42
-38.5382 329.588 2721.52
-45.8646 359.385 2858.13
43.4786 213.787 2971.46
-64.314 -850.653 2976.28
273.764 133.099 2858.43
-116.501 -51.5554 3059.69
23.4482 -437.741 2958.48
-53.1909 389.183 2994.74
-79.7319 142.705 2907.71
FRAME: 52
-85.2002 640.16 2796.4
238.203 246.943 2593.89
-101.229 -953.849 2964.55
599.938 306.955 2479.44
-92.5228 -93.1251 2839.33
-1.70563 -536.739 2866.88
-30.5137 332.811 2699.09
-42.9912 366.629 2841.35
90.9045 273.631 2890.6
-58.16 -840.015 2958.92
490.103 352.358 2560.41
-107.083 -41.9257 3050.65
34.8474 -430.057 2938.08
-55.4688 400.447 2983.61
-71.3971 149.552 2893.17
FRAME: 53
-102.106 643.866 2788.12
169.628 312.385 2600.14
-91.8512 -943.655 2956.81
440.784 482.766 2553.46
-69.4525 -70.5912 2821.82
18.9048 -525.912 2850.15
-27.9019 349.884 2683.94
-34.8011 378.906 2816.97
238.785 432.35 2607.69
-57.5267 -837.328 2950.93
532.461 705.374 2392.01
-89.0077 -29.215 2997.08
38.535 -425.48 2921.86
-41.7003 407.928 2950
-57.0156 164.502 2863.21
FRAME: 54
-103.828 645.552 2784.56
35.4213 376.726 2681.93
-110.346 -937.449 2968.54
218.46 518.699 2651.51
-85.279 -44.5453 2824.68
4.87103 -516.213 2858.88
-57.3171 394.256 2692.72
-23.2828 413.549 2757.42
258.702 496.613 2545.75
-24.5185 -836.503 2927.48
514.422 763.259 2405.22
-42.1883 -13.7135 2938.02
62.776 -421.38 2883.44
10.7515 432.843 2822.12
-43.5082 192.21 2819.39
FRAME: 55
-108.479 648.239 2779.53
-134.74 362.398 2813.83
-114.115 -937.439 2971.57
-260.19 334.253 2985.41
-81.8608 -27.1376 2826
5.62325 -509.891 2861.44
-93.7745 438.999 2722.52
-28.6717 444.78 2725.73
237.603 531.606 2556.04
-7.3845 -839.585 2923.74
337.979 701.741 2474.44
-13.809 -3.92867 2880.34
81.9728 -427.838 2899.77
36.4311 450.561 2728.93
-38.2533 214.623 2789.45
FRAME: 56
-109.204 647.329 2778.92
-184.995 351.224 2921.11
-92.3385 -924.786 2968.99
-308.512 398.674 3071.73
-61.1723 -21.5751 2826.66
44.08 -494.76 2852.35
-108.331 446.283 2796.93
-41.8509 446.228 2740.69
191.588 546.074 2526.17
-13.1213 -831.114 2989.31
262.852 685.361 2419.59
-8.93056 -19.2082 2807.43
82.6357 -452.681 2897.99
24.6288 446.173 2684.45
-38.4512 212.918 2778.87
FRAME: 57
-100.444 624.054 2757.43
-284.899 291.121 3012.77
-76.7247 -921.944 2957.02
-370.481 391.494 3097.65
-55.2072 -23.8306 2820.23
57.5957 -493.767 2843.15
-167.339 424.075 2827.88
-67.3885 432.592 2758.63
176.611 553.331 2516.43
-24.9068 -865.541 2967.64
215.597 680.086 2424.79
18.3418 -18.9661 2773.86
92.2322 -452.924 2855.39
32.5623 441.108 2689.39
-42.9106 205.597 2777.84
FRAME: 58
-66.7171 610.716 2738.26
-279.962 268.677 3007.57
-79.2966 -917.731 2948.87
-394.956 391.669 3153.82
-54.755 -28.4291 2818.9
79.5914 -498.602 2819.03
-160.451 413.806 2821.93
-63.5097 419.846 2747.45
159.508 544.761 2480.24
-20.5994 -875.16 2958.58
207.97 774.531 2348.98
28.9732 -25.5324 2761.05
108.485 -462.891 2821.02
33.4314 425.887 2672.96
-38.2003 196.433 2768.71
FRAME: 59
-58.3963 590.279 2715.48
-249.37 252.063 2997.85
-77.0579 -914.876 2929.25
-351.838 392.747 3092.77
-50.1901 -24.4063 2809.95
96.5785 -514.138 2784.92
-149.549 405.634 2804.48
-61.4384 409.515 2722.89
125.75 512.446 2398.86
-12.3244 -882.61 2939.82
185.03 834.946 2308.06
29.9372 -21.8185 2741.73
123.41 -463.428 2772.95
26.6724 413.396 2641.29
-35.7824 193.201 2749.36
FRAME: 60
-47.539 574.857 2696.12
-200.792 271.712 2972.19
-73.3139 -924.785 2912.58
-235.977 403.773 2916.05
-44.6979 -28.4208 2806.92
98.0262 -521.454 2768.43
-132.606 398.982 2785.5
-60.0328 395.465 2695.57
102.592 480.88 2368.98
6.5465 -876.211 2899.34
173.115 822.303 2260.86
25.97 -32.5887 2723.51
134.409 -468.323 2763.67
12.5406 391.948 2605.63
-34.6984 182.48 2730.39
FRAME: 61
-33.8625 565.354 2673.51
-153.144 282.788 2906.08
-83.4322 -930.69 2899.7
-109.667 212.956 2868.83
-47.349 -37.2108 2795.25
81.5526 -532.799 2746.2
-120.157 387.015 2768.18
-50.3133 383.642 2687.65
94.2708 452.393 2358.64
7.39016 -883.776 2900.96
146.267 774.895 2256.78
35.5518 -41.0625 2715.86
148.632 -483.269 2751.84
19.5306 380.269 2607.13
-28.106 172.253 2721.61
FRAME: 62
-29.5954 562.375 2647.19
-50.1681 293.019 2727.75
-69.1563 -927.97 2877.2
13.6844 296.42 2643.02
-27.129 -48.2787 2759.54
92.288 -534.189 2723.83
-99.0119 373.696 2734.89
-37.4773 371.08 2661.73
78.9669 370.949 2350.79
-29.26 -887.862 2909.05
106.255 564.467 2231.72
40.0855 -56.2454 2685.02
135.555 -499.384 2750.3
24.0573 368.465 2588.58
-15.4995 159.409 2692
FRAME: 63
-32.3439 575.068 2614.86
-18.8887 286.073 2572.2
-72.8818 -917.341 2876.54
16.2847 320.379 2567.28
-11.3804 -64.2797 2706.28
83.5283 -531.808 2720.77
-91.4415 369.054 2694.8
-25.312 370.468 2629.11
65.1381 297.455 2330.01
-49.8416 -894.647 2893.63
122.436 594.302 2182.25
42.8086 -62.9927 2671.24
128.334 -516.065 2737.62
40.8176 371.882 2563.42
-4.79894 153.416 2658.93
FRAME: 64
-37.7764 588.82 2585.09
-82.4302 357.889 2791.75
-74.8857 -910.286 2890.81
-42.4828 368.75 2621.81
-9.28721 -51.0071 2716.86
70.8435 -526.745 2724.75
-85.5194 398.704 2708.67
-16.6743 388.065 2599.61
69.5032 267.295 2337.56
-58.5178 -898.187 2872.18
113.242 569.881 2168.82
41.9542 -60.4739 2641.03
111.236 -517.275 2712.82
52.1708 377.426 2490.56
-0.170384 166.162 2639.28
FRAME: 65
-33.4302 612.189 2545.94
-28.7593 309.184 2647.94
-59.9874 -915.86 2868.73
-16.9016 313.025 2624.54
1.63235 -29.1809 2678.22
60.3147 -512.917 2718.57
-84.1715 402.883 2694.93
0.566608 396.426 2593.66
72.6379 215.949 2345.65
-37.3868 -865.786 2864.96
142.902 494.767 2153.18
44.7947 -33.0935 2626.81
96.753 -475.802 2704.43
85.3047 389.969 2492.39
11.8901 182.645 2623.09
FRAME: 66
-40.4863 554.005 2474.35
-17.9688 169.978 2515.94
-41.0244 -921.669 2829.71
114.541 186.895 2356.13
5.76569 -32.4926 2660.61
48.1795 -503.288 2687.42
-67.946 373.358 2589.22
22.3777 372.693 2547.42
102.971 161.357 2335.02
-7.74604 -855.346 2884.06
174.194 376.474 2187.04
56.4942 -26.7403 2660.01
103.262 -433.497 2770.65
112.701 372.027 2505.61
26.7538 171.538 2603.86
FRAME: 67
-27.0913 559.805 2461.26
-17.4482 71.1428 2437.9
-14.6102 -933.345 2804.39
144.428 197.392 2288.1
8.79519 -41.3598 2646.81
48.0152 -511.096 2672.84
-70.9188 338.665 2452.69
26.2654 357.851 2488.32
154.719 199.485 2373.61
42.8866 -847.227 2905.92
186.69 311.022 2207.09
66.4669 -24.3557 2681.94
115.218 -434.426 2783.88
123.45 377.036 2523.95
31.9482 162.497 2576.35
FRAME: 68
-9.49473 593.213 2420.48
-21.3665 50.5648 2354.19
4.06406 -906.856 2747.21
195.038 149.897 2220.53
11.0144 -11.0649 2612.05
45.0826 -466.504 2626.61
-65.45 351.576 2413.31
35.8521 372.632 2469.2
203.76 288.912 2345.74
81.6619 -864.455 2893.73
278.52 393.764 2273.06
90.1546 7.09166 2654.09
175.102 -410.588 2792.77
137.154 393.688 2525.09
43.2183 185.323 2551.14
FRAME: 69
-19.6583 581.529 2390.19
-28.4453 56.432 2354.25
9.32351 -897.825 2730.96
233.954 136.637 2173.07
7.1536 -15.6999 2602.28
31.6535 -463.087 2605.95
-52.9882 358.601 2393.78
44.4289 385.409 2443.02
259.248 295.774 2383.12
119.247 -863.84 2892.59
383.066 336.239 2212
113.182 14.6678 2657.36
206.791 -408.659 2784.54
141.846 412.218 2492.26
52.2983 192.447 2536.42
FRAME: 70
-22.8231 568.588 2368.17
-49.7119 107.489 2372.92
21.9903 -905.323 2721.98
252.825 52.0194 2197.72
-2.93782 -16.1372 2595.7
34.7905 -473.446 2593.58
-65.2121 374.324 2383.47
44.959 399.401 2422.44
289.016 287.49 2356.87
151.093 -865.09 2895.54
461.367 335.293 2155.53
136.445 15.7172 2645.29
217.66 -435.436 2756.14
155.13 424.478 2461.41
55.8563 199.595 2521.47
FRAME: 71
-19.1044 546.716 2330.79
-8.49987 65.9534 2363.88
30.9782 -938.127 2706.24
250.975 -69.3759 2226.96
24.8407 -46.7432 2574.21
30.0695 -508.741 2578.73
-52.316 328.718 2363.62
50.561 365.285 2392.16
372.208 308.535 2287.32
183.676 -848.094 2894.37
423.417 -33.0571 2064.64
162.562 6.35112 2602.51
232.527 -451.04 2717.04
153.438 401.853 2420.69
72.1311 172.545 2490.26
FRAME: 72
-17.7969 491.24 2293.29
-71.7018 48.3943 2403.63
39.0183 -954.767 2688
3.5179 -325.887 2294.48
24.3984 -74.6999 2571.84
13.3712 -530.474 2558.72
-111.127 271.624 2381.57
21.8967 298.323 2374.73
297.622 103.307 2299.8
265.703 -887.154 2853.64
220.745 -174.747 2138.37
176.739 -45.6225 2565.28
285.25 -486.895 2655.75
154.92 325.022 2367.89
61.2328 119.081 2471.64
FRAME: 73
-7.45292 468.922 2278.59
-117.665 19.5892 2429.5
50.6345 -965.804 2667.32
-171.446 -335.158 2357.51
-6.24686 -122.259 2561.24
29.083 -554.23 2532.08
-122.31 243.772 2395.42
17.322 254.78 2369.88
264.367 16.0031 2296.71
270.588 -894.729 2812.07
153.883 -226.097 2142.15
162.618 -109.556 2531.43
289.485 -495.197 2649.75
156.954 265.788 2344.34
47.7537 69.4363 2458.11
FRAME: 74
4.3675 452.516 2264.81
-222.296 -59.4025 2434.2
54.5477 -941.515 2658.6
-129.06 -349.04 2380.87
-18.3216 -162.929 2550.13
37.3674 -539.891 2519.14
-129.926 223.489 2385.38
12.0848 237.333 2368.01
252.745 -7.93343 2330.07
281.624 -957.701 2746.05
90.9379 -265.464 2216.38
160.379 -145.301 2529.28
293.974 -540.193 2622.95
154.095 251.178 2350.63
41.5567 41.6092 2453.85
FRAME: 75
17.3671 440.931 2243.57
-220.405 -63.6638 2430.91
61.6162 -944.639 2653.74
-148.255 -267.436 2329.25
-29.2214 -167.648 2549.36
39.2481 -559.691 2511.74
-134.195 212.106 2379.22
10.1106 224.37 2361.2
235.107 -44.0486 2356.64
277.382 -980.647 2674.83
34.4171 -265.601 2269.28
160.045 -151.431 2526.69
286.904 -558.716 2590.74
154.416 236.634 2343.18
37.7611 32.4154 2449.61
FRAME: 76
29.5309 439.1 2220.09
-250.664 -41.5338 2438.04
67.6779 -959.037 2652.42
-343.644 -172.218 2358.32
-45.1085 -160.047 2550.59
39.0808 -577.292 2503.65
-138.964 213.643 2375.21
9.48869 220.014 2352.64
226.405 -54.6782 2365.36
263.833 -990.092 2645.1
-28.753 -290.542 2314.65
153.462 -151.361 2520.39
278.537 -573.677 2564.51
157.942 226.385 2330.07
31.8328 32.155 2444.06
FRAME: 77
40.7556 437.758 2208.71
-269.318 -33.64 2415.39
69.0699 -968.619 2647.23
-220.143 -175.252 2328.09
-57.3091 -161.243 2548.03
35.2114 -585.945 2497.42
-136.025 218.815 2360.56
12.1447 220.75 2337.94
229.674 -51.4191 2361.57
252.351 -994.933 2600.31
-47.7656 -282.035 2325.32
152.664 -158.708 2515.56
265.662 -581.853 2532.75
160.314 222.686 2315.33
29.911 30.3874 2434.87
FRAME: 78
63.7162 445.248 2185.94
-258.643 -31.3785 2390.8
85.0859 -979.288 2658.19
-174.577 -87.8593 2218.82
-27.9614 -170.107 2483.45
27.8331 -604.602 2506.12
-125.719 230.982 2339.72
22.3397 240.506 2316.33
231.179 -22.8268 2362.62
229.291 -987.323 2543.09
-52.1367 -65.5545 2219.88
175.331 -157.633 2450.51
223.569 -598.425 2454.48
170.398 250.03 2292.95
48.0122 38.3182 2391.66
FRAME: 79
75.9398 450.483 2172.71
-247.85 -23.8582 2377.21
104.045 -995.818 2652.21
-196.472 -91.0404 2185.13
-13.5654 -178.365 2465.42
11.134 -632.999 2504.48
-119.578 238.392 2338.25
31.5477 245.941 2308.08
199.164 -15.2785 2324.47
199.132 -1010.26 2509.04
-136.39 -24.9034 2169.6
175.18 -169.167 2427.42
196.223 -630.15 2437.69
182.673 253.491 2277.92
56.1774 36.0878 2377.25
FRAME: 80
85.7122 458.722 2167.82
-230.007 -18.4205 2357.37
106.609 -1001.2 2640.63
-171.88 -55.4548 2116.37
-7.01358 -184.976 2450.86
4.8268 -641.697 2501.19
-109.066 246.303 2332.75
41.649 250.658 2299.72
226.177 -18.0748 2323.54
176.412 -1012.32 2504.23
-125.741 -35.2171 2133.13
174.364 -179.845 2410.78
185.349 -640.862 2427.6
192.364 255.013 2266.69
62.6621 34.1241 2365.27
FRAME: 81
91.2545 462.869 2166.07
-194.074 -6.85051 2340.56
95.6264 -995.126 2628.05
-156.394 -60.0639 2086.35
-6.76051 -183.832 2441.12
-3.79417 -638.703 2495.25
-102.812 250.735 2329.98
52.4662 251.617 2293.9
260.379 -10.3102 2324.21
170.848 -1012.47 2501.29
-121.018 -16.0634 2099.4
175.592 -182.879 2398.48
181.903 -635.232 2417.84
207.744 252.5 2257.82
68.4411 34.131 2356.85
FRAME: 82
95.0449 463.272 2166.51
-173.541 -7.26308 2344.98
85.0418 -986.365 2613.77
-114.879 -62.618 2173.9
-2.83785 -180.642 2436.76
-25.1808 -639.88 2468.88
-96.6856 250.826 2334.79
57.6917 248.402 2292.11
233.624 -22.7781 2309.96
167.21 -1004.25 2492.06
-137.61 8.02593 2058.84
171.208 -183.412 2388.58
176.918 -628.163 2401.74
212.069 245.978 2249.43
70.9385 33.1874 2352.39
FRAME: 83
101.593 463.122 2174.74
-159.892 -22.8817 2353.78
67.1538 -978.434 2606.21
-175.891 -67.7753 2147.16
-3.0162 -178.465 2432.7
-46.8949 -633.166 2451.94
-91.3604 244.713 2341.99
61.9214 240.698 2296.01
250.972 -28.6507 2302.83
163.947 -988.682 2486.71
-116.834 -113.863 2078.66
171.099 -183.037 2380.45
173.445 -615.711 2378.76
215.203 236.682 2250.04
72.9814 29.9733 2351.29
FRAME: 84
102.456 464.837 2180.01
-166.484 -34.9108 2354.22
43.5321 -963.891 2599.66
-166.293 -84.5689 2065.09
-5.73564 -177.268 2430.66
-62.0582 -625.008 2444.05
-91.8369 241.753 2346.47
62.5687 236.478 2298.85
255.184 -33.2413 2309.28
164.138 -985.761 2489.15
-101.677 -123.494 2101.71
167.263 -183.14 2377.27
170.814 -610.311 2372.71
216.974 231.204 2251.23
71.6663 28.1372 2351.41
FRAME: 85
100.534 469.01 2190.81
-179.669 -31.2027 2347.06
9.3723 -964.127 2616.73
-200.11 -68.0116 2044.65
-10.506 -174.555 2427.7
-67.735 -620.915 2440.07
-101.034 245.175 2350.33
57.1069 241.601 2301.87
256.354 -37.7141 2314.91
162.054 -977.332 2488.48
-87.5264 -123.861 2112.1
166.264 -178.526 2373.59
171.022 -603.529 2370.42
215.248 238.026 2253.42
67.493 32.53 2351.26
FRAME: 86
91.5206 477.809 2208.8
-204.678 -17.3591 2334.4
-22.5772 -984.83 2617.38
-225.542 4.63146 2058.38
-14.9601 -176.088 2424.85
-69.8675 -620.603 2437.98
-108.897 250.934 2357.88
48.7932 250.947 2314.09
255.884 -32.6752 2335.44
159.88 -977.035 2488.34
-74.4835 -149.781 2132.04
161.151 -176.003 2375.95
169.582 -596.368 2370.32
206.483 250.961 2270.29
60.9443 37.4511 2357.24
FRAME: 87
80.747 488.179 2225.4
-220.441 -15.7052 2324.92
-49.5649 -994.348 2620.64
-232.63 -31.631 2051.52
-23.0566 -175.337 2425.33
-70.9915 -619 2440.56
-121.034 252.279 2365.19
39.6751 255.121 2327.15
252.163 -23.5982 2346.02
153.348 -979.592 2498.38
-70.5834 -148.407 2144.54
154.304 -172.223 2383.25
166.11 -595.15 2380.79
200.384 257.962 2289.12
52.6494 40.6702 2365.72
FRAME: 88
68.3805 497.673 2246.68
-227.079 -9.6512 2335.38
-54.633 -998.323 2624.95
-193.963 -136.116 2047.96
-29.7123 -173.012 2427.38
-71.1211 -619.527 2445.65
-126.528 256.868 2367.19
33.1667 261.625 2339.51
245.904 -21.8364 2372.37
149.952 -977.571 2503.03
-56.1998 -154.636 2151.93
146.725 -167.786 2396.85
160.963 -589.412 2397.41
192.861 266.381 2311.83
45.8365 45.6127 2375.81
FRAME: 89
54.4089 503.683 2266.61
-227.901 -12.1754 2349.45
-55.4074 -1000.79 2638.72
-201.104 -135.584 2050.28
-34.9703 -176.011 2436.03
-61.0046 -620.295 2461.02
-133.426 255.484 2373.15
28.1093 261.24 2353.9
238.198 -16.7827 2403.1
150.48 -984.852 2513.25
16.3319 -201.433 2201.84
139.294 -169.857 2415.19
152.976 -593.191 2414.64
189.644 266.997 2334.65
40.1357 44.153 2389.76
FRAME: 90
39.6278 507.413 2290.93
-234.287 -12.1459 2375.73
-58.4527 -1002.41 2653.37
-228.689 -130.561 2028.71
-54.6235 -193.197 2460.25
-72.8747 -634.323 2493.7
-143.888 255.848 2395.77
17.0962 259.983 2380.74
218.923 -17.8767 2438.39
145.109 -1001.15 2542.24
-21.7019 -195.01 2180.23
125.411 -188.613 2443.43
149.738 -610.55 2449.2
178.08 264.117 2365.71
26.2449 34.5386 2416.29
FRAME: 91
28.5767 512.198 2312.99
-237.767 -16.3867 2397.68
-59.5749 -1000.36 2661.9
-198.186 -139.326 2036.9
-63.5208 -201.917 2478.02
-79.0532 -644.07 2510.19
-148.286 254.679 2412.02
10.9041 257.911 2397.46
215.374 -23.6357 2451.26
143.439 -1008.26 2571.18
-4.5686 -191.177 2198.29
118.013 -198.372 2461.18
149.208 -618.02 2477.42
170.094 261.144 2382.9
19.0752 28.8833 2433.53
FRAME: 92
22.6124 519.01 2329.71
-244.089 -4.18006 2425.86
-61.0342 -1004.3 2670.77
-208.672 -102.462 2036.76
-73.2629 -196.569 2495.5
-80.1511 -643.11 2517.24
-151.999 262.48 2423.48
6.10978 265.245 2413.45
201.063 -14.7285 2475.14
137.345 -999.035 2604.56
29.3527 -191.41 2246.46
111.496 -193.369 2483.72
149.389 -608.736 2506.94
164.219 268.01 2403.41
12.6132 35.1384 2451.53
FRAME: 93
18.3438 524.667 2346.71
-238.39 -14.3437 2428.54
-61.9734 -1004.33 2673.17
-197.651 -106.237 2046.41
-76.6783 -193.62 2513.12
-78.0821 -643.31 2526.05
-154.808 262.344 2431.39
2.59838 266.84 2425.58
197.388 -9.64975 2500.79
129.052 -995.56 2632.99
2.9233 -197.275 2233.33
113.962 -188.176 2506.09
144.5 -605.335 2535.76
160.005 271.336 2419.77
10.6202 37.9711 2467.59
FRAME: 94
16.0156 532.883 2361.47
-231.616 -19.5527 2437.51
-59.1124 -1004.72 2678.17
-160.745 -138.393 2074.4
-73.8552 -182.445 2521.14
-76.1339 -636.091 2533.14
-157.798 263.709 2434.9
-0.811373 270.838 2436.2
192.153 3.91773 2532.58
117.362 -984.236 2665.26
12.632 -215.958 2247.81
110.976 -174.145 2522.54
137.05 -595.701 2567.01
156.176 277.968 2437.5
8.87449 46.2717 2479.02
FRAME: 95
15.5373 540.68 2376.36
-225.296 -16.5623 2456.3
-57.7873 -1009.59 2688.84
-154.387 -148.707 2082.09
-74.6267 -182.251 2532.94
-75.8853 -632.647 2553.31
-161.536 265.365 2444.7
-3.81681 273.61 2448.21
181.777 6.22978 2546.97
102.771 -972.836 2716.2
30.0636 -187.477 2272.89
109.779 -172.687 2536.83
132.44 -590.286 2595.01
153.902 281.856 2451.72
6.87968 48.0705 2491.55
FRAME: 96
19.77 557.666 2402.96
-216.995 -8.62602 2475.03
-60.3107 -1012.31 2704.13
-142.592 -120.903 2068.55
-74.5407 -181.135 2547.11
-72.7706 -629.526 2573.93
-161.888 281.637 2465.65
-5.74721 290.227 2473.29
179.363 13.3606 2572.2
58.2365 -925.666 2843.37
28.5175 -206.8 2290.65
106.566 -171.172 2555.77
106.115 -562.42 2692.26
150.393 298.816 2480.92
5.13281 57.0365 2512.36
FRAME: 97
23.8953 565.542 2423.27
-211.444 0.399728 2476.62
-60.8536 -998.301 2725.65
-156.69 -113.931 2047.12
-68.8425 -160.17 2567.18
-64.3762 -604.457 2597.35
-160.203 291.31 2472.9
-5.96926 301.339 2491.59
177.965 25.0736 2605.73
38.3649 -907.427 2889.08
28.7955 -177.956 2295.37
95.3295 -149.516 2587.03
105.244 -553.646 2711.57
148.264 311.368 2510.28
3.63711 73.2481 2534.35
FRAME: 98
29.0145 566.794 2448.29
-207.857 3.64461 2505.24
-61.3989 -996.966 2731.01
-61.7028 -149.096 2165.35
-66.6881 -156.586 2582.34
-62.0729 -599.112 2605.79
-157.623 293.058 2485.56
-2.64506 303.758 2509.01
176.667 30.5163 2626.04
28.7911 -872.135 2939.93
19.0305 -185.223 2287.52
98.0177 -145.205 2607.2
122.298 -531.858 2751.8
152.333 314.458 2532.47
6.50988 76.4314 2551.89
FRAME: 99
32.2763 570.432 2463.27
-205.879 13.4803 2512.31
-60.6165 -994.71 2739.31
-25.7591 -189.762 2210.45
-68.0061 -147.553 2587.36
-60.9403 -593.281 2616.59
-151.705 300.338 2494.81
0.319392 311.222 2528.6
173.638 39.2218 2651.3
19.603 -860.204 2979.48
43.2492 -155.298 2325.04
99.6745 -135.533 2624.85
116.399 -528.626 2774.74
152.344 322.105 2562.4
8.0768 84.8394 2567.35
FRAME: 100
38.4248 573.505 2482.49
-193.427 21.7559 2509.4
-62.6941 -986.709 2748.24
-44.1741 -144.2 2210.82
-74.2957 -134.949 2603.71
-59.4665 -580.838 2628.81
-146.208 306.414 2504.35
2.16118 315.889 2546.4
165.414 40.1322 2678.68
0.028949 -869.432 2953.21
63.8325 -144.657 2369.64
89.8995 -124.41 2650.47
108.18 -515.364 2794.88
150.531 325.365 2588.46
4.98156 93.105 2586.75
FRAME: 101
52.1838 580.074 2504.94
-171.065 36.5094 2523.03
-65.5235 -965.957 2755.78
62.6315 -96.3878 2274.65
-79.6293 -110.822 2621.88
-56.485 -554.785 2645.99
-132.608 315.998 2523.37
8.03794 320.589 2574.61
156.473 41.649 2717.21
-15.7949 -888.143 2955.26
113.993 -156.521 2459.35
67.3035 -105.518 2676.59
104.46 -525.042 2816.98
148.684 325.179 2625.84
0.937531 106.209 2611.92
FRAME: 102
71.5981 574.143 2535.84
-162.364 36.9993 2558.99
-65.9159 -967.178 2769.04
98.5978 -95.8462 2424.96
-77.9913 -104.875 2688.11
-47.9893 -548.019 2675.05
-111.792 312.337 2552.52
18.1914 318.904 2610.62
161.566 49.2875 2761.17
-28.0006 -879.863 2955.52
128.114 -112.956 2478.55
56.5523 -96.8885 2750.33
94.1905 -516.156 2833.02
148.175 325.47 2668.71
3.73599 109.011 2664.92
FRAME: 103
87.787 572.1 2563.17
-142.499 32.2993 2563.83
-72.0664 -957.554 2796.45
130.639 -93.7588 2440.72
-74.1044 -101.223 2723.16
-44.8199 -538.028 2703.46
-92.0537 304.651 2558.84
27.5566 320.738 2636.69
151.885 86.4234 2826.18
-22.7991 -880.911 2966.83
141.477 -122.894 2509.59
64.5281 -81.3502 2815.73
89.6876 -512.132 2876.06
147.167 336.824 2714.54
11.3842 114.726 2703.07
FRAME: 104
100.371 571.466 2581.61
-117.802 34.8732 2576.7
-67.3901 -950.481 2816.47
158.812 -77.5472 2412.84
-65.6367 -99.097 2736.57
-34.3614 -536.431 2720.22
-79.9979 305.042 2575.87
37.0866 320.675 2658.44
150.154 90.2212 2852.26
-35.0924 -899.028 2924
157.606 -101.888 2527.1
69.1818 -80.2031 2833.13
81.1322 -513.251 2892.62
154.171 336.308 2741.01
19.4296 115.512 2721.65
FRAME: 105
112.661 569.616 2599.53
-106.257 26.8657 2589.37
-68.166 -938.028 2851.99
183.61 -72.9464 2420.03
-58.8334 -101.871 2752.97
-25.9204 -537.639 2735.12
-72.5305 299.63 2589.82
40.747 316.568 2680.13
156.482 71.5019 2830.18
-32.4768 -914.687 2906.39
170.445 -63.1395 2497.87
66.0043 -82.8177 2853.04
73.3851 -513.133 2901.33
154.025 333.505 2770.43
22.1662 112.112 2741.57
FRAME: 106
122.116 566.594 2613.45
-89.3037 20.3366 2598.75
-64.2222 -931.104 2877.67
206.567 -105.032 2470.53
-60.9289 -101.033 2770.15
-15.2889 -531.589 2760.27
-60.0547 299.381 2604.4
46.8913 315.45 2693.99
165.265 62.6054 2826.13
-27.3487 -914.032 2920.89
200.153 -22.679 2473.22
61.9066 -82.1487 2873.53
78.8719 -513.352 2923.41
153.837 331.519 2783.57
23.6901 111.93 2757.91
FRAME: 107
130.261 563.971 2626.48
-63.9552 9.78467 2608.03
-55.3729 -931.762 2897.39
230.79 -71.7808 2446.15
-63.998 -106.153 2786.84
-10.4803 -531.81 2787.96
-50.9734 295.764 2616.63
49.7357 312.535 2709.13
173.583 46.2467 2823.31
-24.8311 -917.132 2923.77
225.523 -44.0578 2466.34
54.0595 -86.0708 2895.44
75.5578 -510.458 2932.64
150.445 329.306 2801.64
22.3832 108.212 2775.14
FRAME: 108
136.381 563.978 2634.83
-39.4834 7.86634 2617.78
-46.6258 -936.299 2911.81
265.672 -119.623 2437.76
-62.5872 -104.055 2790.51
-0.212022 -532.925 2796.22
-33.5086 296.887 2620.38
56.2161 314.302 2717.23
172.787 47.4688 2839.91
-31.2193 -919.073 2931.77
253.672 -78.583 2485.09
45.1934 -83.0463 2906.29
57.2436 -509.414 2935.72
145.941 331.717 2814.07
23.7596 110.376 2782.81
FRAME: 109
142.332 563.346 2644.65
-21.9079 -5.91472 2619.23
-42.4701 -938.55 2933.02
262.392 -295.495 2632.44
-56.8739 -109.724 2790.01
11.8812 -548.628 2816.76
-12.3684 297.749 2622.79
58.2045 316.977 2729.2
114.395 41.377 2915.93
-34.9925 -921.465 2945.04
223.86 -234.852 2807.21
25.9657 -87.1651 2914.12
38.6005 -513.881 2948.39
128.777 336.205 2835.61
21.3752 109.266 2790.63
FRAME: 110
145.597 563.965 2656.24
0.860704 -19.0873 2633.84
-43.2322 -947.048 2951.49
276.835 -335.632 2623.5
-43.8798 -125.037 2791.66
15.5406 -567.273 2836.98
9.87832 291.551 2622.98
64.3126 313.418 2732.86
82.8267 27.3402 2938.91
-27.7409 -926.101 2993.21
229.849 -248.356 2909.23
19.3024 -99.7616 2917.19
34.9902 -519.524 2970.03
118.747 335.286 2842.74
26.0119 100.51 2793.64
FRAME: 111
145.661 566.499 2672.16
35.1459 -24.9734 2640.59
-39.7135 -946.22 2959.08
260.72 -384.719 2762.3
-17.2203 -130.78 2795.58
25.2749 -569.052 2853.69
36.076 285.596 2621.68
71.1776 312.303 2735.38
-0.142393 86.2752 2978.39
-41.0961 -928.419 3053.2
131.257 -177.902 3053.31
20.5951 -101.005 2918.91
35.0038 -526.069 3003.38
106.279 339.01 2849.09
36.4325 98.2051 2796.31
FRAME: 112
137.008 571.337 2680
80.2624 -18.8763 2649.83
-43.8823 -944.085 2973.96
187.288 -332.1 2716.08
-11.4875 -129.014 2803.44
37.1545 -570.137 2866.65
56.6328 285.212 2640.22
78.4734 308.946 2738.33
24.0946 82.1206 2936.81
-21.3684 -912.348 3069.66
129.115 -201.293 2973.71
16.6532 -101.68 2916.36
20.7125 -525.74 3029.08
100.314 332.679 2836.44
40.5282 96.7994 2799.12
FRAME: 113
122.338 577.59 2688.1
89.0466 1.12697 2670.79
-44.02 -946.237 2978.14
249.004 -304.208 2705.55
-2.05534 -128.992 2808.06
44.3993 -579.07 2873.52
53.0713 289.753 2656.46
73.7612 311.255 2738.01
66.4695 74.3217 2886.06
-23.3647 -918.905 3055.15
186.776 -203.671 2875
18.9502 -100.736 2913.63
3.16056 -533.284 3076.95
94.4511 332.757 2819.55
41.1043 98.1954 2799.43
FRAME: 114
102.591 592.007 2694.77
116.538 28.176 2680.64
-47.262 -950.605 2982.94
285.233 -245.162 2736.93
-4.6087 -118.422 2814.97
49.949 -574.54 2877.11
38.3536 298.894 2664.18
68.4255 316.706 2732.09
123.598 81.1231 2856.07
-20.8022 -924.568 3031.5
296.14 -180.683 2847.44
20.4703 -93.1925 2907.48
10.4785 -526.045 3072.17
98.4974 334.518 2800.01
38.1781 105.449 2796.66
FRAME: 115
75.3412 606.278 2697
122.544 86.8087 2705.12
-44.1983 -954.769 2976.89
325.595 -62.035 2711.82
1.16415 -108.634 2814.39
65.7763 -561.105 2866.47
31.9424 318.408 2675.94
67.0157 335.501 2736.5
138.969 158.749 2868.57
-19.2075 -918.676 3046.96
371.768 33.7769 2812.62
24.7826 -83.5821 2902.19
21.5664 -507.86 3071.19
102.089 352.593 2797.05
39.9945 119.696 2797.39
FRAME: 116
54.4786 616.655 2698.4
158.571 139.608 2701.71
-42.3199 -959.312 2975.75
343.632 39.2749 2677.96
11.0239 -98.3145 2816.28
76.4479 -554.117 2863.06
27.8674 329.052 2683.94
65.8637 345.666 2733.44
202.206 198.753 2805.08
-17.1862 -908.596 3044.01
561.129 180.831 2645.7
30.4255 -73.4186 2896
32.7439 -489.714 3062.31
103.86 362.28 2782.94
43.2942 129.9 2794.79
FRAME: 117
41.4655 623.262 2701.41
161.757 182.797 2692.75
-40.4234 -957.129 2973.41
365.507 122.781 2667.01
6.17852 -85.4733 2815.18
83.015 -542.21 2860.75
18.151 337.032 2684.74
62.9342 353.339 2732.36
262.041 259.174 2751.56
-16.5989 -902.476 3044.03
693.794 394.026 2505.09
33.4708 -61.1176 2892.64
47.8347 -477.451 3052.13
107.717 369.646 2779.97
41.3794 140.022 2793.13
FRAME: 118
29.5525 626.042 2704.89
90.5948 232.928 2746.14
-41.8824 -953.141 2972.09
271.3 215.882 2710.26
-2.08427 -66.9698 2817.38
74.091 -524.208 2867.02
-12.1218 365.773 2710.98
59.1653 373.589 2734.65
270.925 312.885 2741.33
-12.9776 -897.928 3049.44
620.657 471.689 2538.21
51.5991 -53.6087 2864.38
61.1262 -469.152 3012.69
130.452 381.404 2758.32
41.9613 156.65 2787.77
FRAME: 119
20.0137 631.061 2708.63
45.5177 279.278 2779.73
-40.5138 -955.848 2969.77
162.945 277.818 2758.25
-1.79778 -48.9705 2819.5
75.4359 -521.903 2868.34
-13.9133 385.304 2715.5
55.262 391.699 2731.96
274.846 379.292 2696.89
-6.7414 -892.154 3052.22
581.628 577.041 2507.48
56.6824 -38.5323 2854.22
72.1229 -457.252 2989.79
124.437 398.093 2748.41
41.3522 173.974 2784.41
FRAME: 120
17.7308 632.405 2711.61
-33.8931 307.275 2821.48
-46.8699 -947.174 2979.38
29.2109 376.403 2829.14
10.1566 -49.371 2820.95
94.724 -525.471 2868.39
-31.8081 393.21 2720.57
39.1458 398.745 2725.47
212.723 438.308 2691.11
6.56171 -891.57 3048.48
452.742 607.905 2587.29
61.7036 -42.1161 2844.59
91.7041 -460.222 2977.62
110.1 404.281 2730.37
37.538 176.501 2779.12
FRAME: 121
10.4881 630.592 2712.53
-109.941 297.203 2877
-34.523 -942.807 2970.06
-117.776 347.45 2909.29
12.4515 -30.6517 2813.46
102.397 -513.264 2864.89
-45.1774 414.583 2741.3
36.8721 417.109 2721.96
264.065 502.684 2627.07
-6.27465 -896.444 3056.67
405.855 751.154 2566.03
82.6646 -28.4361 2808.38
97.2572 -459.791 2950.36
118.922 419.634 2702.62
42.2151 193.782 2766.44
FRAME: 122
6.45852 612.82 2719.62
-148.23 299.597 2898.85
-27.4586 -931.163 2961.04
-172.434 336.91 2927.43
25.4804 -38.8235 2807.79
138.663 -512.065 2850.63
-69.6777 392.806 2762.48
26.3332 398.001 2726.44
219.928 500.789 2598.01
-12.9472 -907.132 3077.08
274.661 666.51 2557.67
84.7368 -36.2747 2791.14
98.561 -474.502 2948.9
122.344 403.197 2690.39
40.7209 180.226 2762.95
FRAME: 123
8.53421 600.309 2726.51
-144.562 286.447 2910.63
-20.6187 -921.765 2947.89
-219.838 371.989 2996.24
34.5018 -40.98 2801.31
166.261 -511.38 2834.45
-67.5902 388.971 2773.24
19.8231 393.994 2730.39
203.405 504.968 2587.56
-17.2979 -911.425 3091.51
289.184 740.058 2478.56
96.5621 -38.4464 2769.97
118.922 -481.65 2931.62
107.236 399.017 2687.55
42.6776 177.14 2758.02
FRAME: 124
12.2557 590.895 2729.81
-181.459 253.658 2951.85
-19.4793 -922.159 2944.88
-249.336 401.895 3021.08
32.5958 -46.3018 2805.99
185.003 -516.818 2829.61
-84.0535 380.262 2795.54
12.8804 386.89 2736.56
238.137 528.402 2539.6
-8.60473 -897.96 3103.1
276.586 825.124 2451.87
102.511 -42.0464 2764.64
127.38 -476.17 2930.22
109.814 393.518 2677.58
40.2169 171.358 2760.94
FRAME: 125
13.6441 587.342 2731.11
-180.202 232.604 2950.59
-16.0184 -921.991 2943.98
-254.316 317.849 3002.9
40.266 -52.5325 2805.97
202.459 -520.007 2824.9
-88.4687 374.248 2813.35
10.3549 383.022 2739.61
226.572 522.733 2515.63
-7.65168 -892.231 3103
272.253 855.584 2399.06
116.66 -46.1282 2753.17
142.075 -478.027 2919.47
109.178 391.796 2665.87
44.4089 166.846 2759.59
FRAME: 126
11.5369 576.636 2730.97
-170.461 214.386 2948.02
-18.6702 -921.894 2946.04
-241.135 336.508 3014.3
44.0728 -58.2442 2804.7
210.17 -523.913 2820.52
-86.5123 365.699 2821.52
9.09443 374.871 2741.46
222.056 516.344 2475.41
-7.20007 -888.358 3101.04
280.768 852.166 2360.48
113.301 -51.8399 2749.44
150.934 -476.031 2917.85
104.701 384.043 2661.39
43.8906 159.914 2759.26
FRAME: 127
8.31283 559.828 2721.26
-143.36 161.442 2946.49
-14.3981 -918.597 2938.93
-181.643 293.177 2952.91
50.3274 -65.0147 2793.79
210.906 -531.036 2803.57
-90.3612 357.986 2816.49
5.90117 366.523 2729.75
191.784 468.532 2392.27
-4.53375 -889.049 3088.88
295.39 828.594 2303.84
111.697 -58.5529 2746.15
153.809 -494.587 2905.56
102.164 375.059 2643.01
43.4566 152.369 2749.86
FRAME: 128
13.7947 550.566 2713.42
-105.267 128.885 2925.8
-6.85281 -923.221 2930.63
-137.315 254.464 2930.78
57.3551 -71.1255 2774.1
209.991 -537.691 2792.54
-78.9437 353.881 2792.86
6.38842 360.038 2708.55
190.276 436.156 2369.56
-10.9419 -892.248 3073.45
287.175 726.496 2242.14
105.474 -65.1454 2739.09
148.261 -502.751 2899.22
91.7205 366.196 2624.23
43.9016 145.952 2732.57
FRAME: 129
7.66576 549.275 2692.72
-69.0538 165.249 2868.65
-10.9488 -923.563 2931.41
-132.997 274.768 2864.51
49.0466 -74.0135 2767.18
200.57 -537.487 2785.98
-81.0714 346.133 2766.78
9.15901 343.789 2671.21
201.007 387.471 2344.14
-6.64834 -905.059 3048.32
263.089 619.551 2249.95
106.898 -74.2265 2721.02
147.99 -511.35 2876.61
99.3894 341.446 2575.63
43.5656 134.835 2707.65
FRAME: 130
1.22515 558.216 2663.41
-97.4396 180.919 2798.1
-14.8333 -925.973 2923.47
-152.429 308.343 2709.09
34.4644 -85.2921 2755.23
186.075 -535.287 2768.3
-88.7962 338 2737.34
10.8158 336.417 2648.84
170.225 293.648 2328.12
-4.78346 -895.759 3015.25
273.368 552.48 2190.17
111.357 -85.6496 2702
161.699 -521.703 2827.41
110.428 334.834 2560.34
41.8633 125.473 2688.73
FRAME: 131
7.79821 565.244 2629.22
-231.671 255.174 2621.66
-21.9843 -926.159 2920.46
-179.145 360.955 2678.32
32.3652 -84.4291 2724.07
160.193 -531.334 2765.44
-72.9994 351.898 2726.3
25.4108 345.889 2626.83
163.91 230.937 2272.98
-1.7601 -895.767 2955.09
311.405 537.229 2135.27
99.9037 -87.3675 2680.34
172.696 -530.516 2790.3
123.821 339.88 2527.36
45.7726 129.995 2664.52
FRAME: 132
12.9302 567.702 2601.69
-146.018 263.836 2625.12
-18.2639 -927.138 2908.93
-129.7 391.111 2635.27
28.6807 -86.2524 2702.35
132.648 -532.77 2746.67
-55.9302 339.195 2680.85
40.3068 338.147 2617.79
194.87 235.25 2332.25
-9.90112 -892.962 2883.18
318.445 465.103 2151
94.9967 -82.3853 2682.94
174.578 -530.629 2710.36
136.544 337.099 2554.73
51.0728 126.914 2655.21
FRAME: 133
23.3347 594.592 2535.6
49.4007 155.494 2397.56
-23.7184 -928.539 2879.31
61.0608 366.546 2464.02
19.0215 -81.2685 2652.17
74.8242 -524.782 2702.73
-21.9687 342.379 2531.25
68.0996 357.501 2589.84
251.077 369.155 2583.34
11.7824 -877.817 2897.32
275.883 383.414 2405.04
104.564 -65.418 2709.33
192.519 -503.002 2750.3
158.168 372.623 2648.44
64.9461 142.079 2635.3
FRAME: 134
24.3898 600.647 2507.47
66.9226 105.212 2343.25
-13.6434 -931.293 2866.28
374.958 262.51 2194.83
28.4485 -81.7749 2622.69
61.2166 -529.767 2680.09
-9.89179 348.316 2463.65
83.3613 369.588 2551.56
247.276 388.829 2633.22
40.8078 -885.677 2905.91
272.438 328.106 2572.56
121.159 -58.8078 2712.8
184.317 -500.512 2779.94
176.614 390.859 2639.46
79.0825 149.648 2609.65
FRAME: 135
30.2355 609.03 2478.63
69.8399 101.58 2359.65
-2.66663 -926.943 2851.17
404.77 216.671 2222.98
31.8041 -77.1485 2608.24
40.536 -517.858 2664.04
-12.9973 358.483 2462.16
81.0705 379.138 2552.24
251.055 401.085 2624.6
112.655 -887.732 2891.19
246.958 282.787 2637.8
131.654 -55.0276 2703.17
177.247 -497.89 2780.71
175.138 399.792 2642.32
81.3997 156.525 2603.97
FRAME: 136
30.5059 611.313 2446.31
76.5847 96.0869 2376.69
3.41176 -918.799 2830.46
424.5 157.768 2242.75
28.314 -68.0095 2593.03
23.1811 -511.298 2646
-19.5479 370.111 2449.45
78.5049 391.955 2537.77
273.978 396.183 2588.96
152.768 -893.794 2845.04
423.301 480.995 2498.4
142.784 -42.7758 2693.58
189.481 -489.726 2749.41
176.558 413.8 2626.09
82.0269 168.281 2590.54
FRAME: 137
35.7144 603.511 2389.74
68.4273 107.023 2359.42
16.9201 -895.936 2817.63
379.494 41.7262 2240.86
15.5484 -58.275 2581.86
1.00921 -491.378 2641.41
-35.0346 388.305 2417.4
79.0478 409.652 2483.87
380.787 374.701 2483.92
200.917 -932.927 2736.83
513.56 328.763 2286.09
161.409 -31.071 2664.43
206.391 -505.06 2648.77
193.13 430.999 2550.34
83.7633 182.489 2553.51
FRAME: 138
52.1898 584.769 2344.47
49.1261 153.588 2363.95
28.334 -884.169 2804.75
286.152 -4.1161 2239.14
17.3615 -36.2568 2562.45
-9.71672 -481.944 2632.7
-31.4224 383.025 2391.1
99.2751 397.644 2437.72
455.563 280.529 2308.42
210.544 -935.305 2700.34
512.521 182.536 2209.35
172.704 -19.7598 2616.34
209.883 -502.247 2610.09
229.973 412.263 2484.35
97.154 184.818 2513.56
FRAME: 139
56.4434 562.02 2312.14
39.0201 135.062 2372.06
34.0188 -891.637 2803.94
253.765 -71.405 2216.98
17.7051 -31.7378 2554.18
-12.4965 -486.011 2629.12
-51.2592 361.374 2380.59
93.9975 373.689 2405.32
419.639 201.724 2293.27
203.164 -922.989 2647.64
385.321 -78.9926 2106.13
181.748 -18.7134 2581.5
200.626 -488.146 2556.87
239.254 386.004 2430.04
96.862 174.232 2486.58
FRAME: 140
78.1079 473.544 2251.06
-45.986 33.6446 2416.62
33.2383 -886.629 2803.08
19.1764 -282.505 2293.79
-2.10397 -94.9717 2553.22
-27.4368 -498.923 2594.2
-72.0256 282.85 2386.59
81.5223 285.053 2375.72
345.271 26.6965 2313.39
186.204 -943.96 2622.34
192.414 -229.44 2186.06
197.818 -92.2093 2539.18
205.774 -520.167 2532.15
235.07 287.255 2364.84
89.6897 95.7312 2460.96
FRAME: 141
79.0357 445.486 2230.12
-158.305 -26.1736 2445.47
35.3333 -887.897 2801.31
5.75362 -277.637 2271.22
-20.8756 -134.574 2528.75
-37.8351 -557.412 2536.02
-79.8579 264.532 2384.83
74.3343 261.075 2364.51
332.512 4.35369 2320.95
166.055 -950.05 2605.01
204.372 -270.103 2175.02
188.919 -139.479 2501.08
198.416 -548.508 2503.04
228.526 257.618 2344.2
79.1779 62.0242 2439.71
FRAME: 142
81.6794 422.988 2223.51
-179.049 -58.7273 2445.15
37.0158 -887.564 2795.65
-119.607 -297.298 2276.76
-46.9224 -154.645 2527.39
-58.3909 -592.058 2545.15
-87.8594 233.553 2379.75
64.9379 224.31 2355.56
315.399 -42.539 2340.96
154.37 -971.446 2582.36
153.05 -331.318 2207.39
177.509 -168.436 2491.73
193.711 -569.107 2481.53
217.735 215.067 2331.37
65.1155 31.3848 2432.56
FRAME: 143
82.628 392.028 2212.44
-190.989 -75.0938 2457.58
39.6008 -926.683 2643.57
-225.686 -279.165 2274.23
-66.484 -177.085 2542.24
-82.5066 -603.833 2492.92
-97.329 214.32 2386.95
51.5383 196.692 2349.51
285.8 -80.8931 2342.73
151.153 -960.256 2582.19
95.3896 -377.253 2276.6
161.41 -204.246 2484.46
198.388 -586.24 2467.8
200.406 179.064 2312.08
49.5006 3.01323 2431.43
FRAME: 144
79.5156 378.217 2189.35
-189.876 -70.6694 2463.11
49.4008 -933.385 2690.65
-264.162 -258.124 2256.79
-51.3132 -175.73 2546.79
-79.6474 -603.463 2467.78
-97.4626 205.592 2387.89
50.8655 188.969 2344.88
267.556 -90.969 2334.2
149.7 -959.219 2576.71
70.2054 -371.762 2311.34
164.684 -200.425 2483.64
194.249 -587.737 2454.97
199.194 172.346 2301.87
53.7754 0.445795 2430.05
FRAME: 145
79.6829 367.345 2177.03
-194.809 -68.0343 2464.96
56.2713 -940.34 2688.17
-271.379 -270.136 2261.67
-50.9398 -175.212 2531.58
-77.5031 -615.462 2473
-103.029 202.202 2387.69
46.8765 186.247 2342.08
232.607 -38.1086 2301.44
145.569 -963.295 2570.15
76.2178 -187.877 2300.97
159.056 -198.005 2467.14
193.368 -591.202 2448.17
196.782 170.291 2296.46
50.4672 -0.180899 2420.72
FRAME: 146
75.6938 363.579 2168.08
-198.383 -62.1878 2467.32
32.4597 -951.216 2702.67
-263.477 -279.128 2274.52
-43.7316 -170.942 2523.37
-70.2921 -615.823 2479.07
-106.243 197.963 2384.52
43.2696 184.438 2338.02
220.174 -46.2881 2317.29
144.281 -964.565 2567
59.2548 -183.389 2272.6
158.023 -189.442 2460.24
191.001 -592.446 2447.08
192.782 170.912 2291.52
50.2075 2.12279 2414.91
FRAME: 147
56.7728 375.728 2163.17
-214.82 -63.6784 2462.08
-54.0924 -969.954 2679.02
-299.157 -277.535 2276.47
-44.7369 -158.888 2526.26
-68.8897 -606.112 2487.88
-116.395 200.791 2381.95
31.9173 189.89 2334.34
210.592 -35.0597 2331.18
145.895 -963.49 2568.2
75.2705 -186.836 2322.94
157.379 -173.816 2461.15
188.743 -586.042 2457.92
180.23 178.99 2286.73
44.1193 11.7692 2414.02
FRAME: 148
41.1642 383.273 2166.09
-227.321 -57.3844 2457.47
-67.3428 -973.57 2670.31
-331.769 -261.128 2259.27
-49.7871 -149.332 2517.84
-66.7222 -599.065 2504.99
-127.295 204.88 2380.5
20.0836 197.211 2334.92
214.753 -35.5842 2346.99
148.974 -968.57 2566.56
42.4528 -154.653 2302.83
148.019 -159.591 2456.6
187.971 -581.51 2467.06
167.462 189.542 2289.34
34.5997 21.3748 2411.07
FRAME: 149
19.6186 397.651 2172.77
-240.081 -55.8096 2464.7
-83.6169 -967.846 2671.01
-324.742 -264.562 2278.48
-50.0507 -141.437 2524.36
-73.6051 -592.831 2512.17
-142.279 213.766 2383.87
8.75657 210.656 2339.82
207.268 -16.2697 2358.29
151.795 -971.228 2568.87
5.01279 -142.73 2305.34
143.926 -145.346 2467.81
182.595 -571.497 2477.54
159.792 207.545 2295.76
27.8471 33.6321 2417.95
FRAME: 150
5.4423 406.207 2181.07
-252.324 -52.392 2471.04
-84.4869 -963.667 2666.77
-315.943 -248.779 2250.63
-59.3621 -135.393 2532.61
-84.2322 -584.887 2522.11
-161.621 222.391 2391.69
-7.73312 220.771 2344.56
212.899 -10.0109 2370.68
152.914 -973.285 2572.73
16.7526 -135.625 2327.14
132.602 -137.291 2474.1
177.935 -563.901 2485.64
146.155 219.151 2297.43
14.4435 42.2146 2423.96
FRAME: 151
-5.93045 409.901 2186.77
-263.286 -53.2136 2472.8
-86.694 -962.738 2665.38
-336.719 -261.54 2277.34
-79.0411 -138.249 2537.43
-92.6638 -580.633 2527.19
-173.546 223.72 2396.16
-20.0376 223.915 2353.99
213.83 -13.6904 2398.52
150.851 -975.012 2572.21
36.8767 -191.447 2343.64
123.788 -137.972 2481.69
171.192 -560.46 2491.64
133.471 224.11 2311.83
1.16788 42.902 2431.78
FRAME: 152
-18.6515 414.729 2201.33
-269.088 -58.7093 2470.24
-85.0541 -968.962 2669.7
-351.296 -308.336 2295.49
-85.5303 -140.147 2541.2
-101.822 -582.977 2538.95
-183.664 222.245 2399.29
-26.8931 223.302 2358.1
208.995 -10.541 2422.67
144.351 -974.511 2584.22
58.7465 -192.846 2336.16
116.439 -138.83 2488.05
165.042 -558.133 2496.06
129.878 224.359 2316.91
-5.71928 41.9068 2436.36
FRAME: 153
-37.5058 435.939 2223.89
-273.73 -67.2648 2466.25
-86.7759 -967.131 2671
-449 -297.71 2190.46
-94.9651 -131.782 2542.98
-108.95 -574.697 2541.7
-191.627 220.546 2398.91
-33.2885 226.467 2370.12
198.675 -5.25803 2467.54
120.989 -966.862 2613.78
67.3311 -206.686 2362.22
108.694 -124.115 2506.05
152.165 -550.199 2509.93
125.05 232.387 2341.32
-13.2121 49.2592 2447.32
FRAME: 154
-45.833 449.183 2241.87
-274.857 -65.6049 2467.99
-87.4951 -972.983 2672.76
-436.224 -313.458 2188.87
-104.618 -134.957 2539.99
-111.791 -579.349 2542.65
-198.524 225.802 2401.33
-40.0679 235.831 2382.95
190.635 -7.54443 2487.76
100.408 -951.596 2653.34
87.9072 -215.919 2368.62
102.081 -121.923 2515.97
136.269 -539.068 2531.16
118.388 245.861 2364.56
-20.668 53.6955 2455.46
FRAME: 155
-52.3011 470.623 2267.2
-279.982 -55.1026 2475.33
-88.5091 -975.181 2678.58
-406.814 -313.577 2181.05
-127.38 -133.863 2542.49
-114.669 -580.903 2545.94
-209.15 235.479 2404.8
-47.4395 243.066 2396.43
174.139 -9.70808 2513.31
76.2357 -934.487 2714.95
98.8426 -238.559 2403.35
79.8508 -124.261 2531.8
135.698 -532.772 2556.15
114.271 250.652 2388.06
-35.602 57.0018 2466.79
FRAME: 156
-50.5996 486.263 2288.13
-281.15 -37.5452 2488.82
-88.6114 -972.221 2676.95
-216.646 -318.359 2304.67
-146.177 -130.629 2550.58
-117.343 -576.629 2543.64
-217.57 247.569 2419.84
-54.8304 253.199 2416.06
182.611 -6.59375 2531.09
59.3686 -916.276 2758.52
95.846 -235.733 2412.08
68.9773 -123.16 2545.76
133.191 -528.975 2580.17
107.91 258.829 2412.27
-46.7152 63.1522 2482.11
FRAME: 157
-50.1181 503.403 2311.66
-274.123 -36.8793 2501.14
-88.5862 -964.557 2684.52
-263.08 -264.811 2246.7
-145.103 -128.053 2559.18
-118.968 -570.599 2543.81
-222.652 257.307 2434.37
-58.1452 267.322 2437.58
175.966 -2.25578 2552.45
50.6481 -908.543 2797.46
86.7871 -253.336 2448.2
69.8933 -115.031 2563.5
129.827 -519.195 2606.26
106.361 277.338 2440.8
-47.8749 72.8901 2499.46
FRAME: 158
-48.5158 517.142 2335.44
-273.279 -32.659 2509.83
-90.0379 -966.637 2700.25
-334.275 -319.902 2238.3
-146.525 -132.117 2565.4
-117.094 -571.767 2564.21
-225.711 263.221 2444.59
-59.2933 274.775 2455.08
175.814 2.68397 2577.82
28.5861 -876.267 2859.75
84.3062 -244.424 2488.69
66.6256 -117.29 2578.95
130.608 -514.165 2639.03
107.124 286.329 2465.57
-49.6215 75.0357 2513.63
FRAME: 159
-38.4348 541.204 2375.82
-265.514 -12.7052 2527.38
-88.8749 -958.645 2712.92
-343.296 -270.436 2142.42
-147.034 -124.362 2585.95
-123.31 -569.143 2594.66
-217.681 286.244 2466.72
-52.7651 294.508 2491.04
172.025 17.5183 2618.6
11.6692 -872.16 2895.66
40.8976 -236.251 2486.63
48.723 -114.237 2615.24
128.633 -509.047 2691.32
112.15 302.772 2515.36
-50.9604 87.6041 2545.82
FRAME: 160
-32.0402 550.175 2409.72
-256.036 4.62996 2554.79
-87.2391 -970.38 2722.71
-208.757 -206.214 2273.15
-137.756 -128.841 2610
-125.109 -579.849 2611.98
-209.981 298.414 2493.76
-44.8105 303.892 2518.46
168.569 28.694 2649.09
5.97005 -867.603 2912.3
-32.2568 -223.918 2462.01
43.6934 -122.725 2637.83
95.408 -499.239 2744.53
120.36 309.37 2543.16
-45.921 89.0545 2571.19
FRAME: 161
-22.6466 557.388 2436.7
-254.69 5.90858 2571.42
-89.5901 -986.814 2733.22
-239.688 -212.383 2224.67
-130.092 -133.15 2635.62
-115.798 -591.184 2639.02
-205.589 300.715 2514.82
-41.9875 307.116 2538.98
165.669 31.402 2670.54
-7.26009 -862.061 2934.65
-48.1026 -226.515 2451.57
45.8416 -126.071 2662.25
86.2191 -491.322 2810.98
121.614 313.517 2563.15
-42.0563 88.7528 2593.96
FRAME: 162
-10.0455 558.138 2473
-241.534 4.97776 2589.22
-92.3041 -990.003 2749.54
-181.866 -217.221 2243.6
-121.508 -132.913 2661.76
-104.784 -591.388 2669.69
-193.335 303.572 2543.52
-32.0407 310.419 2576.06
168.563 40.7479 2716
-13.691 -865.441 2966.14
-25.8014 -230.965 2477.8
50.6114 -125.194 2696.98
86.5746 -481.045 2868.65
129.254 317.266 2608.6
-33.7446 90.6829 2627.72
FRAME: 163
3.84561 554.325 2511.16
-228.98 0.91627 2593.26
-95.6404 -986.49 2764.78
-136.402 -242.515 2275.64
-118.991 -136.328 2686.95
-95.6276 -590.308 2699.79
-178.602 298.902 2559.63
-23.7706 308.128 2601.31
166.842 26.6867 2749.76
-20.692 -878.379 2981.24
-8.08263 -234.81 2492.39
60.7465 -125.324 2735.78
73.6257 -498.905 2906.71
131.06 317.353 2642.99
-26.4465 88.6509 2656.34
FRAME: 164
13.2645 554.021 2536.18
-211.921 3.48197 2607.01
-94.1424 -979.347 2785.22
-89.6972 -241.288 2349.37
-111.548 -135.024 2702.64
-79.9933 -582.959 2721.23
-166.141 296.068 2578.27
-15.3943 302.519 2624.11
165.733 21.1334 2775.14
-38.0736 -902.763 3000.87
10.9646 -258.925 2537.61
51.9951 -127.9 2752.68
46.3541 -527.406 2933.69
135.353 308.971 2669.94
-22.5854 85.5287 2675.88
FRAME: 165
21.5703 551.821 2558.23
-200.503 -1.7396 2621.81
-90.8228 -972.194 2813.52
-78.7644 -241.169 2325.36
-98.0178 -136.703 2727.47
-69.3178 -573.443 2746.29
-154.291 292.969 2593.69
-8.67195 301.224 2644.98
159.756 27.6497 2798.12
-66.7507 -923.017 2941.47
37.0555 -245.755 2578.68
50.5762 -128.377 2780.07
42.5806 -561.853 2923.14
136.947 309.478 2696.27
-16.1964 84.3417 2699.38
FRAME: 166
29.5279 552.766 2580.06
-194.478 2.1506 2640.72
-88.485 -955.713 2856.62
-38.5623 -246.617 2412.75
-84.3407 -130.5 2742.58
-66.7651 -564.444 2764.71
-140.857 290.147 2603.75
-2.6917 300.415 2666.73
151.728 27.7968 2838.04
-72.9492 -921.081 2941.71
44.8164 -228.055 2591.14
44.3328 -120.756 2802.28
37.1694 -555.095 2925.29
135.474 310.682 2729.71
-11.3478 87.3933 2719.58
FRAME: 167
36.2852 559.397 2599.43
-177.768 -2.03693 2639.68
-82.9723 -944.404 2879.06
-42.8818 -227.893 2406.6
-80.7353 -115.329 2755.11
-56.9343 -552.132 2777.09
-131.449 295.651 2613.89
1.18673 307.494 2680.51
138.12 38.0218 2847.95
-68.0297 -920.073 2954.22
72.175 -209.35 2637.33
45.3585 -102.988 2820.9
30.0035 -530.452 2933.53
133.822 319.336 2747.13
-8.25083 99.1677 2734.26
FRAME: 168
46.8448 573.96 2617.05
-168.465 6.35658 2648.04
-62.8586 -942.361 2915.43
-34.1393 -230.815 2358.49
-73.6827 -101.254 2769.37
-47.7094 -544.817 2793.88
-124.967 312.023 2629.05
1.09951 323.005 2695.47
128.842 41.2655 2852.42
-63.2146 -913.005 2971.65
53.4849 -177.838 2610.84
34.6083 -90.5371 2829.62
14.8139 -526.323 2925.98
127.166 333.987 2761.9
-9.21886 113.555 2747.49
FRAME: 169
52.8263 580.86 2625.43
-168.751 25.2001 2660.02
-57.1828 -931.479 2946.14
-61.7574 -187.356 2418.95
-82.8266 -89.9338 2774.62
-46.7369 -529.33 2815.05
-121.531 326.77 2633.9
1.13737 335.839 2701.96
123.224 60.904 2857.19
-57.7637 -924.044 2990.59
92.6363 -163.934 2685.85
28.7531 -81.3417 2837.79
-7.21621 -527.608 2919.31
123.806 344.908 2770.03
-12.9497 125.101 2754.09
FRAME: 170
56.2538 581.515 2630.03
-176.586 29.657 2664.09
-58.7995 -925.436 2955.36
-54.6529 -172.207 2410.09
-91.9887 -82.5143 2780.36
-49.1473 -523.566 2826.01
-118.766 334.393 2640.04
2.74701 339.704 2704.94
123.624 61.82 2855.6
-55.6287 -921.514 2997.27
133.171 -173.281 2736.84
17.2597 -77.3588 2839.97
-27.6328 -518.406 2893.29
124.26 345.016 2769.83
-17.3087 129.884 2757.55
FRAME: 171
59.6097 579.798 2636.85
-182.588 29.5448 2681.71
-59.5406 -923.914 2956.22
-45.7658 -177.223 2387.23
-97.1112 -88.5672 2779.32
-56.3322 -530.274 2825.33
-120.906 326.254 2653.12
-2.00076 330.732 2716.96
123.179 50.1586 2856.58
-47.2689 -921.71 3006.1
140.697 -179.731 2734.64
16.54 -84.0629 2840.64
-47.256 -522.977 2884.48
116.904 335.21 2780.8
-21.1432 122.208 2763.47
FRAME: 172
62.1204 570.883 2646.68
-176.113 19.7515 2675.07
-56.1196 -937.68 2968.11
-24.4505 -183.382 2406.7
-97.6026 -97.8225 2783.23
-55.6826 -548.169 2831.3
-106.561 316.006 2651.2
1.83785 322.298 2726.48
116.488 39.3017 2860.76
-39.7089 -924.015 2998.76
156.067 -200.692 2770.69
9.74468 -91.8344 2856.41
-62.6552 -527.248 2897.75
110.237 328.59 2801.76
-21.0455 113.735 2773.15
FRAME: 173
67.0706 562.649 2659.37
-157.849 17.9923 2683.17
-60.333 -943.64 2997.44
-4.16181 -252.937 2472.49
-95.0173 -107.622 2799.11
-47.4072 -562.721 2847.98
-92.922 305.608 2653.94
0.165444 313.931 2741.13
106.161 34.7591 2879.88
-45.1262 -926.263 3008.66
162.822 -212.643 2824.65
-14.1396 -100.438 2872.05
-74.4552 -539.428 2901.35
93.2529 322.253 2828.32
-27.2065 104.951 2788.35
FRAME: 174
69.9285 554.714 2672.54
-151.012 16.5097 2681.87
-61.8816 -950.624 3007.23
-5.92135 -264.413 2490.16
-95.9793 -114.328 2812.47
-53.2241 -568.208 2859.41
-75.7652 299.642 2658.26
0.168127 309.418 2759.04
90.6162 26.5469 2899.73
-42.5635 -925.951 3003
146.131 -211.955 2859.44
-40.1628 -105.913 2884.28
-75.3792 -546.025 2900.06
76.1015 319.194 2859.81
-33.9515 99.6488 2803.71
FRAME: 175
67.7736 548.894 2697.37
-149.328 17.8525 2696.12
-62.1477 -954.698 2998.89
38.827 -313.296 2616.36
-112.765 -113.603 2834.49
-87.0827 -570.8 2870.25
-73.1672 298.469 2679.91
-1.90901 307.005 2776.3
57.9506 -8.58939 2925.97
-40.1804 -923.103 3020.33
108.693 -250.869 2917.48
-58.1275 -105.473 2905
-76.9154 -550.867 2919.5
69.3492 315.54 2872.69
-43.6776 98.7333 2823.03
FRAME: 176
68.9383 546.243 2716.18
-135.878 6.34606 2720
-64.3694 -966.77 3008.66
1.25077 -292.13 2660.61
-114.625 -111.727 2846.75
-105.841 -571.238 2880.73
-73.4486 294.892 2695.42
-1.52024 304.511 2786.95
23.4358 10.3827 2969.35
-49.5552 -911.718 3039.5
118.127 -251.398 2939.3
-49.3451 -101.541 2927.91
-58.2376 -549.86 2952.34
70.4082 314.13 2878.49
-41.7527 98.9384 2837.14
FRAME: 177
67.0387 548.071 2729.37
-95.2046 -1.05167 2757.5
-80.504 -954.132 3037.28
20.8859 -302.383 2812.64
-119.653 -103.982 2865.48
-125.077 -565.251 2899.45
-66.1422 295.558 2696.46
-1.37083 308.961 2791.58
16.4908 52.2665 2954.41
-43.2353 -924.71 3024.14
40.3705 -205.872 2910.17
-66.0044 -91.6684 2939.8
-96.0235 -547.449 2948.8
63.4006 322.365 2886.69
-47.0997 105.568 2847.11
FRAME: 178
63.2572 550.476 2739.7
-67.7861 -12.9041 2744.48
-106.212 -938.913 3090.47
44.9281 -324.587 2815.41
-133.468 -105.983 2886.72
-138.122 -563.687 2921.4
-52.044 286.755 2708.4
-3.06462 308.389 2803.43
5.80405 71.4473 2934.29
-26.6176 -940.72 3003.97
39.655 -207.851 2943.49
-84.5961 -80.0482 2984.21
-102.277 -549.62 2951.87
45.9147 330.024 2898.46
-56.0482 107.687 2869.45
FRAME: 179
57.4312 556.249 2754.01
-36.0087 -7.36242 2740.8
-125.274 -939.228 3128.87
86.2012 -323.309 2810.94
-135.908 -112.426 2890.51
-139.931 -572.076 2920.67
-45.61 283.101 2719.49
-7.21813 305.025 2816.17
-8.32157 62.4219 2947.92
-24.8831 -943.262 3006.28
14.6069 -224.239 3006.78
-97.6052 -87.3941 2987.42
-114.168 -551.163 2952.82
31.1738 326.95 2912.86
-61.9874 102.558 2877.57
FRAME: 180
43.1654 564.798 2774.48
31.8506 18.6765 2748.74
-139.306 -927.504 3146.59
198.133 -295.391 2768.77
-146.266 -110.359 2898.49
-144.209 -569.44 2924.77
-36.0127 293.988 2746
-9.28894 313.559 2831.91
-14.0281 63.0637 2952.28
-38.7064 -943.845 3007.74
56.2519 -208.165 3021.53
-118.577 -84.2565 2997.46
-132.538 -548.65 2944.58
17.4348 333.129 2917.83
-70.8552 108.126 2889.94
FRAME: 181
28.8184 575.883 2789.64
75.0876 19.133 2747.51
-148.101 -918.28 3165.16
278.86 -285.329 2747.09
-150.875 -104.364 2906.1
-135.804 -557.329 2937.75
-31.5202 300.164 2758.27
-9.73882 320.976 2840.41
-20.4134 79.6512 2984.24
-52.1418 -937.298 3007.72
48.6289 -153.611 3104.14
-125.979 -74.4882 3011.91
-145.813 -531.702 2943.34
12.0426 341.789 2922.55
-74.0829 115.775 2899.71
FRAME: 182
16.4616 591.006 2803.3
100.636 59.0647 2737.73
-149.684 -914.229 3167.1
355.124 -240.773 2688.11
-154.69 -94.4566 2906.99
-127.512 -549.166 2936.57
-30.6885 313.045 2766.33
-12.5787 333.76 2847.56
-11.7978 98.3095 2995.16
-56.7789 -941.643 3002.27
101.93 -62.969 3016.02
-131.803 -64.7732 3018.03
-147.974 -532.75 2934.95
5.53115 354.475 2928.79
-77.9128 127.072 2905.04
FRAME: 183
9.33938 610.443 2821.38
120.186 73.7541 2731.67
-154.194 -910.638 3178.53
402.837 -159.41 2657.18
-154.614 -94.5514 2908.03
-123 -550.893 2941.94
-36.6093 322.366 2773.52
-20.1382 342.67 2852.17
7.09237 116.033 2960.45
-56.6065 -937.473 3008.78
243.291 -62.1692 2820.76
-133.183 -64.148 3022.61
-144.217 -526.686 2939.58
-3.66716 362.973 2930.82
-82.0184 131.66 2908.75
FRAME: 184
-0.967059 625.949 2839.47
166.352 111.18 2728.67
-154.155 -907.21 3178.58
459.651 -67.2014 2636.36
-145.886 -86.1066 2903.18
-111.61 -553.572 2931.32
-24.929 336.399 2768.83
-19.7906 360.977 2861.03
21.3151 157.517 2975.33
-60.63 -925.158 3011.8
219.527 -8.60907 2895.56
-138.594 -51.2123 3033.12
-136.877 -508.111 2975.43
-14.6522 385.555 2953.23
-81.0152 146.159 2914.59
FRAME: 185
-16.1375 640.786 2845.2
166.514 175.111 2706
-152.466 -904.055 3175.97
469.912 37.9855 2618.43
-134.613 -76.255 2897.34
-98.8743 -555.141 2932.96
-38.5983 351.446 2776.06
-26.6912 373.137 2861.85
42.6739 201.887 2972.08
-43.9632 -902.401 2987.4
341.885 98.1105 2805.08
-120.268 -43.4996 3025.27
-107.549 -485.692 2974.2
-14.7842 394.829 2947.63
-77.0659 156.63 2911.58
FRAME: 186
-29.1604 651.65 2852.3
184.011 213.112 2683.5
-129.184 -914.714 3140.97
475.538 133.19 2578.05
-125.288 -70.2484 2892.81
-75.4324 -551.024 2933.31
-34.8647 360.095 2778.17
-32.9547 383.471 2868.44
51.048 239.814 2987.9
-36.9067 -895.442 2987.74
402.729 154.504 2683.24
-123.999 -35.8917 3025.67
-109.806 -490.892 2989.4
-31.0447 406.846 2958.71
-78.7991 165.2 2913.84
FRAME: 187
-43.4813 665.365 2860.53
196.554 275.06 2674.08
-121.571 -900.083 3133.14
518.147 320.929 2519.02
-113.869 -66.2236 2890.61
-41.3266 -539.741 2921.82
-33.5353 373.728 2781.86
-37.7439 397.215 2873.72
-23.121 269.942 3036.13
-30.3561 -895.165 2980.6
20.7034 185.179 3121.83
-121.579 -31.9241 3025.46
-89.2579 -484.597 2987.5
-41.9524 420.702 2965.58
-77.7339 174.07 2915.88
FRAME: 188
-49.8555 671.761 2871.35
221.048 337.927 2647.8
-109.04 -888.577 3122.55
500.519 362.397 2533.84
-105.9 -60.6837 2886.68
-10.7062 -529.564 2912.11
-28.2834 380.713 2780.99
-39.1197 405.214 2877
-80.8624 313.585 3056.14
-23.9921 -893.999 2979.5
18.1017 191.526 3125.54
-122.468 -25.8991 3023.75
-64.7922 -472.293 2988.84
-49.956 429.716 2973.01
-76.6518 180.961 2916.11
FRAME: 189
-55.9379 676.136 2880.32
213.051 363.524 2648.7
-98.9255 -877.531 3122.91
477.293 415.556 2540.7
-95.5882 -52.9048 2880.67
7.86072 -521.274 2901.67
-28.6107 396.669 2781.53
-45.9445 420.751 2880.88
-76.58 320 3041.67
-17.8053 -894.068 2976.88
25.3449 221.035 3105.18
-120.066 -19.2477 3019.28
-48.1777 -455.397 2978.55
-63.2782 444.833 2980.22
-76.8859 192.337 2915.42
FRAME: 190
-57.9223 676.266 2884.57
143.814 395.219 2702.14
-86.6335 -882.831 3114.29
378.937 406.452 2605.71
-96.1066 -43.3437 2884.83
22.3157 -515.236 2906.55
-44.0677 407.051 2799.01
-46.4498 427.73 2879.25
-74.7077 352.975 3032.4
-7.67891 -897.607 2965.87
46.5267 267.705 3081.58
-108.173 -14.053 3003.46
-34.5 -449.735 2987.14
-48.8318 448.409 2959.5
-74.2948 199.516 2911.7
FRAME: 191
-59.5705 673.755 2893.27
28.5171 399.408 2819.79
-81.1533 -883.423 3097.33
166.683 340.798 2747.4
-102.998 -37.9407 2894.53
8.981 -507.314 2929.58
-78.97 424.171 2840.88
-64.3219 436.472 2899.24
-68.0296 390.074 2942.93
-26.3754 -901.731 3016.94
88.6084 359.465 2957.32
-94.7782 -20.6049 2994.46
-13.2746 -465.162 2991.2
-49.6739 448.773 2957.6
-81.6051 203.6 2921.87
FRAME: 192
-61.6306 671.004 2897.14
-76.411 358.79 2923.99
-57.755 -887.931 3041.02
-141.609 346.884 2977.29
-113.373 -28.1178 2902.38
0.872887 -494.053 2936
-108.957 443.936 2869.2
-75.1254 450.484 2906.48
64.787 496.742 2787.22
0.113942 -909.885 3016.55
82.7729 425.949 2892.77
-71.4936 -17.8056 2981.29
12.5736 -463.628 2989.96
-41.294 457.031 2943.76
-83.7793 213.761 2924.16
FRAME: 193
-57.8084 653.156 2911.62
-181.818 292.902 3002.13
-66.5111 -885.687 3029.44
-249.038 369.254 3110.58
-122.344 -31.6393 2910.39
4.41557 -500.951 2935.29
-135.808 440.844 2881.37
-82.9612 446.452 2909.07
54.3539 507.09 2752.39
6.03649 -919.831 3047.03
91.4915 560.7 2792.93
-55.3454 -22.4339 2976.24
53.3331 -472.877 2966.03
-30.1147 452.059 2936.77
-85.903 209.708 2926.2
FRAME: 194
-52.9701 632.89 2901.69
-204.159 264.054 2987.53
-64.8886 -882.623 3031.45
-316.975 396.894 3167.69
-115.193 -35.196 2913.88
23.5905 -501.795 2931.54
-151.74 417.647 2883.83
-82.5008 423.933 2898.82
76.5599 497.54 2742.48
0.303489 -920.761 3055.82
104.731 710.079 2690.71
-42.8645 -26.9339 2951.64
77.5074 -483.98 2966.28
-13.2618 430.219 2913.8
-80.7648 196.434 2915.79
FRAME: 195
-42.4832 626.627 2901.55
-203.116 245.014 2990.1
-56.1494 -886.575 3013.09
-285.638 402.351 3107.12
-95.8077 -44.365 2902.43
25.2896 -505.603 2927.7
-149.258 395.425 2896.53
-83.8279 406.49 2900.71
55.5612 499.316 2717.52
7.49234 -908.381 3032.37
95.3398 784.91 2622.22
-25.5062 -31.0794 2922.37
100.694 -488.971 2937.16
-18.3975 417.556 2904.9
-72.2424 184.384 2906.56
FRAME: 196
-39.858 605.688 2890.19
-218.376 233.503 3006.37
-36.7589 -893.002 2993.61
-263.686 382.856 3087.64
-75.2425 -62.442 2897.19
40.1958 -512.567 2918.87
-159.388 366.723 2917.33
-84.3516 381.639 2901.18
63.4415 496.709 2649.78
10.1028 -916.702 3023.18
96.3221 844.899 2536.75
-7.02029 -47.1809 2887.76
117.962 -499.097 2902.68
-9.31529 396.556 2885.02
-62.7415 163.414 2896.82
FRAME: 197
-56.1468 569.7 2886.19
-184.996 222.679 2974.05
-28.7682 -912.177 2980.04
-208.6 388.613 3000.77
-57.7297 -74.4123 2880.25
73.94 -525.065 2897.81
-136.807 344.169 2914.23
-75.2408 357.735 2888.88
22.0157 451.218 2665.73
1.87868 -917.162 3018.86
63.9731 758.013 2571.02
-3.77834 -61.9213 2871.49
123.074 -504.224 2891.16
-13.675 371.301 2863.52
-52.9974 144.784 2882.37
FRAME: 198
-53.1579 568.384 2879.5
-211.695 192.017 3001.24
-33.8967 -921.589 2963.73
-229.683 364.58 2951.35
-54.11 -87.0278 2872.8
118.456 -551.125 2858.41
-128.147 332.64 2891.4
-64.5542 346.534 2870.76
29.0423 418.64 2598.73
-16.2343 -911.573 3047.17
85.1012 760.429 2480.58
5.20958 -73.9953 2870.94
126.495 -517.845 2920.41
-0.961776 360.429 2850.12
-44.5022 133.011 2871.32
FRAME: 199
-44.3842 565.791 2862.28
-141.694 212.596 2915.06
-12.1511 -930.765 2957.33
-168.287 370.646 2950.86
-34.3629 -89.7706 2880.1
151.379 -546.603 2838.48
-105.393 329.486 2872.64
-57.1326 334.053 2837.7
-6.49789 386.087 2626.86
-33.6697 -909.081 3035.06
63.3784 665.03 2519.43
0.141204 -85.505 2860.31
118.714 -535.13 2894.03
-8.87247 338.62 2802.76
-37.1217 123.208 2853.95
FRAME: 200
-35.3766 563.241 2800.56
-154.207 255.832 2772.21
-7.02772 -936.734 2937.55
-178.827 337.641 2842.57
-23.3553 -95.1011 2868.32
150.64 -554.097 2822.29
-92.4848 327.889 2850.49
-47.9253 329.4 2817.28
3.50035 332.809 2546.26
-39.4887 -909.058 3025.91
56.6254 538.634 2436.02
2.36413 -92.29 2854.2
113.078 -538.938 2880.83
-3.3657 330.911 2784.08
-29.2104 117.852 2839.27
FRAME: 201
-38.2055 572.039 2759.21
-217.357 275.924 2800.51
5.0836 -948.134 2938.83
-255.67 321.906 2745.79
-19.0182 -93.5291 2855.22
154.49 -549.621 2809.89
-86.6488 343.077 2827.75
-37.6615 339.403 2795.89
32.0537 311.415 2471.28
-48.4704 -900.629 3028.77
88.9853 498.986 2269.39
12.9274 -93.1546 2844.84
113.774 -532.909 2893.72
11.3258 335.73 2764.02
-20.3535 123.031 2822.96
FRAME: 202
-38.4966 576.256 2722.47
-197.176 291.053 2802.85
0.727904 -946.105 2937.98
-252.217 386.775 2783.8
-21.3612 -88.3705 2847
127.201 -542.754 2798.44
-77.1754 350.121 2816.27
-21.5407 344.478 2749.71
43.6339 255.315 2434.92
-30.2212 -883.129 3003.08
109.44 433.946 2214.24
28.3877 -86.5539 2794.79
115.969 -515.612 2870.08
34.0941 338.835 2683.15
-9.01369 128.508 2785.3
FRAME: 203
-53.4019 590.291 2710.59
-173.26 353.098 2871.21
-8.12489 -939.969 2945.65
-273.912 429.094 2858.39
-31.7807 -82.6556 2829.75
98.2235 -548.068 2794.88
-94.1568 371.289 2831.47
-12.247 367.458 2745.92
49.9329 240.659 2450.48
-10.6871 -888.217 2961.3
156.544 379.029 2227.13
48.1888 -83.344 2751.48
101.869 -516.205 2828.19
69.6628 363.628 2660.37
-2.02147 142.229 2768.27
FRAME: 204
-11.7519 570.9 2663.94
-78.3779 171.892 2691.58
6.38193 -956.201 2925.73
84.9813 128.826 2437.38
8.06794 -103.981 2742.16
92.278 -572.396 2760.24
-48.0593 330.902 2603.06
27.459 341.299 2647.17
118.663 189.561 2566
-20.0714 -863.729 2999.38
202.5 192.523 2295.69
61.6232 -92.9042 2785.97
77.7689 -497.994 2872.99
102.977 351.697 2691.27
31.1523 121.428 2705.62
FRAME: 205
-2.66095 626.933 2589.53
-45.0909 115.24 2551.5
13.7999 -928.7 2909.71
182.97 84.324 2287.32
-1.09878 -63.7715 2701.63
64.8209 -519.635 2740.77
-62.9413 362.282 2537.82
32.0215 384.4 2616.5
182.39 296.298 2617.21
-27.7901 -865.981 2989.37
264.853 300.016 2387.5
85.1936 -42.8987 2775.85
111.873 -474.457 2869.09
126.984 406.518 2695.18
37.0344 165.532 2677.62
FRAME: 206
9.91277 603.335 2569.27
-26.3007 92.1547 2482.05
15.2906 -922.373 2928.14
219.749 61.4058 2267.91
6.37964 -76.1869 2711.32
38.6896 -528.035 2765.22
-43.0688 376.93 2557.94
31.8634 392.1 2615.53
226.414 321.367 2646.59
16.4747 -904.717 2959.88
269.217 407.208 2588.5
83.6412 -60.022 2772.61
144.853 -504.806 2868.35
106.796 407.27 2673.11
38.4369 161.998 2678.74
FRAME: 207
19.803 597.591 2548.72
-26.271 69.0112 2476.26
36.4946 -928.33 2925.93
244.375 4.6323 2293.75
-3.22965 -93.7812 2704.8
13.5502 -555.718 2758.34
-48.3626 367.193 2542.91
31.4577 387.396 2604.43
279.284 390.47 2596.91
47.2817 -922.449 2960.94
308.894 486.206 2587.35
97.677 -69.7227 2778.97
143.618 -517.513 2864.35
111.278 407.599 2665.96
39.3407 152.822 2673.16
FRAME: 208
27.0163 562.032 2482.27
-11.4895 107.321 2467.19
25.2302 -873.983 2887.46
265.26 -22.0251 2349.62
-7.32615 -67.7027 2690.58
-0.593367 -508.81 2728.6
-58.0135 368.762 2502.3
37.3714 396.832 2573.08
350.605 410.785 2564.42
149.238 -920.7 2941.51
437.726 421.469 2421.36
104.816 -36.1855 2770.57
164.214 -498.626 2841.73
132.756 424.901 2643.86
43.058 172.444 2651.83
FRAME: 209
33.5908 554.809 2452.05
-1.15454 82.0888 2466.49
18.5055 -865.642 2870.72
254.762 -84.9035 2353.29
-14.1646 -54.0234 2677.21
-11.0559 -489.237 2714.4
-63.0691 359.91 2477.91
43.5309 386.205 2542.26
383.748 362.983 2515.82
179.074 -930.36 2911.4
539.042 302.851 2249.79
105.319 -24.9776 2749.1
183.018 -503.753 2815.75
150.131 412.499 2606.61
44.554 173.352 2627.71
FRAME: 210
44.3468 507.194 2390.96
-6.79272 89.4207 2484.93
13.8229 -880.83 2867.83
192.38 -57.3895 2375.18
-14.8679 -53.3968 2665.55
-28.1418 -485.638 2716.96
-50.2622 357.829 2473.56
62.5681 370.535 2510.37
375.975 262.569 2456.07
229.949 -934.498 2850.73
496.068 185.811 2221.04
131.651 -36.9397 2713.35
215.068 -506.827 2749
175.398 383.242 2547.19
60.4799 162.684 2599.91
FRAME: 211
45.9856 497.278 2374.27
-16.0266 80.9689 2496.19
20.7596 -908.495 2877.78
213.121 -107.517 2311.33
-19.2947 -63.4824 2669.08
-27.5131 -502.123 2729.57
-65.3896 337.784 2474.31
64.3968 343.229 2483.98
371.319 165.188 2423.36
223.662 -942.665 2816.75
393.771 -50.6056 2216.12
151.039 -56.6502 2681.27
199.502 -512.206 2727.91
194.183 348.674 2493.65
65.1346 141.581 2579.58
FRAME: 212
46.1671 486.101 2347.41
-74.3708 37.9422 2527.02
23.9334 -900.022 2868.11
130.728 -188.23 2342.66
-22.3117 -63.4332 2663.07
-29.8427 -495.887 2715.46
-72.105 318.193 2462.61
57.6663 323.898 2464.67
329.037 122.647 2424.12
215.033 -943.849 2791.42
305.518 -129.819 2271.31
161.136 -55.7067 2665.23
188.695 -513.477 2712.32
187.438 329.603 2466.74
63.5393 132.164 2564.41
FRAME: 213
51.6902 479.595 2322.71
-137.138 -0.683458 2518.25
24.0803 -903.762 2866.97
-36.1209 -304.195 2416.61
-30.296 -68.8159 2663.64
-32.8842 -504.515 2710.24
-81.8723 296.17 2453.08
54.2114 296.991 2444.88
320.382 42.6937 2432.32
209.923 -952.284 2747.43
239.704 -218.304 2303.64
164.112 -67.9888 2651.67
183.132 -523.171 2684.32
190.295 297.811 2436.68
60.5596 114.294 2551.27
FRAME: 214
66.004 465.661 2267.96
-163.645 -11.4378 2511.82
35.7059 -911.854 2862.54
-49.1597 -243.465 2413.44
-29.9979 -75.1047 2654.29
-28.7757 -513.52 2709.36
-88.8151 277.766 2435.41
49.2311 266.983 2408.98
298.213 17.3168 2431.92
187.928 -947.271 2707.28
135.053 -275.271 2362.66
157.439 -90.2727 2618.08
154.649 -531.889 2634.51
187.277 256.199 2382.56
56.4759 92.147 2522.58
FRAME: 215
78.4006 460.418 2229.62
-192.005 45.2104 2497.88
43.5053 -920.851 2872.47
-150.81 -196.52 2402.66
-27.1559 -71.5062 2618.47
-23.3098 -521.528 2705.69
-77.3999 280.363 2411.37
59.2918 266.044 2383.81
282.572 -12.6889 2425.79
165.244 -941.697 2676.71
73.2157 -272.698 2386.58
155.235 -91.2362 2581.2
144.774 -524.756 2586.26
195.984 251.724 2356.25
61.6657 92.3363 2491.82
FRAME: 216
88.2466 458.21 2202.82
-198.303 45.9938 2482.66
52.0818 -912.527 2876.6
-246.67 -169.789 2369.4
-15.8265 -75.3565 2570.01
-19.7554 -518.262 2649.53
-74.4088 283.28 2394.4
65.9074 270.058 2358.62
279.395 -11.8164 2410.03
148.185 -946.712 2653.3
59.1342 -217.662 2376.06
167.6 -92.7514 2522.9
144.651 -527.594 2549.06
206.224 256.837 2322.85
70.8971 93.0022 2452.54
FRAME: 217
94.7454 456.766 2188.9
-222.983 50.8596 2470.86
45.6821 -907.427 2853.43
-170.223 -194.917 2352.95
-21.2076 -80.5307 2537.09
-34.9641 -533.93 2587.41
-84.1149 289.14 2385.88
70.9915 273.765 2341.96
295.918 -9.23231 2391.02
138.525 -951.235 2608.6
91.6879 -197.274 2368.54
180.986 -100.716 2479.26
153.992 -538.813 2499.42
226.098 258.391 2298.04
75.4404 91.5711 2425.07
FRAME: 218
103.405 447.256 2164.07
-204.832 28.2067 2422.19
53.3166 -909.864 2800.94
-163.515 -208.083 2331.01
-4.6743 -116.461 2510.4
-17.1649 -555.883 2550.52
-65.3733 272.995 2364.59
76.7585 260.277 2318.96
275.662 -6.62679 2352.1
128.503 -965.727 2599.45
77.2734 -181.918 2368.93
179.597 -132.867 2451.11
148.462 -561.992 2483.18
218.89 247.559 2273.32
82.1101 67.8067 2399.86
FRAME: 219
115.369 439.102 2152.37
-231.088 30.1924 2395.17
39.03 -903.149 2783.57
-206.96 -111.05 2264.9
-7.20568 -128.597 2479.76
-37.7139 -569.234 2516.02
-70.3886 264.109 2360.64
84.2528 248.706 2307.64
324.33 -1.33623 2285.84
129.371 -968.282 2571.14
83.2296 -200.37 2341.01
191.442 -148.302 2411.32
169.21 -573.184 2441.13
238.894 233.302 2254.63
88.1855 55.1282 2376.59
FRAME: 220
123.653 436.289 2131.35
-215.825 25.9641 2333.14
29.9347 -912.305 2741.29
-151.358 -158.32 2256.24
0.919018 -125.15 2452.37
-32.7281 -566.12 2478.95
-43.9311 262.452 2317.48
94.0745 246.286 2275.98
283.149 -25.9191 2264.84
129.416 -970.368 2566.75
76.111 -206.029 2315.88
178.785 -145.914 2398.92
180.35 -580.425 2427.07
232.08 230.12 2234.48
91.9633 55.3772 2350.81
FRAME: 221
132.445 443.963 2104.19
-209.972 38.7684 2319.54
18.9589 -920.728 2644.92
-167.433 -80.4861 2195.46
8.49222 -122.376 2424.54
-23.8773 -567.2 2436.91
-36.251 271.382 2296.04
99.4994 254.187 2251.91
285.458 -28.973 2245.73
124.162 -955.456 2528.04
55.4977 -243.012 2244.3
176.919 -143.736 2369.83
190.028 -571.735 2390.72
235.25 236.991 2207.79
96.1024 60.5653 2324.55
FRAME: 222
137.585 452.695 2082.08
-223.126 93.3862 2260.97
15.1115 -937.51 2559.11
-140.129 -110.717 2194.06
13.4896 -122.75 2409.59
-13.982 -566.773 2385.76
-26.8255 287.723 2274.87
103.575 267.479 2225.76
284.396 -23.5229 2226.38
123.101 -948.565 2511.69
54.6966 -256.459 2198.26
173.474 -147.645 2349.4
196.237 -566.607 2374.42
233.976 247.235 2176.64
98.5286 66.1406 2302.62
FRAME: 223
141.202 461.523 2065.57
-232.727 109.033 2231.66
15.9886 -921.102 2487.53
-141.312 -86.6054 2180.07
16.395 -116.323 2394.3
-3.70481 -541.786 2312.05
-26.119 294.172 2251.31
102.343 271.529 2200.35
279.296 -15.6188 2201.3
126.235 -940.302 2496.68
67.7662 -265.562 2158.17
167.942 -143.108 2334.1
203.593 -559.437 2362.82
230.806 248.886 2149.39
97.256 70.9067 2282.27
FRAME: 224
142.81 471.815 2050.1
-244.198 126.059 2217.89
16.0322 -932.178 2439.61
-132.726 -95.593 2164.4
14.7474 -115.622 2372.45
-1.65204 -544.268 2286.74
-28.1778 295.45 2222.1
102.274 274.478 2176.57
276.734 -15.523 2180.21
127.559 -943.171 2500.74
88.3578 -274.807 2113.28
169.742 -140.537 2318.22
214.147 -562.94 2362.03
232.726 253.506 2131.05
97.2592 73.199 2260.96
FRAME: 225
144.739 475.727 2040.11
-264.858 154.655 2184.08
17.8433 -939.934 2428.03
-145.183 -92.2645 2122.93
13.3417 -111.591 2337.35
0.174013 -546.254 2280.02
-28.3494 294.72 2194.94
106.846 276.044 2157.57
286.999 -16.625 2173.84
132.118 -936.389 2478
118.527 -269.744 2087.05
174.41 -134.169 2292.73
215.771 -565.414 2333.7
242.041 257.368 2120.2
100.361 76.582 2236.3
FRAME: 226
146.488 482.242 2028.93
-262.386 159.869 2181.32
36.2536 -973.54 2396.8
-137.634 -99.6982 2106.03
11.6357 -109.42 2305.51
4.88465 -561.66 2269.65
-30.5307 300.243 2173.06
107.695 283.987 2137.13
304.078 -8.45548 2149.4
131.199 -916.838 2455.34
152.043 -272.754 2043.93
181.737 -129.469 2261.28
215.135 -565.914 2307.18
245.92 267.732 2101.21
102.19 82.2714 2210.26
FRAME: 227
144.579 484.967 2010.86
-253.161 147.488 2174.35
47.1424 -1006.43 2358.57
-141.071 -115.59 2055.38
7.99269 -122.592 2256.75
6.25437 -593.672 2244.42
-33.2949 294.335 2153.46
107.243 282.281 2116.22
322.584 -3.24762 2128.5
153.647 -916.421 2412.82
243.877 -293.003 1981.17
192.477 -138.323 2207.78
218.049 -584.612 2232.95
247.78 270.227 2078.97
103.739 75.9116 2174.24
FRAME: 228
137.045 480.479 1988.17
-236.052 103.977 2162.74
50.5112 -1000.59 2336.39
-135.411 -141.211 2009.84
7.50768 -144.389 2221.85
18.194 -608.615 2211.65
-41.6125 281.432 2138.05
102.983 272.806 2103.48
331.461 -3.44314 2119.62
162.449 -936.336 2360.58
289.623 -304.414 1961.4
189.117 -155.191 2178.4
221.267 -616.553 2197.17
247.578 264.179 2068.92
100.648 61.508 2151.8
FRAME: 229
132.678 478.135 1973.87
-245.18 75.2625 2151.46
47.7374 -1015.79 2322.72
-157.9 -157.832 1979.59
-0.571815 -163.47 2187.66
12.1691 -630.286 2183.03
-55.0938 270.121 2121.9
103.014 263.564 2088.53
351.566 -2.23032 2115.79
184.724 -952.325 2338.16
352.456 -311.348 1947.63
204.474 -171.804 2144.28
236.629 -638.437 2162.09
261.122 257.008 2055.17
102.483 47.9637 2127.25
FRAME: 230
128.14 475.341 1966.04
-201.474 15.1223 2125.82
54.8458 -1020.01 2303.83
-134.964 -215.176 1933.04
10.9384 -182.164 2166.1
18.3795 -653.323 2167.22
-46.1533 253.701 2099.56
99.7774 252.147 2073.67
334.214 -5.9273 2112.13
182.289 -975.837 2331.14
380.819 -330.258 1941.4
199.887 -184.08 2132.45
231.675 -653.202 2152.17
245.708 250.593 2047.79
102.595 34.5125 2111.47
FRAME: 231
127.665 474.189 1962.98
-209.549 -1.09847 2112.41
59.4228 -1043.23 2320.31
-152.842 -221.536 1903.12
0.289342 -203.746 2140.8
9.95632 -681.361 2154.03
-65.0883 243.108 2084.81
97.1557 242.87 2063.89
353.639 -12.4968 2111.2
199.157 -991.574 2314.83
437.336 -311.596 1938.11
209.571 -203.945 2113.62
240.829 -672.655 2127.5
259.4 242.632 2042.98
101.043 19.5122 2095.55
FRAME: 232
125.103 474.17 1961.42
-199.657 -19.9402 2076.97
65.6103 -1067.3 2315.52
-119.969 -234.943 1868.71
10.4955 -208.955 2129.56
14.5579 -686.179 2144.06
-56.6449 234.89 2075.87
94.9365 237.208 2058.61
335.665 -15.3908 2110.03
217.153 -1049.89 2287.1
436.346 -279.12 1939.02
204.568 -205.91 2107.34
237.741 -677.529 2124.14
246.518 239.526 2041.35
101.234 14.8875 2088.53
FRAME: 233
123.742 477.148 1956.27
-212.132 -9.88016 1994.33
71.013 -1075.24 2298.86
-95.9583 -188.269 1794.38
8.90793 -214 2102.77
22.9295 -690.797 2116.88
-67.6305 231.539 2051.68
91.443 237.122 2046.5
338.757 -12.0525 2113.63
224.591 -1058.71 2277.58
456.7 -191.718 1941.34
210.005 -207.846 2091.79
243.931 -680.315 2104.93
250.517 242.706 2041.31
100.45 13.0997 2071.89
FRAME: 234
125.669 487.051 1951.82
-204.927 14.7481 1924.31
67.5195 -1067.12 2282.91
-65.7856 -187.546 1776.68
16.375 -211.753 2076.67
25.2791 -695.878 2109.36
-65.4716 236.328 2027.73
95.3354 244.295 2032.83
343.993 -0.223709 2112.69
228.466 -1068.08 2264.2
460.499 -134.393 1927.57
216.56 -202.125 2081.71
245.171 -671.544 2099.33
256.143 252.263 2037.92
105.901 18.6784 2056.01
FRAME: 235
126.852 492.797 1950.58
-199.043 26.2784 1893.88
60.9451 -1070.41 2267.1
-28.8738 -189.518 1748.78
17.3567 -209.431 2067.06
24.0863 -682.754 2102.38
-63.5202 240.8 2014.8
98.1306 248.868 2024.56
347.851 5.66623 2113.16
233.022 -1078.55 2256.21
455.24 -96.8026 1914.62
217.558 -199.54 2078.59
254.279 -670.346 2101.05
259.781 256.936 2034.32
107.794 22.1911 2048.69
FRAME: 236
129.303 496.989 1950.85
-183.488 43.7776 1885.17
61.9083 -1069.69 2257.79
-20.9579 -146.244 1729.77
18.3851 -195.933 2063
28.7976 -646.797 2111.42
-60.9347 247.109 2007.4
100.582 254.99 2018.34
350.772 19.599 2112.2
237.772 -1064.35 2231.13
456.284 -18.3035 1863.75
218.694 -186.108 2076.28
260.847 -639.198 2104.1
262.098 262.872 2029.29
109.561 31.9846 2043.99
FRAME: 237
130.713 497.739 1952.68
-152.414 77.7057 1849.25
58.0524 -1077.87 2248.57
23.5354 -170.423 1724.7
29.8084 -190.258 2064.6
41.9172 -638.818 2106.29
-61.1478 248.863 2013.07
98.7617 259.352 2018.74
356.773 40.556 2111.95
236.92 -1058.72 2236.55
446.738 20.4391 1859.06
221.054 -177.786 2071.48
250.284 -634.821 2089.08
258.671 269.842 2024.4
112.096 37.6652 2043.39
FRAME: 238
132.852 495.635 1955.05
-124.676 75.2384 1820.35
59.0504 -1074.68 2241.38
84.6239 -199.903 1698.5
33.9645 -189.739 2061.83
51.8676 -629.792 2105.11
-56.3729 250.42 2013.14
101.669 259.825 2017.57
366.155 51.1715 2109.29
235.6 -1054.36 2234.23
436.858 73.436 1825.5
219.342 -178.847 2067.3
250.972 -631.803 2087.18
259.71 269.229 2022.01
114.161 37.7658 2041.07
FRAME: 239
140.443 495.728 1956.74
-83.6014 43.2951 1806.99
59.3388 -1075.19 2233.26
93.7997 -169.071 1698.2
37.9055 -188.337 2057.27
53.4822 -632.906 2104.93
-43.2964 248.354 2004.46
109.672 255.936 2014.44
375.119 51.8128 2104.86
238.91 -1059.42 2233.36
380.534 159.244 1821.75
219.164 -179.476 2069.41
251.804 -638.33 2092.2
262.641 263.519 2024.41
119.104 36.0149 2038.89
FRAME: 240
148.432 493.44 1960.73
-71.147 35.305 1807.86
59.4826 -1067.05 2235.05
128.272 -188.595 1684.22
44.7694 -185.364 2057.44
60.5949 -632.382 2102.56
-34.6952 249.109 1998.57
116.355 255.808 2014.15
375.348 51.8311 2101.28
244.439 -1066.28 2222.11
346.876 197.135 1838.73
216.559 -177.895 2075.7
256.753 -633.077 2084.42
267.405 262.506 2029.72
123.509 37.089 2040.36
FRAME: 241
159.2 491.319 1963.95
-50.4595 21.6565 1804.09
57.7696 -1061.06 2238.26
166.202 -219.594 1675.44
51.2216 -179.46 2055.93
75.9016 -627.397 2107.33
-29.6599 251.27 1990.36
121.057 259.104 2014.15
364.781 52.5431 2078.71
250.73 -1068.38 2214.71
308.796 182.36 1871.78
219.225 -171.026 2082.97
270.384 -624.469 2081.83
271.774 266.939 2037.93
128.14 41.9305 2041.8
FRAME: 242
167.837 491.286 1967.09
-38.7636 29.9525 1795.21
54.3196 -1058.92 2238.87
187.722 -221.73 1688.26
51.2603 -174.58 2055.71
78.4884 -633.144 2106.03
-20.5887 257.202 1985.21
128.69 264.083 2027.34
362.585 47.9295 2070.08
254.955 -1059.18 2217.1
258.248 195.905 1882.14
218.548 -167.007 2102.96
288.432 -617.263 2096.34
277.97 270.963 2069.48
131.797 46.6448 2053.34
FRAME: 243
174.308 489.066 1970.88
-43.1842 26.0407 1806.96
55.6501 -1045.53 2241.55
158.192 -182.449 1702.3
58.5653 -170.124 2062.62
78.4949 -629.391 2105.08
-9.32118 259.961 1992.62
132.546 262.61 2029.84
345.096 42.8019 2042.66
262.015 -1058.79 2216.37
186.132 81.8813 1848.73
219.932 -167.548 2104.55
295.443 -616.266 2101.51
274.413 265.26 2067.06
135.897 46.8871 2056.71
FRAME: 244
181.732 488.281 1973.11
-45.8476 36.419 1810.47
51.1796 -1037.77 2240.76
159.579 -179.712 1722.75
66.7416 -171.253 2063.89
86.1876 -631.8 2104.93
2.77607 260.069 1994.99
137.974 265.797 2038.33
337.271 41.2706 2042.09
265.735 -1039.59 2226.66
152.275 -45.3586 1808.59
223.666 -164.539 2114.67
299.467 -603.572 2100.08
273.172 271.525 2081.68
141.589 48.9506 2063.81
FRAME: 245
196.539 488.517 1981.96
-58.8971 39.7923 1828.61
53.6185 -1035.8 2238.95
148.78 -170.433 1746.84
72.5057 -169.518 2073.95
86.9185 -631.23 2101.58
3.99743 264.803 2002.94
150.559 271.145 2042.95
366.995 40.0351 2026.37
272.672 -1031.48 2247.91
155.47 -60.1131 1806.2
238.145 -162.433 2119.62
309.669 -595.137 2125.38
297.12 277.487 2082.95
152.942 52.5847 2069.86
FRAME: 246
208.921 486.718 1989.47
-75.7549 39.4113 1850.2
54.5291 -1034.26 2234.77
136.252 -137.272 1793.68
75.3326 -168.028 2083.56
87.6367 -631.418 2108.22
5.61438 266.819 2014.04
157.552 271.602 2044.85
412.61 48.2119 2019.16
284.902 -1011.25 2277.57
134.07 -33.7081 1805.42
244.861 -162.914 2118.18
326.104 -586.629 2154.68
309.489 276.384 2075.65
158.824 53.0652 2072.86
FRAME: 247
222.737 487.27 1993.84
-89.4359 46.5184 1877.58
56.1096 -1035.25 2232.01
112.337 -116.025 1804.24
78.3021 -168.433 2095.28
86.1741 -634.504 2119.19
10.9871 268.638 2035.76
165.816 270.979 2053.42
421.394 40.2879 2017.37
295.074 -1004.59 2300.31
177.425 -84.9566 1830.33
254.879 -165.951 2115.5
331.306 -596.148 2177.4
320.645 273.32 2071.07
166.203 51.8933 2079.4
FRAME: 248
231.549 485.031 2000.29
-93.0433 43.0452 1935.74
55.5598 -1034.28 2234.57
61.8229 -77.8338 1822.22
81.813 -174.671 2111.04
88.549 -638.466 2127.18
15.6728 265.098 2057.7
171.894 266.721 2063.51
426.816 38.929 2013.92
310.34 -978.045 2338.44
193.264 -96.5625 1847.8
267.382 -172.818 2118.4
333.464 -609.603 2198.8
328.114 268.344 2069.32
173.246 46.4885 2089.11
FRAME: 249
245.57 481.122 2006.66
-106.57 54.781 1948.89
58.2522 -1033.56 2236.65
65.2853 -79.5123 1839.42
90.8801 -171.832 2129.34
88.8636 -633.734 2134.63
25.1782 263.842 2076.24
181.712 262.833 2074.76
430.202 36.0613 2026.11
311.761 -986.484 2359.56
178.327 -29.2627 1872.63
269.088 -173.289 2128.14
334.631 -612.17 2216.77
338.247 261.825 2073.29
180.848 45.1364 2101.75
FRAME: 250
256.029 477.754 2010.15
-107.071 60.0362 1978.24
58.4128 -1038.83 2242.62
64.4891 -62.2145 1868.27
100.538 -169.479 2137.44
92.1359 -633.41 2141.62
36.9504 267.735 2088.25
194.676 265.068 2088.49
431.477 40.8085 2027.6
310.377 -980.751 2382.38
210.677 28.7128 1897.96
275.334 -172.703 2137.85
335.013 -603.919 2227.51
352.402 262.4 2088.74
191.306 46.9883 2113.07
FRAME: 251
273.024 470.675 2011.66
-109.814 67.5795 1984.57
63.8924 -1026.11 2246.99
99.7247 -88.3473 1903.65
112.562 -162.741 2152.4
103.576 -624.736 2151.82
45.4585 272.427 2092.83
202.658 271.475 2092.06
438.657 44.3203 2033.83
315.852 -989.5 2390.81
270.969 148.518 1970.14
289.732 -164.174 2151.86
340.558 -598.134 2238.36
359.858 270.523 2091.29
201.903 54.0089 2122.1
FRAME: 252
300.124 465.646 2017.58
-113.241 75.7075 1995.25
69.8329 -1026.32 2256.49
101.704 -88.3438 1958.07
121.543 -159.629 2177.09
112.892 -622.038 2165.13
61.7662 269.576 2098.89
220.255 265.376 2093.87
448.711 26.681 2062.49
325.84 -974.925 2420.88
304.014 174.582 1952.45
302.913 -164.558 2171.69
342.003 -597.324 2255.75
378.743 261.176 2088.85
216.241 51.6412 2134.13
FRAME: 253
318.212 458.155 2020.15
-104.47 84.4881 2023.75
73.3175 -1040.41 2267.17
102.494 -80.4037 1964
131.776 -160.672 2190.8
118.286 -625.891 2189.85
81.4115 269.183 2104.46
240.639 261.626 2100.45
450.851 17.3746 2077.78
328.215 -973.544 2462.64
261.516 114.445 1997.99
314.803 -169.469 2186.44
346.923 -597.792 2266.4
399.866 254.068 2096.44
231.964 48.2775 2144.54
FRAME: 254
330.74 457.727 2025.25
-95.5858 90.5084 2041.75
79.8977 -1028.58 2276.06
107.154 -89.8562 1993.6
139.99 -152.637 2209.14
120.634 -615.659 2201.29
87.8154 275.223 2119.8
248.367 265.674 2111.74
457.249 16.8872 2086.95
337.423 -962.831 2463.53
242.893 90.7978 1965.63
317.587 -163.523 2200.22
353.197 -590.155 2279.51
408.918 256.126 2103.69
238.577 53.7973 2158.21
FRAME: 255
346.086 455.298 2031.41
-75.6003 88.9003 2064.48
75.775 -1029.56 2293.83
114.586 -99.1798 2017.69
142.343 -144.917 2226.71
124.665 -609.932 2206.56
97.0183 283.157 2128.02
255.364 271.452 2116.78
467.96 16.8418 2102.89
335.591 -965.583 2458.67
240.589 109.173 2020.95
322.031 -158.413 2213.94
359.475 -585.82 2288.93
413.71 259.747 2105.54
243.775 59.8934 2168.55
FRAME: 256
353.341 456.045 2033.61
-55.6091 87.6137 2068.03
78.2357 -1026.02 2316.14
137.805 -93.2854 2031.98
148.778 -140.999 2234.71
134.062 -613.021 2219.68
103.621 284.154 2133.49
265.031 272.676 2124.88
480.951 20.0615 2119.03
336.995 -969.904 2471.91
259.186 121.731 2030.5
333.297 -154.424 2224.97
365.422 -594.893 2297.62
426.441 261.198 2116.26
253.034 62.4823 2177.36

