FRAME: 0
0 0 0
0 0 0
0 0 0
0 0 0
0 0 0
0 0 0
0 0 0
0 0 0
0 0 0
0 0 0
0 0 0
0 0 0
0 0 0
0 0 0
0 0 0
FRAME: 1
0 0 0
0 0 0
0 0 0
0 0 0
0 0 0
0 0 0
0 0 0
0 0 0
0 0 0
0 0 0
0 0 0
0 0 0
0 0 0
0 0 0
0 0 0
FRAME: 2
0 0 0
0 0 0
0 0 0
0 0 0
0 0 0
0 0 0
0 0 0
0 0 0
0 0 0
0 0 0
0 0 0
0 0 0
0 0 0
0 0 0
0 0 0
FRAME: 3
0 0 0
0 0 0
0 0 0
0 0 0
0 0 0
0 0 0
0 0 0
0 0 0
0 0 0
0 0 0
0 0 0
0 0 0
0 0 0
0 0 0
0 0 0
FRAME: 4
0 0 0
0 0 0
0 0 0
0 0 0
0 0 0
0 0 0
0 0 0
0 0 0
0 0 0
0 0 0
0 0 0
0 0 0
0 0 0
0 0 0
0 0 0
FRAME: 5
0 0 0
0 0 0
0 0 0
0 0 0
0 0 0
0 0 0
0 0 0
0 0 0
0 0 0
0 0 0
0 0 0
0 0 0
0 0 0
0 0 0
0 0 0
FRAME: 6
0 0 0
0 0 0
0 0 0
0 0 0
0 0 0
0 0 0
0 0 0
0 0 0
0 0 0
0 0 0
0 0 0
0 0 0
0 0 0
0 0 0
0 0 0
FRAME: 7
0 0 0
0 0 0
0 0 0
0 0 0
0 0 0
0 0 0
0 0 0
0 0 0
0 0 0
0 0 0
0 0 0
0 0 0
0 0 0
0 0 0
0 0 0
FRAME: 8
0 0 0
0 0 0
0 0 0
0 0 0
0 0 0
0 0 0
0 0 0
0 0 0
0 0 0
0 0 0
0 0 0
0 0 0
0 0 0
0 0 0
0 0 0
FRAME: 9
0 0 0
0 0 0
0 0 0
0 0 0
0 0 0
0 0 0
0 0 0
0 0 0
0 0 0
0 0 0
0 0 0
0 0 0
0 0 0
0 0 0
0 0 0
FRAME: 10
0 0 0
0 0 0
0 0 0
0 0 0
0 0 0
0 0 0
0 0 0
0 0 0
0 0 0
0 0 0
0 0 0
0 0 0
0 0 0
0 0 0
0 0 0
FRAME: 11
0 0 0
0 0 0
0 0 0
0 0 0
0 0 0
0 0 0
0 0 0
0 0 0
0 0 0
0 0 0
0 0 0
0 0 0
0 0 0
0 0 0
0 0 0
FRAME: 12
0 0 0
0 0 0
0 0 0
0 0 0
0 0 0
0 0 0
0 0 0
0 0 0
0 0 0
0 0 0
0 0 0
0 0 0
0 0 0
0 0 0
0 0 0
FRAME: 13
0 0 0
0 0 0
0 0 0
0 0 0
0 0 0
0 0 0
0 0 0
0 0 0
0 0 0
0 0 0
0 0 0
0 0 0
0 0 0
0 0 0
0 0 0
FRAME: 14
0 0 0
0 0 0
0 0 0
0 0 0
0 0 0
0 0 0
0 0 0
0 0 0
0 0 0
0 0 0
0 0 0
0 0 0
0 0 0
0 0 0
0 0 0
FRAME: 15
0 0 0
0 0 0
0 0 0
0 0 0
0 0 0
0 0 0
0 0 0
0 0 0
0 0 0
0 0 0
0 0 0
0 0 0
0 0 0
0 0 0
0 0 0
FRAME: 16
0 0 0
0 0 0
0 0 0
0 0 0
0 0 0
0 0 0
0 0 0
0 0 0
0 0 0
0 0 0
0 0 0
0 0 0
0 0 0
0 0 0
0 0 0
FRAME: 17
0 0 0
0 0 0
0 0 0
0 0 0
0 0 0
0 0 0
0 0 0
0 0 0
0 0 0
0 0 0
0 0 0
0 0 0
0 0 0
0 0 0
0 0 0
FRAME: 18
0 0 0
0 0 0
0 0 0
0 0 0
0 0 0
0 0 0
0 0 0
0 0 0
0 0 0
0 0 0
0 0 0
0 0 0
0 0 0
0 0 0
0 0 0
FRAME: 19
0 0 0
0 0 0
0 0 0
0 0 0
0 0 0
0 0 0
0 0 0
0 0 0
0 0 0
0 0 0
0 0 0
0 0 0
0 0 0
0 0 0
0 0 0
FRAME: 20
0 0 0
0 0 0
0 0 0
0 0 0
0 0 0
0 0 0
0 0 0
0 0 0
0 0 0
0 0 0
0 0 0
0 0 0
0 0 0
0 0 0
0 0 0
FRAME: 21
0 0 0
0 0 0
0 0 0
0 0 0
0 0 0
0 0 0
0 0 0
0 0 0
0 0 0
0 0 0
0 0 0
0 0 0
0 0 0
0 0 0
0 0 0
FRAME: 22
0 0 0
0 0 0
0 0 0
0 0 0
0 0 0
0 0 0
0 0 0
0 0 0
0 0 0
0 0 0
0 0 0
0 0 0
0 0 0
0 0 0
0 0 0
FRAME: 23
0 0 0
0 0 0
0 0 0
0 0 0
0 0 0
0 0 0
0 0 0
0 0 0
0 0 0
0 0 0
0 0 0
0 0 0
0 0 0
0 0 0
0 0 0
FRAME: 24
0 0 0
0 0 0
0 0 0
0 0 0
0 0 0
0 0 0
0 0 0
0 0 0
0 0 0
0 0 0
0 0 0
0 0 0
0 0 0
0 0 0
0 0 0
FRAME: 25
0 0 0
0 0 0
0 0 0
0 0 0
0 0 0
0 0 0
0 0 0
0 0 0
0 0 0
0 0 0
0 0 0
0 0 0
0 0 0
0 0 0
0 0 0
FRAME: 26
0 0 0
0 0 0
0 0 0
0 0 0
0 0 0
0 0 0
0 0 0
0 0 0
0 0 0
0 0 0
0 0 0
0 0 0
0 0 0
0 0 0
0 0 0
FRAME: 27
0 0 0
0 0 0
0 0 0
0 0 0
0 0 0
0 0 0
0 0 0
0 0 0
0 0 0
0 0 0
0 0 0
0 0 0
0 0 0
0 0 0
0 0 0
FRAME: 28
0 0 0
0 0 0
0 0 0
0 0 0
0 0 0
0 0 0
0 0 0
0 0 0
0 0 0
0 0 0
0 0 0
0 0 0
0 0 0
0 0 0
0 0 0
FRAME: 29
0 0 0
0 0 0
0 0 0
0 0 0
0 0 0
0 0 0
0 0 0
0 0 0
0 0 0
0 0 0
0 0 0
0 0 0
0 0 0
0 0 0
0 0 0
FRAME: 30
0 0 0
0 0 0
0 0 0
0 0 0
0 0 0
0 0 0
0 0 0
0 0 0
0 0 0
0 0 0
0 0 0
0 0 0
0 0 0
0 0 0
0 0 0
FRAME: 31
0 0 0
0 0 0
0 0 0
0 0 0
0 0 0
0 0 0
0 0 0
0 0 0
0 0 0
0 0 0
0 0 0
0 0 0
0 0 0
0 0 0
0 0 0
FRAME: 32
0 0 0
0 0 0
0 0 0
0 0 0
0 0 0
0 0 0
0 0 0
0 0 0
0 0 0
0 0 0
0 0 0
0 0 0
0 0 0
0 0 0
0 0 0
FRAME: 33
0 0 0
0 0 0
0 0 0
0 0 0
0 0 0
0 0 0
0 0 0
0 0 0
0 0 0
0 0 0
0 0 0
0 0 0
0 0 0
0 0 0
0 0 0
FRAME: 34
0 0 0
0 0 0
0 0 0
0 0 0
0 0 0
0 0 0
0 0 0
0 0 0
0 0 0
0 0 0
0 0 0
0 0 0
0 0 0
0 0 0
0 0 0
FRAME: 35
0 0 0
0 0 0
0 0 0
0 0 0
0 0 0
0 0 0
0 0 0
0 0 0
0 0 0
0 0 0
0 0 0
0 0 0
0 0 0
0 0 0
0 0 0
FRAME: 36
0 0 0
0 0 0
0 0 0
0 0 0
0 0 0
0 0 0
0 0 0
0 0 0
0 0 0
0 0 0
0 0 0
0 0 0
0 0 0
0 0 0
0 0 0
FRAME: 37
0 0 0
0 0 0
0 0 0
0 0 0
0 0 0
0 0 0
0 0 0
0 0 0
0 0 0
0 0 0
0 0 0
0 0 0
0 0 0
0 0 0
0 0 0
FRAME: 38
0 0 0
0 0 0
0 0 0
0 0 0
0 0 0
0 0 0
0 0 0
0 0 0
0 0 0
0 0 0
0 0 0
0 0 0
0 0 0
0 0 0
0 0 0
FRAME: 39
0 0 0
0 0 0
0 0 0
0 0 0
0 0 0
0 0 0
0 0 0
0 0 0
0 0 0
0 0 0
0 0 0
0 0 0
0 0 0
0 0 0
0 0 0
FRAME: 40
0 0 0
0 0 0
0 0 0
0 0 0
0 0 0
0 0 0
0 0 0
0 0 0
0 0 0
0 0 0
0 0 0
0 0 0
0 0 0
0 0 0
0 0 0
FRAME: 41
0 0 0
0 0 0
0 0 0
0 0 0
0 0 0
0 0 0
0 0 0
0 0 0
0 0 0
0 0 0
0 0 0
0 0 0
0 0 0
0 0 0
0 0 0
FRAME: 42
9.23188 644.831 2759.9
-125.68 287.616 2385.29
-84.4406 -890.763 2913.46
101.326 403.81 2164.2
-84.6922 -18.4818 2752.83
-36.9177 -486.459 2769.63
-147.989 404.742 2675.03
-36.1841 423.353 2730.74
215.663 416.759 3023.95
-99.0968 -816.827 2887.46
85.5293 549.604 3121.53
89.5263 10.596 2839.68
63.7024 -447.431 2835.61
75.6207 441.963 2786.45
-16.8835 209.705 2763.49
FRAME: 43
-0.341351 655.274 2755.63
-162.253 244.867 2410.45
-80.3956 -856.596 2902.63
65.0327 345.217 2198.12
-89.8246 -7.17224 2745.59
-47.3278 -481.93 2769.13
-162.56 394.393 2655.22
-35.1528 424.962 2712.62
246.747 474.717 2920.85
-92.0558 -771.939 2964.3
102.413 433.795 3004.91
101.939 37.4431 2830.86
121.822 -415.14 2901.11
92.2545 455.532 2770.02
-14.5478 220.049 2750.43
FRAME: 44
-11.8004 664.118 2742.85
-216.799 193.449 2516.21
-82.7939 -849.261 2904.06
-22.2294 271.978 2248.52
-94.6168 4.48829 2743.1
-61.7134 -465.559 2772.61
-174.744 407.156 2662.93
-39.0331 435.097 2703.19
233.989 486.522 2844.27
-82.557 -788.821 2988.97
137.871 516.704 2914.53
109.575 45.9535 2803.04
127.492 -423.384 2888.74
96.6782 463.038 2743.44
-15.7769 230.159 2738.13
FRAME: 45
-26.8872 674.318 2722.59
-219.62 189.922 2510.11
-89.0056 -792.315 2889.88
-70.0918 251.008 2280.1
-101.504 13.2054 2738.8
-76.5304 -452.407 2775.52
-182.921 421.25 2666.18
-40.4774 445.877 2696.15
246.444 526.998 2761.54
-47.7428 -766.771 3066.36
170.485 536.52 2871.18
109.85 49.9894 2783.67
119.534 -422.777 2864.91
101.966 470.504 2726.12
-18.1522 238.737 2728.69
FRAME: 46
-36.7637 685.435 2687.92
-178.493 230.024 2506.25
-63.853 -564.108 2900.77
-117.341 203.806 2283.19
-114.327 35.1182 2749.31
-117.21 -421.043 2805.92
-199.522 441.694 2698.75
-51.51 461.776 2699.82
220.607 559.086 2638.97
-20.8215 -754.494 3100.49
188.987 674.551 2709.87
120.939 67.1298 2750.43
112.908 -372.488 2835.27
96.5025 481.857 2700.89
-24.1022 256.45 2724.84
FRAME: 47
-40.624 688.119 2684.06
-232.737 205.611 2605.44
-86.8707 -733.656 2903.92
-135.785 181.782 2330.08
-112.557 42.3924 2750.46
-105.516 -412.061 2793.86
-204.924 447.907 2699.94
-54.3155 466.053 2694.1
222.16 580.084 2555.84
-4.00563 -687.545 3074.56
207.561 762.381 2591.84
106.358 69.2519 2741.41
99.1901 -383.997 2829.92
96.2934 484.198 2688.27
-28.7075 260.937 2720.02
FRAME: 48
-46.5936 691.408 2671.67
-281.388 176.951 2662.21
-90.8287 -793.614 2916.75
-157.418 163.941 2314.98
-112.021 46.3863 2752.33
-103.376 -408.401 2789.85
-206.136 451.028 2698.62
-55.8821 465.667 2682.65
202.154 622.683 2457.12
-17.6532 -709.706 3108.85
183.773 793.114 2450.76
92.8542 66.5286 2730.45
93.8742 -385.522 2831.31
94.3721 480.306 2666.68
-32.7327 261.062 2712.02
FRAME: 49
-53.5817 689.252 2658.46
-285.75 186.899 2739.17
-90.976 -829.95 2926.84
-249.314 117.136 2428.24
-107.838 52.3732 2755.85
-100.217 -403.715 2791.44
-203.181 450.382 2699.32
-55.9607 462.868 2674.05
164.632 622.903 2422.46
-18.1782 -722.905 3123.75
128.928 777.13 2321.82
86.8713 69.0133 2722.4
90.2574 -384.909 2819.41
91.2593 475.353 2648.78
-33.2221 261.78 2706.58
FRAME: 50
-60.0393 684.154 2649.6
-279.028 172.258 2769.06
-89.8797 -834.455 2935.68
-322.075 62.4657 2513.74
-105.673 56.493 2762.27
-98.2642 -404.015 2799.23
-205.098 443.76 2700
-62.1655 456.011 2664
123.579 588.529 2382.84
-7.49962 -707.525 3134.57
86.3312 779.142 2145.05
85.808 73.0114 2714.06
88.7687 -382.609 2807.65
80.7674 468.263 2628
-36.0489 260.382 2701.08
FRAME: 51
-57.808 681.923 2642.85
-261.38 182.606 2793.02
-87.9715 -828.011 2942.07
-351.275 37.6067 2550.8
-103.347 59.1092 2766.9
-93.9973 -401.15 2805.1
-205.101 441.898 2701.48
-63.8614 452.611 2656.92
111.089 583.015 2348.38
-7.05692 -704.644 3143.86
51.1309 745.629 2064.48
85.1828 73.5289 2707.48
88.5096 -390.138 2797.25
77.378 463.324 2612.35
-36.4719 259.465 2697.05
FRAME: 52
-62.4948 673.796 2626.72
-252.754 176.916 2808.19
-82.3055 -811.251 2955.64
-373.89 4.83545 2594
-98.3589 56.3914 2773.06
-89.0667 -407.086 2810.84
-205.365 438.001 2712.57
-64.3207 448.123 2654.93
81.9659 555.813 2293.59
-2.00735 -692.27 3178.21
-17.9141 660.472 1938.73
90.2021 69.9221 2695.99
91.3408 -385.98 2799.76
76.7236 458.245 2597.29
-34.1995 255.64 2694.73
FRAME: 53
-45.171 648.802 2598.25
-238.185 171.603 2818.78
-81.3335 -817.662 2949.77
-386.768 -30.1024 2653.89
-94.1033 49.7671 2776.06
-85.5426 -411.203 2808.38
-194.206 424.471 2719.33
-58.8341 431.864 2655.13
70.2115 514.498 2301.56
-0.996428 -708.472 3177.78
-30.2751 563.056 2035.73
90.6688 59.8476 2688.6
92.094 -390.193 2797.52
76.5382 439.257 2590.93
-30.2757 243.336 2693.73
FRAME: 54
-59.3502 661.239 2616.14
-222.721 185.073 2835.03
-80.3907 -832.438 2945.17
-387.926 -54.4078 2706.69
-90.6497 47.6829 2779.54
-81.2082 -420.301 2810.66
-185.247 426.818 2709.28
-55.3827 428.719 2640.3
27.3 407.45 2280.36
-6.47134 -704.438 3152.88
-127.423 396.437 1998.33
89.3466 50.3898 2684.33
98.1096 -397.809 2791.86
74.4815 430.619 2571.32
-28.0171 238.877 2686.12
FRAME: 55
-72.7656 639.295 2612.38
-225.942 193.406 2815.23
-82.3455 -844.066 2945.56
-378.175 -82.4923 2760.86
-86.0096 30.3729 2772.5
-81.1291 -439 2813.03
-178.748 414.444 2688.83
-52.506 414.783 2620.53
7.93262 346.694 2272.79
-1.98832 -700.665 3174.58
-161.697 320.834 2136.41
91.3365 31.0099 2677.43
103.441 -405.453 2805.61
73.7355 415.122 2552.24
-24.9213 222.737 2672.75
FRAME: 56
-90.6825 627.23 2616.13
-214.448 163.58 2816
-75.9482 -843.282 2951.71
-330.771 -144.762 2825.68
-70.6431 21.2001 2780.96
-73.9371 -441.85 2818.37
-170.743 405.647 2694.42
-53.8318 403.095 2615.49
-48.7826 206.114 2386.82
-11.7082 -710.121 3152.64
-188.228 219.333 2237.01
93.1819 17.7535 2671.13
100.779 -425.141 2779.65
63.0796 400.542 2536.57
-21.2812 211.286 2670.77
FRAME: 57
-104.127 614.653 2601.16
-205.722 148.021 2836.37
-69.7543 -842.188 2971.65
-319.561 -150.722 2822.16
-59.2023 10.2486 2792.27
-64.8981 -451.257 2831.76
-167.232 401.438 2703.28
-57.8739 396.051 2611.44
-46.9578 172.724 2450.35
-22.8286 -728.942 3177.63
-270.263 -13.6344 2380.24
97.9339 2.41672 2660.63
104.414 -453.819 2769.78
51.4844 390.665 2519.59
-19.254 201.192 2668.94
FRAME: 58
-122.222 594.871 2578.96
-196.817 133.834 2835.4
-62.5647 -852.023 2985
-351.044 -173.174 2699.25
-44.6906 1.92739 2800.35
-46.3323 -465.578 2844.85
-168.795 384.51 2712.17
-71.105 378.953 2610.63
-47.5984 142.638 2525.03
-32.5239 -737.259 3164.85
-243.161 -35.3379 2564.8
98.8627 -6.27304 2651.58
105.433 -471.38 2766.19
26.5852 373.395 2509.1
-22.0095 188.39 2668.3
FRAME: 59
-135.067 576.243 2573.4
-173.591 105.714 2807.92
-56.4939 -857.398 2981.93
-341.695 -193.14 2708.98
-34.37 -11.324 2801.24
-39.1884 -472.974 2850.6
-168.136 368.702 2711.37
-77.9551 363.131 2606.96
-69.5525 109.408 2553.01
-32.8037 -740.236 3141.09
-229.601 -71.1871 2664.84
100.67 -19.6671 2645.31
115.293 -481.442 2777.57
12.2258 357.561 2502.54
-22.4026 173.818 2665.12
FRAME: 60
-143.418 561.063 2567.28
-167.145 60.1931 2784.05
-53.8611 -857.201 2980.78
-310.777 -187.538 2774.86
-25.1873 -20.065 2801.49
-33.9326 -475.94 2851.99
-167.873 358.74 2712.24
-82.9476 353.044 2605.55
-57.5004 99.5241 2561.8
-27.4841 -738.052 3138.73
-219.544 -79.2379 2744.82
101.199 -28.5429 2642.87
120.261 -487.74 2773.94
1.97724 347.349 2498.85
-22.4708 164.37 2663.86
FRAME: 61
-150.85 552.139 2561.4
-161.954 59.018 2788.97
-52.8344 -858.209 2977.41
-280.801 -161.658 2819.04
-19.353 -29.0711 2806.62
-29.2668 -479.338 2851.67
-168.722 352.786 2716.32
-85.2956 347.269 2608.21
-33.4566 88.9683 2574.74
-14.0204 -737.467 3141.89
-187.328 -65.0632 2822.78
104.456 -37.2523 2646.39
127.828 -497.052 2778.62
-1.86891 341.752 2500.09
-21.3722 157.054 2667.36
FRAME: 62
-160.326 544.257 2555.89
-141.658 49.8756 2803.65
-48.6749 -869.624 2977.02
-192.619 -127.9 2825.59
-14.7758 -40.9237 2808.08
-22.6913 -490.261 2851.32
-165.128 349.851 2719.03
-84.5856 342.411 2607.06
20.7216 75.2856 2588.31
-11.91 -717.952 3146.95
-45.1437 -109.627 2772.99
103.651 -51.8111 2643.69
127.995 -502.916 2792.35
-4.04345 334.971 2495.09
-20.074 148.022 2666.47
FRAME: 63
-168.588 539.844 2552.63
-132.745 48.6302 2805.47
-47.5668 -870.381 2973.24
-145.984 -123.618 2839.72
-13.205 -44.9312 2812.4
-20.4033 -487.432 2848.24
-164.013 346.385 2719.54
-86.2012 337.618 2606.68
21.5724 75.6241 2581.4
-19.4101 -731.609 3136.98
20.9975 -132.268 2752.91
103.768 -58.1377 2642.79
131.63 -518.48 2792.12
-8.38912 328.85 2493.83
-20.4598 143.042 2667.14
FRAME: 64
-179.044 532.127 2546.92
-126.545 43.4636 2808.05
-47.4487 -870.855 2970.46
-108.107 -148.508 2798.95
-7.51511 -53.9244 2814.98
-20.2847 -484.773 2845.46
-162.089 341.703 2719.72
-86.4761 332.044 2606.05
28.3914 77.5808 2583.64
-18.9255 -737.294 3151.66
49.586 -107.852 2708.22
105.983 -68.4536 2644.4
153.926 -532.059 2786.66
-10.8634 322.385 2492.38
-18.6211 135.428 2667.87
FRAME: 65
-181.526 529.696 2543.32
-125.538 38.2308 2811.56
-48.4506 -863.408 2968.35
-98.3424 -164.84 2777.38
-6.24189 -59.4038 2815.45
-19.6678 -479.57 2843.35
-163.906 339.354 2717.25
-89.2639 329.602 2604.31
29.8638 74.3662 2581.14
-10.8314 -739.999 3158.1
73.543 -105.789 2705.29
106.254 -74.0652 2645.53
154.013 -541.313 2785.38
-14.6219 319.85 2491.36
-19.629 131.434 2667.4
FRAME: 66
-181.609 529.613 2541.16
-122.544 44.7078 2784.12
-49.7689 -859.512 2967.11
-98.7722 -159.857 2760.33
-6.34493 -66.0344 2814.68
-20.8798 -480.185 2842.34
-164.939 338.276 2715.07
-89.9363 328.816 2603.05
30.9463 67.8094 2578.23
-4.97349 -740.797 3147.09
76.4573 -115.976 2709.32
106.414 -80.2339 2646.69
151.26 -538.378 2783.53
-14.9337 319.356 2491.04
-19.9508 127.841 2666.87
FRAME: 67
-180.172 529.984 2539.18
-123.99 43.3696 2768.58
-49.8561 -859.983 2967.85
-98.7372 -133.549 2724.28
-6.86341 -66.3519 2813.95
-20.1324 -480.717 2843.68
-165.3 337.235 2713.17
-89.6095 327.86 2602.53
25.2031 58.533 2564.99
-5.40805 -737.585 3141.9
92.0907 -106.315 2700.11
105.848 -80.2943 2649.52
152.89 -539.571 2783.07
-13.9191 318.485 2491.89
-20.0586 127.268 2667.13
FRAME: 68
-175.805 530.113 2537.95
-123.001 40.4368 2767.85
-49.1855 -864.33 2969.4
-118.61 -119.689 2746.82
-8.09004 -61.2681 2811.62
-18.0448 -484.633 2844.04
-165.649 336.909 2710.6
-89.0947 327.599 2600.53
47.6136 55.2172 2575.47
-7.76639 -736.238 3141.55
106.882 -132.346 2712.83
105.66 -75.086 2648.25
151.405 -536.644 2780.73
-12.5408 318.29 2490.46
-20.155 129.711 2665.24
FRAME: 69
-171.198 531.688 2535.74
-116.041 53.3729 2776.49
-51.3081 -865.74 2967.51
-171.582 -85.3882 2738.33
-8.27915 -54.8243 2809.38
-19.4295 -483.438 2841.04
-165.229 338.675 2706.53
-85.3781 329.618 2598.89
40.2782 53.9515 2578.29
-4.5477 -734.162 3147.04
74.0779 -126.993 2729.54
107.058 -67.9077 2654.06
149.89 -530.512 2782.76
-5.52703 320.561 2491.25
-17.9943 134.126 2665.3
FRAME: 70
-164.773 534.967 2532.12
-120.168 56.7536 2775.25
-52.4517 -864.207 2966.54
-173.661 -50.4625 2678.09
-8.06675 -48.6483 2808.94
-20.7194 -474.746 2837.03
-165.166 335.291 2702.07
-83.7041 326.137 2597.15
25.4597 52.4643 2576.47
-0.765583 -733.03 3146.17
26.3961 -103.783 2748.71
108.116 -61.6733 2659.38
145.406 -517.66 2781.64
-2.24247 316.983 2492.23
-16.8396 135.488 2665.65
FRAME: 71
-153.399 540.266 2526.54
-123.476 61.1741 2787.58
-54.0572 -862.313 2966.67
-181.71 -12.2053 2607.38
-8.73917 -36.6934 2808.17
-23.4418 -466.101 2835.63
-164.081 340.059 2704.65
-77.0385 331.425 2600.82
17.9074 65.6904 2574.63
4.46567 -733.734 3140.59
-4.53269 -78.0807 2750.72
108.36 -48.3095 2668.86
134.083 -497.672 2771.3
10.0043 322.791 2496.98
-13.614 144.462 2669.67
FRAME: 72
-128.499 555.568 2520.81
-113.587 81.7963 2796.36
-55.8245 -872.556 2960.29
-163.367 -39.3736 2709.22
-10.0228 -22.6021 2799.95
-26.9311 -469.518 2826.92
-161.684 358.139 2705.36
-69.7645 349.861 2603.06
34.1569 88.3776 2553.23
11.6137 -703.946 3134.5
-65.8101 -58.9022 2725.11
101.946 -32.6934 2675.52
129.085 -473.466 2773.2
22.1551 341.583 2500.75
-11.9015 161.107 2670.4
FRAME: 73
-112.335 567.474 2520.56
-106.307 98.1609 2810.68
-56.7782 -877.058 2952.33
-147.955 -43.7548 2738.08
-9.68128 -7.81384 2796.55
-31.7119 -462.397 2816.69
-156.863 370.722 2711.78
-64.018 358.783 2604.65
49.0432 96.4674 2541.82
13.3436 -694.28 3133.09
-179.702 -15.104 2669
92.4689 -20.8496 2679
123.99 -453.927 2782.7
28.8272 346.844 2497.52
-11.3121 172.226 2671.21
FRAME: 74
-96.8253 576.082 2524.82
-105.752 125.698 2840.78
-60.3729 -877.385 2941.75
-158.092 -49.7776 2793.39
-26.8631 5.11326 2813.6
-40.0832 -458.676 2807.74
-156.227 388.28 2724.18
-57.7159 369.534 2614.1
50.56 90.4569 2528.27
20.7027 -709.842 3069.92
-189.421 -19.3405 2632.75
80.7178 -15.2399 2693.63
113.454 -451.26 2795.94
40.7951 350.789 2504.01
-15.3943 182.236 2683.86
FRAME: 75
-76.995 585.339 2522.88
-122.708 166.326 2866.56
-61.7211 -875.475 2942.03
-200.746 -45.1762 2755.55
-41.4134 8.56777 2816.19
-45.2606 -454.607 2808.43
-161.406 399.686 2723.94
-53.3085 381.134 2617.53
64.5905 85.0649 2517.72
32.0498 -713.849 3111.58
-189.107 -23.9588 2617.02
78.5284 -11.8888 2698.48
105.629 -451.236 2813.67
54.7888 362.582 2511.11
-17.3755 189.737 2687.43
FRAME: 76
-61.8606 591.26 2521.76
-155.27 197.747 2886.13
-63.6832 -875.198 2944.32
-254.4 -31.6816 2717.93
-54.9641 7.17791 2814.05
-55.0568 -456.185 2814.21
-163.668 404.962 2719.29
-45.8954 387.775 2620.69
87.5367 80.2402 2507.76
35.9268 -723.537 3148.75
-180.973 -30.8522 2594.46
79.1663 -12.3804 2701.77
102.558 -441.659 2834.53
71.8768 370.587 2522.09
-16.8971 192.587 2689.3
FRAME: 77
-48.9452 598.133 2520.32
-175.955 201.929 2883.3
-66.6374 -878.334 2947.91
-231.21 -22.5294 2669.05
-68.0352 5.69822 2810.3
-64.0751 -460.809 2817.17
-166.679 410.997 2715.54
-38.8309 394.825 2624.35
119.092 86.3151 2513.54
16.3968 -731.71 3167.26
-129.582 -38.058 2575.42
79.7277 -13.0031 2704.97
105.302 -440.748 2837.02
89.0168 378.652 2533.16
-16.4923 195.586 2690.99
FRAME: 78
-37.6132 602.396 2522.27
-187.974 194.264 2870.52
-69.3128 -874.53 2946.36
-249.355 -35.7043 2635.33
-75.3725 1.58146 2812.2
-69.4115 -461.811 2817.44
-168.42 412.828 2706.66
-35.2266 396.861 2623.66
169.65 99.0975 2535
20.5019 -728.75 3193.43
-105.156 -42.2954 2565.57
81.599 -17.2647 2714.47
112.316 -446.073 2850.75
97.9671 380.895 2540.66
-16.0567 194.51 2693.5
FRAME: 79
-27.7207 605.619 2521.61
-204.527 187.037 2842.25
-74.0335 -875.442 2950.94
-247.842 -39.1107 2615.29
-83.2415 -4.10456 2813.1
-76.0738 -467.136 2822.32
-171.332 410.916 2700.31
-30.72 395.655 2626.13
195.466 102.381 2549.99
18.8357 -732.497 3212.17
-70.7704 -45.7833 2558.89
83.8251 -22.2261 2725.06
111.395 -451.935 2865.36
109.892 380.394 2551.96
-15.2141 191.245 2697.61
FRAME: 80
-10.0869 611.912 2537.45
-244.279 191.06 2830.69
-77.3213 -873.797 2951.8
-202.366 -31.5656 2584.42
-88.6192 -9.25965 2807.08
-81.4773 -470.773 2821.77
-169.862 407.734 2693.1
-19.8837 394.105 2633.74
243.183 111.848 2615.06
4.66248 -734.026 3211.37
-28.0717 -56.7684 2564.71
84.2356 -24.9609 2738.71
103.439 -458.877 2879.99
130.095 380.476 2574.37
-11.0378 188.497 2703.32
FRAME: 81
2.92549 614.59 2554.05
-251.341 189.711 2825.64
-78.8891 -878.645 2953.02
-188.69 -35.9691 2579.45
-93.0935 -21.2495 2811.94
-84.9903 -480.286 2830.39
-170.385 402.152 2688.21
-14.1308 391.238 2645.01
255.795 120.615 2654.82
-10.3987 -760.298 3199.56
19.5305 -66.6328 2567.19
85.0981 -33.6718 2762.75
100.731 -463.033 2886.11
142.123 380.325 2601.81
-9.06424 181.889 2716.18
FRAME: 82
15.4855 610.869 2562.06
-250.98 183.207 2811.33
-82.5248 -880.369 2956.59
-164.61 -47.2458 2548.59
-93.483 -23.9292 2817.27
-85.9212 -481.927 2836.97
-167.526 399.426 2681.01
-8.66205 390.222 2650.01
260.224 129.177 2687.72
-24.6111 -784.709 3203.97
42.3582 -66.0959 2590.75
86.1167 -34.3083 2782.31
82.2856 -464.4 2901.73
150.202 381.017 2619.01
-6.1726 180.552 2724.9
FRAME: 83
25.6645 610.53 2570.1
-241.018 157.401 2778.68
-86.2334 -882.728 2960.96
-139.553 -45.748 2538.91
-97.0979 -23.1393 2822.84
-87.7902 -480.677 2846.78
-164.884 391.953 2672.16
-5.49149 387.139 2659.04
264.964 136.174 2724.63
-50.8026 -794.482 3164.23
78.7554 -73.2254 2595.14
86.3402 -28.4803 2808.08
81.2418 -459.698 2920.56
153.901 382.325 2645.93
-5.43518 180.665 2737.25
FRAME: 84
37.5383 609.006 2580.09
-218.466 114.164 2751.28
-89.8364 -884.68 2960.94
-76.8207 -77.6701 2501.6
-102.223 -29.205 2825.7
-88.8095 -483.491 2849.41
-161.501 385.107 2668.47
-1.8343 381.782 2668.65
264.338 143.115 2777.25
-55.1366 -791.77 3170.44
92.5908 -82.1628 2625.02
80.5104 -32.8711 2826.15
66.0979 -460.682 2939.68
157.832 378.457 2668.82
-6.34532 175.372 2747.29
FRAME: 85
50.8133 607.042 2589.55
-219.751 98.8052 2738.88
-93.0516 -880.937 2965.33
-86.1267 -92.4488 2550.15
-102.221 -25.3088 2836.15
-86.8907 -475.324 2857.96
-158.65 381.518 2666.08
1.97478 379.62 2677.67
262.215 149.213 2808.91
-62.8965 -800.175 3184.69
104.022 -82.5761 2675.15
72.0654 -27.2498 2848.95
62.4277 -446.751 2967.32
162.6 377.723 2689.26
-6.55151 176.671 2760.11
FRAME: 86
65.2315 603.691 2605.09
-211.834 97.3793 2729.39
-94.501 -880.198 2965.41
-33.204 -116.946 2478.54
-106.228 -22.9073 2836.66
-88.0459 -472.69 2859.84
-150.09 377.939 2664.82
7.19926 377.853 2689.93
253.355 149.944 2841.64
-65.0128 -807.426 3192.55
110.072 -98.5901 2695.4
68.4527 -22.8262 2864.7
46.9945 -424.638 3006.28
164.488 377.767 2715.05
-5.84425 177.493 2770.31
FRAME: 87
83.7833 598.976 2636.65
-191.926 97.0695 2734.7
-93.8512 -878.932 2956.73
-5.14278 -110.473 2466.12
-101.841 -20.3584 2836.94
-79.9098 -469.472 2857.34
-127.258 376.334 2679.95
19.8682 374.183 2717.82
221.455 141.021 2893.58
-67.1345 -809.424 3183.89
114.143 -122.965 2720.11
57.8144 -22.5976 2878.17
32.6987 -436.424 3021.42
166.995 372.032 2755.68
-1.07261 176.353 2787.69
FRAME: 88
93.1441 596.312 2661.95
-167.201 105.17 2746.85
-96.051 -878.411 2952.28
60.6526 -131.708 2544.84
-98.5934 -19.8467 2852.58
-74.5596 -468.54 2863.91
-111.949 375.912 2694.74
28.065 372.074 2736.65
211.862 145.82 2925.18
-73.322 -825.796 3201.74
85.6573 -119.643 2764.23
47.5545 -23.6895 2896.46
16.9443 -440.943 3057.79
168.079 368.236 2778.56
1.27277 175.153 2805.59
FRAME: 89
110.46 590.536 2694.46
-136.202 87.157 2749.69
-107.932 -881.73 2976.83
61.6359 -182.061 2636.54
-104.947 -25.1764 2903.87
-83.2224 -470.758 2915.18
-80.6147 359.588 2698.74
43.3446 368.043 2773.89
146.274 134.437 2997.06
-69.648 -837.772 3220.2
108.108 -117.398 2831.55
31.2491 -14.0579 2989.4
16.7326 -451.264 3097.86
167.304 376.499 2849.03
3.24779 174.213 2860.26
FRAME: 90
123.106 576.848 2723.43
-111.716 74.0591 2764.9
-113.015 -880.794 2989.9
101.037 -224.043 2722.93
-100.81 -30.7583 2927.52
-81.6279 -469.668 2937.33
-46.2703 338.707 2722.43
57.6529 351.91 2810.25
95.0792 139.19 3042.92
-75.8653 -848.463 3224.11
84.1659 -117.982 2878.24
22.7102 -14.2504 3033.35
18.1921 -453.244 3125.2
161.576 365.113 2898.08
9.30139 164.703 2895.34
FRAME: 91
132.624 568.002 2744.35
-97.613 71.2318 2785.5
-114.699 -879.299 2996.85
102.776 -238.91 2752.7
-96.7578 -32.6242 2942.51
-76.0636 -467.216 2947.2
-27.9247 328.764 2745.05
66.0976 342.81 2836.58
76.9288 129.252 3046.82
-75.4818 -849.901 3232.27
104.977 -136.553 2921.29
20.2255 -14.6181 3057.23
13.7162 -452.663 3140.33
160.12 356.857 2928.11
13.9157 159.595 2918.22
FRAME: 92
139.177 561.588 2763.38
-70.5325 61.701 2797.63
-117.039 -879.941 2999.77
97.2786 -222.914 2764.3
-98.6539 -38.4468 2957.46
-75.0666 -471.732 2954.1
-18.3325 322.2 2758.53
69.226 340.017 2859.21
66.9239 124.77 3056.35
-79.2629 -840.22 3231.47
97.1632 -122.383 3060.76
13.0348 -15.1363 3086.29
22.4672 -457.109 3160.8
156.785 357.833 2959.89
13.2082 156.613 2940.54
FRAME: 93
141.695 558.976 2780.9
-60.4265 65.2653 2799.91
-111.751 -885.831 2999.43
103.947 -234.404 2762.84
-93.6664 -40.2625 2963.04
-69.4856 -475.847 2954.09
-7.68537 313.897 2773.78
64.9037 336.288 2879.1
62.3245 117.477 3072.47
-107.117 -842.595 3124.86
98.345 -152.963 3017.39
3.53858 -10.0977 3103.13
19.6956 -454.899 3172.17
137.493 358.679 2984.43
9.91989 155.554 2956.09
FRAME: 94
141.232 556.456 2799.57
-34.2613 50.5417 2790.92
-108.039 -887.381 2999.26
124.026 -236.557 2767.16
-96.3462 -46.3449 2971.27
-66.3765 -478.323 2954.9
1.89771 304.331 2786.99
66.2877 327.707 2892.92
61.1062 98.8034 3094.59
-111.754 -847.082 3074.39
100.425 -183.986 2987.56
-7.63355 -13.7464 3116.71
30.2934 -466.042 3177.24
130.678 351.084 2998.85
7.1489 148.831 2968.45
FRAME: 95
135.433 556.144 2826.23
-13.0652 42.7146 2786.57
-99.3868 -890.168 2999.8
178.482 -210.432 2704.39
-96.5751 -54.3246 2975.26
-55.253 -482.722 2953.99
1.76745 303.914 2798.29
57.5158 328.57 2910.04
54.492 95.2165 3113.24
-106.046 -858.111 3055.89
104.201 -129.8 3069.83
-22.1388 -21.2275 3123.91
23.6674 -468.547 3186.8
113.264 353.226 3021.79
-0.92058 145.397 2979.81
FRAME: 96
119.039 569.159 2859.14
39.0161 49.1714 2742.95
-93.9987 -893.964 2998.02
265.936 -160.077 2590.55
-95.9229 -61.1664 2978.4
-41.6718 -489.366 2948.2
-3.08114 297.568 2804.44
38.4704 326.903 2921.52
58.1505 110.334 3073.92
-108.325 -851.073 3024.89
181.151 -85.7238 2861.14
-43.0925 -23.8394 3126.94
21.4177 -466.724 3202.49
80.0219 356.237 3038.61
-15.5187 142.2 2987.09
FRAME: 97
108.658 578.407 2877.68
65.0326 59.5376 2721.42
-92.1636 -896.322 2998.52
315.657 -83.8128 2490.81
-98.8262 -60.5393 2980.01
-33.81 -490.485 2942.69
-1.42953 302.037 2804.67
34.5606 332.796 2925.53
26.4555 156.859 3149.77
-108.397 -840.845 3010.8
107.808 -12.5297 3052.06
-54.2883 -22.6476 3128.82
20.7968 -462.989 3221.29
70.5507 363.555 3046.38
-20.9983 145.601 2989.97
FRAME: 98
99.3197 594.518 2890.78
102.196 109.749 2674.85
-90.8357 -894.928 2998.7
335.628 -22.5095 2551.33
-102.841 -52.4696 2981.43
-29.8049 -474.946 2934.45
-3.74642 317.486 2807.37
29.8888 347.797 2928.68
31.6465 171.253 3132.93
-104.974 -833.047 2994.3
168.819 53.7487 2934.21
-61.2875 -15.3653 3130.04
8.38683 -447.405 3197.91
63.5241 378.108 3050
-26.0877 156.94 2992.21
FRAME: 99
91.0898 607.582 2897.87
133.87 142.583 2643.89
-87.6962 -892.159 2996.69
372.707 115.489 2432.27
-104.516 -44.3115 2978.22
-31.233 -469.651 2929.49
-7.86336 324.071 2801.78
25.4804 355.669 2926.65
21.4857 185.283 3158.92
-101.534 -827.556 2990.52
186.725 131.718 2932.32
-64.4286 -6.51987 3127.52
5.4872 -441.758 3183.31
58.8241 387.267 3051.52
-29.496 165.127 2989.76
FRAME: 100
81.3798 630.292 2899.81
147.983 190.531 2599.93
-92.3259 -892.912 2996.93
385.036 252.177 2370
-103.004 -37.3003 2972.91
-29.1251 -467.926 2926.06
-11.3668 338.908 2796.41
21.3536 371.13 2923.56
32.8274 227.414 3152.95
-97.0043 -814.62 2985.92
316.607 309.885 2898.63
-63.4461 1.40299 3125.78
9.12239 -429.189 3168.39
54.0739 403.351 3050.71
-30.9357 176.591 2986.45
FRAME: 101
70.8005 636.867 2903.09
158.324 237.155 2593.99
-95.3449 -892.749 2995.98
368.003 375.543 2360.77
-96.5317 -33.8441 2957.12
-29.2751 -470.788 2924.69
-9.92358 355.725 2789.17
20.0157 387.379 2919.99
35.2691 254.86 3161.94
-90.4569 -815.773 2983.13
297.217 435.487 3036.83
-59.1398 6.07778 3122.23
12.2677 -427.07 3151.45
49.9549 419.032 3050.8
-28.9101 186.748 2979.83
FRAME: 102
67.3819 646.646 2905.31
137.09 342.472 2569.59
-92.9041 -895.781 2991.89
337.682 471.323 2410.77
-92.1346 -21.6647 2948.03
-23.1416 -470.831 2917.36
-9.379 371.92 2789.12
18.6834 402.07 2920.66
40.5847 303.408 3172.6
-83.8365 -803.38 2971.2
227.507 505.509 2780.94
-56.1297 17.5184 3118.67
11.9003 -413.161 3139.9
46.7458 432.22 3052.19
-27.7244 199.999 2977
FRAME: 103
67.4158 655.108 2912.29
127.073 374.286 2564.96
-90.1122 -894.565 2985.61
313.598 563.919 2428.61
-94.2508 -9.34331 2942.07
-15.0654 -466.905 2909.08
-12.0761 385.985 2789.89
17.6655 414.257 2920.88
57.6293 341.85 3149.61
-78.0133 -784.212 2961.52
223.674 534.66 2770.06
-54.8166 28.5061 3116.93
8.89535 -382.369 3102.11
47.4071 442.529 3051.87
-28.4341 211.919 2975.19
FRAME: 104
68.4163 661.619 2915.71
105.394 409.384 2562.81
-86.567 -895.402 2980.68
308.02 591.85 2437.16
-92.6175 -2.04628 2938.85
-9.393 -463.011 2902.27
-12.0842 395.95 2788.97
16.6001 423.835 2920.85
26.8117 337.583 3190.98
-75.4652 -780.005 2975.9
99.0171 374.184 2972.33
-54.3937 35.349 3115
6.76847 -371.687 3084.06
45.2844 451.719 3052.74
-28.4527 220.243 2973.89
FRAME: 105
70.4143 670.689 2926.41
92.7835 427.641 2564.42
-85.3191 -890.282 2975.13
300.763 587.427 2457.77
-87.9981 3.27294 2932.91
-2.05641 -453.613 2892.49
-10.8095 404.375 2791.2
14.5694 431.355 2922.67
19.7537 350.928 3182.11
-70.1771 -774.406 2965.82
102.517 394.652 2951.69
-53.1066 40.5962 3114.28
4.75361 -357.238 3043.53
39.9483 458.335 3054.14
-27.9915 226.645 2973.13
FRAME: 106
66.5688 680.797 2936.32
83.3539 448.597 2557.34
-83.2203 -884.154 2963.41
277.917 642.666 2445.83
-83.7735 7.99439 2923.7
0.0090485 -449.102 2886.31
-10.7024 415.197 2788.88
12.7336 441.264 2920.74
26.6766 375.651 3135.44
-64.647 -767.267 2953.33
96.7028 378.068 2928.31
-50.5662 45.0367 3110.8
5.17281 -348.335 3001.3
36.1697 467.331 3052.6
-27.2181 233.89 2968.99
FRAME: 107
59.2973 680.759 2936.85
82.7795 467.515 2550.32
-83.4096 -878.546 2947.72
259.789 715.928 2415.42
-73.6778 5.26988 2907.19
8.11063 -444.147 2859.12
-9.68105 419.873 2777.86
8.59986 446.872 2913.39
25.9077 396.408 3089.21
-60.7153 -769.437 2935.19
141.365 461.619 2778.99
-46.8864 44.8795 3106.36
5.52249 -341.496 2966.51
26.8808 473.871 3048.92
-25.8411 235.973 2960.08
FRAME: 108
53.3427 678.334 2931.44
85.3784 489.162 2529.84
-83.3632 -877.12 2937.16
270.018 721.487 2402.47
-61.6896 5.63083 2883.37
9.12986 -445.084 2841.59
-7.28566 428.109 2760.76
5.49259 455.528 2902.43
16.3778 418.529 3117.35
-60.3842 -781.3 2904.87
121.405 410.639 2810.53
-42.3601 47.2081 3098.17
1.01263 -342.176 2936.81
18.2708 482.947 3044.1
-23.2661 240.974 2946.6
FRAME: 109
47.5974 678.179 2923.73
76.2614 493.512 2512.73
-82.3449 -882.98 2929.31
288.782 706.151 2412.1
-58.812 6.27647 2867.9
9.64076 -453.14 2830.08
-12.8635 435.948 2740.62
0.173003 464.923 2888.74
15.8215 425.819 3107.89
-62.9374 -789.537 2895.48
79.3087 323.688 2891.59
-39.5404 49.4731 3089.31
-1.55483 -346.54 2931.63
13.2095 493.898 3036.87
-24.5016 246.399 2933.67
FRAME: 110
41.1864 678.598 2910.38
74.5753 504.282 2495.02
-81.6717 -882.421 2925.65
300.493 699.111 2409.13
-56.4062 4.47065 2855.41
6.65093 -461.107 2816.26
-16.3296 437.838 2727.02
-3.66556 467.347 2878.07
17.1852 441.181 3093.59
-67.3905 -801.067 2886.48
94.5161 345.773 2844.59
-37.7858 48.0258 3080.15
-9.20431 -352.019 2871.67
8.99846 496.856 3029.12
-25.3808 246.798 2922.93
FRAME: 111
33.1218 678.745 2884.45
61.7546 503.232 2476.52
-80.5192 -882.8 2920.68
292.94 679.098 2404.43
-50.9252 4.52046 2839.91
3.09576 -462.248 2806.94
-19.1557 440.447 2712.91
-8.09571 470.271 2867.54
7.76485 417.209 3091.1
-70.6344 -806.554 2877.51
35.4352 160.729 3029.46
-34.3967 48.9166 3070.96
4.35951 -364.209 2907.21
2.96433 500.095 3022.17
-25.3783 248.495 2911.49
FRAME: 112
19.111 676.065 2874.24
38.8297 493.305 2467.84
-75.015 -882.014 2917.22
266.464 655.146 2389.42
-54.2411 6.13115 2828.72
5.17473 -460.316 2791.85
-33.6475 444.899 2704.37
-17.9223 472.724 2855.45
-13.3812 411.77 3083.32
-78.2733 -813.875 2872.27
15.9136 98.3991 3097.21
-31.6355 47.9687 3052.98
7.66695 -372.258 2906.21
-2.19708 500.55 3006.53
-30.4303 249.887 2898.15
FRAME: 113
9.29525 673.449 2866.36
11.5343 481.658 2450.89
-66.2253 -871.821 2908.82
245.668 653.751 2370.23
-46.5141 15.862 2813.66
12.3597 -451.098 2778.16
-54.6304 459.514 2700.06
-27.5786 477.052 2846.59
-38.8414 393.67 3082.8
-88.9728 -827.888 2876.52
11.4427 107.676 3099.07
-16.7557 40.942 2989.84
9.57173 -396.644 2909.44
-0.52692 494.589 2993.13
-29.6068 252.727 2874.17
FRAME: 114
7.59555 666.735 2847.58
-27.8376 398.18 2434.04
-68.0549 -869.007 2898
215.321 619.421 2263.57
-55.1066 11.1281 2797.03
9.99125 -451.885 2762.15
-71.0001 453.173 2691.82
-27.6221 470.777 2823.72
55.7575 406.57 3077.46
-86.7651 -827.442 2870.5
67.1923 198.545 3059.63
-1.0558 36.3699 2967.87
27.055 -401.298 2912.22
15.7559 488.381 2955.62
-27.8517 247.263 2853.09
FRAME: 115
6.79383 661.956 2830.52
-52.9022 357.777 2438.2
-68.9968 -870.511 2892.12
188.125 566.681 2257.82
-66.0358 -2.72397 2779.39
6.67373 -457.743 2753.49
-108.629 433.074 2693.9
-15.2488 443.754 2795.78
268.018 452.238 3022.72
-78.7969 -803.801 2907.5
80.4737 277.446 3066.17
42.7959 9.66723 2897.79
42.8259 -408.905 2921.96
78.1318 454.434 2897.67
-13.4344 223.613 2817.19
FRAME: 116
-1.26781 657.868 2808.93
-72.845 329.54 2440.11
-73.3219 -872.422 2891.33
163.69 504.557 2265.7
-68.3948 -13.7784 2773.32
-7.2165 -467.507 2752.31
-122.55 424.632 2691.36
-18.4524 436.918 2777.05
352.814 494.287 2912.21
-78.2208 -797.51 2924.59
79.15 326.929 3012.83
57.8603 1.11349 2877.09
59.8502 -424.828 2896.07
85.6452 449.204 2862.75
-11.8598 215.293 2801.13
FRAME: 117
-9.80541 659.449 2797.52
-98.954 290.228 2450.3
-78.3891 -871.391 2891.16
136.571 478.562 2258.71
-73.5188 -21.6052 2763.9
-23.8513 -475.641 2749.81
-140.852 416.033 2686.74
-26.7722 430.712 2766.85
352.806 517.884 2847.46
-76.4712 -792.978 2925.62
82.6225 351.841 2967.99
68.9257 -3.3097 2863.75
70.8945 -443.962 2869.38
87.3072 445.392 2846.96
-14.5344 209.127 2790.34
FRAME: 118
-14.2647 662.826 2786.3
-120.949 258.879 2462.83
-80.9448 -877.794 2894.55
107.46 442.766 2251.59
-76.9068 -27.5663 2755.33
-41.2374 -484.819 2753.56
-152.419 415.758 2681.6
-27.7859 431.119 2756.09
355.504 552.046 2803.86
-82.3787 -793.403 2934.75
96.4885 363.968 2960.58
79.34 -8.22857 2848.84
94.4225 -466.284 2876.93
96.8468 446.479 2830.59
-13.2846 206.611 2779.09
FRAME: 119
-31.4644 672.532 2755.35
-155.175 221.652 2487.66
-80.8012 -878.052 2896.82
33.8837 352.805 2250.18
-82.4408 -17.9043 2749.66
-53.4083 -471.449 2760.49
-165.004 417.006 2678.57
-31.4392 432.892 2733.44
216.207 491.489 2613.76
-81.7806 -801.41 2961.17
152.428 440.242 2934.63
87.2741 2.40935 2819.62
112.191 -449.901 2876.58
102.126 448.779 2788.31
-14.5113 212.572 2759.04
FRAME: 120
-37.993 678.953 2718.76
-238.472 179.987 2555.65
-82.408 -868.749 2905.34
-74.9267 260.553 2277.44
-88.5441 -4.83333 2750.92
-63.7627 -458.588 2768.31
-182.591 429.065 2673.83
-41.1079 444.585 2695.8
225.114 595.051 2551.22
-65.921 -789.105 2996.9
167.936 524.366 2833.82
84.0396 14.2411 2777.37
105.217 -434.996 2849.69
100.375 460.106 2717.78
-21.6801 224.645 2729.98
FRAME: 121
-43.0172 684.867 2694.81
-265.454 179.714 2580.4
-83.3558 -860.05 2906.05
-117.889 223.42 2274.99
-92.9579 8.96623 2746.85
-71.558 -446.335 2770.02
-198.143 438.697 2673.36
-49.7359 455.151 2681.16
218.522 602.908 2520.94
-52.5161 -779.626 3033.47
248.664 927.515 2493.9
82.1413 28.5307 2756.31
101.57 -428.893 2836.95
98.6711 471.604 2688.95
-27.5721 236.95 2716.37
FRAME: 122
-47.8633 690.025 2674.03
-280.435 180.279 2630.49
-83.9979 -851.568 2906.02
-203.363 142.758 2389.09
-95.5267 22.4342 2744.65
-77.7514 -435.132 2771
-205.565 443.02 2674.55
-57.4568 459.414 2666.73
172.948 607.329 2453.75
-50.923 -775.721 3031.53
152.432 821.678 2259.03
82.3173 42.2375 2735.4
101.179 -416.591 2821.83
90.6518 475.808 2658.92
-32.0307 245.875 2703.38
FRAME: 123
-53.6472 691.758 2658.02
-293.212 186.866 2660.96
-84.0266 -848.328 2906.22
-242.459 126.918 2372.22
-100.556 35.4457 2742.53
-83.6889 -428.423 2771.04
-206.133 447.126 2677.71
-59.6466 461.324 2658.35
147.421 612.484 2418.28
-40.0121 -760.55 3046.13
127.36 799.091 2212.07
80.701 53.0917 2718.66
98.9296 -408.405 2809.49
86.8397 475.521 2638.99
-34.787 252.796 2694.47
FRAME: 124
-55.9025 693.629 2645.95
-295.02 199.4 2705.7
-83.7141 -843.535 2905.35
-299.297 107.979 2419.84
-100.499 39.5392 2741.55
-86.1112 -421.082 2769.06
-205.673 452.489 2675.06
-61.3524 465.188 2645.9
133.861 598.124 2396.01
-31.0865 -748.353 3061.7
104.757 773.505 2162.51
82.0238 55.671 2704.75
97.5163 -406.931 2803.38
82.9685 477.888 2616.74
-35.2951 256.397 2684.52
FRAME: 125
-61.8027 691.781 2631.88
-291.741 197.538 2723.15
-82.6812 -837.815 2905.82
-331.108 74.9704 2453.96
-98.4877 44.2084 2741.21
-86.3259 -413.553 2767.47
-208.109 449.204 2676.16
-64.063 461.522 2633.4
121.493 590.533 2366.17
-31.6222 -740.856 3059.72
75.3186 724.511 2093.17
87.0178 60.0845 2686.25
98.0354 -395.932 2785.46
79.9829 473.839 2590.65
-34.899 256.834 2673.57
FRAME: 126
-62.764 688.832 2619.47
-279.352 189.477 2741.38
-80.1436 -838.722 2911.13
-349.212 38.7361 2501.53
-98.1665 47.6792 2740.23
-85.3135 -413.546 2769.94
-209.44 446.612 2676.11
-66.4223 456.945 2622.93
98.4298 559.279 2312.94
-9.85814 -708.693 3122.68
11.6674 657.474 1976.7
85.2111 60.9858 2672.23
94.5932 -394.113 2784.41
76.5955 467.277 2569.76
-36.45 255.639 2664.58
FRAME: 127
-57.666 681.687 2596.16
-267.28 181.206 2751.81
-79.1222 -834.152 2911.32
-369.942 -0.94748 2544.64
-95.7753 47.8435 2744.74
-83.7366 -409.375 2772.57
-210.119 439.801 2675.04
-69.3071 448.089 2615.1
54.4458 523.305 2289.63
-5.78747 -693.615 3125.28
-33.2548 574.343 1989.37
81.8512 58.3414 2669.3
94.5576 -389.91 2776.15
71.5048 456.377 2555.16
-38.1346 250.591 2661.06
FRAME: 128
-77.451 649.094 2588.1
-239.185 186.773 2775.79
-76.0992 -836.296 2915.28
-371.49 -50.2505 2601.1
-91.3151 41.5611 2751.4
-80.2947 -414.49 2778.8
-207.169 429.891 2675.12
-71.7997 435.597 2609.1
4.27676 441.701 2253.54
-5.53806 -685.548 3113.47
-134.747 448.708 1999.05
79.0421 48.8155 2668.58
93.8934 -389.698 2774.59
63.5699 441.304 2543.07
-38.9681 240.393 2659.54
FRAME: 129
-94.6214 635.172 2592.38
-235.089 193.666 2770.61
-74.6431 -836.471 2913.69
-368.663 -85.382 2647
-91.2549 36.2235 2750.99
-79.8209 -422.168 2779.09
-197.164 426.12 2659.82
-68.874 427.313 2593.08
-15.5054 395.449 2265.5
-5.97067 -686.805 3123.07
-168.205 365.329 2020.67
75.5088 37.7971 2665.16
95.4912 -407.086 2773.25
59.4159 428.506 2526.33
-38.3735 232.162 2650.57
FRAME: 130
-118.195 617.214 2590.51
-230.749 176.51 2774.42
-69.8849 -842.358 2917.31
-340.508 -117.208 2716.7
-85.5146 26.3849 2758.22
-74.6192 -432.275 2783.66
-193.808 413.55 2670.89
-73.114 411.297 2592.43
-54.0618 258.592 2331.86
-12.2234 -688.627 3120.64
-239.535 176.299 2187.13
72.5611 23.3543 2655.96
97.3216 -411.766 2773.26
47.5802 409.044 2513.98
-39.7954 218.083 2649.76
FRAME: 131
-129.595 604.243 2584.39
-214.433 141.432 2793.32
-65.9494 -842.229 2924.08
-331.372 -178.445 2787.8
-74.9709 16.7942 2760.06
-66.3696 -441.671 2788.53
-196.45 397.503 2679.12
-82.9588 395.89 2592.54
-74.7829 207.123 2363.41
-17.0105 -698.225 3113.05
-324.094 -56.6889 2312.29
69.2772 14.8251 2650.39
96.3198 -421.072 2768.12
30.5326 394.277 2505.97
-42.9028 205.85 2648.88
FRAME: 132
-138.367 593.844 2577.97
-206.016 134.607 2790.06
-61.023 -839.829 2931.86
-309.051 -211.672 2818.65
-67.4266 7.1505 2769.91
-57.829 -445.131 2798
-196.399 383.117 2681.18
-92.8494 379.599 2589.05
-87.1608 145.451 2429.41
-23.4411 -704.508 3115.45
-326.793 -142.337 2424.23
69.3732 2.67091 2648.79
94.2807 -430.046 2763.03
10.7 376.081 2496.92
-45.9381 192.255 2649.2
FRAME: 133
-149.156 576.313 2571.49
-196.101 120 2793.51
-60.8118 -834.895 2935.37
-339.197 -178.746 2684.72
-62.7251 -7.77493 2783.59
-58.1384 -452.42 2804.51
-201.945 351.681 2690.07
-104.137 349.243 2594.99
-98.7684 101.388 2489.49
-19.6775 -720.998 3110.28
-302.21 -187.798 2522.19
73.8388 -10.9551 2651.39
95.9522 -445.592 2764.06
-6.32999 346.804 2499.91
-49.2903 169.939 2656.24
FRAME: 134
-159.468 558.752 2566.46
-200.038 73.1865 2768.36
-56.7453 -841.603 2940.3
-367.119 -240.03 2586.1
-54.8338 -30.6575 2789.78
-57.3613 -484.136 2818.71
-204.875 322.594 2697.01
-109.454 322.941 2599.86
-96.9901 78.6668 2512.3
-18.5852 -712.121 3105.33
-284.441 -186.862 2596.52
82.2941 -30.026 2650.43
98.5686 -448.152 2770.97
-14.0339 323.287 2502.71
-47.8621 146.299 2659.98
FRAME: 135
-182.344 531.453 2554
-205.939 12.1713 2711.75
-54.2093 -844.185 2946.39
-342.453 -227.627 2632.3
-46.9918 -41.6055 2796.81
-51.6163 -489.267 2826.67
-206.353 301.489 2692.75
-116.438 301.712 2595.95
-83.9782 50.6548 2550.89
-24.4839 -720.76 3100.58
-241.556 -197.411 2752.26
89.4835 -41.1672 2650.27
105.794 -479.292 2772.5
-26.5239 301.935 2499.14
-47.5962 130.163 2659.74
FRAME: 136
-193.839 521.148 2548.8
-213.911 -14.1137 2676.56
-53.3572 -846.645 2944.12
-326.883 -235.128 2700.08
-47.437 -45.2141 2795.46
-45.0551 -487.146 2825.24
-205.884 293.35 2688.69
-115.843 294.892 2599.53
-75.1666 46.0527 2561.46
-21.2563 -717.761 3110.85
-222.845 -169.561 2789.78
91.7646 -43.0444 2656.54
115.56 -490.664 2776.95
-25.8022 296.435 2510.36
-46.8397 125.382 2662.77
FRAME: 137
-203.815 513.579 2546.33
-219.767 -32.4617 2667.3
-52.3817 -844.726 2942.13
-287.199 -212.065 2801.69
-43.4488 -51.7363 2800.5
-41.8586 -490.103 2827.78
-206.293 288.891 2687.88
-118.543 289.958 2598.7
-73.069 31.3504 2575.37
-23.229 -720.607 3116.46
-205.21 -133.084 2787.29
94.23 -50.4512 2658.74
121.486 -506.071 2784.39
-30.7929 291.026 2509.51
-46.5761 119.432 2664.16
FRAME: 138
-211.293 507.108 2544.05
-220.014 -33.4139 2655.17
-53.4678 -845.646 2937.14
-269.395 -173.201 2849.44
-42.2214 -58.6948 2799.36
-42.2561 -492.801 2824.77
-203.075 284.018 2683.55
-116.067 285.929 2599.15
-69.4073 32.4427 2581.87
-28.9543 -727.734 3123.44
-164.521 -100.817 2761.54
97.1483 -55.4949 2665.34
129.718 -517.904 2788.81
-29.0591 287.841 2514.74
-44.3017 114.417 2665.75
FRAME: 139
-215.714 503.545 2542.39
-222.283 -23.7323 2652.66
-57.3191 -850.127 2926.25
-266.221 -135.134 2851.73
-46.1392 -63.6551 2787.68
-46.8476 -500.319 2815.27
-190.345 276.732 2662.24
-109.22 281.151 2596.04
-80.0053 37.3812 2608.37
-27.5984 -726.51 3128.38
-157.296 -109.965 2778.96
100.25 -53.2553 2677.79
142.702 -523.921 2805.46
-28.0942 285.57 2529.84
-41.0821 111.348 2664.39
FRAME: 140
-218.215 503.352 2540.86
-214.622 -14.8219 2648.25
-59.662 -851.978 2920.56
-252.661 -115.873 2862.1
-48.7449 -68.0698 2786.65
-48.7123 -500.103 2809.47
-185.795 276.56 2652.9
-106.538 281.751 2592.39
-78.8919 42.3882 2596.36
-15.2922 -725.804 3152.21
-186.703 -90.9163 2788.6
103.183 -55.3206 2684.16
138.151 -517.926 2820.27
-27.2818 286.943 2531.88
-39.6597 110.028 2663.9
FRAME: 141
-219.193 505.224 2539.96
-209.576 0.819667 2668.93
-58.6966 -852.879 2921.35
-256.953 -102.873 2862.72
-49.2882 -67.9409 2791.65
-48.831 -497.864 2809.6
-188.528 277.476 2655.78
-109.612 282.176 2594.1
-74.1154 37.9314 2590.24
-15.7018 -729.602 3155.75
-200.14 -78.1727 2785.45
99.3799 -56.5362 2688.19
128.643 -511.084 2826.04
-30.6948 286.875 2532.42
-42.2829 109.968 2667.01
FRAME: 142
-218.172 505.494 2540.27
-195.94 12.0798 2692.86
-58.9967 -851.632 2926.42
-262.941 -106.47 2843.1
-49.9724 -72.6498 2801.5
-50.1441 -496.769 2816.56
-193.462 280.782 2665.06
-113.445 284.088 2597.49
-68.527 40.67 2583.05
-12.1635 -731.71 3160.2
-194.09 -67.7865 2789.49
99.4451 -63.948 2687.69
107.465 -498.914 2839.76
-33.4288 287.394 2529.92
-44.3545 107.895 2671.04
FRAME: 143
-217.183 507.15 2541.79
-180.618 35.2956 2728.56
-57.6163 -850.468 2935.45
-268.507 -119.403 2804.88
-51.7768 -63.2643 2811.29
-48.0471 -487.538 2823.05
-198.947 288.747 2674.59
-118.012 289.118 2598.92
-65.216 43.0183 2583.02
-21.0931 -738.917 3144.6
-218.717 -74.519 2795.09
94.9447 -60.3208 2684.29
102.198 -498.791 2815.37
-37.0769 289.488 2523.24
-48.2139 113.663 2673.35
FRAME: 144
-212.778 511.516 2545.14
-180.434 45.4745 2742.25
-57.6799 -848.311 2945.6
-265.141 -95.142 2750.97
-50.964 -58.6442 2820.04
-48.93 -479.643 2832.5
-206.774 294.162 2679.54
-124.777 292.569 2596.09
-51.7032 51.5037 2605.15
-21.0932 -735.729 3136.06
-217.461 -73.9898 2783.82
91.6282 -60.6336 2679.79
99.8592 -501.75 2807.86
-42.7791 290.975 2512.63
-52.2223 116.465 2673
FRAME: 145
-204.283 520.014 2552.93
-182.126 46.9822 2749.4
-57.9017 -850.151 2949.71
-266.867 -80.3382 2704.73
-51.4161 -57.5386 2823.4
-53.1464 -478.347 2837.53
-218.813 302.979 2700.76
-129.5 303.119 2610.24
-44.7806 59.5161 2597.4
-21.0757 -740.927 3136.48
-233.617 -71.6131 2790.64
85.0177 -57.2457 2685.64
96.1129 -504.201 2808.38
-40.188 303.259 2519.71
-56.3498 122.863 2682.38
FRAME: 146
-197.626 529.711 2558.97
-177.113 64.735 2767.46
-58.8888 -852.039 2948.32
-266.092 -77.199 2740.01
-56.0033 -45.2926 2830.19
-63.7994 -474.718 2841.2
-227.367 324.455 2722.47
-132.516 322.865 2623.11
-23.9967 79.4688 2594.03
-22.7163 -737.317 3139.78
-246.419 -61.6413 2745.98
72.0166 -47.305 2696.33
90.4948 -497.008 2808.09
-37.6647 321.275 2523.76
-62.2547 138.283 2693.19
FRAME: 147
-189.278 541.83 2565.44
-173.247 71.1593 2784.28
-61.4535 -852.026 2948.56
-237.189 -76.9478 2799.2
-61.4892 -37.2661 2833.97
-70.1741 -469.563 2842.28
-231.932 342.697 2733.92
-133.462 341.032 2632.39
-6.20903 103.435 2591.34
-19.2314 -737.529 3147.74
-263.126 -76.213 2731.66
63.9533 -39.2691 2704.97
85.6806 -496.763 2813.24
-34.9911 339.368 2530.87
-66.1148 151.382 2700.93
FRAME: 148
-175.171 557.939 2575.02
-208.837 131.612 2880.25
-66.9267 -856.569 2948.6
-258.945 -96.0505 2802.46
-74.5385 -27.3405 2837.04
-81.7678 -468.864 2841.16
-238.784 357.274 2753.86
-133.755 356.133 2650.01
0.103954 105.965 2574.05
-24.1776 -736.38 3123.32
-244.355 -63.3883 2640.78
48.1641 -28.6572 2715.98
76.5311 -476.415 2814.08
-28.7254 354.991 2546.16
-73.471 164.067 2713.26
FRAME: 149
-154.966 581.204 2591.56
-239.417 159.558 2912.9
-76.81 -859.907 2939.03
-370.728 -102.186 2777.89
-96.7183 -20.8549 2845.59
-99.7971 -467.288 2837.11
-237.863 372.392 2758.45
-120.565 369.648 2665.15
7.3631 93.6988 2555.59
-22.1508 -738.028 3143.99
-221.151 -72.0253 2596.04
38.3369 -24.0357 2738.21
71.0693 -463.019 2839.94
-3.26585 366.905 2571.86
-74.8777 173.602 2728.53
FRAME: 150
-138.635 597.67 2609.44
-248.421 166.3 2916.83
-86.9213 -866.401 2935.78
-379.511 -82.1973 2756.98
-108.377 -16.3172 2856.9
-109.262 -470.648 2836.62
-239.962 384.884 2766.71
-115.137 378.828 2678.86
27.7896 85.2208 2550.65
-28.7014 -744.795 3165.38
-208.89 -85.7395 2574.63
24.2065 -22.7926 2763.61
64.8213 -450.821 2868.93
9.68746 372.772 2591
-78.611 179.637 2744.55
FRAME: 151
-128.34 609.038 2622.26
-267.289 168.215 2914.97
-93.0893 -866.824 2934.7
-376.499 -77.2172 2726.29
-122.702 -12.1387 2873.25
-116.146 -468.771 2844.86
-243.514 397.496 2775.49
-110.982 388.467 2691.42
63.7969 87.7349 2573.31
-28.6242 -746.589 3184.67
-174.76 -83.4081 2573.5
18.8346 -22.0457 2783.61
58.7673 -450.5 2890.69
21.5488 379.437 2607.35
-81.458 185.687 2759.93
FRAME: 152
-118.08 617.269 2632.52
-289.64 170.249 2906.56
-95.0616 -864.651 2935.45
-362.853 -64.5866 2690.04
-135 -8.22637 2882.04
-121.437 -467.835 2860.89
-247.152 405.518 2778.13
-107.329 396.034 2702.01
102.715 101.721 2605.66
-31.8671 -746.962 3195.04
-136.004 -82.0391 2569.52
15.9331 -18.614 2799.88
57.0365 -450.29 2905.16
32.4944 386.549 2625.9
-83.4311 191.307 2771.49
FRAME: 153
-109.004 625.041 2641.51
-304.151 178.809 2904.62
-97.3721 -866.107 2937.75
-344.028 -62.1269 2657.86
-143.924 -6.52762 2890.05
-123.942 -466.047 2870.94
-249.117 408.454 2779.31
-103.754 400.433 2712.35
134.298 113.557 2647.74
-39.0094 -758.442 3208.76
-97.2982 -79.1544 2587.07
20.003 -15.5788 2814.68
51.6114 -450.613 2920.44
41.6091 392.412 2645.4
-82.8573 194.69 2782.36
FRAME: 154
-97.9279 632.829 2660.35
-311.237 181.589 2905.78
-98.3375 -875.102 2940.8
-316.665 -59.669 2626.85
-149.832 -11.3924 2896.49
-125.402 -473.666 2878.42
-248.475 408.546 2783.62
-97.0588 402.052 2726.16
156.022 119.591 2682.67
-55.1371 -763.55 3225.77
-66.9851 -72.9625 2622.75
24.3817 -18.846 2830.49
34.6219 -464.605 2926.55
54.3574 395.558 2668.71
-79.8919 193.466 2794.82
FRAME: 155
-80.797 638.671 2692.91
-310.911 173.615 2905.18
-102.916 -886.264 2947.12
-284.67 -58.7621 2704.48
-156.837 -21.9042 2907.94
-123.377 -483.28 2889.49
-247.224 405.8 2789.29
-88.5085 404.177 2754.41
180.541 134.883 2752.19
-67.1251 -762.989 3242.59
-18.4131 -76.8185 2680.87
29.8531 -23.8234 2866.84
32.8091 -472.015 2951.26
70.2067 402.553 2719.53
-76.0002 190.656 2820.9
FRAME: 156
-67.8242 639.173 2711.99
-309.78 163.254 2897.14
-106.932 -884.344 2955.29
-240.653 -40.9347 2677.72
-155.442 -19.9142 2918.84
-120.808 -477.821 2901.08
-246.279 402.074 2793.79
-83.43 403.908 2771.73
200.573 146.1 2823.24
-71.6332 -763.833 3250.68
7.16696 -79.2724 2713.03
34.3821 -17.7894 2893.1
37.5648 -471.166 2966.97
79.4194 405.742 2749.67
-71.9799 192.528 2838.85
FRAME: 157
-46.4194 636.744 2732.59
-290.396 148.273 2884.2
-106.774 -879.295 2954.45
-220.299 -70.9104 2691.35
-160.717 -21.8193 2929.95
-120.224 -472.331 2905.15
-234.68 402.948 2800.16
-73.4925 404.021 2795.5
187.487 164.289 2898.5
-72.8474 -780.539 3263.09
41.6134 -103.984 2781.36
26.9515 -20.5882 2924.56
21.2141 -470.061 3012.45
87.695 405.095 2790.84
-70.1875 191.409 2861.38
FRAME: 158
-29.9542 635.011 2756.52
-265.06 129.665 2866.82
-107.354 -877.344 2957.19
-179 -89.3559 2686.17
-162.269 -20.6715 2935.39
-120.647 -470.934 2911.68
-219.125 398.368 2803.15
-59.5991 397.613 2818.21
175.147 157.567 2954.51
-73.6496 -785.262 3283.26
49.5814 -106.842 2814.42
15.4361 -21.347 2952.26
13.5786 -442.014 3066.98
99.9265 396.857 2833.26
-66.5077 188.302 2881.01
FRAME: 159
-19.1643 632.517 2773.4
-236.19 105.547 2866.81
-110.618 -870.674 2962.84
-80.3287 -94.0117 2719.75
-156.232 -24.3526 2961.19
-116.905 -467.348 2929.08
-204.228 386.886 2806.41
-48.1224 388.484 2837.03
167.238 129.683 2989.47
-71.961 -789.121 3283.01
55.8646 -147.331 2867.41
11.8428 -22.4217 2994.08
-3.89105 -407.836 3103.45
107.983 390.081 2867.65
-60.1586 182.548 2907.33
FRAME: 160
-10.1594 629.678 2782.89
-209.622 81.1892 2854.34
-121.102 -877.071 2989.42
-38.8672 -230.772 2682.72
-160.402 -30.8902 2998.42
-118.517 -471.682 2968.87
-187.671 364.221 2801.66
-41.3178 379.643 2858.85
143.742 117.499 3033.34
-55.462 -803.416 3249.29
47.2969 -119.803 2900.49
22.026 -11.2345 3070.5
2.3433 -433.896 3188.87
105.036 395.065 2916.04
-55.2529 179.29 2946.65
FRAME: 161
5.05788 625.059 2796.55
-191.132 71.3235 2854.45
-119.354 -871.658 2988.16
1.35004 -262.164 2720.12
-153.437 -26.3518 3007.86
-113.343 -466.158 2973.31
-172.787 360.634 2808.75
-32.2171 375.187 2868.49
128.073 107.099 3057.57
-103.823 -851.717 2993.81
80.8766 -148.626 2942.04
18.6588 -8.4662 3081.13
-32.3594 -459.484 3168.21
108.352 389.741 2928.24
-49.8031 178.889 2956.49
FRAME: 162
14.2116 621.05 2807.42
-175.498 67.2603 2849.51
-123.128 -871.789 2995.44
4.65701 -257.147 2756.67
-147.109 -32.0165 3013.76
-109.884 -481.694 2977.56
-157.223 358.32 2810.2
-26.7544 376.056 2877.54
106.9 122.69 3089.68
-108.511 -841.096 2993.66
100.127 -153.045 2961.74
16.9821 -9.54922 3098.6
-28.5272 -460.861 3159.69
103.714 393.792 2944.87
-45.909 177.637 2966.86
FRAME: 163
23.8969 618.396 2819.55
-172.033 68.2011 2850.94
-120.436 -873.182 2992.3
22.1792 -259.777 2750.67
-142.358 -29.5589 3016.09
-106.538 -476.942 2971.29
-143.537 357.996 2815.47
-24.2596 377.839 2886.62
91.5993 136.078 3099.89
-117.43 -822.172 3031.19
105.861 -138.235 3010.57
14.5916 -3.23083 3109.72
-32.3039 -461.206 3122.74
95.0176 397.681 2957.76
-44.0715 180.722 2974.76
FRAME: 164
32.8753 613.083 2844.39
-143.972 76.6798 2851.98
-110.361 -873.414 2980.51
54.1976 -187.713 2728.86
-129.588 -31.2813 3013.84
-90.1165 -471.786 2962.58
-124.763 354.593 2838.97
-23.4366 376.514 2927.36
83.443 142.518 3117.38
-126.848 -816.253 3054.73
152.927 -122.406 3092.44
3.14581 -2.58523 3129.06
-17.7287 -445.754 3128.87
77.89 398.435 3015.75
-43.3287 179.79 2999.4
FRAME: 165
37.6935 608.012 2866.83
-102.697 80.8047 2833.41
-106 -869.75 2977.5
89.1687 -239.067 2692.83
-124.224 -29.3021 3012.53
-75.151 -460.213 2961.55
-106.793 352.408 2851.32
-21.0686 374.377 2946.93
74.3193 155.771 3137.63
-127.201 -820.113 3072.63
209.359 -115.577 3177.65
-8.12194 0.364581 3141.67
-13.494 -434.594 3121.64
64.6555 396.347 3042.53
-43.6208 179.954 3012.01
FRAME: 166
39.3618 608.594 2882.37
-73.7809 87.1364 2816.58
-98.7131 -872.57 2972.7
128.492 -213.527 2671.18
-114.756 -31.6559 3012.52
-70.9521 -462.788 2958.47
-95.5477 358.755 2858.77
-18.2538 380.03 2961.71
74.2123 176.239 3174.03
-131.933 -822.892 3099.43
245.907 -101.281 3248.99
-14.8788 -3.91395 3146.08
-14.5906 -449.486 3143.63
59.0401 401.305 3064.65
-41.5355 181.122 3020.51
FRAME: 167
41.8957 608.765 2898.17
-31.0744 91.8179 2782.72
-100.491 -875.77 2980.25
170.371 -161.446 2601.38
-112.364 -35.9529 3021.51
-65.715 -471.036 2962.86
-82.7356 356.521 2858.2
-17.2976 381.253 2968.17
61.6877 180.619 3197.84
-123.401 -817.375 3143.57
244.255 -76.5675 3252.49
-30.2335 -4.24573 3160.49
-17.2384 -444.375 3182.85
48.1403 405.984 3078.15
-44.2982 180.577 3029.59
FRAME: 168
41.423 615.497 2911.38
-4.85223 97.0473 2764.55
-98.3187 -875.867 2980.8
210.349 -108.489 2540.27
-118.472 -31.7617 3027.29
-62.1659 -472.934 2962.74
-76.8548 358.853 2857.15
-17.6136 384.833 2972.24
55.4757 187.791 3223.2
-113.361 -805.198 3193.38
222.74 -37.0784 3130.57
-47.7325 -0.169772 3165.99
-7.24765 -433.304 3214.11
41.6276 410.814 3087.34
-50.3579 184.434 3034.44
FRAME: 169
39.977 620.416 2918.4
7.41468 148.707 2728.17
-96.8073 -874.552 2982.08
221.801 -8.62073 2533.45
-122.767 -28.9396 3026.58
-53.9056 -462.078 2962.09
-76.8717 363.783 2856.59
-21.9842 390.427 2975.09
37.5385 208.245 3221.27
-112.486 -804.931 3203.69
187.389 38.9368 3227.21
-57.3906 2.93929 3168.14
-4.73243 -421.796 3238.28
32.9033 417.072 3093.58
-56.0314 188.714 3036.22
FRAME: 170
35.3013 628.642 2924.59
41.7568 207.981 2669.7
-94.424 -872.436 2980.82
283.82 210.727 2358.58
-125.232 -23.8624 3019.37
-45.6792 -457.918 2958.4
-76.4114 370.128 2847.32
-27.4648 399.13 2971.9
25.6858 248.852 3239.67
-107.941 -798.24 3216.9
193.59 202.818 3193.86
-67.1312 10.6313 3167.67
-0.0996651 -409.711 3254.15
21.4817 428.131 3096.48
-61.8233 196.257 3032.71
FRAME: 171
26.9498 644.167 2929.51
52.4941 257.53 2640.03
-92.6034 -869.905 2978.97
292.416 320.337 2378.74
-124.063 -9.75873 3005.97
-41.161 -452.008 2952.52
-77.9857 388.739 2831.99
-33.5822 418.755 2960.84
67.8729 307.344 3178.3
-105.703 -795.334 3207.37
199.108 304.501 2805.4
-73.7678 24.2024 3152.05
0.867118 -397.416 3253.79
10.8212 448.77 3089.7
-66.2487 212.988 3019.93
FRAME: 172
19.4709 653.668 2931.79
78.7689 330.624 2610.42
-89.7534 -875.298 2977.43
290.043 432.483 2347.17
-117.671 -8.0508 2995.73
-43.2575 -452.479 2950.24
-71.9009 396.479 2827.39
-32.893 426.377 2959.68
33.7476 358.64 3195.54
-101.606 -799.22 3091.5
162.328 466.358 3002.28
-72.5298 26.3805 3148.69
-24.0733 -402.975 3156.58
6.11496 456.275 3091.97
-63.9967 217.771 3015.95
FRAME: 173
21.7823 657.97 2933.67
90.6375 379.688 2587
-88.054 -870.342 2974.21
279.915 510.954 2371.2
-115.951 0.750062 2988.86
-43.2663 -440.804 2940.06
-65.3783 405.071 2820.55
-31.5665 434.783 2955.07
-19.3188 404.571 3254.13
-96.9582 -802.583 3081.33
132.173 530.05 3125.8
-78.6822 33.7567 3138.22
-33.9826 -384.95 3080.74
2.24534 464.495 3089.59
-64.4417 226.018 3009.3
FRAME: 174
26.8831 674.684 2937.97
84.2222 429.709 2574.5
-86.2228 -865.597 2968.37
274.962 583.318 2410.7
-107.749 10.8874 2972.94
-39.5933 -433.419 2934.35
-59.361 418.233 2812.43
-29.47 443.976 2949.93
-21.672 419.079 3260.84
-89.1212 -826.822 2993.38
106.684 560.857 3059.89
-78.5939 38.2818 3111.68
-45.3052 -389.194 3030.45
0.420977 469.719 3087.42
-61.3207 234.28 2996.12
FRAME: 175
32.1513 689.363 2949.93
55.9604 486.736 2612.96
-84.1168 -861.572 2958.26
192.601 665.243 2438.76
-98.0873 18.7857 2958.36
-38.2824 -422.893 2922.38
-51.5811 429.796 2808.61
-28.1163 453.164 2946.82
-25.2807 431.205 3246.41
-85.5039 -832.48 2959.37
149.249 691.661 2730.18
-75.6195 45.1599 3098.09
-46.1785 -381.763 2999.29
-4.65138 476.531 3085.03
-57.4848 242.568 2987.52
FRAME: 176
34.8488 694.09 2950.31
80.8422 523.261 2615.87
-82.1904 -858.539 2955.71
203.188 677.992 2458.48
-80.3186 28.6043 2951.32
-37.7355 -419.671 2916.16
-42.1332 440.372 2797.46
-26.5739 464.867 2940.56
-23.5878 466.118 3228.39
-83.6302 -826.083 2974.61
187.14 787.453 2536.34
-67.0488 53.9178 3083.49
-54.501 -372.02 2956.43
-11.0146 489.361 3083.66
-50.1288 253.064 2978.98
FRAME: 177
32.4029 698.206 2951.52
91.9192 555.081 2590.54
-81.609 -855.429 2953.66
220.432 728.487 2451.75
-68.518 32.0463 2945.59
-33.3324 -422.194 2908.19
-38.635 451.494 2790.33
-26.5128 476.045 2934.52
-6.4363 499.581 3137.68
-82.09 -822.02 2975.51
184.131 809.47 2524.23
-59.0536 57.1159 3075.87
-51.8019 -371.705 2941.67
-14.3906 500.596 3078.72
-45.1493 260.313 2972.63
FRAME: 178
28.7976 705.589 2953.85
93.4232 564.48 2590.42
-78.2174 -853.173 2944.67
208.403 721.954 2460.54
-65.9725 47.6871 2932.65
-30.7242 -415.617 2896.35
-41.4802 463.749 2793.36
-28.7406 483.862 2934.76
22.3292 520.847 3010.77
-85.2352 -828.446 2964.96
184.316 849.014 2453.44
-55.9421 69.4942 3065.64
-47.1825 -367.563 2936.25
-16.0011 503.974 3076.15
-44.849 271.226 2966.95
FRAME: 179
22.8107 707.686 2952.97
79.359 588.593 2586.72
-75.4902 -853.013 2938.97
193.975 730.12 2465.14
-60.9387 51.7377 2925.76
-25.0156 -412.933 2884.17
-41.2984 468.333 2789.35
-30.3979 488.227 2929.36
28.3774 530.908 2960.54
-87.0097 -831.302 2963.2
204.101 897.358 2390.62
-52.034 73.4256 3061.54
-44.5881 -364.132 2933.87
-19.4973 508.12 3069.36
-43.4421 275.404 2961.5
FRAME: 180
25.4408 706.907 2945.95
75.0121 588.336 2582.26
-72.8973 -849.21 2933.46
199.46 764.171 2466.3
-61.8818 67.3943 2912.45
-11.516 -402.421 2865.67
-43.2479 480.385 2790.26
-29.4158 494.423 2929.04
39.7492 542.102 2909.41
-90.6488 -830.603 2961.04
187.057 815.691 2473.8
-50.9691 83.6098 3040.06
-47.4289 -359.071 2924.12
-15.5838 508.46 3067.82
-42.9206 284.962 2952.65
FRAME: 181
33.6858 729.436 2940
63.8735 578.297 2575.12
-74.5652 -840.258 2924.72
212.591 780.225 2468.31
-58.422 77.1481 2894.39
-5.89249 -392.429 2848.18
-42.2314 497.227 2783.28
-28.1281 506.366 2917.41
48.0823 543.458 2808.51
-89.6844 -845.359 2964.71
185.615 815.078 2449.77
-47.4518 88.741 3011.98
-45.7772 -368.941 2919.15
-14.0247 515.505 3051.53
-40.5325 294.655 2935.3
FRAME: 182
34.0126 730.618 2933.67
57.5511 575.769 2561.43
-78.5169 -839.142 2921.5
219.723 778.304 2463.76
-48.6924 68.3393 2866.39
-7.01701 -403.706 2833.53
-36.4845 502.063 2772.61
-27.6433 508.068 2907.87
52.7789 549.949 2728.16
-87.4372 -856.496 2952.53
191.174 848.184 2345.29
-41.8331 78.002 2996.55
-35.2016 -382.43 2899.53
-18.8021 514.074 3043.13
-36.453 290.62 2919.67
FRAME: 183
33.7477 732.667 2928.02
50.0757 569.905 2541.2
-79.4517 -846.164 2913.95
182.384 755.351 2439.2
-43.7336 59.2652 2848.93
-7.02319 -414.566 2825.91
-33.6085 501.561 2752
-26.454 508.603 2893.45
56.6305 552.812 2664.13
-89.6651 -859.151 2942.57
187.79 837.024 2320.76
-37.5987 70.1597 2986.5
-26.7551 -392.308 2887.25
-19.2995 515.644 3034.91
-33.5601 286.658 2905.58
FRAME: 184
27.6146 728.459 2916.06
42.2273 599.332 2522.6
-70.9084 -851.734 2904.08
188.807 764.518 2400.19
-44.6495 64.4025 2837.87
-1.06429 -414.3 2816.35
-47.6642 501.886 2730.91
-29.896 509.17 2871.27
31.0531 519.463 2827.57
-94.176 -852.189 2935.34
149.767 758.886 2457.63
-31.7972 74.0746 2955.44
-33.9041 -392.382 2856.75
-12.1278 516.455 3011.62
-34.0597 289.204 2883.96
FRAME: 185
23.1583 721.461 2902.11
33.171 585.164 2498.26
-71.4375 -859.344 2908.58
217.595 758.407 2335.11
-43.4014 51.7998 2834.27
0.800204 -430.598 2813.85
-48.4618 492.856 2721.64
-31.3021 502.497 2866.66
43.422 522.98 2785.67
-87.3496 -842.78 2915.41
121.578 592.348 2587.84
-30.7724 63.9642 2962.61
-22.0457 -402.379 2872.19
-14.1425 512.138 3011.67
-34.1945 280.189 2882.55
FRAME: 186
15.513 710.007 2877.93
-11.3422 561.308 2469.29
-65.5774 -853.947 2897.48
163.469 761.394 2304.85
-48.8268 50.4107 2824.01
7.86381 -426.649 2791.74
-62.5368 493.937 2710.42
-36.4953 502.41 2857.22
30.404 490.929 2789.49
-88.8554 -849.791 2925.68
128.613 570.439 2506.77
-29.2428 60.0373 2943.9
-21.9144 -402.853 2882.74
-10.4537 510.882 3004.01
-37.765 278.817 2870.59
FRAME: 187
11.7322 691.857 2830.71
-40.2057 525.117 2455
-64.7741 -856.144 2886.73
132.612 720.882 2265.03
-50.662 44.5021 2814.69
11.6315 -427.293 2769.37
-78.8319 480.17 2704.19
-40.0445 488.86 2842.53
14.0127 464.342 2768.61
-86.2217 -855.885 2918.2
62.5564 519.972 2618.59
-20.7316 53.3179 2924.9
-15.5658 -411.273 2888.27
-1.25721 497.55 2980.87
-37.8707 268.885 2856.16
FRAME: 188
8.72533 662.897 2765.41
-59.2203 451.737 2437.54
-75.7647 -871.458 2902.53
117.244 609.198 2237.16
-69.8056 14.0393 2808.64
6.16126 -450.549 2773.81
-100.527 427.784 2693.88
-30.0634 444.8 2807.72
126.822 470.006 2960.54
-80.0971 -843.995 2885.14
129.4 503.375 3020.67
2.90258 34.7666 2934.27
17.4368 -413.977 2913.06
40.4003 461.816 2921.56
-31.7575 234.602 2839.59
FRAME: 189
8.24568 646.365 2720.64
-86.0687 418.8 2437.92
-66.1254 -884.379 2894.45
85.4943 616.93 2165.98
-64.354 -13.2777 2787.55
16.3023 -464.346 2760.15
-129.123 412.591 2695.83
-30.9135 426.03 2799.79
269.097 470.648 3015.18
-90.4325 -824.843 2881.38
174.397 612.962 3067.28
34.8168 0.514819 2892.92
29.8085 -413.144 2937.02
67.2965 439.469 2903.74
-22.8411 209.824 2820.01
FRAME: 190
3.05023 651.223 2735.37
-112.786 354.703 2430.96
-69.6441 -895.879 2893.08
71.5571 541.937 2185.76
-56.3374 -24.5217 2774.23
11.4044 -481.083 2757.76
-138.191 406.038 2686.36
-33.679 422.296 2785.08
305.692 522.183 2960.09
-89.7367 -816.009 2874.56
179.237 648.216 3049.81
50.5177 -7.83195 2875.37
47.8463 -413.93 2938.09
70.833 438.554 2883.79
-18.2944 203.06 2804.94
FRAME: 191
5.13234 655.955 2742.44
-129.192 322.992 2430.64
-74.0233 -898.317 2892.18
65.7094 494.753 2212.23
-59.3463 -36.089 2765.44
2.05058 -489.517 2757.15
-154.013 404.998 2682.1
-38.9315 424.241 2767.23
320.965 552.032 2908.02
-88.9619 -810.494 2882.78
187.361 651.539 2966.5
65.8431 -15.1397 2858.18
71.1244 -415.531 2943.42
76.1502 443.484 2852.36
-17.8416 199.314 2789.52
FRAME: 192
0.159793 659.024 2747.22
-158.929 274.57 2440.44
-76.4954 -899.754 2892.78
43.4087 456.36 2187.91
-60.1884 -46.3525 2756.58
-21.3696 -497.766 2754.28
-165.525 405.722 2678.01
-39.5969 427.275 2752.64
326.582 573.823 2837.04
-98.3191 -787.942 2894.48
185.955 698.294 2964.94
84.0971 -21.5938 2842.19
95.6873 -459.159 2908.61
86.3316 448.828 2827.26
-13.8213 196.651 2776.01
FRAME: 193
-25.8992 661.929 2736.54
-199.585 216.365 2485.5
-76.1801 -900.561 2894.18
-31.0055 331.44 2209.21
-68.0754 -42.2584 2751.76
-37.9947 -492.463 2758.52
-175.796 399.083 2678.33
-38.6536 420.411 2744.58
243.201 521.562 2802.69
-75.0767 -796.432 2985.66
245.187 701.238 2880.57
88.1118 -17.9898 2827.29
106.731 -463.736 2902.09
98.4886 441.739 2810.83
-14.3177 195.143 2767.05
FRAME: 194
-45.3328 668.663 2703.71
-261.157 185.524 2549.54
-78.2501 -885.745 2896.34
-116.859 248.935 2252.72
-83.2477 -20.6494 2744.06
-55.888 -477.179 2768.43
-188.019 413.747 2675.36
-46.6122 433.905 2713.8
188.637 561.036 2647.15
-62.1605 -802.773 3006.31
248.856 709.709 2800.59
89.6426 4.11443 2790.71
91.638 -433.151 2865.97
94.7946 454.063 2752.24
-21.7074 212.819 2740.59
FRAME: 195
-54.4081 673.286 2683.69
-292.485 178.866 2582.68
-79.5781 -878.721 2903.07
-164.632 214.556 2293.99
-91.6725 -4.7115 2746.8
-69.2417 -468.235 2777.51
-201.675 427.496 2670.27
-56.7254 448.272 2685.44
198.884 606.962 2538.56
-59.2376 -800.542 3003.03
194.692 848.64 2513.12
89.5576 21.3525 2765.69
90.3631 -429.892 2856.3
88.2239 469.049 2700.6
-28.8914 228.296 2720.84
FRAME: 196
-64.6857 676.63 2659.19
-301.824 181.07 2633.03
-80.5161 -871.682 2903.12
-166.386 175.463 2359.39
-98.4084 11.4888 2742.7
-75.4662 -456.917 2779.87
-209.595 435.399 2673.15
-61.8261 454.395 2669.41
180.294 615.948 2487.38
-16.945 -737.752 3101.11
160.033 857.138 2367.86
89.2987 35.7228 2737.98
93.9655 -420.252 2837.5
85.9424 473.392 2665.67
-33.1905 239.001 2704.87
FRAME: 197
-68.834 679.037 2647.44
-290.652 186.671 2650.63
-79.0769 -869.843 2907.85
-219.034 142.264 2349.82
-97.6088 27.5935 2741.1
-80.0941 -437.498 2777.71
-209.846 435.961 2675.56
-63.5538 453.683 2657.69
147.486 601.885 2445.15
-6.12405 -707.446 3119.75
120.268 839.271 2288.49
88.5939 50.2756 2718.56
98.1613 -390.723 2823.41
82.7381 471.406 2639.82
-34.0307 246.309 2693.76
FRAME: 198
-71.8249 683.676 2635.18
-289.119 193.767 2683.91
-79.2911 -864.535 2910.32
-291.053 112.354 2382.3
-97.7591 37.9455 2740.36
-84.7978 -423.473 2776.87
-208.955 438.378 2673.11
-64.8565 455.599 2647.76
133.352 604.922 2428.62
6.85471 -700.613 3120.53
79.9034 811.171 2221.91
92.0795 60.7499 2706.93
102.856 -376.298 2812.72
79.2424 472.82 2622.4
-33.8481 252.473 2685.7
FRAME: 199
-73.2434 685.742 2619
-276.26 203.386 2719.33
-77.6954 -854.638 2912.81
-356.162 50.2116 2488.4
-96.8519 47.329 2738.86
-84.8967 -409.74 2774.3
-206.818 445.201 2670.55
-64.3395 459.485 2636.04
69.9868 588.432 2357.93
22.1276 -688.989 3135.37
15.4142 760.484 2114.96
89.2244 66.0325 2693.63
104.54 -369.587 2798.72
78.1389 473.77 2601.54
-34.0766 258.083 2676.14
FRAME: 200
-73.8805 678.921 2604.15
-272.569 190.386 2737.57
-74.5353 -845.205 2916.94
-384.245 24.8784 2508.35
-92.4273 54.2695 2741.74
-82.6267 -399.285 2772.9
-204.817 439.603 2666.86
-66.803 451.086 2619.14
59.5922 576.259 2325.67
23.2347 -688.76 3131.98
-24.6268 737.895 2106.92
87.5606 69.2369 2679.45
106.554 -365.236 2780.45
71.2114 462.569 2571.43
-34.6182 256.42 2664.87
FRAME: 201
-74.1785 674.229 2591.64
-255.733 169.771 2759.41
-71.3344 -849.22 2917.98
-404.541 -17.0715 2567.14
-87.964 50.1917 2743.19
-78.8465 -402.844 2772.16
-200.404 427.985 2671.8
-66.8997 437.07 2611.86
34.2041 552.333 2303.48
22.1548 -685.024 3119.2
-90.2541 653.834 1978.94
88.5214 62.2935 2664.11
107.716 -370.53 2773.28
66.6041 446.155 2551.91
-33.3105 246.656 2657.75
FRAME: 202
-72.6694 653.074 2584.5
-235.837 144.242 2785.72
-69.5015 -858.093 2923
-412.377 -66.3416 2613.62
-82.6153 34.3668 2749.64
-76.2203 -419.531 2778.49
-195.76 406.503 2685.09
-66.3362 413.927 2615.3
42.4218 477.67 2327.8
21.5455 -677.031 3120.6
-84.1113 506.339 2030.6
88.2687 44.1233 2657.5
113.74 -382.238 2764.13
63.0872 421.351 2545.52
-31.7547 226.586 2659.44
FRAME: 203
-97.1148 631.65 2587.47
-224.987 152.39 2793.84
-66.2697 -857.663 2926.16
-403.281 -89.4778 2682.55
-76.9181 30.9769 2755.61
-69.9783 -424.844 2782.8
-194.852 406.91 2686.27
-69.082 412.121 2608.8
-4.67093 411.203 2284.97
17.446 -683.654 3116.66
-176.497 362.103 2012.71
88.1789 37.7405 2653.89
111.642 -398.853 2760.34
56.6883 417.332 2531.33
-31.7258 223.24 2656.77
FRAME: 204
-113.2 618.733 2583.08
-232.479 149.111 2799.97
-62.0095 -855 2929.68
-394.334 -105.482 2722.32
-62.067 6.96832 2761.38
-63.6273 -438.566 2789.63
-190.481 391.34 2701.71
-69.0924 395.442 2611.51
-21.2884 348.744 2275.65
13.5598 -686.74 3122.77
-231.053 238.908 2047.56
88.226 11.9364 2650.43
112.566 -428.402 2760.04
52.2962 399.544 2521.31
-28.0065 202.447 2658.71
FRAME: 205
-130.581 605.913 2573.27
-217.659 138.206 2797.37
-59.5249 -864.963 2941.99
-337.124 -168.355 2832.94
-54.691 -12.7182 2767.18
-59.7825 -458.773 2797.36
-187.619 383.746 2694.49
-75.6296 383.491 2597.62
-74.9462 181.053 2366.67
7.94356 -698.842 3133.92
-294.305 17.2022 2209.04
87.7445 -13.064 2644.27
109.364 -444.074 2756.51
36.3594 383.236 2500.76
-29.5514 185.3 2651.67
FRAME: 206
-142.378 596.355 2565.57
-209.007 132.621 2795.98
-55.3827 -864.014 2944.28
-307.385 -181.223 2865.23
-50.592 -17.3374 2774.17
-56.9124 -472.151 2804.2
-186.376 381.545 2690.43
-81.1693 378.347 2589.7
-82.8298 158.864 2396.18
-4.03946 -713.258 3108.77
-309.394 -107.713 2339.93
88.954 -21.5697 2640.95
112.628 -461.554 2746.87
24.0374 375.149 2488.97
-30.9941 179.447 2648.63
FRAME: 207
-154.672 570.991 2551.61
-200.856 127.924 2782.56
-51.7813 -862.755 2948.23
-324.363 -182.77 2693.94
-45.1271 -24.1222 2781.17
-51.482 -482.521 2817.19
-191.296 359.709 2689.28
-92.8164 357.229 2587.46
-76.3826 122.247 2464.83
-6.48663 -709.854 3109.99
-270.919 -164.635 2543.58
92.8994 -27.5651 2638.63
116.22 -474.567 2737.19
5.66297 354.749 2485.64
-34.4651 165.693 2648.68
FRAME: 208
-161.941 553.765 2539.89
-199.157 100.964 2744.68
-49.0812 -867.544 2955.59
-339.418 -245.136 2610.75
-37.5239 -28.7658 2785.86
-42.5377 -489.167 2828.96
-192.191 341.42 2688.53
-99.6671 337.169 2583.51
-74.3321 98.6187 2504.2
-26.6984 -715.75 3101.01
-228.426 -134.266 2605.94
94.0595 -34.7829 2636.75
119.88 -494.14 2721.11
-7.14277 332.918 2478.49
-35.6997 152.697 2647.41
FRAME: 209
-171.37 539.225 2528.22
-192.646 70.6508 2684.41
-45.5621 -866.297 2955.59
-315.653 -224.043 2632.76
-31.8703 -35.7217 2790.76
-37.8253 -492.959 2834.13
-191.178 331.602 2692.09
-103.222 325.172 2583.78
-82.9185 81.5871 2538.65
-22.9495 -708.499 3101.7
-213.383 -172.584 2707.76
92.9407 -44.7496 2637.34
118.976 -504.326 2722.95
-15.2661 318.741 2475.46
-36.3434 142.468 2648.91
FRAME: 210
-178.047 532.216 2521.65
-186.601 54.1814 2649.58
-46.269 -871.024 2957.42
-297.061 -229.289 2691.35
-29.6827 -38.3393 2792.13
-35.8094 -492.102 2834.06
-191.841 328.431 2692.38
-104.711 321.67 2583.55
-79.7409 66.176 2543.07
-13.5852 -706.775 3111.5
-211.407 -145.705 2738.87
93.1496 -47.7015 2639.15
124.436 -508.771 2738.73
-17.58 314.908 2474.73
-36.4886 139.325 2649.6
FRAME: 211
-185.442 522.952 2517.49
-180.529 44.7231 2674.53
-50.4684 -877.112 2954.44
-269.835 -218.57 2761.33
-29.2503 -44.7607 2791.27
-41.3488 -494.48 2832.31
-196.111 322.081 2690.79
-108.027 316.656 2582.39
-72.5743 60.1628 2538.7
-4.41791 -694.786 3128.66
-173.454 -106.81 2737.66
94.1753 -52.2745 2639.64
135.292 -504.558 2761.72
-19.9429 311.231 2474
-37.7822 134.069 2648.93
FRAME: 212
-195.327 510.377 2506.98
-193.875 20.1979 2658.43
-57.7814 -886.153 2952.27
-279.087 -201.469 2766.16
-31.6066 -55.8576 2791.02
-44.8502 -497.03 2826.18
-200.492 310.351 2680.23
-109.85 307.013 2576.96
-72.0238 48.0902 2546.9
8.38922 -709.153 3145.15
-177.537 -99.939 2741.74
96.5233 -59.9096 2647.46
134.89 -504.333 2785.85
-19.2082 303.676 2473.69
-38.6959 124.565 2648.1
FRAME: 213
-199.019 500.856 2499.06
-192.707 27.6052 2676.53
-60.8977 -890.73 2953.5
-269.781 -200.615 2779.97
-36.214 -62.8363 2792.57
-47.8213 -498.093 2823.63
-204.808 302.983 2673.19
-112.025 301.5 2574.49
-67.6982 47.3345 2538.88
15.004 -703.956 3156.48
-167.12 -76.28 2735.15
96.4885 -64.5669 2654.65
134.416 -505.481 2796.62
-19.2431 300.016 2475.79
-40.9441 118.899 2649.05
FRAME: 214
-202.48 491.79 2487
-199.527 18.1921 2669.21
-66.5438 -890.204 2956.21
-278.203 -194.674 2768.89
-42.23 -64.2802 2798.24
-52.0658 -493.753 2821.4
-214.005 298.454 2666.5
-116.238 298.964 2571.79
-73.1377 42.6107 2541.41
21.2354 -716.473 3172.45
-148.495 -81.447 2721.78
96.1445 -64.2648 2663.49
133.123 -502.27 2811.31
-18.471 299.474 2477.09
-44.6404 117.346 2651.33
FRAME: 215
-205.163 484.859 2478.1
-204.007 11.932 2664.43
-65.4395 -896.834 2956.23
-291.693 -194.918 2755.31
-45.0422 -66.8903 2798.37
-52.334 -495.992 2825.75
-218.485 292.296 2656.07
-117.755 295.742 2567.04
-68.5343 46.5058 2541.3
29.1927 -733.995 3165.58
-164.879 -81.3587 2723.62
96.9728 -62.842 2671.44
132.851 -502.379 2806.9
-17.0254 299.187 2478.02
-45.8948 115.438 2650.97
FRAME: 216
-202.568 487.569 2477.65
-201.374 15.0904 2685.58
-65.6088 -896.192 2959.83
-287.473 -188.505 2746.95
-46.7843 -64.793 2799.93
-54.3159 -492.753 2832.66
-220.555 295.065 2654.3
-119.673 298.809 2567.63
-64.6134 42.7767 2540.38
26.3082 -733.73 3167.9
-158.72 -81.2936 2720.02
93.6762 -60.3676 2677.31
122.621 -497.232 2808.8
-18.7914 302.553 2480.96
-48.1136 118.114 2653.13
FRAME: 217
-202.469 483.67 2472.73
-201.325 18.1768 2686.25
-69.3625 -894.154 2959.95
-296.996 -205.472 2732.09
-50.4984 -58.3114 2801.86
-60.4207 -487.584 2837.72
-224.039 293.002 2647.98
-119.05 297.688 2565.49
-60.5467 46.0311 2553.39
33.1232 -749.213 3149.1
-166.276 -90.0594 2729.61
93.2375 -52.0936 2688.53
119.74 -496.962 2801.24
-14.0604 302.375 2483
-48.8402 121.243 2655.34
FRAME: 218
-194.631 494.617 2483.69
-189.509 25.993 2709.67
-64.4789 -879.453 2957.89
-275.004 -186.186 2753.4
-51.5892 -52.7413 2807.6
-58.4569 -475.147 2838.69
-217.137 300.569 2658.56
-114.489 300.648 2573.2
-59.1148 49.6237 2560.77
32.1312 -762.149 3124.32
-182.916 -92.3889 2769.03
87.5837 -52.0424 2693.22
115.856 -499.401 2790.97
-11.8418 300.727 2487.84
-48.246 124.128 2661.8
FRAME: 219
-188.758 498.388 2484.65
-184.33 42.0715 2723.99
-68.0106 -891.052 2955.72
-259.132 -176.743 2743.41
-49.9207 -60.5321 2806.8
-60.3505 -485.11 2836.27
-213.877 303.985 2663.54
-112.502 301.902 2575.36
-66.6707 47.8805 2552.03
31.0069 -763.256 3125.4
-193.099 -109.416 2740.27
83.5773 -62.4811 2692.28
113.442 -499.011 2789.34
-11.1283 299.818 2487.17
-47.8371 120.198 2662.45
FRAME: 220
-180.672 495.738 2483.6
-184.635 44.0072 2720.3
-70.8357 -893.889 2955.75
-263.799 -181.546 2747.16
-51.0477 -56.6977 2808.13
-63.459 -484.863 2837.41
-213.62 301.95 2660.94
-111.259 298.705 2573.24
-55.4963 41.7719 2545.8
37.8638 -774.303 3116.17
-203.501 -121.051 2721
81.6793 -59.5979 2697.36
108.498 -491.861 2791.24
-8.89822 295.46 2485.53
-47.9716 120.278 2662.99
FRAME: 221
-159.375 515.221 2498.3
-167.241 65.933 2740.2
-70.4764 -884.919 2950.56
-235.563 -146.64 2786.38
-53.7094 -41.4338 2809.4
-67.6272 -476.53 2832.5
-200.939 319.856 2674.57
-101.086 312.085 2584.37
-48.9392 62.5387 2545.23
38.6984 -778.03 3112.01
-213.523 -121.667 2684.31
74.1806 -49.7996 2697.52
105.795 -486.521 2788.79
-1.23392 304.314 2494.17
-45.4253 133.234 2668.92
FRAME: 222
-149.054 541.088 2513.83
-149.138 83.6707 2763.14
-68.0918 -883.871 2945.07
-223.35 -142.901 2805.65
-52.1212 -30.1867 2818.44
-71.5221 -473.01 2831.16
-191.955 348.869 2703.83
-93.5958 334.883 2602.03
-38.9289 73.3143 2538.92
37.3423 -773.208 3120.13
-217.994 -125.884 2664.42
70.0028 -47.1829 2693.96
102.519 -487.271 2786.04
4.76365 320.898 2500.23
-42.3275 148.099 2679.11
FRAME: 223
-136.745 554.287 2523.53
-140.833 104.122 2778.07
-75.4212 -881.721 2948.53
-199.885 -134.724 2835.83
-51.7266 -15.4331 2828.84
-80.804 -467.187 2831.55
-182.955 372.891 2722.03
-86.4959 353.785 2613.26
-29.8844 83.1218 2529.87
23.7471 -748.56 3155.35
-205.184 -138.806 2634.6
66.1961 -39.2208 2696.12
91.167 -476.532 2817.02
9.96308 334.679 2504.49
-39.6306 163.229 2687.87
FRAME: 224
-120.648 570.809 2543.54
-137.421 111.435 2796.33
-75.925 -880.211 2942.34
-176.353 -106.19 2821.22
-53.3273 -17.5868 2831.62
-80.9932 -466.836 2822.74
-176.382 382.522 2737.23
-78.2797 364.261 2626.26
-40.495 74.6773 2538.28
19.277 -742.168 3140.95
-215.291 -131.826 2642.31
66.2535 -40.5339 2695.87
95.0423 -479.49 2803.16
19.8227 346 2515.3
-35.9083 167.6 2695.01
FRAME: 225
-99.0768 577.168 2552.1
-158.17 139.289 2839.51
-87.12 -879.774 2947.88
-193.006 -119.309 2785.84
-66.5263 -15.2719 2844.09
-95.8287 -466.107 2824.26
-171.286 393.331 2741.96
-68.8816 371.713 2634.69
-30.4693 77.7508 2536.67
17.3125 -705.654 3202.24
-215.667 -134.034 2616.26
61.189 -43.126 2710.18
82.5705 -481.871 2829.81
33.5228 350.094 2527.43
-35.7751 171.257 2705.91
FRAME: 226
-80.5317 585.366 2567.41
-159.099 149.88 2861.14
-86.128 -876.37 2945.27
-209.638 -127.736 2785.39
-78.7112 -19.9067 2851.65
-99.3076 -465.114 2824.47
-167.255 397.444 2753.07
-59.3879 375.151 2649.91
-18.9822 80.4759 2537.35
24.0617 -707.192 3211.67
-206.35 -126.024 2581.65
57.0416 -48.7973 2721.54
88.1959 -489.067 2829.08
48.4791 352.859 2546.76
-35.1113 170.4 2718.25
FRAME: 227
-58.201 593.276 2590.14
-178.785 150.925 2857.97
-87.8144 -874.743 2946.07
-252.374 -154.092 2774.14
-83.109 -17.1286 2864.35
-101.562 -463.186 2828.51
-161.084 400.669 2763.77
-45.9099 377.429 2666.03
6.77414 75.363 2526.3
37.0465 -744.524 3203.36
-180.394 -147.526 2561.97
61.1934 -47.2972 2741.43
100.3 -487.389 2841.14
69.2641 354.19 2568.29
-28.4339 172.608 2734.46
FRAME: 228
-43.256 601.617 2610.8
-211.314 135.956 2860.02
-89.0657 -873.861 2942.91
-273.388 -154.871 2753.32
-89.0713 -13.6246 2872.99
-103.995 -461.794 2829.98
-162.417 403.348 2772.51
-37.5704 381.666 2682.95
46.9144 75.2184 2534.16
33.4139 -769.85 3149.64
-146.571 -152.965 2537.41
66.0924 -41.3618 2761.1
92.6633 -486.211 2843.51
87.2759 359.984 2593.4
-24.5299 177.086 2750
FRAME: 229
-31.84 600.893 2622.87
-227.428 132.477 2846.27
-94.0951 -874.193 2948.19
-277.529 -159.879 2734.68
-93.8163 -9.24014 2882.2
-105.211 -459.865 2831.49
-160.864 404.698 2776.21
-28.9736 382.363 2695.66
72.318 76.4937 2552.98
47.4143 -771.447 3179.79
-118.507 -157.766 2514.69
68.5007 -37.6199 2782.28
107.097 -481.906 2854.15
102.917 360.028 2615.11
-20.8157 179.467 2763.95
FRAME: 230
-17.7568 607.435 2641.52
-249.426 129.356 2843.76
-97.1523 -871.299 2947.94
-293.332 -167.02 2713.9
-101.735 -10.4647 2883.08
-103.939 -461.439 2833.61
-162.115 404.938 2781.19
-23.5152 384.568 2709.97
112.42 81.0866 2573.44
56.692 -786.006 3177.82
-61.1647 -153.996 2488.82
68.7864 -36.1761 2795.18
109.323 -477.552 2862.84
115.084 364.197 2638.76
-19.9948 180.624 2774.55
FRAME: 231
-6.87526 612.874 2663.07
-256.727 130.366 2849.06
-95.888 -873.07 2951.45
-303.993 -164.518 2693.83
-103.879 -9.29602 2887.56
-100.762 -462.833 2844.95
-161.125 407.45 2786.63
-17.6554 389.603 2725.17
149.512 98.7867 2602.98
50.1336 -790.488 3215.24
-15.5608 -141.796 2486.73
74.7323 -31.9399 2810.9
120.423 -470.991 2875.11
125.814 371.757 2663.71
-16.1144 184.493 2787.2
FRAME: 232
12.8541 619.987 2696.93
-263.571 130.852 2849.93
-97.1821 -877.445 2957.12
-300.044 -162.788 2649.72
-109.116 -10.4338 2890.39
-102.447 -468.242 2857.42
-156.88 410.192 2798.81
-3.72822 394.289 2755.41
196.475 105.803 2641.19
39.5933 -795.776 3232.72
72.0892 -144.565 2500.22
80.8659 -30.7095 2836.04
135.004 -472.328 2896.66
149.423 378.385 2712.01
-8.92672 186.859 2809.31
FRAME: 233
30.5962 626.084 2732.34
-265.418 133.148 2838.8
-92.443 -880.367 2966.34
-286.014 -142.812 2617.65
-105.665 -10.6808 2902.96
-93.5372 -469.587 2870.81
-144.497 411.64 2815.71
11.3639 398.124 2785.46
227.988 110.723 2693.46
35.7589 -796.775 3249.05
170.812 -152.714 2564.87
97.1679 -28.1959 2863.68
152.101 -457.763 2925.98
167.225 384.609 2755.2
3.5577 189.343 2834.39
FRAME: 234
40.1072 633.42 2755.68
-261.815 137.672 2813.6
-90.8427 -880.715 2967.09
-263.968 -128.509 2572.82
-98.1747 -9.74236 2910.39
-83.7957 -467.771 2875.28
-137.305 412.164 2827.32
21.093 402.588 2807.96
256.904 126.535 2742.99
36.8523 -783.736 3254.43
231.146 -145.055 2608.02
113.041 -22.1995 2884.67
160.827 -444.357 2946.26
179.491 393.013 2788.6
14.263 193.309 2852.75
FRAME: 235
50.0343 636.57 2773.81
-243.979 134.968 2809.25
-91.7774 -885.689 2971.7
-235.605 -132.453 2559.83
-88.612 -12.4997 2920.69
-74.7613 -470.859 2883.87
-130.086 412.37 2838.64
29.7825 405.499 2828.45
278.805 129.579 2785.2
35.6304 -778.12 3263.13
279.64 -150.465 2660.34
123.361 -21.3396 2907.18
166.761 -436.485 2967.29
189.651 398.628 2818.26
23.5785 194.29 2871.19
FRAME: 236
55.444 642.009 2788.27
-222.898 136.753 2812.58
-88.9768 -890.628 2969.89
-213.974 -150.56 2549.5
-78.9629 -16.7014 2924.12
-66.9751 -475.918 2890.27
-124.618 413.336 2848.61
36.0706 410.234 2846.94
296.782 140.666 2832.49
36.7489 -776.158 3262.32
325.858 -150.657 2702.55
136.693 -20.5603 2921.89
172.567 -435.848 2985.86
196.759 407.132 2845.28
32.4678 195.802 2884.98
FRAME: 237
62.0126 641.147 2803.96
-207.481 128.324 2813.77
-87.9781 -892.249 2976.23
-186.361 -140.65 2559.16
-71.5758 -19.6445 2934.53
-58.001 -477.972 2896.93
-119.237 411.345 2858.75
41.3423 410.027 2862.65
311.161 151.538 2879.93
39.7825 -773.146 3268.38
360.548 -155.219 2756.75
144.337 -21.0424 2939.76
183.554 -437.378 3003.58
201.922 408.708 2866.55
38.8614 194.842 2899.9
FRAME: 238
72.8611 640.93 2829.47
-185.513 115.929 2833.43
-86.0799 -891.87 2984.91
-152.11 -153.98 2635.94
-60.4542 -24.2104 2950.9
-46.0617 -477.494 2907.45
-115.583 406.008 2873.8
44.884 407.885 2884.97
320.923 154.342 2932.48
38.6935 -766.827 3276.92
418.998 -148.295 2880.29
151.053 -21.5325 2965.63
199.665 -440.587 3032.26
205.351 409.762 2896.13
45.0916 192.507 2921.61
FRAME: 239
79.618 641.515 2846.94
-171.839 107.575 2852.03
-84.2933 -893.12 2984.54
-88.805 -162.801 2659.84
-51.8418 -28.2333 2963.58
-33.2256 -476.889 2915.2
-109.651 402.287 2883.55
49.6561 406.45 2902.15
327.751 154.956 2971.16
33.0112 -743.873 3281.32
449.424 -138.876 2938.69
157.508 -22.6066 2988.08
210.359 -437.099 3052.68
208.963 410.613 2920.76
51.2445 190.515 2938.99
FRAME: 240
82.5523 641.213 2859
-155.462 102.63 2877.53
-81.0965 -891.008 2987.23
-50.5203 -164.773 2727.89
-47.4546 -28.857 2973.06
-25.9122 -473.733 2916.8
-105.842 400.555 2889.8
52.6191 405.74 2913.7
329.885 159.45 3001.72
26.8721 -736.004 3283.75
479.825 -153.808 3018.45
158.886 -22.028 3004.2
217.044 -430.604 3069.1
211.08 410.925 2937.6
54.1674 190.149 2951.16
FRAME: 241
86.6309 642.311 2866.34
-141.059 108.413 2897.52
-75.2641 -890.251 2986.19
-40.0116 -157.7 2779
-43.7442 -22.9739 2979.44
-19.4254 -470.706 2917.38
-101.309 402.216 2891.86
55.7183 408.566 2921.79
328.89 166.924 3024.08
27.4179 -737.972 3290.33
476.119 -114.708 3090.32
160.16 -14.7078 3018.29
224.249 -423.605 3088.15
212.746 414.917 2951.72
56.9632 194.863 2960.33
FRAME: 242
91.8651 645.084 2875.36
-131.631 112.765 2909.83
-71.8594 -891.623 2988.72
-16.5246 -131.655 2827.97
-40.307 -22.2043 2980.22
-16.7805 -470.421 2926.9
-96.087 403.245 2891.87
59.1617 410.518 2929.14
331.793 170.822 3059.12
22.8991 -739.287 3290.97
469.956 -108.675 3128.37
162.423 -12.6653 3028.76
222.124 -422.273 3097.29
214.41 417.792 2966.4
60.1098 196.542 2966.82
FRAME: 243
97.5651 647.602 2883.69
-120.81 119.714 2915.21
-66.1786 -894.125 2991.55
-1.97609 -132.285 2847.83
-35.0749 -21.1456 2982.28
-13.1662 -469.947 2934.06
-85.8502 404.919 2891.23
65.3571 413.011 2936.42
333.627 176.422 3084.55
37.2834 -775.38 3296.65
478.568 -99.3615 3190.98
166.281 -10.3188 3042.51
225.815 -443.655 3106.27
216.564 421.103 2981.6
65.48 198.64 2974.4
FRAME: 244
104.815 648.885 2894.35
-109.764 118.974 2919.43
-65.6216 -894.575 2993.57
7.95743 -136.817 2867.19
-30.2325 -21.7706 2984.96
-13.1734 -469.875 2938.32
-77.85 405.243 2891.26
70.2303 414.399 2946.65
319.027 184.407 3135.84
29.8168 -780.082 3298.95
468.413 -67.2311 3254.59
167.423 -9.42937 3058.71
217.407 -441.634 3121.27
218.311 423.556 3002.04
69.4128 199.4 2984.24
FRAME: 245
111.46 649.158 2902.57
-97.5644 116.354 2918.63
-64.05 -895.066 2994.05
26.9462 -130.194 2875.75
-25.2381 -23.7836 2989.8
-8.79594 -470.78 2944.04
-66.868 405.119 2890.36
74.7156 415.994 2954.96
301.849 191.567 3174.36
33.6576 -798.528 3293.41
439.666 -26.168 3343.75
169.01 -8.70754 3078
214.122 -452.556 3128.49
216.299 426.869 3019.56
73.3007 199.874 2994.43
FRAME: 246
109.871 647.118 2909.79
-88.5674 110.547 2914.8
-63.1884 -898.326 2991.8
53.1257 -123.935 2883.93
-18.4059 -23.4355 2989.66
-5.70459 -472.158 2946.39
-60.2368 405.46 2890.32
77.6688 417.622 2962.38
294.242 190.453 3212.84
38.0446 -812.702 3289.57
417.922 -10.5766 3375.44
169.613 -6.71881 3087.52
210.872 -457.897 3127.73
215.574 429.785 3034.44
76.6362 201.273 3000.49
FRAME: 247
102.866 638.622 2913.49
-77.7743 103.319 2908.12
-63.4839 -903.078 2991.44
70.0747 -154.478 2874.12
-10.5889 -25.8278 2986.05
-1.44608 -474.03 2937.73
-53.8419 399.154 2882.77
81.4078 413.461 2962.13
294.157 199.358 3215.72
48.8603 -827.641 3284.83
395.918 -18.5881 3394.21
171.739 -6.48841 3092.84
212.952 -458.062 3126.76
216.657 427.769 3041.49
80.9915 198.652 3000.79
FRAME: 248
100.898 631.86 2910.97
-68.5266 97.7141 2894.23
-69.2608 -905.511 2987.52
66.9024 -149.81 2866.83
-1.80175 -28.4825 2978.85
7.54264 -476.721 2928.9
-45.8372 393.254 2871.59
85.8038 409.478 2957.83
281.531 194.744 3214.06
62.5045 -842.211 3272.51
369.643 -32.463 3394.87
174.131 -6.83529 3093.99
209.776 -459.372 3121.69
217.445 425.702 3044.07
85.9841 195.91 2997.13
FRAME: 249
100.736 627.778 2909.04
-61.1374 99.8558 2884.21
-64.2109 -911.821 2988.34
72.3607 -166.483 2851.11
4.62382 -29.7845 2974.45
8.19809 -479.511 2931.27
-39.8694 390.734 2864.28
88.7757 407.928 2955.3
276.932 200.441 3217.23
72.1504 -853.622 3259.68
354.126 -32.3096 3405.04
173.717 -7.20124 3093.93
202.787 -460.426 3118.95
217.421 425.122 3046.32
88.9731 194.718 2994.74
FRAME: 250
100.209 624.797 2906.55
-57.2139 99.9657 2878.39
-59.5332 -913.091 2996.25
66.2786 -168.731 2844.12
8.01537 -30.5315 2973.41
15.1771 -480.658 2931.07
-36.5143 388.97 2860.84
90.5848 407.266 2953.43
268.788 205.631 3209
82.5444 -861.809 3249.6
338.129 -46.1586 3349.89
175.586 -6.44768 3095.34
196.608 -458.687 3119.51
217.684 425.563 3046.03
91.1928 194.388 2993.91
FRAME: 251
100.551 624.916 2903.72
-58.0229 96.8866 2876.31
-47.3537 -905.699 3002.41
57.8329 -175.679 2834.77
8.9672 -28.5828 2974.96
28.8953 -476.424 2917.23
-35.6539 390.179 2859.37
91.5134 408.529 2950.96
267.763 205.989 3197.59
88.1271 -865.731 3239.61
328.828 -52.946 3330.66
174.184 -4.81788 3093.9
191.689 -456.682 3116.86
218.681 426.879 3042.55
91.5445 195.914 2992.69
FRAME: 252
101.649 623.583 2901.81
-61.2706 96.8373 2874.82
-27.3404 -904.184 2991.92
54.4046 -183.514 2833.59
10.4702 -29.0445 2972.69
40.2524 -475.302 2906.9
-35.0196 388.784 2857.47
92.1118 406.924 2949.4
268.592 206.926 3185.52
94.4874 -869.995 3229.43
320.993 -58.9943 3308.78
173.544 -5.71297 3090.62
191.602 -454.271 3113.17
219.243 425.063 3041.34
92.0595 194.773 2990.53
FRAME: 253
102.599 618.871 2900.53
-63.3935 100.762 2872.82
-8.15068 -908.054 2984.87
32.7814 -188.119 2825.06
10.5018 -32.9643 2970.49
44.2366 -478.894 2901.55
-34.9896 384.619 2856.45
92.4439 402.214 2948.18
268.615 200.639 3174.63
99.1601 -879.511 3206.12
311.442 -68.8227 3281.55
173.15 -10.3036 3087.82
189.191 -458.333 3107.59
219.877 419.809 3039.91
92.1348 190.29 2988.67
FRAME: 254
106.806 614.881 2898.89
-65.0351 91.1304 2871.69
15.6299 -913.825 2972.35
19.1573 -201.885 2827.32
9.72147 -35.7 2966.74
48.7425 -482.184 2901.05
-32.7158 382.462 2854.09
94.6697 398.461 2945.5
262.084 182.903 3161.65
103.285 -888.153 3179.91
302.491 -91.4375 3264.73
170.936 -15.224 3082.62
186.156 -464.775 3101.66
222.055 414.459 3036.91
92.4991 186.499 2985.09
FRAME: 255
109.843 605.87 2898.91
-66.1874 84.5162 2868.63
45.8468 -925.719 2962.24
14.4255 -211.155 2829.01
11.1906 -45.261 2963.76
54.4891 -492.046 2900.37
-29.0033 373.875 2852.39
96.6899 389.4 2944.81
253.638 164.364 3152.84
108.441 -900.088 3185.73
291.632 -114.964 3256.34
171.246 -25.207 3081.7
185.457 -473.171 3101.44
222.383 404.924 3037.22
93.9542 177.083 2983.77
FRAME: 256
109.719 597.429 2890.98
-72.4809 81.5802 2867.08
71.8572 -936.665 2949.55
-4.00646 -206.613 2838.84
14.1188 -54.0926 2966.42
55.2909 -501.681 2908.82
-29.208 363.081 2850.7
97.8769 380.678 2940.22
251.363 155.591 3143.4
121.981 -912.22 3171.57
283.067 -125.807 3240.91
177.913 -31.3336 3081.84
189.44 -480.28 3103.7
224.962 398.275 3029.75
96.9465 168.983 2982.18
FRAME: 257
112.408 589.938 2882.65
-72.556 77.1663 2864.93
98.6231 -940.318 2930.48
-2.72809 -219.179 2833.9
18.4734 -62.0676 2963.61
53.0544 -509.53 2918.55
-25.867 355.086 2843.42
100.916 373.93 2934.41
248.75 140.986 3122.58
116.995 -897.212 3179.01
279.016 -143.081 3205.99
180.785 -37.7754 3080.16
208.902 -468.909 3116.75
227.699 392.775 3025.39
100.273 162.004 2978.15
FRAME: 258
115.287 583.585 2869.47
-75.7269 66.1004 2862.9
126.163 -942.117 2904.23
-13.3131 -229.385 2842.78
19.7693 -66.9583 2960.69
52.7881 -515.216 2927.82
-25.2665 348.473 2834.63
102.641 367.868 2924.1
252.285 127.035 3101.52
119.427 -907.201 3163.58
277.709 -158.923 3184.69
180.431 -42.5259 3073.07
201.296 -479.032 3102.21
230.548 387.263 3013.58
101.37 156.563 2970.49
FRAME: 259
120.115 579.241 2856.11
-73.7635 61.4516 2858.9
143.443 -941.947 2885.48
-9.7355 -233.127 2836.91
18.1727 -71.3486 2951.43
48.5468 -521.679 2941.07
-23.3576 344.313 2822.8
106.284 362.911 2910.56
259.306 116.88 3077.38
109.495 -905.469 3178.53
284.914 -164.25 3161.03
181.455 -47.9156 3061.84
197.474 -480.235 3096.71
235.925 381.508 2998.32
103.049 151.639 2958.6
FRAME: 260
119.556 578.723 2845.95
-76.0093 58.2191 2851.52
151.159 -945.062 2895.03
-10.9524 -237.157 2834.5
19.7666 -73.3782 2943.9
47.2556 -526.479 2944.34
-23.3472 342.267 2814.11
106.98 361.674 2901.46
257.894 109.061 3068.6
74.0216 -873.963 3217.78
278.833 -175.963 3148.81
185.159 -48.7148 3054.52
193.452 -469.152 3120.68
237.308 381.08 2988.81
104.722 150.314 2950.34
FRAME: 261
126.657 570.927 2834.43
-73.8259 57.2934 2845.26
154.427 -955.332 2909.66
-23.9746 -247.251 2825.44
27.7593 -85.5563 2929.82
46.2036 -539.591 2945.43
-16.3698 331.874 2802.86
114.688 351 2888.52
253.59 89.4337 3042.15
100.924 -899.479 3172.15
279.903 -213.536 3104.09
196.78 -60.8733 3040.22
191.13 -480.042 3087.73
245.745 370.126 2974.19
113.479 138.892 2936.77
FRAME: 262
123.795 563.478 2824.32
-69.4393 45.3624 2831
157.323 -961.614 2897.33
3.84776 -242.715 2817.04
26.4168 -82.5731 2930.36
50.4846 -537.44 2937.86
-16.396 328.121 2794.49
116.404 349.529 2880.58
265.829 91.0722 3032.52
127.252 -903.854 3179.76
285.208 -195.207 3106.75
200.209 -54.4875 3042.9
215.121 -495.177 3095.17
249.204 370.937 2966.68
114.859 140.499 2933.61
FRAME: 263
132.228 568.24 2814.25
-65.9554 46.0495 2827.46
153.565 -954.696 2892.81
7.14277 -242.5 2806.54
31.7533 -79.5021 2926.32
51.3426 -534.617 2933.61
-10.4343 331.459 2788.64
123.41 352.394 2870.86
268.427 89.4512 3016.97
145.811 -910.924 3141.17
288.404 -197.781 3072.53
208.202 -52.3018 3034.28
217.336 -494.276 3071.9
257.254 373.328 2953.09
121.694 143.246 2925.58
FRAME: 264
139.633 569.317 2791.89
-56.3769 36.4714 2814.88
154.14 -953.006 2881.51
30.3624 -244.581 2789.66
38.535 -75.8467 2912.25
53.2374 -531.12 2911.38
-4.24645 333.759 2770.81
131.685 354.083 2850.04
277.726 89.0193 2986.69
161.688 -918.995 3104.23
296.893 -195.829 3023.7
214.985 -49.7904 3014.84
236.309 -496.837 3049.3
267.617 374.407 2929.27
129.223 145.632 2906.79
FRAME: 265
145.027 577.463 2776.64
-52.1367 40.4233 2800.28
148.227 -945.052 2883.5
49.3293 -250.459 2770.31
39.2933 -66.6322 2897.82
48.4211 -522.754 2896.96
-3.34519 343.54 2758.18
134.841 360.762 2834
306.486 89.0607 3018.25
162.7 -921.399 3071.45
320.439 -147.556 3031.89
210.896 -45.3677 2991.68
231.422 -495.013 3018.13
273.028 377.984 2909.82
129.968 152.381 2889.38
FRAME: 266
145.969 574.096 2760.53
-45.9744 42.6955 2779.34
143.284 -945.26 2880.24
60.044 -248.022 2749.01
41.2525 -68.8437 2876.02
48.7085 -523.027 2885.5
-4.07245 343.433 2743.11
137.11 358.224 2814.93
323.676 97.6222 3000.81
169.619 -930.755 3047.65
330.59 -153.586 2987.23
212.566 -50.6818 2963.24
228.215 -502.253 2987.91
278.292 373.015 2886.74
132.009 149.231 2867.28
FRAME: 267
150.866 578.604 2750.16
-42.4736 52.1912 2766.79
139.455 -940.851 2890.96
72.1009 -232.106 2718.43
41.1789 -65.2886 2855.1
46.5495 -519.937 2872.73
-1.61731 350.065 2732.41
140.936 361.377 2800.81
335.862 111.939 2982.27
173.975 -935.799 3017.56
341.299 -154.796 2938.89
214.468 -51.2298 2938.56
222.792 -505.648 2957.98
283.489 372.689 2869.21
134.38 151.559 2848.82
FRAME: 268
159.247 582.195 2738.56
-40.0388 58.2804 2751.02
134.078 -931.587 2898.57
82.417 -218.536 2685.74
38.4366 -60.1556 2838.92
40.1529 -513.55 2866.8
1.66979 357.013 2722.18
145.34 364.188 2788.63
353.749 116.711 2960.83
168.284 -938.317 2990.38
340.711 -153.759 2884.83
210.317 -51.3765 2918.6
212.917 -504.252 2934.98
289.01 371.364 2855.08
134.858 154.211 2833.69
FRAME: 269
166.222 585.43 2727.2
-39.0169 63.0974 2734.62
130.13 -924.058 2904.31
101.026 -203.365 2650.76
33.937 -56.4697 2817.85
46.212 -506.022 2857.42
3.21735 364.578 2710.79
149.521 366.83 2772.34
363.142 115.266 2929.79
170.966 -942.739 2955.94
344.646 -150.088 2826.11
209.452 -53.6462 2891.98
207.919 -506.822 2907.05
295.825 369.083 2833.89
135.608 155.886 2813.63
FRAME: 270
165.862 586.906 2711.49
-38.9114 61.9686 2719.93
129.391 -924.478 2902.77
109.486 -187.033 2615
34.0387 -56.9908 2803
50.0637 -506.602 2846.11
1.83183 367.265 2699.01
150.196 368.702 2756.82
366.801 111.755 2908.13
176.595 -938.656 2942.92
338.123 -135.854 2777.73
210.369 -54.8176 2872.96
209.932 -506.548 2882.04
298.56 370.139 2814.63
136.2 156.399 2797.4
FRAME: 271
166.033 582.534 2694.4
-39.1887 49.2644 2689.73
134.806 -934.001 2874.32
111.357 -159.698 2570.41
32.4756 -54.9196 2775.42
52.6068 -505.4 2829.01
1.88459 366.948 2673.76
151.686 368.138 2735.03
370.132 106.798 2873.69
195.725 -948.672 2906.65
322.132 -117.684 2706.64
213.601 -52.8778 2850.6
220.183 -508.953 2854.09
301.488 369.329 2796.29
137.363 157.12 2774.02

