FRAME: 0
0 0 0
0 0 0
0 0 0
0 0 0
0 0 0
0 0 0
0 0 0
0 0 0
0 0 0
0 0 0
0 0 0
0 0 0
0 0 0
0 0 0
0 0 0
FRAME: 1
0 0 0
0 0 0
0 0 0
0 0 0
0 0 0
0 0 0
0 0 0
0 0 0
0 0 0
0 0 0
0 0 0
0 0 0
0 0 0
0 0 0
0 0 0
FRAME: 2
0 0 0
0 0 0
0 0 0
0 0 0
0 0 0
0 0 0
0 0 0
0 0 0
0 0 0
0 0 0
0 0 0
0 0 0
0 0 0
0 0 0
0 0 0
FRAME: 3
0 0 0
0 0 0
0 0 0
0 0 0
0 0 0
0 0 0
0 0 0
0 0 0
0 0 0
0 0 0
0 0 0
0 0 0
0 0 0
0 0 0
0 0 0
FRAME: 4
0 0 0
0 0 0
0 0 0
0 0 0
0 0 0
0 0 0
0 0 0
0 0 0
0 0 0
0 0 0
0 0 0
0 0 0
0 0 0
0 0 0
0 0 0
FRAME: 5
0 0 0
0 0 0
0 0 0
0 0 0
0 0 0
0 0 0
0 0 0
0 0 0
0 0 0
0 0 0
0 0 0
0 0 0
0 0 0
0 0 0
0 0 0
FRAME: 6
0 0 0
0 0 0
0 0 0
0 0 0
0 0 0
0 0 0
0 0 0
0 0 0
0 0 0
0 0 0
0 0 0
0 0 0
0 0 0
0 0 0
0 0 0
FRAME: 7
0 0 0
0 0 0
0 0 0
0 0 0
0 0 0
0 0 0
0 0 0
0 0 0
0 0 0
0 0 0
0 0 0
0 0 0
0 0 0
0 0 0
0 0 0
FRAME: 8
0 0 0
0 0 0
0 0 0
0 0 0
0 0 0
0 0 0
0 0 0
0 0 0
0 0 0
0 0 0
0 0 0
0 0 0
0 0 0
0 0 0
0 0 0
FRAME: 9
0 0 0
0 0 0
0 0 0
0 0 0
0 0 0
0 0 0
0 0 0
0 0 0
0 0 0
0 0 0
0 0 0
0 0 0
0 0 0
0 0 0
0 0 0
FRAME: 10
0 0 0
0 0 0
0 0 0
0 0 0
0 0 0
0 0 0
0 0 0
0 0 0
0 0 0
0 0 0
0 0 0
0 0 0
0 0 0
0 0 0
0 0 0
FRAME: 11
0 0 0
0 0 0
0 0 0
0 0 0
0 0 0
0 0 0
0 0 0
0 0 0
0 0 0
0 0 0
0 0 0
0 0 0
0 0 0
0 0 0
0 0 0
FRAME: 12
0 0 0
0 0 0
0 0 0
0 0 0
0 0 0
0 0 0
0 0 0
0 0 0
0 0 0
0 0 0
0 0 0
0 0 0
0 0 0
0 0 0
0 0 0
FRAME: 13
0 0 0
0 0 0
0 0 0
0 0 0
0 0 0
0 0 0
0 0 0
0 0 0
0 0 0
0 0 0
0 0 0
0 0 0
0 0 0
0 0 0
0 0 0
FRAME: 14
0 0 0
0 0 0
0 0 0
0 0 0
0 0 0
0 0 0
0 0 0
0 0 0
0 0 0
0 0 0
0 0 0
0 0 0
0 0 0
0 0 0
0 0 0
FRAME: 15
0 0 0
0 0 0
0 0 0
0 0 0
0 0 0
0 0 0
0 0 0
0 0 0
0 0 0
0 0 0
0 0 0
0 0 0
0 0 0
0 0 0
0 0 0
FRAME: 16
0 0 0
0 0 0
0 0 0
0 0 0
0 0 0
0 0 0
0 0 0
0 0 0
0 0 0
0 0 0
0 0 0
0 0 0
0 0 0
0 0 0
0 0 0
FRAME: 17
0 0 0
0 0 0
0 0 0
0 0 0
0 0 0
0 0 0
0 0 0
0 0 0
0 0 0
0 0 0
0 0 0
0 0 0
0 0 0
0 0 0
0 0 0
FRAME: 18
-345.206 346.321 2503.23
-207.338 -27.1564 2762.29
-8.37656 -925.362 2908.83
-163.404 -128.78 2602.93
-44.5576 -194.413 2689.88
-102.883 -566.948 2775.12
-228.34 205.486 2672.28
-182.489 210.407 2580.25
26.8216 124.2 2638.92
21.5956 -910.069 2563.44
20.9434 22.3392 2688.34
25.6758 -190.122 2534.08
-37.1495 -573.343 2530.66
-136.638 215.327 2488.22
-95.9651 9.06949 2596.12
FRAME: 19
-333.121 343.205 2480.94
-199.709 -58.5399 2674.62
1.34109 -950.778 2863.52
-153.941 -155.799 2645.63
-43.785 -206.84 2664.82
-105.633 -575.404 2802.17
-223.602 184.546 2653.78
-172.592 184.143 2542.24
2.80174 55.3701 2576.74
28.2583 -948.391 2550.92
11.995 -66.0166 2618.13
24.4803 -210.851 2511.8
-36.9689 -609.271 2504.35
-121.581 183.74 2430.71
-91.1221 -12.3513 2565.28
FRAME: 20
-314.664 341.345 2455.82
-193.109 -46.7489 2618.7
-8.00606 -923.375 2761.71
-182.18 -153.764 2606.59
-50.1141 -222.889 2684.86
-116.601 -552.72 2804.58
-213 178.368 2606.5
-155.504 172.592 2495.55
9.90647 -27.7308 2476.57
45.9651 -950.541 2558.63
48.7516 -95.4617 2598.97
50.9795 -231.449 2521.71
-19.4277 -602.311 2524.74
-98.0075 166.817 2384.6
-77.5356 -27.2883 2549.42
FRAME: 21
-298.318 344.529 2445.45
-143.356 -66.952 2622.62
-3.58251 -927.056 2756.48
-182.162 -190.768 2682.62
-52.4077 -235.789 2676.46
-110.54 -563.479 2794.72
-199.443 174.732 2614.75
-134.335 170.743 2505.07
32.1965 -33.8843 2503.08
42.0425 -951.778 2545.06
33.3331 -110.987 2611.48
44.0103 -248.128 2520.52
-25.4781 -625.709 2508.5
-69.2267 166.755 2395.39
-69.2669 -35.6076 2551.78
FRAME: 22
-280.445 352.891 2433.99
-129.536 -59.9086 2640.26
2.63701 -937.535 2691.18
-207.743 -270.158 2652.33
-57.8916 -234.957 2678.85
-107.077 -576.795 2794.66
-179.962 183.603 2612.4
-114.345 175.506 2502.08
35.4397 -38.0234 2490.68
50.8391 -951.974 2541.93
6.96917 -153.677 2587.4
43.7621 -252.223 2521.1
-24.2966 -635.211 2499.45
-48.7275 167.409 2391.76
-60.7047 -34.0422 2551.03
FRAME: 23
-239.302 384.471 2432.64
-188.146 -36.4843 2670.36
-10.6805 -876.661 2725.59
-278.306 -193.002 2523.74
-66.9072 -226.835 2699.01
-119.226 -551.547 2822.13
-180.963 199.512 2644.12
-101.193 195.644 2535
47.9186 -43.5306 2445.52
56.8754 -901.761 2546.72
-111.592 -197.008 2447.06
50.2163 -235.463 2540.74
-10.4096 -596.43 2514.82
-21.4231 191.775 2425.89
-54.7693 -17.7527 2577.44
FRAME: 24
-199.659 377.472 2455.19
-201.2 -26.9011 2657.55
-20.5005 -879.267 2740.2
-229.126 -171.868 2468.68
-83.3803 -194.882 2700.15
-133.627 -538.672 2816.31
-192.583 218.656 2643.49
-100.06 213.205 2535.28
69.2829 -42.2328 2427.85
63.7482 -950.123 2554.84
-147.049 -154.389 2294.89
43.4367 -208.002 2552.7
-5.69972 -602.407 2534.7
-7.53719 207.754 2427.06
-60.0161 5.88149 2580.85
FRAME: 25
-196.336 394.528 2446.86
-217.611 -2.32224 2636.23
-27.3096 -858.442 2803.06
-131.13 -7.96753 2355.56
-112.498 -168.5 2723.57
-154.392 -519.672 2864.02
-224.74 238.907 2661.35
-103.867 235.867 2553.95
111.541 -5.43503 2456.62
67.0127 -934.94 2569.72
18.8767 -63.4027 2238.1
53.9018 -175.307 2573.64
2.69356 -569.898 2559.38
17.0055 232.827 2446.54
-66.5827 31.9818 2601.28
FRAME: 26
-191.392 406.709 2444
-220.955 21.2541 2594.39
-24.8591 -858.153 2814.53
-81.1299 46.1131 2313.26
-127.213 -163.465 2734.7
-160.366 -495.188 2866.29
-237.825 251.403 2663.77
-101.151 250.636 2568.73
124.419 19.4411 2437.84
45.4783 -904.858 2577.94
20.3816 21.7352 2198.66
59.2942 -166.253 2603.41
-0.865593 -546.711 2600.79
35.5241 249.868 2473.69
-67.555 42.8884 2618.89
FRAME: 27
-181.845 418.833 2450.58
-195.788 57.5107 2552.3
-22.2501 -894.548 2866.08
6.27836 96.4861 2312.18
-145.987 -168.836 2746.89
-174.125 -518.564 2854.88
-236.872 263.084 2670.45
-98.8138 260.615 2590.59
156.567 92.4124 2378.01
52.5415 -938.052 2582.33
15.7127 51.414 2184.81
51.9407 -172.691 2631.98
-3.35152 -548.666 2613.16
39.2444 258.147 2510.73
-72.9183 44.926 2640.01
FRAME: 28
-170.445 431.452 2445.19
-173.917 68.2469 2583.48
-36.1277 -901.859 2870
17.4279 123.299 2380.59
-163.739 -171.865 2746.35
-184.469 -534.128 2845.55
-250.106 259.05 2672.24
-105.354 259.882 2608.45
195.249 156.99 2388.3
36.3404 -890.599 2618.68
70.6185 179.175 2244.06
45.9149 -170.714 2654.33
1.17197 -549.815 2597.7
39.3974 260.714 2544.66
-82.1331 44.2963 2654.4
FRAME: 29
-148.384 427.462 2471.73
-157.156 85.9624 2567.77
-45.4266 -881.707 2860.24
-6.58627 85.2234 2437.14
-167.523 -166.514 2738.31
-188.725 -527.436 2828.09
-254.937 264.647 2664.43
-108.993 267.299 2613.24
232.081 220.661 2450.02
49.7913 -890.119 2620.33
76.0988 219.237 2286.72
38.679 -163.084 2664.89
4.63973 -526.334 2616.55
36.9512 269.951 2562.06
-86.7075 51.25 2657.42
FRAME: 30
-144.007 450.643 2468.77
-161.523 96.611 2620.85
-36.9001 -884.978 2904.29
-40.9681 25.0316 2544.56
-173.298 -155.047 2725.95
-194.274 -526.927 2804.8
-253.445 271.861 2660.98
-103.729 275.317 2626.31
230.642 248.06 2553.92
20.319 -845.526 2671.33
114.797 286.964 2365.07
30.8265 -150.444 2677.79
8.704 -514.847 2630.02
45.9867 278.773 2591.65
-87.4824 61.2857 2664.09
FRAME: 31
-124.861 469.442 2477.64
-160.568 105.221 2664.75
-25.9266 -854.014 2887.12
-65.9932 10.6858 2626.21
-177.143 -147.26 2712.41
-194.902 -526.071 2800.21
-260.085 276.471 2649.69
-107.809 283.858 2640.4
217.248 263.79 2651.39
14.6974 -835.3 2719.81
112.243 302.746 2416.9
25.1704 -137.705 2698.43
8.52849 -505.115 2659.31
44.4664 291.244 2631.1
-91.8977 70.6876 2672.91
FRAME: 32
-102.192 497.459 2531.13
-143.911 140.275 2646.24
-16.3372 -828.698 2951.91
-89.7401 50.6925 2675.92
-174.797 -129.918 2685.96
-184.212 -515.056 2774.01
-249.935 290.411 2643.22
-91.9376 295.266 2674.64
225.126 285.504 2706.64
27.9533 -864.592 2740
115.508 295.358 2482.29
17.0955 -123.748 2723.57
5.67296 -504.199 2692.55
66.06 300.122 2706.05
-85.3942 84.2164 2689.7
FRAME: 33
-86.0417 493.887 2541.97
-127.765 140.005 2634.86
-31.6478 -777.671 2957.74
-23.948 96.77 2712.4
-176.854 -125.26 2685.12
-177.308 -511.668 2800.16
-241.08 290.544 2631.08
-89.3239 295.252 2679.93
219.451 279.928 2719.05
30.6093 -822.012 2772.31
140.501 314.519 2556.62
13.9161 -119.152 2745.53
4.78827 -491.338 2725.31
62.4326 299.959 2728.79
-85.3965 86.5227 2697.63
FRAME: 34
-83.5579 519.133 2546.97
-83.6915 176.18 2609.64
-17.2345 -797.75 2982.24
105.654 256.044 2792.71
-169.782 -121.286 2693.05
-173.448 -505.405 2818.55
-221.507 304.93 2636.15
-87.6675 309.454 2682.15
206.874 265.24 2732.7
35.77 -841.01 2800.88
143.789 275.993 2656.02
8.72271 -115.092 2752.89
10.1598 -482.247 2728.28
46.1719 313.978 2728.15
-84.0985 95.6328 2702.56
FRAME: 35
-74.0055 524.045 2571.62
-58.323 191.932 2619.04
-40.0404 -773.928 2993.89
67.805 211.429 2765.48
-168.826 -116.42 2693.79
-173.532 -507.831 2816.01
-218.761 319.408 2630.31
-83.3854 324.447 2688.57
196.393 252.57 2759.67
56.9915 -839.978 2846.02
134.907 267.402 2694.96
10.0079 -109.681 2769.89
19.8157 -479.506 2754.81
51.9906 329.485 2746.82
-81.3971 105.698 2710.2
FRAME: 36
-67.0947 524.658 2573.2
-64.9855 177.73 2630.2
59.0729 -574.366 2879.29
108.498 223.155 2771.86
-166.282 -112.236 2692.35
-176.092 -520.314 2805.9
-214.975 318.387 2623.46
-74.6007 323.336 2698.4
204.2 264.515 2777.4
67.0642 -828.724 2895.13
152.013 280.643 2686.39
11.8606 -105.909 2786.51
30.1824 -474.925 2779.18
65.7733 328.285 2773.34
-75.9057 107.132 2718.92
FRAME: 37
-62.3983 530.656 2579.61
-38.1763 183.407 2614.22
-27.3797 -535.57 2909.53
103.672 220.565 2790.1
-166.374 -121.365 2714.38
-179.899 -522.753 2808.04
-210.487 319.877 2636.37
-80.3616 328.656 2698.56
182.831 236.121 2803.16
80.0273 -826.929 2940.67
125.192 324.217 2617.97
15.4953 -109.114 2800.61
49.9841 -475.416 2816.62
49.7637 337.434 2760.75
-77.9006 106.708 2728.03
FRAME: 38
-55.7302 534.579 2584.25
-70.9048 184.054 2653.02
-15.0623 -523.37 2952.28
113.15 219.198 2813.72
-166.208 -108.57 2728.93
-182.038 -520.023 2811.29
-209.231 328.969 2643.98
-75.4231 338.082 2707.72
170.497 221.347 2811.16
99.2088 -822.336 2986.45
141.76 293.04 2621.68
15.5229 -96.116 2814.67
57.7924 -466.505 2841.6
58.3845 347.196 2771.47
-75.3828 117.87 2739.76
FRAME: 39
-44.1199 546.833 2585.16
-72.9754 187.104 2660.05
-24.1793 -511.346 2947.31
146.548 219.452 2778.74
-166.699 -95.7758 2752.48
-169.406 -470.589 2836.7
-202.033 343.928 2658.21
-69.1184 351.798 2717.89
169.642 199.823 2799.99
131.265 -782.911 3057.34
171.184 264.913 2598.77
18.7542 -84.5378 2833.91
72.1407 -446.334 2903.96
63.7959 359.668 2777.58
-71.5455 130.821 2755.54
FRAME: 40
-38.5381 551.021 2594.26
-98.8414 180.596 2684.59
-52.6056 -493.751 2908.22
186.678 229.481 2778.8
-166.103 -91.1382 2772.94
-163.765 -469.849 2854.28
-194.12 353.561 2670.2
-62.5049 361.26 2722.35
162.568 184.18 2792.64
140.959 -776.742 3077.12
164.934 258.936 2605.07
22.9695 -80.2267 2847.11
78.9709 -447.32 2920.43
69.1103 368.96 2774.51
-67.0357 137.789 2766.19
FRAME: 41
-30.1217 553.926 2603.09
-103.41 166.349 2683.77
-46.4337 -487.337 2931.06
205.367 221.535 2730
-155.672 -92.6172 2793.11
-164.833 -466.381 2862.16
-192.2 355.249 2685.05
-56.8835 364.359 2735.82
171.596 176.762 2805.1
145.667 -777.746 3108.56
188.987 223.197 2593.19
32.443 -80.3766 2862.34
89.5085 -444.485 2937.27
78.433 373.469 2786.6
-59.2491 138.931 2781.77
FRAME: 42
-25.6255 555.739 2604.96
-89.2491 162.561 2685.15
-70.8488 -486.192 2926.62
203.277 179.143 2717.66
-150.751 -82.7021 2805.36
-167.105 -457.701 2872.64
-187.496 357.346 2689.95
-50.3404 367.71 2741.72
177.754 174.416 2816.49
151.664 -770.432 3140.01
193.973 196.963 2591.34
41.2193 -68.8466 2875.76
98.1069 -433.053 2946.28
86.8147 378.074 2793.48
-52.553 145.968 2791.14
FRAME: 43
-11.9533 561.38 2609.32
-88.3727 144.931 2680.57
-94.9953 -492.137 2924.4
212.5 146.489 2704.22
-145.422 -77.5323 2817.91
-155.622 -457.215 2883.3
-177.422 356.934 2698.4
-37.033 366.022 2746.73
181.522 179.265 2831.1
161.805 -758.843 3154.74
195.888 177.015 2596.41
54.218 -65.3999 2884.26
111.961 -427.339 2966.35
103.356 375.11 2795.07
-41.3174 147.278 2798.91
FRAME: 44
10.4247 558.945 2633.15
-126.11 123.657 2700.84
-92.1783 -475.192 2945.26
131.842 81.1893 2676.76
-127.383 -75.356 2835.36
-149.279 -486.946 2896.34
-153.544 359.491 2717.75
-11.6939 364.821 2760.33
194.807 154.579 2874.55
167.127 -753.617 3161.05
211.727 99.5121 2607.39
75.6212 -67.7193 2895.57
123.487 -430.269 2977.86
130.156 370.15 2802.91
-18.7874 146.642 2812.9
FRAME: 45
24.7885 555.333 2635.34
-141.719 119.245 2730.62
-94.9784 -478.511 2966.44
99.9942 74.5537 2683.43
-121.075 -77.5256 2853.91
-141.448 -482.195 2901.91
-143.156 360.736 2731.28
4.55652 363.039 2766.27
209.303 137.764 2888.29
172.065 -757.142 3175.39
190.597 54.3913 2626.03
91.9384 -74.216 2903.66
136.79 -432.02 3005.8
152.27 365.342 2801.27
-5.00599 143.584 2822.53
FRAME: 46
37.7137 553.363 2643.96
-151.881 122.744 2747.73
-86.9052 -471.374 2972.71
110.169 66.2748 2689.17
-107.1 -79.8036 2861.51
-134.786 -485.169 2920.21
-132.721 361.52 2741.97
18.2347 362.472 2774.16
210.934 138.92 2906
179.28 -785.19 3200.49
167.602 19.0727 2650.59
103.721 -78.5253 2905.79
145.657 -429.916 3019.62
169.19 363.425 2806.34
8.27247 141.654 2828.9
FRAME: 47
49.1283 557.564 2649.93
-153.091 131.109 2754.67
-81.2827 -483.197 2983.68
103.002 49.3114 2692.31
-97.4838 -87.2671 2873.34
-121.762 -473.734 2933.22
-121.561 362.413 2752.31
31.2084 361.524 2778.15
224.163 132.891 2907.6
183.037 -791.089 3197.8
141.518 8.6421 2655.63
116.269 -88.536 2909.43
153.446 -426.176 3039.85
183.978 360.635 2803.98
20.3005 136.811 2834.76
FRAME: 48
61.76 556.107 2639.4
-158.48 139.905 2765.87
-81.2994 -447.664 2992.79
67.7018 -0.104623 2699.81
-81.122 -70.3969 2888.59
-110.075 -453.134 2926.65
-111.919 368.528 2758.93
43.148 366.361 2781.09
249.217 129.501 2894.39
183.694 -796.334 3216.62
128.212 -29.1933 2648.24
120.598 -73.3913 2916.79
161.884 -422.457 3052.33
198.215 364.194 2803.24
31.443 147.233 2841.89
FRAME: 49
74.4401 555.21 2644.53
-161.154 140.72 2787.83
-80.8288 -460.442 3001.92
48.1984 -4.54401 2685.27
-66.076 -56.6825 2901.75
-93.1195 -449.309 2931.83
-97.1188 369.977 2769.48
57.6801 365.514 2784.85
272.444 134.51 2891.56
187.447 -797.395 3217.64
105.962 -35.2233 2683.55
132.939 -62.2839 2921.01
169.922 -417.624 3056.04
212.479 361.051 2800.23
45.5557 153.015 2848.12
FRAME: 50
80.4032 553.596 2641.53
-162.819 138.437 2803.38
-76.5731 -486.383 3016.68
56.4307 -13.9214 2714.98
-55.8929 -69.4689 2916.57
-95.6565 -460.287 2932.99
-90.4727 368.939 2775.64
67.4399 364.959 2784.26
294.765 148.397 2899.75
187.764 -793.461 3220.47
126.397 -18.0933 2766.57
154.44 -74.508 2928.1
178.237 -421.112 3059.09
225.353 360.978 2792.88
58.3568 146.485 2853.3
FRAME: 51
85.9849 553.684 2642.13
-201.107 139.625 2808.81
-56.273 -518.708 3037.35
-146.539 99.7472 2516.52
-47.5296 -66.923 2929.81
-81.783 -444.39 2929.95
-87.9561 369.57 2790.7
70.882 363.076 2789.63
319.266 158.371 2892.23
189.498 -798.642 3213.75
83.8633 79.5144 2773.08
156.789 -75.0532 2928.43
185.181 -424.265 3060.25
229.72 356.583 2788.57
62.7559 146.044 2859.37
FRAME: 52
90.3167 555.216 2648.55
-225.287 158.224 2821.39
-69.7753 -570.041 3034.83
-312.836 163.707 2487.39
-31.5282 -61.3241 2932.13
-60.5218 -428.562 2937.92
-79.8019 375.564 2804.56
78.699 367.359 2795.17
326.62 148.451 2880.86
190.208 -803.945 3210.24
83.5754 135.078 2750.8
160.03 -71.1429 2920.8
187.482 -424.977 3052.42
237.2 359.155 2785.78
71.475 150.563 2860.82
FRAME: 53
92.1983 553.124 2657.56
-196.46 218.574 2910.28
-61.1102 -627.517 3045.28
-149.486 184.234 2818.18
-23.6696 -59.5262 2935.82
-54.8267 -433.912 2945
-71.7018 383.495 2820.69
84.4437 373.101 2800.6
334.538 144.094 2862.17
189.6 -804.522 3196.97
110.962 174.578 2771.59
165.714 -72.1706 2911.4
188.172 -427.605 3040.03
240.589 362.707 2780.51
77.733 153.626 2862.11
FRAME: 54
91.2746 551.059 2649.84
-200.144 216.276 2924.19
-81.9998 -731.758 3089.16
-191.842 199.182 2752.23
-20.7991 -56.3997 2940.87
-56.1502 -426.123 2953.94
-73.7194 386.342 2828.91
83.186 375.07 2801.2
331.969 141.839 2836.52
188.186 -805.035 3193.04
110.67 183.02 2781.47
167.706 -69.906 2907.78
189.371 -430.658 3029.48
240.092 363.797 2773.49
78.3196 155.958 2862.76
FRAME: 55
89.8917 550.637 2651.47
-185.706 219.32 2950.9
-76.3401 -762.036 3092.47
-214.346 187.746 2789.02
-19.9839 -54.8398 2943.63
-57.2475 -424.276 2959.83
-74.0304 387.341 2832.73
82.518 375.199 2800.52
330.865 138.567 2799.08
187.032 -805.147 3181.61
99.5526 122.796 2767.68
168.214 -69.3815 2905.12
191.524 -430.899 3020.36
239.066 363.056 2768.31
78.3164 156.544 2862.45
FRAME: 56
84.6155 548.716 2654.12
-166.844 221.783 2971.92
-74.4013 -775.396 3092.9
-116.632 56.9845 2837.79
-17.078 -56.3945 2947.01
-58.5206 -424.211 2962.84
-73.6311 386.146 2835.67
80.7758 372.94 2797.3
327.411 135.497 2783.09
185.146 -805.075 3169.43
85.6979 106.75 2780.45
167.193 -72.1357 2901.3
191.887 -432.277 3010.86
235.183 359.734 2758.93
77.9167 154.337 2860.73
FRAME: 57
78.2944 546.41 2652.06
-160.953 209.875 2978.27
-65.0813 -801.349 3099.74
-126.49 15.4562 2820.39
-20.076 -52.5065 2950.56
-59.3969 -427.251 2968.93
-80.4377 385.514 2844.07
75.5579 370.762 2798.39
313.361 125.686 2757.82
182.384 -802.38 3168.45
78.0861 92.7724 2782.56
163.256 -69.8271 2896.88
190.684 -431.501 3005.61
231.554 356.01 2752.71
73.574 154.797 2861.05
FRAME: 58
64.0203 542.237 2649.87
-154.713 202.093 2992.79
-57.2327 -822.731 3108.86
-84.6373 39.0859 2884.61
-21.5549 -59.7563 2953.59
-61.4085 -438.472 2977.29
-87.2151 379.664 2849.39
65.7186 365.24 2795.96
302.945 127.947 2750.8
179.402 -800.461 3159.26
68.5555 48.0863 2781.7
159.759 -76.8332 2890.35
187.424 -434.1 2998.33
218.652 350.815 2742.53
67.4103 148.472 2858.97
FRAME: 59
50.4374 539.88 2652.13
-150.92 179.984 2996.82
-54.7263 -825.441 3111.99
-113.509 26.4602 2861.77
-21.9531 -61.9489 2954.04
-62.1342 -446.028 2982.39
-92.1789 376.022 2857.1
56.0106 360.815 2793.63
290.86 127.748 2747.92
175.565 -798.956 3150.05
61.8829 53.0729 2774.12
151.741 -79.6069 2879.73
180.715 -439.729 2984.29
204.2 345.608 2730.17
60.4524 145.018 2855.26
FRAME: 60
33.24 530.282 2659.55
-137.534 168.502 3012.77
-50.9682 -841.437 3115.17
-105.441 43.4947 2886.67
-28.9524 -76.3513 2950.68
-66.9302 -463.623 2985.58
-97.5105 372.139 2867.72
44.0134 357.354 2794.52
248.535 109.489 2730.42
169.795 -793.944 3140.31
50.5413 60.4098 2728.8
141.078 -94.018 2862.84
174.246 -441.942 2977.05
185.537 342.569 2721.32
50.0381 136.085 2850.64
FRAME: 61
0.351463 520.411 2664
-138.756 161.576 3013.78
-47.9349 -849.316 3118.17
-140.256 -8.95693 2907.24
-40.0251 -90.9041 2949.7
-73.8234 -475.618 2985.84
-108.317 367.247 2873.59
19.5363 352.128 2786.56
213.692 104.352 2715.06
160 -790.917 3106.18
30.6898 89.2385 2721.41
120.494 -109.833 2840.49
146.496 -452.929 2935.43
147.389 337.009 2699.53
29.8855 125.88 2840.83
FRAME: 62
-25.0203 518.099 2660.06
-135.047 155.745 3020.11
-46.1245 -853.862 3117.86
-157.848 23.1061 2885.05
-51.0584 -100.766 2944.38
-86.2971 -486.553 2982.67
-120.58 359.658 2881.32
2.73361 344.905 2785.91
191.911 103.523 2701.11
158.206 -797.312 3099.02
20.8328 97.2676 2706.76
102.023 -119.015 2825.86
119.309 -495.571 2897.96
126.047 330.153 2690.5
14.108 117.507 2835.52
FRAME: 63
-42.4844 519.66 2658.44
-128.263 145.85 3017.8
-45.5973 -848.823 3109.07
-154.284 4.87374 2919.58
-59.849 -94.7285 2936.93
-92.4384 -482.507 2977.7
-126.425 355.098 2881.21
-14.4291 338.799 2778.83
160.437 94.5204 2674.2
144.117 -803.95 3063.18
17.9732 30.4479 2694.08
77.0291 -114.643 2811.69
84.3229 -515.272 2841.14
97.5667 322.5 2676.44
-2.91955 117.057 2826.57
FRAME: 64
-68.1886 513.459 2654
-131.645 130.788 3009
-45.4245 -844.577 3104.54
-157.024 -39.0871 2957.07
-68.8192 -95.8237 2927.03
-103.608 -484.161 2971.85
-131.713 345.599 2877.74
-26.7538 327.466 2770.09
145.817 88.2004 2659.25
139.4 -812.213 3029.65
14.1774 30.4641 2697.41
56.4559 -117.417 2798.55
67.2193 -521.294 2815.63
78.2059 309.334 2662.43
-16.4677 110.423 2816.44
FRAME: 65
-87.7075 507.97 2649.8
-141.414 104.035 2992.56
-43.9352 -848.53 3095.76
-158.205 -51.4528 2977.81
-69.7595 -99.9105 2921.26
-113.948 -491.293 2962.78
-133.444 335.801 2877.8
-40.7961 315.759 2761.69
138.115 82.1121 2654.22
137.61 -816.853 2996
16.8664 31.9136 2662.25
36.7469 -122.929 2787.76
38.4008 -528.03 2781.01
51.8516 295.717 2645.58
-28.6512 102.17 2808.1
FRAME: 66
-109.904 499.445 2640.9
-137.73 82.7582 2980.77
-34.9716 -864.346 3083.91
-148.979 -59.9339 2989.44
-72.7299 -107.127 2910.65
-123.957 -503.028 2953.8
-135.958 321.808 2866.06
-50.3598 301.251 2749
132.573 74.5671 2656.18
139.318 -845.076 2939.77
-5.30647 -15.7878 2675.9
26.7336 -131.051 2774.61
20.8323 -540.664 2752.01
35.2387 280.695 2631.93
-36.679 91.0812 2795.81
FRAME: 67
-127.422 492.058 2632.21
-141.721 42.7587 2931.03
-36.985 -859.385 3076.19
-159.411 -76.8515 2996.04
-77.0829 -115.603 2896.43
-128.887 -506.408 2942.77
-143.532 308.423 2835.12
-60.8009 286.843 2724.65
128.761 67.8114 2656.54
127.743 -872.78 2887.26
-17.8944 -2.07832 2668.14
21.4062 -141.241 2765.38
9.01797 -545.384 2728.41
21.9302 265.262 2614.17
-44.3196 79.2103 2777.78
FRAME: 68
-141.179 484.556 2630.42
-144.593 28.7502 2910.85
-33.9081 -862.125 3056.04
-170.077 -116.598 2983.24
-80.6147 -128.823 2883.65
-135.429 -516.452 2928.12
-146.498 295.979 2822.28
-69.7684 276.065 2714.62
125.05 64.505 2656.55
121.706 -895.273 2836.51
-22.0713 -38.8661 2644.75
13.5811 -153.137 2752.31
2.78853 -557.329 2706.8
6.96095 256.15 2606.97
-51.6426 67.5423 2766.3
FRAME: 69
-153.829 473.653 2625.22
-139.347 15.2049 2880.85
-23.8548 -869.4 3060.07
-164.487 -127.84 2969.54
-82.7231 -136.851 2871.84
-137.655 -530.317 2918.22
-149.376 284.957 2817.85
-73.9695 266.709 2706.72
109.543 53.3255 2651.05
101.008 -931.71 2762.15
-11.2059 -67.3465 2647.79
13.0521 -159.899 2731.1
-7.05743 -565.63 2676.33
1.437 248.462 2595.58
-54.4025 59.1672 2754.09
FRAME: 70
-165.602 459.312 2619.45
-126.253 32.0116 2888.09
-22.4468 -873.466 3043.66
-168.355 -96.9255 2925.96
-77.7519 -151.192 2859.07
-142.857 -535.301 2906.54
-147.297 274.54 2806.93
-79.4255 256.085 2693.01
80.3279 51.2231 2659.24
88.8921 -943.472 2720.44
-15.871 -68.5462 2625.24
8.23265 -174.422 2715.84
-14.1852 -569.392 2654.62
-11.5546 237.629 2579.09
-57.0926 46.6388 2740.23
FRAME: 71
-179.558 448.299 2610.59
-108.985 24.3275 2892.22
-7.75967 -886.684 3041.76
-179.162 -110.516 2914.5
-63.6225 -157.966 2845
-137.571 -539.667 2899.7
-151.442 266.381 2809.04
-90.0267 249.859 2685.49
56.5464 30.7329 2614.79
70.1857 -958.544 2666.8
-38.1457 -77.263 2619.71
8.75276 -177.463 2700.03
-22.4156 -575.654 2628.88
-28.6114 233.336 2561.94
-58.7308 41.0722 2729
FRAME: 72
-200.778 435.79 2586.94
-109.676 25.6819 2890.73
7.04819 -894.102 3036.19
-162.698 -102.701 2945.26
-53.1149 -165.788 2825.22
-127.835 -547.285 2884.61
-151.584 255.164 2799.83
-103.158 237.424 2663.85
51.3958 26.7643 2600.18
61.8207 -971.906 2607.47
-14.6053 -122.559 2603.31
3.69229 -186.665 2666.45
-31.7992 -589.128 2588.32
-54.7314 219.684 2527.87
-63.9344 30.5987 2704.84
FRAME: 73
-216.261 429.204 2570.82
-109.128 28.5866 2890.84
14.3834 -900.214 3030.99
-165.292 -113.717 2939.98
-47.0297 -170.752 2806.21
-120.072 -559.532 2867.15
-154.716 251.104 2794.16
-113.302 234.89 2652.02
-41.2698 -18.5463 2525.38
54.1203 -973.149 2578.29
42.4635 -123.518 2616.16
0.203015 -189.247 2645.09
-38.7229 -592.205 2562.35
-71.8885 218.676 2509.88
-68.3577 27.4453 2688.84
FRAME: 74
-231.172 422.987 2554.84
-104.604 39.1161 2885.47
39.6516 -906.893 3014.41
-165.591 -137.299 2935.54
-42.1573 -177.477 2790.03
-106.41 -568.764 2850.28
-156.976 246.542 2788.71
-125.15 230.068 2639.13
-94.1881 -39.9076 2509.02
50.0056 -969.538 2561.82
67.9359 -134.082 2619.46
-6.32888 -195.848 2622.57
-45.1209 -593.139 2546.34
-93.3245 213.595 2489.54
-74.6967 21.7029 2672.71
FRAME: 75
-240.992 412.017 2541.65
-110.502 19.5189 2859.54
35.9107 -910.753 3011.56
-144.459 -169.337 2921.33
-31.637 -177.69 2770.86
-101.568 -579.35 2828.14
-154.456 239.943 2770.14
-132.99 224.588 2620.63
-100.396 -35.3984 2507.84
51.8002 -970.061 2553.26
64.8562 -146.764 2601.07
-3.70752 -196.067 2601.85
-46.6531 -594.156 2536.91
-111.523 209.232 2471.12
-75.3309 18.8546 2653.5
FRAME: 76
-254.114 403.864 2525.59
-97.2527 51.4927 2836.86
37.6322 -919.843 2997.76
-149.933 -152.665 2886.29
-22.0709 -178.838 2753.94
-95.3086 -583.295 2809.11
-153.87 233.76 2762.82
-137.655 218.595 2609.98
-112.448 -40.9435 2500.94
59.1241 -990.546 2543.23
52.6383 -175.371 2603.58
-0.835666 -196.737 2583.15
-45.7852 -601.46 2525.97
-121.439 203.431 2457.13
-74.554 15.4041 2639.26
FRAME: 77
-268.43 389.193 2510.39
-68.654 78.022 2797.92
39.0186 -931.935 2989.91
-128.49 -125.239 2891.39
-20.1424 -179.98 2735.46
-89.1621 -588.719 2795.73
-155.814 228.96 2743.13
-134.776 212.639 2589.19
-66.9562 -11.6525 2511.57
64.2021 -986.595 2540.6
32.9669 -159.287 2586.16
4.987 -198.612 2568.45
-42.2645 -603.299 2516.66
-113.739 196.318 2435.24
-71.1771 11.6714 2620.57
FRAME: 78
-279.407 373.867 2497.97
-57.3915 70.3419 2799.54
38.4041 -944.651 2971.42
-105.732 -116.85 2866.42
-15.4901 -185.131 2725.36
-81.8197 -594.313 2782.18
-147.809 220.292 2729.42
-132.796 203.543 2580.95
-75.3209 -2.5693 2501.42
69.206 -981.914 2541.33
35.6521 -154.547 2570.38
9.58864 -204.436 2556.13
-36.8794 -603.575 2513.25
-117.784 186.794 2432.49
-67.8736 4.37957 2610.85
FRAME: 79
-291.561 363.615 2483.9
-35.5758 108.039 2759.22
34.7989 -951.619 2956.77
-51.5688 -8.85605 2827.69
-15.2068 -190.458 2717.51
-79.6158 -597.775 2777.64
-150.017 220.414 2711.84
-134.851 202.318 2564.27
-61.0622 10.8821 2511.78
74.9743 -986.812 2540.74
40.6575 -136.561 2573.73
13.5317 -211.721 2540.94
-29.0333 -610.419 2505.15
-119.685 184.222 2416.7
-67.8443 0.614461 2596.75
FRAME: 80
-298.242 354.891 2470.98
-32.416 102.123 2748.96
35.5221 -960.115 2942.73
-58.772 15.0121 2788.33
-14.0273 -194.82 2711.83
-76.2117 -606.208 2767.94
-147.401 218.815 2706.24
-131.012 202.551 2564.78
-42.4989 42.5434 2510.01
78.3263 -992.441 2540.6
52.5099 -111.551 2552.47
20.0053 -213.81 2529.62
-25.1942 -619.392 2496.08
-114.623 186.287 2423.33
-64.0113 -0.882086 2592.75
FRAME: 81
-298.829 347.063 2460.16
-20.6624 121.719 2711.59
42.3115 -958.987 2943.08
-51.1649 5.5002 2777.56
-3.13421 -198.025 2701.61
-67.427 -609.904 2766.13
-148.598 210.899 2704.59
-135.768 191.668 2550.03
-73.2929 -33.2519 2487.37
76.8948 -995.449 2541.01
44.8825 -148.535 2559.46
18.0766 -220.16 2514.13
-28.2288 -626.958 2486.31
-122.938 172.437 2395.47
-64.1484 -8.71216 2578.95
FRAME: 82
-297.792 343.346 2449.32
-27.1515 114.211 2712.62
44.7924 -961.653 2923.48
-68.4058 24.5222 2723.69
-0.233487 -200.596 2694.03
-63.4438 -608.33 2758.38
-153.828 207.979 2683.47
-141.482 188.317 2533.42
-63.9503 -20.2689 2485.65
79.3403 -1004.15 2534.89
35.8117 -155.14 2555.45
21.6405 -226.889 2501.4
-25.1199 -639.011 2479.76
-129.136 168.656 2383.37
-65.3892 -12.7125 2565.57
FRAME: 83
-294.89 340.635 2436.37
-16.839 94.3348 2707.41
49.6875 -961.922 2923.94
-73.8596 50.3006 2709.71
8.56246 -200.994 2684.96
-60.4618 -612.953 2749.22
-152.586 208.055 2685.19
-144.901 186.384 2526.76
-73.7868 -44.6544 2437.82
75.4039 -1003.86 2528.38
35.7621 -174.297 2529.22
22.9641 -227.332 2488.41
-27.2687 -639.516 2470.35
-137.217 164.713 2368.33
-64.5691 -13.8896 2556.73
FRAME: 84
-288.133 341.248 2421.7
-24.7229 81.4696 2704.14
55.1401 -967.731 2912.71
-60.4393 -21.903 2673.71
11.8173 -203.94 2669.25
-60.5222 -619.014 2736.81
-152.2 204.512 2668.88
-138.598 184.57 2511.3
-84.9726 -77.4175 2376.11
77.1049 -1010.33 2520.54
39.643 -167.017 2515.84
31.444 -228.561 2475.42
-18.8378 -644.001 2460.52
-124.996 164.629 2353.72
-58.4837 -15.8399 2541.82
FRAME: 85
-265.706 348.305 2397.76
-29.1358 68.0372 2697.09
64.7089 -955.938 2885.31
-98.3604 -141.912 2690.41
8.6444 -213.296 2654.14
-55.441 -620.371 2719.87
-153.82 202.105 2653.12
-127.273 184.902 2490.83
-77.7254 -87.6395 2351.55
82.4845 -1016.59 2514.62
22.7521 -186.891 2525.31
40.3818 -233.989 2465.29
-1.68887 -645.406 2447.68
-100.726 167.7 2328.53
-51.3799 -19.3699 2525.27
FRAME: 86
-251.212 358.278 2383.34
-58.2132 55.6398 2689.61
57.1358 -941.745 2898.26
-199.138 -226.195 2587.73
6.42637 -210.239 2645.05
-50.4278 -612.208 2707.38
-153.055 204.115 2640.84
-115.679 190.455 2481.17
-50.7102 -82.4763 2331.24
85.7136 -1009.6 2512.76
15.9986 -216.218 2511.62
50.9283 -226.782 2458.59
11.1994 -636.541 2441.16
-78.3026 176.795 2321.49
-43.5007 -14.0279 2516.49
FRAME: 87
-236.256 376.58 2375.18
-162.63 19.8636 2695.86
46.4311 -941.546 2902.71
-269.431 -229.361 2565.37
-7.49445 -196.058 2633.66
-54.8842 -603.587 2702.27
-167.223 210.211 2594.93
-109.921 202.298 2462.53
11.5396 -51.2845 2371.95
93.2406 -997.518 2510.64
-127.176 -191.466 2499.49
66.9445 -206.548 2462.97
28.1836 -619.095 2441.43
-52.6179 194.385 2330.13
-40.0977 0.497438 2505.42
FRAME: 88
-222.105 393.848 2364.71
-186.333 25.2701 2687.91
23.5758 -887.255 2946.7
-243.185 -193.12 2521.13
-24.8404 -187.399 2632.59
-62.8804 -593.602 2699.41
-181.947 219.367 2579.69
-107.463 215.65 2456.26
20.7273 -37.4171 2380.67
98.4381 -974.697 2509.32
-235.728 -204.566 2429.17
76.2979 -192.428 2465.63
35.3634 -608.063 2440.3
-32.9788 211.934 2332.83
-40.8671 12.8684 2502.68
FRAME: 89
-204.065 404.891 2363.87
-205.876 1.43458 2644.55
2.22096 -855.31 2964.25
-237.412 -212.804 2413.08
-39.5569 -186.937 2627.47
-76.0881 -589.841 2692.92
-190.114 221.179 2571.2
-97.6802 221.185 2456.26
62.7936 -28.8154 2390.2
106.629 -972.398 2510.62
-189.074 -184.634 2306.66
81.995 -186.925 2476.04
40.2445 -600.399 2445.46
-5.24647 221.191 2341.31
-38.2306 17.127 2504.01
FRAME: 90
-189.763 416.929 2368.02
-222.847 -6.61568 2627.08
-23.805 -848.607 2977.1
-182.825 -130.755 2364.84
-56.4772 -185.359 2616.17
-90.1445 -588.087 2684.02
-200.625 221.36 2563.37
-89.4199 226.202 2459.68
94.458 -19.8917 2385.96
110.781 -969.275 2520.54
-124.416 -121.075 2177.46
84.3562 -179.162 2484.62
46.146 -595.626 2456.72
21.7854 231.044 2355.99
-37.7402 21.9708 2505.04
FRAME: 91
-177.728 425.931 2374.57
-246.055 8.0538 2613.98
-35.9701 -853.239 2962.18
-136.373 -12.0017 2288.09
-72.6196 -181.566 2611.33
-91.9067 -587.801 2680.05
-209.688 228.879 2560.48
-85.7023 238.347 2472.34
131.593 2.84795 2403.26
107.066 -956.551 2516.68
44.8111 -28.3386 2182.57
83.5121 -169.619 2500.34
47.0159 -585.23 2466.25
38.283 247.815 2384.19
-40.1281 31.3774 2514.09
FRAME: 92
-171.774 433.503 2377.65
-247.453 36.2406 2536.8
-56.0521 -836.098 2967.33
-55.2255 57.6448 2285.1
-97.3839 -178.04 2609.66
-106.752 -593.542 2670.88
-219.85 242.382 2563.36
-81.539 254.38 2492.67
146.568 27.7525 2373.36
109.907 -958.697 2531.19
35.9549 87.652 2175.98
82.2825 -162.44 2517.18
53.5545 -581.16 2484.61
56.7721 266.379 2421.98
-44.5448 42.0702 2528.05
FRAME: 93
-164.467 436.698 2390.05
-176.223 114.93 2501.02
-91.6511 -816.441 2968.88
75.5654 191.547 2355.69
-127.275 -158.475 2607.29
-123.567 -583.793 2660.94
-219.581 278.746 2559
-83.3754 287.548 2510.61
186.787 170.037 2466.6
106.588 -950.126 2539.05
100.098 216.015 2338.17
63.8067 -145.906 2539.69
56.5777 -572.268 2504.11
52.8298 296.349 2462.22
-57.5547 67.6786 2542.05
FRAME: 94
-156.004 440.819 2402.86
-176.766 128.745 2557.15
-87.0729 -835.66 2957.87
0.804661 131.777 2484.24
-136.222 -153.454 2612.76
-142.182 -575.79 2654.8
-226.899 276.006 2559.58
-89.7157 285.695 2519.61
212.772 202.426 2460.84
103.494 -938.687 2547.35
94.0779 291.009 2433.63
56.6939 -139.697 2556.67
53.0307 -558.08 2524.82
47.4675 295.384 2479.63
-64.74 69.5598 2552.16
FRAME: 95
-144.873 455.958 2413.51
-172.686 129.525 2570.87
-95.3549 -841.466 2967.22
21.304 130.333 2518.18
-148.959 -146.131 2617.71
-158.716 -572.035 2661.72
-230.063 281.533 2559.4
-92.0372 289.419 2527.19
226.106 231.33 2495.46
92.3486 -915.905 2566.06
120.381 289.658 2436.96
47.1291 -134.931 2571.74
46.0748 -543.01 2538.41
45.989 297.306 2494.99
-71.4762 74.444 2560.96
FRAME: 96
-134.686 467.464 2422.52
-166.483 129.195 2550.62
-100.444 -830.211 2992.59
-9.25139 80.6021 2574.47
-152.526 -147.002 2623.83
-168.786 -560.842 2678.34
-230.165 283.607 2561.65
-91.9009 289.97 2536.39
243.453 256.218 2525.75
84.8345 -908.041 2576.96
122.085 276.053 2482.73
36.3009 -138.415 2588.79
37.2546 -537.399 2544.07
46.3637 296.333 2511.13
-75.0067 73.6308 2571.35
FRAME: 97
-121.038 469.894 2451.58
-156.047 132.358 2557.26
-97.6643 -825.873 2984.13
-26.1381 74.8695 2685.8
-154.399 -139.132 2616.65
-170.317 -550.877 2674.13
-224.418 282.826 2570.77
-87.67 288.208 2568.45
237.048 267.159 2585.07
74.0169 -897.255 2597.68
108.448 241.286 2529.93
21.7925 -132.636 2612.08
26.3047 -524.075 2568.31
49.0783 293.589 2566.12
-76.9866 76.1618 2591.41
FRAME: 98
-105.999 483.74 2484.82
-93.558 161.744 2557.08
-96.2979 -829.611 2971.23
-11.2772 126.475 2690.46
-157.264 -136.458 2619.07
-171.467 -541.18 2694.26
-223.178 289.629 2585.91
-80.264 293.499 2599.64
223.173 284.122 2625.02
68.2817 -893.147 2616.96
86.0245 197.234 2609.16
21.4038 -131.774 2635.9
20.228 -515.605 2588.91
62.6496 297.369 2613.36
-74.0971 79.6915 2613.56
FRAME: 99
-99.2459 486.28 2498.06
-65.2656 174.665 2544.15
-93.762 -835.856 2963.56
94.77 224.977 2685.54
-155.807 -127.635 2637.27
-169.762 -536.729 2709.29
-210.822 301.754 2590.73
-74.9095 305.65 2611.46
217.569 279.803 2644.43
62.8163 -887.091 2626.95
70.5353 247.928 2646.84
20.2286 -122.502 2664.22
17.8236 -505.574 2603.3
61.003 309.545 2632.19
-71.3493 90.2904 2631.1
FRAME: 100
-90.8694 491.022 2526.3
-65.748 200.045 2555.48
-95.0626 -836.692 2963.16
116.894 258.153 2709.24
-160.267 -121.404 2660.04
-170.819 -526.887 2727.69
-212.411 311.178 2602.61
-76.8572 314.878 2626.45
212.477 264.718 2662.15
63.0881 -881.135 2665.7
79.7806 223.519 2602.1
14.2715 -116.535 2690.6
22.1056 -492.204 2643.42
58.6967 318.578 2650.29
-74.9274 97.9542 2650.88
FRAME: 101
-86.0853 495.897 2542.1
-48.7981 219.805 2555.05
-92.0306 -829.945 2994.24
113.706 268.669 2728.57
-160.864 -110.91 2674.52
-169.926 -521.561 2756.82
-209.214 321.388 2609.33
-77.9083 325.676 2642.09
205.713 237.148 2694.28
64.3216 -887.598 2710.37
67.6005 201.062 2575.4
6.84521 -105.382 2716.26
21.0395 -491.318 2680.84
53.3968 329.963 2674.84
-77.4588 108.765 2668.74
FRAME: 102
-67.8644 492.779 2560.97
-60.1521 215.409 2563.82
-92.3111 -827.184 3006.7
136.086 301.89 2753.39
-162.238 -111.655 2683.75
-166.226 -520.302 2775.33
-210.121 324.532 2613.39
-82.5193 330.203 2651.13
176.941 210.75 2730.15
72.0651 -894.944 2762.51
98.9694 234 2563.73
4.2369 -104.254 2732.65
22.0197 -499.748 2707.01
45.0825 335.875 2688.87
-80.76 111.124 2679.66
FRAME: 103
-74.0237 511.626 2560.29
-30.3357 226.443 2567.04
-90.8888 -825.285 2987.91
151.826 312.965 2771.05
-163.091 -104.933 2694.43
-166.088 -502.642 2778.11
-203.698 338.393 2621.23
-77.7628 342.565 2663.97
165.828 196.66 2744.55
75.7729 -896.084 2814.57
122.211 230.129 2581.53
1.14679 -99.4845 2749.29
26.0411 -502.031 2732.17
48.1723 346.737 2706.71
-79.3675 120.178 2692.92
FRAME: 104
-65.0209 515.958 2577.61
-16.1884 219.575 2588.61
-90.6185 -831.191 2988.07
181.593 310.523 2797.51
-168.36 -104.214 2710
-169.245 -502.565 2795.42
-195.031 345.297 2632.43
-71.3616 347.591 2670.55
167.291 177.901 2740.94
88.9157 -889.83 2878.58
112.128 226.585 2556.43
3.17555 -101.063 2762.69
30.9659 -504.041 2768.07
52.3083 349.885 2708.68
-76.9768 122.476 2703.45
FRAME: 105
-64.8703 527.133 2579.53
-25.8439 206.803 2587.59
-88.8236 -828.253 2987.24
192.47 299.695 2778.43
-170.203 -96.0987 2724.97
-169.327 -501.938 2804.99
-192.431 353.7 2634.66
-68.2258 356.73 2676.67
161.827 174.331 2752.38
96.4191 -877.852 2940.02
116.96 219.705 2565.74
4.44766 -91.983 2783.48
32.7082 -510.043 2793.52
55.9799 359.76 2718.68
-75.5518 131.345 2715.45
FRAME: 106
-57.1901 536.982 2594.71
-50.4768 196.567 2605.01
-84.2766 -828.079 2983.09
205.572 275.429 2752.92
-168.35 -95.8528 2737.29
-168.287 -502.132 2811.06
-191.069 356.754 2641.4
-68.2449 360.647 2683.31
154.757 162.479 2753.56
100.264 -854.359 2976.58
130.12 211.108 2570.49
4.36576 -90.5195 2795.71
37.0221 -497.233 2825.39
54.5788 364.54 2725.22
-75.1185 133.73 2724.9
FRAME: 107
-54.8152 541.638 2600.61
-57.1206 180.225 2606.5
-91.1565 -834.718 2988.54
215.583 247.576 2747.28
-165.102 -95.251 2745.26
-165.653 -504.814 2819.42
-184.287 362.271 2650.86
-63.2297 366.039 2694.74
149.533 161.343 2769.81
104.631 -837.711 3007.91
154.701 213.425 2589.21
8.03177 -89.9408 2807.76
45.0287 -493.062 2843.95
57.8271 369.807 2738.62
-70.8823 136.721 2735.62
FRAME: 108
-49.0199 545.842 2606.99
-72.8127 176.324 2607.92
-92.0452 -833.245 2997.33
220.579 221.257 2722.1
-164.836 -96.8122 2755.84
-163.642 -500.188 2831.24
-185.711 361.716 2665.42
-60.5512 365.116 2709.91
136.511 150.665 2787.82
115.219 -829.843 3034.57
196.076 196.046 2615.5
14.204 -91.9244 2819.37
63.8388 -486.513 2877.4
64.6084 368.517 2754.4
-67.9336 135.374 2748.76
FRAME: 109
-39.9615 550.14 2611.47
-100.859 160.442 2629.3
-99.9682 -831.332 2997.17
207.947 185.293 2698.98
-163.329 -100.384 2769.87
-160.664 -503.055 2838.29
-188.44 364.426 2670.56
-59.5338 369.119 2714.91
150.908 144.441 2804.92
127.099 -819.523 3071.12
190.946 161.823 2609.02
19.4698 -93.7658 2832.62
80.2412 -487.783 2913.4
69.3726 373.811 2759.25
-65.7317 136.022 2758.07
FRAME: 110
-26.5742 551.627 2616.01
-101.854 153.304 2624.27
-108.414 -828.956 3012.72
225.588 146.126 2692.51
-158.352 -98.2977 2780.22
-159.234 -497.582 2848.7
-181.236 366.06 2676.17
-51.3176 370.874 2721.43
159.648 150.958 2821.54
143.512 -812.091 3102.2
207.076 129.477 2620.49
27.4814 -91.4464 2844.71
90.0493 -474.192 2934.1
78.6007 375.688 2766.7
-58.3764 138.001 2766.95
FRAME: 111
-14.6354 552.715 2619.36
-116.648 129.146 2662.55
-122.264 -822.85 3028.43
170.38 109.194 2665.45
-155.163 -97.494 2795.21
-161.528 -494.034 2862.59
-175.74 359.693 2686.3
-41.6166 363.737 2731.66
162.43 143.823 2860.07
157.131 -801.932 3122.61
230.723 92.5098 2631.25
35.631 -91.7118 2859.55
106.658 -474.091 2945.16
92.5065 367.78 2777.01
-50.6912 134.567 2779.52
FRAME: 112
6.26015 554.558 2628.47
-129.279 120.366 2698.87
-135.6 -814.985 3035.28
159.723 44.4181 2678.43
-148.119 -92.093 2818.08
-151.8 -483.167 2877.97
-161.866 354.238 2697.89
-19.6317 356.065 2739.52
178.875 131.268 2879.87
205.568 -787.105 3152.53
231.146 16.9733 2638.14
57.2093 -89.4196 2878.13
115.657 -472.697 2958.5
122.602 357.893 2781.15
-32.5433 132.655 2793.81
FRAME: 113
20.8872 555.916 2631.78
-134.506 112.623 2715.56
-143.935 -807.771 3039.92
127.323 35.4783 2686.37
-132.881 -96.1233 2840.78
-153.992 -478.132 2885.63
-148.677 348.452 2708.19
-1.74492 349.367 2744.08
185.216 112.282 2880.88
215.506 -779.763 3179.17
210.142 -12.9754 2643.08
75.3197 -94.824 2891.54
142.057 -474.501 2988.84
145.187 350.283 2779.96
-15.2628 126.947 2805.12
FRAME: 114
34.7848 554.399 2638.44
-126.021 93.1278 2723.63
-146.728 -803.852 3049.19
175.248 -14.7792 2633.33
-119.434 -97.4722 2853.84
-143.556 -476.308 2899.67
-127.932 343.815 2714.84
19.2769 344.232 2752.45
205.373 111.198 2892.88
226.586 -806.644 3172.37
198.728 -32.7442 2655.69
94.4868 -96.6957 2908.56
161.95 -476.721 3003.84
166.486 344.649 2790.05
3.40178 123.574 2816.82
FRAME: 115
61.4529 558.516 2646.61
-122.815 84.9521 2729.07
-149.535 -787.339 3053.31
128.774 -38.9339 2665.35
-101.374 -98.5042 2864.63
-129.243 -482.077 2907.82
-112.453 341.751 2720.2
35.9206 343.51 2756.96
232.073 106.007 2890.27
226.281 -804.139 3174.66
216.877 -55.234 2578.2
116.012 -95.7247 2918.64
169.385 -482.916 3007.07
184.295 345.268 2793.71
21.6198 123.198 2824.3
FRAME: 116
79.4884 559.569 2653.1
-114.598 90.0953 2733.78
-151.233 -786.87 3060.82
136.242 -46.0063 2665.24
-78.0655 -103.609 2879.32
-122.006 -472.862 2927.92
-96.0098 341.92 2727.08
53.8511 343.528 2764.01
251.891 97.8638 2895.4
225.592 -803.226 3173.69
153.254 -58.4393 2666.52
126.047 -101.34 2929.63
173.533 -481.792 3005.07
203.712 345.136 2800.94
38.921 120.527 2834.24
FRAME: 117
94.4179 557.281 2652.63
-111.708 98.0533 2759.85
-151.708 -791.366 3061.24
119.418 -95.5881 2646.89
-49.8411 -78.1428 2904.03
-109.825 -456.093 2930.72
-80.9922 344.107 2742.66
71.7845 342.905 2769.65
266.38 96.6302 2895.52
228.433 -793.022 3175.99
199.09 -96.0959 2705.29
133.698 -79.8172 2936.32
187.926 -457.151 3015.92
224.561 341.704 2796.64
56.8565 131.963 2844.91
FRAME: 118
107.301 557.255 2659.74
-101.573 96.741 2767.49
-147.43 -759.079 3066.78
94.387 -105.481 2651.2
-27.3504 -63.7443 2914.54
-86.128 -434.392 2936.1
-61.8944 342.255 2743.74
88.7562 343.242 2773.49
292.116 105.634 2900.11
227.002 -801.663 3173.09
173.845 -98.1123 2732.63
146.62 -62.8664 2948.84
205.907 -443.566 3024.32
239.407 344.229 2803.24
74.1955 139.968 2852.59
FRAME: 119
121.735 557.37 2663.61
-96.843 104.703 2820.88
-141.505 -765.452 3071.16
98.2119 -84.7727 2765.76
-17.0013 -51.9059 2939.09
-76.7942 -442.038 2948.7
-43.1629 353.293 2764.01
110.047 346.429 2781.97
318.607 107.946 2900.4
227.054 -796.545 3178.53
158.341 -98.3175 2765.78
161.24 -59.9793 2959.75
218.184 -434.995 3033.04
263.258 339.564 2799.93
91.0834 145.243 2865.69
FRAME: 120
132.325 559.003 2665.44
-99.7187 119.812 2847.09
-136.192 -774.607 3079.8
37.3623 -18.2082 2741.24
-5.57838 -57.6287 2944.65
-64.1932 -449.358 2965.37
-36.4873 359.895 2778.6
120.038 349.717 2787.09
354.862 125.183 2892.45
226.846 -798.334 3199.06
110.327 -61.4386 2767.16
174.226 -69.4439 2954.25
221.953 -439.232 3045.02
276.564 339.539 2795.58
102.181 143.09 2868.27
FRAME: 121
138.643 560.518 2671.23
-95.0604 133.771 2879.07
-127.782 -781.622 3089.24
27.5942 59.5735 2765.73
7.79359 -65.0489 2940.38
-61.2524 -452.454 2970.39
-25.591 362.806 2790.21
130.014 353.203 2792.74
373.975 136.295 2891.09
229.289 -799.362 3201.53
155.428 -25.1305 2773.9
194.93 -76.6435 2943.25
227.184 -447.939 3045
285.62 343.601 2795.27
115.688 141.179 2867.27
FRAME: 122
147.772 564.99 2680.57
-91.8829 150.777 2894.49
-119.742 -791.949 3094.72
28.4355 7.50689 2769.64
10.4029 -61.2716 2943.45
-57.206 -454.584 2974.02
-20.317 370.28 2808.28
135.365 358.23 2801.67
375.961 122.639 2876.68
229.624 -797.496 3190.47
160.718 26.9631 2782.09
206.113 -76.4875 2935.08
227.596 -449.191 3036.95
291.047 346.18 2795.06
121.812 144.675 2870.47
FRAME: 123
150.389 565.027 2687.73
-97.2929 171.798 2924.45
-109.341 -788.528 3098.33
19.9646 48.7191 2770.35
16.0939 -65.2117 2946.01
-51.2647 -453.82 2975.95
-15.1048 372.279 2823.58
139.199 359.583 2808.93
385.2 117.219 2859.84
230.464 -791.696 3185.12
103.597 38.8303 2776.62
215.22 -81.6794 2926.96
236.038 -453.054 3026.73
293.504 346.887 2794.29
127.428 143.069 2872.71
FRAME: 124
151.971 567.184 2696.11
-97.1427 203.832 2949.7
-100.916 -801.993 3098.55
-21.2691 2.16767 2816.1
22.066 -57.8664 2953.88
-50.4321 -454.418 2977.95
-9.65009 379.512 2838.76
143.11 364.664 2814.1
389.328 118.895 2834.8
230.651 -791.399 3184.07
114.196 47.1312 2765.24
220.237 -77.1152 2921.91
239.306 -453.772 3025.42
295.869 349.815 2789.44
132.131 148.586 2875.99
FRAME: 125
152.919 565.557 2699.66
-102.263 209.695 2960.58
-90.9501 -810.618 3099.86
-16.6275 -0.665813 2794.97
27.1108 -56.7339 2960.87
-46.1395 -456.678 2984.12
-6.73951 385.804 2849.91
145.121 369.279 2815.99
388.655 118.579 2808.85
230.892 -789.236 3179.48
118.919 64.867 2788.53
223.541 -78.091 2917.05
239.486 -454.472 3017.92
296.982 352.755 2782.06
135.223 150.934 2877.47
FRAME: 126
151.077 565.656 2705.99
-116.997 196.093 2958.23
-85.103 -820.488 3105.72
-124.205 32.5279 2762.23
31.1904 -58.4567 2966.52
-43.7683 -458.767 2988.38
-15.4547 390.295 2866.21
138.106 374.766 2820.85
380.414 127.745 2789.43
230.11 -788.5 3172.03
108.517 41.1614 2779.17
224.696 -78.0524 2909.41
240.241 -459.51 3005.59
291.666 359.237 2775.49
133.024 153.256 2879.41
FRAME: 127
148.17 568.999 2709.33
-130.254 197.434 2965.78
-78.778 -828.646 3109.59
-259.094 163.058 2768.17
32.8476 -57.7256 2969.86
-40.5245 -462.944 2993.03
-16.2276 389.369 2879.07
134.879 373.682 2826.25
373.565 126.824 2776.14
229.489 -789.146 3165.78
120.797 62.2963 2742.5
222.743 -77.4384 2903.4
236.712 -453.864 3001.75
285.986 357.995 2773.43
131.337 153.05 2881.44
FRAME: 128
140.332 569.256 2712.31
-116.484 195.905 2984.86
-71.588 -832.034 3113.17
-191.699 83.5214 2805.33
32.2736 -58.7971 2971.53
-38.1971 -462.637 2996.07
-18.3812 388.587 2885.83
129.361 372.131 2825.06
358.156 125.442 2762.3
227.569 -789.453 3160.72
143.178 87.6684 2758.96
217.56 -79.405 2895.34
235.136 -459.128 2995.27
277.103 355.675 2764.28
127.139 151.515 2879.24
FRAME: 129
137.674 568.682 2712.84
-106.651 192.17 2998.37
-62.9073 -831.589 3115.13
-106.411 19.6692 2828.25
32.4224 -62.8413 2972.04
-36.1712 -465.429 2998.85
-19.4358 386.237 2888.75
121.936 369.933 2820.66
329.005 135.096 2756.61
223.232 -789.096 3158.13
115.319 45.4902 2749.85
213.236 -83.6291 2885.12
231.206 -458.41 2988.24
263.308 353.629 2752.58
122.383 148.349 2874.62
FRAME: 130
116.432 565.151 2712.13
-99.0309 187.413 3013.15
-59.2915 -829.844 3113.82
-122.42 31.9505 2812.34
29.9161 -72.6091 2972.79
-35.0538 -468.581 2996.72
-21.3979 381.526 2890.89
106.448 365.159 2813.25
275.108 134.442 2734.26
217.913 -789.996 3151.58
74.5557 66.2697 2752.78
199.575 -94.27 2869.9
218.291 -462.422 2978.13
234.294 348.792 2735.62
110.597 140.86 2867.3
FRAME: 131
89.6519 560.092 2707.54
-93.0401 188.876 3032.35
-51.0612 -829.96 3115.18
-150.185 47.6331 2837.81
26.4706 -77.5213 2972.42
-37.3175 -471.507 2999.4
-27.9408 376.705 2893.83
89.962 358.268 2805.18
245.316 117.842 2714.43
212.339 -792.208 3149.73
66.5581 100.63 2725.74
179.587 -101.352 2857.58
205.176 -475.88 2963.83
207.865 339.832 2716.53
96.4955 134.416 2860.09
FRAME: 132
69.7718 555.464 2703.18
-92.892 187.06 3042.89
-46.8595 -830.908 3118.35
-162.239 52.3407 2851.25
22.4312 -82.1539 2976.18
-35.7226 -476.1 3003.75
-33.9559 374.337 2898.76
74.1425 354.189 2799.86
190.863 102.577 2706.28
209.584 -792.572 3146.93
35.3868 104.544 2741.28
163.734 -108.448 2846.98
184.285 -501.966 2937.99
182.241 334.042 2700.96
83.6126 129.444 2855.72
FRAME: 133
51.24 548.241 2702.04
-99.7185 176.968 3050.6
-42.6539 -834.995 3120.04
-184.878 54.581 2852.56
20.8959 -89.5231 2977.05
-33.8947 -479.517 3002.9
-42.8797 370.314 2901.68
55.5051 349.244 2793.75
197.61 129.387 2703.07
204.328 -791.281 3137.17
4.02387 100.149 2766.38
147.186 -116.516 2838.55
172.938 -512.695 2920.15
153.89 328.174 2685.83
69.773 123.112 2850.78
FRAME: 134
34.2453 549.019 2701.14
-67.8674 172.268 3055.52
-41.2098 -836.455 3116.21
-183.289 63.8796 2863.63
13.9547 -89.1243 2972.74
-35.9311 -483.246 2996.48
-48.7124 365.009 2905.25
43.9626 342.999 2790.41
183.239 125.272 2690.73
203.626 -795.006 3136.82
10.5957 127.808 2753.19
132.311 -117.224 2826.11
166.989 -516.277 2913.38
136.638 320.989 2675.56
58.5476 119.912 2844.91
FRAME: 135
22.4844 546.779 2700.44
-84.939 170.226 3042.28
-33.7477 -847.335 3118.83
-179.675 60.9331 2856.33
14.858 -93.814 2972.28
-36.8812 -492.83 3000.69
-56.2856 367.016 2899.06
24.8726 344.932 2780.62
181.592 110.624 2710.77
193.179 -791.153 3118.83
-27.7581 95.9875 2771.4
122.047 -122.787 2816.51
143.788 -541.027 2881.79
106.031 322.848 2662.17
46.6626 118.315 2837.51
FRAME: 136
0.804178 546.524 2699.73
-85.9398 170.517 3036.56
-33.7001 -840.092 3114.75
-180.265 99.3995 2889.24
7.26011 -95.7276 2961.94
-47.2789 -487.85 2988.38
-68.6807 358.688 2888.7
8.907 335.958 2770.74
159.233 101.993 2692.95
202.363 -805.817 3112.33
1.89037 94.4578 2786.69
105.041 -124.332 2813.4
119.292 -554.664 2857.07
86.4947 313.228 2652.77
32.5287 112.964 2829.2
FRAME: 137
-25.4382 534.786 2691.7
-75.519 150.981 3015.26
-32.4974 -834.392 3111.32
-82.0398 -144.175 3083.22
-1.88875 -100.069 2951.38
-63.219 -491.123 2979.32
-74.5503 350.392 2878.54
-2.01722 327.367 2762.67
151.956 77.0522 2712.57
214.077 -820.617 3045.78
33.5775 29.94 2764.22
88.5165 -128.715 2807.63
97.928 -553.751 2826.56
70.5158 304.342 2646.81
20.6483 106.488 2821.09
FRAME: 138
-51.4739 528.131 2688.2
-66.044 147.894 3014.36
-31.3583 -841.942 3111.22
-79.783 -152.174 3083.28
-4.69611 -95.6351 2940.38
-74.3081 -492.771 2973.09
-75.1791 347.359 2880.01
-9.11103 322.976 2758.76
141.661 71.5974 2705.81
210.061 -829.033 3024.24
18.6155 4.79637 2761.27
72.5169 -124.07 2799.16
85.1339 -550.648 2809.46
56.957 298.594 2637.5
12.3997 106.562 2814.27
FRAME: 139
-68.6819 522.727 2683.39
-68.6417 125.493 2945.02
-25.2921 -853.01 3105.17
-81.3005 -136.987 3089.31
-8.57977 -101.987 2933.12
-74.6328 -504.982 2972.7
-74.5415 341.295 2881.06
-16.5027 317.983 2757.05
123.858 64.1365 2701.9
201.446 -834.655 2998.39
20.7456 -7.70747 2741.78
61.1384 -129.921 2785.05
72.8453 -546.242 2792.66
41.5361 294.672 2633.04
4.88833 101.015 2808.07
FRAME: 140
-90.4754 512.885 2675.6
-75.574 130.661 2939.19
-24.371 -862.076 3086.64
-93.3611 -145.685 3076.19
-8.88657 -112.384 2910.35
-76.8979 -516.051 2951.97
-81.9253 328.942 2861.45
-28.4887 312.196 2754.2
125.684 63.0649 2685.46
197.826 -849.846 2961.21
13.1008 -14.7461 2726.61
53.7305 -131.99 2785.41
60.0416 -542.024 2779.55
24.9479 295.451 2646.94
-3.03335 95.0047 2801.04
FRAME: 141
-117.478 500.475 2669.92
-72.8998 118.904 2938.31
-15.5102 -874.208 3076.87
-87.4406 -139.234 3050.14
-10.9235 -129.787 2888.4
-79.8388 -531.143 2940.78
-84.8632 323.173 2865.06
-40.1587 310.046 2751.92
91.357 55.5467 2670.7
176.956 -877.908 2884.51
53.9574 -66.6587 2753.24
40.919 -144.372 2761.49
43.8621 -552.799 2746.56
4.54571 296.919 2638.78
-12.5805 86.4832 2788.43
FRAME: 142
-137.224 489.472 2662.54
-77.9584 108.769 2914.78
-7.4913 -878.258 3076.6
-86.4274 -126.216 3037.8
-8.88845 -133.839 2884.6
-78.5399 -533.825 2935.18
-88.5189 318.486 2873.75
-56.8163 305.22 2751.93
57.3365 49.4466 2658.78
157.493 -899.818 2822.35
66.3541 -54.9642 2748.36
36.221 -147.824 2741.17
29.8261 -555.639 2708.86
-25.1136 291.953 2630.11
-21.575 82.1941 2782.41
FRAME: 143
-152.48 480.618 2656.11
-78.7389 95.9072 2911.46
3.89548 -872.294 3073.44
-83.7659 -123.923 3041.88
-4.52422 -133.713 2878.37
-72.2293 -530.286 2930.09
-95.5532 308.683 2869.06
-66.2797 296.276 2740.19
10.268 32.6512 2634.07
135.73 -926.311 2759.03
88.7944 -85.3091 2724
34.0486 -148.44 2722.28
16.3348 -561.818 2674.6
-37.0063 283.869 2611.33
-25.7588 77.5995 2770.26
FRAME: 144
-162.296 475.36 2648.75
-86.9474 81.587 2898.03
12.3189 -873.887 3074.31
-90.8186 -104.31 3008.93
-6.82433 -139.78 2868.87
-69.2891 -528.353 2928.52
-98.9123 300.462 2865.89
-68.7795 289.563 2731.92
0.326687 30.4122 2627.65
126.733 -954.524 2704.46
108.653 -122.727 2705.18
34.2356 -152.954 2702.11
9.86104 -571.762 2648.05
-38.6467 278.663 2597.95
-27.5369 71.5976 2758.7
FRAME: 145
-173.918 466.348 2637.62
-91.0922 69.0864 2888.57
19.6879 -877.29 3072.73
-88.6206 -99.7301 2959.86
-5.29507 -140.714 2858.07
-64.1422 -531.825 2921.94
-101.65 293.182 2863.13
-75.2327 281.169 2721.36
-28.0922 15.5921 2619.74
106.692 -974.643 2667.51
117.71 -123.42 2703.2
29.9088 -154.643 2687.98
9.50813 -580.339 2632.49
-48.8154 269.157 2579.59
-31.4629 66.7455 2747.19
FRAME: 146
-177.809 452.401 2627.57
-106.645 57.3249 2839.62
29.8789 -890.103 3055.41
-100.529 -61.8584 2903.48
-2.15567 -146.584 2838.58
-61.3492 -545.986 2903.4
-105.734 288.606 2850.52
-80.7277 277.725 2707.85
-47.8493 7.37116 2577.35
94.2064 -980.573 2634.18
105.507 -92.7316 2725.22
29.6969 -158.715 2673.49
9.90462 -583.816 2615.04
-55.7217 266.844 2565.18
-33.4785 62.538 2731.95
FRAME: 147
-185.146 444.205 2604.82
-107.835 61.1135 2832.48
26.5211 -886.24 3053.82
-84.1453 -71.977 2849.9
10.8859 -148.82 2815.66
-62.1405 -549.597 2882.11
-105.548 285.427 2841.07
-86.829 276.554 2694.65
-56.8111 0.60744 2567.94
87.0411 -977.909 2612.1
97.114 -124.607 2709.49
34.3146 -158.217 2652.5
11.3315 -585.834 2594.46
-68.1102 267.681 2548.24
-32.1144 61.5179 2714.36
FRAME: 148
-188.614 443.501 2586.93
-101.622 42.2636 2821.53
29.3528 -883.105 3052.94
-86.3143 -92.0251 2876.6
19.733 -150.78 2805.16
-61.1957 -552.262 2856.02
-101.456 276.569 2840.7
-82.3226 267.195 2683.16
-85.1198 -8.85863 2539.82
83.2795 -983.194 2591.11
79.9753 -127.779 2673.97
43.8512 -159.945 2637.26
15.3331 -587.967 2570.89
-63.1897 257.821 2525.62
-25.2653 55.9165 2702.18
FRAME: 149
-182.673 431.677 2551.97
-102.182 28.5579 2808.41
35.1011 -873.944 3044.28
-97.0223 -122.727 2846.7
29.812 -156.706 2774.57
-49.3978 -557.529 2835.31
-105 265.087 2823.68
-84.3615 257.969 2652.2
-61.1007 -20.8019 2492.92
79.8062 -984.53 2567.96
74.7935 -124.918 2636.12
51.7579 -164.553 2599.38
18.7839 -595.331 2531.45
-63.7229 250.851 2480.73
-21.7883 48.67 2669.59
FRAME: 150
-181.296 423.47 2515.85
-93.5116 9.68585 2813.15
29.4246 -857.316 3051.54
-119.777 -169.314 2852.44
25.3099 -172.601 2759.06
-42.9142 -574.754 2802.1
-106.03 248.16 2816.54
-70.7807 240.997 2628.01
-13.6228 -31.6997 2466.72
83.369 -989.722 2550.52
107.02 -145.549 2618.6
60.7103 -179.68 2570.5
24.0027 -605.264 2509.72
-35.5316 233.834 2439.47
-13.8853 32.4282 2646.39
FRAME: 151
-172.009 419.946 2499.86
-101.958 -0.0532023 2782.11
11.8695 -836.307 3045.64
-157.814 -180.27 2792.12
21.3515 -174.365 2738.6
-38.5066 -575.817 2786.36
-109.442 241.868 2768.04
-63.6337 232.505 2591.77
15.2153 -30.0352 2441.12
91.5064 -985.148 2544.55
35.6142 -158.3 2612.42
70.6305 -184.629 2556.21
38.8566 -605.405 2497.28
-17.8254 223.141 2415.51
-8.82134 26.5037 2619.59
FRAME: 152
-161.606 422.98 2479.87
-92.0857 26.7762 2779.74
-10.8596 -834.5 3033.48
-228.175 -191.974 2645.47
-0.981047 -172.576 2727.25
-49.1743 -577.859 2776.26
-137.021 229.846 2661.67
-72.5901 217.654 2537.79
29.2458 -31.8333 2435.81
110.67 -986.225 2546.3
-95.116 -159.236 2574.79
90.3814 -189.851 2555.6
67.4758 -606.41 2496.24
-8.15873 205.463 2413.9
-13.945 18.2203 2589.61
FRAME: 153
-150.408 427.516 2459.15
-147.886 26.0671 2738.57
-17.2693 -832.879 3030.39
-244.472 -192.828 2599.38
-6.16986 -169.785 2715.13
-49.4234 -579.022 2766.86
-145.251 234.78 2634.28
-69.2627 225.825 2519.53
47.1843 -21.9989 2438.13
115.489 -979.173 2544.25
-151.318 -167.907 2507.27
106.491 -183.029 2545.15
78.607 -598.617 2491.75
6.72534 216.869 2404.79
-9.55099 24.7087 2574.83
FRAME: 154
-139.995 431.043 2440.41
-195.123 14.8165 2691.71
-25.0819 -830.261 3030.77
-216.137 -156.496 2507.25
-7.31302 -165.638 2694.03
-53.4943 -577.142 2760.66
-143.497 238.205 2619.86
-54.9218 230.913 2507.55
78.8927 -24.3038 2411.68
119.782 -974.826 2543.47
-160.457 -160.171 2421.24
112.385 -175.453 2541.29
87.6987 -591.397 2489.95
33.6534 223.622 2395.24
-1.1928 30.184 2562.61
FRAME: 155
-114.072 423.984 2429.68
-187.959 11.0443 2664.04
-34.2 -826.162 3016.31
-196.914 -120.299 2445.39
-19.0767 -166.603 2675.49
-56.4817 -585.341 2730.13
-141.082 239.864 2600.46
-39.1526 231.781 2492.63
100.513 -51.2107 2369.27
129.512 -971.743 2550.7
-151.712 -141.148 2310.12
115.045 -177.144 2533.23
100.194 -591.464 2494.96
62.7772 223.697 2384.8
4.41583 29.9535 2548.49
FRAME: 156
-97.0729 429.459 2396.22
-181.941 27.4879 2468.05
-50.9761 -821.459 3005.62
-6.98818 -4.21823 2215.57
-44.0529 -168.05 2643.62
-75.119 -582.593 2704.97
-151.629 257.043 2550.12
-21.7538 253.683 2468.78
184.813 -3.38098 2351.51
145.288 -963.978 2567.47
84.0052 -10.1821 2097.45
128.516 -172.653 2535.41
116.971 -587.836 2510.09
108.122 250.323 2387.44
10.2388 41.6659 2529.15
FRAME: 157
-88.9706 437.189 2363.86
-167.133 43.1436 2425.98
-49.9787 -821.13 3004.16
16.362 52.4876 2219.4
-60.1705 -166.237 2614.29
-78.5811 -581.461 2686.33
-156.308 264.804 2512.18
-17.2803 263.503 2448.48
217.726 40.5595 2303.22
145.771 -953.974 2569.33
84.2748 73.9663 2135.16
128.585 -168.08 2527.68
118.128 -579.904 2511.2
121.747 262.202 2384.79
8.46343 48.1723 2509.73
FRAME: 158
-82.9421 441.648 2355
-126.473 83.443 2369.83
-53.9625 -813.683 2982.6
131.35 140.635 2217.69
-68.9449 -160.127 2586.64
-80.1093 -576.88 2666.98
-152.032 285.587 2493.95
-14.3943 287.266 2446.94
269.028 120.021 2367.21
145.413 -949.943 2569.17
199.471 193.359 2155.22
124.417 -157.813 2520.35
120.393 -576.627 2510.28
123.244 288.945 2399.93
6.67085 64.1481 2500.21
FRAME: 159
-76.9261 445.571 2343.05
-57.9102 107.778 2333.47
-50.2021 -810.262 2940.33
227.448 199.526 2291.87
-70.4161 -142.976 2553.62
-88.1983 -567.071 2633
-136.891 299.1 2453.8
-2.84201 301.364 2430.64
284.396 125.368 2370.41
147.904 -948.298 2581.97
177.006 193.212 2202.84
117.844 -139.97 2519.75
121.219 -570.769 2516.43
131.207 303.628 2407.48
10.4359 79.9457 2483.66
FRAME: 160
-68.3382 447.224 2334.37
-25.1802 120.809 2321.16
-51.5764 -809.564 2916.77
261.271 231.458 2335.66
-69.151 -136.138 2525.54
-92.1894 -551.625 2615.3
-133.163 299.114 2440.77
4.49061 302.915 2436.68
306.488 142.979 2367.99
144.094 -947.646 2587.78
207.615 221.549 2274.36
111.859 -131.256 2519.31
120.244 -563.93 2518.69
142.144 306.717 2432.58
12.9223 84.6091 2479.55
FRAME: 161
-55.2784 452.007 2328.12
17.9493 165.56 2311.61
-57.6894 -807.194 2901.77
258.57 231.194 2368.54
-74.4574 -131.203 2505.94
-103.502 -530.594 2589.05
-138.066 301.45 2433.2
1.78299 306.531 2441.23
326.772 173.524 2372.52
135.616 -931.612 2585.66
213.598 196.169 2272.69
104.386 -124.873 2515.46
115.791 -549.56 2514.88
141.632 311.611 2449.27
8.37359 89.2464 2475.97
FRAME: 162
-33.5331 457.076 2322.83
51.8017 205.358 2308.61
-49.9456 -811.327 2861.23
278.279 261.938 2436.25
-81.0716 -130.356 2493.86
-105.204 -530.561 2567.56
-126.556 307.812 2419.4
5.00243 312.218 2438.19
336.501 172.546 2397.37
127.941 -931.635 2587.43
202.187 189.938 2303.88
100.286 -124.407 2519.94
109.864 -544.512 2515.4
136.561 316.624 2456.97
7.30482 92.4185 2472.54
FRAME: 163
-19.3253 472.656 2326.83
43.2695 214.572 2322.65
-53.5458 -808.891 2849.6
236.657 292.919 2457
-81.7543 -126.844 2473.22
-105.813 -532.435 2545.61
-117.423 313.982 2402.66
12.0647 317.218 2446.45
354.03 183.319 2404.18
111.896 -916.335 2596.95
213.622 251.548 2374.22
92.6244 -122.664 2531.19
98.8358 -529.664 2523.5
141.552 320.453 2490.23
8.7499 96.2318 2474.33
FRAME: 164
-6.1972 480.49 2339.66
83.5522 221.509 2340.72
-65.8618 -779.248 2856.85
235.924 281.762 2468.14
-71.5269 -129.282 2461.84
-104.811 -517.1 2538.92
-101.064 314.625 2398.87
26.5696 313.755 2456.3
340.642 185.828 2452.22
104.046 -923.016 2598.45
197.667 263.183 2355.63
87.7973 -130.053 2532.21
93.4848 -535.641 2524.84
154.203 312.885 2513.73
17.3524 92.0437 2476.66
FRAME: 165
-1.83646 477.858 2345.93
60.3959 169.839 2342.55
-86.1458 -783.158 2873.92
209.84 240.201 2510
-78.1167 -130.874 2466.33
-109.442 -525.447 2546.15
-88.7195 306.412 2388.49
41.0439 301.559 2439.66
334.511 206.515 2463.27
101.23 -919.864 2600.88
200.415 264.304 2338.97
87.9766 -137.126 2531.46
96.105 -535.848 2522.51
170.807 296.705 2490.83
22.9869 83.7796 2469.28
FRAME: 166
5.33741 488.903 2361.48
67.2264 185.389 2338.46
-71.9946 -805.221 2795.4
211.096 286.735 2483.39
-70.455 -135.71 2458.52
-104.576 -529.693 2533.51
-87.9592 314.601 2384.5
35.1896 312.427 2452.29
307.978 175.243 2503.59
92.8167 -924.615 2608.56
227.51 234.03 2346.44
79.9402 -138.183 2540.66
83.6234 -536.619 2528.97
158.338 310.254 2520.07
19.9661 87.7404 2475.94
FRAME: 167
10.0902 482.257 2354.39
82.2475 163.829 2332.9
-88.4087 -783.795 2859.55
209.156 257.576 2536.25
-79.4197 -145.044 2467.28
-121.04 -542.127 2543.91
-89.0342 299.507 2392.39
30.8398 297.329 2447.99
320.673 180.464 2485
96.979 -923.563 2611.96
198.233 214.707 2310.54
81.4845 -147.919 2538.64
90.9725 -546.453 2529.65
150.714 295.151 2503.58
15.9361 75.4238 2475.47
FRAME: 168
11.2549 483.848 2361.8
79.5261 171.381 2341.45
-113.222 -781.981 2888.67
238.473 273.625 2556.61
-88.3894 -152.395 2475.93
-126.664 -551.588 2550.86
-100.536 299.86 2403.72
18.1417 300.225 2458.29
321.21 173.048 2484.69
95.8357 -916.781 2624.58
199.397 187.758 2339.42
79.2985 -152.034 2550.74
89.4259 -546.591 2543.18
136.819 300.59 2512.85
6.79814 74.0052 2485.81
FRAME: 169
7.35314 484.487 2380.53
61.2149 170.792 2353.54
-114.71 -777.962 2915.6
243.52 266.877 2560.34
-94.1072 -154.209 2485.66
-127.098 -557.866 2561.52
-109.247 304.062 2416.84
9.63291 304.983 2470.59
309.1 167.116 2494.39
95.9421 -918.002 2627.64
204.698 167.016 2389.83
75.1347 -153.081 2560.58
86.936 -549.862 2550.93
128.513 305.904 2524.33
0.0733312 75.6691 2496.85
FRAME: 170
1.53914 498.05 2401.25
53.4019 176.026 2372.12
-113.189 -778.408 2908.07
254.011 259.516 2571.98
-96.4936 -148.3 2496.68
-130.001 -546.753 2567.57
-124.448 310.255 2435.81
-4.36739 312.393 2487.88
302.244 168.373 2500.24
94.6886 -914.361 2624.13
178.987 131.879 2440.07
67.6563 -145.489 2567.13
81.6428 -543.048 2556.72
115.713 314.531 2539.95
-9.39302 82.7492 2509.89
FRAME: 171
-3.9143 502.469 2420.8
35.3745 182.083 2402.46
-114.729 -773.366 2907.63
251.498 254.835 2586.08
-111.243 -149.476 2520.82
-138.04 -545.909 2584.5
-133.86 316.573 2459.73
-11.6581 317.355 2500.43
291.732 146.314 2510.72
99.2525 -916.988 2628.14
188.562 150.395 2460.19
61.5105 -148.375 2578.24
77.36 -539.688 2567.23
110.543 318.137 2541.13
-18.2621 84.2147 2524.98
FRAME: 172
-13.3381 505.556 2440.14
-15.6431 158.129 2427.06
-118.515 -776.706 2915.1
244.731 238.693 2579.33
-122.494 -148.974 2543.69
-147.172 -553.548 2601.91
-144.738 314.15 2477.5
-19.1042 314.127 2512.91
276.737 138.151 2526.84
98.7356 -921.937 2628.78
173.74 144.13 2459.4
52.9469 -149.004 2593.15
73.5034 -541.64 2577.48
106.53 314.104 2548.32
-26.9389 82.569 2540.66
FRAME: 173
-25.138 508.684 2458.32
-30.948 143.7 2439.65
-123.967 -792.312 2930.11
199.261 186.102 2586.81
-127.611 -155.518 2563.3
-147.005 -557.966 2611.81
-157.169 307.565 2493.75
-31.7946 309.827 2529.4
280.277 142.088 2537.06
96.8075 -920.333 2631.91
147.338 153.721 2446.86
46.9965 -152.328 2612.95
69.0989 -544.041 2591.43
93.5798 312.088 2565.06
-36.0509 77.952 2558.76
FRAME: 174
-36.4992 510.495 2477.83
-57.7153 133.695 2457.96
-122.487 -806.387 2941.38
217.582 197.544 2562.29
-138.859 -155.589 2581.3
-157.037 -550.596 2646.56
-172.44 303.787 2517.45
-44.6088 306.392 2551.11
267.552 131.458 2547.18
94.2357 -914.997 2633.16
117.006 151.295 2416.6
40.1643 -152.023 2628.41
61.9697 -538.302 2605.38
83.2219 308.997 2584.78
-46.9782 76.293 2577.98
FRAME: 175
-56.4677 514.071 2513.1
-73.6053 119.829 2495.03
-128.711 -804.828 2978.98
217.39 189.395 2579.72
-156.905 -152.018 2628.46
-171.715 -547.663 2696.96
-196.286 302.765 2561.47
-64.6947 305.57 2586.51
233.156 108.117 2568.03
94.1455 -911.581 2635.64
91.2595 154.391 2443.24
23.9997 -148.2 2662.9
54.5221 -534.086 2634.57
66.897 308.375 2611.55
-65.5737 77.7307 2616.1
FRAME: 176
-74.0102 519.114 2544.29
-85.6319 109.894 2500.9
-126.562 -811.41 2979.49
205.445 182.376 2620.48
-168.891 -149.759 2658.02
-186.216 -551.122 2729.49
-207.008 305.176 2582.78
-74.9375 307.671 2609.5
207.515 97.5498 2589.03
93.6912 -906.447 2654.27
84.5815 152.597 2456.82
9.56888 -146.382 2694.02
45.1318 -524.446 2664.88
57.133 310.167 2636.21
-77.2993 79.8003 2642.76
FRAME: 177
-81.0694 521.283 2559.58
-87.341 109.796 2515
-121.784 -824.262 2999.45
199.069 175.579 2640.18
-178.643 -147.192 2680.7
-193.994 -546.876 2760.54
-220.711 309.837 2600.47
-88.8995 313.879 2625.77
175.234 97.13 2641.25
94.7816 -900.638 2668.05
74.7978 142.499 2462.83
1.02617 -141.761 2715.02
39.5402 -515.946 2682.69
42.9121 317.922 2651.07
-88.8539 84.7014 2661.82
FRAME: 178
-88.3673 525.744 2568.47
-101.318 113.844 2526.65
-130.021 -817.022 3031.04
186.551 169.281 2637.68
-183.925 -147.309 2695.6
-200.3 -544.19 2782.38
-238.13 311.602 2618.11
-102.648 318.335 2644.48
152.357 104.935 2672.26
99.5058 -898.29 2683.1
65.8087 145.111 2489.4
-2.17934 -138.408 2730.75
37.8951 -514.759 2702.58
32.8332 325.067 2670.86
-97.8504 87.7379 2678.83
FRAME: 179
-99.1189 533.336 2583.38
-121.85 108.515 2548.03
-126.598 -818.221 3030.08
154.228 152.171 2630.23
-192.003 -144.291 2711.62
-207.5 -533.409 2798.81
-243.976 312.592 2628.57
-108.732 319.644 2653.35
134.265 100.411 2698.22
102.414 -901.442 2706.81
49.9097 136.994 2505.79
-5.01283 -134.656 2745.68
35.936 -515.271 2721.62
26.5117 326.696 2678.12
-103.62 90.0852 2691
FRAME: 180
-104.565 539.578 2596.52
-172.864 106.645 2598.12
-117.08 -834.424 3030.06
128.273 148.478 2616.42
-194.834 -134.24 2718.98
-207.476 -527.894 2808.97
-250.464 324.203 2642.09
-116.289 331.924 2671.31
127.43 106.58 2704.98
102.26 -897.311 2735.19
25.4013 126.181 2500.77
-14.204 -123.922 2758.21
35.2958 -506.691 2733.7
17.886 339.645 2700.53
-110.404 101.422 2704.95
FRAME: 181
-110.927 549.604 2610.99
-198.483 109.274 2615.62
-116.632 -838.01 3029.63
104.411 131.157 2620.87
-198.165 -120.58 2730.83
-208.528 -519.382 2827.9
-265.308 331.93 2662.6
-126.621 341.113 2695.32
92.9516 128.72 2774.51
94.9857 -897.099 2782.23
68.977 119.838 2535.65
-21.271 -108.883 2772.39
33.0504 -496.862 2748.58
12.0655 350.296 2728.04
-118.17 113.191 2723.47
FRAME: 182
-116.19 560.481 2622.84
-211.554 107.972 2631.93
-114.89 -844.661 3024.36
75.2337 116.656 2614.08
-201.883 -115.67 2742.5
-209.607 -514.601 2844.72
-269.515 337.795 2668.28
-131.288 348.071 2702.01
86.7955 130.657 2779.21
97.5715 -890.997 2846.06
62.0961 118.819 2547.28
-22.903 -102.429 2785.96
24.5667 -498.67 2772.58
6.93888 358.348 2735.75
-121.841 119.511 2733.12
FRAME: 183
-120.899 568.006 2635.44
-222.315 102.884 2634.82
-119.385 -842.87 3019.08
76.0524 104.858 2611.31
-203.269 -109.216 2752.51
-210.181 -503.067 2848.48
-272.447 344.863 2682.56
-134.631 354.902 2711.18
84.9373 130.199 2779.77
93.3741 -883.199 2870.79
65.9817 107.035 2553.36
-24.0446 -96.178 2789.59
22.0292 -493.031 2785.88
3.1862 364.942 2739.79
-124.144 126.103 2741.11
FRAME: 184
-119.696 572.311 2645.73
-221.593 104.167 2642.25
-118.344 -845.244 3014
54.9939 83.6572 2628.28
-206.925 -102.482 2767.38
-211.068 -493.882 2863.23
-278.629 345.741 2694.49
-139.749 356.634 2719.86
71.5009 130.2 2795.15
79.9731 -862.183 2913.37
96.2717 85.5321 2576.18
-24.946 -88.2359 2800.47
13.953 -481.243 2805.24
-0.86809 367.527 2745.23
-127.842 130.638 2751.89
FRAME: 185
-122.611 576.746 2654.87
-239.077 100.583 2659.9
-120.768 -835.952 3016.95
52.7449 57.0544 2641.57
-221.067 -101.134 2784.35
-213.527 -485.908 2865.51
-286.237 346.547 2713.05
-143.57 355.997 2730.99
55.7345 126.361 2836.53
64.7168 -853.015 2955.11
85.9882 67.2325 2579.22
-23.511 -88.0958 2809.26
11.3322 -477.177 2828.36
-0.902116 365.448 2748.93
-132.929 130.691 2763.9
FRAME: 186
-124.574 579.693 2663.19
-254.791 91.9056 2673.01
-120.776 -832.472 3020.56
37.026 29.9131 2665.33
-222.312 -106.52 2799.61
-215.383 -478.996 2875.8
-292.255 343.628 2721.64
-148.335 353.896 2735.43
47.6088 123.337 2832.09
60.9287 -852.492 2983.79
87.8553 46.3483 2569.43
-24.1279 -92.4105 2818.45
7.92127 -482.378 2847.62
-4.41599 364.165 2749.22
-135.778 127.215 2772.23
FRAME: 187
-124.231 581.196 2672.81
-286.575 88.8893 2705.91
-123.109 -830.947 3023.98
-4.97572 48.5967 2653.26
-224.043 -106.505 2806.69
-217.536 -475.629 2884.41
-296.022 344.879 2732.62
-150.516 354.511 2740.36
54.8599 117.661 2821.12
44.4563 -827.755 3011.34
157.744 -12.9425 2568.74
-24.5907 -93.3128 2817.27
9.90869 -474.175 2857.01
-5.00927 364.142 2748.11
-137.416 127.301 2776.17
FRAME: 188
-125.267 581.259 2678.9
-301.925 88.5713 2721.61
-123.463 -833.429 3030.13
-25.6968 34.0526 2647.15
-227.582 -107.559 2816.75
-217.997 -486.389 2890.27
-297.867 343.977 2741.35
-150.899 353.77 2746.79
53.184 108.093 2834.68
43.1678 -825.856 3025.31
68.4908 -14.0069 2576.69
-19.2475 -93.7104 2824.42
13.4685 -483.294 2870.8
-3.93096 363.562 2752.22
-137.157 126.567 2783.69
FRAME: 189
-124.811 581.613 2689.72
-324.293 95.2146 2781.55
-124.852 -835.641 3035.85
-50.8337 32.4474 2646.48
-230.294 -105.353 2823.9
-219.863 -495.28 2890.84
-298.603 345.138 2748.59
-150.483 354.029 2752.3
53.6242 106.535 2833.34
59.113 -820.335 3055.93
-24.0047 -58.3799 2595.03
-20.0694 -92.7553 2829.12
18.0928 -489.442 2893.92
-2.36241 362.921 2756
-137.832 127.488 2789.4
FRAME: 190
-122.575 582.645 2699.12
-330.686 98.746 2787.71
-126.273 -834.511 3045.35
-70.8422 29.006 2655.42
-229.35 -87.1516 2843.86
-218.817 -487.573 2900.61
-297.424 346.142 2755.18
-148.157 353.19 2761.77
52.4832 104.071 2832.81
64.6662 -820.87 3064.67
-66.6111 -65.5136 2634.07
-33.1193 -77.9105 2852.41
26.0982 -481.669 2905.65
1.10908 360.238 2768.36
-139.696 135.329 2804.95
FRAME: 191
-120.534 583.947 2704.47
-335.161 98.908 2799.54
-130.804 -836.412 3052.99
-94.1788 18.629 2669.19
-226.869 -77.9281 2854.97
-219.782 -481.748 2906.24
-298.432 344.769 2761.11
-147.623 352.228 2766.52
53.4746 108.929 2841.32
72.8765 -820.591 3086.25
-103.812 -82.8224 2634.66
-32.5418 -68.3255 2861.86
31.5494 -467.97 2917.27
3.18655 359.687 2771.93
-138.664 139.551 2812.47
FRAME: 192
-116.391 586.363 2716.73
-343.674 102.564 2805.81
-131.745 -841.333 3058.87
-152.401 -100.623 2715.13
-225.25 -79.6706 2862.69
-213.499 -479.751 2918.66
-297.527 346.123 2773.18
-145.775 352.529 2777.05
54.9636 112.439 2850.51
74.3907 -815.245 3084.68
-55.0874 -82.4586 2690.11
-34.3278 -71.6339 2867.42
35.0207 -460.803 2922.13
5.97608 358.936 2780.91
-137.782 138.438 2821.05
FRAME: 193
-111.873 589.224 2727.88
-345.106 104.905 2825.56
-134.304 -844.042 3060.47
-163.57 -145.552 2726.12
-223.966 -86.2681 2868.26
-210.799 -483.316 2923.96
-296.682 344.484 2783.2
-143.217 350.947 2783.52
57.3986 111.535 2852.25
80.786 -811.161 3087.95
-75.5611 -64.2402 2704.62
-26.4129 -77.991 2868.59
39.25 -456.334 2929.43
10.2478 357.41 2783.84
-134.203 134.409 2825.97
FRAME: 194
-106.204 591.928 2734.87
-347.272 100.976 2853.47
-134.13 -839.287 3066.99
-191.201 -141.174 2757.19
-223.012 -101.393 2875.18
-207.766 -485.453 2927
-297.968 342.38 2788.81
-144.172 350.383 2786.19
58.0303 113.604 2855.68
89.3804 -814.456 3095.12
-61.583 -58.0346 2675.15
-16.0758 -90.5826 2871.77
44.5811 -467.332 2940.19
9.6233 358.386 2783.57
-131.858 127.198 2829.83
FRAME: 195
-104.062 592.363 2740.75
-345.212 102.351 2874.13
-138.136 -833.625 3082.23
-210.316 -120.333 2760.33
-219.929 -114.743 2877.79
-199.788 -483.186 2940.89
-298.195 340.056 2799.66
-142.436 348.491 2795.99
65.0432 119.872 2864.8
92.1962 -818.04 3106.08
-44.0305 -36.5398 2677.01
-11.6798 -103.49 2872.9
58.0214 -478.38 2961.93
13.3226 356.925 2792.33
-129.12 119.687 2835.67
FRAME: 196
-94.8679 595.177 2746.84
-343.842 106.274 2889.57
-137.682 -837.378 3093.83
-206.997 -66.6875 2823.79
-217.834 -114.251 2882.51
-200.725 -495.413 2954.5
-290.785 345 2806.28
-138.036 353.296 2801.21
69.8205 124.109 2870.39
96.599 -817.46 3103.51
-100.788 -57.6236 2725.95
-3.05873 -102.575 2875.28
57.7887 -481.122 2958.59
14.7117 361.591 2796.15
-124.241 122.441 2840.06
FRAME: 197
-88.7394 598.321 2750.76
-339.375 109.633 2899.8
-137.804 -838.17 3098.41
-224.4 -67.0258 2836.59
-213.51 -112.303 2887.07
-192.917 -492.107 2964.38
-285.43 350.425 2815.11
-133.189 358.251 2809.11
81.2159 134.507 2872.96
94.5473 -819.62 3098
-107.322 -62.9883 2722.94
0.699851 -101.314 2878.52
62.8282 -482.839 2965.42
19.0524 366.078 2803.11
-119.797 125.722 2845.95
FRAME: 198
-81.4883 599.094 2759.79
-328.251 106.392 2915.08
-135.731 -841.398 3100.48
-283.614 -141.191 2817.17
-206.584 -114.828 2894.34
-190.846 -492.475 2965.15
-279.755 353.192 2826.74
-124.154 360.244 2817.61
92.7575 133.208 2880.45
92.7957 -818.997 3088.34
-106.508 -69.8636 2726.41
9.27809 -105.06 2881.71
62.2739 -479.316 2955.93
31.4483 367.296 2808.48
-111.403 125.15 2852.82
FRAME: 199
-74.9522 601.301 2769.14
-312.284 109.369 2933.23
-132.959 -835.93 3100.69
-316.005 -149.267 2868.05
-194.993 -114.002 2901.89
-184.731 -483.769 2965.82
-270.412 358.659 2840.77
-115.775 364.053 2825.52
107.346 128.897 2881.68
90.9289 -818.763 3086.24
-88.7737 -2.96171 2728.78
9.84563 -106.869 2881.77
62.1796 -476.566 2954.35
38.863 369.447 2810.27
-104.174 126.809 2858.68
FRAME: 200
-64.984 603.017 2777.34
-302.801 104.25 2950.58
-131.73 -833.058 3100.35
-396.235 -139.993 2913.5
-187.106 -109.673 2910.01
-179.87 -482.017 2964.04
-262.361 363.161 2852.84
-105.639 366.89 2833.42
120.776 129.407 2884.95
93.166 -821.112 3085.39
-48.1559 17.5088 2707.08
14.3374 -104.892 2885.09
62.9509 -476.869 2954.42
51.0825 370.618 2814.01
-96.0118 129.804 2865.49
FRAME: 201
-55.4733 607.46 2781.73
-303.418 108.992 2970.41
-129.539 -829.314 3102.93
-432.439 -106.087 2943.72
-183.56 -100.666 2922.62
-176.61 -482.229 2966.76
-252.933 369.226 2871.9
-95.8451 370.027 2844.61
135.015 128.213 2885.31
97.2675 -821.403 3087.62
-56.2552 -9.82942 2755.84
17.7409 -99.6469 2887.68
62.9054 -477.77 2954.98
61.243 370.828 2817.32
-89.3773 134.935 2874.88
FRAME: 202
-52.1923 608.418 2784.54
-305.975 119.046 2988.24
-127.526 -824.75 3100.24
-475.467 -79.9787 3007.72
-177.815 -96.4953 2929.08
-171.9 -478.183 2967.58
-244.896 371.345 2883.3
-88.0825 370.941 2851.28
144.92 122.885 2878.49
96.5274 -825.925 3085.02
-21.4331 9.19664 2743.93
22.6767 -97.0193 2888.18
62.0111 -479.633 2952.27
68.7313 370.538 2819.25
-82.8257 137.092 2879.95
FRAME: 203
-49.622 609.747 2787.24
-305.351 127.712 2993.52
-124.613 -823.749 3103
-500.992 -43.0024 3003.56
-165.884 -91.5263 2937.03
-167.978 -477.325 2970.8
-236.062 373.165 2888.36
-80.8509 373.306 2853.61
155.496 126.829 2873.56
98.6444 -826.892 3083.58
-7.07766 41.2137 2743.85
32.4262 -91.3307 2892.7
63.6131 -476.766 2951.23
74.3604 373.446 2818.85
-73.7899 140.939 2884.24
FRAME: 204
-44.7918 608.646 2789.12
-314.391 140.647 3002.11
-125.107 -819.56 3101.59
-529.165 -6.62695 3017.51
-153.208 -94.7473 2940.6
-161.166 -475.314 2974.77
-227.955 373.573 2892.59
-73.8867 374.066 2855.58
165.603 134.167 2873.56
99.7124 -834.379 3083.86
-18.2435 39.3491 2753.44
38.1666 -94.1403 2894.62
65.924 -481.709 2952.69
80.1814 374.559 2818.58
-65.7037 139.811 2886.6
FRAME: 205
-41.7953 607.028 2790.37
-311.69 152.416 3011.66
-122.882 -820.159 3102
-552.59 41.3229 3065.97
-140.403 -93.8402 2942.03
-158.835 -476.411 2978.78
-219.417 374.179 2895.37
-67.7631 375.427 2856.35
169.949 135.606 2873.01
99.3554 -832.065 3086.03
5.04382 20.6435 2743.53
44.5846 -92.3124 2894.41
68.6949 -481.863 2955.61
83.8905 376.676 2817.32
-57.8362 141.175 2887.28
FRAME: 206
-39.1194 608.571 2791.75
-321.493 179.87 3026.77
-122.172 -818.101 3104.53
-577.711 87.7133 3110.26
-137.364 -87.9646 2942.08
-153.734 -471.559 2981.25
-212.103 376.518 2897.54
-61.4389 377.07 2856.93
182.967 145.768 2877.65
99.5855 -833.356 3085.65
-46.7519 66.3165 2785.79
50.2697 -87.311 2891.45
72.5363 -476.307 2953.3
89.2257 377.621 2816.32
-52.493 144.716 2886.85
FRAME: 207
-35.7505 607.982 2790.06
-320.821 205.779 3040.38
-120.465 -816.641 3103.41
-592.497 127.142 3128.8
-134.187 -84.5399 2945.83
-148.803 -464.874 2982.39
-204.257 379.889 2901.56
-57.1817 379.922 2859.26
187.255 154.594 2880.38
101.971 -824.848 3086.58
41.8584 -1.11585 2746.64
54.2754 -84.4487 2891.62
74.8445 -475.076 2952.72
89.8937 379.955 2816.96
-48.5686 147.714 2888.99
FRAME: 208
-31.4428 605.385 2787.36
-338.473 213.672 3050.65
-117.582 -820.661 3108.15
-583.476 156.251 3141.93
-129.576 -84.1704 2948.23
-143.646 -469.386 2986.49
-199.944 378.57 2904.45
-54.1156 378.829 2860.62
190.237 154.541 2879.4
104.925 -833.351 3097.49
28.7346 -16.1411 2747.53
58.6249 -83.8282 2891.62
83.1464 -476.339 2956.17
91.7131 379.088 2816.78
-44.7956 147.415 2890.27

