FRAME: 0
0 0 0
0 0 0
0 0 0
0 0 0
0 0 0
0 0 0
0 0 0
0 0 0
0 0 0
0 0 0
0 0 0
0 0 0
0 0 0
0 0 0
0 0 0
FRAME: 1
0 0 0
0 0 0
0 0 0
0 0 0
0 0 0
0 0 0
0 0 0
0 0 0
0 0 0
0 0 0
0 0 0
0 0 0
0 0 0
0 0 0
0 0 0
FRAME: 2
0 0 0
0 0 0
0 0 0
0 0 0
0 0 0
0 0 0
0 0 0
0 0 0
0 0 0
0 0 0
0 0 0
0 0 0
0 0 0
0 0 0
0 0 0
FRAME: 3
0 0 0
0 0 0
0 0 0
0 0 0
0 0 0
0 0 0
0 0 0
0 0 0
0 0 0
0 0 0
0 0 0
0 0 0
0 0 0
0 0 0
0 0 0
FRAME: 4
0 0 0
0 0 0
0 0 0
0 0 0
0 0 0
0 0 0
0 0 0
0 0 0
0 0 0
0 0 0
0 0 0
0 0 0
0 0 0
0 0 0
0 0 0
FRAME: 5
0 0 0
0 0 0
0 0 0
0 0 0
0 0 0
0 0 0
0 0 0
0 0 0
0 0 0
0 0 0
0 0 0
0 0 0
0 0 0
0 0 0
0 0 0
FRAME: 6
0 0 0
0 0 0
0 0 0
0 0 0
0 0 0
0 0 0
0 0 0
0 0 0
0 0 0
0 0 0
0 0 0
0 0 0
0 0 0
0 0 0
0 0 0
FRAME: 7
0 0 0
0 0 0
0 0 0
0 0 0
0 0 0
0 0 0
0 0 0
0 0 0
0 0 0
0 0 0
0 0 0
0 0 0
0 0 0
0 0 0
0 0 0
FRAME: 8
0 0 0
0 0 0
0 0 0
0 0 0
0 0 0
0 0 0
0 0 0
0 0 0
0 0 0
0 0 0
0 0 0
0 0 0
0 0 0
0 0 0
0 0 0
FRAME: 9
0 0 0
0 0 0
0 0 0
0 0 0
0 0 0
0 0 0
0 0 0
0 0 0
0 0 0
0 0 0
0 0 0
0 0 0
0 0 0
0 0 0
0 0 0
FRAME: 10
0 0 0
0 0 0
0 0 0
0 0 0
0 0 0
0 0 0
0 0 0
0 0 0
0 0 0
0 0 0
0 0 0
0 0 0
0 0 0
0 0 0
0 0 0
FRAME: 11
0 0 0
0 0 0
0 0 0
0 0 0
0 0 0
0 0 0
0 0 0
0 0 0
0 0 0
0 0 0
0 0 0
0 0 0
0 0 0
0 0 0
0 0 0
FRAME: 12
0 0 0
0 0 0
0 0 0
0 0 0
0 0 0
0 0 0
0 0 0
0 0 0
0 0 0
0 0 0
0 0 0
0 0 0
0 0 0
0 0 0
0 0 0
FRAME: 13
0 0 0
0 0 0
0 0 0
0 0 0
0 0 0
0 0 0
0 0 0
0 0 0
0 0 0
0 0 0
0 0 0
0 0 0
0 0 0
0 0 0
0 0 0
FRAME: 14
0 0 0
0 0 0
0 0 0
0 0 0
0 0 0
0 0 0
0 0 0
0 0 0
0 0 0
0 0 0
0 0 0
0 0 0
0 0 0
0 0 0
0 0 0
FRAME: 15
0 0 0
0 0 0
0 0 0
0 0 0
0 0 0
0 0 0
0 0 0
0 0 0
0 0 0
0 0 0
0 0 0
0 0 0
0 0 0
0 0 0
0 0 0
FRAME: 16
0 0 0
0 0 0
0 0 0
0 0 0
0 0 0
0 0 0
0 0 0
0 0 0
0 0 0
0 0 0
0 0 0
0 0 0
0 0 0
0 0 0
0 0 0
FRAME: 17
0 0 0
0 0 0
0 0 0
0 0 0
0 0 0
0 0 0
0 0 0
0 0 0
0 0 0
0 0 0
0 0 0
0 0 0
0 0 0
0 0 0
0 0 0
FRAME: 18
0 0 0
0 0 0
0 0 0
0 0 0
0 0 0
0 0 0
0 0 0
0 0 0
0 0 0
0 0 0
0 0 0
0 0 0
0 0 0
0 0 0
0 0 0
FRAME: 19
0 0 0
0 0 0
0 0 0
0 0 0
0 0 0
0 0 0
0 0 0
0 0 0
0 0 0
0 0 0
0 0 0
0 0 0
0 0 0
0 0 0
0 0 0
FRAME: 20
0 0 0
0 0 0
0 0 0
0 0 0
0 0 0
0 0 0
0 0 0
0 0 0
0 0 0
0 0 0
0 0 0
0 0 0
0 0 0
0 0 0
0 0 0
FRAME: 21
0 0 0
0 0 0
0 0 0
0 0 0
0 0 0
0 0 0
0 0 0
0 0 0
0 0 0
0 0 0
0 0 0
0 0 0
0 0 0
0 0 0
0 0 0
FRAME: 22
0 0 0
0 0 0
0 0 0
0 0 0
0 0 0
0 0 0
0 0 0
0 0 0
0 0 0
0 0 0
0 0 0
0 0 0
0 0 0
0 0 0
0 0 0
FRAME: 23
0 0 0
0 0 0
0 0 0
0 0 0
0 0 0
0 0 0
0 0 0
0 0 0
0 0 0
0 0 0
0 0 0
0 0 0
0 0 0
0 0 0
0 0 0
FRAME: 24
0 0 0
0 0 0
0 0 0
0 0 0
0 0 0
0 0 0
0 0 0
0 0 0
0 0 0
0 0 0
0 0 0
0 0 0
0 0 0
0 0 0
0 0 0
FRAME: 25
0 0 0
0 0 0
0 0 0
0 0 0
0 0 0
0 0 0
0 0 0
0 0 0
0 0 0
0 0 0
0 0 0
0 0 0
0 0 0
0 0 0
0 0 0
FRAME: 26
0 0 0
0 0 0
0 0 0
0 0 0
0 0 0
0 0 0
0 0 0
0 0 0
0 0 0
0 0 0
0 0 0
0 0 0
0 0 0
0 0 0
0 0 0
FRAME: 27
0 0 0
0 0 0
0 0 0
0 0 0
0 0 0
0 0 0
0 0 0
0 0 0
0 0 0
0 0 0
0 0 0
0 0 0
0 0 0
0 0 0
0 0 0
FRAME: 28
0 0 0
0 0 0
0 0 0
0 0 0
0 0 0
0 0 0
0 0 0
0 0 0
0 0 0
0 0 0
0 0 0
0 0 0
0 0 0
0 0 0
0 0 0
FRAME: 29
0 0 0
0 0 0
0 0 0
0 0 0
0 0 0
0 0 0
0 0 0
0 0 0
0 0 0
0 0 0
0 0 0
0 0 0
0 0 0
0 0 0
0 0 0
FRAME: 30
0 0 0
0 0 0
0 0 0
0 0 0
0 0 0
0 0 0
0 0 0
0 0 0
0 0 0
0 0 0
0 0 0
0 0 0
0 0 0
0 0 0
0 0 0
FRAME: 31
0 0 0
0 0 0
0 0 0
0 0 0
0 0 0
0 0 0
0 0 0
0 0 0
0 0 0
0 0 0
0 0 0
0 0 0
0 0 0
0 0 0
0 0 0
FRAME: 32
0 0 0
0 0 0
0 0 0
0 0 0
0 0 0
0 0 0
0 0 0
0 0 0
0 0 0
0 0 0
0 0 0
0 0 0
0 0 0
0 0 0
0 0 0
FRAME: 33
0 0 0
0 0 0
0 0 0
0 0 0
0 0 0
0 0 0
0 0 0
0 0 0
0 0 0
0 0 0
0 0 0
0 0 0
0 0 0
0 0 0
0 0 0
FRAME: 34
0 0 0
0 0 0
0 0 0
0 0 0
0 0 0
0 0 0
0 0 0
0 0 0
0 0 0
0 0 0
0 0 0
0 0 0
0 0 0
0 0 0
0 0 0
FRAME: 35
0 0 0
0 0 0
0 0 0
0 0 0
0 0 0
0 0 0
0 0 0
0 0 0
0 0 0
0 0 0
0 0 0
0 0 0
0 0 0
0 0 0
0 0 0
FRAME: 36
0 0 0
0 0 0
0 0 0
0 0 0
0 0 0
0 0 0
0 0 0
0 0 0
0 0 0
0 0 0
0 0 0
0 0 0
0 0 0
0 0 0
0 0 0
FRAME: 37
0 0 0
0 0 0
0 0 0
0 0 0
0 0 0
0 0 0
0 0 0
0 0 0
0 0 0
0 0 0
0 0 0
0 0 0
0 0 0
0 0 0
0 0 0
FRAME: 38
0 0 0
0 0 0
0 0 0
0 0 0
0 0 0
0 0 0
0 0 0
0 0 0
0 0 0
0 0 0
0 0 0
0 0 0
0 0 0
0 0 0
0 0 0
FRAME: 39
0 0 0
0 0 0
0 0 0
0 0 0
0 0 0
0 0 0
0 0 0
0 0 0
0 0 0
0 0 0
0 0 0
0 0 0
0 0 0
0 0 0
0 0 0
FRAME: 40
0 0 0
0 0 0
0 0 0
0 0 0
0 0 0
0 0 0
0 0 0
0 0 0
0 0 0
0 0 0
0 0 0
0 0 0
0 0 0
0 0 0
0 0 0
FRAME: 41
0 0 0
0 0 0
0 0 0
0 0 0
0 0 0
0 0 0
0 0 0
0 0 0
0 0 0
0 0 0
0 0 0
0 0 0
0 0 0
0 0 0
0 0 0
FRAME: 42
0 0 0
0 0 0
0 0 0
0 0 0
0 0 0
0 0 0
0 0 0
0 0 0
0 0 0
0 0 0
0 0 0
0 0 0
0 0 0
0 0 0
0 0 0
FRAME: 43
0 0 0
0 0 0
0 0 0
0 0 0
0 0 0
0 0 0
0 0 0
0 0 0
0 0 0
0 0 0
0 0 0
0 0 0
0 0 0
0 0 0
0 0 0
FRAME: 44
0 0 0
0 0 0
0 0 0
0 0 0
0 0 0
0 0 0
0 0 0
0 0 0
0 0 0
0 0 0
0 0 0
0 0 0
0 0 0
0 0 0
0 0 0
FRAME: 45
0 0 0
0 0 0
0 0 0
0 0 0
0 0 0
0 0 0
0 0 0
0 0 0
0 0 0
0 0 0
0 0 0
0 0 0
0 0 0
0 0 0
0 0 0
FRAME: 46
0 0 0
0 0 0
0 0 0
0 0 0
0 0 0
0 0 0
0 0 0
0 0 0
0 0 0
0 0 0
0 0 0
0 0 0
0 0 0
0 0 0
0 0 0
FRAME: 47
0 0 0
0 0 0
0 0 0
0 0 0
0 0 0
0 0 0
0 0 0
0 0 0
0 0 0
0 0 0
0 0 0
0 0 0
0 0 0
0 0 0
0 0 0
FRAME: 48
0 0 0
0 0 0
0 0 0
0 0 0
0 0 0
0 0 0
0 0 0
0 0 0
0 0 0
0 0 0
0 0 0
0 0 0
0 0 0
0 0 0
0 0 0
FRAME: 49
0 0 0
0 0 0
0 0 0
0 0 0
0 0 0
0 0 0
0 0 0
0 0 0
0 0 0
0 0 0
0 0 0
0 0 0
0 0 0
0 0 0
0 0 0
FRAME: 50
0 0 0
0 0 0
0 0 0
0 0 0
0 0 0
0 0 0
0 0 0
0 0 0
0 0 0
0 0 0
0 0 0
0 0 0
0 0 0
0 0 0
0 0 0
FRAME: 51
0 0 0
0 0 0
0 0 0
0 0 0
0 0 0
0 0 0
0 0 0
0 0 0
0 0 0
0 0 0
0 0 0
0 0 0
0 0 0
0 0 0
0 0 0
FRAME: 52
0 0 0
0 0 0
0 0 0
0 0 0
0 0 0
0 0 0
0 0 0
0 0 0
0 0 0
0 0 0
0 0 0
0 0 0
0 0 0
0 0 0
0 0 0
FRAME: 53
0 0 0
0 0 0
0 0 0
0 0 0
0 0 0
0 0 0
0 0 0
0 0 0
0 0 0
0 0 0
0 0 0
0 0 0
0 0 0
0 0 0
0 0 0
FRAME: 54
0 0 0
0 0 0
0 0 0
0 0 0
0 0 0
0 0 0
0 0 0
0 0 0
0 0 0
0 0 0
0 0 0
0 0 0
0 0 0
0 0 0
0 0 0
FRAME: 55
0 0 0
0 0 0
0 0 0
0 0 0
0 0 0
0 0 0
0 0 0
0 0 0
0 0 0
0 0 0
0 0 0
0 0 0
0 0 0
0 0 0
0 0 0
FRAME: 56
-287.904 376.307 2441.24
-131.467 -8.57387 2782.48
59.7911 -900.855 2881.53
-235.65 -111.589 2777.07
27.529 -138.038 2755.07
-51.259 -516.901 2804.67
-151.529 225.67 2699.44
-164.854 187.577 2563.07
-130.741 -80.4952 2563.28
-90.2722 -1064.93 2528.63
-9.86308 -146.746 2797.36
5.99589 -199.598 2534.7
-120.951 -622.41 2523.05
-178.179 149.483 2426.71
-74.0457 9.3794 2603.98
FRAME: 57
-296.283 366.475 2418.57
-166.163 -31.1551 2670.59
62.839 -898.451 2858.79
-196.502 -50.3644 2682.89
33.9397 -124.905 2743.07
-50.7243 -523.242 2796.28
-149.957 226.816 2693.77
-166.779 179.728 2549.23
-80.4136 -43.4653 2558.04
-72.5246 -989.044 2641.04
1.99886 -160.101 2758.03
9.60402 -193.626 2529.31
-138.35 -617.982 2493.54
-183.602 132.641 2404.69
-72.5038 10.2313 2592.71
FRAME: 58
-307.302 352.481 2393.71
-167.458 -8.66658 2672.12
48.7276 -898.636 2835.66
-247.847 61.9611 2477.63
14.2648 -136.27 2695.34
-67.6467 -543.082 2755.97
-152.107 234.496 2649.23
-152.256 202.821 2528.62
-101.063 -17.8708 2577.67
-38.1979 -918.344 2699.25
11.4998 -182.703 2697.13
17.6777 -183.804 2506.84
-95.5311 -606.832 2483.94
-152.404 171.147 2408.01
-68.1422 21.3921 2564.85
FRAME: 59
-319.146 340.183 2371.09
-173.389 1.2624 2649.62
35.5275 -903.772 2810.28
-269.783 82.7927 2446.41
9.79615 -132.022 2697.15
-70.6778 -541.263 2757.74
-155.205 238.07 2646.15
-158.471 203.314 2511.34
-128.61 -44.1358 2499.19
-12.5223 -908.555 2748.6
-15.047 -158.738 2658.3
5.74277 -186.752 2478.36
-111.532 -620 2469.43
-161.736 168.557 2376.53
-75.3506 21.9631 2549.55
FRAME: 60
-328.18 331.138 2350.48
-176.267 1.17165 2631.72
4.73887 -902.289 2753.67
-302.607 105.215 2373.2
0.163621 -135.413 2684.25
-73.0589 -546.041 2768.82
-160.028 231.771 2623.41
-162.64 200.568 2490.63
-118.382 -48.0328 2490.57
-9.66593 -894.83 2735.85
-14.1648 -174.973 2648.79
-0.778782 -188.777 2461.09
-134.777 -630.113 2434.64
-165.251 169.364 2357.86
-81.4735 19.2365 2531.65
FRAME: 61
-334.344 322.113 2333.1
-184.816 -8.90781 2584.85
-21.4958 -917.058 2696.8
-285.178 87.6931 2368.17
-1.55081 -137.206 2673.63
-77.7121 -548.916 2736.3
-160.68 230.025 2617.94
-168.233 193.615 2477.05
-146.384 -42.5836 2452.59
-16.5544 -898.052 2696.55
-41.4719 -169.414 2644.13
-9.60092 -196.587 2438.43
-143.412 -640.823 2416.27
-175.785 157.205 2336.15
-86.9042 13.3591 2516.54
FRAME: 62
-340.53 303.029 2288.65
-182.153 -32.6051 2558.08
-25.2656 -933.838 2696.51
-274.491 0.756256 2326.33
-5.37503 -146.441 2652.81
-84.6381 -563.714 2728.5
-165.255 217.36 2600.49
-174.239 182.466 2454.86
-147.607 -64.4624 2446.24
-24.6063 -902.729 2676.77
-62.6635 -169.507 2618.05
-16.3718 -204.958 2398.57
-152.525 -648.789 2390.96
-183.223 147.571 2309.24
-92.5563 3.38315 2490.28
FRAME: 63
-342.1 294.815 2267.38
-186.104 -36.8063 2557.99
-22.1458 -922.872 2706.88
-244.254 -185.778 2541.79
-7.51069 -146.549 2637.47
-89.9876 -568.245 2701.94
-180.92 208.266 2583.3
-193.816 163.333 2427.03
-180.209 -94.4651 2404.43
-37.6566 -955.267 2603.7
-80.6826 -200.08 2622.29
-24.4725 -218.143 2381.8
-159.591 -663.775 2372.39
-206.711 118.4 2270.76
-104.904 -9.50655 2468.33
FRAME: 64
-341.343 290.838 2246.37
-220.652 -65.9131 2480.58
7.29349 -954.391 2770.08
-235.37 -274.878 2491.75
-14.1966 -155.079 2624.92
-97.1107 -585.806 2695.5
-184.68 200.038 2573.13
-195.596 149.985 2405.51
-227.928 -147.613 2306.21
-44.5322 -981.425 2562.89
-192.831 -236.765 2573.58
-27.8872 -231.378 2366.37
-163.339 -667.559 2360.97
-206.512 99.9321 2237.88
-108.319 -21.6215 2450.58
FRAME: 65
-336.867 287.453 2224.8
-189.273 -69.3866 2531.86
-14.8058 -956.121 2728.04
-281.509 -346.648 2582.2
-24.6372 -157.365 2613.41
-105.211 -585.68 2681.62
-188.349 190.648 2551.43
-193.57 129.975 2375.52
-226.336 -172.69 2275.06
-47.2766 -991.827 2544.69
-298.384 -313.022 2514.3
-29.6717 -245.529 2358.1
-159.493 -677.471 2354.2
-198.791 69.302 2199.62
-110.362 -35.7358 2430.64
FRAME: 66
-325.87 283.269 2202.84
-232.435 -73.3753 2476
-64.4219 -936.636 2661.16
-338.27 -342.634 2401.11
-63.929 -158.047 2578.45
-153.313 -576.042 2643.67
-244.33 127.75 2407.58
-212.361 78.6741 2286.86
-218.432 -210.105 2232.63
-13.6689 -942.986 2594.69
-342.715 -388.069 2396.46
3.04571 -255.369 2356
-123.024 -677.898 2350.35
-180.392 29.5979 2166.13
-121.401 -64.0168 2377.04
FRAME: 67
-321.614 281.374 2174.62
-271.333 -114.553 2435
-82.2879 -906.821 2658.82
-374.519 -391.64 2357.74
-83.4378 -173.302 2554.63
-168.24 -573.539 2621.66
-274.528 107.432 2366.73
-220.177 66.3827 2256.09
-225.582 -218.001 2186.18
-4.89444 -930.891 2571.96
-387.232 -418.862 2264.55
16.7592 -253.868 2347.89
-109.453 -658.496 2339.87
-165.826 25.3333 2145.44
-126.758 -73.6012 2353.67
FRAME: 68
-311.871 282.364 2136.07
-316.351 -132.562 2353.39
-95.3249 -897.38 2640.65
-405.339 -379.464 2228.77
-108.506 -199.297 2514.21
-180.958 -582.795 2591.28
-283.58 99.2807 2349.29
-206.882 67.5428 2239.45
-161.967 -176.743 2160.46
-11.0061 -857.849 2640.74
-367.965 -369.935 2163.92
6.08074 -251.807 2343.49
-114.522 -640.755 2333.05
-130.183 35.805 2129.61
-129.047 -79.0045 2334.15
FRAME: 69
-306.823 284.735 2097.96
-323.785 -123.284 2210.57
-127.916 -888.898 2617.97
-349.19 -283.702 2026.31
-143.41 -217.334 2445.02
-213.261 -598.062 2513.16
-293.403 75.4246 2307.25
-193.52 61.5941 2205.28
-110.12 -162.093 2112.42
-32.457 -866.548 2542.06
-302.765 -287.545 2002.47
-11.5233 -241.259 2299.69
-131.085 -631.12 2286
-93.6373 47.7636 2103.3
-135.494 -83.8513 2288.81
FRAME: 70
-300.005 297.154 2080.55
-325.405 -116.431 2151.54
-119.674 -938.165 2562.4
-314.715 -200.277 1925.87
-156.738 -230.054 2387.38
-203.264 -617.25 2504.4
-299.9 69.1354 2283.88
-185.803 67.9093 2198.66
-88.5068 -132.631 2104.03
-55.7066 -881.539 2496.5
-221.456 -183.773 1967.18
-23.5695 -232.117 2281.61
-140.832 -626.588 2268.06
-71.7049 66.6832 2113.45
-137.978 -81.5883 2266.58
FRAME: 71
-280.433 215.407 2061.4
-312.312 -56.7271 2079.87
-126.538 -884.098 2553.01
-255.482 -125.494 1835.88
-158.401 -191.837 2289.58
-198.448 -575.66 2399.66
-278.962 99.6505 2158.45
-186.763 81.271 2102.07
-70.0741 -111.424 2084.33
-66.7237 -832.306 2504.69
-169.706 -142.317 1895.17
-44.8079 -205.189 2215.55
-147.9 -592.342 2226.51
-94.5629 62.8915 2045.69
-144.184 -58.621 2177.32
FRAME: 72
-221.689 274.791 1895.49
-314.323 -26.7597 1976.26
-144.37 -853.829 2562.23
-175.36 -20.6633 1747.94
-183.34 -155.215 2305.71
-217.391 -531.625 2397.92
-291.29 135.872 2089.76
-166.614 133.8 2038.64
-3.88089 61.4705 1866.3
-48.4428 -815.494 2486.8
-30.8677 110.882 1745.81
-17.1689 -164.196 2243.53
-88.4785 -567.446 2259.57
-41.9387 131.728 1987.52
-133.434 -12.9527 2156.63
FRAME: 73
-223.272 258.688 1965.62
-274.728 -41.5017 1986.45
-175.66 -916.961 2436.46
-118.15 -25.5804 1808.25
-204.245 -160.618 2255.27
-253.724 -563.472 2372.15
-268.645 131.463 2060.22
-154.585 136.44 2047.37
4.13099 86.0397 1922.94
-21.9731 -743.728 2497.31
-52.7638 63.8786 1844.46
-4.31156 -146.554 2239.32
-59.2488 -522.458 2228.78
-40.5241 141.418 2034.51
-129.431 -8.5729 2147.33
FRAME: 74
-251.25 267.491 1980.99
-265.275 -23.7444 1956.56
-155.981 -915.645 2564.27
-103.339 36.9517 1799.24
-207.081 -212.304 2328.05
-222.363 -577.992 2391.64
-295.052 120.892 2110.29
-170.16 106.436 2070.74
-17.8708 -23.0962 1947.97
-64.9313 -805.202 2512.87
-62.7742 -8.8603 1851.93
-46.7149 -226.457 2278.01
-75.7881 -555.51 2251.68
-45.2692 91.9805 2031.2
-148.529 -56.4721 2186.89
FRAME: 75
-260.894 315.744 2020.48
-244.497 -3.21445 1949.36
-143.486 -899.462 2538.85
-25.2729 122.863 1900.35
-210.678 -229.464 2344.48
-233.743 -628.962 2460
-290.69 131.222 2134.04
-153.494 119.417 2100.88
23.9481 -2.31963 1927.32
-87.4288 -855.08 2440.43
-37.6098 44.4145 1849.3
-39.7216 -249.006 2295.35
-101.119 -605.939 2281.18
-16.2986 107.612 2067.71
-139.347 -59.909 2210.4
FRAME: 76
-253.59 323.791 1990.33
-235.933 0.446132 1949.21
-145.362 -879.965 2542
-49.4034 94.6403 1921.25
-219.134 -219.675 2327.15
-230.654 -592.969 2435.85
-301.078 116.64 2115.57
-148.297 107.528 2092.64
28.5544 -24.073 1984.67
-85.8509 -821.859 2444.92
1.77241 70.8687 1895.17
-37.7771 -229.736 2296.58
-97.1784 -573.681 2261.85
4.4846 98.4155 2069.71
-138.376 -58.5888 2202.25
FRAME: 77
-255.762 339.092 1993.56
-215.539 12.5212 1967.95
-152.568 -868.123 2544.09
-46.976 124.331 1947.47
-223.874 -223.245 2341.64
-245.171 -576.588 2421.78
-301.343 133.792 2107.36
-141.795 121.112 2087.12
52.5532 -15.3992 1978.36
-86.2357 -826.478 2423.6
15.4599 101.801 1907.11
-37.5885 -239.776 2315.88
-96.9491 -574.928 2269.07
17.7529 108.432 2066.88
-136.263 -55.1992 2207.94
FRAME: 78
-249.396 345.864 1981.07
-189.994 -2.95733 1956.76
-155.879 -885.519 2512.64
-15.3033 113.901 1972.22
-223.55 -230.376 2305.4
-244.331 -596.621 2400.72
-284.764 114.111 2078.72
-137.425 128.704 2088.8
63.9245 1.5051 1980.16
-100.427 -813.436 2418.11
28.4803 150.896 1930.09
-51.0849 -201.636 2321.39
-104.455 -534.095 2289.72
9.91349 143.296 2098.88
-137.371 -43.6511 2201.1
FRAME: 79
-234.93 351.213 2001.84
-179.029 15.7168 1955.68
-157.984 -879.38 2515.31
-8.28422 124.061 1965.73
-232.212 -219.033 2304.07
-245.736 -588.372 2401.61
-296.924 131.168 2085.4
-136.684 135.442 2093.52
87.1792 17.4102 1986.67
-93.8241 -830.145 2412.07
45.5714 182.427 1944.54
-42.128 -206.006 2322.12
-100.733 -544.382 2278.04
23.5561 139.717 2101.64
-136.927 -38.5385 2203.31
FRAME: 80
-228.737 352.458 1972.04
-172.311 19.9239 1947.9
-151.437 -892.786 2520.3
3.13075 135.66 1985.85
-235.507 -215.37 2300.6
-247.398 -606.66 2400.92
-289.944 142.363 2084.13
-128.17 142.512 2096.64
92.8792 16.0417 1991.91
-97.3814 -864.892 2409.27
49.8646 216.715 1962.68
-44.7639 -214.583 2316.76
-107.01 -567.394 2273.88
33.6042 142.661 2109.14
-134.153 -36.2322 2202.66
FRAME: 81
-220.899 358.855 1946.72
-193.928 17.4997 1962.44
-158.358 -844.361 2514.72
-33.5374 123.936 1976.65
-244.521 -222.449 2317.39
-249.26 -572.311 2407.91
-268.168 144.791 2069.4
-119.02 141.213 2079.11
123.613 -1.34651 1974.67
-93.252 -844.66 2403.18
48.676 171.942 1937.27
-43.7828 -233.631 2325.12
-103.135 -567.389 2286.27
30.1274 137.635 2088.83
-131.586 -43.4136 2200.18
FRAME: 82
-214.429 357.914 1953.48
-183.503 22.1473 1965.52
-156.455 -868.839 2507.59
-28.5227 137.404 1998.35
-249.425 -214.532 2317.35
-259.408 -583.999 2413.51
-276.247 147.65 2091.87
-120.128 138.243 2096.05
124.165 1.86001 1976.16
-91.625 -856.58 2419.31
59.9721 205.671 1946.37
-46.3387 -228.968 2321.43
-105.142 -575.682 2302.56
35.9906 128.836 2100.23
-134.005 -41.7534 2207.72
FRAME: 83
-207.006 357.106 1958.26
-158.376 40.0351 1919.09
-152.597 -896.784 2515.14
-0.391046 171.99 2009.17
-250.541 -209.017 2311.15
-262.315 -597.988 2412.97
-280.485 145.562 2106.17
-115.924 130.058 2110.39
122.617 27.5125 1979.06
-100.271 -877.261 2391.59
72.4599 266.855 1981.24
-54.9741 -227.37 2317.67
-110 -591.576 2301.9
48.6371 114.554 2114.61
-134.341 -44.0678 2212.4
FRAME: 84
-205.852 357.416 1952.91
-179.016 40.5824 1966.67
-164.332 -880.871 2515
-23.646 161.962 2001.35
-265.325 -200.716 2312.87
-262.465 -593.977 2419.54
-291.597 153.93 2113.45
-129.084 136.214 2114.16
113.088 12.3766 1987.04
-94.2401 -862.258 2402.53
53.49 204.421 1934.17
-60.1953 -224.127 2307.17
-102.914 -564.568 2287.45
33.4278 118.499 2114.88
-145.922 -38.1038 2212.09
FRAME: 85
-203.935 358.892 1961.95
-169.241 28.6316 1944.13
-170.476 -854.343 2482.88
3.90809 175.485 1995.76
-260.105 -201.574 2322.06
-267.7 -576.972 2409.02
-277.537 152.644 2116.63
-118.395 137.62 2121.09
120.157 9.94769 1978.7
-80.9505 -884.213 2431.64
69.9342 212.092 1916.47
-48.4993 -224.598 2324.97
-116.071 -595.237 2306.79
40.7462 122.596 2125.56
-136.349 -37.7327 2222.3
FRAME: 86
-190.988 362.7 1990.72
-175.123 20.8608 1967.35
-172.074 -861.927 2470.95
7.60648 159.524 1999.25
-262.976 -210.435 2328.31
-262.87 -573.54 2400.06
-277.926 153.029 2109.34
-117.297 132.851 2114.05
104.558 -0.879422 1967.75
-94.1472 -850.753 2452.19
53.2741 202.658 1879.92
-57.9288 -236.754 2333.2
-105.792 -568.575 2317.86
43.331 112.673 2118.76
-138.875 -45.3717 2222.4
FRAME: 87
-181.622 372.489 2027.32
-171.651 2.17899 1974.18
-163.183 -895.833 2475.16
24.1723 172.773 2004.06
-256.966 -208.187 2315.57
-279.339 -576.766 2411.45
-290.771 158.587 2122.34
-123.286 141.446 2125.21
117.717 23.2754 1942.03
-85.504 -878.146 2440.83
61.6858 197.394 1907.42
-55.1817 -229.293 2316.46
-115.459 -591.763 2312.91
44.2 124.306 2128.08
-139.68 -38.6468 2220.61
FRAME: 88
-192.741 379.07 1991.5
-205.302 -13.4941 1996.71
-177.428 -845.091 2479.62
1.15182 119.575 1979.05
-265.704 -194.1 2330.62
-286.499 -551.381 2418.87
-305.25 159.648 2114.24
-129.532 139.072 2109.64
85.181 11.1876 1922.24
-91.6851 -817.04 2434.29
61.6868 168.748 1888.9
-44.512 -221.702 2321.47
-108.126 -550.173 2308.37
46.1852 118.496 2105.03
-142.32 -34.4145 2217.84
FRAME: 89
-191.837 357.976 1960.69
-219.02 -12.9427 2004.25
-159.439 -880.689 2474.71
-20.1466 97.6138 1978.1
-256.25 -194.228 2324.9
-276.56 -577.067 2431.64
-305.861 165.762 2119.94
-133.112 146.611 2111.08
88.8432 13.9298 1921.24
-77.8778 -853.324 2426.14
48.2884 190.283 1883.7
-51.1734 -217.129 2312.45
-112.313 -559.929 2303.38
39.6375 127.46 2102.22
-143.412 -29.5339 2214.88
FRAME: 90
-194.696 356.974 1961.79
-230.294 -30.853 1994.32
-161.475 -885.734 2489.88
-21.0339 34.1358 1917.14
-245.11 -195.612 2321.07
-276.216 -570.936 2445.56
-314.155 159.802 2129.15
-140.816 143.233 2115.77
84.2737 19.8177 1918.35
-73.3064 -820.017 2326.74
33.0704 172.514 1862.1
-46.0335 -214.705 2303.79
-102.743 -533.515 2264.1
32.523 126.664 2102.38
-143.194 -30.9628 2214.1
FRAME: 91
-212.815 372.792 1961.95
-247.453 -46.5947 2021.28
-160.063 -875.795 2524.47
-32.7805 17.2373 1916.89
-239.856 -207.704 2344.44
-268.51 -567.265 2442.78
-317.512 164.2 2143.55
-149.24 147.556 2120.58
64.555 -17.1065 1922.98
-85.246 -841.13 2381.04
28.2673 161.301 1839.22
-49.0624 -227.461 2316.12
-115.004 -567.99 2300.39
19.0319 130.913 2097.61
-146.85 -35.0131 2225.43
FRAME: 92
-205.058 366.991 1955.65
-241.669 -50.0015 2025.97
-167.221 -893.229 2557.28
-31.8909 1.59413 1892.32
-232.628 -214.251 2337.55
-269.518 -570.237 2453.38
-314.475 161.57 2156.89
-148.787 145.794 2127.87
57.4854 -15.3208 1907.39
-79.6001 -816.672 2381.22
-0.138207 125.612 1801.63
-42.2194 -227.059 2308.79
-98.4457 -545.901 2291.89
16.9013 130.018 2098.85
-143.105 -37.4303 2225.52
FRAME: 93
-221.836 392.626 2007.1
-256.943 -59.7325 2069.5
-135.365 -931.609 2558.55
-26.2272 -30.1345 1888.71
-214.198 -182.047 2309.35
-259.794 -585.549 2472.91
-300.365 169.57 2176.48
-152.607 165.963 2140.59
48.8687 -24.6359 1965.12
-81.1502 -918.217 2400.59
-16.0275 71.975 1812.56
-51.7649 -187.669 2272.71
-108.07 -579.009 2277.86
-4.84786 162.357 2104.69
-142.794 -9.4476 2215.81
FRAME: 94
-218.162 404.071 1972.42
-281.021 -34.0952 2037.05
-162.612 -831.059 2535.61
-81.7883 -46.5697 1892.79
-220.771 -164.823 2308.12
-246.124 -504.325 2426.41
-324.041 182.818 2148.08
-153.352 181.881 2126.97
47.7087 50.7806 1970.06
-57.3467 -807.077 2376.03
-8.86236 81.0216 1877.04
-29.2453 -169.629 2294.2
-53.0465 -496.102 2245.59
17.337 180.944 2105.86
-139.18 7.32749 2214.07
FRAME: 95
-210.312 411.585 1993.98
-276.796 -31.1989 2039.76
-149.949 -883.206 2553.39
-72.2867 -82.7224 1881.16
-213.693 -163.445 2311.5
-233.138 -527.525 2439.28
-319.209 199.778 2156.01
-155.888 187.587 2124.2
43.4751 31.0414 2012.04
-72.4898 -872.591 2375.07
-19.6859 56.8083 1829.96
-36.1665 -169.649 2290.5
-69.3066 -528.03 2267.32
7.43169 175.396 2092.4
-140.409 10.5198 2212.6
FRAME: 96
-211.444 423.708 2049.2
-272.499 -6.05346 2078.85
-133.404 -892.642 2567.12
-109.259 -72.8783 1857.96
-200.737 -153.416 2340.51
-230.667 -547.437 2480.39
-299.724 214.684 2208.1
-148.638 190.286 2157.66
43.6306 0.561083 2040.59
-64.2987 -886.596 2393.07
-51.5805 -90.5344 1867.66
-40.978 -174 2304.53
-77.218 -548.505 2299.93
2.44796 165.888 2107.23
-134.748 13.2891 2240.09
FRAME: 97
-203.486 433.924 2069.84
-274.674 -23.8036 2116.08
-152.758 -875.127 2590.11
-155.695 -96.5748 1840.5
-196.106 -151.863 2299.7
-234.486 -512.727 2451.21
-304.955 203.208 2224.89
-143.454 199.167 2197.73
78.4668 -2.70468 2198.79
-48.9195 -872.348 2387.33
-58.6802 -79.9686 1929.46
-13.4155 -159.842 2296.33
-63.8506 -539.261 2291
18.0464 195.126 2170.57
-124.107 21.6571 2247.87
FRAME: 98
-191.885 440.341 2088.37
-284.005 -22.3954 2190.22
-139.633 -865.202 2583.73
-140.757 -125.679 1898.28
-181.38 -151.327 2308.85
-214.439 -516.272 2440.61
-288.428 209.421 2265.99
-134.328 202.983 2230.59
91.3444 -4.79299 2232.09
-54.4094 -889.562 2412.75
-74.0586 -134.49 2008.69
-8.78877 -174.332 2294.59
-66.2238 -548.157 2290.94
19.772 196.546 2195.19
-114.706 20.0771 2266.15
FRAME: 99
-180.261 448.779 2108.96
-301.054 -28.5173 2289.79
-141.933 -882.262 2601.42
-177.798 -216.146 1959.61
-170.995 -170.291 2349.73
-223.287 -543.265 2477.51
-287.915 204.251 2271.71
-126.658 210.468 2249.17
107.303 4.24295 2281.18
-48.8815 -888.206 2414.34
-74.638 -154.918 2049.83
-7.27056 -165.459 2342.58
-40.3933 -539.525 2350.28
34.5993 216.686 2226.63
-107.895 21.2965 2297.66
FRAME: 100
-166.022 455.15 2130.64
-288.181 -32.4404 2317.36
-121.998 -887.149 2596.63
-138.22 -226.526 2073.65
-151.233 -175.526 2387.3
-188.347 -532.443 2460.77
-285.83 207.083 2303.35
-118.198 216.434 2272.95
117.443 0.557888 2303.53
-70.0908 -895.617 2440.23
-69.5162 -172.618 2083.17
-6.73293 -167.853 2360.99
-54.4358 -548.897 2370.98
49.4335 225.784 2242.56
-98.5904 22.3719 2323.55
FRAME: 101
-144.877 462.784 2164.73
-291.294 -28.3087 2384.65
-105.851 -879.754 2642.39
-130.626 -241.196 2127.62
-146.454 -171.234 2425.04
-182.758 -552.7 2502.2
-279.659 210.669 2336.07
-111.034 220.06 2308.16
123.084 -2.48285 2345.48
-55.2018 -892.677 2471.84
-63.0494 -205.73 2149.59
1.52847 -163.559 2400.26
-50.3291 -545.267 2394.99
57.5902 229.452 2280.25
-91.7484 26.3321 2360.41
FRAME: 102
-124.591 467.777 2211.84
-282.821 -20.7152 2446.37
-72.9252 -891.027 2709.92
-101.625 -224.814 2265.23
-143.895 -172.87 2468.85
-163.468 -559.518 2527.5
-267.395 217.915 2368.92
-102.467 225.796 2344.73
133.5 -7.52976 2420.56
-41.0702 -921.618 2503.14
-46.0906 -227.132 2225.13
11.1029 -165.503 2445.93
-37.671 -560.942 2442.73
62.4616 233.677 2320.54
-84.4313 28.3047 2401.06
FRAME: 103
-113.676 472.352 2230.22
-274.868 -23.8587 2470
-56.8635 -872.952 2773.89
-154.711 -254.359 2332.64
-130.922 -179.606 2493.71
-158.83 -555.421 2572.82
-261.684 217.157 2390.89
-93.0231 227.933 2376.3
135.09 0.204646 2441.29
-23.4088 -897.673 2503.8
-43.032 -211.225 2261.52
19.8655 -170.489 2478.75
-14.7131 -551.969 2476.09
75.6381 238.709 2361.72
-74.2757 26.4426 2431.27
FRAME: 104
-103.226 475.149 2260.91
-269.152 -24.1383 2500.58
-52.8284 -888.751 2793.85
-163.639 -275.779 2423.79
-125.246 -184.372 2538.47
-157.663 -551.677 2600.87
-250.923 219.28 2417.75
-82.4689 228.886 2403.04
140.601 -4.63719 2469.91
-2.87841 -935.593 2568.57
-36.251 -216.183 2258.79
32.0792 -175.8 2524.06
-1.2729 -568.564 2509.22
85.985 238.493 2388.34
-64.5261 24.4004 2467.16
FRAME: 105
-90.8693 478.3 2300.73
-252.485 -30.9406 2526.25
-44.6033 -896.733 2832.27
-164.401 -289.191 2405.42
-122.045 -183.633 2561.49
-150.606 -573.505 2614.69
-238.317 221.738 2442.42
-72.8736 229.118 2424.4
146.536 -17.7773 2493.02
11.8799 -947.049 2569.88
-36.5293 -221.988 2283.01
41.709 -176.447 2543.5
19.6884 -579.599 2519.31
92.5697 236.498 2406.38
-56.5207 24.5391 2488.45
FRAME: 106
-80.9745 483.144 2323.26
-247.212 -37.356 2537.15
-43.0188 -900.529 2838.41
-163.298 -319.766 2424.98
-114.003 -185.987 2577.19
-140.815 -571.333 2632.03
-229.148 223.212 2458.72
-65.2386 232.914 2441.19
160.687 -7.88998 2511.26
38.2049 -941.691 2587.29
-17.7995 -198.431 2313.32
59.7187 -175.629 2558.74
42.2661 -563.72 2524.05
98.6707 242.616 2423.67
-46.1904 26.053 2504.58
FRAME: 107
-71.2402 490.134 2346.61
-241.708 -27.6579 2544.79
-46.2297 -894.949 2844.49
-172.847 -349.225 2482.35
-111.455 -173.545 2589.75
-138.462 -567.328 2640.08
-218.415 232.71 2477.56
-54.29 240.423 2459.78
170.49 3.47033 2539.88
72.6668 -937.255 2622.79
-4.12764 -193.9 2329.76
67.6627 -165.142 2570.14
69.4598 -558.003 2546.6
109.835 248.136 2442
-38.0931 35.5399 2519.86
FRAME: 108
-55.9128 507.722 2371.44
-213.38 -20.1207 2574.8
-46.4033 -896.938 2857.03
-149.951 -333.797 2500.19
-93.7557 -165.618 2606.82
-129.505 -562.068 2655.16
-205.749 240.548 2496.39
-40.6642 248.949 2477.77
177.092 0.186822 2544.37
141.127 -923.971 2708.39
16.4118 -179.501 2342.35
81.9457 -156.869 2586.79
112.399 -548.963 2579.63
124.421 257.349 2459.15
-23.2846 43.8526 2537.29
FRAME: 109
-45.3991 518.56 2381.4
-202.331 -6.95537 2590.22
-46.5755 -901.484 2870.62
-110.388 -299.939 2480.2
-79.5275 -160.682 2617.43
-117.978 -563.39 2675.44
-195.317 247.193 2503.01
-28.2442 259.63 2489.73
186.465 18.1897 2561.36
159.562 -912.731 2739.49
30.9805 -169.173 2350.66
103.744 -147.21 2602.93
137.955 -542.302 2607.22
138.828 272.067 2476.45
-8.06799 52.842 2549.95
FRAME: 110
-37.3715 526.824 2397.73
-173.124 -14.1683 2585.97
-44.173 -899.264 2852.26
-115.791 -295.716 2509.4
-63.8091 -145.271 2630.19
-110.33 -552.147 2668.91
-182.74 253.906 2517.65
-17.5381 265.747 2499.55
200.51 21.9593 2557.74
191.43 -911.65 2774.39
18.3468 -144.661 2340.48
114.178 -132.584 2611.01
156.74 -537.392 2628.3
147.664 277.588 2481.44
3.82324 63.4099 2560.07
FRAME: 111
-25.0601 536.749 2401.61
-184.813 8.34375 2602.3
-47.4198 -907.837 2867.04
-99.8008 -219.743 2500.37
-48.3035 -141.267 2624.96
-101.448 -559.05 2681.13
-173.799 257.413 2521.86
-5.54972 270.732 2504.65
214.579 43.1571 2571.06
235.537 -891.322 2816.8
31.8312 -134.521 2356.69
124.902 -127.619 2607.23
177.677 -530.186 2654.37
162.699 284.05 2487.45
16.3748 68.1445 2560.37
FRAME: 112
-20.3112 540.608 2411.64
-172.074 13.9667 2613.17
-51.2452 -906.128 2846.49
-125.717 -235.297 2490.1
-42.9434 -143.97 2636.12
-92.585 -550.724 2677.55
-162.826 268.533 2533.86
2.64857 278.145 2508.68
227.878 48.4669 2566.56
266.132 -877.014 2843.35
34.415 -128.454 2346.26
132.326 -133.814 2609.84
188.224 -529.247 2662.7
168.123 287.756 2483.51
23.6699 69.6266 2565.83
FRAME: 113
-10.2679 541.878 2416.96
-175.685 14.2049 2597.28
-55.6943 -903.251 2857.87
-147.39 -188.578 2456.11
-40.8966 -141.923 2634.23
-85.6921 -552.033 2683.12
-151.846 273.415 2538.28
13.8441 280.689 2513.62
235.453 47.901 2565.51
262.213 -879.072 2842.91
41.5985 -143.544 2365.33
137.591 -134.094 2607.63
201.106 -520.39 2670.68
179.534 287.963 2488.95
31.0957 71.3401 2567.27
FRAME: 114
-2.19781 541.789 2423.75
-171.278 11.3446 2597.36
-54.2467 -900.147 2860.35
-146.283 -179.935 2422.01
-32.6074 -140.398 2640.43
-78.9494 -546.741 2686.47
-140.084 274.773 2546.28
24.2766 280.613 2519.26
243.849 44.0316 2562.2
262.598 -886.228 2838.58
44.1027 -154.793 2361.59
146.083 -134.065 2610.97
207.788 -523.762 2674.47
188.638 286.453 2492.25
40.5073 71.6909 2572.48
FRAME: 115
4.88629 536.086 2435.76
-128.462 4.73962 2595.56
-52.7045 -895.181 2865.52
11.3674 -177.636 2365.68
-21.873 -132.249 2656.84
-74.4409 -542.976 2697.15
-129.441 268.814 2563.03
33.7859 274.264 2530.91
261.51 33.0587 2553.79
261.449 -892.923 2827.46
71.2147 -156.506 2390.04
159.063 -126.198 2621.07
212.972 -525.092 2671.29
197.013 279.715 2498.78
51.1903 72.5203 2584.93
FRAME: 116
9.05508 531.547 2445.62
-108.596 3.48331 2611.91
-51.5317 -894.078 2860.44
-26.0428 -187.691 2364.87
-9.69745 -126.435 2674.41
-70.6599 -537.726 2703.33
-121.742 265.079 2578
39.273 270.593 2538.52
271.598 31.4984 2535.3
261.279 -896.683 2817.57
72.0044 -164.263 2412.07
170.964 -120.148 2630.28
219.071 -523.791 2667.87
200.288 276.106 2499.03
59.9531 73.6506 2595.43
FRAME: 117
9.73522 526.495 2453.49
-108.49 0.698663 2622.9
-40.9905 -902.727 2869.95
-40.8122 -197.359 2374.47
-3.53876 -125.05 2689.55
-63.2704 -539.951 2715.7
-112.803 267.27 2596.25
43.6393 270.229 2546.62
264.073 24.4496 2530.92
262.602 -900.955 2820.8
47.9645 -165.384 2433.48
178.398 -121.488 2631.96
223.059 -527.048 2667.79
200.081 273.188 2497
65.5344 73.4802 2603.69
FRAME: 118
9.3944 525.505 2460.51
-103.25 5.88791 2647.83
-26.3331 -901.394 2878.15
-79.5781 -200.234 2394.86
-3.08787 -123.643 2700.55
-60.5019 -539.094 2723.88
-108.486 267.578 2605.79
45.1501 268.606 2550.45
255.646 21.4779 2522.82
261.171 -903.116 2817.41
23.6838 -172.01 2437.77
182.914 -122.339 2633.64
223.259 -530.6 2667.32
198.786 269.634 2495.11
67.5315 72.8073 2608.77
FRAME: 119
6.8442 524.315 2465.38
-105.912 7.93748 2668.04
-7.26854 -893.54 2878.2
-113.787 -201.238 2428.43
0.113352 -121.201 2722.82
-60.5627 -537.455 2732.15
-103.889 271.595 2621.76
44.6441 268.321 2554.72
244.95 15.8914 2517.85
263.152 -910.125 2823.35
-5.00619 -168.212 2447.51
186.069 -125.393 2638.86
226.628 -537.285 2673.1
193.177 265.047 2487.69
68.8676 72.5121 2617.78
FRAME: 120
-4.36842 522.231 2471.13
-108.726 4.63483 2682.47
33.973 -892.873 2895.84
-199.808 -206.063 2514.17
5.25732 -122.078 2734.95
-51.5561 -539.655 2756.14
-103.986 270.814 2634.32
32.8485 266.95 2555.14
217.424 8.88164 2515.91
257.977 -910.183 2817.8
-77.6155 -167.676 2491.21
186.045 -127.202 2630.46
221.797 -541.545 2667.65
169.683 263.086 2475.96
64.2497 71.155 2618.92
FRAME: 121
-30.3481 513.182 2467.76
-115.021 1.04096 2710.4
55.2927 -895.489 2920.16
-239.742 -212.406 2578.08
10.2357 -124.254 2745.99
-42.1145 -539.61 2792.4
-107.822 270.264 2652.74
15.4065 264.901 2559.18
193.535 9.38 2519.58
248.802 -906.227 2821.19
-106.39 -155.975 2536.56
175.226 -131.383 2620.86
187.02 -553.792 2654.93
138.635 259.538 2465.62
54.0685 68.5412 2621.3
FRAME: 122
-50.824 504.845 2469.35
-120.224 5.82249 2743.18
67.007 -899.924 2927.97
-251.645 -217.043 2626.4
8.96536 -127.635 2754.8
-35.3499 -544.788 2811.95
-109.633 269.993 2672.52
2.12037 259.901 2565.35
153.904 -4.32559 2517.27
240.102 -907.443 2823.36
-126.161 -154.129 2564.75
154.31 -140.755 2615.23
150.529 -570.13 2640.99
113.874 249.809 2458.18
41.879 62.8529 2625.18
FRAME: 123
-59.8277 496.598 2472.64
-118.04 1.21621 2784.12
67.6124 -900.387 2930.57
-281.236 -225.782 2679.91
7.94205 -133.877 2766.5
-36.3856 -545.822 2819.81
-110.959 255.132 2688.92
-6.92128 243.306 2575.37
115.198 -2.51091 2503.93
232.017 -914.501 2823.79
-164.255 -160.489 2596
144.42 -149.528 2617.26
120.48 -581.876 2630.2
97.1161 231.479 2461.82
34.6299 50.8014 2633.62
FRAME: 124
-76.3142 481.235 2477.5
-101.983 -4.14529 2776.66
72.8127 -898.401 2923.85
-285.499 -216.76 2724.24
12.1279 -131.856 2766.83
-35.2906 -542.943 2822.5
-99.4051 249.981 2680.77
-15.9068 229.176 2563.9
50.4595 -41.3105 2492.08
206.82 -920.82 2804.78
-176.692 -173.511 2632.47
122.596 -159.272 2612.98
88.6413 -586.754 2609.83
67.5916 208.371 2447.03
25.7276 41.8061 2626.9
FRAME: 125
-89.8877 464.818 2476.68
-98.5153 -15.2961 2782.77
74.7771 -902.092 2922.76
-279.466 -215.029 2739.42
16.8231 -134.334 2764.36
-34.5297 -545.471 2822.39
-97.6051 241.737 2685.55
-25.2961 219.066 2564.41
20.1994 -49.9401 2492.3
170.176 -927.752 2774.4
-184.876 -162.748 2643.9
110.409 -163.677 2607.83
62.3443 -588.404 2596.14
47.013 196.395 2443.27
19.16 35.0303 2625.26
FRAME: 126
-104.623 454.382 2471.34
-99.1864 -7.92043 2780.22
74.3817 -904.224 2918.33
-335.217 -204.05 2841.26
20.8952 -130.062 2762.05
-36.1043 -544.077 2821.97
-99.4892 244.615 2680.82
-40.0951 215.743 2553.36
21.1827 -44.0777 2482.73
119.329 -947.466 2726.51
-186.085 -153.282 2647.04
96.1627 -166.57 2600.91
33.7076 -589.35 2582.86
19.299 186.872 2425.9
9.21691 33.7138 2617.42
FRAME: 127
-134.819 437.267 2454.47
-105.313 -11.1331 2776.09
74.0304 -906.3 2916.15
-296.38 -187.275 2854.2
23.6393 -125.603 2757.58
-37.1832 -542.498 2821.66
-101.111 239.281 2677.21
-55.685 204.95 2545.3
-24.6872 -51.2873 2495.72
60.1144 -952.97 2659.29
-216.182 -119.218 2745.85
81.202 -169.049 2590.58
-2.69129 -578.114 2557.91
-10.2588 170.619 2413.39
-1.63217 28.8118 2609.69
FRAME: 128
-152.394 424.982 2439.83
-107.4 -8.56638 2777.83
69.9246 -908.837 2914.48
-287.572 -168.726 2893.18
23.018 -127.942 2749.41
-42.1749 -544.785 2816.28
-101.666 235.412 2674.61
-60.5672 203.033 2545.47
-72.8015 -49.3943 2514
4.29355 -966.359 2602.36
-228.097 -101.609 2803.2
78.5941 -168.796 2582.29
-27.412 -572.176 2537.94
-19.4687 170.654 2416.33
-4.88057 27.332 2605.66
FRAME: 129
-169.208 414.766 2426.59
-99.8952 -8.58112 2786.12
54.7506 -918.713 2846.43
-262.299 -166.709 2836.99
27.7981 -128.129 2738.16
-37.2313 -545.484 2814.94
-103.545 229.749 2675.8
-74.549 197.42 2540.7
-105.614 -45.163 2518.23
-11.77 -957.534 2638.14
-202.048 -98.937 2772.85
66.2138 -171.356 2559.72
-51.5137 -582.418 2521.77
-45.5532 165.091 2405.61
-13.7715 23.8389 2594.82
FRAME: 130
-188.993 404.777 2409.18
-101.9 -9.4187 2771.73
51.8271 -918.691 2840.27
-272.99 -130.588 2865.25
28.5553 -132.172 2730.16
-37.3219 -546.197 2814.86
-105.501 231.619 2664.96
-85.4882 198.496 2531.43
-134.94 -45.468 2520.1
-25.0684 -963.885 2592.7
-198.347 -103.387 2773.24
57.3984 -178.434 2546.37
-65.4641 -587.644 2512.43
-65.4755 165.373 2397.89
-21.2556 21.5964 2584.85
FRAME: 131
-205.394 396.455 2391.13
-109.031 -18.0162 2754.11
19.901 -922.491 2771.03
-219.662 -101.307 2855.92
25.3261 -137.159 2720.81
-43.6355 -550.869 2804.38
-110.683 225.211 2661
-93.2193 193.75 2530.24
-145.669 -41.5372 2536.84
-46.5568 -962.982 2574.06
-218.341 -77.5153 2779.41
52.4873 -179.993 2539.41
-67.0962 -590.048 2507.93
-75.7552 162.29 2399.47
-27.1563 17.5872 2580.17
FRAME: 132
-229.804 379.331 2369.21
-113.69 -9.21922 2720.87
7.79655 -914.271 2751.89
-211.767 -102.864 2813.84
19.7956 -132.644 2707.11
-50.597 -547.944 2774.13
-118.096 225.111 2634.6
-100.254 194.257 2516.33
-143.736 -34.7575 2519.61
-15.7468 -901.012 2700.79
-213.62 -58.3555 2762.72
45.936 -178.378 2530.08
-69.8518 -592.674 2504.89
-82.4117 163.403 2398.06
-33.694 19.3729 2567.46
FRAME: 133
-248.4 367.583 2343.68
-120.886 -6.41534 2691.15
4.87337 -904.55 2742.74
-209.058 -59.9522 2750.27
8.90934 -135.269 2692.62
-57.9531 -550.716 2766.47
-126.102 228.535 2616.24
-99.3483 203.318 2504.3
-139.789 -38.6911 2507.31
-0.917696 -890.412 2723.99
-186.982 -86.1245 2714.77
47.1352 -174.258 2521.42
-64.7589 -589.621 2494.75
-72.5943 178.1 2392.37
-35.663 24.2773 2555.66
FRAME: 134
-279.863 343.816 2302.84
-131.213 -7.11906 2658.75
-13.7741 -904.006 2715.24
-226.336 11.9234 2621.34
-3.35429 -136.967 2678.92
-68.2765 -551.069 2754.44
-132.084 234.375 2603.71
-99.4608 210.505 2484.49
-111.202 -36.3489 2492.62
12.1438 -854.092 2750.3
-125.141 -124.128 2631.87
47.1509 -173.751 2493.58
-74.7233 -589.269 2462.09
-66.8378 186.635 2365.28
-38.7813 27.5729 2535.37
FRAME: 135
-300.893 323.328 2273.68
-135.807 -10.18 2632.67
-47.3785 -916.404 2651.78
-263.273 71.1182 2464.6
-19.3134 -144 2655.85
-75.241 -554.815 2728.95
-129.833 232.499 2589.16
-94.0038 214.897 2472.18
-119.291 -33.4238 2493.66
18.0782 -825.605 2768.58
-137.755 -106.993 2623.5
35.4912 -176.119 2455.08
-91.0427 -602.123 2422.58
-58.1747 197.295 2355.2
-42.9575 27.4189 2513.82
FRAME: 136
-312.172 307.607 2255
-177.134 -19.9907 2536.01
-85.1623 -916.198 2582.92
-261.308 44.2278 2448.26
-23.4117 -139.258 2640.41
-77.1427 -553.74 2712.77
-141.951 233.848 2570.94
-118.931 208.571 2441.51
-111.004 -46.3795 2457.54
32.1132 -775.625 2800.19
-118.634 -139.778 2589.31
11.2087 -184.501 2417.92
-105.803 -613.109 2402.83
-95.9115 183.294 2312.09
-62.5164 23.3457 2485.34
FRAME: 137
-320.772 296.735 2230.95
-170.507 -23.0658 2544.83
-88.3307 -910.57 2616.34
-262.788 39.8182 2391.82
-33.6324 -142.26 2629.66
-94.2756 -554.13 2696.26
-157.551 222.934 2545.29
-130.957 201.869 2417.61
-102.968 -49.6279 2432.78
35.1246 -765.67 2792.49
-102.687 -174.975 2517.81
23.714 -180.302 2411.91
-107.128 -611.308 2383.72
-104.363 180.804 2289.94
-67.9581 20.2941 2469.2
FRAME: 138
-328.018 284.842 2212.85
-220.931 -41.1996 2437.03
-60.1657 -905.663 2661.01
-285.333 75.1627 2337.33
-28.3159 -148.332 2606.84
-91.0392 -556.291 2689.95
-158.744 218.446 2547.71
-139.497 191.209 2409.12
-120.66 -50.8822 2391.98
1.94817 -807.322 2727.21
-122.966 -130.362 2455.07
1.2991 -195.129 2388.45
-135.683 -620.567 2363.4
-120.251 163.972 2270.53
-76.5028 9.73921 2453.38
FRAME: 139
-334.411 268.76 2185.93
-233.45 -44.5211 2383.56
-72.8172 -908.347 2661.77
-267.806 37.95 2287.69
-35.8688 -154.495 2588.99
-104.649 -558.522 2665.37
-162.543 205.774 2515.33
-152.422 170.175 2376.41
-129.49 -68.5169 2354.46
-6.15607 -820.224 2708.72
-156.598 -121.638 2448.5
-14.5408 -214.511 2365.38
-155.976 -641.681 2345.16
-142.3 134.575 2237.49
-88.8134 -7.16413 2426.8
FRAME: 140
-337.246 260.362 2163.69
-211.838 -66.6649 2417.41
-81.1253 -910.417 2655.43
-264.548 -82.1304 2344.58
-46.7745 -173.178 2551.31
-98.8981 -562.703 2675.3
-172.833 196.986 2496.2
-161.891 161.564 2354.76
-168.275 -95.8937 2295.45
-19.7481 -843.96 2668.57
-207.856 -159.959 2444.11
-35.0362 -229.336 2338.07
-173.458 -650.88 2328.86
-150.949 126.142 2213.32
-101.398 -19.8466 2399.72
FRAME: 141
-335.775 255.06 2142.96
-210.013 -69.1267 2434.6
-94.6634 -921.736 2584.23
-271.35 -118.259 2329.83
-44.0597 -160.424 2554.28
-105.311 -561.233 2662.36
-186.938 195.402 2481.7
-187.107 140.019 2323.08
-217.295 -139.644 2226.72
-47.9428 -874.995 2629.76
-268.492 -216.21 2458.87
-44.536 -243.815 2327.56
-184.098 -667.301 2320.61
-187.276 84.6372 2164.45
-115.702 -31.0499 2382
FRAME: 142
-329.424 254.64 2119.2
-209.096 -63.4035 2441.66
-109.423 -925.673 2585.92
-334.176 -297.633 2413.95
-72.0137 -157.585 2540.91
-140.457 -564.339 2653.34
-236.871 153.791 2399.58
-212.592 93.6937 2264.04
-229.969 -181.003 2196.01
-22.8263 -904.352 2608.77
-322.655 -328.588 2386.53
-29.1508 -258.555 2326.15
-167.689 -680.313 2315.42
-188.313 33.596 2128.51
-131.587 -57.1881 2348.79
FRAME: 143
-322.328 255.062 2097.04
-254.336 -69.6717 2423.77
-128.897 -951.102 2572.13
-357.734 -360.101 2341.93
-100.91 -169.4 2513.95
-164.406 -574.052 2643.97
-289.805 104.875 2314.59
-237.442 55.1482 2207.85
-245.623 -231.734 2175.59
-18.7877 -927.053 2569.12
-355.057 -407.382 2333.96
-12.8386 -263.428 2323.57
-152.399 -676.202 2309.92
-185.08 5.42126 2101.12
-147.158 -80.6329 2313.31
FRAME: 144
-315.659 257.67 2074.97
-306.686 -109.703 2364.17
-143.517 -945.995 2550.52
-392.495 -393.534 2272
-120.671 -180.058 2505.5
-181.983 -581.608 2613.88
-292.975 109.415 2305.01
-226.679 55.104 2191.37
-247.675 -237.916 2146.88
-11.7397 -964.502 2516.04
-410.432 -449.442 2194.87
-18.6339 -272.548 2321.34
-141.489 -674.942 2306.16
-160.384 0.793413 2077.73
-148.166 -85.5994 2302.4
FRAME: 145
-309.001 261.808 2056.44
-330.918 -128.948 2273.69
-126.686 -969.472 2552.69
-388.269 -403.531 2143.32
-136.696 -198.373 2471.56
-209.102 -603.526 2546.18
-306.514 100.629 2281.8
-222.717 58.3781 2174.96
-185.778 -235.964 2055.97
-27.2852 -970.576 2500.81
-411.843 -446.466 2089.08
-22.0336 -264.642 2315.93
-138.41 -669.331 2296.71
-138.921 16.1269 2068.12
-151.041 -86.5648 2284.35
FRAME: 146
-304.356 266.945 2048.07
-336.481 -126.082 2177.64
-151.536 -931.423 2548.04
-366.503 -388.547 2010.99
-147.245 -198.358 2460.63
-271.527 -614.438 2431.67
-309.588 107.451 2264.36
-217.205 67.8974 2161.05
-149.822 -217.805 2010.29
-29.9483 -970.077 2495.01
-388.213 -412.462 1953.03
-22.2184 -259.861 2312.54
-124.837 -662.568 2293.31
-124.822 28.3438 2057.73
-150.968 -80.6061 2273.82
FRAME: 147
-297.234 274.927 2041.39
-323.628 -123.97 2113.76
-159.835 -965.568 2534.07
-327.951 -342.774 1880.16
-161.937 -198.967 2441.41
-279.829 -619.178 2418.49
-316.492 108.27 2249.9
-212.363 75.1712 2151.61
-139.647 -210.517 1996.01
-49.808 -1024.57 2413.58
-323.447 -344.654 1817.13
-22.6654 -248.69 2303.3
-118 -659.763 2285.39
-108.234 42.0723 2053.32
-152.332 -74.3287 2261.98
FRAME: 148
-290.784 289.736 2031.77
-312.326 -92.0311 2056.69
-160.095 -1000.67 2513.5
-153.563 -114.574 1773.74
-200.749 -210.705 2397.81
-265.854 -622.668 2438.97
-323.599 112.739 2219.11
-203.556 87.6974 2136.61
-106.964 -172.593 1971.33
-67.1532 -1028.64 2397.78
-143.718 -110.868 1657.9
-41.9759 -246.828 2283.86
-127.273 -656.079 2275.93
-83.5137 62.6555 2054.12
-162.459 -70.5345 2238.72
FRAME: 149
-287.707 298.201 2022.83
-307.494 -75.0785 2017.18
-151.116 -992.635 2525.77
-94.6968 -26.1645 1767.57
-229.072 -219.435 2370.21
-265.688 -630.187 2438.75
-328.523 119.296 2196.66
-201.633 99.4538 2128.2
-52.8665 -106.564 1940.89
-83.3556 -1027.4 2392.87
-65.2737 -36.5723 1684.74
-60.2112 -246.248 2278.48
-133.176 -653.58 2271.74
-74.744 79.612 2059.73
-173.137 -66.6939 2226.27
FRAME: 150
-284.698 306.557 2020.19
-266.545 -33.387 1975.18
-153.353 -985.135 2524.52
-24.11 52.2586 1815.8
-249.289 -218.037 2344.89
-268.335 -624.599 2429.03
-321.158 125.979 2183.57
-191.16 104.158 2125.27
-51.4467 -115.95 1927.1
-91.4671 -1035.76 2382.73
-39.7449 2.55169 1698.89
-78.953 -246.554 2268.39
-138.602 -651.321 2270.09
-61.1626 82.3375 2066.97
-177.64 -64.0686 2215.95
FRAME: 151
-283.629 311.868 2017.84
-254.808 -27.1037 1963.73
-163.607 -1005.09 2486.86
36.2736 92.204 1883.39
-263.606 -219.808 2314.32
-281.245 -637.24 2415.06
-322.416 122.272 2171.02
-181.42 103.905 2129.6
-27.7758 -86.8626 1923.82
-91.9389 -1018.03 2383.86
-2.85454 100.166 1748.56
-88.5901 -242.939 2261.8
-144.869 -641.456 2254.6
-40.4236 85.5377 2088.19
-178.759 -63.7344 2208.83
FRAME: 152
-281.225 319.741 2015.18
-244.296 -10.2858 1960.93
-167.359 -1006.42 2506.14
57.9645 122.238 1944.22
-271.115 -224.696 2294.65
-286.391 -638.449 2401.86
-329.947 118.346 2154.92
-177.324 101.391 2128.94
18.1475 -21.6117 1912.79
-94.0367 -1014.56 2377.85
17.3832 192.244 1838.06
-98.7395 -243.532 2263.62
-148.345 -643.832 2262.81
-24.7018 84.4361 2102.97
-181.126 -66.3615 2204.04
FRAME: 153
-275.154 332.78 2009.41
-199.537 36.7355 1954.18
-170.192 -1008.38 2483.34
47.9387 171.187 2019.18
-275.165 -226.033 2276.05
-294.696 -642.224 2375.62
-330.985 144.088 2130.99
-171.858 134.484 2127.53
43.891 3.2915 1947.57
-100.284 -1011.92 2381
10.3932 214.831 1860.65
-101.27 -236.235 2271.36
-152.633 -642.515 2265.79
-12.7309 124.88 2124.06
-180.038 -48.3248 2200.62
FRAME: 154
-268.208 347.471 1996.87
-174.549 66.7009 1936.92
-172.048 -996.185 2465.95
44.4958 200.694 2039.7
-285.86 -221.712 2246.64
-293.244 -635.493 2351.53
-327.736 167.362 2103.98
-171.026 164.892 2129.15
58.6632 9.24378 1977.22
-114.222 -998.817 2380.11
16.4449 237.157 1900.97
-109.159 -224.669 2274.49
-161.486 -635.848 2268.54
-14.3167 162.423 2154.32
-184.268 -29.1492 2194.86
FRAME: 155
-259.791 362.894 1994.8
-144.086 98.4945 1933.24
-168.277 -987.29 2442.87
40.1557 242.148 2101.89
-287.153 -205.778 2236.58
-300.132 -620.728 2324.45
-320.348 189.006 2089.91
-168.147 187.366 2121.91
70.0714 8.62817 1991.73
-115.829 -1005.8 2378.99
34.0437 251.989 1934.57
-110.601 -207.902 2272.89
-160.113 -632.943 2271.12
-15.9451 185.725 2153.9
-183.512 -9.73736 2188.32
FRAME: 156
-251.663 377.465 1993.98
-123.974 125.128 1936.48
-173.427 -993.205 2447.79
38.5482 279.35 2142.9
-295.243 -203.445 2229.41
-301.133 -623.704 2328.51
-318.343 196.264 2084.72
-168.72 194.352 2118.14
78.7931 14.9633 2001.32
-121.322 -1001.54 2384.28
38.0453 257.796 1941.48
-109.802 -205.755 2270.68
-158.865 -628.801 2274.74
-19.0968 192.44 2151.55
-185.621 -5.124 2184.09
FRAME: 157
-245.71 388.587 1998.1
-132.576 127.286 1933.34
-171.451 -992.334 2443.09
36.3013 276.777 2132.93
-300.296 -187.136 2223.99
-305.567 -607.496 2313.6
-315.896 207.361 2078.55
-172.113 205.775 2112.61
95.3748 38.0579 2011.93
-125.527 -1017.2 2363.1
26.6455 280.133 1975.18
-114.655 -189.389 2267.64
-154.364 -625.028 2272.98
-28.3295 204.189 2146.68
-189.794 8.75636 2179.21
FRAME: 158
-241.267 398.439 1993.26
-144.401 128.026 1917.23
-177.261 -985.053 2426.74
30.9067 274.112 2140.49
-301.077 -192.994 2219.14
-303.36 -613.531 2309.36
-321.502 206.889 2073.28
-177.265 206.697 2111.53
105.533 52.1647 2010.85
-127.266 -987.202 2391.88
32.0802 285.617 1969.05
-117.609 -193.514 2267.39
-156.206 -623.283 2282.52
-33.0273 206.506 2149.78
-193.304 6.72157 2177.4
FRAME: 159
-234.788 409.666 2001.65
-132.873 143.421 1917.11
-171.093 -976.769 2421.87
31.8924 281.199 2137.83
-305.458 -179.065 2215.15
-306.142 -601.951 2302.39
-316.578 219.397 2073.58
-172.558 216.439 2110.53
105.456 44.0609 2033.21
-134.492 -984.843 2385.16
23.4775 293.427 1999.19
-118.026 -182.901 2263.25
-154.754 -615.503 2284.03
-28.5375 213.481 2147.47
-192.15 17.7282 2174.86
FRAME: 160
-228.266 420.089 2004.34
-134.815 150.24 1921.87
-172.98 -955.388 2414.29
33.4351 285.896 2134.27
-312.179 -171.275 2211.42
-311.186 -593.544 2296.45
-315.04 229.469 2074.46
-171.145 224.748 2111.55
107.517 40.3854 2051.17
-137.444 -981.15 2392.83
32.2242 277.867 1974.59
-120.101 -177.625 2260.81
-150.893 -610.79 2289.6
-27.2492 220.027 2148.65
-193.642 25.1488 2173.84
FRAME: 161
-220.883 428.855 2008.6
-136.439 145.211 1929.88
-175.774 -963.217 2375.52
33.4669 275.915 2129.6
-310.775 -169.915 2210.9
-311.918 -593.021 2291.34
-314.657 233.574 2075.01
-171.828 229.907 2114.24
103.226 41.2762 2067.66
-136.538 -983.26 2409.28
31.5905 279.996 1978.14
-120.171 -174.838 2263.12
-147.302 -609.351 2296.67
-28.9985 226.239 2153.47
-193.65 28.7651 2175.62
FRAME: 162
-217.659 432.931 2013.91
-155.064 143.595 1933.11
-181.067 -935.032 2386.33
6.91089 277.87 2101.07
-311.849 -163.486 2210.63
-312.958 -592.062 2290.21
-319.533 233.563 2085.48
-176.808 229.574 2125.65
104.281 61.6615 2075.31
-144.026 -951.217 2394.76
19.9725 285.651 1994.84
-122.001 -168.857 2263.94
-146.76 -599.928 2299.48
-34.0841 225.586 2165.83
-196.867 31.7014 2181.47
FRAME: 163
-215.512 439.067 2018.63
-156.667 141.469 1936.36
-181.941 -945.75 2398.82
17.941 285.969 2112.24
-313.107 -166.326 2212.67
-315.755 -595.832 2291.22
-322.486 236.286 2090.98
-180.516 234.353 2133.51
104.431 46.25 2081.6
-144.153 -955.9 2415.61
55.2158 282.434 1987.04
-122.426 -169.075 2269.51
-147.753 -596.168 2304.96
-38.5453 232.419 2176.04
-199.141 33.3259 2187.3
FRAME: 164
-213.667 441.501 2023.77
-166.327 129.378 1943.49
-181.964 -938.761 2407.74
19.5364 284.365 2121.73
-308.941 -160.917 2217.75
-311.323 -589.368 2296.45
-320.265 237.529 2102.58
-174.622 233.52 2150.14
104.228 60.5684 2095.67
-143.904 -965.787 2404.66
41.3554 280.179 1993.53
-123.922 -166.067 2277.82
-153.385 -592.292 2303.28
-28.9791 229.512 2197.7
-195.527 35.0142 2198.96
FRAME: 165
-212.392 445.55 2030.59
-171.344 115.581 1951.53
-181.149 -929.583 2415.47
14.6001 277.521 2109.26
-305.772 -165.537 2220.36
-311.794 -587.457 2299.58
-319 235.203 2114.83
-172.824 230.849 2163.91
108.16 82.3669 2090.39
-150.187 -963.965 2416.59
36.0597 282.748 2029.19
-121.436 -171.015 2281.8
-156.44 -593.055 2302.51
-26.6482 226.495 2213
-193.214 31.2867 2207.5
FRAME: 166
-211.171 449.684 2041.28
-182.312 93.9847 1981.68
-179.862 -935.879 2422.78
21.6442 240.236 2096.81
-305.032 -164.073 2226.92
-309.272 -586.729 2314.14
-319.635 232.752 2127.37
-174.668 228.932 2177.57
103.846 81.4276 2097.4
-153.297 -968.802 2418.72
35.7251 292.466 2078.67
-120.445 -168.878 2290.51
-159.948 -591.09 2306.23
-29.7023 225.112 2227.77
-193.704 31.2283 2218.14
FRAME: 167
-212.52 454.645 2054.15
-209.406 75.2478 2009.46
-180.723 -934.654 2448.96
39.1426 199.541 2092.83
-303.325 -164.864 2242.45
-308.523 -589.651 2337.88
-322.708 235.858 2140.21
-177.357 232.964 2185.83
96.3148 80.9467 2104.35
-153.406 -965.564 2428.18
48.9034 266.8 2060.1
-119.867 -168.491 2299.77
-157.584 -589.536 2308.81
-32.0056 230.069 2231.44
-194.476 33.1431 2228.47
FRAME: 168
-212.947 461.983 2073.2
-237.36 62.8528 2041.26
-179.042 -926.914 2483.57
27.1968 159.758 2080.79
-298.321 -160.511 2256.86
-305.381 -584.772 2355.47
-325.616 245.598 2158.25
-183.968 245.873 2200.51
88.0524 77.9405 2124.54
-156.332 -966.102 2418.57
32.2874 204.116 2054.65
-117.706 -160.151 2310.64
-164.019 -584.132 2317.64
-42.3206 246.147 2242.77
-195.991 42.7708 2242.13
FRAME: 169
-212.631 468.87 2087.37
-260.246 40.5569 2074.44
-186.767 -929.255 2511.1
22.8646 138.504 2074.08
-297.838 -158.667 2283.69
-308.952 -588.972 2382.58
-334.306 244.822 2176.13
-187.79 246.437 2210.59
89.2503 91.7639 2128.63
-151.805 -957.053 2427.17
-21.4235 171.924 2029.2
-113.108 -156.666 2327.06
-158.202 -581.94 2330.15
-41.2739 248.052 2245.06
-196.631 44.3852 2257.98
FRAME: 170
-208.643 474.033 2104.54
-269.12 38.8283 2100.51
-185.002 -934.906 2497.99
15.5499 125.907 2086.65
-296.931 -149.942 2313.78
-307.433 -583.186 2396.16
-331.296 254.912 2207.88
-185.725 255.247 2229.22
94.554 107.158 2118.14
-148.631 -945.656 2432.53
16.8215 236.981 2033.44
-102.285 -149.443 2341.75
-154.548 -570.66 2341.62
-40.1546 255.582 2250.57
-192.666 52.777 2278.49
FRAME: 171
-206.116 480.432 2125.25
-272.215 27.4858 2121.32
-178.342 -938.194 2512.69
-5.47627 82.8489 2095.91
-287.294 -144.886 2330.41
-298.798 -583.337 2423.13
-334.657 253.523 2220.39
-186.998 256.422 2239.66
95.86 97.1233 2116.53
-147.661 -940.115 2432.58
54.1092 268.74 2005.02
-96.4691 -140.851 2355.34
-148.593 -557.378 2349.49
-39.3382 259.321 2258.94
-189.44 56.7766 2291.27
FRAME: 172
-205.641 484.024 2143.43
-281.92 20.6938 2168.24
-162.641 -928.04 2510.14
1.48235 64.2481 2114.81
-275.277 -137.423 2356.85
-293.118 -564.843 2458.37
-331.204 254.473 2242.21
-179.654 257.661 2255.15
93.3044 102.02 2112.98
-149.842 -938.714 2440.56
111.271 352.569 1994.3
-84.9508 -133.135 2373.01
-145.693 -554.13 2362.04
-28.1033 260.849 2268.09
-179.884 61.191 2310.04
FRAME: 173
-201.786 482.253 2187.15
-284.19 -6.91964 2234.94
-162.849 -923.494 2551.97
27.9742 13.4796 2129.92
-266.516 -148.781 2402.6
-278.42 -570.209 2495.78
-328.29 247.17 2286.32
-178.987 252.368 2293
74.0238 30.612 2229.09
-140.583 -926.832 2457.47
-68.6774 -3.74769 2137.09
-72.8771 -141.855 2411.04
-136.409 -545.628 2397.21
-29.683 257.567 2299.67
-174.341 53.5254 2349.91
FRAME: 174
-198.05 481.37 2220.61
-292.034 -12.6903 2268.39
-149.872 -931.377 2635.13
10.3576 -20.9438 2154.61
-255.972 -159.595 2442.1
-261.594 -581.751 2544.82
-324.163 240.93 2322.79
-176.766 247.643 2324.61
80.419 5.14741 2320.79
-132.215 -950.186 2486.68
-54.9011 -15.759 2139.33
-63.7026 -150.871 2444.33
-125.56 -563.828 2437.97
-29.3689 254.357 2326.42
-168.302 46.205 2383.91
FRAME: 175
-195.777 478.719 2239.2
-287.423 -26.0356 2291.48
-154.19 -933.357 2654.3
-2.77572 -63.4454 2184.57
-245.699 -163.668 2459.98
-256.977 -579.078 2566.92
-318.612 233.33 2340.44
-167.872 240.778 2345.17
92.6486 13.3903 2322.49
-127.098 -956.823 2507.69
79.2552 9.57258 2021.43
-56.8485 -154.317 2465.13
-111.486 -572.76 2458.15
-17.131 248.227 2349.9
-159.573 40.8929 2403.86
FRAME: 176
-191.408 478.444 2265.94
-273.88 -40.3772 2327.55
-142.314 -940.284 2695.76
16.4118 -88.0688 2188.8
-234.686 -176.513 2497.06
-243.669 -597.173 2584.18
-312.428 225.331 2373.39
-157.119 232.708 2376.68
106.523 -1.32141 2343.56
-114.352 -968.037 2533.51
103.306 -24.2115 2016.61
-45.9319 -167.324 2500.97
-100.828 -584.027 2478.53
-1.80898 240.085 2379.98
-148.714 30.3949 2437.85
FRAME: 177
-187.609 478.337 2279.49
-272.436 -43.1441 2376.74
-147.823 -941.221 2793.79
1.20492 -111.885 2199.68
-232.005 -181.361 2516.47
-239.075 -607.965 2596.84
-310.682 223.048 2401.69
-151.109 228.84 2404.4
91.2965 -24.3776 2448.07
-103.494 -972.397 2563.64
84.0934 -89.8119 2049.08
-42.8042 -174.45 2519.36
-87.0021 -593.471 2501.39
8.46416 234.631 2407.12
-144.257 25.467 2461.16
FRAME: 178
-182.754 480.334 2300.86
-273.853 -43.6692 2401.19
-150.443 -923.693 2816.16
-12.2575 -126.701 2242.94
-227.532 -173.387 2538.76
-239.698 -591.852 2602.5
-307.653 224.036 2420.72
-148.653 230.047 2418.86
91.135 -11.7628 2485.84
-82.5819 -956.326 2583.16
10.8625 -129.853 2208.31
-35.7242 -166.104 2536.22
-68.102 -576.44 2504.36
10.3468 236.059 2416.99
-140.141 30.1509 2478.17
FRAME: 179
-174.337 486.853 2326.78
-278.704 -12.014 2459.79
-148.578 -914.431 2828.93
-55.8267 -142.376 2313.08
-211.718 -152.999 2556.49
-222.291 -567.244 2629.97
-298.306 233.289 2450.6
-139.185 241.172 2443.95
88.3534 -2.91042 2483.92
-11.0714 -933.884 2649.59
-5.89496 -154.031 2245.37
-18.9389 -143.399 2548.5
-30.2033 -554.692 2523.78
19.9361 249.054 2437.3
-127.257 46.4864 2498.22
FRAME: 180
-168.656 495.02 2344.92
-270.24 4.31659 2482.21
-147.525 -901.398 2838.47
-59.7889 -145.174 2322.61
-197.254 -133.092 2571.51
-210.914 -547.372 2639.74
-291.082 242.184 2467.83
-129.621 251.955 2459.03
93.1905 5.73998 2490.11
15.2909 -921.34 2676.28
-25.4265 -166.323 2255.12
-4.2798 -121.354 2560.97
0.767921 -527.198 2546.59
31.8409 261.725 2450.24
-115.194 62.366 2512.63
FRAME: 181
-161.53 507.978 2360.81
-262.457 12.4856 2491.94
-147.221 -898.818 2837.66
-70.7476 -149.595 2332.01
-181.541 -124.265 2590.13
-200.61 -538.318 2647.67
-285.654 253.23 2482.66
-121.831 263.699 2468.09
103.465 17.7703 2503.15
80.7535 -908.509 2719.62
-33.1127 -179.325 2272.52
6.98275 -112.086 2573.54
20.4109 -522.446 2563.27
41.9912 274.168 2453.52
-104.555 72.7616 2524.96
FRAME: 182
-154.955 515.096 2370.67
-260.645 26.3096 2543.3
-148.545 -908.504 2839.08
-75.043 -165.882 2371.61
-168.469 -118.529 2611.27
-189.346 -539.981 2662.23
-283.208 266.75 2507.41
-117.605 277.498 2479.39
113.971 31.7207 2516.25
108.67 -900.626 2750.14
-46.0666 -184.303 2309.23
23.2667 -106.052 2578.7
50.2535 -513.749 2600.85
47.9986 288.246 2451.36
-95.103 82.6038 2537.19
FRAME: 183
-149.481 521.608 2379.7
-259.275 30.3967 2575.51
-149.736 -910.01 2845.09
-85.9566 -193.67 2365.45
-159.368 -118.532 2622.5
-178.359 -539.273 2684.37
-280.912 270.001 2518.02
-113.773 281.598 2486.28
119.959 38.6315 2519.62
149.877 -902.077 2783.59
-42.4165 -187.805 2344.57
30.8453 -105.351 2586.34
77.7604 -519.21 2624.57
53.3653 293.195 2454.53
-89.0172 84.828 2545.35
FRAME: 184
-140.254 524.982 2387.03
-242.162 29.9865 2599.16
-149.276 -910.104 2851.3
-93.9805 -204.827 2377.24
-145.991 -119.02 2631.94
-168.978 -537.115 2696.42
-263.626 277.94 2533.15
-100.669 286.486 2493.89
137.135 43.7242 2522.2
175.069 -894.416 2810.17
-43.3273 -194.2 2374.49
41.8333 -109.359 2586.54
96.5806 -521.754 2639.84
62.2877 295.031 2454.63
-76.3738 86.1483 2551.57
FRAME: 185
-134.448 526.659 2395.29
-232.618 30.8551 2598.66
-147.598 -904.543 2857.87
-96.2403 -230.078 2387.31
-128.296 -121.037 2643.47
-164.054 -536.865 2704.84
-258.002 272.894 2543.55
-94.4444 282.974 2499.77
150.62 46.0058 2519.66
177.85 -903.99 2811.76
-26.5477 -194.43 2418.44
52.3753 -109.993 2595.06
117.972 -525.683 2651.16
69.1131 293.053 2455.99
-66.2025 83.7295 2559.52
FRAME: 186
-121.004 519.655 2414.43
-207.949 13.1815 2601.75
-144.084 -899.551 2864.48
-125.303 -260.631 2418.93
-107.999 -125.01 2667.34
-158.197 -534.453 2713.78
-229.294 269.186 2573.78
-72.6487 271.889 2515.5
159.782 30.6203 2510.46
181.198 -912.506 2811.07
-30.3857 -202.087 2433.99
65.2359 -122.032 2602.74
130.522 -536.432 2653.08
83.9967 274.592 2457.21
-47.0152 74.1842 2575.27
FRAME: 187
-114.004 513.389 2427.93
-191.069 1.87018 2630.6
-129.697 -901.905 2868.04
-153.681 -267.962 2443.42
-96.8327 -125.976 2688.49
-153.092 -531.983 2719.5
-218.077 261.473 2595.27
-64.3677 261.247 2525.83
148.815 7.09284 2492.11
180.36 -916.022 2809.23
-59.0072 -216.613 2444.48
78.2615 -126.167 2609.4
134.51 -536.758 2653.22
89.3417 261.02 2456.38
-36.8267 67.5877 2587.39
FRAME: 188
-110.322 508.648 2436.93
-181.66 -6.59396 2645.44
-109.113 -906.089 2874.04
-172.778 -274.414 2460.88
-86.1478 -131.6 2702.88
-143.113 -538.369 2732.4
-204.762 258.808 2607.64
-57.1974 257.404 2532.53
148.388 -4.6729 2493.05
179.302 -918.551 2807.29
-81.0761 -220.286 2460.02
91.4786 -133.353 2612.42
134.551 -542.254 2651.74
90.3673 256 2457.42
-27.266 62.4638 2595.09
FRAME: 189
-108.451 508.057 2441.96
-167.518 -0.958482 2656.16
-69.0959 -904.837 2887.05
-207.494 -278.669 2511.55
-73.0369 -133.783 2708.51
-139.379 -542.889 2741.82
-193.987 261.886 2618.96
-51.7317 258.178 2535.8
128.445 -12.1473 2475.94
179.34 -917.588 2810.67
-130.752 -226.849 2479.73
93.7126 -138.264 2611.03
133.74 -546.751 2653.15
90.5238 254.47 2452.65
-20.6969 61.0773 2597.79
FRAME: 190
-107.946 507.862 2447.72
-168.827 7.25511 2669.95
-38.9281 -901.466 2899.84
-238.39 -271.274 2525.6
-63.1859 -131.905 2713.39
-128.784 -544.079 2754.18
-188.614 262.003 2631.96
-51.7311 258.12 2541.44
116.946 -13.5529 2483.56
176.651 -915.103 2815.44
-145.105 -223.062 2501.88
95.5245 -136.499 2608.56
131.305 -547.419 2649.86
85.1522 254.236 2450.92
-17.7809 61.9587 2601.21
FRAME: 191
-111.382 510 2455.83
-175.781 4.16108 2687.37
3.95072 -890.273 2917.21
-279.112 -252.954 2589.72
-56.7576 -129.909 2720.08
-111.676 -540.578 2774.67
-186.704 261.496 2646.48
-59.9275 258.19 2547.64
80.3224 -7.48382 2488.3
171.52 -911.996 2814.08
-175.031 -194.136 2546.83
94.0183 -133.84 2602.55
122.118 -550.101 2642.58
66.849 254.884 2448.81
-20.6486 63.158 2604.48
FRAME: 192
-116.484 513.014 2463.19
-178.034 9.11786 2723.66
23.7829 -895.02 2922.53
-303.071 -250.532 2640.25
-54.1961 -127.935 2728.63
-90.9513 -538.57 2796.19
-182.722 265.904 2661.51
-65.1037 261.034 2555.4
65.6422 -4.74083 2497.45
167.915 -911.224 2811.3
-191.558 -197.17 2577.43
88.2042 -133.833 2600.21
103.982 -555.239 2636.79
52.5145 256.164 2449.28
-24.0498 65.075 2609.91
FRAME: 193
-124.895 513.143 2470
-176.21 23.83 2760.22
31.7314 -897.194 2927.87
-311.983 -241.645 2652.73
-48.8559 -124.673 2738.7
-80.0589 -537.93 2809.08
-179.331 272.297 2674.34
-72.3857 265.555 2561.65
62.6274 2.75617 2504.25
163.929 -912.15 2814.19
-203.984 -169.794 2593.87
82.2692 -133.057 2600.46
87.1331 -561.307 2633.59
34.5598 258.813 2448.96
-27.8395 68.3449 2615.61
FRAME: 194
-135.644 511.568 2477.36
-175.68 17.1332 2774.82
39.3975 -897.917 2934.8
-332.084 -236.892 2699.44
-43.8557 -124.086 2747.04
-75.8235 -534.977 2823.36
-175.403 271.142 2684.98
-81.2698 262.746 2569.29
55.4258 5.39459 2504.39
151.102 -911.435 2807.18
-188.367 -157.832 2607.02
72.7648 -134.576 2603.76
58.3543 -562.608 2625.62
12.8632 254.349 2453.59
-33.4076 66.7074 2622.34
FRAME: 195
-143.622 502.762 2485.02
-160.277 28.6434 2787.34
45.57 -906.427 2931.28
-327.156 -220.436 2718.59
-41.4173 -124.192 2750.92
-70.5256 -542.387 2825.49
-164.015 270.667 2690.54
-80.1293 256.672 2570.4
-1.68581 -14.5541 2493.55
136.854 -915.045 2795.34
-229.441 -146.09 2644.89
60.1323 -141.142 2605.67
30.3924 -570.199 2613.96
3.75621 242.677 2450.27
-35.386 62.0024 2624.35
FRAME: 196
-154.626 496.498 2488.62
-153.904 29.8182 2788.36
45.1538 -901.179 2930.53
-349.187 -204.342 2763.3
-37.6373 -121.853 2756.01
-68.3815 -543.023 2825.19
-162.502 273.635 2691.19
-90.4219 255.362 2567.47
-31.0522 -19.8971 2495.01
115.183 -920.947 2779.14
-248.053 -143.053 2659.61
49.6364 -143.994 2606.42
4.37914 -575.164 2603.83
-18.3417 237.089 2443.74
-42.2112 61.2194 2624.34
FRAME: 197
-174.848 482.712 2488.92
-150.883 30.0716 2791.6
32.0634 -906.995 2914.15
-355.112 -165.955 2841.13
-33.9013 -117.947 2758.34
-72.581 -539.797 2824.97
-160.164 272.196 2694.43
-104.556 247.92 2565
-59.6678 -22.5385 2504.19
57.138 -935.648 2732.65
-270.636 -118.217 2706.56
32.6683 -146.982 2603.78
-37.5752 -568.774 2592.6
-48.9482 223.644 2435.56
-52.5863 57.7279 2623.03
FRAME: 198
-202.453 471.446 2479.77
-145.971 28.0644 2796.64
31.2055 -906.367 2907.38
-346.496 -142.033 2881.77
-32.3338 -116.701 2755.73
-75.0055 -539.734 2823.36
-156.353 269.737 2697.58
-114.613 243.484 2565.93
-94.496 -18.1362 2508.99
-7.33335 -944.634 2689.34
-281.591 -80.9195 2756.99
18.7957 -148.866 2594.57
-72.7694 -568.357 2581.6
-72.8725 217.231 2434.28
-60.6908 55.3502 2620.54
FRAME: 199
-221.424 463.291 2470.07
-148.157 20.5449 2800.22
33.3611 -907.998 2894.72
-339.93 -118.867 2905.39
-26.8261 -113.987 2754.74
-72.3474 -537.911 2824.54
-155.917 262.221 2700.41
-130.366 235.229 2570.83
-123.39 -6.91341 2519.88
-44.4642 -956.986 2647.38
-290.352 -53.1876 2786.97
6.12043 -149.155 2585.84
-96.5915 -570.642 2569.95
-104.815 208.237 2441.26
-70.3594 51.8291 2620.56
FRAME: 200
-238.006 455.605 2457.07
-151.501 19.9337 2801.07
27.791 -908.319 2881.75
-339.348 -95.5396 2903.73
-24.2835 -112.177 2749.93
-72.141 -536.131 2824.2
-156.325 263.701 2699.97
-139.924 235.581 2568.66
-181.125 -3.50722 2542.07
-87.6962 -965.261 2620
-291.59 -39.4526 2821.06
-2.71703 -149.593 2575.19
-107.578 -572.998 2561.12
-123.522 207.46 2437.35
-76.712 52.3481 2615.61
FRAME: 201
-255.645 450.193 2437.9
-152.057 21.3306 2801.57
29.115 -900.329 2870.11
-322.912 -105.992 2869.61
-24.4031 -112.822 2746.34
-73.9524 -535.666 2825.15
-161.337 266.191 2695.15
-150.221 237.378 2564.15
-206.263 4.50012 2559.88
-112.99 -955.353 2604.01
-288.641 -29.9638 2837.69
-9.00424 -152.265 2566.71
-115.99 -571.18 2551.83
-139.104 208.564 2433.15
-83.4622 52.4172 2610.34
FRAME: 202
-271.595 445.602 2423.72
-155.268 34.562 2791.83
-0.991967 -896.117 2815.61
-288.442 -88.2899 2828.8
-25.9424 -106.92 2741.45
-75.8368 -530.485 2819.07
-167.171 271.824 2682.25
-160.036 241.052 2553.31
-223.329 1.21403 2550.81
-93.2984 -919.235 2689.13
-253.684 -37.398 2825.99
-14.5497 -151.024 2558.81
-118.623 -572.005 2544.54
-152.901 210.28 2424.38
-90.1411 56.0402 2601.72
FRAME: 203
-293.43 436.899 2405.98
-158.451 39.8044 2746.07
11.7891 -889.195 2837.63
-229.101 -85.5242 2811.33
-29.6646 -107.436 2736.21
-80.5818 -525.127 2811.99
-171.96 276.585 2672.96
-168.959 244.897 2544.89
-196.627 15.2553 2542.38
-66.738 -879.358 2747.98
-178.483 -71.5118 2730.68
-22.803 -154.335 2546.3
-125.509 -573.34 2536.33
-165.958 213.209 2416.82
-97.5963 57.0057 2593.07
FRAME: 204
-308.791 431.385 2389.32
-186.947 51.8882 2682.37
-14.6736 -887.377 2797.41
-222.02 -39.727 2764.95
-36.0242 -101.61 2728.88
-82.3737 -521.269 2805.07
-174.615 284.749 2670.16
-172.155 250.536 2536.46
-195.692 5.43375 2540.33
-36.4628 -856.792 2818.58
-142.89 -81.7225 2699.5
-30.4466 -150.44 2534.33
-124.686 -575.953 2526.83
-169.694 216.323 2402.75
-102.695 62.2554 2584.03
FRAME: 205
-338.692 408.14 2351.19
-194.663 56.561 2651.07
-22.0094 -896.559 2798.14
-235.275 9.28274 2655.1
-49.7904 -104.703 2718.25
-93.3067 -524.805 2799.44
-171.018 284.661 2658.52
-165.767 257.061 2527.81
-196.097 9.49877 2533.12
-27.2591 -842.268 2816.07
-127.045 -100.554 2666.26
-39.25 -149.296 2505.26
-142.363 -574.184 2492.07
-160.516 229.461 2397.09
-105.144 65.0306 2569.78
FRAME: 206
-356.147 393.011 2321.13
-218.269 52.6113 2605.69
-40.6974 -903.498 2779.55
-280.37 82.7423 2509.11
-60.5669 -105.319 2708.42
-105.238 -527.481 2781.68
-172.669 288.598 2644.37
-163.429 262.649 2515.29
-189.061 12.8746 2526.36
-15.81 -825.871 2829.04
-140.045 -91.0437 2694.26
-43.5393 -148.806 2491.08
-138.77 -574.07 2483.01
-154.188 236.701 2386.2
-107.741 67.7932 2557.52
FRAME: 207
-368.66 382.047 2293.59
-241.341 45.5653 2557.08
-59.2155 -897.05 2776.96
-301.377 120.222 2422.58
-69.2076 -101.998 2693.11
-117.385 -524.628 2757.05
-189.92 287.987 2617.16
-181.501 257.104 2487
-184.755 9.00055 2511.14
-17.5108 -803.104 2838.7
-145.533 -110.904 2629.88
-49.1305 -151.415 2476.6
-149.953 -581.817 2469.06
-173.081 226.222 2356.83
-120.335 65.1989 2535.93
FRAME: 208
-376.52 368.337 2271.99
-267.218 30.4889 2499.2
-63.4448 -888.541 2775.37
-302.035 97.1032 2426.79
-86.8803 -106.669 2663.04
-126.77 -524.432 2742.89
-204.327 276.355 2597.75
-192.177 244.985 2463.22
-187.871 9.91634 2476.7
-25.042 -806.809 2828.8
-129.546 -121.182 2581.98
-61.2447 -156.654 2452.54
-167.231 -587.949 2448.88
-180.027 213.615 2328.69
-133.12 56.6617 2510.51
FRAME: 209
-383.83 359.189 2252.18
-297.595 42.1452 2442.67
-129.544 -908.097 2681.96
-337.269 150.78 2333.17
-101.524 -113.195 2642.81
-178.997 -539.584 2619.72
-213.129 274.584 2554.26
-200.831 246.507 2433.19
-184.29 1.59473 2454.03
-55.3755 -855.729 2716.11
-141.165 -133.011 2561.24
-65.897 -163.882 2434.92
-178.983 -597.471 2431.74
-188.533 218.43 2312.13
-142.271 53.9843 2486.03
FRAME: 210
-386.003 349.043 2227.04
-323.155 14.5608 2354.63
-177.74 -911.632 2592.63
-327.781 181.804 2257.39
-106.85 -108.101 2623.97
-174.296 -529.1 2637.27
-231.005 264.997 2508.79
-219.268 225.682 2386.21
-232.522 -17.6058 2380.22
-94.5124 -895.514 2642.48
-150.437 -105.96 2572.8
-84.8624 -184.481 2411.08
-203.818 -615.039 2407.32
-207.532 186.366 2263.63
-157.562 39.695 2451.87
FRAME: 211
-382.039 332.466 2188.55
-281.796 -14.9857 2434.34
-175.165 -913.783 2589.79
-367.238 -96.3084 2534.45
-112.041 -113.259 2614.38
-178.334 -532.311 2629.19
-245.414 245.35 2481.98
-245.779 201.127 2357.41
-270.73 -52.6318 2342.63
-99.6168 -902.454 2630.85
-183.801 -128.617 2567.19
-105.084 -205.062 2385.03
-214.466 -633.504 2382.94
-246.144 156.905 2232.83
-177.171 20.9834 2428.56
FRAME: 212
-380.607 324.408 2161.14
-267.463 -28.305 2478.43
-172.865 -915.169 2601.81
-423.311 -261.667 2578.11
-121.219 -116.091 2602.84
-178.427 -536.251 2686.83
-259.215 233.578 2456.31
-259.041 180.392 2327.87
-319.112 -100.422 2301.52
-92.7399 -896.097 2643.85
-316.211 -194.636 2568.01
-113.237 -219.611 2372.97
-218.176 -643.785 2375.31
-258.868 127.206 2199.42
-188.135 6.27031 2407.88
FRAME: 213
-372.956 324.921 2146.62
-293.925 -29.5702 2472.18
-193.783 -911.797 2576.91
-433.736 -289.807 2521.53
-150.513 -119.739 2585.53
-223.114 -547.452 2649.22
-308.074 197.408 2400.95
-281.077 139.381 2282.25
-335.703 -136.151 2277.41
-91.5181 -928.904 2607.62
-437.976 -303.203 2480.85
-99.825 -227.315 2372.45
-201.242 -651.589 2375.02
-254.08 81.3531 2163.55
-203.123 -17.0732 2380.62
FRAME: 214
-361.387 324.292 2126.87
-350.229 -46.0771 2456.13
-201.843 -923.782 2601.85
-443.954 -296.087 2346.06
-175.535 -125.826 2574.75
-245.252 -559.954 2649.57
-347.94 174.422 2355.06
-295.05 118.601 2244.53
-338.469 -181.464 2206.45
-81.6114 -944.03 2583.63
-448.818 -301.596 2294.85
-80.8785 -229.696 2373.32
-181.11 -650.092 2371.86
-242.16 62.7811 2134
-211.628 -29.5798 2359.28
FRAME: 215
-349.412 328.094 2111.92
-389.773 -51.3072 2341.36
-211.633 -940.286 2568.06
-474.471 -314.774 2253.52
-189.745 -135.167 2554.31
-277.494 -572.86 2599.04
-355.819 171.809 2337.13
-290.365 114.739 2223.48
-319.981 -195.273 2137.69
-77.5041 -966.191 2560.22
-530.14 -379.541 2154
-83.7026 -230.376 2368.2
-176.156 -649.649 2366.59
-224.912 57.6687 2109.83
-213.545 -34.0163 2342.37
FRAME: 216
-339.735 330.41 2097.94
-409.385 -59.3554 2247.33
-210.829 -890.251 2572.47
-471.703 -332.038 2089.93
-203.013 -134.214 2545.14
-317.176 -582.526 2539.6
-363.322 171.811 2310.6
-282.597 117.478 2201.5
-274.32 -192.18 2075.72
-74.9532 -957.795 2543.5
-502.383 -360.542 1979.95
-72.7925 -222.244 2368.52
-160.981 -644.73 2365.25
-201.872 63.1446 2092.4
-210.25 -30.3755 2329.17
FRAME: 217
-333.885 335.366 2095.35
-389.027 -59.81 2176.23
-217.279 -912.095 2522.93
-428.192 -303.756 1938.55
-216.842 -145.548 2522.86
-350.546 -585.452 2425.2
-364.976 177.181 2299.84
-273.232 130.226 2194.68
-227.151 -167.852 2036.89
-84.4488 -921.994 2585.83
-456.525 -307.256 1846.9
-77.7936 -218.319 2361.74
-161.952 -631.88 2352.69
-181.488 83.2712 2089.51
-210.275 -25.8538 2318.49
FRAME: 218
-329.41 337.314 2081.83
-418.056 -85.5143 2119.42
-166.712 -898.088 2577.93
-374.971 -207.763 1822.99
-265.085 -188.281 2396.37
-287.037 -599.846 2437.74
-392.112 141.69 2248.17
-267.135 126.902 2174.72
-187.488 -133.312 2011.08
-123.524 -902.055 2571.76
-357.207 -199.396 1752.99
-130.787 -207.611 2313.35
-209.321 -616.646 2326.8
-142.158 112.115 2101.27
-232.536 -35.5217 2264.79
FRAME: 219
-330.371 338.075 2067.81
-360.262 -7.41336 2018.71
-169.251 -917.901 2581.29
-160.767 -32.6108 1770.78
-300.132 -176.575 2379.39
-282.403 -586.255 2470.8
-361.278 171.851 2207.71
-239.675 144.231 2149.39
-81.9808 35.7348 1863.32
-169.07 -954.505 2477.15
-123.558 68.0755 1652.06
-151.244 -210.645 2309.13
-212.361 -628.123 2327.27
-118.072 116.611 2091.06
-232.682 -24.6895 2246.82
FRAME: 220
-332.191 337.716 2062.59
-322.69 4.74801 1983.54
-185.081 -923.712 2566.33
-46.9902 89.1416 1798.39
-318.358 -175.219 2365.03
-295.715 -587.092 2462.24
-374.696 170.457 2170.56
-235.692 142.495 2126.89
-72.7017 26.5131 1855.04
-179.727 -980.043 2454.96
-58.9081 124.221 1679.13
-153.717 -207.22 2314.28
-214.574 -621.817 2330.74
-96.6887 114.534 2083.22
-235.865 -24.3622 2233.27
FRAME: 221
-333.429 336.725 2059.2
-312.165 6.84872 1978.79
-181.267 -944.424 2588.4
-25.2166 120.194 1860.74
-323.863 -179.852 2355.04
-310.855 -597.68 2469.15
-378.62 157.585 2170.52
-230.846 134.096 2139.07
-69.4474 -7.33459 1901.48
-185.797 -961.028 2469.79
-56.4151 149.105 1752.32
-155.592 -206.009 2319.66
-214.839 -616.932 2331.52
-83.0715 110.606 2107.62
-235.287 -29.4175 2238.21
FRAME: 222
-333.88 336.716 2058.53
-295.622 20.7991 1978.44
-200.33 -945.556 2594.03
3.46807 177.033 1948.88
-330.69 -182.633 2338.67
-325.702 -599.052 2463.03
-382.067 156.988 2174.57
-226.046 135.915 2152.77
-42.145 -5.22898 1938.79
-192.142 -958.73 2435.2
-54.5171 211.783 1827.46
-159.678 -205.78 2314.46
-214.424 -603.747 2323.94
-70.026 114.841 2130.96
-235.615 -29.1459 2239.67
FRAME: 223
-336.375 339.551 2046.89
-279.24 39.0741 1972.15
-218.157 -964.952 2542.48
2.53717 198.132 1991.51
-336.348 -186.651 2326.94
-333.282 -594.502 2456.29
-383.662 161.701 2161.08
-223.932 144.791 2154.29
-11.1905 21.3064 1954.28
-194.342 -956.18 2444.21
-51.5139 242.025 1873.64
-164.039 -204.967 2319.31
-217.758 -604.499 2330.74
-64.2028 127.881 2147.51
-237.063 -25.5088 2238.71
FRAME: 224
-333.465 347.677 2045.87
-247.514 76.0343 1976.4
-214.627 -974.096 2548.03
-4.57718 231.444 2031.1
-342.967 -186.279 2311.49
-336.764 -601.064 2421.08
-380.019 185.31 2158.14
-221.984 174.266 2166.48
6.61806 35.1291 1988.06
-192.313 -969.582 2438.91
-34.5167 253.424 1923.58
-167.258 -198.386 2320.92
-216.441 -600.753 2329.94
-63.9485 163.221 2174.82
-238.548 -9.03317 2241.34
FRAME: 225
-319.47 353.539 2049.89
-248.206 91.7989 1969.33
-217.877 -967.361 2551.24
-10.8702 241.306 2052.62
-343.407 -182.645 2302.86
-347.236 -594.832 2418.47
-375.032 200.712 2150.74
-213.955 190.02 2170.7
14.6481 38.005 2010.48
-203.08 -967.259 2453.76
-33.8843 265.068 1945.76
-168.544 -194.373 2323.79
-219.695 -602.688 2333.25
-52.8791 179.328 2190.67
-234.965 0.755516 2242.01
FRAME: 226
-319.046 370.41 2031.13
-235.29 114.018 1965.12
-221.09 -958.749 2520.41
-17.3698 270.601 2081.48
-346.001 -178.85 2291.29
-349.834 -596.628 2401.53
-373.751 216.116 2140.99
-224.871 211.731 2169.72
33.0329 47.5571 2031.76
-209.594 -958.076 2452.9
-13.9726 279.551 1981.62
-174.851 -183.696 2324.59
-220.529 -601.562 2336.01
-75.9918 207.346 2198.45
-242.649 15.229 2238.83
FRAME: 227
-311.534 383.072 2031.12
-231.658 124.623 1956.85
-230.003 -957.579 2493.13
-23.9129 279.221 2090.63
-358.394 -172.255 2286.31
-359.463 -585.703 2380.5
-376.868 222.251 2131.66
-231.32 220.999 2164.09
33.6571 42.958 2035.37
-215.046 -944.44 2452.67
-4.74268 294.519 1989.09
-173.099 -174.015 2327.53
-218.515 -589.633 2338.29
-85.7727 219.747 2196.53
-248.533 23.9321 2235.51
FRAME: 228
-306.474 390.414 2031.79
-229.554 146.024 1948.65
-227.223 -943.414 2487.16
-29.8348 296.745 2071.95
-359.348 -159.247 2282.74
-361.665 -583.242 2356.59
-372.224 234.629 2124.29
-224.888 230.21 2157.3
42.2461 44.6697 2049.59
-210.495 -949.474 2451.6
-45.0668 291.439 2006.91
-178.658 -164.647 2323.05
-209.3 -586.034 2342.56
-77.5511 225.79 2190.32
-246.945 34.1312 2230.1
FRAME: 229
-301.086 397.022 2033.12
-222.602 162.6 1945.78
-228.898 -931.665 2468.31
-24.558 304.81 2087.27
-364.082 -147.796 2272.52
-366.35 -577.067 2350.34
-368.299 246.634 2117.61
-223.745 241.366 2153.71
42.7236 40.5946 2073.04
-213.496 -951.17 2441.97
-25.4596 279.248 1983.65
-181.906 -154.412 2317.67
-210.134 -578.633 2343.54
-79.1901 236.098 2189.81
-248.369 45.1311 2224.4
FRAME: 230
-297.68 405.47 2035.58
-226.934 160.902 1943.01
-231.597 -924.033 2473.75
-46.7309 328.08 2113.42
-364.891 -140.742 2272.77
-366.718 -569.961 2345.84
-366.754 250.622 2117.76
-224.233 244.657 2150.27
41.8191 42.1038 2073.81
-216.416 -943.389 2439.84
-39.1289 284.409 1980.75
-181.081 -148.45 2314.37
-213.942 -576.753 2338.89
-81.7118 238.691 2182.78
-248.609 50.0305 2221.92
FRAME: 231
-293.62 413.865 2037.73
-230.281 161.842 1941.05
-235.031 -923.712 2464.16
-44.9157 320.855 2114.72
-367.386 -137.01 2271.64
-367.113 -572.138 2335.07
-368.225 251.96 2117.29
-226.964 246.425 2150.1
47.9461 51.1775 2073.1
-215.658 -928.601 2442.23
-44.252 289.04 2003.21
-182.064 -144.384 2314.32
-219.223 -569.363 2336.08
-85.7032 240.889 2182.91
-250.845 52.864 2221.54
FRAME: 232
-290.115 419.95 2039.44
-233.17 163.004 1942.6
-238.267 -900.997 2464.79
-35.4859 319.649 2088.95
-366.696 -136.609 2269.43
-368.336 -565.699 2333.34
-371.087 253.648 2119.54
-230.918 249.857 2155.13
46.0659 55.26 2081.46
-214.689 -905.28 2441.87
-35.189 294.534 1993.74
-184.873 -141.653 2315.13
-221 -562.278 2335.3
-90.7496 246.066 2190.72
-253.351 55.3631 2223.71
FRAME: 233
-287.863 428.711 2041.88
-232.846 159.636 1942.15
-235.75 -894.317 2461
-37.5134 326.441 2103.75
-371.221 -134.126 2270.44
-371.558 -560.268 2334.54
-369.469 257.672 2123.6
-230.013 252.46 2157.44
46.077 54.6305 2081.08
-215.008 -896.728 2443.49
-36.9055 309.772 2015.28
-183.385 -141.269 2315.7
-223.925 -552.175 2332.73
-90.5576 247.247 2191.28
-253.658 57.3811 2225.25
FRAME: 234
-284.483 433.384 2043.19
-237.231 158.811 1944.83
-230.218 -882.591 2454.79
-34.5013 322.046 2095.08
-370.09 -131.344 2271.49
-368.406 -558.676 2337.17
-371.917 260.465 2128.62
-230.852 255.44 2163.94
52.8811 61.9806 2082.22
-217.224 -899.865 2448.22
-21.5391 318.499 2018.98
-183.952 -138.141 2317.58
-229.244 -539.825 2336.35
-89.7873 250.415 2199.25
-253.937 60.3485 2229.24
FRAME: 235
-283.656 439.632 2047.66
-241.337 155.283 1960.25
-227.682 -888.792 2462.19
-34.0163 305.225 2063.35
-367.417 -135.061 2270.38
-365.247 -554.555 2347.48
-370.138 263.278 2140.74
-229.365 257.409 2176.49
48.4653 66.5099 2090.54
-219.744 -896.428 2447.88
-9.06962 328.693 2033.47
-183.335 -143.027 2316.41
-229.561 -541.95 2333.09
-88.5913 251.54 2212.24
-252.37 59.1826 2234.94
FRAME: 236
-283.07 447.515 2053.19
-243.804 147.829 1978.66
-227.344 -886.674 2483.23
-13.4129 307.864 2073.24
-368.806 -134.635 2267.91
-369.068 -561.724 2353.4
-374.788 265.404 2145.54
-231.542 259.332 2183.35
45.4976 61.0395 2101.45
-220.125 -908.327 2451.56
-8.39423 326.355 2032.72
-184.607 -142.57 2316.01
-227.839 -546.629 2334.46
-88.2956 253.259 2221.15
-254.124 60.3648 2237.65
FRAME: 237
-282.99 451.268 2056.03
-245.427 144.274 1976.25
-221.772 -878.639 2495.82
0.132752 284.793 2083.68
-366.654 -137.424 2264.52
-372.071 -557.677 2361.46
-375.369 263.317 2148.46
-230.93 257.408 2189.71
43.5459 63.252 2120.17
-221.697 -910.517 2457.98
-8.67313 307.462 2020.84
-184.773 -144.997 2315.91
-222.156 -550.025 2339.24
-86.491 251.498 2230.96
-253.322 58.0983 2239.96
FRAME: 238
-282.128 455.272 2059.91
-249.941 135.467 1984.14
-230.985 -872.59 2498.94
-16.0419 272.867 2081.02
-364.495 -140.805 2262.81
-367.253 -561.215 2363.85
-376.313 263.318 2146.9
-232.186 258.572 2190.21
46.2277 75.2792 2114.54
-219.989 -913.961 2460.92
-20.1388 313.897 2056.48
-185.486 -146.862 2316.13
-220.601 -552.664 2344.31
-88.0583 253.825 2233.52
-253.588 57.3692 2239.84
FRAME: 239
-280.779 462.963 2065.73
-270.558 114.662 1995.33
-217.879 -882.051 2499.73
-2.64584 202.769 2068.78
-363.266 -141.85 2263.01
-365.637 -561.261 2367.6
-381.473 263.598 2151.7
-237.087 260.665 2194.51
36.2373 71.6224 2124.95
-218.232 -915.081 2465.15
-8.7719 285.853 2047.99
-182.862 -145.617 2315.95
-218.563 -550.149 2345.3
-92.7016 257.731 2237.33
-255.076 58.4656 2242
FRAME: 240
-277.655 472.281 2074.91
-295.652 93.7665 2008.74
-215.338 -890.236 2494.26
-3.82356 193.162 2076.83
-362.876 -142.055 2268.26
-362.932 -562.493 2374.66
-387.121 263.112 2155.63
-239.927 261.581 2197.16
28.16 63.4101 2142.63
-214.206 -923.907 2476.97
-9.95232 223.044 1999.61
-179.65 -144.098 2319.38
-213.23 -553.695 2353.92
-92.7323 260.051 2238.68
-255.595 59.2524 2245.49
FRAME: 241
-275.738 479.712 2085.01
-320.774 78.8226 2029.47
-218.74 -896.221 2492.91
-47.308 163.107 2056.08
-359.232 -142.614 2276.83
-361.732 -564.489 2383.06
-390.089 265.471 2168.47
-243.475 264.276 2201.19
24.4643 77.7586 2119.42
-210.657 -921.775 2473.29
-36.0342 202.775 1988.64
-176.554 -144.199 2317.26
-208.711 -554.068 2354.26
-96.8613 263.081 2233.91
-255.684 60.4348 2249.12
FRAME: 242
-272.138 485.203 2099.28
-323.994 70.4709 2041.25
-216.053 -894.356 2517.74
-28.9102 167.694 2060.3
-353.785 -142.809 2287.51
-357.453 -565.188 2386.56
-387.983 263.656 2179.45
-243.569 264.478 2209.45
26.3059 85.4129 2107.81
-204.493 -925.894 2480.02
-69.6163 141.614 1988.47
-168.512 -141.82 2325.82
-203.312 -555.589 2361.56
-99.1543 265.3 2239.44
-252.358 61.0816 2258.05
FRAME: 243
-271.896 490.586 2109.23
-331.676 64.6814 2060.74
-222.361 -895.619 2542.44
-47.5635 123.411 2059.73
-345.089 -133.552 2301.73
-354.445 -564.672 2408.35
-391.142 271.164 2186.83
-244.19 274.332 2214.18
35.6489 127.159 2098.91
-205.847 -925.478 2477.01
-33.8478 258.448 2019.72
-163.295 -129.562 2335.4
-199.915 -551.987 2364.05
-97.2377 277.501 2241.54
-249.191 71.3877 2266.37
FRAME: 244
-269.647 497.974 2120.57
-337.198 59.6776 2092.16
-221.008 -882.534 2550.29
-56.8657 93.2379 2064.41
-341.109 -123.115 2311.96
-353.356 -552.907 2423.2
-392.104 275.871 2200.47
-244.257 279.828 2223.52
42.904 116.285 2112.82
-204.369 -923.473 2474.93
-42.3215 215.42 1988.96
-158.007 -118.203 2340.3
-197.898 -544.366 2365.6
-96.4088 283.786 2246.58
-246.907 79.5849 2274.83
FRAME: 245
-267.635 504.568 2142.55
-333.732 46.7275 2117.9
-220.348 -874.9 2568.08
-47.1024 55.3793 2095.92
-332.108 -117.729 2326.61
-349.524 -548.871 2443.31
-386.572 276.468 2215.27
-238.645 281.059 2237.05
47.7235 108.864 2121.84
-203.348 -926.229 2475.93
-7.01674 240.157 1980.3
-150.804 -112.168 2353.06
-193.382 -543.644 2368.82
-90.7187 285.65 2258.82
-240.05 83.0553 2288.44
FRAME: 246
-266.311 509.164 2159.68
-331.046 39.1022 2138.35
-217.023 -879.509 2577.96
-27.1945 45.111 2107.17
-325.163 -120.83 2345.27
-345.912 -551.254 2458.32
-383.826 273.54 2238.73
-236.175 277.952 2254.32
44.5864 86.0726 2152.29
-195.919 -925.942 2484.78
-22.1528 177.92 1982.54
-145.318 -115.572 2363.99
-189.626 -541.094 2378.15
-88.5232 282.363 2269.91
-235.707 79.8753 2304.47
FRAME: 247
-262.799 516.788 2177.97
-341.085 30.5014 2174.57
-217.53 -876.157 2581.19
-32.032 13.7768 2140.08
-319.502 -123.233 2364.12
-342.546 -549.514 2467.29
-382.167 275.314 2255.79
-233.123 280.032 2266.58
49.08 81.4293 2156.97
-196.114 -922.601 2490.91
24.1434 181.857 1932.85
-136.118 -117.468 2377.27
-185.431 -538.702 2390.86
-84.0792 284.75 2277.38
-230.466 79.8407 2318.64
FRAME: 248
-260.159 518.233 2200.08
-339.669 19.4419 2212.35
-213.239 -883.618 2590.37
-21.4236 -22.9787 2163.83
-313.213 -127.064 2385.14
-340.622 -546.599 2481.93
-376.535 274.705 2280.88
-230.094 279.827 2287.44
89.4093 83.2137 2213.66
-194.776 -914.564 2494.82
69.5308 118.648 1875.4
-127.615 -120.566 2393.41
-184.898 -536.42 2400.35
-83.6524 284.948 2294
-225.254 78.0059 2338.36
FRAME: 249
-254.436 516.204 2220.75
-331.841 14.6125 2220.06
-212.62 -881.037 2598.25
-25.6553 -51.9492 2169.09
-311.258 -130.87 2407.87
-330.933 -553.11 2492.73
-371.604 270.559 2302.86
-224.425 273.428 2304.71
72.2488 50.8926 2272.22
-193.236 -913.573 2499.77
84.9395 73.5373 1948.24
-124.92 -127.21 2410.25
-185.309 -539.167 2410.23
-77.2452 276.297 2306.55
-221.257 72.194 2356.88
FRAME: 250
-254.188 520.877 2238
-332.303 9.53891 2263.72
-210.191 -880.018 2620.13
-50.255 -69.9144 2194.12
-307.287 -130.762 2418.82
-327.058 -546.078 2498.02
-370.715 268.288 2322.04
-225.417 272.799 2325.67
25.6131 52.6936 2414.84
-193.792 -915.718 2508.16
41.4641 -65.5673 2135.83
-124.267 -125.074 2423.38
-179.266 -538.996 2421.41
-80.1179 277.31 2329.31
-220.597 72.4405 2373.39
FRAME: 251
-252.258 520.783 2263.25
-336.796 11.667 2294.05
-204.361 -885.384 2623.9
-95.507 -84.6226 2224.46
-301.126 -127.96 2444.43
-315.645 -550.87 2515.24
-373.506 268.579 2339.08
-225.556 275.683 2344.85
10.1083 45.665 2431.68
-194.362 -915.93 2507.35
-28.191 -92.0357 2153.56
-120.092 -119.263 2451.55
-182.41 -533.942 2428.65
-77.605 282.787 2350.63
-218.082 76.0358 2396.42
FRAME: 252
-246.133 524.596 2303.7
-354.352 20.7108 2352.81
-200.932 -887.356 2632.42
-110.147 -138.091 2291.3
-291.559 -126.677 2473.35
-305.003 -545.251 2548.88
-371.027 266.083 2381.1
-221.363 271.701 2379.01
10.0047 34.3522 2449.7
-190.269 -917.532 2512.21
-49.2568 -161.963 2211.04
-118.684 -120.245 2471.23
-181.225 -535.449 2442.25
-71.6981 277.319 2376.92
-213.242 74.1201 2425.65
FRAME: 253
-245.295 525.235 2324.56
-367.105 23.9542 2405.7
-192.774 -897.719 2634.73
-141.033 -159.914 2345.83
-288.538 -131.354 2494.97
-300.16 -536.453 2584.01
-371.4 265.411 2407.4
-217.443 270.945 2405.61
13.2077 29.9082 2482.84
-186.335 -878.528 2506.63
-77.9223 -194.656 2255.83
-115.624 -125.265 2492.85
-165.412 -534.77 2466.57
-63.486 276.478 2403.83
-209.762 71.3175 2449.76
FRAME: 254
-241.324 524.821 2338.68
-373.23 12.0649 2458.68
-188.796 -897.756 2648.17
-143.689 -171.934 2378.63
-283.168 -129.643 2531.39
-293.898 -534.509 2603.7
-366.727 261.935 2437.53
-211.184 268.636 2433.29
15.5983 25.127 2505.85
-172.098 -918.757 2539.82
-91.3985 -211.814 2296.74
-100.016 -121.793 2526.16
-144.066 -541.434 2504.14
-55.6403 275.338 2429.05
-201.388 71.4592 2481.03
FRAME: 255
-238.726 524.202 2357.6
-375.184 17.075 2490.58
-183.173 -887.043 2685.87
-149.031 -198.84 2407.48
-285.388 -124.642 2558.82
-295.544 -531.36 2630.16
-366.638 265.102 2458.76
-208.699 269.422 2448.95
20.8743 22.7375 2515.03
-168.727 -911.406 2560.87
-101.677 -214.862 2332.08
-97.7739 -119.681 2546.75
-134.063 -540.5 2537.66
-50.7588 273.742 2439.14
-200.14 73.6303 2500.87
FRAME: 256
-236.303 524.468 2376.24
-379.386 13.0873 2528.95
-196.775 -873.833 2693.25
-165.619 -211.933 2433.2
-279.613 -125.133 2574.78
-294.937 -528.324 2654.52
-367.497 263.896 2481.04
-207.413 268.102 2467.51
23.1539 24.6898 2534.74
-162.796 -917.731 2572.81
-105.626 -206.469 2373.22
-98.1822 -120.389 2559.28
-132.688 -536.408 2540.93
-47.3287 272.308 2453.99
-198.155 72.6704 2517.27
FRAME: 257
-232.945 524.263 2389.83
-387.876 11.8809 2566.51
-200.902 -894.231 2770.31
-198.434 -216.014 2465.27
-279.485 -131.49 2595.12
-291.238 -553.477 2663.86
-365.464 267.741 2504.78
-205.667 270.126 2483.59
25.6775 24.2055 2541.59
-159.188 -929.997 2586.93
-124.29 -214.492 2400.81
-93.4684 -128.814 2570.21
-127.33 -543.758 2549.21
-45.8702 272.511 2462.4
-196.072 69.987 2533.13
FRAME: 258
-225.179 526.769 2410.2
-386.421 26.0692 2615.01
-180.774 -898.168 2845.58
-231.026 -231.32 2520.07
-269.904 -131.485 2618.37
-270.526 -552.875 2703.31
-360.171 274.294 2535.42
-201.031 277.509 2507.32
31.013 29.8736 2555.96
-137.329 -931.847 2605.65
-104.708 -208.064 2402.84
-82.3032 -127.778 2585.26
-118.793 -543.439 2557.75
-41.8917 280.723 2479.23
-188.567 73.9387 2554.57
FRAME: 259
-217.141 533.819 2430.15
-381.585 36.5476 2642.23
-171.538 -912.178 2848.15
-258.239 -223.236 2564.46
-264.018 -128.265 2638.47
-258.255 -553.458 2728.4
-353.24 280.501 2561.89
-193.271 282.387 2529.44
43.5108 31.9905 2571.38
-113.822 -937.171 2626.42
-134.604 -161.925 2453.86
-75.8818 -126.18 2600.04
-105.794 -544.513 2569.24
-33.3033 284.274 2496.98
-181.611 77.5826 2574.35
FRAME: 260
-211.286 540.38 2443.89
-378.31 40.8584 2680.4
-165.657 -912.246 2856.69
-261.942 -183.144 2571.21
-256.929 -127.668 2652.27
-252.663 -551.327 2731.28
-345.867 285.074 2582.72
-187.264 286.979 2544.64
52.3569 39.8249 2587.64
-73.3898 -946.849 2680.38
-78.0252 -160.868 2440.73
-67.2456 -125.513 2606.5
-86.8147 -547.855 2591.08
-28.6608 288.883 2506.57
-174.675 80.1939 2587.01
FRAME: 261
-201.683 548.243 2457.4
-380.495 60.0443 2705.17
-162.571 -919.635 2875.49
-328.396 -171.892 2630.23
-250.798 -124.325 2661.77
-244.375 -556.018 2744.33
-339.244 294.109 2597.33
-180.246 296.173 2557.24
60.8675 51.5937 2603.89
-41.7157 -951.234 2723.65
-95.5052 -124.73 2460.84
-58.6415 -121.875 2613.27
-58.3898 -556.082 2616.42
-21.2484 298.238 2517.15
-167.483 86.5367 2597.38
FRAME: 262
-191.556 556.671 2470.53
-366.99 52.4906 2720.83
-160.786 -916.621 2887.17
-279.729 -107.954 2605.61
-240.585 -119.3 2674.53
-236.041 -548.114 2754.7
-330.795 300.952 2615.01
-173.322 304.623 2572.1
58.4905 58.313 2601.04
-23.3341 -940.511 2748.06
-117.258 -108.835 2470.46
-45.0797 -114.73 2621.24
-46.229 -545.083 2628.17
-15.8485 308.294 2529.2
-158.077 93.8039 2609.99
FRAME: 263
-183.14 562.801 2482.79
-365.282 66.7377 2735.56
-160.336 -906.245 2892.63
-259.911 -148.072 2602.05
-240.727 -118.012 2680.97
-233.392 -544.576 2758.7
-327.381 304.872 2621.12
-167.5 308.525 2579.11
68.3598 66.2269 2598.28
-5.60614 -924.111 2806.26
-130.418 -46.1549 2492.79
-35.6111 -113.295 2627.11
-30.1849 -546.072 2652.33
-7.6189 312.177 2537.1
-152.835 96.4356 2616.57
FRAME: 264
-170.978 567.733 2489.16
-355.318 68.1079 2745.98
-158.407 -900.971 2899.98
-243.413 -142.284 2576.41
-230.538 -112.204 2689.79
-221.185 -533.419 2766.12
-319.436 309.397 2631.25
-160.542 313.933 2586.64
70.6951 68.69 2595.71
7.46614 -906.654 2829.34
-121.397 -62.0735 2512.5
-24.6703 -106.316 2632.03
-16.2757 -536.612 2665.84
-1.64847 318.469 2542.03
-144.073 102.337 2623.78
FRAME: 265
-153.576 573.131 2498.76
-337.18 65.8135 2773.07
-156.546 -901.567 2902.52
-256.218 -155.549 2694.66
-220.204 -104.145 2701.79
-207.387 -524.943 2770.65
-310.466 312.186 2643.3
-152.775 317.643 2594.95
79.6233 74.553 2581.01
27.7866 -890.909 2860.76
-136.263 -40.9743 2524.22
-10.608 -96.908 2637.49
7.42968 -524.571 2689.89
4.9161 323.1 2546.6
-134.09 108.558 2632.29
FRAME: 266
-134.251 576.129 2505.89
-319.492 74.3615 2777.48
-154.095 -898.591 2907.17
-256.023 -147.094 2657.27
-204.334 -97.516 2712.75
-195.569 -518.916 2774.09
-293.71 317.651 2654.61
-136.717 322.587 2603.97
96.9263 79.3531 2575.52
30.6828 -886.111 2869.85
-144.374 -30.4839 2536.06
5.45982 -90.9352 2645.13
22.1672 -510.273 2722.78
20.2764 327.524 2553.32
-118.077 114.181 2641.45
FRAME: 267
-118.072 576.19 2510.25
-304.132 96.3315 2785.05
-153.658 -897.299 2908.55
-240.57 -127.166 2613.68
-196.918 -88.0128 2719.72
-190.236 -514.048 2774.37
-277.101 327.911 2659.81
-120.387 329.121 2608.6
107.613 82.2279 2575.71
30.5347 -884.187 2877.28
-142.154 -32.2554 2544.95
12.716 -86.4214 2651.2
30.4389 -503.039 2741.16
36.3281 330.331 2557.4
-106.244 120.952 2647.03
FRAME: 268
-104.28 577.878 2512.12
-290.683 101.81 2792.66
-154.424 -898.48 2908.06
-260.505 -126.136 2610.33
-184.784 -83.2657 2722.95
-186.15 -510.984 2772.11
-264.443 332.766 2668.76
-107.728 332.267 2615.17
116.82 82.9298 2573.32
36.4015 -888.877 2890.16
-129.884 -40.1119 2554.9
16.5557 -83.9232 2654.07
35.9627 -499.933 2749.57
48.9879 331.768 2561.58
-95.9209 124.336 2651.84
FRAME: 269
-90.5389 576.316 2514.33
-273.031 99.2663 2791.98
-154.797 -895.645 2908.27
-263.031 -125.066 2597.43
-177.154 -79.1688 2725.99
-182.595 -507.02 2771.3
-249.237 335.007 2672.19
-94.7942 332.16 2617.77
129.4 88.4492 2579.18
40.5012 -885.892 2904.12
-112.976 -34.1053 2553.34
23.4852 -82.8722 2655.32
41.5937 -496.246 2761.81
59.649 329.313 2563.35
-85.8142 125.57 2654.21
FRAME: 270
-73.4049 574.871 2515.69
-257.558 91.4027 2797.65
-156.297 -890.586 2908.79
-243.145 -119.505 2589.65
-166.929 -72.8957 2732.9
-180.137 -499.308 2772.72
-236.898 334.323 2675.47
-82.3226 330.391 2620.14
147.2 102.233 2581.21
44.9775 -896.424 2908.23
-101.174 -36.8321 2559.44
36.1699 -78.0724 2660.29
49.1538 -498.775 2773.15
72.253 326.458 2564.82
-73.8512 127.453 2658.37
FRAME: 271
-55.9158 573.402 2519.8
-245.346 89.9795 2794.02
-155.121 -893.88 2910.27
-220.523 -118.95 2585.27
-154.48 -78.7926 2739.1
-177.972 -505.124 2773.88
-225.569 332.226 2679.21
-68.1925 326.704 2623.67
170.064 79.0127 2590.21
46.4116 -892.408 2911.71
-87.0062 14.0247 2546.5
46.0019 -85.9026 2668.41
54.0237 -495.537 2780.08
89.1845 321.182 2568.12
-61.2159 122.178 2663.71
FRAME: 272
-46.666 574.401 2523.13
-233.734 91.9731 2786.64
-154.27 -894.017 2910.43
-219.323 -118.762 2582.64
-151.09 -76.9055 2742
-177.637 -504.968 2773.98
-218.954 334.16 2678.24
-59.2174 326.622 2623.36
178.915 85.2327 2584.3
48.3245 -895.679 2914.38
-82.1102 -13.373 2563.22
51.8274 -86.5081 2672.31
56.6032 -496.718 2784.67
100.519 319.085 2568.49
-54.4244 122.458 2665.26
FRAME: 273
-38.3867 576.339 2525.44
-226.751 89.1905 2783.13
-152.515 -891.76 2911.36
-198.172 -113.17 2576.31
-150.115 -74.515 2744.2
-174.208 -503.818 2774.62
-213.463 336.278 2676.74
-49.1252 325.777 2622.84
191.726 81.5374 2590.86
51.0466 -904.217 2917.22
-78.0256 -24.9859 2551.4
57.3004 -87.8618 2676.19
60.5431 -502.905 2785.82
115.212 315.276 2568.94
-47.7663 122.294 2666.52
FRAME: 274
-30.4692 579.604 2526.99
-222.543 92.1917 2783.12
-145.929 -891.022 2914.41
-176.511 -115.099 2566.16
-143.449 -77.1399 2747.07
-168.525 -508.644 2775.78
-208.523 335.465 2673.16
-45.5056 325.889 2623.42
201.023 80.4085 2600.01
51.7577 -901.321 2916.25
-46.1132 -9.15084 2575.63
60.8066 -89.1728 2684.76
61.9636 -504.51 2788.14
117.512 316.312 2573.68
-43.4133 121.366 2669.67
FRAME: 275
-24.3225 583.733 2530.05
-221.783 92.4055 2784.88
-133.471 -889.786 2914.96
-156.009 -103.865 2560.2
-139.842 -77.5501 2747.89
-162.988 -507.046 2774.44
-206.452 336.973 2670.28
-39.615 326.608 2623.7
209.368 78.9339 2609.98
53.9258 -903.992 2918.52
-39.7662 -36.6533 2561.44
62.9792 -90.1447 2691.33
65.7248 -510.272 2789.86
127.222 316.244 2577.12
-39.0233 121.38 2671.65
FRAME: 276
-17.7474 586.925 2532.31
-220.591 94.0968 2785.28
-120.359 -889.42 2916.79
-144.206 -97.1517 2553.23
-139.171 -76.2245 2746.61
-158.929 -509.63 2775.53
-203.528 339.412 2668.65
-35.2725 327.852 2623.42
217.819 76.7145 2619.66
54.5704 -903.336 2922.88
-2.65075 9.72389 2561.99
63.4441 -90.1325 2692.2
67.9865 -511.77 2792.71
132.983 316.292 2578.19
-36.5679 122.337 2671.41
FRAME: 277
-13.1007 588.732 2533.64
-218.256 92.2403 2782.18
-104.972 -887.257 2913.56
-100.905 -93.622 2544.32
-138.555 -76.6478 2741.91
-150.52 -509.171 2773.07
-196.394 340.788 2665.7
-27.3066 328.028 2625.79
225.856 73.3206 2632.27
54.2765 -904.682 2930.04
42.2968 102.891 2560.34
65.1389 -92.019 2693.83
68.1252 -512.847 2796.2
141.781 315.268 2585.87
-32.0073 121.847 2671.83
FRAME: 278
-10.0706 590.52 2535.54
-220.72 94.6556 2770.7
-96.0699 -883.421 2912.33
-114.81 -95.9831 2556.96
-136.379 -75.9494 2737.16
-140.894 -504.582 2772.24
-194.073 342.003 2663.53
-23.3102 329.052 2626.54
233.746 71.5793 2641.17
54.215 -905.763 2931.35
60.5547 147.793 2571.14
65.5714 -91.2973 2693.39
68.057 -514.07 2797.44
147.452 316.102 2589.55
-29.3569 122.714 2670.91
FRAME: 279
-8.10125 591.829 2537.64
-225.96 92.9155 2762.39
-91.7648 -884.858 2909.64
-103.407 -104.588 2553.04
-135.964 -76.0603 2732.87
-136.984 -503.963 2770.2
-192.301 342.754 2659.15
-21.8996 330.892 2626.81
236.887 71.5667 2652.31
54.0927 -905.304 2933.02
64.4536 153.004 2566.97
67.5118 -90.2501 2694.19
68.3145 -512.18 2797.72
148.501 319.029 2594.46
-28.0628 123.868 2670.17
FRAME: 280
-8.55336 593.72 2539.59
-229.974 92.3037 2747.42
-90.5659 -883.627 2908.68
-108.681 -90.8936 2535.6
-136.886 -77.6865 2730.38
-132.508 -502.512 2769.15
-190.669 343.921 2657.07
-21.4226 332.939 2628.09
233.734 72.6839 2657.22
54.3286 -905.325 2934.47
54.3238 99.0755 2546.56
68.9051 -91.0568 2695.18
68.6512 -512.445 2800.31
147.824 321.956 2599.11
-27.7066 124.283 2670.43
FRAME: 281
-8.50482 595.298 2540.46
-231.9 89.408 2740.45
-88.6248 -881.599 2907.4
-110.795 -108.989 2553.32
-133.947 -78.0051 2727.34
-130.129 -500.134 2767.53
-190.007 345.112 2650.71
-20.8821 335.592 2626.97
225.951 79.4828 2672.83
54.1131 -901.433 2931.84
34.0737 -21.7659 2540.91
69.1584 -89.4537 2698.8
69.3765 -509.824 2799.81
148.243 326.071 2603.23
-26.6381 125.931 2670.02
FRAME: 282
-9.93025 596.484 2542.37
-236.868 87.4918 2729.85
-87.6573 -882.338 2905.83
-88.704 -96.6683 2519.29
-134.49 -80.0673 2724.54
-128.614 -500.157 2765.57
-192.564 346.333 2649.31
-23.6567 338.748 2628.52
219.669 83.301 2681.91
53.054 -899.723 2932.32
34.1803 -23.1222 2552.36
69.7058 -89.2505 2699.38
69.1741 -507.43 2798.43
145.251 331.164 2607.73
-28.0244 127.045 2670.24
FRAME: 283
-13.6017 599.32 2545.07
-247.216 89.8143 2720.7
-86.4541 -881.611 2905.72
-119.043 -96.9347 2490.33
-134.624 -81.7296 2721.51
-126.678 -500.682 2764.95
-197.137 346.022 2645.06
-28.5923 341.278 2628.62
211.21 88.5736 2692.25
53.2276 -897.403 2927.11
38.6816 -44.5035 2540.96
69.6714 -87.4934 2701.55
70.0987 -505.858 2795.75
139.953 336.535 2612.17
-30.5342 128.333 2670.07
FRAME: 284
-16.4389 600.08 2545.33
-249.911 87.115 2715.54
-85.7634 -883.061 2906.69
-110.189 -106.043 2488.24
-132.121 -82.8785 2719.14
-127.07 -501.707 2764
-200.915 345.044 2642.05
-33.4891 343.383 2629.79
199.231 93.0503 2699.11
53.2606 -894.236 2925.5
17.0356 -75.3544 2542.43
68.7867 -84.8774 2704.4
70.5789 -503.107 2791.29
133.936 341.721 2617.53
-32.5781 129.752 2670.78
FRAME: 285
-23.7999 602.592 2547.14
-257.421 77.9449 2703.09
-85.5765 -885.301 2905.02
-117.249 -105.242 2483.66
-130.607 -83.7927 2716.3
-128.642 -504.652 2764.57
-208.324 342.378 2639.75
-41.3461 344.355 2631.1
192.022 93.0158 2697.52
54.1686 -891.293 2926.96
10.7245 -95.0791 2524.69
66.2355 -81.4702 2706.09
70.6419 -502.879 2781.38
125.631 346.332 2622.46
-36.7659 130.862 2671.15
FRAME: 286
-31.1118 603.423 2548.47
-257.175 71.17 2696.89
-85.6663 -893.06 2908.95
-127.098 -100.767 2471.97
-133.637 -78.9572 2716.42
-128.074 -512.612 2766.14
-215.947 339.046 2639.32
-48.7883 343.036 2632.29
177.354 90.3098 2699.13
55.215 -883.03 2920.35
-8.19025 -97.3349 2519.53
62.8139 -74.2827 2708.12
71.9743 -496.093 2771.87
118.37 347.026 2625.26
-42.1 133.208 2672.28
FRAME: 287
-36.5384 603.146 2548.95
-263.9 69.9078 2689.46
-84.2138 -892.463 2904.9
-117.982 -125.375 2445.97
-133.581 -80.6171 2717.15
-129.796 -508.961 2764.53
-217.929 338.735 2640.01
-51.0813 343.902 2633.98
176.229 91.1847 2707.59
58.0357 -882.919 2917.64
-5.84139 -97.4904 2525.29
63.221 -74.5868 2709.96
73.3414 -497.2 2769.6
115.767 349.07 2627.95
-43.1306 133.15 2673.77
FRAME: 288
-43.8452 601.292 2546.39
-266.859 68.8564 2682.8
-83.9411 -896.349 2904.11
-119.631 -124.055 2443.47
-137.511 -81.3325 2717.8
-130.86 -513.729 2762.86
-222.287 336.183 2641.44
-56.4362 342.923 2636.28
168.357 88.964 2708.49
63.8399 -881.723 2909.27
2.66765 -83.4445 2492.36
63.6009 -73.2933 2711.46
77.5578 -502.249 2759.57
109.415 349.663 2631.13
-46.6957 132.805 2675.46
FRAME: 289
-48.0464 597.893 2544.18
-267.357 65.7608 2676.9
-83.3865 -896.931 2908.4
-117.59 -107.021 2444.53
-138.806 -80.646 2718.84
-131.759 -512.746 2768.38
-222.312 335.722 2641.43
-58.1518 342.215 2637.6
162.698 88.0659 2711.66
65.1391 -880.078 2906.47
-1.27718 -94.5378 2497.22
59.2793 -72.8747 2714.13
78.1244 -500.164 2755.77
106.008 348.709 2633.78
-48.9575 132.728 2677.05
FRAME: 290
-53.686 592.592 2537.35
-266.437 63.4114 2671.28
-82.1293 -899.249 2912.07
-108.15 -118.347 2426.56
-139.832 -80.7491 2721.57
-129.967 -514.288 2769.16
-225.758 331.989 2641.03
-62.5448 340.034 2639.47
152.775 85.9057 2713.47
69.6199 -881.077 2899.41
3.57807 -69.3182 2489.98
57.2006 -71.0521 2719.67
80.6114 -498.919 2752.71
100.668 348.079 2637.91
-51.9303 132.067 2680.04
FRAME: 291
-56.7676 589.926 2533.46
-271.024 62.6222 2671.56
-81.9182 -901.009 2912.68
-107.705 -136.507 2499.46
-140.799 -80.7486 2723.2
-130.147 -514.575 2770.98
-226.635 331.515 2641.35
-63.8344 339.646 2639.7
150.319 84.7097 2711.81
73.1127 -882.445 2893.68
3.745 -94.1361 2460.35
56.1603 -70.9311 2721.2
81.8471 -499.673 2751.48
98.9663 347.777 2638.05
-53.0768 131.903 2680.95
FRAME: 292
-58.3059 588.39 2531.08
-270.249 61.7684 2670.49
-81.6982 -901.633 2912.7
-103.735 -114.425 2443.19
-140.377 -79.9807 2727.78
-131.143 -514.122 2772.77
-228.302 329.79 2641.52
-65.3001 338.012 2640.06
147.001 79.934 2708.35
75.1679 -881.953 2890.53
1.00644 -86.8977 2436.69
52.887 -70.2599 2726.03
80.842 -498.673 2751.3
97.7021 346.234 2638.6
-54.5227 131.446 2683.48
FRAME: 293
-60.0672 583.823 2523.27
-269.452 63.1609 2683.5
-82.2467 -902.731 2913.72
-104.732 -107.464 2438.52
-140.032 -79.1189 2732.24
-139.104 -520.723 2782.79
-229.182 329.904 2645.76
-66.4985 337.517 2639.18
149.438 83.535 2706.86
76.8571 -882.79 2895.56
29.255 -90.9999 2487.11
52.8519 -70.0922 2724.47
82.0294 -500.252 2751.52
96.1855 345.13 2632.61
-55.0443 131.456 2683.77

