FRAME: 0
0 0 0
0 0 0
0 0 0
0 0 0
0 0 0
0 0 0
0 0 0
0 0 0
0 0 0
0 0 0
0 0 0
0 0 0
0 0 0
0 0 0
0 0 0
FRAME: 1
0 0 0
0 0 0
0 0 0
0 0 0
0 0 0
0 0 0
0 0 0
0 0 0
0 0 0
0 0 0
0 0 0
0 0 0
0 0 0
0 0 0
0 0 0
FRAME: 2
0 0 0
0 0 0
0 0 0
0 0 0
0 0 0
0 0 0
0 0 0
0 0 0
0 0 0
0 0 0
0 0 0
0 0 0
0 0 0
0 0 0
0 0 0
FRAME: 3
0 0 0
0 0 0
0 0 0
0 0 0
0 0 0
0 0 0
0 0 0
0 0 0
0 0 0
0 0 0
0 0 0
0 0 0
0 0 0
0 0 0
0 0 0
FRAME: 4
0 0 0
0 0 0
0 0 0
0 0 0
0 0 0
0 0 0
0 0 0
0 0 0
0 0 0
0 0 0
0 0 0
0 0 0
0 0 0
0 0 0
0 0 0
FRAME: 5
0 0 0
0 0 0
0 0 0
0 0 0
0 0 0
0 0 0
0 0 0
0 0 0
0 0 0
0 0 0
0 0 0
0 0 0
0 0 0
0 0 0
0 0 0
FRAME: 6
0 0 0
0 0 0
0 0 0
0 0 0
0 0 0
0 0 0
0 0 0
0 0 0
0 0 0
0 0 0
0 0 0
0 0 0
0 0 0
0 0 0
0 0 0
FRAME: 7
0 0 0
0 0 0
0 0 0
0 0 0
0 0 0
0 0 0
0 0 0
0 0 0
0 0 0
0 0 0
0 0 0
0 0 0
0 0 0
0 0 0
0 0 0
FRAME: 8
0 0 0
0 0 0
0 0 0
0 0 0
0 0 0
0 0 0
0 0 0
0 0 0
0 0 0
0 0 0
0 0 0
0 0 0
0 0 0
0 0 0
0 0 0
FRAME: 9
0 0 0
0 0 0
0 0 0
0 0 0
0 0 0
0 0 0
0 0 0
0 0 0
0 0 0
0 0 0
0 0 0
0 0 0
0 0 0
0 0 0
0 0 0
FRAME: 10
0 0 0
0 0 0
0 0 0
0 0 0
0 0 0
0 0 0
0 0 0
0 0 0
0 0 0
0 0 0
0 0 0
0 0 0
0 0 0
0 0 0
0 0 0
FRAME: 11
0 0 0
0 0 0
0 0 0
0 0 0
0 0 0
0 0 0
0 0 0
0 0 0
0 0 0
0 0 0
0 0 0
0 0 0
0 0 0
0 0 0
0 0 0
FRAME: 12
0 0 0
0 0 0
0 0 0
0 0 0
0 0 0
0 0 0
0 0 0
0 0 0
0 0 0
0 0 0
0 0 0
0 0 0
0 0 0
0 0 0
0 0 0
FRAME: 13
0 0 0
0 0 0
0 0 0
0 0 0
0 0 0
0 0 0
0 0 0
0 0 0
0 0 0
0 0 0
0 0 0
0 0 0
0 0 0
0 0 0
0 0 0
FRAME: 14
0 0 0
0 0 0
0 0 0
0 0 0
0 0 0
0 0 0
0 0 0
0 0 0
0 0 0
0 0 0
0 0 0
0 0 0
0 0 0
0 0 0
0 0 0
FRAME: 15
0 0 0
0 0 0
0 0 0
0 0 0
0 0 0
0 0 0
0 0 0
0 0 0
0 0 0
0 0 0
0 0 0
0 0 0
0 0 0
0 0 0
0 0 0
FRAME: 16
0 0 0
0 0 0
0 0 0
0 0 0
0 0 0
0 0 0
0 0 0
0 0 0
0 0 0
0 0 0
0 0 0
0 0 0
0 0 0
0 0 0
0 0 0
FRAME: 17
0 0 0
0 0 0
0 0 0
0 0 0
0 0 0
0 0 0
0 0 0
0 0 0
0 0 0
0 0 0
0 0 0
0 0 0
0 0 0
0 0 0
0 0 0
FRAME: 18
0 0 0
0 0 0
0 0 0
0 0 0
0 0 0
0 0 0
0 0 0
0 0 0
0 0 0
0 0 0
0 0 0
0 0 0
0 0 0
0 0 0
0 0 0
FRAME: 19
0 0 0
0 0 0
0 0 0
0 0 0
0 0 0
0 0 0
0 0 0
0 0 0
0 0 0
0 0 0
0 0 0
0 0 0
0 0 0
0 0 0
0 0 0
FRAME: 20
0 0 0
0 0 0
0 0 0
0 0 0
0 0 0
0 0 0
0 0 0
0 0 0
0 0 0
0 0 0
0 0 0
0 0 0
0 0 0
0 0 0
0 0 0
FRAME: 21
0 0 0
0 0 0
0 0 0
0 0 0
0 0 0
0 0 0
0 0 0
0 0 0
0 0 0
0 0 0
0 0 0
0 0 0
0 0 0
0 0 0
0 0 0
FRAME: 22
0 0 0
0 0 0
0 0 0
0 0 0
0 0 0
0 0 0
0 0 0
0 0 0
0 0 0
0 0 0
0 0 0
0 0 0
0 0 0
0 0 0
0 0 0
FRAME: 23
0 0 0
0 0 0
0 0 0
0 0 0
0 0 0
0 0 0
0 0 0
0 0 0
0 0 0
0 0 0
0 0 0
0 0 0
0 0 0
0 0 0
0 0 0
FRAME: 24
0 0 0
0 0 0
0 0 0
0 0 0
0 0 0
0 0 0
0 0 0
0 0 0
0 0 0
0 0 0
0 0 0
0 0 0
0 0 0
0 0 0
0 0 0
FRAME: 25
0 0 0
0 0 0
0 0 0
0 0 0
0 0 0
0 0 0
0 0 0
0 0 0
0 0 0
0 0 0
0 0 0
0 0 0
0 0 0
0 0 0
0 0 0
FRAME: 26
0 0 0
0 0 0
0 0 0
0 0 0
0 0 0
0 0 0
0 0 0
0 0 0
0 0 0
0 0 0
0 0 0
0 0 0
0 0 0
0 0 0
0 0 0
FRAME: 27
0 0 0
0 0 0
0 0 0
0 0 0
0 0 0
0 0 0
0 0 0
0 0 0
0 0 0
0 0 0
0 0 0
0 0 0
0 0 0
0 0 0
0 0 0
FRAME: 28
0 0 0
0 0 0
0 0 0
0 0 0
0 0 0
0 0 0
0 0 0
0 0 0
0 0 0
0 0 0
0 0 0
0 0 0
0 0 0
0 0 0
0 0 0
FRAME: 29
0 0 0
0 0 0
0 0 0
0 0 0
0 0 0
0 0 0
0 0 0
0 0 0
0 0 0
0 0 0
0 0 0
0 0 0
0 0 0
0 0 0
0 0 0
FRAME: 30
0 0 0
0 0 0
0 0 0
0 0 0
0 0 0
0 0 0
0 0 0
0 0 0
0 0 0
0 0 0
0 0 0
0 0 0
0 0 0
0 0 0
0 0 0
FRAME: 31
0 0 0
0 0 0
0 0 0
0 0 0
0 0 0
0 0 0
0 0 0
0 0 0
0 0 0
0 0 0
0 0 0
0 0 0
0 0 0
0 0 0
0 0 0
FRAME: 32
0 0 0
0 0 0
0 0 0
0 0 0
0 0 0
0 0 0
0 0 0
0 0 0
0 0 0
0 0 0
0 0 0
0 0 0
0 0 0
0 0 0
0 0 0
FRAME: 33
0 0 0
0 0 0
0 0 0
0 0 0
0 0 0
0 0 0
0 0 0
0 0 0
0 0 0
0 0 0
0 0 0
0 0 0
0 0 0
0 0 0
0 0 0
FRAME: 34
0 0 0
0 0 0
0 0 0
0 0 0
0 0 0
0 0 0
0 0 0
0 0 0
0 0 0
0 0 0
0 0 0
0 0 0
0 0 0
0 0 0
0 0 0
FRAME: 35
0 0 0
0 0 0
0 0 0
0 0 0
0 0 0
0 0 0
0 0 0
0 0 0
0 0 0
0 0 0
0 0 0
0 0 0
0 0 0
0 0 0
0 0 0
FRAME: 36
0 0 0
0 0 0
0 0 0
0 0 0
0 0 0
0 0 0
0 0 0
0 0 0
0 0 0
0 0 0
0 0 0
0 0 0
0 0 0
0 0 0
0 0 0
FRAME: 37
0 0 0
0 0 0
0 0 0
0 0 0
0 0 0
0 0 0
0 0 0
0 0 0
0 0 0
0 0 0
0 0 0
0 0 0
0 0 0
0 0 0
0 0 0
FRAME: 38
0 0 0
0 0 0
0 0 0
0 0 0
0 0 0
0 0 0
0 0 0
0 0 0
0 0 0
0 0 0
0 0 0
0 0 0
0 0 0
0 0 0
0 0 0
FRAME: 39
0 0 0
0 0 0
0 0 0
0 0 0
0 0 0
0 0 0
0 0 0
0 0 0
0 0 0
0 0 0
0 0 0
0 0 0
0 0 0
0 0 0
0 0 0
FRAME: 40
0 0 0
0 0 0
0 0 0
0 0 0
0 0 0
0 0 0
0 0 0
0 0 0
0 0 0
0 0 0
0 0 0
0 0 0
0 0 0
0 0 0
0 0 0
FRAME: 41
0 0 0
0 0 0
0 0 0
0 0 0
0 0 0
0 0 0
0 0 0
0 0 0
0 0 0
0 0 0
0 0 0
0 0 0
0 0 0
0 0 0
0 0 0
FRAME: 42
0 0 0
0 0 0
0 0 0
0 0 0
0 0 0
0 0 0
0 0 0
0 0 0
0 0 0
0 0 0
0 0 0
0 0 0
0 0 0
0 0 0
0 0 0
FRAME: 43
0 0 0
0 0 0
0 0 0
0 0 0
0 0 0
0 0 0
0 0 0
0 0 0
0 0 0
0 0 0
0 0 0
0 0 0
0 0 0
0 0 0
0 0 0
FRAME: 44
0 0 0
0 0 0
0 0 0
0 0 0
0 0 0
0 0 0
0 0 0
0 0 0
0 0 0
0 0 0
0 0 0
0 0 0
0 0 0
0 0 0
0 0 0
FRAME: 45
0 0 0
0 0 0
0 0 0
0 0 0
0 0 0
0 0 0
0 0 0
0 0 0
0 0 0
0 0 0
0 0 0
0 0 0
0 0 0
0 0 0
0 0 0
FRAME: 46
0 0 0
0 0 0
0 0 0
0 0 0
0 0 0
0 0 0
0 0 0
0 0 0
0 0 0
0 0 0
0 0 0
0 0 0
0 0 0
0 0 0
0 0 0
FRAME: 47
0 0 0
0 0 0
0 0 0
0 0 0
0 0 0
0 0 0
0 0 0
0 0 0
0 0 0
0 0 0
0 0 0
0 0 0
0 0 0
0 0 0
0 0 0
FRAME: 48
0 0 0
0 0 0
0 0 0
0 0 0
0 0 0
0 0 0
0 0 0
0 0 0
0 0 0
0 0 0
0 0 0
0 0 0
0 0 0
0 0 0
0 0 0
FRAME: 49
0 0 0
0 0 0
0 0 0
0 0 0
0 0 0
0 0 0
0 0 0
0 0 0
0 0 0
0 0 0
0 0 0
0 0 0
0 0 0
0 0 0
0 0 0
FRAME: 50
0 0 0
0 0 0
0 0 0
0 0 0
0 0 0
0 0 0
0 0 0
0 0 0
0 0 0
0 0 0
0 0 0
0 0 0
0 0 0
0 0 0
0 0 0
FRAME: 51
0 0 0
0 0 0
0 0 0
0 0 0
0 0 0
0 0 0
0 0 0
0 0 0
0 0 0
0 0 0
0 0 0
0 0 0
0 0 0
0 0 0
0 0 0
FRAME: 52
0 0 0
0 0 0
0 0 0
0 0 0
0 0 0
0 0 0
0 0 0
0 0 0
0 0 0
0 0 0
0 0 0
0 0 0
0 0 0
0 0 0
0 0 0
FRAME: 53
0 0 0
0 0 0
0 0 0
0 0 0
0 0 0
0 0 0
0 0 0
0 0 0
0 0 0
0 0 0
0 0 0
0 0 0
0 0 0
0 0 0
0 0 0
FRAME: 54
0 0 0
0 0 0
0 0 0
0 0 0
0 0 0
0 0 0
0 0 0
0 0 0
0 0 0
0 0 0
0 0 0
0 0 0
0 0 0
0 0 0
0 0 0
FRAME: 55
0 0 0
0 0 0
0 0 0
0 0 0
0 0 0
0 0 0
0 0 0
0 0 0
0 0 0
0 0 0
0 0 0
0 0 0
0 0 0
0 0 0
0 0 0
FRAME: 56
0 0 0
0 0 0
0 0 0
0 0 0
0 0 0
0 0 0
0 0 0
0 0 0
0 0 0
0 0 0
0 0 0
0 0 0
0 0 0
0 0 0
0 0 0
FRAME: 57
0 0 0
0 0 0
0 0 0
0 0 0
0 0 0
0 0 0
0 0 0
0 0 0
0 0 0
0 0 0
0 0 0
0 0 0
0 0 0
0 0 0
0 0 0
FRAME: 58
0 0 0
0 0 0
0 0 0
0 0 0
0 0 0
0 0 0
0 0 0
0 0 0
0 0 0
0 0 0
0 0 0
0 0 0
0 0 0
0 0 0
0 0 0
FRAME: 59
0 0 0
0 0 0
0 0 0
0 0 0
0 0 0
0 0 0
0 0 0
0 0 0
0 0 0
0 0 0
0 0 0
0 0 0
0 0 0
0 0 0
0 0 0
FRAME: 60
0 0 0
0 0 0
0 0 0
0 0 0
0 0 0
0 0 0
0 0 0
0 0 0
0 0 0
0 0 0
0 0 0
0 0 0
0 0 0
0 0 0
0 0 0
FRAME: 61
0 0 0
0 0 0
0 0 0
0 0 0
0 0 0
0 0 0
0 0 0
0 0 0
0 0 0
0 0 0
0 0 0
0 0 0
0 0 0
0 0 0
0 0 0
FRAME: 62
0 0 0
0 0 0
0 0 0
0 0 0
0 0 0
0 0 0
0 0 0
0 0 0
0 0 0
0 0 0
0 0 0
0 0 0
0 0 0
0 0 0
0 0 0
FRAME: 63
0 0 0
0 0 0
0 0 0
0 0 0
0 0 0
0 0 0
0 0 0
0 0 0
0 0 0
0 0 0
0 0 0
0 0 0
0 0 0
0 0 0
0 0 0
FRAME: 64
0 0 0
0 0 0
0 0 0
0 0 0
0 0 0
0 0 0
0 0 0
0 0 0
0 0 0
0 0 0
0 0 0
0 0 0
0 0 0
0 0 0
0 0 0
FRAME: 65
0 0 0
0 0 0
0 0 0
0 0 0
0 0 0
0 0 0
0 0 0
0 0 0
0 0 0
0 0 0
0 0 0
0 0 0
0 0 0
0 0 0
0 0 0
FRAME: 66
0 0 0
0 0 0
0 0 0
0 0 0
0 0 0
0 0 0
0 0 0
0 0 0
0 0 0
0 0 0
0 0 0
0 0 0
0 0 0
0 0 0
0 0 0
FRAME: 67
0 0 0
0 0 0
0 0 0
0 0 0
0 0 0
0 0 0
0 0 0
0 0 0
0 0 0
0 0 0
0 0 0
0 0 0
0 0 0
0 0 0
0 0 0
FRAME: 68
0 0 0
0 0 0
0 0 0
0 0 0
0 0 0
0 0 0
0 0 0
0 0 0
0 0 0
0 0 0
0 0 0
0 0 0
0 0 0
0 0 0
0 0 0
FRAME: 69
0 0 0
0 0 0
0 0 0
0 0 0
0 0 0
0 0 0
0 0 0
0 0 0
0 0 0
0 0 0
0 0 0
0 0 0
0 0 0
0 0 0
0 0 0
FRAME: 70
0 0 0
0 0 0
0 0 0
0 0 0
0 0 0
0 0 0
0 0 0
0 0 0
0 0 0
0 0 0
0 0 0
0 0 0
0 0 0
0 0 0
0 0 0
FRAME: 71
0 0 0
0 0 0
0 0 0
0 0 0
0 0 0
0 0 0
0 0 0
0 0 0
0 0 0
0 0 0
0 0 0
0 0 0
0 0 0
0 0 0
0 0 0
FRAME: 72
0 0 0
0 0 0
0 0 0
0 0 0
0 0 0
0 0 0
0 0 0
0 0 0
0 0 0
0 0 0
0 0 0
0 0 0
0 0 0
0 0 0
0 0 0
FRAME: 73
0 0 0
0 0 0
0 0 0
0 0 0
0 0 0
0 0 0
0 0 0
0 0 0
0 0 0
0 0 0
0 0 0
0 0 0
0 0 0
0 0 0
0 0 0
FRAME: 74
0 0 0
0 0 0
0 0 0
0 0 0
0 0 0
0 0 0
0 0 0
0 0 0
0 0 0
0 0 0
0 0 0
0 0 0
0 0 0
0 0 0
0 0 0
FRAME: 75
0 0 0
0 0 0
0 0 0
0 0 0
0 0 0
0 0 0
0 0 0
0 0 0
0 0 0
0 0 0
0 0 0
0 0 0
0 0 0
0 0 0
0 0 0
FRAME: 76
-92.7701 281.729 2515
-226.212 -174.627 2758.08
-43.3542 -1040.72 2941.49
-136.264 -271.322 2510.31
-122.392 -324.479 2721.72
-126.161 -722.741 2772.32
-193.046 60.3725 2654.96
-77.6788 50.7753 2585.43
93.4963 -172.303 2547.15
68.9884 -1041.02 2783.41
-103.092 -240.968 2432.45
17.2063 -336.092 2637.59
10.1507 -724.725 2613.27
37.6886 41.1781 2515.91
-65.1357 -139.755 2632.55
FRAME: 77
-87.5962 280.394 2515.1
-213.055 -160.5 2765.7
-38.7162 -1039.48 2951.68
-171.297 -338.425 2653.3
-123.953 -319.214 2714.43
-125.649 -715.37 2776.98
-193.402 59.2064 2655.44
-71.9137 53.9413 2600.94
105.775 -165.371 2585.38
69.2773 -1037.93 2804.99
-16.0079 -346.142 2498.97
20.4454 -325.438 2649.71
17.0209 -718.596 2642.03
49.5751 48.6761 2546.44
-61.8337 -134.192 2641.51
FRAME: 78
-84.0232 280.299 2520.74
-200.015 -160.078 2786.76
-35.1994 -1040.66 2953.22
-202.834 -431.399 2845.04
-127.536 -316.232 2721.44
-128.881 -718.497 2785.47
-190.932 60.1017 2665.73
-68.1707 54.4406 2614.11
113.382 -164.815 2630.29
82.5752 -1034.07 2841.95
-80.4651 -255.438 2493.09
20.6819 -323.132 2658.98
22.398 -720.341 2657.41
54.5908 48.7794 2562.49
-60.7989 -132.621 2652.16
FRAME: 79
-71.4359 282.81 2539.75
-183.666 -153.213 2790.04
-33.0257 -1049.33 2959.75
-203.736 -392.906 2821.2
-128.904 -314.924 2727.86
-126.886 -723.942 2799.81
-184.306 62.5615 2671.8
-60.3662 56.6951 2628.51
127.766 -157.541 2666.74
88.0966 -1038.12 2908.15
-110.442 -221.522 2445.17
23.3902 -322.177 2674.59
34.8318 -725.225 2702.83
63.5738 50.8287 2585.23
-56.5614 -130.928 2664.87
FRAME: 80
-53.6285 291.42 2561.16
-193.567 -125.235 2788.43
-32.053 -1046.37 2966.35
-192.901 -382.64 2817.58
-118.747 -312.383 2741.91
-118.296 -722.888 2809.45
-169.666 71.3138 2676.81
-45.3781 65.947 2642.77
138.566 -155.304 2688.14
91.3868 -1030.67 2942.15
-28.918 -266.83 2526.44
37.5017 -319.147 2699.07
56.8503 -718.07 2744.96
78.9095 60.5802 2608.73
-43.0004 -124.909 2681.63
FRAME: 81
-38.3999 299.839 2574.74
-193.5 -125.92 2784.51
-32.4071 -1041.57 2969.63
-173.268 -352.831 2784.52
-114.578 -306.757 2748.91
-111.469 -715.823 2816.53
-158.979 77.0318 2675.66
-34.9563 72.3217 2652.09
149.796 -141.297 2714.15
93.2215 -1027.61 2960.35
-61.3382 -189.161 2523.19
46.4052 -312.849 2718.36
67.2993 -708.648 2767.35
89.0663 67.6115 2628.53
-34.5214 -118.74 2692.86
FRAME: 82
-27.7538 303.908 2582.51
-192.623 -121.396 2782.07
-33.5889 -1038.98 2970.7
-165.457 -330.422 2764.45
-108.256 -299.145 2757.55
-105.669 -705.34 2819.32
-145.421 84.3056 2676.17
-24.802 79.4461 2658.7
157.653 -132.985 2727.84
93.7328 -1028.29 2963.68
-21.2745 -226.067 2562.02
52.8972 -305.648 2734.11
75.345 -700.392 2783.58
95.8175 74.5866 2641.22
-26.2407 -111.475 2702.26
FRAME: 83
-18.2842 306.878 2588.12
-179.149 -126.65 2766.22
-35.3221 -1035.89 2973.01
-151.76 -310.922 2731.81
-105.83 -294.558 2763.86
-102.253 -696.476 2822.81
-139.745 89.6374 2678.65
-20.4092 85.1758 2663.31
166.429 -125.862 2739.92
94.1676 -1030.52 2965.79
-18.4685 -222.126 2545.01
59.1598 -300.761 2742.57
82.4253 -696.439 2796.75
98.9269 80.7143 2647.97
-21.8721 -106.242 2708.26
FRAME: 84
-10.8013 308.659 2589.42
-162.635 -130.189 2738.66
-37.0372 -1028.65 2977.67
-142.445 -301.374 2721.71
-101.853 -290.713 2768.11
-98.5022 -686.796 2827.95
-131.856 92.2842 2682.53
-12.4753 87.2127 2668.65
175.836 -112.84 2751.3
95.8877 -1031.88 2967.01
-4.85211 -257.13 2539.75
64.9221 -297.841 2748.74
89.7011 -689.463 2812.96
106.905 82.1413 2654.78
-15.4704 -103.532 2713.54
FRAME: 85
-2.96085 309.272 2592.94
-152.987 -131.258 2715.41
-39.0082 -1024.11 2981.57
-135.902 -279.355 2710.58
-98.9045 -284.589 2773.5
-95.3805 -681.914 2831.87
-113.16 94.0701 2686.63
-0.0646396 86.9794 2674.52
183.806 -116.244 2760.85
96.1908 -1036.24 2966.77
55.2047 -292.45 2591.13
70.5184 -295.224 2755.42
94.4586 -688.462 2820.03
113.03 79.8886 2662.41
-7.12884 -101.464 2719.49
FRAME: 86
7.73643 307.261 2596.08
-138.084 -125.024 2718.3
-41.3482 -1023.02 2986.19
-85.7565 -210.94 2687.37
-95.0993 -289.361 2776.84
-91.9093 -684.647 2835.9
-103.059 89.7109 2686.11
12.3432 82.546 2680.5
190.089 -122.681 2771.67
95.9679 -1034.56 2969.63
36.0085 -266.321 2565.18
81.9498 -300.274 2768.6
98.0736 -686.027 2831.49
127.745 75.3811 2674.89
2.88422 -106.136 2726.61
FRAME: 87
17.9159 306.897 2602.66
-128.066 -109.136 2722.39
-40.7586 -1022.27 2979.89
-36.243 -231.359 2616.37
-79.2159 -287.144 2786.5
-88.4861 -680.208 2830.61
-76.471 85.8146 2683.56
29.7247 79.6337 2685.16
201.694 -125.423 2774.5
96.7185 -1043.66 2991.91
24.5842 -255.812 2551.73
90.9691 -297.172 2789.56
103.132 -696.851 2845.2
135.92 73.4528 2686.75
17.8006 -106.262 2736.59
FRAME: 88
28.2542 303.919 2605.7
-109.158 -114.235 2716.12
-41.8004 -1027.7 2984.65
-5.22557 -186.757 2591.73
-73.8271 -288.419 2789.56
-81.9708 -686.094 2834.96
-74.601 86.4653 2679.77
34.5616 81.4389 2685.87
212.876 -108.298 2777.02
98.1564 -1041.48 2987.83
80.0946 -282.877 2588.29
94.4551 -296.4 2798.91
106.311 -696.149 2848.96
143.724 76.4126 2691.97
22.4378 -105.485 2740.05
FRAME: 89
37.9817 301.582 2606.62
-90.1877 -119.829 2715.03
-42.7701 -1030.94 2986.86
47.816 -231.649 2599.42
-65.1837 -290.975 2790.64
-76.352 -690.513 2837.66
-61.9626 86.8424 2680.96
45.4189 81.7101 2691.08
216.389 -111.232 2778.35
99.1382 -1040.18 2993.37
84.0105 -283.697 2610.58
98.6803 -298.825 2806.03
108.205 -695.709 2853.78
152.8 76.5779 2701.19
31.0836 -106.595 2744.71
FRAME: 90
48.1444 300.51 2607.28
-64.9642 -97.0686 2707.66
-43.051 -1025.82 2985.95
5.42772 -156.17 2603.14
-51.1405 -293.638 2796.8
-70.9453 -685.019 2838.32
-51.9577 75.3721 2696.11
56.9311 68.1654 2705.13
210.589 -128.773 2780.09
99.7946 -1046.19 2996.27
70.8226 -283.978 2596.81
100.303 -303.711 2809.56
110.993 -702.125 2861.01
165.82 60.9588 2714.14
40.7562 -115.255 2754.15
FRAME: 91
55.7101 300.724 2609.2
-76.4422 -66.6287 2771.61
-42.984 -1024.03 2996.48
-6.63246 -75.9944 2624.22
-45.5401 -292.48 2810.18
-64.6358 -683.436 2852.66
-48.8352 82.3236 2732.44
62.795 70.5633 2725.82
163.672 -131.19 2752.86
99.9334 -1048.55 2984.78
91.0283 -179.369 2609.02
101.487 -308.018 2801.7
112.266 -703.819 2854.06
174.425 58.803 2719.19
45.3842 -114.843 2765.88
FRAME: 92
68.2861 298.103 2613.25
-80.4843 -68.7795 2768.46
-42.801 -1024.06 2999.45
-12.2184 -70.31 2609.01
-45.3659 -291.673 2811.73
-60.9416 -683.103 2856.15
-44.4369 73.3586 2738.76
67.5781 60.0424 2731.3
167.971 -141.017 2731.31
100.736 -1048.78 2986.84
100.261 -206.933 2637.4
104.241 -309.48 2802.07
114.479 -704.117 2856.3
179.593 46.7262 2723.83
48.5078 -120.267 2769.1
FRAME: 93
76.1506 296.138 2615.29
-93.7033 -55.0846 2744.23
-41.5882 -1024.64 3002.21
-19.6144 -33.4304 2619.67
-41.6384 -292.566 2815.87
-56.5151 -683.211 2859.89
-33.442 74.2632 2750.31
74.3092 59.7543 2738.8
174.655 -157.922 2715.49
100.931 -1047.96 2986.33
111.474 -172.296 2629.84
106.605 -312.556 2800.31
115.994 -703.199 2856.32
182.06 45.2454 2727.29
53.3963 -121.403 2773.45
FRAME: 94
83.5655 291.742 2619.35
-95.0136 -48.5405 2734.89
-39.5945 -1024.46 3005.94
19.8838 139.269 2648.56
-37.5499 -291.77 2822.49
-52.2838 -684.435 2866.58
-35.9233 78.8148 2775.97
77.8895 63.1414 2752.8
202.874 -154.21 2726.04
99.6819 -1049.43 2982.92
108.966 -206.985 2606.01
105.327 -311.496 2794.95
117.867 -704.337 2854.76
191.702 47.468 2729.62
55.8891 -119.246 2780.76
FRAME: 95
85.6754 290.949 2619.46
-81.9566 -80.8068 2724.01
-39.8965 -1030.25 3011.89
10.2382 134.41 2655.33
-39.7923 -295.643 2825.48
-50.8517 -690.145 2870.02
-38.4981 79.4111 2776.27
75.2549 64.6904 2755.31
198.533 -156.772 2761.4
101.669 -1051.58 2985.27
167.686 -199.575 2689.85
109.52 -314.79 2799.4
119.212 -706.353 2856.33
189.008 49.9697 2734.35
55.0593 -120.263 2783.87
FRAME: 96
89.1831 289.927 2621.14
-89.5745 -96.2745 2725.58
-38.2077 -1030.72 3012.54
-19.4646 111.672 2669.73
-35.5472 -303.634 2825.75
-47.5876 -693.219 2870.61
-37.0415 74.2911 2777.44
78.5293 59.8578 2756.03
204.971 -152.063 2769.01
101.971 -1053.26 2989.95
145.332 -162.259 2645.21
111.244 -322.047 2799.74
120.619 -711.902 2863.16
194.1 45.4244 2734.63
58.1889 -126.491 2784.39
FRAME: 97
89.7983 290.815 2619.2
-87.1102 -93.473 2775.23
-48.2035 -1019.29 3004.02
-30.4523 99.7085 2659.87
-51.1849 -277.473 2812.6
-58.9076 -677.392 2862.48
-13.6193 91.8619 2719.79
84.1225 81.4557 2725.18
207.335 -113.584 2777.95
111.513 -1067.29 2993.01
95.5957 -211.711 2600.57
113.621 -294.143 2828.35
131.296 -721.135 2864.41
181.864 71.0495 2730.57
57.6703 -102.176 2772.83
FRAME: 98
90.0284 291.637 2621.67
-45.3787 -126.359 2765.41
-42.9532 -1024.42 2997.62
9.99576 -144.452 2618.67
-43.5661 -290.129 2809.9
-53.0431 -686.849 2855.52
-26.8144 83.9086 2709.2
78.8291 74.9448 2719.37
237.96 -110.603 2804.23
106.766 -1058.94 3002.97
114.692 -269.098 2629.1
112.892 -302.809 2827.35
126.044 -716.317 2873.26
184.473 65.981 2729.53
56.746 -110.762 2769
FRAME: 99
87.642 293.223 2620.74
-59.9471 -120.835 2752.73
-35.541 -1028.61 3000.89
19.7764 -165.523 2605.05
-42.8443 -291.621 2811.58
-50.3611 -689.75 2856.03
-44.6933 86.2832 2711.39
69.4491 77.0659 2715.49
258.808 -109.802 2809.82
104.005 -1059.62 3007.14
159.24 -278.154 2665.22
112.352 -304.022 2817.79
123.622 -716.186 2871.71
183.592 67.8485 2719.58
52.1014 -110.378 2765.09
FRAME: 100
85.2639 296.082 2621.13
-70.202 -131.846 2757.64
-32.6972 -1027.21 2999.85
44.8441 -275.114 2617.57
-41.2696 -292.796 2813.27
-49.0232 -690.125 2854.22
-50.0763 88.2121 2713.41
67.2205 78.9662 2713.71
277.38 -118.063 2790.91
103.842 -1059.38 3005.63
166.916 -297.03 2637.67
115.112 -305.092 2813.83
122.893 -715.815 2870.87
184.517 69.7203 2714.01
52.0709 -109.989 2763.63
FRAME: 101
82.8515 295.921 2622.25
-86.8979 -142.494 2771.35
-24.4305 -1032.51 2994.05
-21.8436 -345.807 2669.2
-40.0613 -296.838 2813.79
-48.641 -693.815 2852.06
-56.8798 87.7239 2717.84
63.0836 78.8881 2712.94
279.721 -122.374 2778.24
103.851 -1061.23 3006.38
176.603 -312.935 2627.38
117.43 -308.391 2807.72
122.34 -717.398 2869.73
183.047 70.0523 2708.04
50.884 -111.863 2761.85
FRAME: 102
79.3891 297.533 2621.29
-93.6778 -140.471 2785.25
-16.5289 -1029.05 2989.95
-122.014 -385.855 2710.78
-39.9358 -296.04 2811.54
-48.5581 -692.365 2849.43
-63.5876 88.1495 2721.37
58.5197 79.2265 2711.01
277.631 -126.101 2753.95
103.103 -1058.65 3006.15
167.993 -325.866 2620.97
117.158 -307.487 2798.33
120.765 -714.687 2866.28
180.627 70.3034 2700.66
48.5655 -111.269 2757.97
FRAME: 103
71.8839 300.075 2623.62
-111.184 -150.305 2804.39
-8.4541 -1025.6 2985.63
-146.759 -398.243 2735.04
-43.539 -297.437 2810.92
-47.7669 -691.171 2847.5
-68.3386 89.2747 2722.91
53.3069 80.085 2708.27
271.896 -128.73 2724.88
103.054 -1061.73 3004.94
152.844 -317.816 2591.01
114.926 -309.36 2792.04
119.64 -717.279 2862.59
174.952 70.8952 2693.64
44.5001 -111.657 2754.88
FRAME: 104
62.7311 301.014 2623.33
-118.247 -157.595 2815.08
-6.06695 -1029.57 2983.23
-159.165 -404.891 2777.63
-46.2256 -304.924 2814.27
-46.0697 -695.89 2847.34
-78.8784 86.3706 2731.45
43.4758 78.1516 2710.45
263.096 -129.767 2698.6
102.437 -1059.72 3003.56
114.901 -289.663 2586.52
112.786 -315.533 2787.14
113.405 -720.101 2857.09
165.83 69.9327 2689.44
38.3781 -116.038 2755.58
FRAME: 105
50.9931 300.062 2625.85
-125.033 -153.113 2827.29
-2.0167 -1034.9 2978.89
-213.788 -404.146 2840.59
-44.4747 -307.413 2815.87
-47.3362 -701.509 2844.04
-84.4803 84.1247 2738.63
35.6507 74.9198 2706.38
240.681 -150.133 2667.62
101.161 -1056.66 3004.27
25.5831 -310.16 2542.49
105.068 -318.854 2775.63
110.053 -722.083 2850.39
155.782 65.7149 2674.13
32.9736 -119.107 2751.06
FRAME: 106
30.7043 298.454 2626.01
-131.973 -147.741 2845.2
2.48163 -1040.4 2977.95
-233.064 -397.41 2902.1
-46.8404 -313.971 2821.28
-58.343 -713.263 2847.55
-91.0103 80.605 2746.93
19.9115 70.0626 2699.02
199.703 -157.276 2624.15
100.418 -1051.02 3005.85
-66.9827 -276.395 2536.04
92.5863 -327.261 2760.74
99.1535 -730.321 2830.78
130.833 59.5201 2651.1
21.3922 -125.277 2745.01
FRAME: 107
11.4692 295.376 2629.11
-133.269 -141.566 2876.24
9.31325 -1050.79 2968.62
-238.968 -400.818 2911.65
-58.2973 -313.52 2833.21
-69.3724 -722.439 2849.17
-102.228 82.3812 2761.34
3.2777 70.4492 2700.2
157.524 -155.988 2594.17
101.925 -1051.71 2991.86
-129.228 -237.116 2535.75
82.8756 -329.543 2751.67
83.4477 -741.259 2797.17
108.783 58.5172 2639.06
7.78343 -125.541 2746.32
FRAME: 108
-3.25781 290.318 2632.33
-135.926 -141.17 2893.73
10.3999 -1050.93 2958.64
-240.169 -405.229 2926.07
-72.2469 -309.245 2846.59
-74.8805 -720.352 2850.27
-107.356 85.0754 2775.14
-8.3127 69.3018 2701.41
131.3 -157.077 2572.65
108.151 -1053.62 2965.26
-163.003 -205.401 2540.2
69.2581 -331.816 2741.22
68.868 -739.109 2768.86
90.7302 53.5281 2627.68
-4.90354 -125.614 2747.66
FRAME: 109
-13.8427 288.027 2630.77
-133.091 -138.178 2904.38
12.3246 -1049.12 2961.06
-243.258 -413.129 2935.39
-69.4779 -310.258 2841.92
-76.1068 -720.501 2851.59
-111.081 79.3929 2781.27
-19.2744 63.4082 2697.62
94.6127 -156.446 2542.11
110.992 -1047.28 2949.85
-193.19 -165.612 2554.34
55.9521 -332.132 2727.54
43.538 -742.316 2738.69
72.5322 47.4235 2613.97
-13.0187 -128.893 2741.17
FRAME: 110
-26.3288 288.084 2628.95
-128.025 -133.131 2912.72
16.5222 -1051.65 2961.99
-240.367 -411.869 2926.62
-69.4095 -311.669 2839.52
-74.5689 -720.608 2854.18
-115.447 77.7179 2786.04
-28.1498 60.9037 2694.11
55.234 -159.35 2522.49
116.32 -1045.98 2930
-203.881 -132.29 2570.66
44.8661 -333.699 2719.06
26.1797 -745.645 2716.31
59.1474 44.0895 2602.17
-20.2108 -130.89 2736.7
FRAME: 111
-37.6088 289.122 2626.37
-124.61 -131.71 2911.11
14.5787 -1054.36 2958.28
-227.854 -413.479 2941.72
-71.6648 -312.857 2832.8
-79.9566 -723.252 2852.66
-111.635 79.2248 2791.14
-35.4981 62.2046 2688.39
-0.0760934 -151.558 2515.31
126.418 -1049.21 2835.69
-234.827 -101.521 2575.18
30.8256 -335.811 2694.43
7.75543 -741.079 2684.39
40.6391 45.1844 2585.64
-27.9589 -131.065 2726
FRAME: 112
-45.6503 288.566 2622.18
-122.9 -131.885 2915.07
15.2016 -1056.74 2958.8
-228.001 -424.753 2931.63
-71.6822 -315.254 2830.26
-79.6622 -725.208 2853.81
-109.766 78.5502 2790.59
-42.3192 60.0249 2679.92
-39.9015 -147.596 2510.43
121.621 -1052.13 2810.17
-229.746 -84.089 2597.07
20.0499 -340.545 2679.66
-7.5575 -737.319 2666.09
25.1276 41.4995 2569.25
-34.0677 -133.937 2717.44
FRAME: 113
-56.4575 287.601 2614.76
-122.581 -131.948 2911.9
18.5821 -1056.86 2956.71
-221.56 -425.293 2925.02
-69.7716 -316.974 2826.5
-79.2717 -725.336 2857.58
-109.355 78.1291 2789.86
-48.4386 58.2583 2672.69
-63.9134 -146.537 2492.12
115.64 -1057.25 2773.58
-269.147 -41.9345 2637.43
11.182 -343.476 2670.71
-22.2944 -731.291 2646.23
12.478 38.3876 2555.53
-38.8667 -135.983 2710.65
FRAME: 114
-62.3924 287.43 2610.77
-122.973 -129.419 2913.84
18.3881 -1056.23 2948.75
-217.362 -421.395 2902.27
-69.6953 -314.637 2826.75
-80.699 -716.836 2855.29
-103.496 80.1932 2789.94
-51.9294 59.1562 2664.83
-115.229 -130.385 2479
98.4127 -1069.2 2725.99
-287.89 -55.4926 2669.68
3.17252 -344.556 2649.35
-29.8648 -727.995 2628.47
-0.363029 38.1192 2539.71
-42.5954 -135.22 2701.44
FRAME: 115
-73.1201 291.26 2600.41
-120.959 -121.024 2915.82
24.5839 -1044.23 2947.16
-220.608 -424.36 2885.26
-69.7701 -310.284 2823.5
-83.8838 -698.695 2852.72
-103.252 87.718 2787.82
-55.9359 65.7376 2657.46
-128.704 -111.544 2488.35
84.375 -1070.42 2689.38
-292.938 -61.868 2682.28
-3.10508 -341.662 2638.13
-36.5012 -723.594 2611.72
-8.61961 43.7571 2527.1
-46.1867 -130.118 2694.14
FRAME: 116
-79.4535 291.177 2590.54
-117.712 -128.177 2907.79
17.233 -1050.66 2927.33
-215.45 -411.028 2880.8
-70.965 -309.921 2817.88
-91.697 -703.628 2844.36
-99.6634 83.4497 2781.88
-58.6478 62.5948 2650.51
-98.3373 -125.848 2474.26
78.0611 -1094.57 2633.56
-303.86 -57.6758 2679.71
-8.86279 -341.609 2618.63
-42.3121 -730.394 2589.41
-17.6321 41.74 2519.14
-49.2808 -131.585 2684.38
FRAME: 117
-85.7764 292.061 2577.99
-111.982 -128.385 2899.59
20.5798 -1050.99 2927.11
-214.93 -423.762 2854.44
-69.1656 -310.54 2808.61
-91.1963 -707.322 2844.25
-97.266 84.3163 2778.66
-62.3525 62.563 2639.16
-110.612 -128.818 2469.77
67.1089 -1099.97 2619.45
-272.35 -85.8003 2629.85
-17.199 -342.937 2601.06
-48.4471 -731.766 2570.46
-27.4389 40.8097 2499.65
-52.7674 -132.088 2672
FRAME: 118
-90.8035 289.855 2568.7
-110.677 -126.418 2895.24
20.2805 -1043.28 2926.79
-201.938 -397.754 2864.2
-67.4053 -307.576 2803.14
-92.1233 -700.74 2839.58
-94.1998 85.5932 2769.55
-64.6759 61.3656 2626.32
-144.574 -122.159 2450.47
59.7775 -1100.97 2604.81
-276.214 -87.0301 2631.93
-23.2739 -344.058 2589.26
-51.2987 -727.298 2542.5
-35.152 37.138 2483.1
-55.0077 -132.226 2661.26
FRAME: 119
-97.5175 283.352 2546.61
-107.12 -131.721 2886.85
19.2432 -1044.8 2922.86
-185.226 -386.854 2878.45
-66.8381 -308.64 2790.08
-94.823 -695.362 2829.32
-91.8449 80.038 2763.5
-69.3511 56.167 2606.69
-159.331 -130.092 2433.04
53.3401 -1103.16 2589.92
-304.841 -116.684 2641.02
-31.8849 -346.005 2546.39
-57.0232 -724.995 2503.82
-46.8573 32.2961 2449.89
-59.3563 -135.578 2637.46
FRAME: 120
-105.073 280.577 2519.18
-105.486 -135.265 2876.19
19.5158 -1045.94 2917.94
-189.254 -391.644 2856.47
-65.9515 -308.905 2775.47
-106.342 -691.582 2793.01
-90.7601 76.6843 2753.97
-71.3827 51.6972 2587.2
-169.702 -143.826 2418.33
45.7058 -1106.11 2575.4
-291.956 -135.457 2623.15
-36.0351 -347.686 2517.88
-65.269 -728.755 2479.61
-52.0053 26.71 2420.43
-61.188 -138.299 2616.94
FRAME: 121
-110.179 275.753 2496.81
-108.872 -143.465 2861.24
21.1198 -1052.92 2899.8
-210.06 -373.613 2798.82
-66.5271 -309.711 2760.5
-113.305 -702.802 2761.14
-89.5446 72.1695 2741.7
-71.8799 47.2639 2570.61
-169.963 -163.646 2385.72
36.7081 -1110.93 2559.18
-327.539 -201.292 2580.82
-39.1273 -348.622 2494.54
-76.8436 -741.182 2460.03
-54.2151 22.3582 2399.51
-62.3535 -140.951 2599.06
FRAME: 122
-113.894 269.335 2476.94
-103.818 -143.52 2850.78
17.6717 -1056.24 2891.46
-232.139 -354.45 2739.68
-68.1077 -314.235 2746.09
-123.174 -715.953 2728.37
-92.8169 63.8171 2712.76
-75.2525 36.8477 2544.68
-166.387 -187.085 2359.63
37.5896 -1113 2552.98
-333.519 -250.353 2526.01
-38.6822 -359.544 2473.72
-77.9164 -747.215 2449.91
-57.688 9.87825 2376.6
-64.3237 -150.021 2577.29
FRAME: 123
-116.574 257.079 2451.83
-102.062 -149.142 2833.85
10.731 -1073.57 2863.87
-238.662 -359.324 2712.26
-68.5532 -319.737 2729.72
-125.871 -728.284 2703.24
-91.7322 55.0607 2699.42
-74.7798 24.8107 2523.96
-157.066 -206.079 2328.05
31.7471 -1116.37 2541.16
-343.167 -299.553 2468.23
-41.0599 -368.676 2453.16
-84.3101 -757.608 2431.63
-57.8274 -5.43932 2348.5
-64.7932 -159.698 2557.7
FRAME: 124
-116.733 245.112 2430.02
-103.161 -157.36 2817.69
-13.0608 -1105.03 2819.4
-224.671 -378.186 2716
-70.1522 -326.238 2713.06
-128.4 -737.354 2693.42
-91.23 41.2241 2678.11
-74.7233 9.39364 2502.62
-114.15 -252.239 2255.86
23.3468 -1121.24 2524.55
-326.136 -367.131 2376.31
-43.011 -378.99 2432.06
-94.0714 -767.176 2407.13
-58.2166 -22.4368 2327.13
-65.6525 -171.61 2537.59
FRAME: 125
-111.845 230.477 2411.39
-87.9179 -137.615 2810.11
-7.46575 -1080.39 2860.36
-190.404 -417.813 2715.12
-76.8994 -328.716 2705.2
-133.544 -734.56 2693.45
-97.555 28.4749 2622.06
-79.5345 -9.12603 2465.85
-73.1246 -262.303 2221.54
29.3006 -1135.46 2539.33
-286.125 -426.705 2251.35
-40.4954 -403.86 2419.67
-108.651 -796.701 2366.7
-61.5139 -46.7269 2309.65
-69.116 -187.707 2514.15
FRAME: 126
-113.275 208.871 2377.9
-87.9026 -166.043 2796.41
-17.7059 -1115.38 2808.12
-151.637 -396.178 2735.18
-76.5004 -343.174 2690.1
-131.344 -763.308 2675.13
-89.0817 21.0493 2644.1
-70.3968 -13.6515 2465.21
-55.4033 -270.937 2192.03
18.0495 -1120.67 2515.85
-243.699 -455.698 2142.51
-44.2074 -404.426 2389.89
-99.9 -787.426 2378.51
-51.712 -48.3524 2286.33
-65.3754 -193.726 2502.61
FRAME: 127
-113.918 193.743 2357.75
-81.2645 -178.074 2778.13
-33.8103 -1139.25 2753.4
-146.708 -400.497 2733.84
-78.2904 -354.018 2670.74
-131.651 -771.753 2666.81
-88.421 9.0412 2632.46
-68.4272 -23.913 2451
-27.8864 -261.957 2166.14
14.772 -1123.08 2504.93
-200.836 -459.77 2034.06
-44.3361 -411.072 2369.22
-89.1099 -790.749 2367.62
-48.4334 -56.8672 2269.54
-64.8702 -203.229 2485.49
FRAME: 128
-116.152 178.043 2327.92
-80.4335 -183.284 2760.93
-35.3567 -1148.02 2733.44
-174.533 -431.949 2696.48
-80.3941 -363.585 2649.82
-131.741 -779.365 2653.47
-86.2651 0.374321 2619.93
-65.5465 -29.1877 2436.93
3.53183 -251.219 2125.81
10.0883 -1126.31 2490.21
-72.052 -435.731 1876.26
-45.4846 -414.524 2344.16
-79.8666 -798.773 2353.56
-44.8279 -58.7496 2253.92
-64.2429 -209.121 2466.96
FRAME: 129
-115.858 166.823 2305.29
-76.9985 -177.021 2741.35
-28.0007 -1146.13 2728.89
-200.278 -441.972 2666.52
-86.3199 -363.395 2628.14
-131.418 -780.63 2633.41
-90.0709 -4.89669 2579.99
-66.6591 -34.5911 2410.88
23.0043 -247.053 2101.37
8.32844 -1144.29 2480.87
-19.5547 -426.672 1835.75
-42.763 -419.796 2332.58
-75.2843 -814.302 2347.99
-43.2473 -64.2855 2241.77
-65.6003 -213.093 2445.62
FRAME: 130
-117.206 164.096 2289.22
-91.3401 -192.636 2697.51
-45.6276 -1131.68 2684.35
-241.559 -459.108 2594.19
-96.1941 -380.32 2589.66
-122.304 -779.494 2598.34
-100.592 -10.1879 2545.09
-69.0881 -40.8733 2383.34
42.767 -248.962 2074.6
5.94262 -1141.47 2466.45
31.2457 -407.75 1810.58
-44.6733 -433.032 2325.39
-75.2868 -819.802 2343.97
-37.5841 -71.5587 2221.6
-69.7609 -223.775 2420.43
FRAME: 131
-117.13 161.154 2274.22
-124.366 -233.639 2632.58
-41.982 -1128.69 2675.56
-318.157 -503.467 2545.03
-105.225 -413.169 2512.72
-144.337 -820.702 2458.66
-116.354 -24.8795 2517.31
-70.4699 -44.6347 2361.84
62.9976 -234.965 2058.46
-1.64252 -1165.3 2468.64
78.5404 -370.965 1782.8
-48.3473 -445.449 2317.06
-74.4436 -832.354 2333.89
-24.5855 -64.3899 2206.37
-73.628 -236.972 2388.36
FRAME: 132
-114.751 162.319 2258.63
-152.016 -256.574 2572.71
-44.5208 -1114.3 2653.48
-338.443 -494.848 2504.43
-107.443 -420.339 2478.81
-124.97 -792.133 2448.48
-121.704 -29.2425 2509.74
-69.4949 -44.7 2352.51
80.3897 -215.384 2043.68
-13.2928 -1139.48 2449.72
99.2929 -344.794 1794.65
-49.3632 -444.652 2309.68
-66.9767 -837.249 2327.5
-17.2854 -60.1575 2195.27
-73.9489 -238.598 2373.38
FRAME: 133
-112.778 165.95 2247.47
-146.821 -233.556 2566.66
-50.3355 -1118.08 2632.92
-311.348 -474.091 2506.56
-112.6 -410.49 2474.39
-131.705 -790.499 2445.92
-134.164 -22.3719 2458.25
-77.0345 -44.2285 2325.07
82.8377 -213.136 2034.26
-12.7306 -1166.94 2450.5
133.99 -325.937 1766.12
-40.8181 -441.287 2305.99
-57.5554 -832.604 2326.3
-19.9048 -66.0852 2191.9
-76.8719 -235.058 2357.63
FRAME: 134
-110.286 177.097 2230.92
-159.404 -205.901 2540.32
-62.072 -1091.56 2634.46
-330.352 -452.001 2481.69
-113.001 -383.205 2469.72
-142.736 -710.125 2532.57
-143.287 -5.24241 2436.48
-79.2203 -30.905 2307.66
88.9087 -198.482 2023.37
-20.0717 -1146.75 2464.9
136.822 -333.416 1760.49
-31.0724 -418.044 2299.32
-52.0747 -800.58 2317.81
-15.1537 -56.5675 2178.84
-75.6285 -215.765 2346.09
FRAME: 135
-108.987 179.835 2225.86
-170.254 -213.295 2537.68
-70.9433 -1041.57 2551.52
-359.301 -446.611 2451.77
-113.061 -384.12 2452
-136.788 -714.591 2553.37
-142.987 -4.07948 2451.35
-75.4658 -23.3261 2317.3
95.1525 -189.156 2027.68
-20.347 -1153.53 2467.73
143.983 -323.438 1771.39
-34.2646 -407.551 2299.48
-58.9501 -745.711 2293.63
-7.94419 -42.5727 2183.24
-74.5644 -209.581 2346.52
FRAME: 136
-108.19 183.136 2225.93
-166.268 -198.496 2537
-67.6377 -1076.05 2582.97
-351.249 -428.794 2439.31
-113.403 -363.656 2461.37
-141.633 -718.462 2537.08
-146.451 8.8925 2429.82
-74.4851 -17.6269 2305.44
96.8665 -190.064 2024.14
-45.9049 -1088.19 2504.11
140.185 -331.566 1777.34
-26.5593 -397.029 2307.47
-53.8194 -756.553 2312.66
-2.519 -44.1463 2181.06
-72.2332 -198.985 2344.93
FRAME: 137
-106.575 186.648 2222.29
-173.53 -193.852 2536.37
-62.3491 -1055.69 2584.26
-356.619 -427.31 2432.5
-112.48 -358.892 2465.19
-137.52 -714.424 2525.74
-149.627 11.3368 2435.04
-76.4434 -13.2688 2310.88
104.088 -189.146 2036
-39.6552 -1111.38 2496.19
137.197 -340.127 1789.7
-22.3319 -390.269 2309.77
-53.2418 -752.532 2311.47
-3.2599 -37.8745 2186.72
-71.9246 -193.925 2349.18
FRAME: 138
-106.427 186.352 2221.49
-182.254 -203.521 2532.46
-79.2651 -1035.02 2554.13
-359.821 -429.885 2419.35
-114.439 -357.679 2454.21
-141.595 -657.09 2298.65
-156.239 8.1448 2431.42
-71.7852 -15.4185 2309.67
110.765 -192.22 2029.99
-40.5654 -1085.56 2466.62
133.733 -356.389 1805.99
-15.574 -385.207 2311.6
-44.4981 -747.47 2319.54
12.6688 -38.9819 2187.92
-68.3958 -193.431 2346.29
FRAME: 139
-106.418 187.173 2222.82
-183.008 -198.388 2541.9
-90.0151 -1019.69 2536.67
-354.543 -424.25 2423.84
-112.648 -353.375 2459.77
-137.951 -703.523 2441.72
-153.78 7.50695 2436.64
-69.4867 -17.8745 2313.6
111.6 -198.102 2036.09
-37.2391 -1062.32 2473.09
119.921 -374.168 1827.58
-15.7859 -382.575 2317.99
-47.3674 -740.229 2324.63
14.8072 -43.2559 2190.56
-66.8517 -192.925 2351.24
FRAME: 140
-99.3778 187.336 2236.53
-186.454 -203.689 2543.5
-81.028 -1038.08 2542.25
-346.674 -420.539 2408.87
-113.042 -363.629 2463.07
-149.936 -720.742 2458.78
-155.996 1.63622 2441.24
-67.7695 -22.5415 2320.3
118.685 -206.55 2059.18
-40.0716 -1070.61 2460.06
110.317 -383.563 1859.32
-13.3356 -390.974 2325.67
-48.2135 -744.936 2311.82
20.4571 -46.7191 2199.36
-65.4792 -199.921 2357.34
FRAME: 141
-92.9877 185.276 2255.41
-194.732 -213.84 2549.64
-76.2567 -1052.12 2566.48
-325.506 -398.475 2383.84
-114.784 -375.624 2475.49
-146.953 -752.382 2536.68
-159.083 -7.11808 2455.81
-65.9225 -29.3558 2341.48
130.709 -221.629 2103.37
-44.1556 -1069.6 2461.23
90.1559 -391.834 1910.82
-13.0164 -399.998 2350.24
-56.5299 -749.83 2335.02
27.2377 -51.5935 2227.14
-64.9114 -208.583 2377.17
FRAME: 142
-87.7368 182.304 2292.03
-193.926 -223.553 2569.73
-76.0119 -1053.53 2580.56
-306.787 -393.873 2380.99
-122.022 -389.379 2510.41
-158.369 -756.857 2572.31
-154.82 -11.9161 2478.07
-63.0535 -35.0935 2365.51
135.17 -237.013 2148.39
-39.2632 -1080.09 2465.81
58.0654 -406.148 1985.4
-7.6696 -418.486 2369.38
-66.7533 -769.785 2358.14
28.713 -58.2708 2252.96
-63.9497 -219.513 2402.7
FRAME: 143
-83.6206 187.119 2322.28
-190.809 -226.922 2594.93
-81.868 -1052.89 2582.95
-286.762 -361.835 2382.26
-122.064 -391.228 2533.91
-157.737 -761.101 2611.81
-147.87 -14.3648 2503.72
-60.007 -36.8012 2391.9
132.559 -246.632 2195.94
-36.1209 -1079.16 2471.61
27.9732 -408.795 2042.26
-8.58634 -419.897 2388.81
-77.2766 -784.907 2372
27.8559 -59.2377 2280.08
-62.6662 -221.182 2426.63
FRAME: 144
-81.6236 194.455 2346.11
-189.997 -228.885 2611.3
-74.9504 -1048.7 2622.93
-285.348 -365.091 2404.62
-123.415 -391.248 2545.07
-146.374 -758.817 2651.52
-145.291 -12.4165 2527.82
-58.8443 -30.8366 2418.42
134.133 -241.651 2244.77
-38.4228 -1080.54 2468.53
15.7577 -395.165 2098.45
-11.1761 -414.787 2402.95
-75.1991 -784.369 2385.82
27.6027 -49.2566 2309.02
-63.07 -216.927 2446.21
FRAME: 145
-82.8823 206.4 2374.96
-197.517 -226.84 2636.46
-72.3516 -1057.41 2637.25
-292.138 -379.69 2414.21
-121.222 -386.086 2566.26
-151.727 -754.015 2683.97
-151.265 -6.69407 2556.58
-61.3596 -22.8109 2450.62
133.064 -232.611 2305.16
-35.609 -1081.37 2470.84
1.12475 -384.697 2156.97
-12.3069 -405.567 2438.43
-67.4341 -776.416 2405.8
28.546 -38.9277 2344.65
-64.062 -209.319 2476.48
FRAME: 146
-83.0542 217.744 2393.83
-208.109 -211.483 2666.07
-39.3951 -1073.9 2764.42
-278.778 -366.966 2425.24
-120.701 -377.326 2593.71
-147.381 -742.626 2704.82
-166.468 7.43642 2585.08
-68.5095 -6.85619 2479.47
132.045 -222.646 2360.62
-36.4653 -1085.19 2471.03
-13.4618 -366.737 2220.95
-9.98923 -393.689 2474.57
-57.7978 -767.081 2433.38
29.4487 -21.1488 2373.86
-66.9272 -196.182 2506.8
FRAME: 147
-84.2443 225.91 2410.85
-213.808 -202.723 2684.8
-39.4305 -1073.17 2788.79
-291.095 -366.899 2450.55
-120.977 -369.791 2616.52
-146.318 -743.899 2711.31
-172.387 15.1731 2602.12
-71.2123 1.89597 2501.74
124.786 -214.891 2399.38
-37.6774 -1081.03 2495.32
-37.2611 -351.897 2271.96
-7.1342 -384.958 2503.01
-45.7867 -755.966 2455.7
29.9625 -11.3812 2401.35
-67.634 -187.739 2530.75
FRAME: 148
-85.4888 233.851 2424.31
-222.473 -197.886 2695.46
-21.7244 -1073.75 2870.1
-282.838 -337.604 2428.07
-120.987 -358.571 2644.16
-142.661 -738.499 2719.73
-174.915 20.5285 2615.85
-71.0849 8.6406 2526.22
114.124 -203.982 2470.29
-12.3533 -1077.88 2498.29
-55.5408 -340.567 2334.98
2.30151 -372.852 2537.61
-26.0065 -745.191 2479.24
32.7451 -3.24729 2436.59
-65.2139 -178.535 2558.55
FRAME: 149
-85.881 247.95 2452.69
-218.51 -190.143 2698.12
-13.8325 -1067.12 2903.18
-238.436 -314.034 2433.14
-122.712 -354.837 2662.39
-138.254 -734.48 2731.83
-176.41 28.1422 2631.76
-69.4012 18.934 2553.6
107.629 -197.869 2502.43
-1.23161 -1076.51 2516.3
-86.4515 -317.307 2410.99
7.29955 -366.163 2567.33
-14.7196 -743.138 2517.75
37.6072 9.72579 2475.44
-63.5538 -170.783 2584.23
FRAME: 150
-84.1711 258.2 2472.52
-216.35 -183.91 2701.39
-2.63449 -1057.47 2936.59
-206.34 -276.263 2413.14
-122.622 -349.821 2681.29
-133.334 -731.129 2749.07
-179.075 36.9386 2645.02
-67.8278 28.6399 2572.95
109.155 -188.456 2552.22
27.5382 -1079.22 2568.82
-78.9134 -295.354 2437.01
12.9283 -359.97 2593.45
0.469823 -741.378 2557.61
43.4194 20.3413 2500.88
-61.3374 -163.128 2605.16
FRAME: 151
-78.5749 265.142 2487.72
-216.065 -181.238 2708.51
-3.04061 -1052.97 2950.26
-204.794 -247.698 2419.96
-121.718 -346.264 2697.1
-125.684 -728.273 2768.24
-179.697 42.7579 2653.81
-64.6258 35.1609 2588.73
112.529 -178.932 2584.34
43.558 -1081.9 2648.23
-89.3931 -281.779 2457.19
19.1912 -355.543 2617.45
13.2102 -735.052 2593.85
50.4453 27.5639 2523.64
-57.9446 -157.871 2623
FRAME: 152
-70.8092 270.148 2511.7
-216.456 -181.603 2714.4
-6.88548 -1048.25 2954.29
-203.418 -231.294 2439.01
-120.782 -342.596 2714.44
-124.037 -729.152 2781.13
-177.965 46.7118 2659.38
-63.0068 39.559 2601.24
113.297 -174.737 2604.73
67.5508 -1075.46 2731.59
-81.9396 -262.408 2471.54
24.2105 -351.621 2641.12
20.2541 -734.852 2622.14
51.9515 32.4063 2543.11
-55.6463 -153.775 2639.51
FRAME: 153
-57.6004 282.117 2542.51
-216.762 -176.663 2715.3
-8.71062 -1046.89 2953.7
-199.617 -185.974 2449.17
-118.383 -333.802 2731.63
-118.831 -724.916 2792.42
-176.382 56.0307 2664.23
-56.8396 51.028 2618.76
115.361 -169.421 2631.19
81.1227 -1057.9 2806.03
-84.6592 -233.993 2495
35.8956 -340.268 2672.87
36.7549 -724.19 2666.05
62.7027 46.0253 2573.3
-49.0417 -143.003 2660.51
FRAME: 154
-48.2663 291.432 2557.49
-213.334 -168.867 2725.97
-10.1924 -1044.6 2956.36
-180.179 -165.692 2466.8
-117.168 -323.871 2741.97
-114.155 -717.913 2807.59
-172.673 63.5362 2671.07
-50.8033 59.2186 2632.08
122.375 -162.792 2659.28
89.1043 -1048.96 2863.31
-87.3864 -248.024 2516.62
42.2359 -329.527 2690.89
48.8395 -715.138 2698.75
71.0663 54.9009 2593.09
-44.1348 -133.74 2674.26
FRAME: 155
-42.1369 297.122 2567.19
-204.006 -157.371 2741.93
-17.0239 -1042.21 2957.77
-146.316 -170.479 2490.88
-114.258 -314.195 2751.99
-110.291 -712.763 2820.11
-169.166 69.0391 2679.99
-44.9191 64.7005 2644.29
131.33 -160.784 2678.9
95.527 -1042.4 2896.92
-64.7479 -229.979 2510.56
46.4545 -319.805 2705.77
64.9015 -708.561 2734.01
79.3278 60.3618 2608.6
-39.4104 -126.15 2686.59
FRAME: 156
-36.7243 301.737 2571.65
-196.873 -153.134 2745.86
-27.2284 -1033.08 2973.38
-154.668 -168.523 2485.8
-107.05 -309.419 2764.53
-104.897 -703.548 2830.21
-162.575 75.8901 2684.15
-37.9868 72.7485 2653.09
137.775 -149.228 2684.67
98.6402 -1037.19 2939.28
-62.1476 -225.856 2525.67
57.1347 -313.57 2723.56
77.2204 -701.278 2760.65
86.6016 69.6069 2622.03
-31.4722 -119.373 2698.57
FRAME: 157
-29.2582 306.205 2577.13
-186.715 -145.279 2741.66
-35.56 -1026.43 2981.53
-126.511 -166.2 2487.69
-103.039 -304.183 2771.51
-100.419 -694.705 2835.6
-159.877 80.3541 2687.02
-32.2696 78.1645 2661.52
146.224 -141.423 2699.67
100.741 -1028.63 2964.79
-27.0187 -207.718 2538.72
62.6305 -307.03 2738.41
86.6166 -687.995 2789.97
95.3376 75.9749 2636.02
-26.2369 -113.721 2708.24
FRAME: 158
-16.9484 308.909 2584.76
-163.635 -149.712 2758.4
-38.078 -1024.28 2987.47
-122.704 -166.914 2493.09
-96.3516 -296.739 2780.59
-97.9806 -687.701 2840.27
-153.913 81.5225 2690.11
-25.4964 79.6887 2668.14
158.995 -136.689 2718.83
101.076 -1024.99 2976.05
-3.34 -232.31 2554.58
67.9733 -299.112 2752.47
92.4514 -678.126 2808.62
102.92 77.8549 2646.18
-19.8427 -109.119 2717.34
FRAME: 159
-8.22115 310.125 2589.68
-151.478 -151.558 2786.91
-39.8116 -1024.77 2993.37
-92.7455 -175.106 2518.61
-89.3599 -292.232 2788.29
-94.3039 -683.024 2844.66
-147.24 81.8005 2692.79
-18.2828 81.0583 2674.86
163.268 -140.996 2731.34
100.866 -1021.41 2983.48
-14.2922 -216.415 2553.93
76.6724 -293.193 2765.27
100.858 -666.716 2827.96
110.675 80.3161 2656.93
-12.3132 -105.827 2725.82
FRAME: 160
0.554946 309.311 2593.77
-147.034 -148.668 2787.37
-41.701 -1023.41 2998.61
-82.1644 -196.205 2531.31
-82.6849 -289.929 2794.21
-90.1501 -679.642 2847.22
-139.048 80.8503 2694.24
-10.9049 79.9818 2678.87
177.009 -136.008 2746.34
101.283 -1021.5 2994.16
11.707 -230.881 2560.57
81.1816 -291.041 2774.59
105.099 -665.998 2846.27
117.238 79.1133 2663.5
-5.82827 -105.252 2731.64
FRAME: 161
10.1149 305.684 2599.05
-136.658 -127.398 2786.78
-41.2631 -1023.68 3003.03
20.7007 -201.172 2584.12
-78.067 -290.179 2801.4
-84.0245 -683.927 2853.1
-129.584 80.2262 2694.9
-3.1437 79.1936 2683.9
198.58 -124.068 2762.75
100.544 -1024.39 3006.46
9.99693 -226.278 2585.29
84.8366 -291.492 2787.26
106.361 -669.708 2862.85
123.297 78.1611 2672.89
0.12054 -105.821 2739.11
FRAME: 162
21.9655 301.48 2604.58
-108.428 -135.906 2780.89
-40.3945 -1025.03 3009.88
34.6519 -197.416 2587.44
-71.7558 -292.592 2808.13
-74.5201 -688.784 2858.74
-119.998 79.6684 2695.94
4.74497 78.6504 2688.23
207.851 -122.263 2770.77
100.407 -1030.61 3025.79
43.2573 -247.567 2600.32
89.018 -293.909 2798.26
108.09 -682.507 2883.87
129.488 77.6324 2680.53
6.68805 -107.3 2745.71
FRAME: 163
28.7961 298.98 2608.99
-60.1015 -144.815 2708.32
-39.9871 -1024.05 3009.13
57.3281 -222.658 2599.8
-63.849 -295.646 2813.41
-69.7374 -688.478 2863.84
-109.827 76.107 2695.48
13.8236 76.0371 2692.41
217.019 -121.082 2784.67
101.503 -1034.22 3025.41
60.4153 -233.63 2607.49
96.9908 -295.774 2809.46
109.863 -688.137 2885.89
137.474 75.9672 2689.34
15.1972 -109.836 2751.92
FRAME: 164
34.7507 297.245 2609.1
-67.4713 -130.106 2707.83
-39.1766 -1032.22 3016.49
50.4024 -242.87 2578.28
-61.4945 -299.145 2815.47
-64.592 -696.776 2869.66
-104.123 76.9785 2697.69
20.4046 76.0844 2696.95
220.992 -120.346 2791.11
101.796 -1037.4 3039.75
90.3023 -260.384 2630.54
98.1888 -300.289 2814.6
111.731 -694.444 2900.2
144.932 75.1902 2696.21
19.3759 -111.816 2755.99
FRAME: 165
39.8647 297.009 2611.68
-88.6821 -122.011 2757.84
-38.8623 -1031.98 3015.48
22.6942 -232.957 2644.08
-56.763 -297.121 2817.2
-60.1956 -695.248 2870.14
-93.1479 80.3474 2700.26
30.6717 78.3614 2702.65
223.873 -117.55 2803.96
101.238 -1038.74 3041.23
60.6185 -240.223 2609.84
101.436 -299.677 2820.28
112.4 -695.783 2902.79
154.491 76.3754 2705.03
26.504 -110.019 2760.69
FRAME: 166
45.0419 297.443 2613.04
-72.7475 -115.735 2789.65
-38.5268 -1033.86 3013.77
49.8971 -240.371 2609.46
-50.1774 -294.401 2821.39
-57.1533 -696.217 2870.2
-86.446 83.2892 2705.61
38.0522 80.6105 2708.93
226.356 -115.097 2805.3
102.046 -1037.02 3041.8
59.9281 -229.934 2609.49
104 -297.756 2825.43
113.697 -692.205 2903.63
162.55 77.9318 2712.26
32.4817 -107.734 2766.17
FRAME: 167
50.347 298.739 2616.11
-48.4203 -123.167 2754.39
-37.2647 -1031.93 3013.15
47.8539 -236.549 2636.66
-47.7891 -294.003 2823.57
-54.7816 -692.041 2871.12
-75.0437 87.6804 2707.84
45.8995 83.8333 2712.51
229.111 -108.693 2811.33
101.671 -1035.1 3041.06
65.7228 -226.107 2601.24
106.304 -299.001 2829.47
115.208 -691.177 2902.83
166.843 79.9863 2717.17
37.5785 -106.334 2769.51
FRAME: 168
51.8239 298.89 2619.2
-11.4986 -140.824 2673.97
-38.2362 -1034.87 3015.92
69.2493 -250.397 2622.66
-47.285 -294.743 2824.45
-54.5456 -694.934 2871.17
-69.3022 86.2904 2707.94
48.2469 82.3858 2713.44
227.903 -110.923 2812.29
101.518 -1036.05 3044.47
68.7888 -237.057 2598.39
107.447 -299.906 2831.83
115.772 -691.513 2906.28
165.796 78.4812 2718.93
39.164 -107.469 2770.79
FRAME: 169
55.2984 300.311 2622.04
-2.41777 -137.711 2679.48
-37.0506 -1033.87 3016.66
124.094 -274.857 2682.91
-44.4446 -293.892 2826.79
-52.6623 -691.787 2872.09
-67.4851 87.9864 2712.23
49.8263 84.1284 2717.58
230.776 -110.322 2818.93
101.399 -1035.44 3045.04
42.3986 -221.987 2570.43
108.515 -298.962 2833.79
117.273 -690.659 2904.87
167.138 80.2704 2722.94
40.9306 -106.149 2773.94
FRAME: 170
56.6721 300.421 2623.38
4.73218 -134.052 2678.28
-35.8639 -1032.02 3017.82
127.093 -265.794 2676.16
-39.686 -297.803 2828.23
-51.4413 -690.261 2873.58
-65.2288 88.7223 2713.92
51.2174 85.22 2719.01
234.733 -106.808 2818.6
101.637 -1038.06 3046.66
56.2092 -227.575 2596.81
108.998 -302.29 2834.77
118.038 -694.256 2906.47
167.664 81.7178 2724.11
42.9366 -107.413 2775.26
FRAME: 171
58.6704 300.94 2626.3
8.85826 -134.151 2668.56
-34.7592 -1031.91 3018.91
131.21 -272.197 2657.35
-37.7263 -296.982 2832.81
-50.3742 -690.638 2874.54
-63.1328 90.8238 2716.3
51.5341 86.9875 2718.96
239.713 -103.468 2815.83
101.783 -1036.89 3047.97
49.2578 -256.15 2571.84
109.532 -301.946 2836.21
119.008 -694.427 2906.69
166.201 83.1512 2721.62
43.7184 -106.238 2776.74
FRAME: 172
59.4866 301.751 2628.14
5.80139 -129.927 2661.61
-33.9492 -1032.05 3018.63
127.438 -265.567 2645.33
-36.8377 -298.682 2837.22
-50.7371 -691.223 2875.11
-63.3105 91.8138 2718.34
50.73 87.6848 2719.38
243.333 -101.603 2809.63
101.857 -1037.65 3046.45
65.2494 -260.414 2602.27
108.173 -303.944 2838.54
119.061 -695.443 2906.96
164.77 83.5559 2720.41
43.1987 -106.814 2778.63
FRAME: 173
58.1128 301.548 2627.83
-1.77977 -126.29 2681.33
-30.3869 -1030.52 3022.78
132.207 -256.122 2610.1
-37.3501 -298.486 2838.19
-49.2802 -692.639 2877.31
-65.2583 91.7741 2718.65
48.6711 87.8605 2718.62
244.93 -103.054 2807.16
101.808 -1037.49 3048.28
120.502 -263.226 2625.65
108.108 -303.48 2838.14
119.178 -697.836 2907.43
162.6 83.9468 2718.6
42.025 -106.561 2778.39
FRAME: 174
56.9101 302.211 2630.92
-16.2183 -123.879 2701.73
-26.0094 -1030.34 3024.91
104.819 -271.165 2605.21
-37.9378 -298.463 2839.85
-49.1552 -692.49 2878.94
-75.0823 89.7077 2726.85
43.2153 86.01 2722.73
247.851 -110.865 2785.47
101.946 -1039.54 3047.2
83.489 -249.749 2567.53
107.884 -303.031 2834.9
118.333 -699.401 2904.19
161.513 82.3123 2718.61
39.0943 -107.369 2780.05
FRAME: 175
51.3449 303.525 2635.81
-112.019 -131.164 2813.78
-11.0216 -1030.47 3016
71.5941 -275.33 2599.42
-40.3076 -298.298 2841.09
-50.4004 -692.694 2878.09
-85.5129 88.4069 2734.45
36.2914 84.9089 2725.98
235.513 -126.721 2739.08
102.381 -1040.52 3044.13
29.2823 -221.258 2501.4
105.959 -302.522 2830.99
113.358 -703.339 2891.9
158.096 81.4108 2717.52
34.5585 -107.751 2781.01
FRAME: 176
40.2759 304.919 2642.14
-136.963 -126.744 2847.59
0.593005 -1035.57 3006.91
-13.983 -297.299 2616.49
-44.9562 -298.62 2840.84
-51.3395 -695.512 2877.31
-98.955 87.741 2744.63
26.2775 83.8176 2728.9
219.228 -135.541 2704.79
100.723 -1042.63 3038.02
-1.08507 -195.001 2486.85
99.2983 -303.16 2822.64
107.526 -708.148 2876.59
151.51 79.8944 2713.16
26.7243 -108.536 2780.32
FRAME: 177
31.6983 304.962 2646
-141.717 -140.075 2852.88
7.84841 -1040.61 2999.12
-101.877 -312.208 2659.85
-55.9673 -299.83 2839.5
-54.5994 -699.458 2875.97
-106.455 86.5678 2752.42
13.9529 80.631 2725.62
204.845 -135.283 2675.12
100.833 -1040.43 3033.91
-82.2813 -142.777 2457.81
89.4652 -307.08 2807.01
98.1661 -714.473 2855.99
134.361 74.6942 2698.82
15.3509 -111.412 2774.44
FRAME: 178
21.8342 302.644 2650.33
-146.766 -130.954 2845.37
13.7539 -1042.43 2997.64
-137.38 -294.63 2649.26
-72.1772 -301.001 2835.04
-60.7723 -702.025 2878.18
-116.047 89.5736 2761.2
1.68651 81.7669 2724.82
184.643 -127.807 2649.21
100.823 -1042.85 3021.05
-104.824 -126.863 2465.56
77.7942 -310.984 2788.72
82.3763 -718.255 2828.58
119.42 73.9602 2688.44
2.2475 -112.113 2768.35
FRAME: 179
14.8274 301.148 2653.49
-156.992 -130.589 2859.1
17.5179 -1043.31 2995.68
-170.568 -314.798 2687.66
-83.2195 -302.16 2834.5
-65.63 -703.758 2882.97
-123.231 91.8294 2774.26
-8.17555 82.9013 2729.31
145.7 -122.997 2607.1
98.7185 -1045.88 2988.17
-124.438 -99.0679 2465.39
65.5266 -313.755 2776.41
64.0686 -721.628 2792.73
106.88 73.9731 2684.36
-8.51102 -112.528 2767.38
FRAME: 180
1.3201 296.536 2657.56
-168.615 -130.703 2860.51
18.4979 -1045.26 2992.71
-212.599 -356.747 2723.09
-87.6055 -302.76 2833.37
-73.2164 -706.008 2882.16
-129.182 89.5875 2790.05
-17.7517 80.4119 2733.51
101.738 -124.629 2561.07
102.999 -1038.96 2962.71
-182.776 -68.7202 2471.75
53.028 -314.433 2762.17
47.4531 -720.229 2758.98
93.6782 71.2363 2676.97
-17.5202 -114.092 2765.64
FRAME: 181
-7.25907 295.283 2658.36
-171.313 -130.006 2864.47
19.0134 -1046.69 2987.62
-251.275 -369.766 2738.69
-92.5189 -301.894 2829.54
-80.3296 -705.487 2877.09
-133.801 90.5774 2795.68
-24.8938 81.5406 2731.96
68.9806 -119.239 2537.07
109.045 -1028.43 2945.24
-205.135 -51.0243 2492.6
45.0427 -313.37 2749.17
28.5622 -717.906 2729.1
84.0137 72.5039 2668.25
-24.316 -113.046 2760.66
FRAME: 182
-18.4622 295.224 2656.14
-164.987 -127.608 2873.35
16.993 -1048.22 2985.63
-268.029 -389.673 2757.14
-94.2655 -300.306 2827.24
-85.8677 -705.376 2875.51
-132.889 94.7436 2801.61
-32.9342 84.0779 2724.63
44.8509 -114.165 2524.67
115.156 -1024.85 2921.01
-185.129 -44.0356 2497.26
29.7393 -313.566 2731.78
17.2714 -716.422 2714.31
67.021 73.4122 2647.65
-32.5986 -111.429 2752.07
FRAME: 183
-30.5355 296.5 2651.93
-161.59 -131.71 2878.11
16.6568 -1052.68 2978.66
-283.462 -384.626 2755.79
-93.8945 -303.817 2822.46
-85.9743 -708.987 2874.78
-133.928 90.728 2803.41
-46.1324 78.8531 2708.99
17.6673 -105.144 2512.08
110.275 -1048.76 2810.58
-213.744 -15.5409 2532.78
14.6853 -318.459 2705.75
-0.803465 -717.696 2680.68
41.6631 66.9782 2614.58
-42.8685 -116.142 2736.55
FRAME: 184
-42.1407 296.993 2643.43
-158.329 -126.487 2890.78
17.8449 -1056.4 2978.83
-283.887 -389.337 2776.27
-92.7528 -306.153 2819.93
-87.3105 -711.37 2875.79
-133.703 90.0924 2804.09
-56.8386 78.3622 2699.31
-13.7932 -96.1992 2518.43
103.544 -1047.87 2786.76
-274.852 11.1063 2575.43
5.539 -321.143 2685.92
-15.7216 -713.702 2657.42
20.0258 66.6321 2594.53
-50.2227 -117.643 2726.12
FRAME: 185
-56.9754 299.031 2629.58
-159.038 -126.796 2888.09
17.6829 -1052.3 2977.2
-285.664 -388.074 2766.22
-91.2012 -304.265 2816.77
-88.7633 -707.88 2873.7
-133.497 94.7889 2801.02
-64.3887 80.8614 2684.03
-60.7955 -91.6334 2506.23
88.5948 -1051.12 2727.01
-309.089 17.0792 2623.57
-2.26547 -322.216 2666.03
-27.2545 -712.854 2629.63
4.71984 66.9339 2567.04
-55.561 -116.189 2712.71
FRAME: 186
-74.5081 295.032 2606.62
-157.444 -129.788 2876.9
14.8295 -1044.41 2987.43
-281.857 -380.099 2749.22
-90.8848 -304.26 2811.5
-92.4311 -706.144 2871.43
-133.246 97.3296 2789.8
-70.2705 82.0561 2667.82
-128.032 -80.8843 2500.1
57.8807 -1060.61 2666.11
-352.688 18.4535 2682.13
-5.77032 -324.967 2646.55
-29.6634 -714.452 2605.26
-7.29442 66.7825 2545.84
-59.299 -116.279 2698.42
FRAME: 187
-85.6906 292.447 2590.93
-154.441 -137.637 2849.93
16.2536 -1040.95 2989.08
-279.105 -374.354 2741.45
-90.7704 -303.398 2804.17
-99.9152 -699.803 2856.31
-131.214 96.2049 2774.55
-74.657 78.766 2647.42
-138.799 -86.8975 2504.2
52.8134 -1064.95 2622.31
-357.124 13.5489 2693.45
-8.82045 -328.351 2620.32
-31.3713 -717.52 2585.15
-18.0998 61.3272 2520.29
-62.2262 -118.554 2679.83
FRAME: 188
-91.4876 294.289 2577.57
-148.149 -142.055 2833.93
14.6268 -1041.76 2981.53
-278.413 -380.049 2739.03
-89.6993 -304.063 2796.94
-99.6095 -701.671 2847.2
-128.295 93.1543 2761.85
-77.7524 74.4359 2632.39
-167.078 -87.0195 2500.29
48.1342 -1075.42 2571.31
-367.289 -14.5148 2703.69
-13.4867 -332.289 2601.83
-31.8461 -719.613 2565.09
-27.2099 55.7174 2502.94
-64.6727 -121.87 2665.89
FRAME: 189
-99.4454 291.88 2559.14
-149.876 -141.754 2826.19
10.9977 -1034.3 2972.27
-276.626 -381.128 2718.63
-86.9797 -302.723 2788.79
-98.8246 -696.789 2828.95
-125.857 90.9956 2750.54
-81.0703 70.3235 2615.55
-178.637 -96.1182 2490.43
48.9859 -1077.16 2554.28
-357.173 -26.6568 2687.01
-17.7803 -334.571 2580.42
-36.1264 -716.591 2534.76
-36.2838 49.6514 2480.55
-66.7252 -124.162 2650.08
FRAME: 190
-107.127 289.011 2543.56
-150.07 -141.207 2813.58
11.7718 -1030.15 2953.52
-270.13 -385.501 2712.34
-84.2009 -303.94 2779.03
-99.8007 -692.667 2808.36
-119.708 87.0589 2738.95
-83.6073 64.7479 2598.31
-180.693 -108.784 2473.86
43.1479 -1080.02 2535.87
-374.336 -58.83 2686.14
-26.7784 -339.475 2554.94
-45.9995 -716.159 2507.92
-47.5062 42.4368 2457.67
-69.5485 -128.48 2632.65
FRAME: 191
-112.689 287.366 2526.43
-151.417 -145.918 2795.33
12.4948 -1035.52 2940.81
-269.937 -386.67 2724.78
-82.8292 -305.555 2769.37
-96.6289 -697.834 2781.25
-121.743 86.0847 2729.74
-88.9135 61.8932 2580.97
-179.164 -129.4 2435.22
41.0785 -1082.6 2543.1
-364.487 -93.1148 2664.62
-30.4869 -344.23 2533.03
-51.2827 -723.45 2491.69
-56.0842 37.7018 2432.19
-72.7858 -131.5 2616.08
FRAME: 192
-119.827 279.548 2498.4
-149.126 -150.898 2791.57
11.0519 -1040.92 2933.5
-256.468 -394.471 2692.24
-80.0803 -310.162 2756.62
-97.3878 -707.047 2760.77
-119.878 79.262 2721.52
-91.2962 53.9032 2564.52
-197.681 -141.071 2424.45
34.4755 -1086.66 2533.32
-369.396 -119.767 2645.1
-34.8135 -350.293 2508.93
-57.7699 -734.489 2469.88
-62.7145 28.5445 2407.53
-74.3716 -138.162 2598.65
FRAME: 193
-124.245 271.538 2471.39
-149.152 -153.492 2784.03
9.49622 -1043.57 2926.52
-240.671 -405.509 2681.84
-78.3349 -314.418 2743.58
-104.303 -716.214 2738.2
-118.939 73.4664 2711.49
-94.4627 44.8274 2543.82
-205.645 -158.175 2401.18
28.092 -1087.49 2527.83
-394.223 -171.973 2595.6
-40.3622 -358.733 2484.84
-67.9678 -744.175 2447.9
-69.9865 16.1885 2376.15
-76.9056 -145.874 2579.02
FRAME: 194
-123.572 248.727 2430.2
-145.359 -158.603 2770.32
-1.71658 -1051.62 2900.65
-246.118 -412.499 2686.69
-80.363 -321.812 2724.16
-117.2 -730.844 2715.68
-116.365 63.6127 2691.01
-93.7951 24.5546 2504.34
-160.99 -235.932 2279.08
20.5633 -1084.58 2532.92
-393.011 -312.549 2423.79
-46.612 -379.59 2449.67
-86.4667 -765.837 2417.78
-71.2248 -14.5034 2317.67
-78.6413 -163.073 2545.63
FRAME: 195
-123.811 230.373 2395.89
-140.665 -159.124 2757.46
-20.6539 -1065.75 2866.69
-246.892 -413.101 2644.93
-81.5836 -330.482 2703.08
-122.048 -735.838 2707.4
-111.919 45.4761 2648.03
-92.2486 5.85861 2468.35
-139.392 -251.615 2250.92
15.4155 -1090.81 2525.64
-369.136 -390.644 2317.88
-48.6111 -398.604 2411.93
-95.9037 -785.357 2393.92
-72.5787 -33.7589 2288.67
-78.673 -179.342 2512.93
FRAME: 196
-122.601 214.198 2372.74
-133.713 -171.968 2743.1
-19.9206 -1074.06 2851.36
-221.934 -407.758 2651.53
-81.2963 -339.621 2685.05
-121.069 -741.876 2702.56
-109.372 34.3009 2638.98
-88.579 -7.40701 2451.34
-117.993 -262.723 2210.02
14.1022 -1108.95 2499.09
-315.892 -438.515 2191.7
-48.1575 -407.293 2391.18
-104.818 -791.667 2376.7
-67.7855 -49.1149 2263.7
-76.653 -190.432 2494.73
FRAME: 197
-122.431 198.704 2346.53
-125.866 -183.512 2730.5
-26.8607 -1087.9 2824.68
-198.83 -401.884 2661.23
-82.695 -352.094 2668.72
-125.221 -752.506 2688.48
-107.299 17.3953 2614.99
-86.5816 -24.97 2430.19
-91.6921 -280.825 2167.64
5.27584 -1110.38 2503.97
-261.152 -473.086 2068.11
-48.6544 -423.904 2369.77
-108.628 -796.189 2369.84
-65.8642 -67.3354 2245.39
-76.1282 -206.484 2474.72
FRAME: 198
-120.861 187.328 2327.99
-125.625 -195.791 2720.36
-25.6638 -1078.6 2825.55
-256.328 -447.31 2587.44
-83.9247 -373.933 2613.56
-123.565 -761.081 2662.55
-109.694 -2.88756 2592.49
-84.8583 -37.0131 2409.6
-67.1915 -274.347 2118.06
-4.86278 -1096.07 2519.46
-193.406 -470.574 1963.65
-51.92 -431.802 2350.77
-108.286 -803.896 2361.27
-60.0225 -71.1386 2226.71
-76.3903 -219.94 2445.88
FRAME: 199
-120.774 178.431 2313.06
-124.424 -211.299 2706.54
-24.0192 -1060.6 2806.92
-272.055 -463.79 2551.36
-80.701 -384.429 2565.17
-119.979 -760.125 2567.58
-109.466 -17.0601 2581.89
-82.7845 -41.9352 2395.61
-36.991 -258.169 2079.12
-24.8539 -1064.81 2500.56
-126.143 -451.6 1889.68
-50.4374 -430.368 2334.37
-91.7785 -804.538 2350.83
-56.1029 -66.8103 2209.33
-74.1769 -224.667 2422.69
FRAME: 200
-122.081 170.924 2292.03
-124.173 -212.606 2694.05
-25.8713 -1095.94 2744.38
-289.827 -466.981 2528.43
-80.702 -389.339 2561.59
-106.574 -772.453 2560.3
-106.413 -17.2904 2582.63
-80.6264 -42.642 2390.9
-17.7607 -242.836 2047.28
-28.8464 -1041.12 2522.76
-44.6644 -427.949 1825.37
-50.575 -429.924 2324.3
-84.3413 -808.943 2350.86
-54.8394 -67.9936 2199.18
-73.1324 -226.137 2416.92
FRAME: 201
-123.341 166.06 2272.98
-119.685 -206.183 2678.64
-24.7682 -1075.2 2747.1
-301.283 -456.356 2505.82
-81.7184 -387.018 2555.74
-114.074 -807.601 2483.36
-105.265 -12.7201 2565.82
-79.3612 -42.7223 2375.97
10.4858 -237.466 2022.67
-23.6773 -1052.95 2478.61
22.1426 -418.059 1794.63
-50.573 -433.354 2320.07
-74.4387 -808.615 2324.37
-53.4571 -72.7245 2186.12
-72.7535 -226.454 2406.94
FRAME: 202
-126.424 166.685 2255.67
-121.662 -199.812 2655.71
-41.2501 -1053.34 2735.33
-307.381 -441.345 2475.38
-86.8688 -379.835 2542.75
-113.181 -781.693 2525.29
-109.779 -8.89683 2529.43
-81.729 -42.6012 2353.53
34.9806 -230.564 2009.98
-23.683 -1055.67 2530.72
72.4139 -394.925 1781.92
-50.2008 -432.208 2317.39
-78.3149 -801.402 2328.92
-53.6788 -76.3056 2177.63
-75.1319 -224.311 2391.8
FRAME: 203
-128.638 170.684 2239.11
-149.717 -220.262 2545.49
-44.2383 -1061.65 2607.12
-314.936 -427.912 2452.29
-87.6529 -373.164 2531.73
-121.982 -771.821 2499.5
-117.235 -3.52805 2508.75
-82.5272 -36.3719 2336.21
54.1155 -220.131 2009.06
-25.4085 -1062.54 2524.21
114.042 -373.477 1781.07
-39.3374 -424.773 2298.45
-67.8474 -801.326 2311.83
-47.8189 -69.2157 2163.67
-73.0112 -217.67 2375.65
FRAME: 204
-130.038 178.588 2223.91
-140.822 -213.51 2541.08
-40.5287 -1068.34 2597.61
-306.445 -395.146 2424.94
-89.7751 -374.99 2481.95
-122.299 -763.68 2483.07
-127.935 -4.85557 2460.25
-81.2785 -32.1823 2304.08
91.3998 -209.88 1997.7
-15.2796 -1082.95 2471.07
145.61 -347.078 1767.42
-28.1224 -415.381 2272.98
-51.0904 -800.289 2279.42
-34.6216 -59.509 2147.91
-70.1136 -213.684 2340.77
FRAME: 205
-130.966 190.44 2212.72
-146.075 -207.267 2527.93
-48.633 -1070.08 2579.5
-304.374 -400.907 2418.49
-91.1643 -369.034 2445.7
-124.387 -760.147 2471.25
-134.445 -0.973087 2423.44
-78.4474 -22.8485 2283.89
104.72 -201.287 1997.27
-13.1109 -1079.59 2451.75
152.019 -337.355 1764.99
-18.8834 -403.278 2262.18
-31.5279 -782.751 2249.86
-22.4496 -44.724 2144.35
-66.7356 -204.502 2318.92
FRAME: 206
-130.675 196.545 2206.31
-151.055 -209.049 2506.06
-44.5572 -1067.82 2552.41
-301.049 -403.502 2399.88
-90.2151 -373.698 2401.83
-113.651 -755.956 2423.23
-135.592 -4.68936 2402.28
-74.6337 -16.4154 2271.08
120.931 -191.375 1997.72
-12.677 -1043.93 2426.4
146.886 -336.155 1752.45
-10.6514 -373.616 2226.22
-5.95044 -721.927 2190.51
-13.6757 -28.1414 2139.88
-62.5335 -195.036 2292.55
FRAME: 207
-128.396 204.581 2200.77
-154.295 -202.386 2507.95
-31.8627 -972.635 2468.77
-303.661 -388.635 2376.39
-87.8736 -361.797 2391.04
-113.455 -737.908 2419.22
-141.681 1.04457 2402.51
-75.0651 -7.97845 2272.41
132.349 -176.673 2006.15
-29.7313 -1001.57 2435.34
149.909 -336.328 1750.34
-8.3304 -359.903 2232.19
7.06004 -716.117 2207.14
-8.44888 -17.0015 2142.32
-61.5836 -184.414 2292.01
FRAME: 208
-125.479 210.521 2197.73
-165.466 -184.668 2511.94
-34.2793 -984.565 2480.03
-308.903 -376.381 2357.4
-92.3186 -349.712 2402.11
-120.706 -726.379 2398.54
-150.43 14.3007 2404.19
-75.9793 -0.687279 2276.59
141.602 -176.452 2029.84
-34.0225 -1014.32 2433.24
198.238 -290.163 1819.02
-11.7843 -365.672 2263.45
-1.77009 -720.421 2228.17
-1.5288 -15.6752 2148.99
-64.0154 -179.19 2304.68
FRAME: 209
-122.456 212.488 2196.88
-174.848 -171.442 2521.91
-41.2043 -966.268 2480.38
-309.912 -373.888 2349.62
-91.1931 -345.807 2408.66
-123.604 -725.135 2429.93
-160.13 22.9994 2409.36
-76.5627 6.16666 2283.62
152.041 -179.505 2044.45
-15.423 -1019.85 2426.86
224.273 -301.667 1832.2
-11.4186 -361.666 2288.67
-18.0909 -737.75 2267.34
7.00496 -10.666 2157.87
-63.9343 -173.785 2316.14
FRAME: 210
-117.724 216.707 2200.07
-175.769 -170.823 2523.84
-43.5175 -992.989 2516.55
-307.962 -372.858 2350.34
-96.2817 -342.252 2417.78
-136.683 -719.93 2453.64
-159.016 25.5408 2409.43
-73.1331 8.20296 2288.82
154.451 -185.744 2060.59
-6.57589 -1040.89 2394.74
172.519 -339.321 1761.4
-8.01996 -359.945 2293.46
-25.5476 -747.067 2268.49
12.7494 -9.13483 2168.21
-62.642 -171.448 2322.22
FRAME: 211
-107.691 219.654 2208.73
-177.172 -169.385 2529.22
-45.4728 -983.513 2496.07
-302.518 -373.943 2349.98
-102.574 -342.632 2426.53
-141.255 -721.266 2473.58
-160.137 27.5232 2416.3
-71.7307 11.791 2300.46
151.661 -185.963 2075.4
-25.9959 -1002.41 2418.67
171.434 -358.599 1779.54
-6.14298 -359.865 2299.84
-14.1599 -739.535 2276.15
16.6751 -3.94113 2184.62
-63.0447 -169.729 2331.82
FRAME: 212
-100.121 221.657 2222.37
-180.456 -173.598 2529.95
-48.2754 -1000.74 2488.32
-299.208 -374.594 2345.39
-107.46 -345.184 2431.49
-134.255 -722.046 2471.59
-164.373 24.5613 2425.91
-72.1464 11.4091 2313.61
152.682 -185.009 2100.45
-51.2949 -962.174 2446.29
187.102 -341.59 1853.49
-5.54787 -359.862 2307.33
-22.8019 -741.927 2268.48
20.0804 -1.74307 2201.31
-64.3251 -170.557 2341.51
FRAME: 213
-93.1016 220.987 2236.21
-186.443 -181.554 2534.03
-58.6182 -980.618 2470.09
-296.662 -379.527 2343.34
-109.052 -346.603 2436.6
-131.088 -701.24 2457.31
-165.279 18.6745 2430
-69.1019 6.59406 2325.13
158.535 -184.33 2121.04
-44.6597 -961.397 2438.77
162.829 -354.019 1875.64
-3.39727 -359.955 2320.83
-42.2059 -732.604 2260.04
27.0747 -5.48638 2220.27
-62.6633 -173.343 2351.92
FRAME: 214
-86.1637 221.933 2252.49
-190.077 -186.27 2533.56
-65.0076 -964.247 2485.4
-287.589 -389.887 2333.21
-119.229 -349.439 2455.6
-136.124 -713.987 2465.46
-166.475 18.003 2440.28
-64.7831 6.18365 2346.74
162.182 -184.327 2155.74
-35.4383 -967.324 2408.07
187.345 -340.671 1968.16
2.58285 -363.609 2343.19
-17.4117 -714.182 2300.93
36.9092 -5.6357 2253.2
-61.553 -175.17 2373.07
FRAME: 215
-76.3646 222.055 2294.75
-196.428 -196.334 2544.03
-62.2551 -963.664 2494.2
-275.09 -377.583 2353.14
-120.849 -355.513 2464.14
-109.904 -730.882 2465.2
-167.69 12.2658 2466.26
-58.2235 3.81951 2385.14
161.828 -200.853 2253.81
-24.9152 -1014.15 2390.49
153.443 -354.063 2065.62
0.64318 -364.996 2373.23
-25.0933 -724.183 2331.32
51.2428 -4.62681 2304.02
-59.1631 -178.218 2401.91
FRAME: 216
-72.3751 220.141 2325.79
-200.286 -206.084 2575.62
-54.1684 -990.754 2532.26
-265.834 -355.394 2362.6
-124.833 -366.05 2490.99
-112.998 -740.713 2558.78
-172.631 7.84315 2506.48
-59.8154 1.45177 2420.3
162.869 -202.356 2290.94
-22.9898 -1033.34 2402.86
129.436 -363.766 2115.89
-1.26635 -373.72 2395.93
-37.5973 -758.901 2401.23
52.9997 -4.93961 2334.12
-61.4327 -184.217 2431.88
FRAME: 217
-70.6919 221.542 2356.02
-208.919 -207.675 2590.22
-48.9499 -1013.69 2585.43
-291.819 -404.534 2451.37
-126.026 -368.672 2518.91
-112.922 -756.027 2612.06
-176.775 6.89855 2524.48
-63.4125 0.745908 2444.56
153.682 -205.248 2340.66
-19.3378 -1036.11 2407.49
102.211 -363.625 2168.28
1.2636 -375.875 2429.15
-41.4965 -761.475 2413.83
49.9504 -5.40673 2364.63
-62.8967 -185.764 2459.3
FRAME: 218
-68.6271 223.769 2389.54
-212.393 -212.774 2622.21
-50.2201 -1018.37 2630.03
-284.482 -399.012 2462.24
-123.192 -376.738 2552.57
-111.846 -749.62 2624.03
-176.266 5.11132 2550.82
-66.9618 0.14709 2475.29
144.058 -208.486 2374.85
-17.4091 -1046.19 2430.13
74.7729 -362.829 2209.92
1.83613 -382.516 2465.62
-36.498 -767.542 2441.41
42.3424 -4.81714 2399.76
-63.82 -189.74 2492.19
FRAME: 219
-69.0022 225.371 2411.39
-228.138 -211.589 2667.81
-46.0771 -1029.1 2704.58
-284.884 -405.025 2488.18
-126.898 -379.804 2588.04
-135.876 -758.678 2690.07
-182.288 7.69807 2586.53
-75.242 4.69929 2508.62
130.992 -200.819 2437.17
-7.08156 -1068.4 2447.36
40.9474 -357.92 2250.33
1.9193 -383.89 2492.64
-26.5549 -767.711 2460.91
31.8035 1.70051 2430.72
-68.8658 -188.574 2524.48
FRAME: 220
-72.2509 228.166 2436.51
-242.654 -211.524 2687.26
-30.9216 -1046.36 2834.84
-286.592 -393.596 2494.27
-134.799 -373.331 2619.98
-145.271 -758.551 2726.74
-190.373 10.7226 2606.02
-80.9092 6.32379 2531.52
122.249 -202.168 2473.72
-3.95318 -1064.5 2445.7
14.5623 -355.472 2308.79
0.195191 -379.273 2527.48
-20.5693 -764.131 2489.94
28.5543 1.92503 2457.02
-74.1056 -184.989 2552.63
FRAME: 221
-73.0912 232.733 2463.76
-247.864 -214.405 2698.25
-24.1358 -1067.48 2913.55
-287.131 -387.565 2488.51
-137.226 -368.982 2639.49
-142.843 -756.554 2738.29
-194.559 11.952 2622.54
-79.858 9.15431 2559.19
109.76 -210.637 2528.25
-1.76702 -1065.11 2452.13
-1.89678 -340.671 2344.99
4.35789 -372.56 2561.49
-6.42746 -756.613 2522.07
34.8426 6.35658 2495.84
-73.1461 -180.808 2579.84
FRAME: 222
-74.2813 233.736 2479.87
-249.972 -210.512 2717.41
-22.51 -1071.84 2937.47
-285.657 -380.336 2493.73
-134.521 -366.117 2670.32
-141.408 -755.153 2749.31
-195.486 15.3957 2644.35
-80.1963 12.0056 2579.5
100.686 -210.739 2574.94
6.2036 -1069.44 2463.48
-30.5196 -323.546 2391.78
8.79005 -370.322 2589.69
4.67376 -751.148 2543.83
35.0932 8.61561 2514.64
-71.5309 -178.107 2604.75
FRAME: 223
-75.3855 247.486 2514.42
-257.247 -199.544 2727.29
-25.3053 -1061.67 2965.83
-278.95 -287.222 2470.71
-134.797 -362.301 2696.82
-141.238 -750.152 2759.81
-197.59 24.8132 2664.32
-83.56 22.4272 2603.77
95.9943 -200.523 2596.01
24.3887 -1068.11 2538.66
-69.1641 -298.832 2454.18
9.90269 -365.356 2619.93
13.2043 -743.47 2578.95
30.4697 20.0413 2543.21
-73.0036 -170.701 2631.07
FRAME: 224
-71.1094 261.93 2541.31
-263.391 -191.41 2738.4
-31.3522 -1054.68 2980.37
-303.92 -247.917 2417.72
-133.525 -356.357 2727.58
-143.17 -746.042 2779.03
-201.434 37.2687 2686.95
-85.0976 35.3857 2628.46
82.5457 -184.066 2626.04
60.0957 -1077.5 2683.32
-79.4946 -279.634 2457.18
13.5412 -358.741 2653.57
24.8053 -739.553 2620.7
31.2393 33.5027 2569.97
-72.5448 -161.082 2659.52
FRAME: 225
-65.0721 272.038 2562.37
-291.005 -163.83 2743.31
-35.5734 -1046.45 2973.13
-334.469 -182.297 2347.12
-131.686 -347.712 2747.85
-144.306 -740.012 2787.19
-203.059 46.8031 2696.87
-85.4543 45.9668 2643.47
77.4121 -173.651 2642.34
61.542 -1078.8 2745.57
-117.679 -237.047 2479.8
19.4053 -348.797 2679.28
37.4272 -732.149 2650.87
32.1506 45.1305 2590.08
-70.7973 -151.144 2678.52
FRAME: 226
-60.5612 281.691 2577.41
-286.692 -153.192 2745.54
-33.766 -1048.68 2982.06
-274.466 -171.497 2415.36
-130.647 -338.283 2754.63
-138.847 -735.825 2803.21
-203.762 59.1303 2703
-81.6639 60.1902 2658.18
84.9429 -162.223 2665.35
67.0344 -1069.88 2774.6
-121.502 -233.796 2502.94
25.0192 -336.96 2697.19
44.7983 -721.723 2675.8
40.4341 61.2501 2613.37
-67.2389 -138.715 2692.05
FRAME: 227
-55.3652 294.845 2592.02
-259.153 -154.171 2771.52
-32.0847 -1045.89 2986.58
-175.742 -252.805 2640.67
-127.064 -325.977 2761.97
-131.351 -722.815 2820.8
-200.674 65.0693 2705.13
-74.4821 66.6197 2668.06
106.062 -151.151 2693.13
73.2915 -1059.16 2806.53
-57.1637 -238.806 2560.74
29.7133 -324.041 2715.86
51.3456 -710.334 2700.21
51.7102 68.1702 2630.99
-61.5788 -129.195 2703.49
FRAME: 228
-49.3737 303 2605.72
-248.681 -151.634 2795.23
-33.7643 -1046.26 2989.97
-206.102 -279.37 2724.45
-127.143 -319.926 2767.78
-127.332 -717.189 2835.47
-200.084 69.8759 2707.06
-72.5677 72.1965 2674.72
106.848 -135.666 2709.8
76.6285 -1057.84 2835.36
-61.9055 -238.199 2568.02
33.3407 -316.981 2727.08
55.0472 -705.734 2718.01
54.9488 74.517 2642.39
-59.7343 -123.129 2711.08
FRAME: 229
-43.7658 309.751 2615.89
-239.092 -149.435 2804.71
-37.7794 -1044.28 2989.8
-163.366 -286.327 2746.01
-126.052 -314.59 2773.11
-127.223 -714.889 2842.7
-197.745 75.4507 2713.14
-67.5077 77.1814 2682.95
116.946 -132.114 2725.32
79.0244 -1054.27 2861.42
-63.9566 -241.253 2559.09
34.6713 -312.442 2735.87
60.2207 -702.346 2742.47
62.7291 78.9121 2652.75
-56.5989 -118.167 2718.72
FRAME: 230
-38.2354 312.178 2624.33
-235.042 -144.775 2790.04
-38.4457 -1049.39 2997.05
-138.802 -268.495 2679.72
-123.52 -317.254 2774.74
-122.256 -715.318 2848.31
-191.627 76.3362 2713.77
-63.4063 78.1485 2687.26
122.791 -122.331 2745.61
78.987 -1052.22 2904.11
-124.52 -200.838 2527.08
37.333 -314.981 2741.47
60.378 -705.372 2766.82
64.8145 79.9608 2660.74
-53.25 -118.984 2722.68
FRAME: 231
-33.3037 313.863 2631.17
-222.725 -132.982 2803.25
-41.6626 -1045.78 3006.51
-149.373 -209.072 2568.35
-120.605 -312.027 2778.8
-121.479 -711.14 2857.36
-189.387 76.3682 2717.85
-58.4063 78.1947 2695.04
123.741 -128.356 2748.62
76.7312 -1045.54 2928.79
-35.4906 -235.858 2561.41
39.0707 -309.764 2751.04
62.5132 -702.06 2785.85
72.5747 80.0213 2672.23
-49.5867 -116.35 2729.98
FRAME: 232
-24.4116 314.791 2640.75
-201.039 -122.789 2814.53
-44.0845 -1041.51 3009.7
-104.784 -194.895 2576.78
-116.642 -309.021 2782.89
-119.547 -708.703 2860.85
-183.822 77.2506 2720.81
-52.1964 78.7309 2701.07
129.291 -132.273 2762.15
73.8314 -1045.76 2938.64
-40.5187 -207.633 2562.33
42.0123 -307.209 2759.14
64.6623 -696.663 2807.29
79.4294 80.2113 2681.33
-44.7556 -114.692 2736.04
FRAME: 233
-14.0445 316.183 2648.73
-195.718 -126.316 2817.66
-44.7517 -1038.21 3013.01
-105.88 -175.861 2546.93
-114.433 -308.454 2784.61
-116.631 -706.677 2864.34
-176.248 79.5583 2723.6
-44.8579 80.3227 2707.46
140.889 -121.322 2778.65
71.0084 -1045.82 2944.98
-38.4758 -218.699 2611.04
45.745 -307.516 2764.95
63.218 -697.359 2823.41
86.5318 81.0871 2691.32
-39.601 -113.831 2741.12
FRAME: 234
-6.42687 316.247 2653.63
-170.203 -124.298 2786.36
-44.9367 -1035.52 3014.92
-94.0865 -158.287 2558.58
-111.93 -307.395 2785.34
-112.237 -704.177 2867.32
-166.061 80.3063 2723.07
-34.967 80.1804 2713.03
146.482 -128.674 2790.69
68.3809 -1049.63 2950.69
-1.50082 -241.078 2624.35
51.3077 -307.58 2772.84
63.6205 -701.594 2832.45
96.1271 80.0544 2702.98
-32.6391 -113.654 2746.06
FRAME: 235
5.97556 315.501 2658.77
-171.146 -115.593 2814.28
-45.0393 -1037.12 3017.14
-57.6554 -154.7 2564.92
-108.158 -306.776 2786.02
-106.392 -704.469 2868.53
-153.157 84.1287 2725.61
-19.9625 82.2519 2721.56
159.321 -136.075 2795.99
68.7126 -1051.62 2957.81
14.9105 -228.198 2622.19
61.0404 -309.181 2780.84
66.0549 -704.476 2842.21
113.232 80.3751 2717.51
-21.7607 -112.863 2752.49
FRAME: 236
20.9421 312.881 2663.97
-158.614 -110.584 2811.23
-43.9916 -1039.01 3017.4
-62.9905 -157.662 2592.66
-103.126 -304.271 2787.93
-101.397 -703.562 2868.03
-134.186 91.7598 2727.86
-6.83734 88.0981 2725.58
179.904 -124.235 2799.89
70.0459 -1051.65 2960.94
28.9895 -213.15 2620.49
68.9086 -309.232 2784.86
72.604 -706.264 2851.66
120.511 84.4363 2723.3
-11.9729 -109.327 2755.99
FRAME: 237
34.1499 312.151 2667.99
-148.341 -106.002 2808.46
-43.7004 -1037.11 3013.88
-43.9039 -137.743 2584.63
-88.8288 -301.501 2791.61
-88.5578 -706.886 2861.78
-109.435 95.6229 2729.99
11.5858 89.8989 2728.17
193.617 -112.168 2801.83
72.2193 -1052.23 2965.72
24.772 -174.207 2603.79
76.5314 -309.379 2789.08
76.2712 -707.575 2858.41
132.606 84.175 2726.34
2.71855 -107.771 2759.25
FRAME: 238
47.0916 309.346 2671.08
-127.788 -99.8142 2789.23
-43.1951 -1036.76 3012.82
-45.4068 -156.541 2606.6
-77.2083 -301.461 2791.98
-77.5984 -713.827 2856.28
-93.0719 94.5426 2731.21
24.3677 88.0028 2730.38
197.503 -111.51 2804.49
74.3058 -1053.98 2968.05
57.0421 -231.766 2615.66
83.2457 -310.432 2790.81
81.707 -706.644 2863.42
141.807 81.463 2729.54
13.6932 -108.972 2760.89
FRAME: 239
55.6775 306.998 2674.5
-123.827 -94.7035 2790.33
-44.7824 -1041.24 3014.39
-27.5703 -143.106 2614.91
-69.0879 -303.055 2795.09
-70.8801 -719.241 2853.48
-79.5093 96.7356 2736.38
32.2354 90.0287 2734.18
204.442 -105.214 2806.66
75.8929 -1055.38 2969.72
60.9655 -223.411 2623.82
88.5153 -312.505 2791.98
85.733 -708.152 2867.53
143.98 83.3218 2731.98
20.9745 -108.876 2763.86
FRAME: 240
64.7273 306.666 2676.42
-130.076 -90.9678 2795.16
-45.7886 -1041.82 3011.81
-18.5499 -145.745 2628.28
-64.4085 -299.776 2795.87
-68.2221 -717.255 2852.09
-61.9636 98.5634 2742.01
46.7866 89.1324 2738.09
204.337 -110.356 2815.74
76.1484 -1056.86 2965.64
61.1228 -219.335 2621.43
93.1802 -313.474 2790.31
87.0117 -707.866 2864.94
155.537 79.7013 2734.16
30.5862 -108.746 2765.59
FRAME: 241
69.1034 307.409 2676.99
-124.685 -90.0483 2785.84
-44.8938 -1039.82 3013.42
-19.991 -121.724 2645.81
-63.4974 -298.967 2796.79
-65.1956 -717.077 2850.3
-44.2039 99.3897 2744.47
59.1086 87.6329 2740.08
204.282 -116.69 2814.61
76.6294 -1060.9 2964.91
65.8134 -207.42 2623.39
96.0126 -317.133 2790.07
89.1917 -711.528 2865.21
162.421 75.8761 2735.68
37.6831 -110.208 2766.75
FRAME: 242
75.5647 305.686 2678.84
-125.116 -81.9666 2781.52
-45.0799 -1038.36 3011.43
-10.6852 -119.283 2670.99
-61.9261 -296.728 2795.15
-64.1181 -713.076 2847.68
-34.9144 100.025 2745.91
65.1356 88.0088 2743.29
213.402 -117.089 2819.5
77.6115 -1062.83 2963.68
39.0059 -159.974 2602.32
99.4339 -316.263 2790.97
92.2937 -711.663 2864.67
165.186 75.9922 2740.68
41.9447 -109.243 2768.18
FRAME: 243
81.1689 303.647 2680.03
-75.3071 -87.0504 2777.86
-45.1197 -1037.91 3012.08
-26.3447 -145.687 2686.91
-58.9831 -298.231 2797.84
-64.1259 -711.298 2850.03
-17.8409 94.8314 2754.34
74.2238 82.5136 2748.34
204.132 -105.735 2800.18
77.8777 -1062.55 2959.97
44.9676 -107.01 2608.82
103.538 -320.535 2788.51
94.4363 -711.505 2861.69
166.288 70.1958 2742.34
48.2506 -113.435 2770.76
FRAME: 244
87.8366 300.451 2682.62
-70.093 -84.3587 2779.81
-44.4795 -1036.81 3013.33
-56.5372 -127.768 2706.14
-54.854 -300.797 2798.03
-61.6584 -711.555 2849.24
-17.6364 87.5549 2755.75
73.6253 75.8182 2748.73
217.057 -103.267 2800.23
78.4072 -1063.41 2959.39
80.7779 -156.942 2641.51
105.439 -322.028 2786.74
96.2478 -712.957 2860.14
164.887 64.0814 2741.71
49.459 -117.797 2770.56
FRAME: 245
95.1803 297.224 2688.31
-63.6172 -84.1324 2778.9
-44.2771 -1038.72 3006.78
-14.1527 -83.6807 2712.24
-51.4269 -303.861 2796.39
-59.4082 -711.532 2846.02
-20.1096 80.7643 2753.88
74.6931 69.4236 2748.98
217.995 -106.992 2795.41
79.445 -1063.03 2961.04
72.6182 -147.681 2625.05
109.273 -323.846 2788.12
99.0871 -712.816 2860.56
169.496 58.0829 2744.09
51.808 -122.215 2770.62
FRAME: 246
100.786 294.606 2693.3
-61.0936 -84.3072 2777.51
-45.4856 -1037.62 3005.34
-29.0551 -63.0189 2708.65
-43.9025 -308.633 2799.15
-58.7242 -711.045 2844.69
-22.9076 77.9465 2758.31
75.5314 67.4336 2752.33
223.395 -113.452 2795.62
81.395 -1063.39 2963.05
56.262 -135.251 2623.25
114.574 -326.147 2788.95
101.548 -713.572 2861.27
173.97 56.9207 2746.35
55.4337 -124.978 2773.19
FRAME: 247
103.672 292.058 2697.31
-69.7862 -85.1892 2779.27
-46.4013 -1034.29 3002.96
-34.7435 -70.7556 2667.09
-37.229 -315.061 2800.07
-57.7307 -708.629 2840.82
-36.3343 68.7083 2756.75
68.9852 60.6855 2751.07
231.614 -129.141 2803.36
83.3597 -1066.61 2966.35
59.2389 -146.055 2613.34
116.593 -327.635 2792.26
103.295 -716.367 2864.47
174.305 52.6627 2745.39
54.3337 -130.331 2773.62
FRAME: 248
107.307 289.96 2700.58
-70.0219 -88.2528 2782.74
-45.9413 -1034.74 2998.75
-35.2051 -57.2755 2656.32
-35.7304 -316.096 2798.21
-56.2669 -707.714 2839.11
-35.0326 69.5197 2754.67
70.0892 62.2622 2751.06
227.757 -134.148 2805.1
84.1088 -1068.09 2966.83
66.0351 -95.9875 2634.25
121.561 -327.613 2793.56
104.072 -717.619 2864.71
175.211 55.0047 2747.44
56.5021 -129.796 2773.47
FRAME: 249
109.377 289.831 2702.43
-68.775 -92.8365 2782.89
-45.4232 -1032.54 2999.44
-2.92807 -22.754 2686.57
-33.0919 -316.728 2800.33
-54.3839 -705.979 2838.28
-29.5036 72.4319 2764.85
74.895 64.5586 2759.2
225.547 -134.299 2784.36
84.9642 -1070.15 2967.06
94.8031 -156.735 2622.98
123.994 -329.133 2792.81
106.065 -720.174 2864.07
179.294 56.6853 2753.55
60.173 -129.186 2777.88
FRAME: 250
110.481 290.04 2703.09
-80.3991 -85.0093 2767.85
-45.7591 -1026.62 3002.08
-28.9439 -72.2959 2685.42
-30.7625 -317.397 2804.75
-53.3053 -701.769 2842.46
-12.6191 70.9746 2776.31
85.9432 61.5204 2765.68
219.77 -143.7 2776.99
86.4221 -1077.21 2962.25
66.2625 -150.023 2603.36
124.184 -332.804 2788.39
107.115 -726.626 2859.28
184.505 52.0662 2755.04
66.3271 -131.79 2781.12
FRAME: 251
110.948 289.057 2703.75
69.2707 -130.972 2797.21
-39.5712 -1023.83 3011.83
28.7509 -137.374 2700.98
-20.5006 -318.225 2812.82
-45.5121 -701.255 2852.6
18.4672 62.6866 2798.33
106.082 52.1814 2778.85
230.954 -156.276 2777.45
81.6972 -1082.72 2951.28
109.08 -153.984 2638.31
117.387 -335.938 2779.16
102.076 -730.865 2848.4
193.696 41.6763 2759.37
77.2624 -137.45 2787.42
FRAME: 252
112.801 288.166 2705.25
80.86 -123.468 2795.31
-44.0441 -1023.25 3007.29
51.3145 -159.764 2690.33
-15.2992 -321.961 2810.91
-48.9257 -700.246 2850.24
14.4816 70.6861 2800.56
105.047 60.4603 2780.63
240.181 -141.277 2763.31
86.4851 -1085.33 2952.78
113.424 -154.564 2593.34
120.45 -338.318 2781.5
107.633 -733.556 2849.87
195.612 50.2345 2760.69
78.8113 -134.84 2788.41
FRAME: 253
113.434 288.359 2705.12
80.5357 -106.351 2776.11
-45.8479 -1020.65 2998.51
59.1335 -200.365 2703.22
-13.8411 -319.946 2801.82
-50.07 -697.41 2839.79
30.2647 70.9839 2779.55
115.875 59.4496 2773.67
263.131 -137.705 2752
88.6068 -1086.52 2965.15
48.6138 -158.03 2575.98
123.292 -339.543 2794.45
109.979 -734.47 2861.12
201.485 47.9153 2767.8
85.3 -135.147 2785.9
FRAME: 254
114.42 286.187 2707.01
61.794 -105.976 2722.33
-47.2644 -1017.11 2997.22
70.0633 -184.692 2699.73
-16.8474 -320.312 2802.44
-51.3548 -693.079 2838.19
28.5438 72.8204 2792.85
120.425 58.7872 2785.31
282.118 -123.241 2723.69
89.5432 -1091.01 2967.16
52.9098 -132.897 2579.23
123.929 -342.856 2794.76
111.458 -738.377 2862.5
212.306 44.7541 2777.77
86.9829 -136.398 2791.96

