FRAME: 0
0 0 0
0 0 0
0 0 0
0 0 0
0 0 0
0 0 0
0 0 0
0 0 0
0 0 0
0 0 0
0 0 0
0 0 0
0 0 0
0 0 0
0 0 0
FRAME: 1
0 0 0
0 0 0
0 0 0
0 0 0
0 0 0
0 0 0
0 0 0
0 0 0
0 0 0
0 0 0
0 0 0
0 0 0
0 0 0
0 0 0
0 0 0
FRAME: 2
0 0 0
0 0 0
0 0 0
0 0 0
0 0 0
0 0 0
0 0 0
0 0 0
0 0 0
0 0 0
0 0 0
0 0 0
0 0 0
0 0 0
0 0 0
FRAME: 3
0 0 0
0 0 0
0 0 0
0 0 0
0 0 0
0 0 0
0 0 0
0 0 0
0 0 0
0 0 0
0 0 0
0 0 0
0 0 0
0 0 0
0 0 0
FRAME: 4
0 0 0
0 0 0
0 0 0
0 0 0
0 0 0
0 0 0
0 0 0
0 0 0
0 0 0
0 0 0
0 0 0
0 0 0
0 0 0
0 0 0
0 0 0
FRAME: 5
0 0 0
0 0 0
0 0 0
0 0 0
0 0 0
0 0 0
0 0 0
0 0 0
0 0 0
0 0 0
0 0 0
0 0 0
0 0 0
0 0 0
0 0 0
FRAME: 6
0 0 0
0 0 0
0 0 0
0 0 0
0 0 0
0 0 0
0 0 0
0 0 0
0 0 0
0 0 0
0 0 0
0 0 0
0 0 0
0 0 0
0 0 0
FRAME: 7
0 0 0
0 0 0
0 0 0
0 0 0
0 0 0
0 0 0
0 0 0
0 0 0
0 0 0
0 0 0
0 0 0
0 0 0
0 0 0
0 0 0
0 0 0
FRAME: 8
0 0 0
0 0 0
0 0 0
0 0 0
0 0 0
0 0 0
0 0 0
0 0 0
0 0 0
0 0 0
0 0 0
0 0 0
0 0 0
0 0 0
0 0 0
FRAME: 9
0 0 0
0 0 0
0 0 0
0 0 0
0 0 0
0 0 0
0 0 0
0 0 0
0 0 0
0 0 0
0 0 0
0 0 0
0 0 0
0 0 0
0 0 0
FRAME: 10
0 0 0
0 0 0
0 0 0
0 0 0
0 0 0
0 0 0
0 0 0
0 0 0
0 0 0
0 0 0
0 0 0
0 0 0
0 0 0
0 0 0
0 0 0
FRAME: 11
0 0 0
0 0 0
0 0 0
0 0 0
0 0 0
0 0 0
0 0 0
0 0 0
0 0 0
0 0 0
0 0 0
0 0 0
0 0 0
0 0 0
0 0 0
FRAME: 12
0 0 0
0 0 0
0 0 0
0 0 0
0 0 0
0 0 0
0 0 0
0 0 0
0 0 0
0 0 0
0 0 0
0 0 0
0 0 0
0 0 0
0 0 0
FRAME: 13
0 0 0
0 0 0
0 0 0
0 0 0
0 0 0
0 0 0
0 0 0
0 0 0
0 0 0
0 0 0
0 0 0
0 0 0
0 0 0
0 0 0
0 0 0
FRAME: 14
0 0 0
0 0 0
0 0 0
0 0 0
0 0 0
0 0 0
0 0 0
0 0 0
0 0 0
0 0 0
0 0 0
0 0 0
0 0 0
0 0 0
0 0 0
FRAME: 15
0 0 0
0 0 0
0 0 0
0 0 0
0 0 0
0 0 0
0 0 0
0 0 0
0 0 0
0 0 0
0 0 0
0 0 0
0 0 0
0 0 0
0 0 0
FRAME: 16
0 0 0
0 0 0
0 0 0
0 0 0
0 0 0
0 0 0
0 0 0
0 0 0
0 0 0
0 0 0
0 0 0
0 0 0
0 0 0
0 0 0
0 0 0
FRAME: 17
0 0 0
0 0 0
0 0 0
0 0 0
0 0 0
0 0 0
0 0 0
0 0 0
0 0 0
0 0 0
0 0 0
0 0 0
0 0 0
0 0 0
0 0 0
FRAME: 18
0 0 0
0 0 0
0 0 0
0 0 0
0 0 0
0 0 0
0 0 0
0 0 0
0 0 0
0 0 0
0 0 0
0 0 0
0 0 0
0 0 0
0 0 0
FRAME: 19
0 0 0
0 0 0
0 0 0
0 0 0
0 0 0
0 0 0
0 0 0
0 0 0
0 0 0
0 0 0
0 0 0
0 0 0
0 0 0
0 0 0
0 0 0
FRAME: 20
0 0 0
0 0 0
0 0 0
0 0 0
0 0 0
0 0 0
0 0 0
0 0 0
0 0 0
0 0 0
0 0 0
0 0 0
0 0 0
0 0 0
0 0 0
FRAME: 21
0 0 0
0 0 0
0 0 0
0 0 0
0 0 0
0 0 0
0 0 0
0 0 0
0 0 0
0 0 0
0 0 0
0 0 0
0 0 0
0 0 0
0 0 0
FRAME: 22
0 0 0
0 0 0
0 0 0
0 0 0
0 0 0
0 0 0
0 0 0
0 0 0
0 0 0
0 0 0
0 0 0
0 0 0
0 0 0
0 0 0
0 0 0
FRAME: 23
0 0 0
0 0 0
0 0 0
0 0 0
0 0 0
0 0 0
0 0 0
0 0 0
0 0 0
0 0 0
0 0 0
0 0 0
0 0 0
0 0 0
0 0 0
FRAME: 24
0 0 0
0 0 0
0 0 0
0 0 0
0 0 0
0 0 0
0 0 0
0 0 0
0 0 0
0 0 0
0 0 0
0 0 0
0 0 0
0 0 0
0 0 0
FRAME: 25
0 0 0
0 0 0
0 0 0
0 0 0
0 0 0
0 0 0
0 0 0
0 0 0
0 0 0
0 0 0
0 0 0
0 0 0
0 0 0
0 0 0
0 0 0
FRAME: 26
0 0 0
0 0 0
0 0 0
0 0 0
0 0 0
0 0 0
0 0 0
0 0 0
0 0 0
0 0 0
0 0 0
0 0 0
0 0 0
0 0 0
0 0 0
FRAME: 27
0 0 0
0 0 0
0 0 0
0 0 0
0 0 0
0 0 0
0 0 0
0 0 0
0 0 0
0 0 0
0 0 0
0 0 0
0 0 0
0 0 0
0 0 0
FRAME: 28
0 0 0
0 0 0
0 0 0
0 0 0
0 0 0
0 0 0
0 0 0
0 0 0
0 0 0
0 0 0
0 0 0
0 0 0
0 0 0
0 0 0
0 0 0
FRAME: 29
0 0 0
0 0 0
0 0 0
0 0 0
0 0 0
0 0 0
0 0 0
0 0 0
0 0 0
0 0 0
0 0 0
0 0 0
0 0 0
0 0 0
0 0 0
FRAME: 30
0 0 0
0 0 0
0 0 0
0 0 0
0 0 0
0 0 0
0 0 0
0 0 0
0 0 0
0 0 0
0 0 0
0 0 0
0 0 0
0 0 0
0 0 0
FRAME: 31
0 0 0
0 0 0
0 0 0
0 0 0
0 0 0
0 0 0
0 0 0
0 0 0
0 0 0
0 0 0
0 0 0
0 0 0
0 0 0
0 0 0
0 0 0
FRAME: 32
0 0 0
0 0 0
0 0 0
0 0 0
0 0 0
0 0 0
0 0 0
0 0 0
0 0 0
0 0 0
0 0 0
0 0 0
0 0 0
0 0 0
0 0 0
FRAME: 33
0 0 0
0 0 0
0 0 0
0 0 0
0 0 0
0 0 0
0 0 0
0 0 0
0 0 0
0 0 0
0 0 0
0 0 0
0 0 0
0 0 0
0 0 0
FRAME: 34
0 0 0
0 0 0
0 0 0
0 0 0
0 0 0
0 0 0
0 0 0
0 0 0
0 0 0
0 0 0
0 0 0
0 0 0
0 0 0
0 0 0
0 0 0
FRAME: 35
0 0 0
0 0 0
0 0 0
0 0 0
0 0 0
0 0 0
0 0 0
0 0 0
0 0 0
0 0 0
0 0 0
0 0 0
0 0 0
0 0 0
0 0 0
FRAME: 36
0 0 0
0 0 0
0 0 0
0 0 0
0 0 0
0 0 0
0 0 0
0 0 0
0 0 0
0 0 0
0 0 0
0 0 0
0 0 0
0 0 0
0 0 0
FRAME: 37
0 0 0
0 0 0
0 0 0
0 0 0
0 0 0
0 0 0
0 0 0
0 0 0
0 0 0
0 0 0
0 0 0
0 0 0
0 0 0
0 0 0
0 0 0
FRAME: 38
0 0 0
0 0 0
0 0 0
0 0 0
0 0 0
0 0 0
0 0 0
0 0 0
0 0 0
0 0 0
0 0 0
0 0 0
0 0 0
0 0 0
0 0 0
FRAME: 39
0 0 0
0 0 0
0 0 0
0 0 0
0 0 0
0 0 0
0 0 0
0 0 0
0 0 0
0 0 0
0 0 0
0 0 0
0 0 0
0 0 0
0 0 0
FRAME: 40
0 0 0
0 0 0
0 0 0
0 0 0
0 0 0
0 0 0
0 0 0
0 0 0
0 0 0
0 0 0
0 0 0
0 0 0
0 0 0
0 0 0
0 0 0
FRAME: 41
0 0 0
0 0 0
0 0 0
0 0 0
0 0 0
0 0 0
0 0 0
0 0 0
0 0 0
0 0 0
0 0 0
0 0 0
0 0 0
0 0 0
0 0 0
FRAME: 42
0 0 0
0 0 0
0 0 0
0 0 0
0 0 0
0 0 0
0 0 0
0 0 0
0 0 0
0 0 0
0 0 0
0 0 0
0 0 0
0 0 0
0 0 0
FRAME: 43
0 0 0
0 0 0
0 0 0
0 0 0
0 0 0
0 0 0
0 0 0
0 0 0
0 0 0
0 0 0
0 0 0
0 0 0
0 0 0
0 0 0
0 0 0
FRAME: 44
0 0 0
0 0 0
0 0 0
0 0 0
0 0 0
0 0 0
0 0 0
0 0 0
0 0 0
0 0 0
0 0 0
0 0 0
0 0 0
0 0 0
0 0 0
FRAME: 45
0 0 0
0 0 0
0 0 0
0 0 0
0 0 0
0 0 0
0 0 0
0 0 0
0 0 0
0 0 0
0 0 0
0 0 0
0 0 0
0 0 0
0 0 0
FRAME: 46
379.275 732.244 2455.93
342.263 277.907 2426.46
63.1714 -715.276 2552.87
219.909 259.601 2662.66
189.791 138.504 2633.56
155.225 -286.882 2549.71
294.221 539.93 2414.82
346.456 567.372 2585.31
550.248 671.873 2956.92
64.4842 -570.928 3014.72
827.922 761.173 3021.46
227.432 158.28 2756.41
287.204 -167.761 2784.29
398.691 594.814 2755.8
277.534 357.882 2640.15
FRAME: 47
384.224 720.964 2442.74
293.125 285.576 2453.28
84.5532 -692.16 2522.37
197.272 199.442 2641.72
185.85 118.442 2621.81
152.136 -287.027 2536.65
296.57 519.932 2390.21
345.155 553.178 2571.5
508.325 603.117 2862.6
102.557 -572.379 2950.57
779.292 696.808 2959.69
219.968 141.766 2749.99
233.234 -266.492 2785.24
393.741 586.423 2752.79
274.032 341.641 2628.7
FRAME: 48
387.398 703.343 2430.65
294.637 265.154 2452.02
74.2732 -722.718 2481.82
177.801 169.784 2646.95
178.855 93.5219 2609.53
145.761 -314.81 2518.58
301.605 506.784 2384.36
347.728 536.987 2556.1
515.882 616.877 2865.61
163.524 -539.826 2923.22
746.787 687.621 2986.31
213.99 115.822 2737.2
303.129 -272.39 2778.96
393.851 567.19 2727.83
272.075 320.829 2614.73
FRAME: 49
390.218 684.754 2422.24
328.112 236.132 2397.76
71.8877 -736.785 2459.88
130.336 186.045 2626.72
170.368 75.51 2594.9
147.886 -331.435 2501.75
297.285 486.333 2384.46
339.882 513.156 2559.11
472.437 475.473 2792.7
186.085 -521.095 2933.22
416.158 312.891 2564.09
205.129 97.8327 2733.93
302.901 -274.758 2773.99
382.478 539.98 2733.75
263.815 299.914 2611.76
FRAME: 50
389.191 669.394 2428.58
337.519 224.814 2400.74
66.4545 -756.304 2456.64
194.046 208.412 2642.26
161.712 72.6966 2579.1
146.46 -346.076 2481.77
297.446 479.016 2378.98
336.349 504.542 2551.49
428.242 373.387 2705.01
235.35 -570.188 2913.38
405.582 318.427 2683.09
194.578 94.1892 2722.96
309.213 -282.331 2743.11
375.252 530.067 2724
257.247 293.992 2601.26
FRAME: 51
386.218 651.828 2406.87
328.376 215.457 2370.33
60.8223 -771.202 2446.11
211.552 196.818 2629.59
144.273 60.6682 2547.08
146.412 -361.143 2447.52
283.469 466.988 2362.22
322.753 488.127 2537.61
390.19 261.579 2631.69
174.538 -602.934 2903.14
387.488 298.147 2651.02
179.847 80.1951 2702.52
305.472 -297.312 2718.23
362.037 509.266 2712.99
242.406 279.279 2581.2
FRAME: 52
381.785 640.273 2391.05
319.896 202.876 2338.21
56.441 -784.19 2439.15
243.453 212.93 2609.86
135.617 49.4175 2527.06
146.231 -369.54 2419.78
269.024 458.982 2343.29
309.938 475.508 2520.52
324.931 143.576 2571.37
155.972 -607.112 2890.1
296.692 214.947 2565.55
168.315 63.9061 2666.07
300.662 -309.375 2695.31
350.851 492.034 2697.75
230.952 266.085 2558.54
FRAME: 53
362.151 627.83 2363.77
282.389 187.087 2275.81
53.0326 -784.693 2428.74
265.61 174.153 2557.51
123.995 37.0636 2496.59
143.362 -372.378 2388.72
248.992 441.179 2310.92
293.611 459.592 2497.15
307.832 172.29 2594.75
140.724 -619.093 2877.38
373.183 308.006 2609.27
161.94 53.8173 2652.63
295.553 -319.866 2675.38
338.229 478.006 2683.38
218.289 252.516 2535.88
FRAME: 54
342.957 618.541 2338.96
231.555 173.164 2174.23
49.7387 -786.436 2421.08
392.365 41.5785 2287.27
110.263 25.4872 2461.46
137.595 -377.695 2357.65
221.291 416.058 2271.89
271.23 439.28 2467.37
328.666 284.344 2612.43
127.043 -635.637 2861.4
431.482 347.585 2677.31
156.086 47.4927 2640.63
283.147 -328.85 2658.58
321.17 462.501 2662.86
202.202 237.885 2509.21
FRAME: 55
330.315 612.906 2319.41
218.946 161.566 2154.95
47.1798 -787.017 2418.89
446.787 -42.407 2096.31
97.8447 16.7528 2434.82
138.402 -386.302 2335.35
202.013 402.307 2244.07
255.087 428.135 2444.01
330.888 318.453 2622.25
122.078 -645.111 2852.07
489.126 408.988 2711.46
149.295 42.9247 2626.78
265.336 -339.561 2641.94
308.161 453.964 2643.94
189.328 228.987 2487.4
FRAME: 56
320.307 608.214 2300.33
208.427 162.969 2110.48
44.8735 -789.482 2413.74
421.391 -51.1084 1975.1
86.7179 9.95522 2416.31
140.725 -391.113 2322.73
192.303 398.279 2225.86
243.68 417.49 2422.89
348.357 393.405 2630.73
118.532 -655.298 2839.35
530.918 427.603 2736.25
130.94 28.0449 2580.98
253.754 -347.873 2638.17
295.058 436.701 2619.92
176.255 218.245 2460.77
FRAME: 57
316.056 601.835 2280.71
190.869 170.671 2059.56
38.6134 -777.523 2406.6
384.656 -47.7872 1863.21
75.5946 2.65085 2393.59
135.819 -394.984 2312.03
181.569 381.569 2210.77
230.809 402.885 2386.39
374.47 454.689 2619.7
97.253 -670.862 2786.13
659.091 604.363 2733.53
122.651 24.0741 2555.16
248.94 -352.218 2625.82
280.05 424.201 2562
164.966 208.124 2430.38
FRAME: 58
311.963 589.458 2263.92
185.195 173.614 2006.43
37.4568 -764.26 2402.63
338.128 -19.7605 1790.07
68.2336 -18.4969 2380.43
130.243 -395.198 2305.64
179.034 373.425 2190.71
221.773 393.279 2363.64
392.831 515.143 2604.95
106.809 -652.027 2743.11
696.834 641.719 2746.28
111.746 6.26996 2536.1
246.717 -344.642 2615.01
264.512 413.133 2536.57
155.881 193.583 2410.96
FRAME: 59
292.039 550.805 2258.24
173.088 170.479 1995.77
32.3326 -807.666 2397.72
263.041 0.149846 1721.76
64.3213 -5.56455 2370.61
132.632 -417.06 2292.14
171.316 371.042 2184.49
217.8 390.402 2352.22
417.267 545.311 2601.25
89.9151 -703.754 2715.94
682.57 636.101 2711
111.129 17.1875 2523.36
242.716 -367.581 2605.67
264.284 409.762 2519.96
152.763 198.107 2399.6
FRAME: 60
307.242 577.191 2238.73
168.153 170.904 2001.06
36.7406 -795.583 2395.34
219.862 13.0444 1674.04
65.5198 -20.0403 2364.14
134.837 -414.164 2288.91
165.902 367.044 2180.49
210.482 386.563 2337.41
403.117 522.362 2599.42
94.812 -696.768 2732.91
716.531 644.457 2695.9
111.817 4.01447 2510.84
232.061 -365.076 2596.38
255.063 406.081 2494.33
149.575 189.275 2387.45
FRAME: 61
297.583 554.325 2223.86
150.748 179.017 1972.85
36.9772 -801.675 2390.99
172.741 56.0977 1653.92
63.2545 -17.7037 2353.45
133.454 -417.882 2281.38
163.373 369.389 2175.3
211.107 386.742 2332.04
414.747 506.86 2603.13
78.2034 -720.074 2690.68
735.089 627.928 2730.6
111.909 3.12289 2500.15
223.216 -374.508 2593.77
258.841 404.095 2488.78
149.344 189.726 2379.42
FRAME: 62
297.687 556.075 2181.5
106.572 215.38 2019.25
30.0814 -758.757 2368.93
76.1672 153.19 1711.39
32.6391 -36.1835 2330.27
106.071 -415.883 2195.72
134.597 362.628 2189.03
195.939 374.963 2300.7
419.328 490.364 2514.08
112.568 -674.796 2729.72
732.712 594.47 2646.6
139.163 33.993 2406.76
246.678 -304.929 2595.16
257.28 387.299 2412.36
140.92 186.934 2334.61
FRAME: 63
296.935 547.213 2168.15
97.9267 206.957 2043.67
13.1761 -740.145 2357.23
65.9665 194.797 1685.11
13.9088 -27.3627 2310.07
97.8012 -394.843 2229.65
112.731 352.233 2189.44
178.122 369.255 2276.76
431.818 497.007 2536.48
112.971 -701.721 2636.6
678.051 564.381 2585.44
142.923 33.8229 2381.95
255.653 -313.135 2564.62
243.513 386.276 2364.08
128.269 186.242 2311.39
FRAME: 64
297.627 542.069 2153.64
71.7177 222.119 1965.92
9.78456 -722.039 2337.69
-3.44778 248.072 1662.5
7.96883 -9.92325 2295.96
92.8978 -383.781 2204.48
93.1301 348.365 2143.4
177.366 367.943 2240.43
454.321 473.839 2513.85
121.252 -685.565 2607.23
690.194 542.557 2548.67
162.09 25.7865 2376.49
270.882 -312.494 2568.51
261.601 387.522 2337.46
131.198 187.937 2288.33
FRAME: 65
269.896 541.398 2072.99
38.5016 207.669 2016.31
18.1078 -733.64 2329.05
-55.438 233.129 1628.47
6.92843 -17.0491 2281.7
98.3855 -392.694 2190.39
41.6298 333.195 2068.17
154.395 365.549 2153.25
455.763 488.066 2437.14
86.7773 -688.513 2451.72
749.27 592.737 2558.56
154.199 23.8437 2369.95
259.271 -319.862 2560.91
267.161 397.902 2238.33
117.479 184.473 2239.54
FRAME: 66
265.134 540.997 2075.14
17.6571 228.964 1959.24
27.9693 -726.507 2323.24
-64.1984 246.09 1617.12
18.6671 -2.38443 2271.6
113.472 -382.209 2174.18
68.6721 352.85 2061.49
165.578 378.276 2144.6
457.338 489.781 2436.61
70.9284 -696.301 2415.96
721.862 573.208 2500.75
148.048 31.0346 2368.44
242.779 -335.773 2550.4
262.483 403.702 2227.71
124.468 196.3 2232.31
FRAME: 67
287.743 534.833 2145.06
13.6022 253.321 1923.34
41.8115 -787.214 2353.88
-73.2537 250.405 1560.48
34.4953 -8.02886 2309.39
138.669 -415.86 2212.27
113.117 361.503 2097.77
185.061 383.502 2189.91
437.952 475.081 2469.61
41.425 -740.336 2389.1
799.356 579.29 2597.74
127.242 20.9106 2424.37
226.269 -373.046 2550.39
257.005 405.501 2282.05
132.965 194.971 2278.4
FRAME: 68
258.198 534.327 2048.46
-21.6945 273.986 1917.61
43.5579 -702.052 2276.82
-121.053 285.248 1545.87
25.2592 27.8455 2219.18
125.936 -367.95 2123.3
79.5876 380.802 2027.71
177.432 396.361 2166.12
473.162 476.573 2403.41
71.7521 -709.286 2466.84
759.782 556.616 2503.39
131.868 43.8032 2365.17
239.795 -319.458 2568.93
275.276 411.921 2304.53
127.998 216.093 2229.15
FRAME: 69
269.437 531.124 2083.41
-8.89488 260.518 1902.57
43.3708 -754.603 2335.38
-97.5693 257.912 1558.76
29.491 -16.1167 2288.41
133.306 -412.068 2182.64
100.036 340.364 2111.48
182.892 372.465 2212.29
447.709 467.29 2440.44
82.5755 -694.916 2532.76
771.391 558.767 2518.66
137.498 32.5692 2392.03
249.266 -347.094 2579.85
265.748 404.566 2313.11
133.193 190.346 2276.26
FRAME: 70
286.05 524.848 2138.77
-11.0893 264.752 1872.14
46.5208 -756.727 2355.26
-100.124 281.716 1537.84
42.1378 -31.1736 2334.45
137.121 -407.062 2194.18
105.121 345.825 2112.28
189.392 372.918 2222.38
460.785 454.425 2461.35
70.0769 -713.562 2503.63
794.331 551.545 2528.4
136.597 -3.61695 2450.54
255.01 -363.78 2572.73
273.662 400.012 2332.48
139.38 177.762 2307.44
FRAME: 71
286.463 525.837 2139.16
-5.98233 257.799 1903.47
49.1914 -764.094 2369.49
-88.2434 266.349 1551.3
52.5312 -40.9313 2350.81
141.966 -414.186 2210.87
112.887 341.009 2128.76
196.397 369.013 2240.45
463.029 457.725 2478.61
94.6815 -710.504 2601.72
808.263 554.926 2519.5
153.782 -6.38048 2480.09
264.146 -370.728 2577.44
279.906 397.017 2352.14
149.777 172.678 2327.95
FRAME: 72
287.517 535.583 2150.9
-4.36664 252.032 1914.54
47.2222 -762.027 2381.38
-89.8468 271.215 1555.62
63.0896 -39.1171 2366.69
141.825 -411.681 2227
116.168 342.637 2138.46
204.149 372.341 2250.01
481.505 456.002 2496.93
114.609 -695.56 2655.3
830.302 561.36 2531.71
168.396 -3.12301 2494.33
279.75 -370.351 2592.69
292.131 402.045 2361.55
159.946 175.61 2340.26
FRAME: 73
286.195 546.531 2153.97
9.26503 250.738 1928.77
54.7242 -748.559 2396.24
-63.9553 259.605 1591.07
69.06 -36.8618 2385.23
140.954 -405.964 2244.46
111.782 348.202 2146.58
204.885 379.738 2257.74
496.373 457.485 2515.62
127.282 -670.604 2682.51
845.544 553.906 2517.26
177.517 -0.0721622 2508.73
285.798 -359.164 2608.11
297.987 411.273 2368.9
164.087 180.635 2352.36
FRAME: 74
287.119 561.526 2177.3
4.43083 240.859 1982.95
49.2829 -764.451 2402.32
-50.7095 243.111 1665.81
82.5372 -26.9448 2391.21
134.704 -408.704 2274.3
115.232 360.054 2176.77
211.893 387.064 2283.82
521.987 463.905 2536.08
122.749 -695.182 2706.65
842.131 539.479 2546.09
197.593 5.67006 2516.08
288.801 -367.313 2598.4
308.554 414.074 2390.87
175.979 188.213 2368.74
FRAME: 75
287.769 577.926 2188.04
-1.0052 237.642 2004.45
48.0703 -763.925 2408.93
-47.0711 212.09 1688.3
87.5615 -16.4762 2405.53
132.182 -402.115 2286.53
112.482 378.368 2192.58
216.802 405.929 2303.85
523.797 463.927 2557.77
121.72 -693.395 2695.55
862.31 536.341 2561.77
210.642 15.2804 2533.8
291.55 -352.484 2615.08
321.122 433.491 2415.11
182.952 202.666 2386.75
FRAME: 76
290.115 619.063 2224.39
1.22301 228.594 2106.98
53.5193 -754.636 2419.21
-46.0476 138.22 1785.12
104.667 21.7741 2435.46
128.51 -375.877 2330.4
108.89 409.484 2235.88
230.005 430.233 2346.61
530.931 459.17 2557.87
115.435 -661.787 2690.22
864.378 489.637 2569.37
228.848 43.5393 2550.79
301.24 -331.988 2637.58
351.121 450.982 2457.35
198.382 231.445 2419.87
FRAME: 77
294.092 656.35 2248.37
-9.53547 234.273 2072.17
50.1925 -741.376 2430.49
-41.7431 161.471 1758.31
99.7342 57.5417 2436.43
118.074 -350.406 2361.89
97.1855 424.727 2257
226.49 442.983 2360.5
539.543 451.249 2570.09
154.631 -597.886 2693.68
865.104 438.789 2584.55
252.068 71.5898 2572.95
319.857 -293.657 2673.14
355.795 461.24 2464.01
201.196 253.775 2432.6
FRAME: 78
293.623 677.989 2274.83
-15.8859 258.059 2117.62
45.4023 -741.774 2438.99
-36.2912 182.855 1742.38
100.732 83.837 2472.66
106.26 -334.281 2403.11
97.531 459.259 2308.68
233.949 469.16 2390.8
564.528 434.474 2591.04
170.577 -573.985 2721.35
878.842 382.849 2599.26
267.993 91.6159 2583.59
329.794 -279.954 2675.34
370.367 479.06 2472.92
209.156 278.443 2459.46
FRAME: 79
293.783 690.283 2301.52
-18.3077 263.342 2235.8
37.6249 -744.211 2458.45
-52.0738 133.675 1834.35
116.686 92.3457 2511.36
104.034 -317.751 2458.91
89.6631 476.615 2346.91
234.141 487.403 2415.27
567.523 421.854 2616.62
237.77 -527.632 2846.35
856.809 336.082 2618.02
281.351 104.729 2589.58
333.445 -290.07 2687.16
378.618 498.192 2483.63
216.58 292.97 2482.87
FRAME: 80
295.947 716.331 2303.18
11.8803 281.388 2307.75
37.6107 -626.653 2397.3
-9.40317 75.5805 1946.2
110.433 122.429 2493.51
86.3212 -267.35 2385.49
98.0244 509.923 2374.64
240.261 513.31 2443.17
551.686 404.89 2610.11
257.809 -436.801 2846.33
815.809 296.695 2636.22
293.885 109.328 2601.6
331.62 -266.818 2703.29
382.498 516.697 2511.71
221.21 314.594 2495.37
FRAME: 81
294.552 730.449 2327.53
-0.968587 281.617 2384.29
15.7169 -659.343 2493.66
-43.2786 49.9286 2154.11
119.858 125.605 2525.67
81.3452 -279.38 2451.01
99.5693 522.463 2402.49
243.136 526.304 2457.49
550.585 398.796 2618.76
296.738 -428.804 2911.09
810.241 218.697 2648.51
304.061 129.255 2599.11
336.209 -193.597 2702.2
386.703 530.145 2512.5
227.548 326.867 2509.94
FRAME: 82
295.779 756.616 2366.3
-7.9318 308.869 2511.22
111.434 -310.033 2369.38
-74.3378 23.8773 2414.69
134.718 157.889 2574.49
89.8514 -268.258 2557.44
99.3449 543.12 2452.4
247.33 544.061 2480.64
523.777 390.351 2637.01
294.572 -458.248 2903.03
644.032 282.35 2689.58
321.321 159.092 2610.06
337.41 -181.682 2722.62
395.315 545.002 2508.88
237.674 351.276 2536.46
FRAME: 83
273.624 747.07 2398.47
7.35969 322.025 2539.04
121.38 -259.133 2519.36
-61.3607 45.6077 2472.18
141.924 183.918 2610.43
94.3609 -225.863 2558.8
99.7959 548.401 2495.28
249.573 551.482 2509.86
504.157 376.903 2645.99
322.281 -429.771 2920.62
669.545 127.456 2694.19
337.409 188.902 2625.34
375.307 -138.386 2730.02
399.35 554.564 2524.43
244.619 368.946 2563.87
FRAME: 84
289.56 788.027 2393.28
11.2617 330.261 2559.17
127.101 -244.929 2546.04
-70.0271 55.2679 2562.05
142.391 189.813 2620.75
101.845 -185.472 2613.5
99.1207 562.45 2496.98
252.95 562.725 2520.48
494.282 372.395 2666.41
311.91 -424.677 2947.37
636.416 119.177 2714.74
328.861 190.056 2649.47
365.271 -137.758 2750.86
406.78 563 2543.99
244.288 376.33 2577.8
FRAME: 85
286.717 796.157 2404.82
9.4453 334.123 2586.31
137.282 -238.26 2582.47
-75.9368 57.1639 2623.1
135.516 200.603 2632.42
93.9808 -164.813 2627.91
91.5384 572.129 2518.39
249.458 570.087 2536.12
485.798 362.097 2678.58
312.25 -439.46 2943.6
590.199 98.1197 2726.76
330.742 198.427 2654.1
362.594 -147.951 2747.5
407.379 568.044 2553.85
241.294 384.801 2589.69
FRAME: 86
283.852 809.428 2427.86
3.28941 328.581 2637.33
151.059 -255.192 2672.43
-91.6631 33.2734 2695.87
136.612 204.719 2647.45
93.3142 -200.925 2658.51
88.6487 579.533 2540.57
246.874 576.958 2549.51
476.291 356.867 2687.66
297.064 -463.711 2953.8
555.245 78.5546 2744.57
333.421 201.54 2658.51
341.426 -174.58 2757.3
405.098 574.383 2558.45
240.945 390.044 2601.25
FRAME: 87
276.286 816.897 2429.53
11.0291 346.041 2641.32
60.3237 -249.626 2682.56
-82.1735 79.7506 2735.77
118.377 227.775 2668.67
79.5115 -174.726 2688.8
89.8322 589.403 2549.42
248.193 581.844 2562.99
457.284 355.562 2679.21
311.042 -441.231 2967.55
530.721 111.243 2728.63
317.754 218.459 2684.02
346.779 -159.089 2774.4
406.553 574.285 2576.57
233.129 402.481 2619.67
FRAME: 88
270.257 831.241 2457.75
0.541154 357.599 2678.22
7.46976 -338 2800.23
-89.7549 89.8617 2784.8
114.887 235.378 2682.26
68.299 -169.599 2713.76
80.5919 599.934 2571.85
241.609 587.498 2575.67
443.189 343.2 2709.84
296.988 -465.038 2958.61
503.661 98.2773 2761.83
313.884 221.524 2685.2
338.756 -162.238 2775.12
402.627 575.062 2579.48
227.997 407.974 2629.7
FRAME: 89
260.809 840.041 2477.18
-5.80186 383.888 2717.9
3.46444 -371.585 2814.17
-104.26 119.227 2862.85
116.495 234.674 2699.55
60.0462 -178.769 2744.54
73.4886 607.562 2593.92
235.765 597.37 2588.2
432.231 346.749 2709.87
286.079 -457.381 2955.02
457.176 107.801 2746.92
316.574 222.138 2692.35
321.774 -155.554 2772.06
398.041 587.178 2582.47
226.15 412.888 2642.07
FRAME: 90
253.694 843.242 2487.57
-14.1693 401.226 2742.52
-9.3766 -356.136 2863.68
-106.387 138.15 2872.99
103.62 248.482 2719.6
53.5539 -171.629 2770.62
65.0715 616.201 2610.49
229.207 603.396 2599.82
426.041 342.994 2710.76
285.196 -449.283 2961.32
437.725 114.412 2746.83
312.37 232.185 2705.98
316.13 -150.715 2778.13
393.342 590.591 2589.16
218.601 421.865 2656.31
FRAME: 91
246.221 847.742 2498
-19.2951 398.429 2762.63
-10.0866 -381.7 2899.34
-111.774 144.618 2889.56
91.4543 250.903 2729.93
39.4987 -160.645 2794.06
56.5144 619.663 2622.62
220.536 605.622 2608.55
406.736 330.992 2716.92
278.737 -458.053 2959.65
435.734 104.747 2750.48
306.563 232.6 2711.35
308.533 -149.753 2784.54
384.557 591.581 2594.48
209.772 423.687 2664.6
FRAME: 92
240.116 849.776 2501.54
-30.2547 398.109 2783.09
-17.2334 -401.793 2939.13
-112.857 155.566 2906.87
76.6283 256.496 2743.31
32.6169 -154.056 2807.75
45.4078 623.981 2633.89
208.073 609.117 2617.84
398.862 338.473 2722.13
278.361 -444.736 2964.98
426.198 93.5134 2741.58
296.088 236.475 2721.48
299.453 -143.524 2791.8
370.737 594.253 2601.8
197.215 427.802 2675.12
FRAME: 93
231.68 850.298 2501.53
-39.3164 406.641 2789.11
-9.84429 -422.587 2985.81
-122.64 165.067 2932.06
62.9817 258.907 2753.04
23.2567 -145.447 2822.44
31.9253 631.434 2643.34
197.462 614.046 2624.55
385.958 353.548 2730.46
276.372 -462.26 2979.83
419.962 77.5779 2735.75
281.246 236.009 2728.23
289.993 -135.61 2805.87
362.999 596.657 2605.76
184.788 430.752 2682.59
FRAME: 94
223.939 851.826 2509.05
-43.5257 407.059 2799.81
55.7653 -384.469 2998.86
-131.241 169.017 2923.15
50.1565 268.836 2759.17
16.572 -137.573 2828.32
22.5483 637.822 2655.51
183.806 618.957 2631.84
378.296 358.891 2732.53
271.498 -453.239 2979.6
410.778 87.6963 2726.88
265.825 243.975 2727.63
280.605 -123.756 2809.67
345.063 600.093 2608.18
170.898 437.681 2687.62
FRAME: 95
210.127 854.699 2515.16
-51.3996 417.586 2810.4
41.8463 -348.94 2984.09
-145.956 187.309 2956.74
39.2212 279.693 2764.64
9.31768 -131.417 2837.25
11.4103 644.934 2664.99
170.289 624.033 2637.18
369.205 364.902 2732.48
269.653 -458.895 2981.78
400.383 75.1129 2723.71
245.826 252.666 2728.44
272.477 -120.749 2817.14
329.168 603.132 2609.38
156.406 445.106 2691.86
FRAME: 96
193.151 856.88 2522.93
-71.1386 445.311 2826.43
46.6902 -360.664 2984.27
-166.857 190.119 2968.49
30.6827 288.685 2770.23
0.924458 -126.202 2845.17
2.68034 650.769 2672.78
158.508 629.227 2642.08
361.664 373.322 2729.16
268.887 -466.061 2993.32
382.097 85.784 2700.25
231.314 260.995 2730.71
264.439 -114.012 2825.68
314.336 607.685 2611.38
144.753 452.034 2696.27
FRAME: 97
182.766 858.681 2526.52
-81.4336 454.996 2837.3
25.1281 -406.559 3013.88
-172.888 190.354 2957.81
25.1436 295.85 2774.83
-5.8771 -121.412 2849.26
-5.69987 655.574 2681.2
149.001 634.113 2646.87
356.644 378.507 2727.39
267.043 -464.178 3000.11
370.483 80.7394 2699.18
222.49 268.52 2731.02
260.072 -98.7787 2840.93
303.703 612.652 2612.55
136.409 458.149 2699.9
FRAME: 98
175.328 861.184 2531.01
-87.7236 462.019 2842.11
26.6532 -414.344 3026.44
-176.377 191.947 2947.2
21.0953 300.392 2780.43
-8.33987 -121.074 2851.66
-10.7858 658.644 2687.17
143.771 637 2650.59
353.553 380.236 2727.78
264.694 -459.378 3004.47
366.082 71.7645 2695.24
218.814 272.762 2733.59
260.073 -93.8002 2848.34
298.327 615.355 2614.01
131.863 461.788 2703.8
FRAME: 99
170.663 863.334 2531.47
-92.3463 474.127 2843.34
30.8846 -418.31 3036.74
-188.311 190.372 2950.42
18.0725 301.066 2784.05
-11.6009 -118.978 2852.52
-13.8815 662.383 2687.07
138.506 641.709 2650.99
344.617 391.414 2727.83
263.393 -455.246 3008.05
363.975 81.123 2695.34
214.794 274.38 2737.38
257.86 -87.1382 2851.86
290.893 621.035 2614.91
127.469 464.716 2705.85
FRAME: 100
164.345 865.132 2528.6
-96.2012 474.849 2840.79
29.7094 -411.614 3040.28
-190.272 188.054 2941.12
18.1364 299.537 2785.37
-9.90512 -116.484 2853.27
-17.3118 664.438 2687.48
136.874 643.996 2650.59
343.21 395.097 2730.27
261.761 -456.694 3017.16
355.927 84.4841 2680.24
214.26 273.572 2738.3
256.207 -87.461 2857.19
291.06 623.554 2613.69
126.536 465.275 2706.21
FRAME: 101
157.686 867.416 2536.17
-97.4321 471.934 2844.96
32.1049 -423.718 3042.76
-190.348 185.999 2933.01
15.5634 301.894 2786.89
-11.3791 -115.743 2855.53
-20.9267 664.832 2691.3
133.517 644.689 2654.43
342.66 393.652 2732.76
258.604 -452.085 3015.6
348.125 102.346 2680.82
210.952 276.432 2740.14
256.872 -83.3887 2859.93
287.96 624.545 2617.56
123.387 466.926 2708.97
FRAME: 102
152.954 869.025 2538.02
-102.28 467.149 2842.08
27.3131 -428.56 3042.36
-209.391 173.691 2930.58
13.205 301.424 2788.12
-12.6546 -114.648 2856.54
-23.8399 665.333 2693.9
131.068 646.399 2656.82
340.685 393.518 2733.83
259.543 -452.375 3016.22
344.684 95.8726 2699.83
213.096 277.025 2740.18
255.742 -83.4594 2862.76
285.976 627.465 2619.73
122.109 467.812 2710.48
FRAME: 103
148.99 870.84 2542.29
-107.34 460.122 2839.87
26.9471 -431.028 3046.31
-200.363 173.838 2925.78
12.2555 300.42 2791.94
-12.2407 -115.263 2859.33
-26.722 663.595 2695.02
129.747 646.558 2659.28
337.22 378.159 2740.29
260.147 -449.023 3014.7
346.749 101.2 2709.14
218.975 278.028 2744.77
256.137 -79.508 2860.19
286.217 629.521 2623.53
122.681 467.891 2713.82
FRAME: 104
146.656 871.365 2544.04
-109.956 452.866 2834.78
25.5874 -442.528 3058.57
-206.026 165.352 2909.52
11.9982 301.222 2797.63
-11.5721 -113.389 2865.25
-29.8901 662.379 2692.46
127.485 648.419 2660.27
333.861 386.069 2741.02
259.073 -450.63 3011.83
349.389 107.339 2723.05
225.014 282.516 2754.24
252.161 -75.8688 2859.12
284.861 634.459 2628.08
122.996 470.144 2718.1
FRAME: 105
144.178 872.798 2544.86
-112.433 450.892 2834.98
26.7869 -439.666 3057.41
-209.814 165.171 2913.66
12.9489 301.102 2798.53
-9.29335 -113.468 2864.46
-30.686 661.804 2694.33
127.266 648.576 2662.27
330.943 386.502 2745.13
257.951 -456.867 3013.56
349.567 109.443 2733.27
227.666 283.349 2755.08
254.37 -77.9292 2861.69
285.218 635.348 2630.21
123.787 470.401 2719.54
FRAME: 106
142.395 873.688 2546.63
-114.043 450.161 2831.6
30.8769 -445.902 3056.83
-214.04 158.433 2917.35
13.8916 304.736 2797.77
-8.06281 -111.555 2866.76
-31.1154 659.536 2692.71
127.135 648.289 2662.91
333.173 384.501 2747.74
255.248 -465.109 3015.14
353.615 102.609 2743.67
232.581 289.37 2756.61
252.984 -82.199 2858.12
285.386 637.042 2633.11
125.186 472.671 2720.05
FRAME: 107
140.367 874.053 2544.73
-115.919 449.298 2829.29
32.6738 -447.32 3067.14
-215.483 150.43 2905.07
13.8541 297.181 2798.56
-7.38882 -115.479 2869.47
-32.6977 659.786 2693.01
126.324 648.561 2663.17
334.653 387.923 2750.18
256.169 -459.53 3016.36
351.015 120.868 2747.26
230.758 281.972 2757.85
253.575 -81.7182 2862.92
285.346 637.336 2633.32
124.315 469.069 2720.69
FRAME: 108
138.292 876.361 2549.02
-118.707 443.908 2827.29
31.7766 -449.787 3068.91
-218.013 151.541 2892.97
14.8427 300.542 2800.66
-6.27811 -112.935 2871.56
-32.9312 657.792 2692.32
126.384 648.193 2664.17
336.427 384.038 2750.19
256.015 -462.629 3012.26
353.794 122.422 2756.05
235.452 287.393 2761.69
253.343 -83.1046 2863.24
285.7 638.596 2636.01
125.766 471.081 2722.67
FRAME: 109
137.411 876.846 2550.06
-119.975 443.827 2826.48
30.8358 -453.075 3063.25
-233.033 146.439 2890.41
14.9461 298.124 2799.17
-4.73702 -115.931 2871.51
-32.4898 657.114 2693.1
126.841 647.095 2664.84
335.654 382.692 2750.56
255.982 -460.799 3014.08
365.951 136.772 2753.53
233.81 284.506 2760.41
254.209 -80.0662 2864.33
286.172 637.076 2636.57
125.61 469.205 2722.31
FRAME: 110
136.985 878.016 2549.97
-122.436 441.635 2823.77
26.0064 -467.366 3072.61
-233.207 141.602 2879.86
15.5663 297.114 2797.95
-1.61908 -119.549 2873.24
-33.3904 657.04 2693.18
126.342 647.791 2665.32
335.377 382.993 2753.15
255.831 -462.567 3014.42
359.769 146.077 2735.51
234.6 284.586 2759.83
255.8 -82.3301 2866.65
286.074 638.542 2637.46
125.712 469.321 2722.11
FRAME: 111
136.994 877.204 2549.82
-124.21 438.853 2819.28
15.5718 -481.681 3069
-240.129 140.243 2873.73
16.7497 295.838 2798.36
0.639344 -119.288 2875.9
-33.2872 655.777 2691
127.038 647.316 2665.15
334.478 383.988 2755.89
254.916 -462.882 3014.08
367.886 142.137 2747.52
236.826 284.269 2762.79
258.643 -87.0674 2860.18
287.362 638.855 2639.29
126.913 468.685 2722.86
FRAME: 112
137.044 877.701 2550.63
-124.299 438.903 2817.43
13.9407 -486.126 3077.33
-244.957 135.659 2854.4
17.3803 295.946 2797.3
-0.914106 -120.841 2874.3
-33.3118 654.668 2690.48
127.046 646.492 2665.7
336.865 383.102 2759.74
255.924 -464.313 3014.69
383.257 133.745 2763.27
235.478 284.921 2763.65
255.615 -86.3474 2862.89
287.404 638.316 2640.92
126.738 468.463 2723.09
FRAME: 113
136.855 878.01 2551.36
-126.417 435.633 2812.47
8.53838 -492.857 3073.72
-244.749 130.381 2847.9
18.7703 292.478 2796.13
0.189058 -121.76 2872.78
-33.6388 654.941 2691.54
127.038 646.53 2665.49
339.292 383.755 2757.94
258.497 -472.695 3019.23
399.738 124.843 2786.44
234.195 281.249 2761.2
257.762 -91.7826 2861.23
287.715 638.119 2639.43
126.76 466.697 2722.07
FRAME: 114
136.972 878.14 2551.31
-127.32 435.948 2808.02
11.7346 -490.57 3070.74
-247.923 127.848 2833.28
18.8419 291.275 2793.45
2.25837 -124.011 2870.17
-33.7513 655.79 2691.91
127.024 647.081 2665.52
343.007 395.428 2761.14
257 -473.336 3021.81
423.774 118.539 2784.23
232.28 279.726 2758.37
258.554 -98.2694 2861.41
287.799 638.371 2639.13
126.292 466.29 2720.71
FRAME: 115
138.185 877.981 2551.29
-127.469 429.752 2799.06
20.2681 -490.526 3069.79
-235.907 108.516 2806.86
20.977 287.246 2791.54
4.44917 -123.549 2868.9
-33.4807 652.919 2687.43
127.117 645.56 2663.25
354.117 404.598 2762.13
254.91 -478.358 3022.37
475.769 124.465 2776.25
233.861 277.494 2759.43
261.998 -109.551 2860.29
287.715 638.202 2639.07
127.268 463.965 2719.37
FRAME: 116
138.931 878.03 2549.8
-126.69 420.283 2790.76
14.8306 -492.587 3064.17
-218.877 99.5545 2785.6
23.0862 279.573 2789.38
5.53682 -132.327 2868.4
-31.5205 646.422 2680.43
128.635 640.448 2660.01
370.245 409.808 2756.92
254.547 -481.763 3023.48
487.17 150.537 2739.45
236.542 271.586 2762.11
267.068 -118.191 2862.24
288.791 634.474 2639.58
129.225 458.014 2717.88
FRAME: 117
140.248 878.132 2548.33
-123.877 408.748 2777.2
-0.261764 -523.063 3004.7
-193.797 87.4966 2743.63
25.6885 274.644 2786.5
8.37149 -150.893 2856.96
-29.8588 642.771 2673.84
129.689 638.974 2657.26
394.268 427.957 2756.83
255.421 -490.164 3025.14
569.975 162.166 2792.78
240.742 269.496 2764.13
269.448 -123.969 2858.69
289.238 635.176 2640.69
131.452 455.522 2716.29
FRAME: 118
142.645 877.483 2547.38
-114.55 400.147 2760.9
-16.7972 -549.815 2895.47
-157.555 66.2988 2723.35
29.7339 266.892 2781.8
6.65942 -160.621 2840.86
-26.2361 637.764 2666.3
133.431 635.088 2655.18
410.687 429.633 2761.08
257.474 -490.454 3018.81
508.69 352.304 2748.22
241.461 263.341 2767
271.621 -124.828 2860.06
293.098 632.413 2644.06
134.514 450.103 2714.79
FRAME: 119
148.497 875.56 2541.44
-96.5632 377.191 2743.43
105.754 -467.663 2965.82
-113.64 48.8491 2692.88
42.4422 260.196 2771.72
34.4766 -163.526 2821.58
-20.836 630.771 2658.25
138.6 631.575 2653.94
442.33 453.472 2773.95
261.346 -479.163 3024.27
549.205 390.756 2785.5
244.575 261.163 2766.12
274.924 -127.474 2853.61
298.036 632.378 2649.64
141.054 446.127 2711.43
FRAME: 120
157.253 872.539 2539.51
-72.2886 363.267 2718.08
1.49989 -484.865 2930.66
-64.5842 35.5727 2668.03
46.252 247.685 2752.66
30.0279 -157.58 2799.16
-13.2664 627.897 2646.89
148.731 628.957 2653.37
490.137 463.53 2781.25
253.898 -252.77 2942.6
617.278 430.162 2813.17
248.17 249.023 2760.75
282.888 -148.451 2842.17
310.728 630.017 2659.85
147.971 438.655 2705.04
FRAME: 121
164.877 869.841 2535.02
-44.6411 353.361 2695.93
27.9946 -505.623 2979.27
-2.79271 32.212 2641.4
56.1854 236.418 2736.64
30.9686 -162.701 2794.4
-1.94046 626.138 2634.54
160.427 627.671 2650.79
523.204 475.591 2783.98
257.74 -129.906 2870.54
705.761 446.118 2842.47
253.754 238.143 2756.37
308.014 -178.083 2831.59
322.794 629.205 2667.04
157.698 432.476 2698.65
FRAME: 122
186.809 857.603 2533.23
-8.52952 351.493 2689.39
-10.9339 -492.338 2954.38
158.371 47.7808 2634.52
76.8101 228.025 2727.65
40.7202 -158.242 2766.15
21.4152 620.319 2622.1
185.141 621.201 2651.57
600.555 533.207 2792.46
291.819 -410.768 2940.23
936.341 495.436 2845.14
264.576 228.819 2761.25
316.028 -169.915 2834.04
348.866 622.082 2681.04
177.917 424.811 2698.01
FRAME: 123
204.845 847.061 2530.54
35.0435 354.649 2673.49
-2.29816 -470.834 2935.69
191.566 80.1047 2617.5
106.778 225.122 2723.37
62.5872 -151.073 2732.8
43.2829 608.127 2601.91
201.354 614.308 2646.69
614.56 558.958 2802.65
269.584 -426.784 2955.84
957.722 535.82 2816.34
270.226 230.944 2769.28
323.872 -159.612 2829.92
359.426 620.489 2691.47
194.928 421.17 2696.51
FRAME: 124
222.076 836.729 2529.46
63.6916 345.839 2632.17
1.07442 -478.292 2896.38
225.953 118.017 2613.34
129.291 240.523 2726.32
76.3452 -137.922 2716.72
71.2279 600.077 2584.35
219.786 610.672 2644.27
622.827 572.869 2807.2
272.206 -443.754 2955.44
954.183 592.826 2804.95
271.236 250.196 2783.22
331.312 -142.471 2817.65
368.344 621.267 2704.19
210.025 428.016 2699.52
FRAME: 125
239.656 827.428 2528.67
75.8792 336.922 2628.13
0.986411 -503.526 2850.36
191.568 123.449 2642.2
147.719 242.153 2730.2
92.5622 -138.917 2704.06
88.4434 596.159 2576.08
232.683 609.541 2642.45
636.156 588.764 2802.53
293.552 -440.215 2954.81
962.66 647.064 2784.98
275.706 253.708 2789.21
330.025 -132.961 2816.89
376.922 622.923 2708.83
222.197 428.736 2701.08
FRAME: 126
251.349 810.972 2524
101.276 332.159 2604.44
-1.7704 -520.361 2820.87
215.252 137.257 2639.71
151.949 230.201 2724.97
108.794 -151.19 2684.1
108.446 591.919 2563.5
244.973 606.283 2643.85
641.839 603.863 2812.74
278.391 -488.696 2938.07
961.249 667.233 2776.3
275.791 243.351 2798.81
331.754 -144.039 2816.35
381.499 620.648 2724.2
229.421 421.53 2702.87
FRAME: 127
267.928 792.957 2514.94
120.184 335.463 2595.59
6.75435 -552.295 2794.48
230.154 132.559 2634.95
158.494 220.852 2714.94
122.344 -170.619 2654.64
141.303 576.65 2539.16
264.507 593.839 2636.52
644.252 611.309 2823.57
272.695 -509.246 2937.07
949.419 696.39 2766.29
273.909 236.987 2806.77
329.371 -164.325 2824.63
387.711 611.028 2733.87
240.354 411.379 2698.68
FRAME: 128
294.945 766.02 2502.32
131.157 335.33 2588.55
34.188 -612.761 2701.51
215.871 140.955 2634.45
162.369 203.781 2698.63
131.833 -195.671 2630
166.3 568.114 2525.84
281.917 583.751 2631.53
653.564 616.503 2821.72
273.166 -529.621 2934.29
943.365 766.028 2742.46
277.721 219.327 2803.64
314.064 -175.593 2829.85
397.533 599.387 2737.22
250.981 397.652 2691.33
FRAME: 129
324.155 725.236 2488.49
144.439 339.09 2577.44
57.9374 -644.616 2610.68
216.288 155.071 2627.78
170.997 185.655 2676.69
145.315 -219.237 2593.13
230.477 534.612 2490.4
317.183 554.349 2615.93
649.829 625.113 2825.95
263.896 -555.003 2912.87
922.478 796.291 2735.06
258.384 204.789 2801.11
300.906 -194.105 2835.17
403.889 574.085 2741.46
265.937 374.785 2677.41
FRAME: 130
344.725 695.62 2480.99
162.818 333.537 2562.91
66.4876 -673.434 2558.71
218.612 153.784 2605.99
172.54 154.636 2665.88
147.762 -247.255 2569.05
257.421 510.834 2475.73
328.684 532.839 2609.05
637.989 630.466 2829.52
236.618 -555.844 2889.91
913.284 795.408 2723.54
244.961 176.554 2800.05
298.46 -226.778 2831.52
399.948 554.843 2742.37
268.717 349.217 2671.01
FRAME: 131
356.409 673.74 2474.38
183.721 335.469 2550.05
66.8925 -688.273 2537.53
234.004 159.098 2591.67
172.235 135.408 2657.94
152.411 -274.301 2550.47
271.538 491.085 2459.94
335.226 517.655 2604.69
629.252 635.512 2828.67
262.9 -558.876 2958.45
903.666 801.308 2720.82
235.858 161.509 2800.89
301.57 -251.328 2821.53
398.913 544.224 2749.43
269.636 333.057 2667.05
FRAME: 132
369.517 648.984 2465.25
212.232 337.776 2521.68
64.7956 -697.422 2521.04
262.354 161.903 2579.41
168.302 111.76 2644.68
151.963 -286.069 2541.06
276.806 466.651 2445.88
333.372 496.374 2598.05
614.612 636.335 2818.88
265.939 -574.484 2906.07
886.381 787.627 2720.2
224.119 141.406 2794.99
298.266 -258.23 2785.48
389.937 526.097 2750.21
264.791 311.478 2658.94
FRAME: 133
375.34 633.047 2444.59
255.646 328.791 2479.36
60.2126 -709.848 2515.82
274.811 204.861 2560.84
167.246 96.588 2632.84
151.234 -300.896 2532.54
280.691 462.893 2427.96
333.083 492.768 2588.51
598.631 624.365 2793.03
252.695 -594.132 2907.19
879.445 778.412 2721.9
213.731 123.368 2775.16
292.843 -261.388 2782.29
385.475 522.643 2749.07
261.786 301.373 2646.26
FRAME: 134
380.17 614.968 2428.51
259.487 292.333 2466.33
59.3865 -721.229 2508.88
231.419 163.702 2564.14
163.715 84.1267 2626.58
151.225 -315.619 2521.8
285.395 447.437 2415.18
334.901 479.995 2581.16
578.309 592.247 2770.6
252.955 -598.323 2919.48
846.67 756.303 2697.4
207.606 113.451 2773.59
292.496 -269.722 2779.44
384.408 512.554 2747.13
260.281 289.392 2640.62
FRAME: 135
382.695 597.257 2400.96
258.103 238.837 2430.41
61.2798 -732.764 2502.51
241.81 140.596 2555.33
150.427 67.6338 2608.88
160.955 -327.955 2487.66
280.522 424.574 2380.49
329.626 463.899 2558.79
570.645 607.19 2751.99
184.361 -623.928 2924.55
876.323 749.348 2696.97
192.914 102.33 2763.51
290.961 -283.287 2771.39
378.73 503.225 2737.09
250.648 274.441 2622.49
FRAME: 136
373.357 599.096 2384.73
276.004 182.806 2373.17
60.0826 -737.337 2495.2
245.49 135.448 2559.88
147.239 60.8045 2584.55
160.833 -334.043 2464.54
272.547 419.542 2353.63
324.924 459.914 2538.69
572.609 603.165 2739.32
163.027 -620.479 2879.88
868.712 743.328 2692.18
192.67 96.9364 2745.34
293.342 -299.166 2753.33
377.302 500.287 2723.75
247.439 269.392 2601.82
FRAME: 137
370.258 587.359 2358.88
296.816 159.465 2313.33
60.1207 -735.941 2487.28
255.73 150.757 2544.65
137.42 61.8641 2554.04
160.568 -334.515 2442.53
268.473 420.637 2335.82
319.348 457.264 2527.79
563.156 588.548 2734.82
142.835 -619.79 2873.73
868.05 726.165 2679.15
184.209 96.7145 2729.67
280.776 -309.267 2732.99
370.222 493.892 2719.76
240.081 268.277 2584.82
FRAME: 138
367.325 585.75 2340.74
270.026 160.293 2268.98
60.2156 -742.566 2478.98
320.229 90.5639 2460.8
132.588 62.2722 2526.99
159.008 -336.586 2422.83
255.15 419.33 2320.03
306.69 446.193 2506.57
559.332 572.574 2714
146.198 -628.175 2895.03
863.407 693.442 2675.76
176.495 86.296 2683.08
269.272 -316.156 2711.89
358.231 473.055 2693.12
230.616 260.238 2555.8
FRAME: 139
359.725 585.762 2319.36
242.365 163.291 2219.53
57.5312 -740.1 2472.64
437.763 -4.80446 2245.67
118.572 56.7344 2489.87
158.075 -340.754 2402.62
246.336 418.515 2289.37
298.975 440.761 2479.92
542.834 565.397 2695.17
124.504 -643.327 2863.62
851.826 668.785 2649.51
164.329 76.8918 2648.23
270.183 -326.899 2699.35
351.614 463.007 2670.48
220.213 253.787 2524.49
FRAME: 140
346.756 588.006 2297.43
216.518 174.279 2173.91
54.8727 -749.285 2468.17
424.166 -37.7582 2119.46
121.564 50.5391 2456.13
157.246 -350.552 2389.86
235.289 430.065 2251.79
291.31 447.495 2456.01
511.457 519.537 2664.06
94.544 -666.397 2800.57
847.478 631.818 2640.77
164.122 64.799 2607.3
262.596 -330.387 2679.65
347.331 464.926 2660.22
217.076 252.582 2493.86
FRAME: 141
338.021 591.931 2280.26
185.907 187.182 2113.37
53.2152 -753.375 2465.56
367.656 -44.7168 1989.85
116.573 61.1503 2436.65
148.63 -351.788 2376.37
221.876 435.538 2232.8
280.704 450.319 2432.11
485.578 506.819 2659.47
94.6621 -663.89 2789.18
808.681 576.432 2632.17
157.847 72.293 2574.1
249.644 -326.932 2663.69
339.532 465.1 2631.42
208.957 258.52 2468.74
FRAME: 142
326.253 592.139 2251.3
152.345 190.75 2073.54
52.4178 -749.684 2453.64
307.422 -39.7221 1851.81
104.247 67.0598 2424.86
138.539 -340.302 2363.41
201.957 420.168 2223.22
268.051 437.865 2390.63
487.324 508.758 2644.71
108.301 -650.107 2811.44
828.858 575.461 2620.14
160.853 83.3296 2558.15
243.181 -318.718 2636.81
334.146 455.563 2558.04
200.301 256.53 2441.07
FRAME: 143
313.881 591.509 2214.21
125.869 205.226 2022.14
52.7379 -748.198 2443.61
164.932 46.6965 1685.58
97.3446 65.8768 2398.15
136.45 -342.672 2343.44
174.023 407.207 2188.23
246.365 431.154 2350.67
498.68 494.109 2623.74
98.996 -659.257 2781.93
844.651 553.661 2572.23
159.281 88.6344 2532.83
236.369 -314.229 2615.67
318.707 455.1 2513.11
187.339 254.205 2408.08
FRAME: 144
305.845 590.87 2191.63
117.778 223.963 1986.49
44.2263 -741.15 2434.09
131.325 51.9445 1698.51
85.6025 56.997 2374.86
125.638 -344.272 2323.27
169.112 394.308 2170.98
239.69 419.938 2306.09
493.656 486.283 2595.36
98.6955 -673.585 2764.9
842.258 531.303 2544.75
158.544 85.4759 2510.51
201.944 -327.9 2597.27
310.269 445.568 2441.21
180.882 245.587 2374.39
FRAME: 145
301.505 587.886 2179.8
92.8762 222.534 1955.72
44.0892 -756.75 2437.91
56.4288 151.397 1609.24
85.0606 42.0705 2370.2
121.255 -368.034 2317.31
163.662 382.691 2166.52
233.01 411.67 2287.83
488.448 472.935 2568.77
96.7285 -676.339 2753.09
849.868 520.759 2545.07
163.441 78.244 2507.67
216.682 -338.961 2596.98
302.357 440.65 2409.15
178.63 235.914 2363.39
FRAME: 146
294.054 582.444 2155.31
75.4819 238.265 1942
44.3321 -760.124 2431.48
4.05453 212.368 1585.04
74.8904 34.0627 2354.03
121.838 -373.175 2301.57
154.611 380.553 2151
231.237 405.847 2264.49
495.301 448.882 2543.46
90.9451 -678.987 2729.14
836.637 489.277 2521.95
159.638 62.9751 2481.82
224.593 -335.738 2598.71
307.864 431.141 2377.98
174.251 227.183 2341.21
FRAME: 147
289.028 578.773 2133.11
44.9418 251.199 1927.24
41.9493 -764.626 2430.24
-94.8692 311.694 1544.3
68.9134 27.9862 2344.09
120.77 -378.63 2288.13
144.393 376.821 2125.79
225.004 404.285 2239.2
502.594 445.381 2504.7
88.272 -680.154 2677.32
846.855 465.611 2467.09
154.457 57.7766 2465.96
234.525 -338.099 2586.14
305.616 431.748 2352.6
168.345 223.583 2322.11
FRAME: 148
284.745 575.674 2111.13
-21.3422 288.183 1887.33
41.1971 -767.519 2427.95
-154.123 356.073 1570.25
62.2695 26.7649 2328.62
119.922 -383.427 2274.25
121.22 376.646 2093.61
209.988 406.755 2200.45
499.854 452.489 2465.02
94.4846 -672.403 2663.87
858.551 479.654 2428.63
157.48 59.5132 2444.44
227.243 -338.898 2565.36
298.756 436.865 2307.29
159.931 224.947 2293.49
FRAME: 149
282.461 570.688 2097.99
-77.0223 325.226 1839.02
41.1849 -761.229 2416.63
-209.926 404.124 1539.59
52.0955 31.7769 2314.83
119.144 -379.869 2262.52
107.586 372.499 2079.27
201.552 401.41 2181.68
495.513 451.877 2436.42
92.6134 -675.021 2624.97
832.042 479.626 2403.63
155.944 64.2353 2428.45
219.765 -336.114 2550.11
295.519 430.321 2284.09
152.786 224.708 2276.66
FRAME: 150
281.022 566.862 2087.08
-76.2261 332.451 1839.24
41.5538 -754.22 2405.2
-233.81 436.805 1558.58
45.2026 30.4456 2306.3
118.719 -375.104 2250.96
99.5269 374.236 2076.68
199.888 395.517 2173.4
495.853 448.598 2416.73
87.0939 -683.281 2596.7
857.746 467.735 2374.69
150.081 52.9592 2407.07
217.974 -340.909 2539.43
300.249 416.798 2270.11
148.765 218.61 2265.04
FRAME: 151
279.834 564.064 2083.4
-76.2171 356.997 1853.36
39.0187 -755.789 2411.52
-268.473 491.88 1566.39
47.8149 26.2008 2304.94
116.591 -376.747 2250.7
101.723 375.991 2083.21
203.564 394.449 2178.15
506.196 432.088 2405.71
94.0842 -685.293 2620.34
849.002 453.475 2374.02
156.262 46.2823 2406.56
234.175 -355.611 2532.57
305.405 412.908 2273.09
152.802 215.345 2266.95
FRAME: 152
277.986 562.687 2080.27
-89.7388 374.807 1877.54
36.1903 -759.749 2410.34
-269.964 506.273 1584.62
43.9215 29.6788 2303.41
113.345 -379.111 2250.55
93.5652 377.864 2084.09
196.66 394.433 2178.9
518.041 426.326 2393.89
85.9893 -695.337 2570.34
798.113 441.046 2394.51
144.921 45.858 2396.99
231.651 -341.356 2513.99
299.754 411.001 2273.71
145.54 216.1 2264.55
FRAME: 153
276.385 561.39 2075.34
-90.9952 381.858 1880.04
35.8057 -758.183 2411.32
-271.479 513.393 1609.85
41.2101 22.47 2301.54
113.52 -380.875 2249.45
92.7654 380.499 2089.27
199.186 390.284 2175.93
510.845 422.66 2388.72
85.2338 -690.957 2537.7
921.848 459.034 2271.82
147.582 32.1942 2388.55
216.74 -353.088 2486.11
305.607 400.069 2262.58
146.791 208.808 2260.49
FRAME: 154
274.432 560.632 2075.4
-95.6713 389.449 1886.09
31.9162 -769.97 2419.91
-278.086 528.372 1626.64
38.4905 18.552 2306.84
111.242 -391.323 2254.71
81.1466 375.882 2089.71
193.65 387.042 2174.74
507.255 415.4 2382.8
90.1836 -691.22 2568.29
845.217 427.55 2323.65
154.12 30.0296 2394.54
225.935 -356.383 2487.04
306.153 398.201 2259.78
144.977 205.666 2262.71
FRAME: 155
272.292 560.307 2077.52
-105.535 402.912 1901.76
30.1812 -772.588 2422.84
-282.84 540.937 1654.92
37.2428 14.2343 2309.73
109.579 -395.943 2259.64
75.1734 374.816 2094.62
191.914 384.733 2177.86
513.006 408.286 2375.42
88.2346 -697.668 2559.08
852.476 427.15 2294.8
158.772 24.5109 2396.35
231.084 -356.265 2484.19
308.654 394.651 2261.09
144.961 202.053 2265.45
FRAME: 156
269.554 561.595 2081.11
-109.19 406.849 1914.92
28.1541 -775.882 2426.78
-289.888 543.379 1660.44
38.2115 7.517 2313.35
106.768 -398.093 2265.61
71.3174 375.541 2099.67
191.459 385.993 2183.54
519.923 402.475 2372.59
86.6315 -699.715 2566.45
866.943 417.34 2275.05
165.768 18.6609 2402.56
242.38 -360.787 2503
311.6 396.445 2267.42
146.724 199.541 2270.75
FRAME: 157
268.132 563.391 2090.5
-113.652 414.138 1938.58
25.5622 -773.591 2428.15
-283.417 529.668 1665.94
41.4296 9.50524 2316.43
105.225 -398.279 2273.95
72.0649 378.772 2108.1
192.681 388.709 2191.9
525.128 399.112 2373.47
90.3271 -696.854 2559.62
859.556 420.344 2270.39
169.921 20.0551 2405.83
253.252 -366.341 2497.45
313.298 398.646 2275.71
149.178 201.745 2276.52
FRAME: 158
266.387 568.768 2102.94
-118.133 416.705 1943.78
24.1686 -770.538 2434.84
-288.145 535.429 1677.7
49.0279 11.1227 2321
106.521 -397.506 2283.19
73.4416 386.579 2122.72
194.514 395.604 2204.91
535.798 396.468 2370.32
95.1211 -702.936 2584.64
847.8 406.555 2281.28
178.678 20.7587 2408.93
247.775 -383.681 2500.15
315.586 404.628 2287.11
154.183 205.772 2284.94
FRAME: 159
266.164 579.061 2115.05
-121.053 417.277 1950.45
24.1109 -765.794 2438.51
-286.377 533.198 1691.53
53.528 15.3445 2331.63
106.973 -390.978 2298.31
68.3522 397.508 2141.9
195.139 404.053 2221.52
548.237 394.687 2383.78
99.0843 -695.284 2583.81
855.963 392.51 2269.02
185.103 21.9977 2414.07
259.376 -375.894 2510.05
321.926 410.598 2301.14
157.227 211.362 2297.18
FRAME: 160
270.481 599.168 2142.85
-127.367 392.651 1983.88
24.6253 -764.053 2447.76
-272.175 464.515 1718.85
71.2839 20.1028 2356.97
110.801 -385.167 2320.04
62.3212 404.318 2165.7
197.78 414.808 2245.2
558.946 391.591 2398.93
96.8565 -688.554 2590.02
843.172 363.888 2288.83
205.909 30.564 2435.76
281.994 -353.919 2545.52
333.24 425.298 2324.69
168.188 220.071 2320.78
FRAME: 161
273.143 618.662 2167.65
-129.609 374.891 2030.88
25.9576 -755.926 2453.01
-262.888 438.37 1742.76
84.1545 29.9836 2376.77
113.744 -371.096 2338.62
69.2738 416.053 2186.77
205.153 429.391 2266
562.25 384.943 2414.65
92.6778 -680.845 2592.63
828.121 341.143 2317.69
224.976 44.0221 2458.64
298.473 -333.305 2565.31
341.033 442.728 2345.22
179.859 233.197 2341.85
FRAME: 162
278.214 648.811 2206.44
-139.43 328.271 2143.07
28.0957 -750.597 2470.4
-248.82 346.035 1835
102.451 55.4967 2414.41
118.946 -357.269 2378.51
75.822 436.975 2236.1
216.122 450.548 2307.9
571.899 374.304 2446.14
100.852 -661.195 2599.53
850.722 246.375 2312.96
253.515 71.104 2493.18
321.728 -312.004 2582.78
356.421 464.122 2379.7
197.052 256.924 2380.85
FRAME: 163
282.843 670.864 2237.51
-143.909 319.435 2188.46
38.6839 -750.552 2472.4
-236.843 341.38 1904.07
110.899 91.8766 2452.39
128.187 -338.04 2399.02
75.1639 459.909 2280.43
222.912 467.391 2335.3
565.846 358.792 2461.33
151.315 -612.09 2701.51
802.882 210.739 2351.99
263.824 99.8417 2509.92
325.488 -273.068 2614.14
370.66 474.874 2390.16
205.137 281.625 2408.23
FRAME: 164
287.557 691.955 2269.27
-114.899 316.037 2267.63
40.9315 -734.606 2478.96
-223.784 321.972 1979.1
109.75 129.959 2474.77
124.051 -299.586 2430.06
77.7217 490.807 2327.51
229.392 491.484 2368.68
561.847 353.399 2488.22
299.774 -517.012 2864.99
807.911 135.3 2356.87
282.027 130.923 2521.44
336.923 -240.674 2632.38
381.063 492.16 2409.85
212.64 310.962 2433.39
FRAME: 165
293.632 708.81 2296.8
-75.4346 323.076 2339.44
38.8337 -733.214 2496.3
-205.033 237.843 2045.56
118.773 146.205 2513.4
118.55 -283.549 2479.51
85.9503 509.691 2377.36
238.051 507.792 2403.96
560.632 343.908 2514.26
290.748 -472.962 2816.51
770.181 102.587 2398.02
304.01 143.977 2545.72
341.283 -242.373 2651.32
390.152 505.893 2430.57
224.721 326.441 2466.76
FRAME: 166
298.881 721.331 2314.8
-75.0744 315.57 2375.63
41.5121 -708.39 2507.3
-190.364 234.098 2112.48
120.656 168.366 2538.35
109.487 -255.966 2506.75
91.811 523.838 2405.91
245.297 517.084 2426.14
551.141 335.391 2532.29
300.872 -506.706 2874.8
731.281 62.5521 2422.8
304.41 160.346 2562.54
338.578 -232.163 2670.98
398.784 510.33 2446.37
228.915 340.72 2488.29
FRAME: 167
305.001 735.602 2335.91
-60.6752 324.345 2433.97
42.4549 -701.928 2518.69
-158.607 193.033 2191.01
129.269 178.783 2559.35
102.636 -249.504 2541.57
94.814 535.144 2438.47
250.44 525.634 2451.65
543.526 326.076 2544.9
316.346 -488.287 2912.46
692.888 32.9443 2463.21
308.97 167.812 2574.49
349.433 -210.669 2691.6
406.066 516.124 2464.82
234.78 349.466 2509.28
FRAME: 168
308.149 755.855 2366.82
-28.5656 342.822 2503.3
36.6495 -677.299 2565.18
-138.995 154.476 2272.86
138.943 188.473 2585.67
101.51 -232.498 2560.66
106.115 550.617 2466.78
261.281 539.829 2473.75
540.622 321.838 2560.09
312.693 -500.414 2926.08
662.496 20.0205 2495.4
323.374 175.646 2593.96
353.396 -208.367 2717.83
416.446 529.041 2480.71
246.22 360.944 2531.78
FRAME: 169
315.302 769.19 2382.02
-3.71219 356.418 2585.86
14.7459 -629.055 2668.18
-135.994 161.638 2366.84
142.165 200.809 2618.72
106.306 -211.437 2591.36
120.475 577.251 2509.08
271.802 561.281 2503.54
525.036 337.09 2594.93
308.561 -504.579 2941.02
591.009 6.72618 2589.06
331.45 180.745 2611.67
354.219 -204.382 2729.87
423.13 545.311 2498.01
254.305 376.029 2559.37
FRAME: 170
317.785 777.949 2392.88
8.53318 356.201 2627.11
21.871 -612.264 2708.05
-104.427 116.329 2470.17
147.051 216.006 2645.83
100.008 -200.351 2611.49
125.501 590.816 2535.01
277.409 571.393 2521
516.779 339.108 2613.95
308.814 -490.373 2949.54
559.69 -2.36973 2645.68
335.651 191.888 2628.59
356.468 -193.83 2745.82
429.316 551.969 2506.99
259.38 387.67 2579.11
FRAME: 171
317.857 789.283 2408.81
18.0392 357.905 2657.61
11.905 -603.862 2756.04
-104.368 70.6456 2525.75
147.366 224.597 2659.47
95.9263 -193.828 2632.95
123.313 598.935 2552.14
278.02 580.607 2538.27
508.493 345.439 2635.06
307.436 -489.815 2959.81
545.728 29.4648 2662.41
341.811 201.579 2642.17
356.071 -188.956 2756.77
432.727 562.278 2524.41
261.304 396.847 2594.55
FRAME: 172
315.877 805.995 2432.88
31.0825 384.837 2699.18
1.57791 -535.243 2849.51
-66.1418 118.594 2702.11
147.336 239.604 2682.22
86.4828 -175.248 2679.63
126.283 609.486 2576.99
280.464 591.592 2563.3
497.413 335.151 2662.58
304.782 -490.291 2963.67
510.692 83.8191 2695.41
347.779 216.449 2664.59
357.794 -175.144 2769.88
434.645 573.698 2549.62
264.011 409.809 2618.35
FRAME: 173
312.193 815.797 2448.24
32.9208 396.407 2722.23
-3.07807 -520.209 2885.64
-69.9296 124.791 2738.6
147.81 250.28 2702.22
85.2348 -165.602 2716.77
123.525 614.425 2595.13
280.273 596.745 2582.36
485.1 335.046 2692.88
303.568 -488.082 2964.1
494.111 104.028 2780.9
349.516 227.601 2685.9
354.019 -163.207 2775.07
437.022 579.064 2569.59
264.468 417.843 2638.21
FRAME: 174
306.438 825.697 2458.96
29.9744 402.142 2737.79
-4.53615 -507.863 2928.94
-72.6476 119.406 2775.83
146.043 255.493 2716.31
81.966 -168.424 2749.93
118.801 619.412 2606.58
277.809 603.437 2595
479.979 342.812 2708.13
302.484 -486.319 2961.65
478.861 119.065 2787.69
353.964 234.659 2701.22
354.119 -160.109 2775.2
436.817 587.462 2583.41
263.906 424.256 2651.88
FRAME: 175
299.497 834.897 2470.72
30.0446 409.425 2756.59
-3.18269 -474.555 2947.67
-74.7133 136.186 2829.18
142.232 262.845 2730.72
73.2488 -154.235 2770.38
114.312 626.141 2619.59
272.942 610.153 2606.56
461.256 351.908 2718.88
302.196 -485.166 2965.58
469.729 127.841 2806.43
350.062 242.057 2713.62
349.612 -152.187 2786.97
431.572 594.165 2593.52
259.545 431.302 2664.36
FRAME: 176
291.929 841.225 2483.4
26.929 411.847 2771.67
-9.91398 -470.733 2982.22
-73.4472 138.827 2874.54
138.309 269.922 2746.41
65.0585 -146.249 2794.68
108.613 631.049 2633.41
268.367 615.951 2615.7
455.396 378.795 2743.17
301.502 -480.025 2966.64
479.513 131.07 2856.03
356.877 249.319 2722.12
344.054 -144.018 2796.68
428.122 600.853 2598
257.98 437.786 2674.99
FRAME: 177
283.398 846.008 2491.37
17.9057 414.041 2785.3
-13.8866 -456.21 3043.89
-72.543 149.224 2891.13
130.457 276.616 2757.91
56.7417 -140.878 2823.25
98.8126 632.889 2644.79
260.25 615.853 2626.5
454.255 361.304 2735.61
300.785 -488.23 2986.54
473.499 124.368 2836.52
342.873 254.187 2733.72
338.828 -146.226 2803.77
421.687 598.818 2608.21
248.457 440.627 2686.16
FRAME: 178
272.709 852.095 2502.44
8.9233 414.837 2800.61
-18.0709 -450.621 3078.87
-81.1377 164.563 2935.14
122.509 278.104 2762.44
42.8915 -130.32 2857.48
88.9334 636.125 2653.89
249.263 617.683 2635.6
443.173 367.35 2750.22
300.957 -493.712 2985.3
474.046 111.276 2841.81
321.689 255.21 2739.71
330.812 -147.54 2813.04
409.593 599.242 2617.31
235.681 442.17 2693.34
FRAME: 179
259.448 853.69 2514.56
0.401772 422.638 2823.95
-13.9268 -441.668 3104.44
-92.5368 173.174 2962.76
98.8392 279.236 2775.96
33.9118 -123.431 2880.26
70.656 640.474 2671
228.102 621.196 2648.31
433.171 375.024 2755.52
298.1 -494.679 2994.36
479.83 97.9096 2847.63
303.097 254.225 2746.65
317.386 -150.342 2825.06
385.547 601.918 2625.62
214.535 443.963 2704.8
FRAME: 180
244.136 854.192 2523.61
-9.65253 425.989 2836.24
-11.3621 -445.845 3110.85
-99.9232 187.248 2982.79
79.7433 286.155 2787.33
25.783 -125.829 2889.88
54.771 644.688 2684.19
211.428 624.734 2657.05
427.031 380.746 2754.26
293.005 -421.344 2980.3
477.875 106.562 2822.95
292.413 259.082 2750.54
311.232 -149.4 2829.43
368.086 604.779 2629.9
198.753 448.676 2712.99
FRAME: 181
228.258 856.687 2531.61
-18.4865 428.997 2847.54
-12.9511 -442.164 3127.27
-110.934 178.669 2994.84
69.1855 286.803 2795.41
24.4489 -126.9 2894.47
40.2662 647.268 2693.26
197.771 628.1 2662.8
417.854 388.216 2754.75
286.082 -403.175 2974.72
476.232 99.8505 2819.86
283.639 260.688 2753.9
304.129 -155.028 2829.14
355.277 608.931 2632.33
187.092 450.923 2718.73
FRAME: 182
217.09 859.403 2537.06
-29.8675 437.759 2855.33
-17.3214 -438.258 3136.54
-122.111 190.463 2992.1
57.8894 289.953 2800.6
19.1613 -124.449 2901.16
26.6681 651.311 2699.21
184.621 632.946 2667.81
410.625 393.278 2755.45
284.573 -409.199 2989.64
468.267 103.824 2803.05
273.094 264.911 2757.75
295.894 -153.215 2830.57
342.573 614.582 2636.42
175.056 455.189 2723.49
FRAME: 183
207.651 860.806 2543.32
-41.5501 438.687 2862.13
-18.9297 -435.482 3136.39
-134.229 192.121 3006.75
48.1908 297.612 2808.47
10.6549 -119.288 2908.51
16.5572 659.05 2708.15
174.35 639.162 2673.68
397.787 403.362 2755.21
291.852 -443.039 3002.25
456.243 101.12 2789.17
259.846 270.947 2762.23
287.28 -152.135 2838.35
332.142 619.274 2639.21
164.184 461.721 2729.51
FRAME: 184
200.22 863.151 2545.91
-55.1226 447.765 2871.67
-20.2397 -445.262 3140.82
-145.741 196.721 2994.88
37.1976 301.243 2817.83
5.15473 -118.334 2918.93
8.25192 663.464 2713.54
164.464 643.456 2676.52
390.977 410.189 2760.39
291.106 -440.897 3005.65
449.407 101.106 2766.54
255.353 273.309 2766.12
281.341 -150.219 2846.5
320.677 623.448 2639.51
155.37 465.366 2734.25
FRAME: 185
181.462 869.476 2554.44
-77.3221 462.368 2885.71
-20.23 -451.312 3142.74
-160.137 201.443 2990.33
28.2577 305.238 2826.71
-4.96265 -115.843 2927.4
-5.18943 667.32 2723.5
150.317 648.247 2683.78
380.029 415.782 2764.24
287.03 -443.477 3013.54
417.543 103.562 2745.05
243.998 278.739 2771.66
272.273 -143.623 2852.28
305.824 629.174 2644.06
143.223 470.117 2741.48
FRAME: 186
165.888 874.26 2564.19
-92.0582 467.634 2898.09
-23.031 -453.815 3142.38
-186.159 204.67 2997.19
18.1874 308.601 2835.47
-17.2915 -113.499 2935.58
-19.6178 672.395 2733.24
134.639 654.349 2692.15
368.702 418.082 2766.49
286.533 -447.37 3023.3
391.302 97.3433 2740.18
228.932 283.947 2779.4
267.013 -130.021 2862.68
288.895 636.304 2651.05
129.099 475.312 2749.79
FRAME: 187
151.608 883.629 2574.01
-102.463 467.291 2899.79
-25.9692 -458.027 3148.46
-199.275 194.648 2993.84
13.3206 308.034 2839.7
-19.6418 -114.614 2941.24
-30.0596 675.255 2741.53
123.684 658.853 2698.98
357.556 419.174 2767.36
284.349 -449.898 3028.62
380.082 103.713 2740.12
219.216 286.071 2782.77
258.204 -123.083 2872.24
277.427 642.45 2656.43
119.976 477.953 2755.11
FRAME: 188
143.559 886.267 2580.07
-108.189 464.168 2896.82
-26.3803 -455.727 3148.41
-208.589 199.009 2992.65
8.82971 312.817 2844.54
-20.2129 -109.552 2947.86
-37.2133 678.012 2746.28
117.095 661.213 2703.85
350.024 418.06 2771.19
282.539 -431.449 3031.37
368.092 98.1406 2738.73
209.523 291.022 2789.35
253.336 -116.988 2875.41
271.403 644.414 2661.42
113.135 481.566 2760.4
FRAME: 189
135.639 889.123 2585.33
-111.596 467.222 2899.04
-28.8482 -446.705 3149.7
-214.95 194.871 2998.26
3.93763 313.217 2850.6
-20.2728 -110.064 2944.69
-39.7786 679.447 2748.88
113.417 661.988 2705.94
338.453 416.026 2779.1
279.12 -447.512 3038.98
353.983 109.705 2750.63
206.075 290.161 2793.91
249.533 -113.683 2887.59
266.613 644.53 2663
109.212 481.839 2764.1
FRAME: 190
132.05 889.878 2588.93
-117.943 466.837 2898.79
-31.2182 -450.516 3149.36
-227.752 189.814 2999.04
-1.33632 316.369 2854.06
-23.84 -109.983 2943.57
-40.8495 680.83 2751.08
111.395 662.046 2707.98
333.554 413.873 2781.34
281.374 -463.868 3051.74
348.836 99.7993 2761.98
202.187 291.237 2796.37
249.79 -110.097 2901.87
263.639 643.261 2664.89
105.91 482.924 2766.6
FRAME: 191
126.552 889.946 2594.7
-125.904 466.488 2894.95
-32.2358 -457.384 3150.36
-241.387 187.423 2973.09
-3.27013 315.155 2856.77
-25.2617 -109.89 2946.06
-44.4548 680.12 2752.3
108.837 661.885 2710.34
328.696 408.92 2790.14
279.339 -482.13 3059.21
345.327 117.725 2759.46
200.409 290.913 2800.97
247.05 -113.77 2911.48
262.129 643.65 2668.38
103.703 482.459 2769.61
FRAME: 192
123.604 890.133 2597.48
-140.397 464.462 2881.36
-28.4735 -456.571 3151.29
-270.027 161.393 2924.14
-4.42125 314.898 2856.36
-25.5721 -110.384 2944.91
-46.4172 677.49 2752.01
107.023 660.271 2712.11
321.818 403.967 2796.32
278.028 -485.344 3063.91
355.267 122.839 2798.49
199.498 291.988 2803.28
247.503 -109.142 2915.01
260.463 643.051 2672.21
102.281 481.857 2770.96
FRAME: 193
120.284 889.933 2597.96
-157.703 454.294 2861.71
-28.5494 -455.794 3152.64
-291.815 137.598 2851.84
-4.74852 315.241 2857.83
-24.8144 -108.213 2946.97
-50.1633 674.595 2750.25
104.846 658.475 2712.61
319.983 402.791 2799.72
277.144 -483.734 3063.05
381.041 126.619 2827.63
199.066 294.013 2808.28
250.072 -107.013 2914.62
259.855 642.354 2674.97
101.002 481.551 2772.83
FRAME: 194
118.054 890.427 2598.56
-171.618 435.193 2832.93
-29.5896 -455.181 3151.25
-296.861 125.038 2804.36
-2.59701 313.025 2862.83
-22.3973 -104.869 2947.96
-52.8877 671.379 2747.44
103.345 657.428 2712.36
321.484 405.172 2804.18
275.627 -479.791 3060.16
410.319 121.965 2862.6
203.076 294.669 2816.66
252.099 -106.771 2913.98
259.578 643.477 2677.28
101.792 480.637 2776.05
FRAME: 195
116.167 889.558 2600.28
-171.151 429.892 2813.94
-39.0631 -473.938 3145.02
-284.14 121.273 2750.33
-0.257165 309.012 2865.5
-23.4595 -106.044 2951.66
-53.2174 666.146 2742.05
103.943 654.819 2711.36
326.023 405.416 2809.38
275.17 -485.877 3061.08
434.915 132.707 2842.82
209.205 293.955 2824.61
253.599 -110.674 2914.26
261.103 643.492 2680.66
104.208 478.151 2778.21
FRAME: 196
116.628 889.618 2599.88
-167.837 422.747 2797.44
-39.9496 -469.361 3131.58
-263.591 92.3033 2707.18
4.04183 304.222 2864.58
-24.1903 -104.764 2947.33
-50.5791 659.389 2731.16
106.162 650.917 2706.55
337.567 413.874 2813.14
275.663 -489.557 3063.4
444.662 159.051 2835.12
214.545 292.827 2831.56
258.21 -115.88 2918.27
262.903 642.445 2681.95
107.728 474.721 2777.31
FRAME: 197
118.525 889.029 2597.91
-154.892 412.644 2772.18
-34.5949 -471.603 3125.39
-229.01 75.7322 2643.45
8.4721 295.401 2857.76
-16.7871 -135.648 2906.54
-47.9295 654.264 2717.72
108.117 648.948 2700.77
356.715 431.232 2819.7
274.923 -491.251 3063.11
476.975 172.164 2846.53
215.091 288.371 2835.33
262.602 -125 2913.72
264.163 643.633 2683.82
109.949 470.417 2773.66
FRAME: 198
120.528 887.844 2595.24
-137.857 398.807 2750.45
-32.5768 -495.799 2987.24
-177.572 58.4573 2603.81
12.5126 286.733 2847.97
-19.589 -154.938 2899.31
-45.0389 650.418 2709.81
112.02 648.429 2699.47
373.589 450.25 2824.76
275.09 -495.628 3056.6
517.383 207.364 2847.75
221.077 284.081 2834.23
266.328 -132.666 2909.7
269.079 646.441 2689.13
114.407 466.918 2770.29
FRAME: 199
136.511 881.639 2579.51
-85.3461 379.554 2701.08
142.466 -336.003 2899.92
-31.7689 36.8094 2553.83
34.1735 268.972 2802.46
48.5748 -147.794 2786.73
-27.8454 644.174 2678.41
126.591 648.317 2688.4
400.366 471.532 2830.04
258.979 -387.742 2580.7
548.858 406.458 2887.84
224.329 274.024 2814.51
283.42 -130.197 2883.29
281.027 652.46 2698.39
127.921 459.907 2748.44
FRAME: 200
152.743 874.122 2565.2
-34.6809 352.585 2669.58
173.542 -272.988 2910.19
82.2717 16.1568 2544.61
50.3099 249.404 2773.43
52.671 -149.512 2791.63
-4.85702 632.569 2645.93
143.118 640.096 2676.45
440.593 484.364 2836.99
285.239 -298.446 2692.92
551.349 433.17 2879.98
227.354 258.472 2810.33
312.648 -146.294 2855.27
291.093 647.623 2706.97
140.975 447.017 2734.17
FRAME: 201
168.609 865.596 2553.66
-1.75676 340.43 2663.47
218.083 -37.1213 2829.01
167.354 25.9408 2574.55
63.3248 250.652 2755.83
57.4876 -132.116 2777.92
11.9598 624.539 2628.6
156.439 635.183 2669.3
459.008 507.449 2849.41
277.413 -152.584 2820.91
607.729 469.87 2898.19
241.392 263.821 2806.39
324.882 -113.617 2844.58
300.917 645.827 2710
154.399 446.21 2725.2
FRAME: 202
186.452 855.937 2549.82
28.0324 347.881 2647.43
75.6525 -222.448 2932.07
231.996 52.1099 2600.12
74.8612 258.963 2760.02
33.9807 -120.092 2807.2
32.0745 618.697 2618.96
171.644 628.332 2667.81
502.812 511.449 2851.84
73.9637 -289.119 2910.26
649.82 495.194 2904.19
234.243 270.444 2816.93
230.232 -108.689 2872.46
311.213 637.967 2716.65
163.098 446.518 2728.14
FRAME: 203
202.792 843.901 2544.41
68.0358 351.24 2648.04
31.2004 -321.792 2958.34
290.768 100.395 2637.57
99.4415 261.256 2766.19
59.9722 -92.9417 2793.69
51.8489 603.637 2602.47
189.182 618.361 2663.56
536.066 513.73 2845.9
101.041 -341.176 2959.4
852.925 428.728 2863.27
234.791 275.911 2827.3
230.215 -105.278 2874.72
326.516 633.086 2724.64
178.149 443.473 2730.15
FRAME: 204
222.377 827.042 2539.78
83.0808 352.497 2635.62
11.0001 -373.068 2990.14
364.095 128.747 2671.66
111.665 257.202 2761.08
63.6713 -114.685 2776.56
80.9146 594.278 2586.08
210.513 610.99 2662.96
567.695 533.115 2847.98
184.741 -338.979 2951.93
908.232 465.698 2838.09
236.291 273.537 2836.24
278.061 -143.645 2897.58
340.111 627.702 2739.84
192.245 438.18 2730.81
FRAME: 205
242.18 809.49 2534.08
129.175 373.303 2625.72
-19.4485 -440.974 2975.3
385.475 174.73 2699.68
126.019 254.532 2767.16
76.5533 -145.477 2755.74
121.142 585.189 2575.71
239.871 601.966 2662.92
588 536.968 2848.44
135.241 -410.019 2945.18
920.091 492.912 2806.9
236.031 269.691 2847.46
270.162 -144.116 2902.17
358.599 618.744 2750.12
210.448 432.039 2735.11
FRAME: 206
276.338 775.967 2521.18
137.424 372.335 2621.3
-13.1166 -534.732 2884.9
392.873 217.729 2704.17
137.947 237.409 2749.41
94.3311 -163.817 2726.41
167.787 562.639 2559
272.021 580.1 2659.93
604.503 555.701 2852.47
146.96 -463.576 2892.96
934.409 547.92 2764.83
242.922 255.488 2852.52
244.346 -158.799 2847.31
376.255 597.56 2760.86
231.228 413.274 2730.45
FRAME: 207
301.141 746.201 2511.43
151.26 374.377 2614.7
6.42768 -566.861 2839.43
382.421 243.524 2686.64
151.627 217.676 2740.48
116.36 -196.323 2691.24
208.709 544.163 2546.48
298.552 561.821 2656.19
611.529 561.098 2853.31
166.412 -471.619 2911.2
923.492 565.997 2766.63
238.925 234.839 2846.84
234.136 -162.091 2824.15
388.395 579.48 2765.89
246.914 394.04 2724.92
FRAME: 208
323.721 716.488 2505.82
158.854 383.99 2603.77
28.2072 -634.632 2751.48
318.701 304.861 2610.06
158.99 186.095 2725.55
132.381 -227.074 2661.75
247.386 525.682 2534.12
319.773 546.594 2650.3
617.406 562.061 2851.2
144.557 -485.668 2917.05
941.831 577.834 2734.88
236.669 208.428 2850.74
235.463 -182.641 2832.78
392.16 567.505 2766.47
258.801 371.928 2719.22
FRAME: 209
342.656 683.866 2498.1
199.512 395.52 2566.81
31.5167 -654.321 2709.54
326.543 284.359 2626.46
162.962 166.764 2724.07
140.434 -243.038 2642.84
259.717 509.57 2518.92
326.841 535.5 2642.11
622.191 569.376 2848.33
136.984 -491.324 2895.83
927.702 588.647 2746.34
231.684 193.361 2850.66
228.788 -207.447 2849.73
393.965 561.43 2765.31
262.082 357.781 2714.74
FRAME: 210
354.603 665.337 2488.98
228.835 396.368 2554.73
46.5566 -681.439 2647.45
319.705 299.015 2596
163.143 139.345 2705.89
146.726 -267.918 2610.21
287.903 484.448 2501.53
343.18 512.344 2638.26
623.676 569.825 2857.17
131.881 -524.376 2917.65
923.476 591.429 2743.3
219.323 168.022 2843.83
247.548 -235.549 2871.65
398.458 540.241 2774.99
267.207 333.014 2706.56
FRAME: 211
368.272 635.377 2473.94
228.589 385.831 2538.32
56.0585 -691.71 2597.4
314.464 288.731 2578.58
164.782 132.194 2696.8
148.39 -274.127 2593.84
295.475 475.199 2483.72
346.934 506.176 2626.03
624.773 570.097 2846.87
145.063 -540.296 2944.15
913.498 590.706 2753.66
212.749 161.418 2828.28
236.913 -238.354 2883.38
398.392 537.152 2768.35
267.85 326.491 2694.29
FRAME: 212
381.275 612.336 2453.26
239.344 372.361 2525.2
67.9073 -718.577 2537.53
338.05 291.944 2587.29
164.506 113.952 2682.92
152.075 -299.508 2560.05
304.007 457.343 2456.45
350.236 493.849 2608.33
618.045 567.557 2816.78
153.268 -565.484 2998.89
928.781 580.004 2740.77
204.458 145.684 2813.06
227.948 -250.824 2847.77
396.465 530.355 2760.2
267.359 311.833 2678.16
FRAME: 213
385.451 597.739 2431.51
275.554 281.57 2477.28
71.1143 -729.413 2507.2
290.99 256.295 2582.99
158.536 101.326 2653.53
156.362 -311.481 2529.21
299.243 438.606 2427.86
345.542 477.477 2589.35
610.261 559.905 2801.99
172.839 -577.566 2947.42
914.626 571.148 2730.47
200.046 136.687 2796.88
286.897 -285.811 2777.59
391.841 516.348 2750.85
262.417 298.241 2657.28
FRAME: 214
383.575 587.604 2408.95
297.087 202.657 2409.06
70.2801 -735.079 2488.41
280.477 249.032 2588.78
153.151 93.8132 2623.67
158.815 -322.841 2500.5
296.77 436.86 2406.58
342.452 474.879 2576.38
600.666 546.261 2785.16
152.492 -598.285 2922.92
904.12 562.558 2712.63
196.42 130.61 2783.69
285.636 -296.103 2773.07
388.135 512.898 2746.17
258.619 293.545 2640.03
FRAME: 215
377.969 583.664 2393.65
316.296 151.672 2354.89
66.6928 -745.168 2479.27
298.578 215.87 2572.24
143.42 83.5431 2596.88
158.159 -339.212 2471.71
284.354 410.359 2375.83
331.023 453.629 2541.03
587.628 548.302 2748.86
131.084 -612.718 2912.06
885.805 556.693 2703.24
193.173 130.761 2766.53
285.757 -296.967 2744.71
377.692 496.899 2706.23
249.66 280.391 2611.37
FRAME: 216
367.088 586.926 2375.79
305.837 154.798 2301.63
65.5846 -752.514 2473.91
327.713 229.617 2540.35
139.714 68.5533 2568.18
163.005 -346.374 2450.88
272.417 407.6 2350.66
322.373 443.304 2519.2
572.597 528.741 2728.46
126.68 -609.758 2920.44
889.781 557.505 2681.38
187.862 105.969 2724.69
289.959 -306.26 2731.15
372.328 479.007 2687.74
243.08 265.282 2582.82
FRAME: 217
353.468 595.146 2356.27
276.05 137.245 2238.75
57.4659 -755.273 2473.81
413.106 66.6552 2401.16
133.749 57.4962 2537.01
156.71 -356.303 2432.41
257.764 390.267 2333.31
304.962 429.629 2484.72
557.59 540.278 2708.28
123.098 -623.22 2868.02
871.854 559.162 2650.91
190.934 107.97 2713.59
292.764 -312.965 2713.73
352.159 468.99 2636.12
233.652 256.181 2555.01
FRAME: 218
343.413 600.159 2333.5
248.506 155.612 2194.59
52.9723 -750.191 2462.09
437.105 0.404354 2218.96
124.909 60.3477 2506.86
152.841 -352.218 2399.21
229.919 400.768 2301.43
286.237 434.269 2447.38
538.269 537.024 2696.47
114.205 -647.014 2869.37
874.769 558.374 2624.97
186.406 101.032 2663.66
291.042 -323.823 2703.65
342.556 467.77 2593.32
220.947 257.479 2516.32
FRAME: 219
318.119 615.532 2290.82
199.568 196.05 2086.9
48.6404 -751.058 2459.39
383.288 6.01012 1965.88
117.863 55.5314 2459.39
150.708 -358.234 2377.24
207.618 408.379 2253.74
265.268 444.165 2409.47
508.282 533.173 2662.4
113.904 -657.753 2865.4
853.874 526.338 2595.18
180.325 98.5379 2624.64
284.494 -331.404 2675.91
322.918 479.951 2565.2
207.181 260.6 2475.74
FRAME: 220
306.978 626.088 2264.98
181.931 214.007 2053.6
46.7473 -752.535 2447.01
301.855 34.242 1778.56
106.92 62.2694 2416.13
150.309 -356.97 2348.25
181.758 421.244 2220.34
247.781 450.633 2377.01
500.37 523.373 2647.16
114.878 -663.306 2858.45
822.482 513.648 2588.31
175.136 98.5301 2574.79
274.035 -323.65 2645.49
313.805 480.021 2533.68
194.405 265.516 2436.24
FRAME: 221
297.053 634.92 2249.39
160.914 229.279 2030.78
47.5631 -759.141 2447.34
228.02 50.5433 1746.46
102.162 58.5787 2393.46
154.043 -366.519 2340.62
166.975 424.083 2204.78
233.237 452.743 2357.52
485.915 524.794 2632.84
120.15 -660.665 2852.51
830.687 512.963 2560.4
172.743 93.3457 2554.73
271.054 -326.97 2633.04
299.5 481.402 2510.26
185.345 264.352 2415.8
FRAME: 222
289.318 641.465 2234.3
146.973 238.342 2025.58
44.4167 -762.868 2444.82
160.611 129.087 1682.75
102.422 64.9407 2385.46
146.526 -364.801 2333.51
164.515 423.817 2197.61
228.323 454.537 2346.33
474.831 527.731 2623.36
123.233 -656.904 2832.55
821.759 498.286 2544.52
173.288 103.538 2547.49
271.366 -311.138 2613.64
292.131 485.257 2495.05
183.089 269.388 2406.4
FRAME: 223
280.997 645.221 2215.77
137.348 244.256 1996.9
41.9134 -767.335 2445.89
135.502 153.809 1666.38
100.747 60.0116 2375.21
139.343 -369.021 2327.73
156.392 409.444 2180.86
220.793 448.765 2328.68
476.865 512.672 2606.33
119.552 -652.445 2800.29
817.343 478.148 2537.45
177.899 110.608 2551.58
275.221 -298.42 2596.72
285.193 488.085 2476.51
180.058 267.037 2396.04
FRAME: 224
272.085 647.078 2191.71
121.712 246.882 2021.39
46.9439 -764.075 2432.24
109.649 171.615 1680.19
92.9679 58.8952 2352.44
142.762 -367.204 2307.81
142.404 420.833 2172.14
208.297 451.565 2306.71
452.013 501.088 2572.67
101.038 -668.642 2736.49
802.344 467.204 2529.67
172.288 101.658 2513.07
259.471 -302.743 2593.38
274.19 482.297 2441.29
170.463 265.921 2369.73
FRAME: 225
266.047 647.456 2174.96
71.822 293.48 1969.15
47 -759.284 2427.4
-57.6292 369.564 1551.04
86.0886 56.5054 2337.79
142.403 -363.974 2296.16
130.477 425.254 2155.78
206.96 448.666 2284.96
448.35 493.828 2562.94
109.127 -666.327 2741.36
788.32 461.703 2524.83
168.442 83.7273 2475.24
258.356 -306.824 2587.2
283.444 472.078 2414.13
167.113 259.391 2345.74
FRAME: 226
262.046 649.501 2157.19
3.0932 371.437 1890.51
42.7654 -772.095 2431.68
-135.497 441.961 1528.92
76.4703 54.8191 2331.35
138.186 -376.066 2294.67
113.8 426.803 2130.03
201.727 451.931 2250.42
440.732 497.862 2538.33
111.927 -664.273 2727.6
771.045 459.469 2512.71
168.699 85.1975 2457.17
258.566 -304.841 2576.55
289.653 477.06 2370.82
162.156 260.97 2322.34
FRAME: 227
255.856 650.198 2137.75
-35.7927 390.954 1853.02
42.8943 -767.092 2414.98
-140.448 464.938 1543.45
67.4539 63.2364 2309.82
137.712 -373.784 2284.53
101.714 435.414 2115.01
195.472 457.83 2223.77
435.029 482.4 2517.45
106.121 -669.729 2691.73
757.245 449.031 2503.41
168.089 89.5567 2427.56
246.961 -311.948 2557.34
289.23 480.247 2332.53
156.622 267.114 2296.23
FRAME: 228
249.182 650.708 2121.79
-52.1993 419.352 1851.68
42.8959 -766.665 2411.55
-239.378 585.279 1604.26
63.0906 61.6359 2296.1
135.479 -374.211 2273.38
87.3808 433.412 2099.22
190.831 454.071 2206.61
443.497 464.817 2495.32
107.502 -669.725 2692.56
727.69 433.338 2469.24
169.072 83.7097 2406.43
243.591 -317.845 2544.13
294.28 474.73 2314
153.456 263.372 2278.94
FRAME: 229
245.881 648.838 2113.76
-75.5122 448.909 1857.98
38.7444 -765.176 2411.51
-265.361 606.571 1627.31
62.4222 57.2263 2290.35
132.555 -377.871 2266.45
77.4554 433.738 2091.69
185.786 453.446 2197.87
444.534 448.548 2477.79
106.692 -680.61 2673.07
756.228 379.329 2471.97
167.318 76.6216 2393.27
244.319 -327.699 2531.5
294.117 473.154 2304.05
150.328 260.185 2269.84
FRAME: 230
241.743 645.333 2107.93
-79.865 460.383 1878.92
37.1611 -765.847 2411.46
-272.837 622.851 1646.93
58.2124 54.8456 2286.03
131.002 -383.434 2264.55
73.3492 434.894 2096.44
185.585 449.265 2193.47
441.401 429.844 2468.41
109.011 -689.445 2678.54
744.954 373.243 2455.88
168.597 68.8856 2381.49
244.899 -339.636 2523.09
297.82 463.635 2290.49
149.495 255.565 2263.61
FRAME: 231
238.785 643.656 2103.03
-87.3595 465.952 1885.5
37.063 -765.052 2409.72
-290.47 628.111 1676.37
57.6498 51.4271 2284.26
128.745 -386.233 2259.21
61.3261 434.444 2098.11
180.935 447.192 2191.45
448.731 413.772 2448.79
105.647 -693.658 2640.18
756.695 337.704 2468.07
172.109 63.5888 2373.63
246.898 -346.542 2513.03
300.544 459.939 2284.79
147.907 252.35 2260.2
FRAME: 232
235.639 640.13 2098.55
-92.0688 467.054 1899.95
36.9721 -765.892 2408.24
-248.709 607.019 1730.66
55.3286 50.7996 2283.15
125.792 -388.984 2255.59
55.4409 432.709 2100.16
176.971 444.584 2188.71
455.153 397.894 2433.58
104.302 -693.938 2626.87
769.656 315.681 2443.9
173.459 62.4012 2369.43
249.023 -348.094 2507.03
298.501 456.459 2277.25
145.682 250.592 2257.5
FRAME: 233
233.098 636.086 2095.58
-101.525 472.729 1908.64
35.3431 -769.136 2413.67
-264.884 623.208 1731.01
52.8597 51.0913 2284.14
122.973 -388.905 2256.81
48.1637 432.413 2101.9
173.81 443.218 2188.46
461.662 381.227 2420.95
103.942 -701.675 2606.31
766.587 304.924 2429.19
172.203 61.4001 2366.54
251.708 -349.291 2497.29
299.457 454.023 2275.03
143.171 249.732 2256.9
FRAME: 234
230.24 631.642 2093.17
-105.378 477.226 1918.67
35.2977 -769.569 2413.7
-252.603 646.101 1746.32
52.001 52.5225 2284.25
120.647 -387.904 2255.6
43.9241 433.443 2108.56
171.905 441.638 2190.35
474.291 366.72 2406.43
102.9 -704.507 2603.29
766.609 286.425 2394
171.667 60.2035 2360.83
251.39 -349.997 2489.27
299.887 449.833 2272.15
141.87 249 2256.45
FRAME: 235
227.979 629.67 2093.36
-111.428 485.013 1928.97
35.7451 -769.839 2412.49
-237.04 639.677 1764.28
49.2978 51.9542 2286.13
120.4 -388.289 2254.32
40.4096 435.652 2115.02
170.087 441.907 2192.02
482.929 356.932 2394.6
102.448 -704.754 2600.41
794.216 258.628 2357.32
172.629 57.8809 2359.36
250.489 -355.19 2485.99
299.765 448.163 2269.03
140.525 248.412 2257.38
FRAME: 236
227.411 629.211 2095.79
-112.845 487.482 1935.84
35.2119 -770.504 2413.39
-233.829 652.419 1773.86
48.1544 52.527 2285.67
120.083 -387.116 2256.55
40.0897 436.135 2118.58
169.977 441.313 2193.37
488.542 351.548 2386.59
106.895 -702.218 2612.76
773.578 264.143 2349.53
174.164 57.5277 2358.24
249.98 -355.988 2482.33
299.864 446.492 2268.16
140.568 248.17 2257.66
FRAME: 237
226.814 630.547 2099.17
-109.86 486.708 1938.42
34.1117 -771.845 2415.79
-220.958 625.222 1784.69
47.2556 50.7051 2287.47
119.826 -388.366 2260.75
40.3122 437.223 2122.42
170.542 441.889 2195.85
494.937 348.119 2387.09
108.219 -704.028 2610.98
791.112 238.037 2343.59
176.906 55.3669 2360.59
255.178 -360.506 2487.96
300.772 446.555 2269.27
141.311 247.462 2259.94
FRAME: 238
227.341 631.446 2101.6
-109.936 485.608 1946.03
32.7549 -772.809 2419.19
-249.655 657.24 1756.87
47.1145 49.1187 2290.36
120.022 -391.377 2265.92
42.1759 438.982 2128.84
171.744 443.806 2200.29
495.056 350.86 2390.15
110.227 -702.176 2619.74
765.435 251.983 2355.87
184.314 54.288 2365.99
257.443 -359.278 2497.32
301.312 448.63 2271.74
143.729 247.755 2264.23
FRAME: 239
228.306 636.501 2109.76
-116.296 486.968 1956.67
30.9424 -785.62 2423.3
-263.603 655.198 1741.23
53.9645 61.6253 2300.08
115.942 -391.382 2283.75
39.7088 444.254 2137.85
171.564 451.422 2207.84
488.35 357.951 2391.4
116.434 -689.51 2620.17
746.22 252.833 2364.86
193.713 69.0842 2373.87
259.617 -340.209 2502.59
303.419 458.589 2277.83
147.701 258.388 2272.41
FRAME: 240
231.532 645.715 2120.97
-118.257 481.745 1976.54
36.2432 -772.643 2423.13
-272.943 648.945 1748.67
60.8323 70.2741 2308.77
114.953 -371.273 2293.72
46.7438 452.705 2156.5
179.052 456.168 2218.94
478.374 359.109 2408.56
129.083 -679.692 2651.26
739.315 232.892 2378.47
200.505 73.8484 2374.33
276.809 -328.898 2504.97
311.359 459.631 2281.38
154.86 264.115 2280.25
FRAME: 241
237.003 656.167 2134.59
-122.242 474.832 1985.19
35.1787 -770.928 2426.52
-262.948 630.014 1741.93
70.1789 82.0808 2320.01
115.096 -363.244 2306.93
53.2719 462.237 2167.24
186.246 468.787 2235.59
476.007 355.766 2418.27
128.503 -680.298 2664
746.35 198.172 2373.07
214.314 89.3452 2393.95
284.443 -319.944 2524
319.22 475.337 2303.95
164.246 277.25 2296.29
FRAME: 242
244.536 668.446 2147.28
-130.326 458.576 2008.2
36.3442 -760.246 2436.59
-261.933 606.315 1747.62
78.1747 94.0983 2333.97
114.619 -344.835 2324.22
57.8349 467.26 2177.59
192.436 474.462 2248.82
471.673 355.57 2438.38
143.181 -652.285 2661.56
695.12 228.049 2403.68
217.339 101.861 2407.89
305.599 -284.859 2541.75
327.038 481.665 2320.05
170.097 286.221 2309.88
FRAME: 243
260.495 687.845 2173.64
-133.656 414.945 2060.9
41.1862 -755.096 2451.81
-234.033 467.162 1783.6
88.7761 103.616 2358.23
126.171 -333.284 2358.63
65.3326 476.01 2204.51
204.385 484.669 2273.35
451.387 351.846 2478.69
194.642 -598.153 2774.44
574.789 229.821 2524.58
243.598 114.023 2434.88
305.954 -259.934 2577.82
343.436 493.328 2342.19
185.286 296.744 2334.95
FRAME: 244
274.579 707.175 2202.31
-136.167 359.065 2125.25
44.6672 -744.927 2464.35
-224.434 416.932 1826.18
102.068 116.451 2382.71
130.376 -313.983 2389.27
74.2156 485.86 2234.09
214.956 493.458 2303.17
448.609 336.8 2509.61
204.658 -583.822 2800.62
623.812 105.65 2509.72
253.01 124.955 2456.98
310.129 -243.82 2602.89
355.697 501.056 2372.26
196.248 307.08 2361.51
FRAME: 245
286.137 716.342 2226.46
-134.68 336.484 2171.91
49.438 -739.371 2470.98
-197.436 312.015 1908.49
108.464 132.466 2417.28
137.212 -301.625 2409.31
77.7679 493.054 2272.3
221.657 499.569 2332.94
437.698 325.065 2542.25
221.866 -565.077 2870.96
602.6 41.2543 2555.65
267.514 140.424 2484.59
311.099 -245.393 2632.06
365.546 506.083 2393.57
204.823 318.007 2391.94
FRAME: 246
295.702 718.165 2245.32
-90.0452 313.984 2262.48
55.4443 -737.323 2479.95
-187.777 234.292 1971.38
117.316 144.642 2451.1
142.401 -287.011 2434.83
83.8071 496.963 2310.9
231.995 500.257 2360.53
420.665 313.076 2572.39
216.423 -559.263 2886.59
561.719 19.3741 2610.72
283.974 148.511 2507.14
315.602 -231.094 2662.99
380.183 503.551 2410.17
216.32 323.417 2419.83
FRAME: 247
306.472 724.409 2264.93
-76.2625 290.669 2306.71
58.3433 -738.364 2489.05
-183.367 207.994 2036.67
121.659 145.344 2468.3
145 -290.225 2455.96
96.4426 503.404 2331.39
240.677 504.814 2374.7
407.616 306.226 2584.63
217.005 -555.456 2899.1
517.601 4.1126 2686.43
294.197 147.067 2519.88
316.319 -237.684 2671.5
384.912 506.224 2418.01
224.303 325.51 2434.39
FRAME: 248
317.611 726.463 2283.87
-44.1269 275.85 2378.66
59.3587 -739.638 2492.68
-149.752 85.5815 2159.8
133.226 141.376 2497.45
147.781 -295.339 2471.74
104.794 501.809 2354.59
249.177 504.775 2397.49
389.001 306.757 2612.09
216.008 -549.631 2924.64
477.181 9.19367 2726.16
304.705 145.077 2548.69
319.186 -225.064 2705.8
393.56 507.742 2440.38
234.071 324.001 2460.28
FRAME: 249
335.25 731.741 2304.8
-7.14964 262.845 2435.06
63.6274 -725.671 2505.12
-144.763 -8.73003 2298.42
153.286 147.245 2515.81
151.653 -283.529 2493.01
127.528 508.563 2376.88
265.207 509.604 2421.64
384.333 303.204 2618.6
230.076 -540.003 2932.35
335.185 189.527 2581.09
304.759 148.548 2564.99
325.125 -210.72 2722.4
402.886 510.646 2466.4
247.115 328.75 2481.02
FRAME: 250
355.486 742.62 2324.73
33.4525 286.1 2489.21
70.9591 -712.658 2552.43
-52.7551 30.5745 2537.79
169.212 156.068 2530.81
173.824 -275.623 2517.14
141.028 523.391 2397.95
276.507 526.267 2447.66
381.929 303.172 2623.26
228.624 -537.863 2938.12
335.751 183.134 2612.24
317.454 159.391 2584.88
325.855 -199.875 2745.21
411.987 529.143 2497.38
259.92 341.998 2502.75
FRAME: 251
367.617 755.315 2335.11
55.108 299.054 2520.46
76.7047 -707.04 2579.24
-5.73469 58.8193 2635.26
176.168 163.022 2538.96
189.699 -274.523 2529.39
149.758 537.708 2416.44
285.051 538.243 2460.76
378.895 305.872 2623.99
201.178 -562.655 2921.32
329.961 171.477 2605.45
328.153 163.792 2588.47
326.76 -202.808 2761.6
420.343 538.778 2505.09
268.606 350.825 2512.24
FRAME: 252
374.705 762.632 2339.09
74.3719 307.31 2545.93
88.2479 -699.936 2603.44
21.8186 91.6757 2696.09
179.89 170.251 2542.5
207.196 -271.949 2533.17
158.605 548.628 2424.25
291.254 546.903 2467.96
377.927 305.566 2629.39
197.516 -568.797 2920.15
317.011 167.385 2620.17
326.825 168.413 2590.52
327.374 -205.429 2764.81
423.903 545.178 2511.68
272.306 358.118 2517.24
FRAME: 253
378.066 766.576 2340.67
89.5328 311.137 2563.97
106.587 -686.97 2617.52
46.7058 127.026 2717.93
185.252 180.478 2546.33
224.866 -262.882 2526.6
162.508 558.759 2434.53
295.472 553.531 2473.65
379.04 305.434 2631.73
190.253 -584.356 2881.17
308.039 168.118 2591.17
321.69 175.153 2586.51
333.444 -210.523 2767.46
428.436 548.304 2512.77
274.472 365.673 2520.03
FRAME: 254
381.482 767.676 2340.03
95.6905 313.966 2569.35
133.249 -687.208 2626.66
61.0281 156.188 2775.91
191.838 186.463 2551.37
241.36 -259.379 2528.51
168.507 564.089 2440.57
301.542 557.313 2476.04
380.723 312.041 2630.2
187.911 -585.391 2853.73
300.459 179.108 2579.56
323.552 179.63 2586.42
321.492 -208.028 2738.39
434.576 550.538 2511.52
279.618 370.18 2522.47
FRAME: 255
384.311 770.479 2340.3
103.24 319.01 2578.38
167.602 -688.372 2626.37
68.2788 186.877 2788.59
194.87 190.329 2551.94
253.548 -256.75 2528.6
172.649 567.672 2441.37
307.456 559.091 2474.45
383.723 317.825 2622.1
190.498 -609.039 2781.87
301.839 175.018 2580.89
326.384 181.796 2584
321.613 -207.981 2728.4
442.262 550.511 2507.53
284.041 372.577 2521.21
FRAME: 256
388.236 771.646 2338.61
113.593 336.065 2591.57
255.039 -682.49 2607.37
57.6914 201.456 2817.86
198.364 194.328 2549.91
271.692 -251.138 2527.96
177.861 572.381 2440.66
317.214 560.941 2469.43
393.073 324.975 2631.98
230.635 -622.521 2775.28
298.458 190.646 2578.79
335.752 182.944 2578.23
322.242 -208.09 2733.49
456.567 549.501 2498.2
292.136 374.788 2516.75
FRAME: 257
394.059 770.065 2332.69
115.713 341.76 2595.43
281.654 -690.755 2609.78
55.4494 202.684 2801.63
209.995 194.001 2551.57
277.694 -256.06 2528.27
181.357 572.177 2438.39
324.248 558.468 2460.13
401.505 327.972 2628.44
270.007 -641.392 2751.73
294.671 223.351 2541.54
336.271 181.807 2570.78
322.445 -210.983 2734.39
467.138 544.758 2481.87
298.69 373.186 2510.65
FRAME: 258
402.853 761.652 2318.52
114.665 338.242 2595.99
288.609 -670.927 2615.55
51.6336 194.321 2770.04
218.213 201.059 2550.61
274.64 -251.166 2533.31
183.006 568.621 2433.16
331.116 553.369 2452.71
420.463 342.076 2627.1
287.097 -641.134 2730
307.266 266.208 2509.83
338.51 189.125 2567.46
326.46 -208.297 2719.15
479.226 538.118 2472.26
304.739 374.231 2505.87
FRAME: 259
408.028 754.448 2307.48
116.168 332.576 2590.96
312.515 -659.437 2605.95
48.5692 153.58 2748.72
224.559 201.756 2548.78
278.341 -248.398 2534.3
186.225 561.386 2429.02
338.764 545.937 2447.37
503.313 332.243 2642.45
308.055 -638.134 2695.44
347.777 221.814 2601.53
352.353 189.485 2564.42
332.236 -209.091 2721.39
491.304 530.487 2465.73
313.61 370.778 2501.99
FRAME: 260
414.631 742.567 2290.62
116.988 335.818 2591.15
334.496 -665.845 2607.03
46.087 141.151 2710.24
235.348 198.951 2538.13
281.36 -250.223 2526.95
195.753 555.776 2420.26
348.621 538.402 2435.08
533.583 320.691 2626.57
331.235 -663.239 2675.5
507.253 151.589 2703.13
361.353 184.899 2549.81
338 -226.068 2681.08
501.488 521.028 2449.9
323.486 365.164 2489.53
FRAME: 261
417.046 739.53 2274.91
121.326 334.13 2578.22
344.822 -671.729 2618.72
42.7585 122.007 2674
241.203 181.981 2529.37
278.7 -261.538 2526.57
205.766 546.523 2406.84
359.96 529.516 2419.09
561.349 316.399 2584.54
341.958 -662.122 2672.07
616.998 99.6616 2687.42
381.52 166.675 2540.09
329.09 -270.046 2590.79
514.153 512.51 2431.35
335.661 351.922 2476.91
FRAME: 262
420.603 732.485 2262.25
124.058 310.979 2543.39
356.352 -677.795 2618.52
33.2985 73.2491 2642.5
249.95 162.277 2511.85
284.788 -279.572 2526.8
208.591 533.91 2386.53
365.954 516.703 2403.23
574.157 305.323 2574.65
357.494 -691.77 2637.1
728.529 46.6424 2673.15
377.858 148.255 2525.13
322.87 -296.866 2570.95
523.318 499.495 2419.93
339.929 335.984 2460.86
FRAME: 263
427.502 720.484 2228.01
137.748 280.435 2485.24
363.981 -704.321 2605.04
46.8795 7.78608 2535.17
265.134 143.029 2487.27
289.146 -297.652 2515.46
221.301 517.495 2356.74
379.442 502.309 2375.42
594.854 294.314 2545.77
368.603 -708.703 2611.26
805.414 8.01214 2531.02
393.821 130.724 2501.96
321.76 -315.096 2520.16
537.583 487.123 2394.1
354.46 319.593 2435.02
FRAME: 264
430.75 716.858 2203.23
151.985 268.543 2433.66
356.137 -700.091 2597.67
55.5016 -7.79079 2475.23
274.958 143.137 2464.72
305.638 -299.582 2487.73
235.847 509.022 2318.08
391.278 496.777 2342.22
622.496 288.078 2496.45
383.846 -738.112 2571.26
818.277 8.97565 2453.36
409.111 132.293 2485.1
330.446 -313.025 2508.54
546.709 484.532 2366.36
366.656 317.246 2408.57
FRAME: 265
436.293 709.266 2172.47
161.315 261.953 2400.19
345.191 -702.943 2590.55
72.5196 -36.7173 2397.12
285.389 135.492 2434.45
315.184 -303.287 2467.42
248.36 501.105 2285
400.619 492.797 2318.08
636.049 277.766 2467.91
386.034 -742.171 2563.22
829.97 8.15733 2393.29
416.564 128.476 2462.84
377.508 -309.416 2507.21
552.878 484.488 2351.16
375.798 312.39 2383.36
FRAME: 266
436.866 707.542 2151.6
169.494 251.529 2362.73
343.361 -698.068 2565.65
91.2999 -45.7358 2338.72
292.498 127.146 2406.19
314.796 -309.274 2447.8
253.17 497.766 2266.69
406.571 490.773 2299.23
646.596 274.448 2446.34
381.4 -747.391 2557.83
823.188 18.1899 2316.8
432.912 121.071 2436.05
398.509 -314.735 2489.62
559.972 483.781 2331.77
384.638 307.441 2360.18
FRAME: 267
438.843 705.034 2132.61
172.102 234.551 2342.79
353.121 -705.56 2550.41
109.583 -63.8364 2301.44
306.221 111.348 2377.92
328.793 -327.121 2425.76
255.37 486.342 2246.43
410.891 485.271 2275.27
649.752 280.397 2423.71
376.22 -740.928 2557.23
784.959 62.4748 2267.28
465.927 110.828 2407.52
411.937 -326.01 2479.61
566.412 484.201 2304.11
398.482 298.18 2333.99
FRAME: 268
442.645 699.523 2110.1
183.018 221.835 2316.64
361.319 -715.665 2521.95
127.307 -73.6774 2237.67
314.263 114.701 2356.85
327.686 -326.578 2417.19
257.904 480.15 2223.39
413.693 483.122 2253.67
651.267 279.886 2401.49
371.361 -722.286 2556.7
787.406 68.2716 2232.12
479.713 117.929 2388.8
455.474 -311.834 2466.38
569.482 486.093 2283.96
405.34 299.718 2313.25
FRAME: 269
447.991 690.962 2080.77
194.566 209.945 2267.55
378.011 -721.865 2506.38
174.297 -92.5403 2134.34
321.335 104.801 2324.38
325.088 -339.479 2380.88
265.186 471.285 2192.95
421.737 477.337 2224.68
652.053 276.741 2369.19
384.553 -715.897 2535.25
767.032 68.3316 2166.98
502.107 111.907 2361.12
529.598 -296.438 2439.28
578.288 483.388 2256.42
416.729 292.845 2283.71
FRAME: 270
452.123 682.23 2058.8
208.789 199.177 2236.36
381.26 -712.78 2486.68
199.838 -106.769 2075.11
328.078 93.5516 2291.35
319.739 -334.637 2310.6
271.516 466.657 2172.13
428.428 472.966 2200.64
661.535 271.864 2326.42
431.518 -647.283 2528.38
754.365 56.8339 2117.09
519.711 101.345 2326.2
564.403 -307.492 2410.07
585.339 479.274 2229.15
426.161 285.207 2254.71
FRAME: 271
456.521 675.205 2034.11
217.059 195.298 2212.27
385.992 -711.971 2491.03
225.335 -101.86 2038.83
331.187 83.0712 2267.41
324.96 -357.074 2312.94
280.918 459.594 2147.67
438.111 465.186 2176.72
663.201 267.093 2312.38
397.598 -676.788 2474.39
746.015 43.3464 2112.61
531.656 90.1492 2304.54
589.287 -328.657 2372.95
595.304 470.778 2205.77
434.766 275.898 2231.35
FRAME: 272
463.782 668.383 2012.23
225.329 193.948 2197.07
431.32 -667.186 2469.76
244.27 -103.457 2018.73
338.414 85.7277 2250.76
336.601 -356.15 2308.78
282.048 455.834 2131.59
440.573 463.001 2158.33
663.783 266.901 2294.82
481.25 -651.436 2518.17
742.057 33.9265 2112.17
539.426 94.7599 2284.56
598.681 -319.907 2353.69
599.098 470.168 2185.07
439.746 276.623 2213
FRAME: 273
470.633 666.924 1995.71
242.727 195.771 2167.54
415.064 -652.008 2462.26
272.806 -110.954 1980.02
347.048 91.1684 2221.94
346.998 -334.068 2295.26
290.784 454.144 2117.25
446.474 460.414 2140.5
660.662 269.534 2285.25
390.249 -621.129 2466.73
755.11 31.2247 2121.36
546.784 99.0351 2251.4
607.196 -312.605 2326.59
602.165 466.684 2163.75
446.695 277.758 2188.58
FRAME: 274
477.715 659.986 1977.45
257.584 187.175 2141.23
399.007 -700.628 2472.45
292.072 -116.009 1969.05
351.504 83.3429 2195.62
359.606 -330.039 2283.73
296.917 448.317 2100.12
454.817 453.002 2124.83
662.926 248.728 2271.72
485.022 -563.935 2363.9
756.285 -4.93752 2126.92
552.333 89.1473 2227.91
585.483 -331.813 2268.43
612.716 457.687 2149.53
453.368 269.624 2168.3
FRAME: 275
489.865 650.461 1959.41
265.851 172.777 2136.14
401.714 -710.681 2472.53
324.317 -128.04 1953.95
359.296 74.6286 2186.45
379.787 -339.81 2284.46
305.699 437.471 2086.03
465.19 441.138 2107.08
661.33 223.887 2252.43
593.364 -632.549 2393.48
754.495 -45.7783 2156.63
563.817 79.133 2213.32
579.088 -325.554 2263.02
624.68 444.805 2128.13
463.373 259.01 2153.48
FRAME: 276
501.033 640.084 1946.09
285.952 147.562 2114.45
399.632 -733.716 2473.71
349.896 -142.935 1933.82
364.794 45.7307 2171.2
388.595 -352.353 2301.66
316.585 427.689 2072.74
473.527 430.477 2091.76
668.147 198.39 2239.73
721.928 -699.571 2366.94
778.521 -59.2046 2181.8
573.292 49.0845 2195.66
639.74 -345.646 2276.08
630.468 433.265 2110.79
471.285 238.942 2137.6
FRAME: 277
522.93 628.612 1921.24
307.3 136.64 2089.6
399.478 -736.36 2475.24
386.472 -157.382 1925.81
390.382 40.3041 2166.26
403.449 -354.799 2303.86
340.748 406.357 2042.27
494.93 411.318 2066.9
667.87 184.728 2237.5
769.718 -769.899 2341.48
767.102 -107.177 2237.18
586.753 46.558 2197.4
686.52 -359.847 2273.82
649.113 416.279 2091.54
491.749 227.374 2124.37

