FRAME: 0
0 0 0
0 0 0
0 0 0
0 0 0
0 0 0
0 0 0
0 0 0
0 0 0
0 0 0
0 0 0
0 0 0
0 0 0
0 0 0
0 0 0
0 0 0
FRAME: 1
0 0 0
0 0 0
0 0 0
0 0 0
0 0 0
0 0 0
0 0 0
0 0 0
0 0 0
0 0 0
0 0 0
0 0 0
0 0 0
0 0 0
0 0 0
FRAME: 2
0 0 0
0 0 0
0 0 0
0 0 0
0 0 0
0 0 0
0 0 0
0 0 0
0 0 0
0 0 0
0 0 0
0 0 0
0 0 0
0 0 0
0 0 0
FRAME: 3
0 0 0
0 0 0
0 0 0
0 0 0
0 0 0
0 0 0
0 0 0
0 0 0
0 0 0
0 0 0
0 0 0
0 0 0
0 0 0
0 0 0
0 0 0
FRAME: 4
0 0 0
0 0 0
0 0 0
0 0 0
0 0 0
0 0 0
0 0 0
0 0 0
0 0 0
0 0 0
0 0 0
0 0 0
0 0 0
0 0 0
0 0 0
FRAME: 5
0 0 0
0 0 0
0 0 0
0 0 0
0 0 0
0 0 0
0 0 0
0 0 0
0 0 0
0 0 0
0 0 0
0 0 0
0 0 0
0 0 0
0 0 0
FRAME: 6
0 0 0
0 0 0
0 0 0
0 0 0
0 0 0
0 0 0
0 0 0
0 0 0
0 0 0
0 0 0
0 0 0
0 0 0
0 0 0
0 0 0
0 0 0
FRAME: 7
0 0 0
0 0 0
0 0 0
0 0 0
0 0 0
0 0 0
0 0 0
0 0 0
0 0 0
0 0 0
0 0 0
0 0 0
0 0 0
0 0 0
0 0 0
FRAME: 8
0 0 0
0 0 0
0 0 0
0 0 0
0 0 0
0 0 0
0 0 0
0 0 0
0 0 0
0 0 0
0 0 0
0 0 0
0 0 0
0 0 0
0 0 0
FRAME: 9
0 0 0
0 0 0
0 0 0
0 0 0
0 0 0
0 0 0
0 0 0
0 0 0
0 0 0
0 0 0
0 0 0
0 0 0
0 0 0
0 0 0
0 0 0
FRAME: 10
0 0 0
0 0 0
0 0 0
0 0 0
0 0 0
0 0 0
0 0 0
0 0 0
0 0 0
0 0 0
0 0 0
0 0 0
0 0 0
0 0 0
0 0 0
FRAME: 11
0 0 0
0 0 0
0 0 0
0 0 0
0 0 0
0 0 0
0 0 0
0 0 0
0 0 0
0 0 0
0 0 0
0 0 0
0 0 0
0 0 0
0 0 0
FRAME: 12
0 0 0
0 0 0
0 0 0
0 0 0
0 0 0
0 0 0
0 0 0
0 0 0
0 0 0
0 0 0
0 0 0
0 0 0
0 0 0
0 0 0
0 0 0
FRAME: 13
0 0 0
0 0 0
0 0 0
0 0 0
0 0 0
0 0 0
0 0 0
0 0 0
0 0 0
0 0 0
0 0 0
0 0 0
0 0 0
0 0 0
0 0 0
FRAME: 14
0 0 0
0 0 0
0 0 0
0 0 0
0 0 0
0 0 0
0 0 0
0 0 0
0 0 0
0 0 0
0 0 0
0 0 0
0 0 0
0 0 0
0 0 0
FRAME: 15
0 0 0
0 0 0
0 0 0
0 0 0
0 0 0
0 0 0
0 0 0
0 0 0
0 0 0
0 0 0
0 0 0
0 0 0
0 0 0
0 0 0
0 0 0
FRAME: 16
0 0 0
0 0 0
0 0 0
0 0 0
0 0 0
0 0 0
0 0 0
0 0 0
0 0 0
0 0 0
0 0 0
0 0 0
0 0 0
0 0 0
0 0 0
FRAME: 17
0 0 0
0 0 0
0 0 0
0 0 0
0 0 0
0 0 0
0 0 0
0 0 0
0 0 0
0 0 0
0 0 0
0 0 0
0 0 0
0 0 0
0 0 0
FRAME: 18
0 0 0
0 0 0
0 0 0
0 0 0
0 0 0
0 0 0
0 0 0
0 0 0
0 0 0
0 0 0
0 0 0
0 0 0
0 0 0
0 0 0
0 0 0
FRAME: 19
0 0 0
0 0 0
0 0 0
0 0 0
0 0 0
0 0 0
0 0 0
0 0 0
0 0 0
0 0 0
0 0 0
0 0 0
0 0 0
0 0 0
0 0 0
FRAME: 20
0 0 0
0 0 0
0 0 0
0 0 0
0 0 0
0 0 0
0 0 0
0 0 0
0 0 0
0 0 0
0 0 0
0 0 0
0 0 0
0 0 0
0 0 0
FRAME: 21
0 0 0
0 0 0
0 0 0
0 0 0
0 0 0
0 0 0
0 0 0
0 0 0
0 0 0
0 0 0
0 0 0
0 0 0
0 0 0
0 0 0
0 0 0
FRAME: 22
0 0 0
0 0 0
0 0 0
0 0 0
0 0 0
0 0 0
0 0 0
0 0 0
0 0 0
0 0 0
0 0 0
0 0 0
0 0 0
0 0 0
0 0 0
FRAME: 23
0 0 0
0 0 0
0 0 0
0 0 0
0 0 0
0 0 0
0 0 0
0 0 0
0 0 0
0 0 0
0 0 0
0 0 0
0 0 0
0 0 0
0 0 0
FRAME: 24
0 0 0
0 0 0
0 0 0
0 0 0
0 0 0
0 0 0
0 0 0
0 0 0
0 0 0
0 0 0
0 0 0
0 0 0
0 0 0
0 0 0
0 0 0
FRAME: 25
0 0 0
0 0 0
0 0 0
0 0 0
0 0 0
0 0 0
0 0 0
0 0 0
0 0 0
0 0 0
0 0 0
0 0 0
0 0 0
0 0 0
0 0 0
FRAME: 26
0 0 0
0 0 0
0 0 0
0 0 0
0 0 0
0 0 0
0 0 0
0 0 0
0 0 0
0 0 0
0 0 0
0 0 0
0 0 0
0 0 0
0 0 0
FRAME: 27
0 0 0
0 0 0
0 0 0
0 0 0
0 0 0
0 0 0
0 0 0
0 0 0
0 0 0
0 0 0
0 0 0
0 0 0
0 0 0
0 0 0
0 0 0
FRAME: 28
0 0 0
0 0 0
0 0 0
0 0 0
0 0 0
0 0 0
0 0 0
0 0 0
0 0 0
0 0 0
0 0 0
0 0 0
0 0 0
0 0 0
0 0 0
FRAME: 29
0 0 0
0 0 0
0 0 0
0 0 0
0 0 0
0 0 0
0 0 0
0 0 0
0 0 0
0 0 0
0 0 0
0 0 0
0 0 0
0 0 0
0 0 0
FRAME: 30
0 0 0
0 0 0
0 0 0
0 0 0
0 0 0
0 0 0
0 0 0
0 0 0
0 0 0
0 0 0
0 0 0
0 0 0
0 0 0
0 0 0
0 0 0
FRAME: 31
0 0 0
0 0 0
0 0 0
0 0 0
0 0 0
0 0 0
0 0 0
0 0 0
0 0 0
0 0 0
0 0 0
0 0 0
0 0 0
0 0 0
0 0 0
FRAME: 32
0 0 0
0 0 0
0 0 0
0 0 0
0 0 0
0 0 0
0 0 0
0 0 0
0 0 0
0 0 0
0 0 0
0 0 0
0 0 0
0 0 0
0 0 0
FRAME: 33
0 0 0
0 0 0
0 0 0
0 0 0
0 0 0
0 0 0
0 0 0
0 0 0
0 0 0
0 0 0
0 0 0
0 0 0
0 0 0
0 0 0
0 0 0
FRAME: 34
0 0 0
0 0 0
0 0 0
0 0 0
0 0 0
0 0 0
0 0 0
0 0 0
0 0 0
0 0 0
0 0 0
0 0 0
0 0 0
0 0 0
0 0 0
FRAME: 35
0 0 0
0 0 0
0 0 0
0 0 0
0 0 0
0 0 0
0 0 0
0 0 0
0 0 0
0 0 0
0 0 0
0 0 0
0 0 0
0 0 0
0 0 0
FRAME: 36
0 0 0
0 0 0
0 0 0
0 0 0
0 0 0
0 0 0
0 0 0
0 0 0
0 0 0
0 0 0
0 0 0
0 0 0
0 0 0
0 0 0
0 0 0
FRAME: 37
0 0 0
0 0 0
0 0 0
0 0 0
0 0 0
0 0 0
0 0 0
0 0 0
0 0 0
0 0 0
0 0 0
0 0 0
0 0 0
0 0 0
0 0 0
FRAME: 38
0 0 0
0 0 0
0 0 0
0 0 0
0 0 0
0 0 0
0 0 0
0 0 0
0 0 0
0 0 0
0 0 0
0 0 0
0 0 0
0 0 0
0 0 0
FRAME: 39
0 0 0
0 0 0
0 0 0
0 0 0
0 0 0
0 0 0
0 0 0
0 0 0
0 0 0
0 0 0
0 0 0
0 0 0
0 0 0
0 0 0
0 0 0
FRAME: 40
0 0 0
0 0 0
0 0 0
0 0 0
0 0 0
0 0 0
0 0 0
0 0 0
0 0 0
0 0 0
0 0 0
0 0 0
0 0 0
0 0 0
0 0 0
FRAME: 41
0 0 0
0 0 0
0 0 0
0 0 0
0 0 0
0 0 0
0 0 0
0 0 0
0 0 0
0 0 0
0 0 0
0 0 0
0 0 0
0 0 0
0 0 0
FRAME: 42
0 0 0
0 0 0
0 0 0
0 0 0
0 0 0
0 0 0
0 0 0
0 0 0
0 0 0
0 0 0
0 0 0
0 0 0
0 0 0
0 0 0
0 0 0
FRAME: 43
0 0 0
0 0 0
0 0 0
0 0 0
0 0 0
0 0 0
0 0 0
0 0 0
0 0 0
0 0 0
0 0 0
0 0 0
0 0 0
0 0 0
0 0 0
FRAME: 44
0 0 0
0 0 0
0 0 0
0 0 0
0 0 0
0 0 0
0 0 0
0 0 0
0 0 0
0 0 0
0 0 0
0 0 0
0 0 0
0 0 0
0 0 0
FRAME: 45
0 0 0
0 0 0
0 0 0
0 0 0
0 0 0
0 0 0
0 0 0
0 0 0
0 0 0
0 0 0
0 0 0
0 0 0
0 0 0
0 0 0
0 0 0
FRAME: 46
0 0 0
0 0 0
0 0 0
0 0 0
0 0 0
0 0 0
0 0 0
0 0 0
0 0 0
0 0 0
0 0 0
0 0 0
0 0 0
0 0 0
0 0 0
FRAME: 47
0 0 0
0 0 0
0 0 0
0 0 0
0 0 0
0 0 0
0 0 0
0 0 0
0 0 0
0 0 0
0 0 0
0 0 0
0 0 0
0 0 0
0 0 0
FRAME: 48
0 0 0
0 0 0
0 0 0
0 0 0
0 0 0
0 0 0
0 0 0
0 0 0
0 0 0
0 0 0
0 0 0
0 0 0
0 0 0
0 0 0
0 0 0
FRAME: 49
0 0 0
0 0 0
0 0 0
0 0 0
0 0 0
0 0 0
0 0 0
0 0 0
0 0 0
0 0 0
0 0 0
0 0 0
0 0 0
0 0 0
0 0 0
FRAME: 50
0 0 0
0 0 0
0 0 0
0 0 0
0 0 0
0 0 0
0 0 0
0 0 0
0 0 0
0 0 0
0 0 0
0 0 0
0 0 0
0 0 0
0 0 0
FRAME: 51
0 0 0
0 0 0
0 0 0
0 0 0
0 0 0
0 0 0
0 0 0
0 0 0
0 0 0
0 0 0
0 0 0
0 0 0
0 0 0
0 0 0
0 0 0
FRAME: 52
0 0 0
0 0 0
0 0 0
0 0 0
0 0 0
0 0 0
0 0 0
0 0 0
0 0 0
0 0 0
0 0 0
0 0 0
0 0 0
0 0 0
0 0 0
FRAME: 53
0 0 0
0 0 0
0 0 0
0 0 0
0 0 0
0 0 0
0 0 0
0 0 0
0 0 0
0 0 0
0 0 0
0 0 0
0 0 0
0 0 0
0 0 0
FRAME: 54
0 0 0
0 0 0
0 0 0
0 0 0
0 0 0
0 0 0
0 0 0
0 0 0
0 0 0
0 0 0
0 0 0
0 0 0
0 0 0
0 0 0
0 0 0
FRAME: 55
0 0 0
0 0 0
0 0 0
0 0 0
0 0 0
0 0 0
0 0 0
0 0 0
0 0 0
0 0 0
0 0 0
0 0 0
0 0 0
0 0 0
0 0 0
FRAME: 56
0 0 0
0 0 0
0 0 0
0 0 0
0 0 0
0 0 0
0 0 0
0 0 0
0 0 0
0 0 0
0 0 0
0 0 0
0 0 0
0 0 0
0 0 0
FRAME: 57
0 0 0
0 0 0
0 0 0
0 0 0
0 0 0
0 0 0
0 0 0
0 0 0
0 0 0
0 0 0
0 0 0
0 0 0
0 0 0
0 0 0
0 0 0
FRAME: 58
0 0 0
0 0 0
0 0 0
0 0 0
0 0 0
0 0 0
0 0 0
0 0 0
0 0 0
0 0 0
0 0 0
0 0 0
0 0 0
0 0 0
0 0 0
FRAME: 59
0 0 0
0 0 0
0 0 0
0 0 0
0 0 0
0 0 0
0 0 0
0 0 0
0 0 0
0 0 0
0 0 0
0 0 0
0 0 0
0 0 0
0 0 0
FRAME: 60
0 0 0
0 0 0
0 0 0
0 0 0
0 0 0
0 0 0
0 0 0
0 0 0
0 0 0
0 0 0
0 0 0
0 0 0
0 0 0
0 0 0
0 0 0
FRAME: 61
0 0 0
0 0 0
0 0 0
0 0 0
0 0 0
0 0 0
0 0 0
0 0 0
0 0 0
0 0 0
0 0 0
0 0 0
0 0 0
0 0 0
0 0 0
FRAME: 62
0 0 0
0 0 0
0 0 0
0 0 0
0 0 0
0 0 0
0 0 0
0 0 0
0 0 0
0 0 0
0 0 0
0 0 0
0 0 0
0 0 0
0 0 0
FRAME: 63
0 0 0
0 0 0
0 0 0
0 0 0
0 0 0
0 0 0
0 0 0
0 0 0
0 0 0
0 0 0
0 0 0
0 0 0
0 0 0
0 0 0
0 0 0
FRAME: 64
0 0 0
0 0 0
0 0 0
0 0 0
0 0 0
0 0 0
0 0 0
0 0 0
0 0 0
0 0 0
0 0 0
0 0 0
0 0 0
0 0 0
0 0 0
FRAME: 65
0 0 0
0 0 0
0 0 0
0 0 0
0 0 0
0 0 0
0 0 0
0 0 0
0 0 0
0 0 0
0 0 0
0 0 0
0 0 0
0 0 0
0 0 0
FRAME: 66
0 0 0
0 0 0
0 0 0
0 0 0
0 0 0
0 0 0
0 0 0
0 0 0
0 0 0
0 0 0
0 0 0
0 0 0
0 0 0
0 0 0
0 0 0
FRAME: 67
0 0 0
0 0 0
0 0 0
0 0 0
0 0 0
0 0 0
0 0 0
0 0 0
0 0 0
0 0 0
0 0 0
0 0 0
0 0 0
0 0 0
0 0 0
FRAME: 68
0 0 0
0 0 0
0 0 0
0 0 0
0 0 0
0 0 0
0 0 0
0 0 0
0 0 0
0 0 0
0 0 0
0 0 0
0 0 0
0 0 0
0 0 0
FRAME: 69
0 0 0
0 0 0
0 0 0
0 0 0
0 0 0
0 0 0
0 0 0
0 0 0
0 0 0
0 0 0
0 0 0
0 0 0
0 0 0
0 0 0
0 0 0
FRAME: 70
0 0 0
0 0 0
0 0 0
0 0 0
0 0 0
0 0 0
0 0 0
0 0 0
0 0 0
0 0 0
0 0 0
0 0 0
0 0 0
0 0 0
0 0 0
FRAME: 71
0 0 0
0 0 0
0 0 0
0 0 0
0 0 0
0 0 0
0 0 0
0 0 0
0 0 0
0 0 0
0 0 0
0 0 0
0 0 0
0 0 0
0 0 0
FRAME: 72
0 0 0
0 0 0
0 0 0
0 0 0
0 0 0
0 0 0
0 0 0
0 0 0
0 0 0
0 0 0
0 0 0
0 0 0
0 0 0
0 0 0
0 0 0
FRAME: 73
0 0 0
0 0 0
0 0 0
0 0 0
0 0 0
0 0 0
0 0 0
0 0 0
0 0 0
0 0 0
0 0 0
0 0 0
0 0 0
0 0 0
0 0 0
FRAME: 74
0 0 0
0 0 0
0 0 0
0 0 0
0 0 0
0 0 0
0 0 0
0 0 0
0 0 0
0 0 0
0 0 0
0 0 0
0 0 0
0 0 0
0 0 0
FRAME: 75
0 0 0
0 0 0
0 0 0
0 0 0
0 0 0
0 0 0
0 0 0
0 0 0
0 0 0
0 0 0
0 0 0
0 0 0
0 0 0
0 0 0
0 0 0
FRAME: 76
0 0 0
0 0 0
0 0 0
0 0 0
0 0 0
0 0 0
0 0 0
0 0 0
0 0 0
0 0 0
0 0 0
0 0 0
0 0 0
0 0 0
0 0 0
FRAME: 77
0 0 0
0 0 0
0 0 0
0 0 0
0 0 0
0 0 0
0 0 0
0 0 0
0 0 0
0 0 0
0 0 0
0 0 0
0 0 0
0 0 0
0 0 0
FRAME: 78
0 0 0
0 0 0
0 0 0
0 0 0
0 0 0
0 0 0
0 0 0
0 0 0
0 0 0
0 0 0
0 0 0
0 0 0
0 0 0
0 0 0
0 0 0
FRAME: 79
0 0 0
0 0 0
0 0 0
0 0 0
0 0 0
0 0 0
0 0 0
0 0 0
0 0 0
0 0 0
0 0 0
0 0 0
0 0 0
0 0 0
0 0 0
FRAME: 80
0 0 0
0 0 0
0 0 0
0 0 0
0 0 0
0 0 0
0 0 0
0 0 0
0 0 0
0 0 0
0 0 0
0 0 0
0 0 0
0 0 0
0 0 0
FRAME: 81
0 0 0
0 0 0
0 0 0
0 0 0
0 0 0
0 0 0
0 0 0
0 0 0
0 0 0
0 0 0
0 0 0
0 0 0
0 0 0
0 0 0
0 0 0
FRAME: 82
0 0 0
0 0 0
0 0 0
0 0 0
0 0 0
0 0 0
0 0 0
0 0 0
0 0 0
0 0 0
0 0 0
0 0 0
0 0 0
0 0 0
0 0 0
FRAME: 83
0 0 0
0 0 0
0 0 0
0 0 0
0 0 0
0 0 0
0 0 0
0 0 0
0 0 0
0 0 0
0 0 0
0 0 0
0 0 0
0 0 0
0 0 0
FRAME: 84
0 0 0
0 0 0
0 0 0
0 0 0
0 0 0
0 0 0
0 0 0
0 0 0
0 0 0
0 0 0
0 0 0
0 0 0
0 0 0
0 0 0
0 0 0
FRAME: 85
0 0 0
0 0 0
0 0 0
0 0 0
0 0 0
0 0 0
0 0 0
0 0 0
0 0 0
0 0 0
0 0 0
0 0 0
0 0 0
0 0 0
0 0 0
FRAME: 86
0 0 0
0 0 0
0 0 0
0 0 0
0 0 0
0 0 0
0 0 0
0 0 0
0 0 0
0 0 0
0 0 0
0 0 0
0 0 0
0 0 0
0 0 0
FRAME: 87
0 0 0
0 0 0
0 0 0
0 0 0
0 0 0
0 0 0
0 0 0
0 0 0
0 0 0
0 0 0
0 0 0
0 0 0
0 0 0
0 0 0
0 0 0
FRAME: 88
0 0 0
0 0 0
0 0 0
0 0 0
0 0 0
0 0 0
0 0 0
0 0 0
0 0 0
0 0 0
0 0 0
0 0 0
0 0 0
0 0 0
0 0 0
FRAME: 89
3.10615 404.253 2929.3
50.0918 371.534 2572.64
-8.90598 -1008.71 2779.22
232.371 365.133 2726.06
60.5569 -255.796 2780.46
157.88 -660.803 2637.04
-8.34078 192.035 2704.88
28.2957 200.763 2843.35
59.4037 -24.6856 3042.56
63.3597 -995.066 3122.26
141.396 -240.776 3112.09
101.516 -246.038 2935.28
206.284 -674.413 2983.65
64.9321 209.491 2981.83
54.6661 -25.0771 2850.61
FRAME: 90
-9.77845 409.452 2921.9
12.6352 312.412 2531.62
-4.55765 -1025.15 2775.22
234.133 280.459 2688.21
52.7514 -253.444 2748.84
149.397 -671.914 2640.61
-19.3953 191.134 2691.39
18.6033 196.802 2833.36
64.0593 -56.2954 3035.01
72.0675 -992.181 3114.38
123.462 -293.771 3115.96
99.2017 -246.61 2922.81
215.549 -658.766 2970.09
56.6018 202.47 2975.33
47.2899 -26.6122 2834.59
FRAME: 91
-35.1492 412.209 2904.87
-15.4055 241.063 2504.12
-5.46649 -1033.48 2766.11
20.6385 322.415 2654.21
50.1945 -261.832 2732.3
142.816 -679.699 2637.67
-40.8412 184.106 2690.67
24.5027 187.258 2799
211.214 117.281 2681.02
67.8716 -977.563 3131.41
42.9253 236.837 2564.6
117.486 -257.582 2836.43
227.232 -637.693 2964.93
89.8467 190.409 2907.33
54.1714 -36.2246 2791.68
FRAME: 92
-45.8171 403.92 2885.15
-32.4736 190.127 2473.01
-10.4119 -1040.34 2766.83
-11.445 280.42 2664.82
35.8064 -268.35 2729.54
120.234 -677.188 2638.99
-58.3449 169.201 2676.05
27.2784 180.613 2773.46
215.412 153.323 2624.24
70.5156 -963.019 3133.88
42.6436 299.036 2484.01
127.949 -255.739 2831.63
227.383 -629.583 2944.94
112.902 192.024 2870.87
54.5779 -40.7158 2777.02
FRAME: 93
-54.0475 389.972 2864.06
-70.7669 155.389 2478.06
-29.4616 -1057 2776.46
2.98047 245.431 2645.8
25.2197 -278.717 2730.3
87.016 -685.708 2653.27
-75.7414 175.027 2697.87
23.8194 187.6 2776.68
193.722 140.674 2599.44
72.0939 -949.518 3123.85
-2.85097 303.967 2499.84
142.357 -263.725 2822.75
230.867 -635.839 2915.34
123.38 200.174 2855.49
53.804 -41.8103 2776.6
FRAME: 94
-69.2095 396.182 2842.12
-108.071 97.4777 2444.1
-44.5317 -1078.33 2794.35
13.2397 194.075 2610.26
15.2445 -285.307 2736.18
58.1747 -700.962 2675.6
-91.0741 157.723 2686.79
21.8742 176.57 2739.79
180.75 132.367 2558.3
68.2302 -918.693 3098.98
-30.7347 280.525 2507.91
154.289 -261.955 2801.01
225.165 -633.108 2883.53
134.822 195.417 2792.79
53.3204 -48.5303 2754.19
FRAME: 95
-71.4934 401.064 2822.9
-136.741 47.0738 2435.86
-47.2612 -1080.44 2809.56
75.7512 43.7728 2483.99
4.75948 -292.776 2749.04
43.2995 -708.724 2698.8
-90.4615 151.856 2680.63
26.0613 169.929 2718.14
166.818 108.288 2518.81
58.6498 -921.388 3099.91
-100.284 177.204 2437.55
154.942 -269.454 2796.96
219.902 -647.549 2867.17
142.584 188.002 2755.65
52.9561 -55.5928 2745.57
FRAME: 96
-76.1859 411.11 2808.39
-170.431 -21.0286 2470.05
-50.0282 -1076.9 2826.9
86.3926 -39.0483 2407.33
-4.56419 -298.777 2766.23
30.4538 -703.149 2717.51
-98.6175 121.901 2676.76
22.1787 140.163 2698.13
186.767 66.1704 2473.46
57.4825 -939.579 3092.92
-103.016 143.618 2438.18
149.891 -275.441 2792.77
220.304 -649.73 2863.32
142.975 158.425 2719.49
47.4211 -73.473 2738.81
FRAME: 97
-73.6843 425.364 2781.7
-213.256 -27.0053 2546.74
-42.6917 -1046.6 2822.69
14.3974 -92.6702 2347.77
-12.0643 -265.182 2769.06
21.4625 -667.491 2714.69
-113.384 177.182 2689.04
-9.46181 195.198 2717.55
144.464 348.375 2673.67
56.6798 -958.541 3118.4
41.512 599.96 2562.19
112.952 -243.506 2803.24
214.847 -648.799 2887.48
94.46 213.214 2746.05
20.491 -29.5731 2751.85
FRAME: 98
-72.2215 435.367 2761.91
-241.773 -27.2368 2607.2
-36.4061 -1026.46 2828.11
-29.5229 -113.605 2352.22
-20.9391 -234.775 2770.92
7.70672 -642.89 2724.12
-139.578 197.813 2698.73
-27.0835 218.383 2728.25
157.978 400.469 2656.16
74.4004 -945.68 3136.92
78.2737 752.556 2491.83
98.0882 -212.926 2802.2
205.654 -623.711 2899.99
85.4108 238.952 2757.78
5.74553 -2.73406 2757.41
FRAME: 99
-75.8934 434.228 2743.62
-251.195 -43.6902 2639.1
-40.3861 -1015.82 2829.81
-58.8451 -180.989 2378.09
-26.0951 -228.399 2770.54
-3.58235 -622.397 2740.99
-142.019 197.512 2704.31
-24.3747 217.923 2729.18
153.351 343.299 2620.24
73.4727 -942.309 3149.75
59.5039 630.42 2388.78
104.812 -205.726 2798.14
197.526 -614.642 2913.37
93.2701 238.333 2754.04
7.49195 0.430039 2756.76
FRAME: 100
-80.8235 437.323 2730.21
-256.6 -53.8505 2658.55
-40.891 -1014.98 2829.66
-97.271 -249.62 2431.37
-39.2774 -224.023 2762.11
-6.10499 -626.134 2736.82
-147.053 193.19 2696.36
-26.1697 213.498 2723.68
148.083 388.261 2570.12
77.2904 -922.685 3151.2
71.6825 615.558 2290.03
105.306 -199.671 2795.03
189.885 -607.822 2908.36
94.7131 233.807 2751.01
3.42218 0.825687 2751.13
FRAME: 101
-84.8008 431.816 2714.12
-258.792 -64.4171 2682.53
-45.4925 -1014.75 2836.21
-127.289 -316.071 2482.55
-43.5577 -219.25 2763.62
-13.354 -624.607 2744.16
-152.471 194.415 2700.26
-29.1219 215.873 2723.72
141.214 349.723 2519.88
91.4993 -910.019 3146.62
70.4277 550.099 2239.94
106.168 -193.23 2793.89
190.734 -605.384 2901.5
94.2272 237.331 2747.18
1.09168 4.81644 2751.24
FRAME: 102
-88.5807 404.56 2693.56
-263.941 -68.5308 2719.41
-47.2618 -1011.04 2836.58
-178.384 -403.865 2609.94
-55.817 -221.181 2778.48
-15.9873 -623.573 2741.7
-154.654 192.869 2688.06
-29.5239 211.533 2698.26
134.261 223.84 2370.67
88.6147 -910.996 3145.72
69.2797 291.252 2015.48
107.135 -196.835 2793.02
190.872 -609.407 2901.5
95.6065 230.197 2708.45
-1.93254 1.26272 2742
FRAME: 103
-99.6628 385.129 2683.28
-271.913 -83.6398 2755.87
-50.0375 -1012.7 2841.3
-206.261 -425.792 2649.01
-59.5961 -235.931 2797.6
-22.1431 -633.744 2741.27
-170.646 177.063 2688.95
-42.8587 197.554 2686.02
147.028 193.401 2389.41
85.2245 -923.188 3147.88
117.991 141.137 2111.43
113.719 -207.899 2794.31
185.817 -618.155 2904.8
84.9284 218.045 2683.08
-7.89858 -12.1805 2740.99
FRAME: 104
-111.097 368.841 2668.02
-275.666 -106.419 2772.12
-51.0887 -1018.35 2855.58
-227.331 -459.662 2704.42
-62.6434 -250.516 2814.41
-33.8873 -658.171 2753.9
-180.097 147.229 2685.53
-55.7779 167.544 2670.97
151.612 180.342 2407.14
85.8838 -923.813 3135.46
145.475 47.1751 2121.8
114.678 -221.434 2793.74
182.512 -622.317 2894.52
68.5413 187.859 2656.4
-14.8803 -34.2155 2737.52
FRAME: 105
-135.336 352.038 2653.98
-283.387 -102.566 2789.92
-51.1201 -1019.05 2861.78
-253.667 -454.909 2753.99
-62.9089 -261.628 2825.12
-31.7633 -655.649 2747.84
-198.264 137.186 2687.28
-66.5247 153.966 2655.65
176.243 11.5224 2441.73
75.7733 -922.458 3127.55
166.397 -74.5196 2154.2
105.5 -240.029 2785.05
176.188 -630.097 2892.07
65.2148 170.746 2624.01
-22.6145 -48.431 2730.37
FRAME: 106
-146.011 341.112 2643.2
-286.183 -96.3708 2809.8
-47.7236 -1011.77 2850.13
-269.112 -454.009 2820.05
-72.8739 -251.62 2836.57
-30.2942 -646.798 2737.49
-207.651 134.132 2695.83
-72.1036 139 2643.26
176.195 -23.0536 2423.62
79.6215 -924.407 3144.23
179.115 -175.792 2180.08
81.542 -245.74 2777.45
173.814 -631.615 2901.81
63.4437 143.868 2590.68
-33.8848 -54.8401 2725.13
FRAME: 107
-146.141 328.915 2627.93
-274.895 -102.178 2834.73
-28.9755 -1052.18 2830.42
-269.167 -454.541 2867.81
-76.4568 -262.418 2829.74
-43.9443 -671.336 2734.36
-200.952 122.432 2711.43
-71.7604 120.334 2643.18
169.215 -52.5954 2414.12
102.619 -933.101 3142.8
171.659 -233.847 2194.73
72.8975 -264.421 2751.95
171.421 -619.255 2910.35
57.4316 118.236 2574.92
-36.77 -71.5428 2717.01
FRAME: 108
-148.141 321.838 2613.93
-267.795 -97.2152 2849.35
-37.8721 -1032.39 2730.8
-276.859 -448.435 2917.73
-82.8832 -267.388 2824.77
-64.4087 -689.933 2722.41
-199 119.067 2723.06
-74.1215 114.314 2645.54
162.96 -68.8895 2415.76
99.2405 -1003.04 2822.56
169.066 -287.645 2213.98
68.2666 -273.1 2730.91
110.062 -680.901 2756.49
50.7572 109.56 2568.02
-40.7149 -77.9651 2711.69
FRAME: 109
-147.395 313.792 2599.41
-265.62 -97.1918 2853.26
-37.8837 -998.303 2726.23
-288.525 -459.445 2952.06
-86.2636 -272.77 2825.89
-80.2415 -701.94 2744.48
-198.646 113.816 2722.95
-74.7179 109.078 2645.97
161.992 -81.281 2430.19
96.7848 -966.325 2912.4
168.224 -306.579 2237.52
69.98 -278.76 2728.74
113.974 -680.872 2754.6
49.2101 104.34 2569
-41.4299 -83.3436 2711.64
FRAME: 110
-147.573 304.426 2587.38
-263.042 -101.777 2862.99
-23.7461 -964.741 2738.42
-297.4 -438.38 2956.17
-92.7046 -277.244 2829.35
-86.3994 -707.515 2773.11
-200.845 104.732 2726.1
-75.8927 100.206 2647.38
163.156 -93.7433 2431.93
103.111 -928.798 2997.04
163.903 -321.303 2252.75
75.079 -283.262 2723.19
129.655 -669.419 2801.34
49.0594 95.6795 2568.66
-42.3528 -90.0238 2711.82
FRAME: 111
-143.296 291.736 2577.26
-260.823 -109.548 2866.01
-35.5031 -965.546 2727.9
-292.016 -412.454 2931.71
-92.5323 -285.113 2827
-76.9587 -702.086 2768.49
-201.132 93.0713 2726.58
-73.8192 90.3237 2649.7
165.59 -101.325 2440.18
77.7195 -900.003 3051.76
163.825 -333.785 2278.32
78.5619 -288.756 2722.86
129.441 -664.493 2846.68
53.4939 87.5761 2572.82
-40.4022 -98.3054 2712.32
FRAME: 112
-141.01 288.179 2574.92
-259.251 -116.38 2868.45
-47.1249 -987.052 2658.46
-306.058 -436.326 2941.38
-94.9989 -292.351 2822.14
-76.173 -706.584 2748.45
-198.944 85.2645 2727.3
-71.4676 85.2745 2650.33
168.016 -111.064 2448.84
83.1947 -867.246 3116.71
166.324 -333.658 2284.13
86.7164 -291.768 2708.89
126.417 -679.278 2808.11
56.0084 85.2845 2573.37
-37.8044 -103.392 2707.93
FRAME: 113
-138.038 287.778 2574.14
-261.946 -126.882 2866.44
-42.6806 -960.892 2632.46
-320.37 -458.541 2924.18
-95.4058 -300.109 2818.74
-75.2111 -707.607 2713.27
-198.335 80.492 2727.66
-70.8188 82.585 2650.96
174.461 -116.504 2462.8
74.3734 -894.686 3054.4
165.709 -328.982 2291.06
93.1248 -296.564 2702.54
130.655 -665.349 2794.41
56.6974 84.6781 2574.26
-35.9797 -107.876 2705.8
FRAME: 114
-133.017 287.083 2573.67
-269.392 -138.296 2850.69
-24.5132 -970.284 2651.91
-323.502 -477.024 2905.48
-91.671 -300.824 2815.93
-73.7998 -720.751 2706.76
-201.733 79.4931 2721.2
-68.4266 83.743 2653.7
186.627 -117.288 2478.52
60.7005 -888.646 2995.26
168.217 -327.958 2299.06
93.9916 -294.889 2720.99
131.44 -655.526 2804.99
64.8801 87.9928 2586.21
-33.6331 -107.057 2711.08
FRAME: 115
-126.816 291.088 2578.42
-270.845 -139.586 2848.62
-14.9415 -971.071 2671.43
-324.794 -490.223 2869.28
-92.4701 -307.157 2810.73
-68.5726 -727.956 2704.27
-201.854 77.2704 2719.83
-64.1012 83.2495 2659.2
196.894 -117.119 2491.17
79.7206 -885.58 2967.1
171.458 -318.938 2310.77
93.0809 -299.04 2727.97
100.405 -679.726 2731.53
73.652 89.2286 2598.57
-31.8979 -109.925 2714.27
FRAME: 116
-122.716 291.706 2580.78
-276.881 -148.096 2840.85
-36.7351 -1023.97 2683.61
-317.121 -493.908 2809.22
-92.6337 -308.275 2808.38
-72.9992 -731.043 2715.54
-202.529 74.5423 2714.22
-59.8162 81.9535 2663.56
209.242 -116.562 2508.3
35.3033 -927.204 2842.43
176.847 -309.252 2319.82
91.1973 -298.748 2742.31
90.1163 -683.294 2761.56
82.8962 89.3647 2612.91
-30.2672 -110.779 2719.45
FRAME: 117
-117.281 292.318 2584.08
-277.747 -152.249 2830.74
-8.68152 -950.15 2800.51
-305.334 -499.072 2778.15
-91.7756 -305.117 2812.42
-82.5796 -716.998 2708.96
-201.068 74.9745 2711.44
-57.6709 82.7171 2665.11
218.723 -108.99 2524.03
26.8442 -942.662 2827.43
185.304 -305.315 2351.68
92.8206 -295.206 2752.3
80.7845 -667.871 2735.4
85.7257 90.4598 2618.78
-28.5742 -108.722 2723.74
FRAME: 118
-110.26 297.603 2587.61
-274.412 -155.988 2826.47
-28.2276 -958.644 2825.4
-296.597 -503.845 2732.33
-92.6432 -305.827 2810.86
-86.987 -718.516 2732.32
-197.522 78.9678 2714.01
-54.0956 87.0771 2669.36
226.266 -104.379 2536.07
7.33484 -996.169 2909.6
193.545 -299.437 2378.98
96.1367 -295.272 2751.74
65.2685 -659.254 2748.17
89.3302 95.1864 2624.72
-26.1744 -106.736 2725.33
FRAME: 119
-102.383 300.503 2595.65
-273.862 -158.06 2816.23
-23.0693 -993.597 2842.81
-283.092 -495.817 2695.96
-87.5579 -304.63 2813.01
-96.1162 -714.235 2744.64
-198.326 77.5191 2709.83
-49.1668 89.6923 2678.05
238.299 -94.872 2567.75
-25.6083 -1004.13 2894.8
189.393 -287.534 2400.47
99.7385 -289.539 2772.66
45.9816 -665.727 2744.02
99.9924 101.866 2646.28
-21.5383 -103.696 2735.44
FRAME: 120
-93.3235 307.812 2600.98
-270.703 -160.164 2809.92
-56.3055 -1029.44 2825.81
-264.458 -498.058 2662.88
-80.6884 -293.181 2820.42
-98.1466 -676.918 2742.71
-193.804 79.5067 2708.55
-43.9045 96.3898 2686.41
252.025 -85.7534 2596.27
-40.1691 -1019.63 2877.35
197.247 -282.793 2444.83
112.932 -271.354 2791.92
12.2369 -662.046 2711.79
105.995 113.273 2664.27
-13.8914 -92.9387 2746.29
FRAME: 121
-81.2474 315.585 2608
-257.172 -156.191 2799.08
-53.3232 -1023.35 2810.11
-254.787 -484.193 2636.54
-84.0732 -280.209 2827.49
-60.2176 -657.304 2736.17
-193.794 84.3339 2710.94
-42.1307 99.3491 2690.16
263.449 -85.4673 2634.76
-38.569 -982.87 2907.16
204.181 -289.202 2466.85
107.313 -261.395 2801.4
26.5649 -637.988 2738.2
109.532 114.364 2669.38
-15.2554 -85.7265 2752.3
FRAME: 122
-73.0834 328.22 2616.31
-245.322 -153.599 2787.23
-54.2449 -1016.67 2819.98
-235.937 -479.197 2613.26
-76.8904 -271.102 2830.34
-56.0112 -648.21 2739.01
-183.98 92.6558 2709.76
-35.6881 108.038 2695.59
270.82 -70.8871 2681.97
-19.6636 -937.035 2974.15
207.778 -278.343 2512.11
106.757 -252.084 2812.98
20.2099 -628.458 2746.86
112.603 123.421 2681.41
-10.3774 -76.7774 2758.62
FRAME: 123
-55.1206 336.667 2627.63
-221.278 -169.324 2773.02
-57.1796 -1007.75 2826.56
-190.716 -477.337 2617.21
-79.9664 -269.212 2829.77
-49.7184 -636.064 2734.13
-176.213 97.5093 2707.98
-29.1985 113.839 2705.88
272.577 -71.7224 2744.65
6.97614 -950.503 3015.6
218.149 -285.701 2604.34
108.126 -248.351 2827.36
65.631 -636.076 2824.78
117.816 130.169 2703.77
-7.55936 -72.4711 2767.22
FRAME: 124
-44.6638 341.415 2631.38
-208.158 -168.219 2769.5
-55.6021 -1011.51 2840.46
-156.102 -479.951 2607.4
-81.8813 -271.769 2825.35
-51.0882 -642.691 2745.93
-172.526 99.837 2708.69
-24.8048 117.015 2715.59
268.229 -58.1158 2796.45
11.6449 -974.767 3033.93
226.49 -295.028 2661.72
109.403 -249.542 2834.39
102.98 -656.542 2889.51
122.917 134.193 2722.5
-5.52196 -71.8203 2772.73
FRAME: 125
-33.6192 345.626 2635.95
-197.551 -170.027 2762.61
-53.7472 -1014.28 2849.55
-132.626 -484.788 2612.97
-79.4716 -268.85 2830.11
-51.4545 -647.784 2760.74
-164.496 98.0131 2707.71
-16.9277 116.319 2727.7
260.354 -65.2311 2842.92
56.5795 -954.209 3151.53
229.891 -301.267 2694.48
107.154 -245.706 2855.47
119.146 -660.094 2917.73
130.64 134.624 2747.68
-1.54328 -70.4799 2785.24
FRAME: 126
-25.8693 343.293 2639.27
-180.772 -164.879 2760.5
-50.872 -1023.48 2857.2
-112.667 -473.411 2619.19
-76.1864 -272.568 2836.57
-48.3947 -655.742 2774.15
-157.072 95.2361 2710.09
-10.4908 113.917 2737.92
257.743 -65.581 2884.98
78.9627 -937.361 3213.33
234.316 -295.566 2748.64
106.64 -249.271 2871.29
138.368 -662.089 2949.65
136.09 132.597 2765.76
2.36799 -73.5013 2795.93
FRAME: 127
-12.3335 342.559 2643.32
-165.725 -165.589 2768.37
-48.9499 -1026.4 2858.99
-87.1106 -463.604 2627.86
-74.6647 -272.385 2845.09
-45.1797 -650.169 2779.33
-135.281 95.7366 2714.26
2.33595 111.348 2749.61
250.43 -69.9717 2916.95
77.022 -942.598 3227.87
239.683 -320.614 2808.04
103.084 -252.261 2890.86
151.525 -646.188 2988.54
139.953 126.96 2784.97
8.2727 -75.4873 2808.79
FRAME: 128
3.19376 341.861 2646.05
-152.34 -173.693 2765.24
-49.5475 -1027.52 2865.9
-60.101 -491.695 2645.38
-73.3917 -277.891 2850.3
-44.8149 -645.078 2786.18
-128.119 91.2745 2715.24
5.72526 108.526 2758.61
244.314 -72.2105 2943.7
77.1261 -944.193 3224.04
237.621 -335.195 2848.97
103.16 -255.134 2907.66
166.609 -643.899 3018.1
139.569 125.777 2801.98
10.3046 -78.9934 2818.79
FRAME: 129
14.3023 337.713 2650.76
-136.782 -175.935 2759.19
-47.3603 -1025.24 2863.17
-43.9003 -496.984 2670.82
-62.1264 -275.968 2865.81
-43.14 -636.905 2791.81
-107.865 88.3414 2715.08
16.529 107.275 2765.47
233.265 -72.9936 2960.72
76.6109 -952.24 3243.7
240.376 -346.734 2907.61
100.026 -251.176 2931.8
168.335 -640.901 3030.15
140.923 126.208 2815.85
17.7395 -78.1487 2832.14
FRAME: 130
31.2322 332.677 2658.81
-119.465 -184.861 2756.77
-52.4236 -1020.14 2863.02
-20.9243 -503.788 2673.56
-54.902 -282.776 2870.24
-43.3908 -637.764 2801.35
-94.3985 77.756 2719.93
26.2686 96.3476 2778.04
223.29 -81.9193 2993.78
76.7933 -952.086 3235.01
234.24 -335.839 2934.18
96.524 -259.262 2943.92
172.906 -639.248 3046.32
146.936 114.939 2836.15
23.5398 -87.3356 2842.56
FRAME: 131
42.7552 328.956 2664.86
-118.621 -191.166 2764.38
-53.9436 -1019.77 2865.7
-0.167284 -511.316 2692.03
-49.035 -292.88 2878
-44.8124 -637.8 2814.08
-78.2148 70.2978 2723.88
35.3772 90.5617 2793.38
216.298 -84.974 3026.78
74.9295 -957.069 3239.08
224.656 -334.32 2962.27
95.454 -267.089 2966.87
173.499 -641.711 3054.23
148.969 110.826 2862.89
29.2933 -94.7115 2857.91
FRAME: 132
51.8226 325.359 2674.98
-105.631 -201.031 2775.8
-49.7653 -1033.56 2871.49
15.2554 -539.764 2691.06
-43.3129 -302.846 2900.68
-44.826 -649.372 2825.84
-59.0402 65.8264 2735.92
46.0624 87.6077 2811
206.733 -86.4224 3040.03
78.0411 -953.107 3247.32
228.572 -331.601 2981.36
94.164 -274.336 2999.01
168.276 -637.447 3063.78
151.165 109.389 2886.07
35.744 -100.491 2880.42
FRAME: 133
63.6201 324.769 2683.58
-100.833 -197.738 2770.27
-53.9205 -1025.94 2872.13
9.33911 -505.878 2709.67
-40.4243 -308.016 2896.63
-45.0003 -660.216 2844.81
-48.613 65.3354 2738.29
51.4623 85.4364 2816.27
198.822 -96.7649 3049.62
77.4187 -952.904 3246.82
208.882 -340.693 2995.15
91.5278 -281.552 2999.61
170.22 -645.462 3060.62
151.538 105.537 2894.25
38.507 -104.674 2882.2
FRAME: 134
82.7026 328.011 2697.57
-93.2313 -199.989 2767.49
-58.3024 -1033.42 2880.29
30.624 -507.509 2713.08
-38.8125 -321.354 2899.22
-47.0152 -667.776 2857.4
-35.1521 66.8929 2739.67
55.6565 88.4341 2822.82
167.109 -95.948 3066.74
80.7686 -944.07 3246.14
212.343 -349.254 3047.46
90.1327 -290.909 3017.31
170.697 -642.069 3062.57
146.465 109.975 2905.96
40.6583 -108.849 2890.54
FRAME: 135
93.8288 334.15 2709.52
-85.9647 -199.962 2772.7
-59.1398 -1033.54 2882.09
44.4895 -512.819 2715.69
-35.9998 -322.345 2904.36
-42.7685 -668.167 2864.27
-26.0778 65.0853 2742.58
57.5388 88.6335 2828.7
151.937 -91.1278 3068.18
79.5893 -940.281 3253.35
210.654 -336.807 3054.98
87.3 -287.639 3031.53
163.129 -644.986 3072.36
141.155 112.182 2914.83
41.5945 -108.179 2898.33
FRAME: 136
100.55 339.542 2721.73
-81.4059 -182.144 2777.08
-56.9418 -1031.55 2879.84
44.3938 -510.283 2716.27
-31.6913 -317.004 2906.08
-40.7302 -662.159 2867.36
-20.8136 78.2023 2747.85
56.6757 102.131 2840.61
140.36 -95.4144 3070.12
76.1019 -940.687 3259.44
215.072 -338.133 3056.25
80.4714 -282.418 3039.67
157.795 -641.223 3091.91
134.165 126.059 2933.36
40.5328 -98.7901 2906.74
FRAME: 137
108.497 344.123 2731.3
-75.2674 -184.241 2778.55
-56.1542 -1032.41 2880.49
46.3158 -509.211 2729.55
-29.4545 -315.283 2910.53
-38.2583 -665.869 2863.87
-14.3871 80.4765 2751.22
57.8007 105.475 2846.99
128.614 -93.6103 3072.95
76.1922 -938.93 3264.42
213.342 -334.217 3067.68
75.2704 -279.266 3048.48
148.107 -638.263 3100.88
129.988 130.474 2942.76
40.3543 -95.8995 2913.25
FRAME: 138
115.225 348.756 2740.57
-73.5639 -175.058 2781.98
-53.6988 -1030.34 2878.26
34.3393 -486.861 2732.71
-27.3584 -307.404 2911.06
-33.5255 -660.19 2862.38
-11.413 87.4005 2757.77
57.1497 111.938 2857.61
123.132 -97.9985 3076.63
67.1961 -946.817 3258.64
213.261 -343.93 3071.92
69.8876 -272.538 3052.68
141.889 -635.38 3107.66
125.712 136.475 2957.45
39.2072 -89.0165 2919.74
FRAME: 139
118.776 351.206 2745.98
-73.3923 -171.433 2784.23
-50.82 -1029.72 2875.43
41.7327 -486.081 2730.65
-25.4572 -303.374 2912.08
-28.8791 -658.035 2861.66
-2.87312 85.9198 2757.29
60.3599 111.172 2859.06
120.57 -98.4943 3078.11
54.9795 -953.665 3256.59
220.037 -342.138 3079.74
63.2742 -267.777 3055.06
138.184 -630.382 3107.88
123.593 136.424 2960.83
39.6342 -87.2019 2921.31
FRAME: 140
125.896 351.754 2752.16
-69.811 -168.521 2783.53
-50.1412 -1030.93 2875.44
55.7688 -504.953 2738.04
-24.4184 -304.637 2914.56
-25.7195 -659.079 2860.85
5.24592 85.4356 2760.62
65.502 110.641 2862.47
113.135 -102.089 3086.31
55.6695 -951.227 3256.54
207.892 -369.533 3108.62
62.7415 -268.195 3061.68
141.323 -627.58 3107.82
125.758 135.846 2964.33
42.3318 -87.8876 2925.3
FRAME: 141
142.541 342.656 2758.91
-71.7321 -167.868 2790.42
-46.702 -1031.86 2875.01
44.3437 -510.466 2754.82
-20.4228 -307.509 2917.17
-21.0766 -660.229 2860.14
20.8071 79.8234 2760.82
74.9949 105.81 2864.65
112.095 -113.245 3092.17
53.4982 -947.358 3260.22
209.436 -392.304 3105.04
58.3602 -269.75 3067.87
144.644 -621.116 3110.5
129.183 131.797 2968.48
46.9818 -91.4098 2928.59
FRAME: 142
152.936 331.494 2763.15
-74.1751 -171.828 2793.66
-43.8698 -1033.27 2873.19
43.3343 -525.656 2757.03
-19.9826 -313.365 2922.15
-17.7717 -661.745 2856.41
33.0041 76.7544 2762.94
82.2558 102.484 2867.89
112.993 -121.192 3099.42
52.1476 -944.162 3265.78
219.471 -387.45 3128.59
50.0139 -276.744 3071.48
145.482 -621.66 3110.12
131.507 128.213 2972.83
48.6357 -96.2853 2932.35
FRAME: 143
160.361 322.428 2767.31
-68.4095 -168.58 2795.28
-39.2946 -1037.26 2871.77
47.0511 -521.396 2759.67
-15.6025 -314.434 2925.27
-14.936 -662.95 2853.99
40.7885 67.3382 2758.5
87.7904 94.961 2867.29
109.921 -131.249 3103.68
50.9742 -944.618 3269.58
212.306 -396.965 3123.83
47.0807 -277.486 3070.37
146.639 -625.536 3115.78
134.792 122.584 2976.09
51.7648 -100.499 2932.56
FRAME: 144
168.332 311.838 2767.45
-56.3673 -176.233 2796.32
-40.6953 -1036.26 2872.25
49.4746 -524.075 2761.6
-17.9666 -314.559 2932.31
-15.0629 -651.367 2846.18
40.4008 60.3611 2761.73
88.3526 89.2355 2870.45
103.871 -129.166 3106.36
61.1372 -940.815 3278.73
211.566 -407.686 3119.42
46.6983 -275.524 3078.6
151.4 -629.702 3118.29
136.304 118.11 2979.16
51.3592 -102.903 2937.95
FRAME: 145
174.559 300.884 2766.64
-41.7276 -186.806 2788.68
-43.128 -1037.43 2872.76
42.621 -504.285 2773.17
-19.3087 -317.081 2935.01
-3.74111 -659.61 2841.4
44.0846 48.2284 2759.52
90.4096 79.705 2871.09
102.817 -132.443 3106.77
45.7728 -949.484 3272.58
202.856 -396.05 3100.84
43.0563 -274.709 3084.95
149.46 -638.547 3135.78
136.734 111.182 2982.66
51.1417 -108.095 2940.53
FRAME: 146
178.416 291.702 2767.16
-33.4585 -200.843 2776.66
-44.651 -1041.66 2873.25
61.6155 -511.948 2764.05
-22.2001 -319.172 2934.16
-0.57129 -677.888 2833.62
51.2069 33.261 2762.05
93.8601 64.5513 2872.52
102.126 -128.56 3060.5
-33.0617 -990.083 3185.86
6.8978 -286.429 3284.21
35.9805 -276.467 3084.27
38.8622 -659.813 3107.27
136.513 95.8417 2982.99
50.3751 -116.634 2940.87
FRAME: 147
180.894 287.699 2768.09
-18.8102 -225.927 2766.96
-49.5823 -1039.89 2871.83
104.668 -569.077 2720.41
-27.5202 -327.547 2935.45
-16.6607 -683.403 2831.35
56.3095 19.9303 2763.91
98.5153 50.7358 2870.86
91.0714 -130.217 3055.27
-36.8595 -1012.94 3088.01
9.32406 -294.436 3261.78
33.0793 -283.547 3088
9.58379 -656.747 3001.85
140.721 81.5414 2977.81
50.6474 -127.406 2941.29
FRAME: 148
181.661 285.409 2770.85
-3.06346 -226.885 2753.53
-52.0466 -1040.82 2869.16
124.566 -564.349 2699.19
-29.084 -333.995 2928.25
-19.9747 -684.786 2827.72
59.2463 20.3217 2765.82
97.7336 50.4431 2875.24
85.2698 -134.418 3047.07
-41.5618 -1029.58 3021.17
14.9633 -370.032 3209.59
28.2653 -289.149 3091.07
11.523 -664.121 3011.82
136.221 80.5645 2984.66
48.6621 -130.564 2942.45
FRAME: 149
182.52 285.383 2774.58
10.9201 -226.005 2743.63
-53.069 -1043.13 2867.63
155.128 -543.202 2652.81
-24.9413 -341.444 2921.87
-18.2156 -679.612 2819.11
63.4576 25.7613 2767.68
96.9664 54.0715 2881.23
70.2171 -142.553 3029.83
-39.1494 -1026.27 3061.19
12.9846 -360.261 3245.9
23.6488 -300.607 3085.27
9.23159 -661.217 3012.72
130.475 82.3817 2994.77
48.1601 -133.477 2942.4
FRAME: 150
180.243 292.33 2791.94
24.016 -217.548 2727.39
-54.1563 -1046.95 2866.18
175.022 -499.419 2604.23
-21.4776 -337.165 2918.09
-17.5243 -683.835 2824.7
63.5373 28.9182 2766.8
96.1908 56.5079 2881.94
68.2754 -148.846 3019.37
-40.6745 -1027.86 3128.41
31.0525 -367.89 3191.45
24.6141 -298.246 3079.29
59.6623 -679.01 3124.02
128.844 84.0977 2997.07
48.8795 -130.599 2940.31
FRAME: 151
176.035 306.519 2807.71
44.4256 -202.99 2704.43
-55.0269 -1049.82 2866.89
210.179 -454.431 2529.1
-13.2126 -330.693 2909.32
-17.5339 -683.085 2824.11
68.0621 37.3471 2765.15
96.9469 64.9288 2881.68
62.4291 -129.301 3045.22
-33.9417 -1006.09 3155.73
29.262 -340.163 3281
28.1029 -290.83 3076.73
90.6629 -669.231 3164.86
125.832 92.5105 2998.2
52.1961 -122.916 2937.35
FRAME: 152
175.9 323.545 2823.45
54.4589 -181.709 2690.97
-50.4482 -1050.07 2866.73
235.351 -386.488 2454.06
-5.54312 -315.414 2905.53
-12.2031 -682.643 2824.34
64.3004 51.9275 2770.95
96.5614 75.3257 2886.26
62.3466 -122.293 3053
-41.5433 -1013.31 3208.16
50.7542 -331.25 3277.65
38.8296 -283.186 3064.08
103.702 -661.873 3163.76
128.822 98.7238 3001.56
56.6023 -111.987 2935.53
FRAME: 153
174.192 338.671 2839.69
65.7766 -162.263 2676.15
-42.1574 -1039.41 2859.78
248.357 -303.369 2386.02
2.40325 -302.181 2901.51
-5.46378 -673.836 2819.58
57.1052 65.6576 2779.22
97.6067 84.2088 2893
67.1224 -110.76 3075.12
-45.1894 -1007.07 3208.85
61.95 -323.272 3291
56.9702 -277.157 3055.01
122.491 -663.544 3161.7
138.108 102.76 3006.78
63.6467 -102.73 2935.63
FRAME: 154
169.885 354.991 2856.68
71.3133 -120.749 2655.94
-35.9124 -1034.34 2853.24
253.066 -186.831 2339.31
9.75023 -291.856 2899.16
3.33399 -666.381 2811.94
54.1998 82.5709 2783.3
101.391 99.3338 2897.19
74.9643 -105.498 3070.1
-46.1915 -1007.96 3252.08
125.468 -315.77 3228.16
74.8957 -268.657 3055.85
155.725 -668.787 3147.49
148.582 116.097 3011.08
71.857 -90.4615 2937.35
FRAME: 155
166.798 372.55 2879.64
97.2208 -19.1118 2591.64
-35.508 -1034.57 2852.22
273.679 58.0681 2260.72
12.176 -290.379 2896.59
5.38245 -665.821 2803.34
43.8066 96.2406 2785.06
98.5513 110.908 2897.11
89.8251 -96.6734 3077.32
-44.3002 -1002.83 3252.11
190.144 -313.027 3182.47
86.7299 -270.318 3048.82
167.306 -660.747 3144.5
153.296 125.575 3009.15
74.0021 -84.7204 2934.91
FRAME: 156
155.382 390.663 2895.95
105.494 37.7277 2566.61
-31.9234 -1031.3 2848.02
264.747 152.564 2294.92
9.60271 -283.252 2890.96
9.52512 -666.57 2796.45
36.3814 112.047 2782.81
96.5506 124.604 2894.81
92.8545 -83.162 3086.22
-38.7532 -988.439 3271.64
241.623 -281.821 3076.67
89.8364 -266.415 3039.79
166.062 -651.246 3138.41
156.72 137.161 3006.81
73.1351 -75.1151 2930.09
FRAME: 157
159.304 406.439 2911.12
105.259 82.3469 2553.89
-30.7897 -1030.62 2848.01
259.007 273.026 2307.83
13.935 -264.355 2885.13
12.0158 -658.746 2791.76
38.0071 149.351 2779.02
101.599 160.553 2895.05
110.944 -67.1329 3068.47
-33.0469 -984.531 3272.54
259.122 -305.975 3057.88
96.9508 -249.699 3036.28
171.49 -637.404 3131.35
165.19 171.755 3011.09
78.5207 -48.2369 2927.88
FRAME: 158
159.413 427.04 2928.59
105.525 144.913 2551.78
-31.3544 -1026.62 2850.01
267.426 328.776 2339.31
14.6741 -255.558 2883.28
15.9458 -652.983 2790.42
41.3372 171.664 2779.78
105.65 180.908 2897.85
117.732 -53.211 3046.65
-27.7654 -985.075 3270.13
271.4 -269.431 3070.34
97.3858 -243.594 3034.48
176.5 -629.736 3125.51
169.962 190.152 3015.92
80.8399 -34.3341 2928.37
FRAME: 159
154.353 437.863 2941.14
124.757 204.956 2549.68
-27.3347 -1013.42 2846.32
261.763 384.228 2360.89
21.1984 -234.238 2875.34
22.4951 -638.475 2786.45
43.7481 185.187 2775.4
103.604 194.4 2896.67
99.4951 -44.9573 3086.52
-23.1711 -981.485 3265.73
279.897 -266.295 3053.71
96.5061 -222.794 3027.22
175.036 -625.391 3113.66
163.46 203.612 3017.94
81.2282 -17.0583 2923.98
FRAME: 160
147.547 448.131 2946.22
127.631 237.759 2559.2
-27.0118 -1010.31 2845.38
249.121 430.091 2402.64
30.4793 -226.827 2870.4
27.1641 -632.44 2783.82
49.7213 199.131 2778.27
101.004 208.244 2901.52
99.4749 -40.7728 3099.3
-21.0911 -986.088 3262.4
276.06 -329.052 3110.97
95.7503 -215.33 3027.38
172.894 -618.211 3102.04
152.287 217.358 3024.76
82.0594 -6.41707 2925.2
FRAME: 161
133.145 445.349 2931.62
128.986 322.293 2561.66
-26.037 -1011.93 2855.41
247.315 518.443 2442.49
36.459 -215.948 2875.58
35.8127 -624.493 2790.66
48.8382 216.269 2792.63
96.8983 222.528 2898.46
103.602 -26.3437 3093.16
-15.9864 -970.17 3241.38
270.814 -198.472 3030.9
98.3067 -207.782 3012.88
171.605 -607.713 3075.99
144.958 228.788 3004.28
82.1406 5.33165 2921.34
FRAME: 162
120.698 447.599 2925.65
127.021 356.853 2573.13
-28.3534 -1014.73 2844.52
244.798 597.951 2490.62
43.5246 -210.995 2851.72
41.0601 -617.959 2774.47
57.1173 216.852 2777.46
98.1007 224.093 2896.78
97.3699 -15.5259 3093.2
-10.2768 -962.298 3238.66
235.438 -225.645 3087.36
102.249 -199.65 3018.87
170.066 -594.625 3075.49
139.084 231.334 3016.11
85.4938 9.3853 2916.04
FRAME: 163
119.734 450.905 2925.54
127.801 376.161 2584.55
-28.3624 -1009.78 2843.03
217.799 649.58 2518.13
56.8422 -209.306 2844.3
49.718 -612.627 2766.91
65.1841 222.757 2767.7
100.254 230.353 2899.11
93.4648 16.7773 3073.94
-5.97889 -963.211 3224.34
223.959 -249.711 3111.1
102.396 -199.45 3015.34
164.748 -595.099 3060.82
135.323 237.948 3030.52
89.9365 12.9874 2914.47
FRAME: 164
116.369 452.26 2927.79
134.441 398.926 2598.35
-29.2691 -1010.91 2844.19
202.77 697 2552.83
62.1402 -208.655 2842.48
57.014 -616.547 2763.65
67.6049 227.738 2770.64
98.3241 234.783 2895.41
98.0616 107.981 2998.3
-1.95302 -961.27 3214.48
213.438 -49.3227 3024.19
105.272 -197.796 3013.3
165.015 -594.426 3052.91
129.043 241.827 3020.18
91.0151 15.7787 2911.65
FRAME: 165
114.697 456.423 2906.32
129.369 413.739 2614.92
-27.4279 -1012.35 2841.6
181.547 748.63 2587.89
62.0953 -206.991 2838.54
65.4335 -618.799 2755.63
67.8703 230.164 2769.91
97.6402 236.671 2895.61
99.3087 138.863 3013.47
-0.106373 -960.828 3205.71
202.687 18.4387 2981.24
103.65 -197.066 3011.42
156.392 -594.412 3044.9
127.41 243.177 3021.32
90.2565 17.3212 2910.3
FRAME: 166
114.064 457.545 2896.91
123.472 428.687 2622.27
-23.6734 -1013.75 2838.31
179.797 757.564 2618.45
59.1404 -208.121 2829.64
76.5082 -621.788 2745.49
66.2586 230.847 2768.42
96.507 236.147 2894.61
112.919 257.691 2832.65
3.01121 -962.876 3199.56
170.258 442.341 2744.45
102.486 -199.87 3009.25
152.508 -600.595 3042.24
126.755 241.448 3020.79
88.6602 16.0759 2907.03
FRAME: 167
113.77 455.967 2888.29
121.472 433.825 2628.06
-20.7235 -1013.73 2833.23
154.892 801.119 2628.89
59.4141 -211.144 2827.67
87.9764 -628.369 2735.03
65.0064 230.598 2765.53
95.6523 236.026 2892.74
119.204 282.991 2784.97
6.32031 -964.526 3196.49
162.928 520.417 2676.85
102.692 -202.868 3007.11
152.799 -611.657 3050.96
126.298 241.454 3019.95
88.3526 14.5098 2905.06
FRAME: 168
104.02 460.173 2880.34
122.928 443.185 2631.11
-16.9728 -1010.28 2812.21
166.737 788.752 2669.93
67.6489 -206.443 2818.34
96.4128 -629.566 2716.95
69.1597 231.767 2761.19
95.004 234.273 2890.42
119.152 310.241 2759.49
14.4507 -969.505 3207.07
160.143 576.519 2671
102.875 -201.664 2988.88
152.951 -623.9 3060.38
120.848 236.779 3019.65
90.133 15.1099 2897.02
FRAME: 169
91.0822 456.569 2909.43
120.009 431.247 2631.56
-14.1749 -1011.37 2815.88
160.327 782.145 2688.21
71.198 -210.851 2820.32
105.741 -632.544 2718.23
68.3482 231.585 2763.26
93.1846 234.365 2891.63
116.664 309.801 2760.88
17.2841 -971.85 3195.94
167.762 544.367 2706.03
104.508 -206.111 2987.73
169.12 -632.649 3042.23
118.021 237.145 3020
90.5188 12.942 2897.83
FRAME: 170
74.163 452.383 2920.79
118.053 432.091 2631.2
-8.78112 -1008.34 2807.73
190.425 764.596 2743.3
74.5636 -212.604 2813.17
115.25 -636.516 2702.75
66.7667 232.827 2760.56
89.1428 235.342 2887.76
96.4383 321.225 2818.04
25.5097 -971.814 3189.13
178.973 442.242 2778.1
104.787 -207.962 2982.79
187.973 -643.46 3029.77
111.519 237.858 3014.96
89.4089 12.5297 2892.87
FRAME: 171
68.1102 454.05 2912.95
107.659 415.166 2612.76
-8.51693 -1014.09 2795.52
225.038 708.161 2750.37
74.4687 -225.02 2792.67
119.651 -645.556 2688.12
48.2557 222.959 2734.49
77.1054 227.109 2872.55
79.333 291.554 2891.29
32.7134 -975.24 3180.03
183.052 244.946 2925.87
111.297 -217.751 2973.83
190.865 -657.728 3003.47
105.955 231.259 3010.61
84.9942 2.86166 2877.9
FRAME: 172
51.5835 448.972 2896.59
103.706 404.89 2597.37
-9.14196 -1021.02 2793.03
264.023 636.63 2763.43
75.8987 -229.789 2789.33
124.891 -650.635 2681.01
39.6026 218.485 2719.89
70.0637 223.666 2861.79
73.5934 285.05 2922.74
37.4005 -979.467 3171.79
191.83 132.806 2996.21
111.51 -221.366 2959.07
199.48 -665.566 2991.51
100.525 228.847 3003.7
81.884 -0.955664 2868
FRAME: 173
46.1999 428.805 2893.1
95.5314 363.883 2557.29
-7.29151 -1024.39 2791.73
272.902 516.759 2731.58
71.8954 -234.755 2791.96
132.704 -661.897 2673
29.4154 214.605 2707.13
62.2974 225.778 2850.11
71.4915 224.985 2935.57
45.8913 -977.27 3163.19
160.061 -148.692 3068.24
111.763 -220.534 2966.43
210.595 -661.823 2987.26
95.1794 236.952 2993.09
77.0632 -0.933257 2864.65
FRAME: 174
46.7395 422.74 2885.9
86.5359 336.817 2530.46
-2.04391 -1023.47 2784.47
285.967 404.732 2701.16
68.5987 -232.51 2775.68
140.273 -662.114 2660.31
15.4916 216.942 2702.97
57.1003 225.13 2838.33
78.0186 211.744 2946.71
44.2632 -979.704 3161.98
175.471 -129.512 2984.77
116.323 -222.074 2935.72
205.068 -664.254 2982.45
98.7089 233.318 2973.69
74.7807 -1.08122 2847.02
FRAME: 175
28.3966 416.685 2855.97
53.2857 284.802 2493.65
0.0528685 -1026.08 2772.82
260.819 318.892 2649.98
70.5018 -245.195 2754.62
140.258 -666.548 2650.76
-2.2315 212.213 2699.24
50.8894 214.753 2829.71
116.051 168.456 2881.19
41.1927 -975.593 3137.15
169.41 -241.728 2995.42
123.433 -240.724 2886.96
193.646 -659.397 2953.76
104.01 217.293 2960.18
73.9284 -14.103 2825.25
FRAME: 176
13.3016 410.628 2843.77
54.7558 238.268 2459.7
-10.7716 -1032.39 2777.5
204.952 276.763 2572.72
55.4769 -257.528 2746.27
122.541 -671.976 2655.99
-3.63954 194.407 2683.19
61.3781 201.615 2784.33
197.495 159.886 2737.99
42.5223 -976.081 3107.57
115.513 76.6384 2655.95
133.091 -246.557 2866.43
205.422 -661.16 2932.32
126.396 208.823 2885.47
77.8309 -25.2136 2795.34
FRAME: 177
5.74045 416.957 2829.42
7.41052 208.899 2543.78
-19.7385 -1030.77 2787.25
88.7128 249.517 2596.58
38.4416 -254.404 2756.59
111.551 -668.037 2663.63
-7.34199 195.516 2682.28
78.5782 204.291 2757.06
223.07 116.924 2694.77
65.9896 -972.368 3120.43
84.3547 135.825 2535.06
146.442 -242.687 2849.17
220.643 -645.617 2934.09
164.498 213.067 2831.84
85.5099 -22.1274 2779.97
FRAME: 178
-0.493326 416.941 2825.88
3.66816 139.121 2465.71
-21.2941 -1037.3 2792.26
92.9736 209.319 2549.09
24.5973 -252.039 2749.87
94.9094 -670.163 2670.89
-24.5511 190.196 2677.28
77.6726 197.895 2739.02
235.524 69.1843 2604.97
64.1416 -966.209 3112.63
56.7876 172.394 2461.16
151.707 -242.587 2824.84
220.269 -630.377 2932.77
179.896 205.595 2800.76
82.9124 -24.7088 2763.19
FRAME: 179
-17.4618 426.75 2804.94
-49.3816 38.6361 2414.39
-33.6706 -1049.9 2810.19
107.436 115.843 2474.7
11.5338 -256.364 2764.12
74.4379 -677.71 2694.66
-47.4623 158.525 2664.13
74.1321 169.194 2696.96
253.317 51.1029 2525.95
55.4163 -966.309 3066
39.3924 194.571 2383.01
161.605 -243.222 2804.64
221.5 -626.887 2906.13
195.726 179.863 2729.78
80.3508 -40.2996 2740.67
FRAME: 180
-36.4896 412.143 2782.81
-71.6217 -17.7892 2451.06
-41.8585 -1051.21 2824.33
100.045 26.4688 2404.98
6.95197 -264.338 2782.59
55.3368 -674.602 2712.9
-62.4197 133.448 2662.71
68.2494 144.081 2678.35
248.701 20.3835 2538.37
58.7522 -948.931 3058.86
49.018 112.755 2413.83
168.186 -251.014 2802.27
231.099 -628.083 2888.62
198.919 154.715 2693.99
77.9092 -56.7973 2735.39
FRAME: 181
-46.9993 413.172 2764.76
-124.066 -90.5819 2524.3
-40.3982 -1056.35 2816.1
135.536 -173.948 2402.79
6.06678 -270.164 2774.25
50.3305 -679.326 2706.39
-69.2927 145.014 2665
44.7379 160.684 2691.61
207.09 103.852 2667.36
57.9978 -928.877 3088.56
74.6219 189.295 2543.84
156.904 -248.845 2809.93
224.488 -618.439 2905.33
158.768 176.354 2718.22
63.1118 -49.4102 2741.85
FRAME: 182
-49.1961 419.205 2742.86
-126.107 -77.4265 2553.99
-36.7436 -1040.85 2805.78
133.08 -189.033 2413.68
5.82037 -251.184 2759.28
36.5339 -662.266 2710.6
-89.1174 174.73 2668.63
16.1379 195.709 2702.57
189.928 379.757 2687.44
44.7899 -924.709 3103.35
127.802 555.385 2636.52
146.452 -222.907 2803.62
196.08 -626.868 2911.18
121.393 216.689 2736.51
46.137 -20.6679 2742.01
FRAME: 183
-56.1991 439.033 2730.59
-151.623 -69.7445 2569.25
-40.0379 -1032.35 2808.5
125.335 -175.569 2413.16
-0.534242 -225.926 2750.67
14.9223 -652.125 2716.81
-118.148 196.503 2670.83
-2.61693 219.03 2697.07
207.295 363.995 2632.77
38.1335 -924.737 3070.27
128.757 747.884 2534.56
132.18 -200.059 2780.66
187.87 -616.052 2895.7
112.915 241.556 2723.32
31.6028 3.01861 2731.37
FRAME: 184
-60.907 436.708 2718.18
-162.883 -82.7491 2596.44
-42.7442 -1023.61 2806.05
89.6974 -213.884 2435.2
-8.77373 -230.105 2764.18
1.80556 -648.052 2717.4
-138.658 184.451 2682.7
-11.3147 207.996 2699.69
200.242 388.402 2608.12
4.75762 -933.638 2982.82
134.592 629.975 2424.95
123.564 -205.769 2781.59
183.162 -621.961 2894.57
116.028 231.541 2716.68
23.0401 -4.97042 2736.29
FRAME: 185
-61.5455 435.539 2703.71
-191.393 -82.7907 2631.13
-43.781 -1019.85 2807.16
41.7789 -252.241 2464.17
-21.5285 -234.565 2773.73
-1.57405 -646.659 2716.62
-154.363 181.965 2693.29
-21.3624 203.871 2698.2
204.31 379.035 2510.03
4.13818 -930.275 2990.04
126.929 637.621 2299.97
112.426 -212.726 2778.35
182.565 -614.94 2893.42
111.639 225.776 2703.11
12.0432 -9.88753 2737.12
FRAME: 186
-63.3236 425.049 2689.53
-210.282 -74.6977 2697.47
-55.3485 -997.132 2805.04
-22.1703 -288.59 2540.84
-35.41 -221.985 2774.18
-17.9791 -624.643 2711.4
-161.22 179.346 2692.49
-27.0949 201.009 2690.21
191.736 337.077 2471.03
-5.17254 -957.735 2931.96
126.497 565.72 2203.72
114.573 -198.246 2770.78
185.541 -613.511 2880
107.03 222.671 2687.94
6.24341 -4.55352 2731.35
FRAME: 187
-66.738 412.056 2670.59
-221.446 -81.8838 2707.43
-53.2137 -1007.81 2817.56
-73.1634 -338.475 2594.33
-40.7673 -226.346 2766.56
-18.6564 -634.387 2721.1
-160.45 177.321 2676.28
-26.1762 198.013 2673.92
181.869 302.316 2435.58
-3.5412 -969.844 2942.04
133.257 456.418 2141.86
117.201 -202.025 2763.92
191.138 -623.002 2881.4
108.097 218.706 2671.56
6.02038 -8.08619 2719.58
FRAME: 188
-74.1218 403.033 2661.19
-228.336 -73.631 2723.86
-52.9433 -1007.65 2822.91
-138.063 -369.933 2631.63
-45.4488 -233.429 2772.25
-21.7926 -641.136 2725.23
-161.83 171.455 2667.69
-25.9267 190.543 2661.78
189.558 271.237 2414
-6.04471 -984.231 2946.24
147.89 340.691 2096.97
119.143 -210.192 2765.24
185.162 -638.12 2885.79
109.977 209.63 2655.86
5.46009 -15.634 2715.26
FRAME: 189
-68.5123 385.363 2651.42
-230.038 -83.8296 2742.74
-53.0411 -1014.67 2826.19
-178.938 -396.226 2673.71
-50.6135 -240.284 2772.57
-33.1255 -659.705 2739.62
-158.325 158.079 2664.8
-19.7201 175.418 2657.63
158.744 202.492 2373.95
3.88193 -987.27 2932.4
103.318 269.88 2025.54
125.072 -218.379 2763.3
181.82 -644.996 2882.83
118.884 192.756 2650.46
8.75458 -26.9571 2712.78
FRAME: 190
-79.8662 367.153 2640.8
-241.293 -98.8096 2759.59
-56.1766 -1024.54 2830.84
-213.103 -429.444 2722.11
-53.3003 -247.275 2784.89
-34.0822 -667.141 2750.62
-168.208 140.488 2667.2
-31.6164 156.618 2644.9
180.209 109.768 2390.49
-18.2095 -1003.81 2904.52
179.191 102.633 2064.26
124.882 -226.213 2755.77
155.291 -645.238 2872.18
104.975 172.748 2622.61
2.08718 -40.0632 2707.62
FRAME: 191
-86.6314 351.039 2631.11
-243.54 -108.45 2773.28
-56.4775 -1024.33 2836.51
-224.893 -462.036 2737.77
-52.8057 -262.598 2791.39
-39.1322 -686.775 2749.09
-173.568 125.853 2671.12
-35.574 141.98 2643.29
188.21 91.731 2385.54
-38.2015 -1010.67 2849.76
195.61 -1.84169 2083.17
126.23 -241.667 2755.4
173.912 -656.068 2873.13
102.42 158.108 2615.47
0.568967 -55.0761 2708.35
FRAME: 192
-98.4079 325.82 2609.02
-250.323 -121.531 2803.35
-51.7965 -1041.27 2834.17
-273.999 -476.717 2836.09
-54.2977 -280.989 2794
-35.3008 -701.403 2738.79
-181.646 103.779 2684.78
-44.5187 116.013 2637.46
187.922 7.2683 2388.06
-27.3759 -961.042 2788.42
223.877 -154.666 2119.39
119.227 -265.462 2734.31
178.085 -634.458 2846.91
92.6084 128.247 2590.15
-6.02714 -78.6062 2700.81
FRAME: 193
-99.372 312.562 2594.74
-252.713 -128.017 2819.57
-53.1189 -1053.67 2825.02
-293.415 -470.777 2864.23
-57.4022 -292.682 2795.35
-36.7315 -714.969 2734.73
-182.213 93.9302 2693.02
-46.0086 101.359 2635.03
197.235 -37.3817 2389.06
-14.1871 -972.347 2826.24
223.639 -206.512 2124.95
110.619 -283.464 2723.25
159.245 -631.096 2830.51
90.1963 108.788 2577.04
-9.7001 -93.3569 2697.16
FRAME: 194
-96.9112 301.965 2579.01
-242.742 -127.464 2836.97
-49.9514 -1073.98 2817.96
-297.871 -471.116 2890.11
-67.7742 -302.231 2790.11
-48.6054 -732.183 2733.83
-175.013 88.1241 2703.09
-46.1102 91.3657 2630.68
197.727 -66.947 2381.7
29.2996 -942.006 2719
221.439 -233.224 2136.67
108.086 -297.239 2686.99
148.602 -628.808 2797.54
82.7928 94.6074 2558.27
-12.9772 -104.185 2684.61
FRAME: 195
-100.154 291.002 2569.9
-244.231 -127.32 2840.6
-53.7499 -1077.53 2818.25
-309.849 -462.076 2905.89
-69.2694 -296.106 2804.13
-45.8962 -725.264 2730.2
-175.95 84.0296 2703.71
-45.1055 84.0349 2630.53
204.846 -86.9008 2393.73
19.7339 -996.26 2751.61
228.248 -256.145 2147.77
107.07 -295.218 2700.76
89.5499 -665.228 2732.31
85.7388 84.0402 2557.34
-13.1025 -105.814 2691.49
FRAME: 196
-96.9386 288.162 2567.26
-247.742 -122.673 2838.66
-49.029 -1068.41 2810.18
-314.343 -456.457 2897.93
-68.4057 -290.155 2814.3
-53.4463 -718.218 2732.42
-178.702 82.9904 2699.12
-44.3569 79.5284 2629.41
213.284 -100.039 2409.12
30.0549 -974.356 2714.53
234.645 -257.533 2165.26
102.171 -294.468 2723.97
107.887 -673.034 2742.88
89.988 76.0665 2559.71
-13.7372 -106.391 2699.27
FRAME: 197
-94.1627 285.587 2562.21
-250.568 -121.769 2838.25
-44.3658 -1042.78 2782.05
-320.221 -446.363 2892.97
-62.2095 -289.455 2808.79
-46.4986 -716.768 2735.54
-180.317 77.7647 2695.14
-42.4384 77.2443 2629.68
222.219 -109.583 2419.73
21.5002 -919.855 2754.91
246.737 -264.081 2176.53
105.167 -290.105 2728.59
107.331 -647.222 2713.14
95.4404 76.724 2564.22
-10.4799 -106.268 2699.18
FRAME: 198
-92.1249 284.632 2559.64
-249.715 -127.039 2839.43
-49.6128 -1069.91 2809.77
-319.109 -455.763 2880.86
-64.2596 -290.275 2809.45
-50.3619 -716.095 2729.79
-180.842 76.5258 2693.58
-40.7038 77.2673 2629.49
227.816 -111.241 2423.51
28.6262 -863.118 2637.24
251.857 -262.021 2189.65
112.974 -289.342 2728.1
91.5366 -677.014 2654.86
99.4342 78.0088 2565.4
-8.17342 -106.271 2699.13
FRAME: 199
-89.1391 286.343 2558.96
-251.558 -128.925 2832.98
-44.3506 -1040.63 2782.37
-312.513 -455.937 2861.66
-65.5666 -296.052 2810.67
-48.4169 -720.136 2746.19
-182.507 73.4278 2690.37
-37.1925 76.829 2634.35
241.29 -108.611 2444.33
-8.01785 -823.314 2677.5
261.412 -253.065 2202.56
117.342 -291.851 2739.82
106.159 -671.165 2630.71
108.122 80.2302 2578.33
-5.65227 -108.561 2704.8
FRAME: 200
-87.4773 288.569 2558.65
-249.155 -132.011 2831.99
-50.0085 -1066.12 2812.13
-302.339 -458.989 2828.17
-67.6842 -295.768 2810.08
-47.8602 -717.819 2748.09
-181.056 74.5226 2692.13
-31.801 79.8255 2644.55
253.532 -102.325 2466.28
-37.0644 -860.793 2800.6
262.409 -237.326 2223.6
117.282 -289.208 2751.07
95.0556 -675.014 2643.87
117.454 85.1283 2596.98
-3.50103 -106.331 2712.56
FRAME: 201
-77.7336 296.842 2565.69
-248.317 -131.917 2826.1
-49.0113 -1065.75 2812.53
-286.451 -471.118 2809.73
-66.9924 -297.543 2812.69
-48.3825 -715.201 2741.25
-180.332 77.1235 2691.26
-27.5602 84.881 2651.53
266.473 -92.1101 2490.28
-46.3785 -914.299 2829.07
275.569 -226.39 2267.46
121.353 -287.979 2763.69
101.236 -692.373 2690.93
125.211 92.6386 2611.79
-0.18983 -103.94 2719.86
FRAME: 202
-72.404 302.343 2568.45
-247.686 -131.428 2826.58
-48.4834 -1054.55 2828.16
-275.726 -465.565 2774.98
-65.8716 -294.708 2812.23
-43.0706 -705.912 2740.42
-178.015 79.718 2693.46
-25.5159 88.668 2657.74
284.941 -83.2625 2531.06
-55.7894 -944.428 2850.41
281.114 -224.289 2283.52
121.038 -283.731 2768.5
102.448 -675.982 2708.03
126.983 97.6179 2622.02
1.03364 -100.276 2724.05
FRAME: 203
-61.1867 313.619 2577.24
-244.024 -128.174 2822.48
-50.7182 -1053.47 2824.19
-242.118 -456.206 2722.17
-66.4303 -293.713 2809.28
-41.2694 -702.627 2738.29
-172.836 89.1776 2697.62
-19.4292 100.48 2672.54
314.218 -69.1659 2599.72
-43.8726 -952.096 2865.38
221.139 -223.235 2254.1
124.01 -279.722 2778.14
100.424 -675.054 2725.94
133.978 111.783 2647.46
4.68036 -93.1186 2733.13
FRAME: 204
-49.4181 325.19 2592.22
-240.972 -125.131 2822.93
-54.6185 -1051.42 2812.29
-216.649 -440.139 2693.26
-68.1796 -288.257 2804.93
-40.0355 -696.356 2738.54
-168.502 97.2645 2704.48
-14.6523 107.106 2682.66
320.003 -73.3315 2629.97
-55.6202 -934.113 2897.46
237.673 -217.401 2316.03
119.437 -276.21 2778.36
158.147 -646.978 2860.49
139.197 116.948 2660.85
5.48816 -87.5636 2737.16
FRAME: 205
-41.0458 336.623 2606.51
-234.621 -123.155 2819.1
-57.6374 -1046.02 2814.88
-194.403 -428.426 2674.38
-64.3489 -284.673 2806.63
-36.3097 -692.708 2741.43
-166.296 101.557 2711.79
-12.5235 112.16 2693.79
322.718 -61.2425 2672.23
-55.9785 -942.916 2915.48
253.442 -215.358 2391.07
116.87 -272.113 2785.46
180.738 -638.114 2932.67
141.249 122.763 2675.8
6.86851 -83.1164 2744.92
FRAME: 206
-33.6083 344.673 2615.79
-227.082 -124.457 2822.28
-60.7901 -1043.47 2817.1
-169.519 -431.046 2667.9
-58.722 -283.935 2803.57
-33.6469 -685.634 2737.69
-159.287 104.494 2722.15
-11.5667 117.804 2705.75
308.886 -44.6951 2744.29
-50.5101 -958.958 2886.12
235.894 -184.415 2443.91
120.658 -267.75 2781.99
182.434 -636.714 2926.11
136.154 131.115 2689.36
9.70068 -79.0191 2749.27
FRAME: 207
-27.3933 352.192 2624.77
-222.268 -126.357 2806.01
-59.3214 -1040.05 2828.31
-156.908 -423.896 2645.64
-59.6857 -282.346 2813.24
-33.0156 -680.519 2749.72
-151.27 106.467 2715.27
-6.66167 121.009 2713.55
304.354 -28.6116 2803.31
-53.512 -960.898 2920.4
286.456 -177.432 2577.99
121.239 -264.062 2811.07
198.291 -653.615 2922.71
137.947 135.552 2711.84
12.0575 -76.0972 2762.85
FRAME: 208
-14.9373 362.17 2640.24
-217.026 -121.245 2793.16
-59.4207 -1028.32 2838.93
-142.11 -418.307 2626.77
-56.9128 -278.371 2826.22
-29.8991 -668.993 2766.28
-146.879 114.363 2707.52
-3.6474 129.894 2722.53
297.059 -23.4836 2848.46
-49.7847 -965.902 2917.16
300.588 -185.668 2661.39
112.292 -259.86 2844.07
200.636 -652.783 2942.51
139.584 145.425 2737.54
12.0212 -69.6107 2778.84
FRAME: 209
-2.86594 363.845 2651.23
-208.116 -123.233 2793.34
-58.6767 -1039.63 2845.8
-130.827 -417.724 2628.22
-54.0768 -277.333 2834.67
-29.6975 -675.113 2772.76
-138.85 118.053 2717.33
2.37967 133.717 2737.26
279.542 -14.4592 2889.05
-47.0326 -964.119 2938.47
302.711 -181.584 2718.75
116.587 -258.249 2858.74
199.432 -653.665 2952.76
143.61 149.381 2757.19
16.8174 -67.0371 2791.98
FRAME: 210
6.57951 367.164 2658.41
-179.741 -126.016 2797.24
-61.8747 -1043.04 2847.76
-114.538 -416.403 2634.23
-50.6076 -275.183 2839.47
-28.4146 -676.108 2779.02
-127.609 119.459 2723.29
10.7599 135.229 2752.11
269.174 -26.4525 2920.05
-37.4132 -964.674 3038.9
293.536 -170.162 2749.81
119.697 -255.674 2874.98
193.344 -657.025 2957.63
149.129 151 2780.93
22.6522 -65.0995 2804.67
FRAME: 211
17.1139 369.845 2669.71
-166.876 -143.317 2794.39
-61.5301 -1033.94 2848.19
-100.408 -433.225 2634.77
-48.0746 -288.106 2844.41
-26.956 -672.231 2781.3
-117.389 114.203 2733.83
19.4286 129.336 2773.16
265.727 -50.7383 2932.46
-37.2496 -970.512 3074.73
225.462 -215.744 2756.92
122.325 -269.238 2893.48
193.164 -676.383 2984.25
156.246 144.468 2812.5
28.2769 -74.6682 2821.06
FRAME: 212
28.1433 369.948 2679.04
-159.684 -155.324 2795.68
-59.6254 -1030.05 2853.61
-86.7716 -438.381 2650.39
-45.172 -296.815 2847.72
-28.7675 -673.954 2787.63
-110.081 107.822 2741.49
26.2533 122.471 2789.5
253.927 -64.8752 2965.34
-38.0934 -961.604 3086.38
214.41 -221.964 2781.83
124.145 -278.552 2907.37
199.062 -677.919 3005.14
162.587 137.12 2837.52
32.8698 -82.6064 2833.52
FRAME: 213
43.1359 370.928 2690.17
-148.341 -152.46 2793.21
-58.95 -1030.94 2859.64
-71.4575 -441.237 2655.46
-42.0685 -298.123 2849.82
-30.6293 -675.18 2799.28
-95.5377 106.632 2742.33
34.8494 120.316 2795.02
227.998 -64.1366 3003.73
-39.4845 -961.086 3065.45
223.058 -239.878 2875.86
126.016 -280.46 2917.78
191.846 -667.221 3031.31
165.236 134 2847.7
38.4116 -84.488 2839.41
FRAME: 214
60.7489 372.09 2702.37
-135.65 -147.117 2793.05
-55.663 -1027.56 2862.91
-44.958 -462.116 2686.86
-36.9235 -295.052 2855.54
-26.794 -665.601 2815.95
-83.6647 110.331 2749.85
44.5129 122.029 2806.98
207.643 -74.8703 3010.01
-39.9312 -966.441 3087.58
235.91 -278.911 2883.82
125.103 -280.242 2927.86
190.176 -649.206 3058.23
172.69 133.727 2864.1
44.3012 -82.8091 2849.34
FRAME: 215
72.4643 370.592 2710.97
-114.46 -145.516 2790.21
-52.9969 -1023.96 2870.33
-22.6873 -477.131 2693.92
-34.7126 -288.722 2867.42
-27.58 -660.403 2840.95
-67.6574 109.832 2750.73
53.4265 121.35 2815.57
195.242 -82.6196 3031.21
-36.0811 -986.525 3100.87
236.849 -296.588 2939.05
118.275 -274.027 2949.54
178.687 -637.592 3082.81
174.51 132.868 2880.4
47.6039 -80.0123 2862.02
FRAME: 216
82.0079 365.979 2718.89
-100.612 -153.226 2784.99
-54.1325 -1014.32 2873.73
-12.637 -505.884 2689.79
-33.2941 -291.096 2881.42
-33.1848 -655.665 2851.04
-54.8833 104.831 2751.27
58.0074 118.675 2823.69
183.155 -91.0207 3051.69
-30.3782 -968.801 3152.33
220.674 -302.814 2951.39
112.403 -272.714 2975.67
181.432 -621.625 3103.44
170.898 132.518 2896.12
48.7809 -81.6153 2876.12
FRAME: 217
90.6291 363.164 2725.39
-88.8473 -155.491 2791.33
-51.5536 -1011.45 2894.32
-4.40145 -491.178 2698.47
-32.3417 -295.676 2892.11
-34.0292 -665.236 2862.48
-40.3732 102.701 2754.8
65.7497 115.938 2831.03
175.532 -93.6838 3071.77
-28.3689 -965.026 3167.38
211.512 -305.335 2967.59
105.341 -278.279 2991.24
182.168 -614.206 3117.34
171.873 129.174 2907.26
51.1246 -85.52 2886.35
FRAME: 218
101.104 360.014 2728.71
-79.0598 -153.41 2793.1
-48.6951 -1017.04 2902.25
7.28298 -502.934 2714.87
-32.59 -298.51 2905.41
-30.3133 -678.815 2875.24
-31.4506 97.6001 2758.17
70.6206 111.635 2835.86
167.787 -85.2432 3075.17
-25.7683 -965.977 3208.07
213.249 -304.219 2978.61
100.691 -280.069 3006.65
172.642 -611.537 3129.2
172.692 125.67 2913.55
52.3356 -88.8272 2895.95
FRAME: 219
107.668 355.251 2733.01
-72.3277 -159.125 2803.93
-50.5643 -1016.8 2909.41
29.0946 -532.342 2718.93
-30.5049 -302.489 2912.1
-29.1002 -675.145 2885.04
-24.7479 94.941 2760.16
70.5235 111.302 2842.98
154.095 -77.0215 3086.28
-24.0735 -952.681 3217.82
213.801 -299.068 3039.29
95.7038 -280.633 3022.04
174.155 -618.626 3125.72
165.795 127.663 2925.81
51.5615 -90.1296 2905.03
FRAME: 220
113.98 351.672 2735.27
-67.1809 -159.62 2794.87
-56.209 -1017.41 2888.42
21.7954 -507.143 2756.86
-32.0959 -302.306 2917.85
-32.4631 -680.552 2894.19
-11.5508 93.6025 2757.43
73.9162 111.508 2846.08
141.38 -77.5636 3093.68
-18.9112 -953.53 3218.77
189.275 -327.989 3010.68
79.4588 -278.61 3034.19
184.266 -614.102 3128.11
159.383 129.414 2934.74
48.7988 -89.4748 2911.05
FRAME: 221
121.923 344.529 2737.81
-53.0303 -162.178 2804.54
-56.5262 -1024.02 2904.04
44.3611 -519.016 2746.76
-31.5873 -305.243 2921.27
-26.5356 -688.374 2889.67
0.35089 89.2107 2760.76
74.9889 109.384 2853.97
134.279 -86.5547 3095.12
-24.9773 -964.739 3170.36
195.291 -345.762 3077.13
70.7586 -277.31 3049.6
166.551 -630.873 3138.97
149.627 129.557 2947.19
47.2873 -90.9463 2919.7
FRAME: 222
128.634 335.171 2740.27
-60.3089 -159.745 2797
-59.3425 -1022.73 2898.09
36.9231 -510.676 2764.07
-27.0104 -310.841 2933.45
-18.8821 -699.971 2901.73
-1.04461 78.0728 2773.08
74.4126 100.426 2863.96
134.508 -89.3509 3093.77
-23.8666 -971.168 3162.07
180.737 -320.498 3158.86
76.4684 -279.695 3060.3
168.698 -637.184 3146.74
149.87 122.779 2954.84
49.5708 -97.4209 2930.42
FRAME: 223
133.199 332.274 2741.47
-60.9547 -163.947 2797.88
-57.5669 -1028.11 2885.12
56.3398 -517.661 2750.71
-27.0983 -309.134 2931.72
-13.6871 -704.869 2899.48
5.62343 77.7141 2768.88
77.4148 100.372 2861.82
128.233 -94.9493 3097.96
-23.573 -974.2 3180.44
181.163 -328.311 3138.37
74.8215 -276.732 3064.09
166.868 -637.075 3155.31
149.206 123.031 2954.75
50.6382 -96.2803 2929.86
FRAME: 224
136.108 328.524 2749.57
-57.1311 -168.789 2804.25
-55.688 -1027.87 2884.46
64.4663 -524.946 2750.04
-19.657 -314.077 2933.19
-5.99984 -696.922 2890.31
10.5504 75.0373 2771.29
76.0122 98.8252 2866.95
121.887 -106.325 3098.81
-25.6351 -961.26 3189.31
193.41 -357.745 3083.63
71.3505 -280.751 3066.41
162.547 -638.482 3159.74
141.474 122.613 2962.62
50.9295 -99.2944 2933.38
FRAME: 225
138.656 329.343 2766.5
-47.6803 -170.372 2801.94
-54.214 -1029.98 2874.54
90.9325 -499.437 2702.25
-7.91559 -313.04 2936.67
-4.88915 -688.906 2873.7
16.278 71.1131 2773.88
76.269 97.5727 2873.5
113.497 -107.047 3096.22
-24.6667 -961.829 3209.77
193.871 -372.201 3084.02
73.2742 -277.116 3071.6
155.21 -649.127 3158.61
136.26 124.032 2973.11
54.4741 -98.7526 2938.81
FRAME: 226
141.702 330.189 2782.29
-26.7884 -184.358 2778.32
-52.7064 -1033.97 2871.52
119.052 -503.452 2647.56
-5.99734 -317.139 2937.11
-5.91613 -685.388 2857.45
21.816 65.6992 2783.46
78.418 91.2756 2887.76
113.086 -113.013 3096.91
-20.1166 -966.551 3233.12
201.942 -392.364 3109.46
72.1979 -281.733 3080.37
132.223 -678.542 3131.44
135.02 116.852 2992.05
55.7592 -104.08 2948.25
FRAME: 227
142.189 340.817 2806.61
-16.8466 -174.159 2764.51
-46.8922 -1028.18 2868.85
152.763 -447.989 2589.79
-2.44986 -310.954 2935.89
-4.14527 -672.106 2843.95
24.064 73.2522 2786.16
76.4189 98.3483 2896.69
114.306 -122.903 3098.62
-28.3657 -967.572 3238.67
201.677 -421.011 3092.63
65.5939 -278.382 3078.85
146.913 -651.123 3126.4
128.774 123.444 3007.23
53.9954 -98.1599 2952.03
FRAME: 228
140.445 347.174 2823.37
-3.93564 -166.952 2742.79
-46.5533 -1032.36 2868.11
182.46 -382.949 2532
3.64692 -310.003 2930.55
-3.70906 -677.294 2842.53
24.8812 75.4573 2790.77
73.4594 99.3057 2904.53
110.31 -124.203 3110.77
-26.0686 -968.821 3242.97
220.376 -375.583 3074.98
66.2515 -279.259 3077
127.714 -665.37 3129.01
122.038 123.154 3018.28
54.2043 -97.6628 2954.15
FRAME: 229
136.485 353.37 2843.67
16.5359 -154.399 2720.48
-47.3828 -1032.54 2868.21
211.749 -332.038 2460.78
7.81592 -304.341 2925.01
-3.24907 -678.336 2836.93
28.2087 78.1029 2793.93
75.3645 99.2712 2911.36
108.226 -124.493 3120.62
-23.7553 -971.296 3247.51
211.01 -372.234 3089.53
65.8194 -278.008 3069.78
108.685 -663.383 3144.04
122.52 120.439 3028.79
56.0911 -95.9515 2954.38
FRAME: 230
133.205 360.708 2862.44
34.6663 -137.254 2706.91
-47.2508 -1032.79 2866.97
245.758 -243.871 2402.5
8.72451 -299.13 2926.6
-4.09761 -672.857 2830.77
27.0524 88.0906 2801.71
74.1895 107.164 2919.67
105.314 -117.175 3128.32
-27.587 -977.155 3222.72
194.646 -354.323 3196.69
65.8539 -275.947 3069.89
95.8094 -665.52 3150.27
121.326 126.237 3037.63
55.7393 -90.1871 2958.96
FRAME: 231
131.034 368.788 2880.02
45.2367 -123.239 2695.91
-47.193 -1033.03 2864.49
257.913 -170.532 2376.77
13.9678 -295.888 2920.85
-5.28441 -670.242 2819.71
26.2968 101.842 2814.15
73.226 116.588 2929.34
98.8155 -110.336 3128.34
-29.0874 -979.44 3183.35
219.042 -338.633 3169.48
72.8282 -277.21 3065.5
96.8496 -652.206 3106.37
120.155 131.334 3044.53
58.312 -84.9806 2961.26
FRAME: 232
124.493 379.986 2900.16
86.9255 -48.5802 2626.49
-47.6396 -1037.96 2863.85
282.2 -32.488 2366.57
16.5302 -296.667 2920.48
-4.02919 -675.372 2807.79
26.7271 100.131 2813.89
73.7109 115.428 2929.56
100.845 -108.946 3124.67
-28.8285 -980.083 3186.1
225.491 -375.235 3148.94
75.9024 -277.032 3067.43
94.2541 -657.957 3108.56
120.695 130.726 3045.24
59.9636 -85.7105 2961.76
FRAME: 233
117.929 388.181 2918.98
95.8575 -17.6072 2601.88
-45.2316 -1035.23 2859.19
286.475 48.6196 2337.35
21.7282 -288.944 2915.86
2.58315 -671.879 2801.95
27.1371 111.712 2814
71.7881 125.74 2933.07
105.826 -91.4341 3127.71
-34.5783 -988.163 3137.85
233.448 -330.563 3143.9
77.2083 -271.431 3063.4
137.705 -662.86 3143.6
116.439 139.769 3052.14
60.6282 -77.2235 2961.35
FRAME: 234
110.518 394.16 2935.78
126.701 36.376 2574.44
-42.2495 -1033.16 2858.34
302.429 127.069 2324.12
22.745 -280.269 2907.66
12.1833 -665.922 2791.31
27.3811 115.347 2808.9
74.5498 127.833 2930.5
111.707 -89.6336 3123.86
-35.522 -983.881 3168.49
260.45 -277.713 3059.76
79.6022 -265.245 3053.93
150.62 -649.77 3130.25
121.718 140.318 3052.11
62.8617 -72.4622 2955.65
FRAME: 235
107.069 401.216 2948.4
131.628 66.1312 2568.7
-40.9887 -1034.96 2858.86
297.713 173.789 2343.8
27.2752 -270.117 2901.9
16.8447 -667.042 2785.41
32.803 125.036 2806.07
77.1722 136.046 2930.09
115.205 -84.9581 3116.87
-33.2804 -976.755 3187.96
245.929 -308.22 3107.25
79.0774 -256.946 3047.06
156.455 -638.008 3132.11
121.541 147.057 3054.12
65.1743 -63.7425 2952.29
FRAME: 236
107.314 404.252 2958.2
130.153 95.0219 2559.37
-37.6097 -1035.1 2852.71
302.504 205.085 2354.68
32.8468 -266.249 2896.23
25.7983 -661.407 2778.72
39.1545 133.927 2802.47
80.1193 144.627 2928.34
118.259 -54.5799 3110.85
-28.8539 -970.997 3202.89
212.382 -105.644 2947.61
80.9581 -253.406 3044.69
174.392 -627.033 3107.79
121.084 155.327 3054.2
68.5109 -57.6003 2949.4
FRAME: 237
105.2 405.385 2966.29
125.059 119.207 2549.86
-32.1633 -1038.65 2848.26
316.006 265.955 2365.91
38.239 -260.306 2886.47
37.2039 -657.223 2772.07
45.0369 144.984 2796.17
82.4038 154.077 2926.03
112.052 -54.7655 3126.94
-32.3446 -974.564 3163.36
167.962 -233.021 3139.23
81.1993 -249.579 3036.42
173.259 -621.826 3084.75
119.771 163.17 3055.9
71.0615 -50.4327 2943.74
FRAME: 238
106.46 413.628 2979.81
135.594 157.359 2547.07
-32.9673 -1040.82 2847.17
312.249 318.645 2383.19
41.4387 -262.743 2881.85
47.0371 -656.98 2760.77
49.0984 151.793 2786.72
84.5825 161.396 2920.86
116.836 -34.6505 3113.64
-27.5989 -973.028 3147.76
183.057 -150.442 3005.39
81.1141 -251.716 3032.42
174.398 -623.335 3072.1
120.067 170.999 3055
72.9295 -47.9168 2939
FRAME: 239
106.205 419.41 2979.67
140.042 185.046 2538.67
-30.7095 -1034.99 2840.63
301.905 367.509 2401.89
46.2404 -262.564 2873.6
59.502 -652.693 2745.81
56.5482 160.014 2781.06
86.7051 169.731 2917.71
106.426 -22.4238 3121.74
-20.8939 -968.769 3161.78
152.184 -206.461 3159.09
81.2092 -251.126 3032.9
171.777 -616.526 3049.94
116.862 179.448 3054.37
75.2149 -43.5571 2935.48
FRAME: 240
101.616 418.825 2982.24
138.657 215.415 2541.1
-28.1036 -1035.15 2837.21
297.104 397.954 2434.01
52.7801 -261.394 2853.23
73.7079 -657.043 2730.39
62.9211 168.439 2774.52
86.9306 176.08 2913.8
98.7465 -10.6676 3122.7
-1.30806 -973.734 3185.72
142.452 -240.246 3186.98
82.9108 -251.794 3028.67
183.061 -637.097 3045.63
110.94 183.722 3053.09
77.3881 -40.257 2927.37
FRAME: 241
94.4836 421.399 2983.82
139.196 252.025 2544.06
-21.712 -1034.3 2830.31
300.778 420.853 2451.51
54.7784 -258.435 2834.44
85.885 -659.531 2718.87
67.6388 175.992 2773.14
87.1338 180.59 2911.13
93.5545 -5.99393 3118.29
4.57637 -968.075 3205.62
142.674 -232.683 3189.94
81.402 -252.148 3022.5
197.323 -642.292 3041.13
106.629 185.189 3049.12
77.612 -37.3505 2919.8
FRAME: 242
85.8258 420.464 2952.73
126.894 282.855 2539.61
-13.7063 -1035.84 2821.34
293.209 462.979 2470.36
56.9075 -255.575 2821.58
96.1392 -657.338 2707.17
61.3428 176.682 2762.59
83.8703 179.837 2903.25
86.8314 -0.242093 3124.24
10.637 -974.511 3198.17
151.363 -163.951 3134.6
85.8605 -250.838 3007.56
200.613 -639.085 3029.63
106.398 182.993 3043.92
77.6271 -36.6848 2908.91
FRAME: 243
77.1506 410.717 2918.88
125.848 301.399 2537.81
-6.51662 -1037.24 2814.24
295.426 476.17 2489.83
58.1796 -256.12 2808.35
104.559 -663.856 2700.49
57.1236 177.344 2755.84
79.0675 179.746 2897.16
83.3759 20.7832 3120.3
19.3276 -981.87 3188.1
141.503 -157.634 3132.96
87.7039 -252.396 3002.18
207.065 -646.399 3023.31
101.011 182.147 3038.47
76.0046 -37.2561 2901.21
FRAME: 244
66.2968 410.252 2901.41
118.371 313.284 2538.58
-3.31201 -1037.9 2808.08
293.668 484.273 2506.71
61.0301 -258.535 2798.09
110.485 -668.536 2692.63
53.5221 178.88 2745.19
74.4589 181.562 2888.33
60.8739 82.3365 3119.34
26.4409 -988.438 3180.36
135.386 -118.384 3118.11
89.4177 -254.341 2994.8
212.705 -654.365 3013.22
95.3958 184.244 3031.48
74.8414 -37.4383 2892.39
FRAME: 245
61.4759 406.494 2885.4
117.017 325.36 2537.58
-0.706734 -1041.52 2798.94
277.412 474.556 2526.47
61.4951 -260.429 2794.61
115.702 -672.885 2687.93
45.935 178.585 2735.65
68.4099 182.42 2880.69
46.4198 144.934 3098.43
32.3511 -989.757 3169.41
131.385 -85.2325 3118.04
91.0941 -254.971 2987.8
220.277 -657.18 2996.99
90.8849 186.254 3025.72
72.3523 -37.6402 2885.95
FRAME: 246
58.2006 404.656 2876.57
99.1491 316.341 2530.01
-0.536931 -1042.88 2795.8
290.496 501.633 2529.23
58.8512 -264.385 2788.01
119.517 -678.209 2675.57
27.8407 180.783 2718.44
55.7919 186.941 2868.84
41.7463 155.426 3107.56
40.6976 -992.013 3159
139.158 -0.40664 3092.71
94.0863 -256.237 2978.7
221.545 -660.948 2990.32
83.7432 193.098 3019.24
66.1303 -36.6851 2876.1
FRAME: 247
48.0748 405.956 2883.61
87.4287 318.216 2521.64
-2.1778 -1043.38 2794.8
276.108 447.738 2544.17
56.6824 -265.073 2774.43
121.35 -682.441 2670.37
13.4451 184.695 2705.15
47.1801 190.821 2857.14
43.4144 141.101 3090.46
41.5297 -995.737 3147.14
144.891 25.2679 3065.82
97.6647 -256.791 2962.77
214.464 -663.649 2983.74
80.915 196.946 3009.13
62.1768 -35.0557 2862.87
FRAME: 248
48.5853 406.423 2842.99
54.2238 287.222 2497.55
-4.00522 -1041.89 2784.7
249.83 343.507 2540.91
46.773 -265.537 2758.43
114.73 -683.159 2661.95
-8.17205 179.82 2700.54
40.1785 185.587 2837.8
41.5299 97.0589 3077
43.2075 -995.873 3143.43
154.486 -108.299 3062.1
107.385 -256.148 2931.86
214.718 -657.303 2967.4
88.5292 191.353 2975.06
58.6287 -37.6279 2841.47
FRAME: 249
37.295 412.258 2841.42
-13.6108 245.612 2469.01
-20.5607 -1042.74 2780.89
219.478 316.413 2537.21
25.9217 -256.197 2750.85
100.952 -684.263 2660.8
-31.5877 190.887 2697.83
36.7864 202.773 2800.09
72.6326 124.874 3020.79
54.3047 -994.828 3119.29
153.115 14.0936 2816.79
121.809 -238.643 2899.96
225.343 -642.972 2953.59
105.16 214.66 2902.35
55.3258 -22.3235 2812.75
FRAME: 250
16.7776 416.905 2837.25
-34.2221 236.13 2458.45
-26.8453 -1046.91 2788.28
159.728 275.295 2563.43
17.5131 -257.048 2752.15
90.478 -682.34 2666.43
-44.5654 200.255 2699.16
36.7383 212.36 2788.03
183.291 134.941 2748.26
59.0846 -999.69 3094.88
68.7528 204.984 2561.02
129.591 -239.739 2879.13
226.6 -635.888 2934.94
118.042 224.466 2876.89
55.1451 -18.0166 2801.83
FRAME: 251
10.0355 447.179 2832.25
-74.1226 211.097 2441.11
-33.582 -1035.64 2792.35
146.445 236.714 2531.9
5.03595 -242.845 2761.51
75.8201 -667.773 2671.69
-64.3338 224.871 2690.72
41.2864 237.481 2760.22
203.472 144.569 2611.92
61.0842 -1005.31 3077.44
18.8337 262.736 2465.77
134.261 -226.836 2847.92
219.299 -630.577 2917.72
146.907 250.092 2829.72
55.4674 1.32031 2782.47
FRAME: 252
-20.1433 443.916 2840.84
-102.96 180.455 2438.93
-40.2554 -1052.79 2809.32
133.327 174.58 2489.06
4.33945 -250.963 2760.93
59.7159 -677.764 2683.39
-76.8467 207.828 2687.37
32.7794 224.022 2743.68
184.268 123.872 2565.27
49.5008 -992.392 3058.63
-41.4385 233.058 2448.32
144.081 -230.232 2832.77
196.461 -639.139 2899.56
142.406 240.216 2799.99
53.4947 -8.2878 2770.26
FRAME: 253
-27.0707 438.824 2823.46
-141.866 131.476 2458.72
-39.6615 -1042.78 2804.21
102.341 130.384 2488.18
1.7362 -245.895 2764.02
47.7004 -660.459 2690.27
-85.2997 198.654 2706.81
20.5117 214.823 2758.88
161.652 125.323 2589.42
58.7681 -969.885 3095.39
-67.7112 201.422 2448.95
139.915 -224.949 2831.78
203.954 -633.824 2902.08
126.323 230.993 2810.96
45.6687 -10.2994 2778.39
FRAME: 254
-39.5996 436.612 2798.39
-175.006 50.9273 2516.57
-44.8575 -1034.15 2816.88
78.97 50.1069 2433.65
-1.36795 -240.742 2766.74
27.942 -654.182 2702.42
-86.6449 200.415 2701.15
17.6028 217.482 2749.27
184.075 292.831 2671.47
53.5865 -947.475 3084.18
27.287 483.947 2562.02
138.798 -218.125 2831.14
222.433 -614.65 2919.81
121.851 234.549 2797.39
43.1589 -5.9756 2774.11
FRAME: 255
-46.4718 438.484 2769.86
-215.478 -20.2154 2568.74
-46.9716 -1030.03 2831.95
30.3677 -70.1605 2394.37
-6.28231 -236.708 2771.31
11.6535 -646.654 2725.33
-107.931 196.698 2705.88
7.2198 216.424 2742.26
174.827 361.546 2612.47
53.4468 -945.136 3063.86
52.3645 649.62 2416.38
140.581 -211.603 2817.32
212.168 -616.801 2914.85
122.371 236.151 2778.65
37.1845 -3.86564 2768.29
FRAME: 256
-52.8188 441.91 2746.33
-226.848 -33.5839 2622.31
-47.6712 -1035.14 2839.99
-12.8886 -141.969 2391.21
-12.6218 -224.044 2768.92
-7.12463 -639.933 2741.71
-119.037 201.241 2709.71
1.28445 220.095 2731.24
167.358 422.616 2533.53
28.1235 -919.98 3033.99
47.2426 669.522 2301.17
133.968 -201.044 2794.89
206.088 -603.169 2916.3
121.606 238.95 2752.76
30.9789 3.77574 2756.57
FRAME: 257
-56.2522 442.107 2729.68
-231.44 -45.6649 2651.81
-49.6106 -1033.31 2845.07
-35.8749 -195.158 2401.31
-15.7582 -221.451 2771.62
-15.8003 -637.006 2752.45
-125.214 203.908 2707.4
-4.07683 221.997 2716.23
157.749 385.957 2492.13
39.253 -925.067 2999.93
34.632 603.643 2193.39
128.765 -199.745 2782.03
202.339 -597.413 2907.61
117.061 240.085 2725.06
26.2133 5.69931 2746.53
FRAME: 258
-55.9774 437.508 2714.08
-224.195 -69.2327 2683.33
-48.4201 -1032.21 2844.52
-65.4221 -275.874 2445.21
-20.5085 -226.983 2772.86
-20.1134 -643.882 2753.96
-133.45 193.094 2702.88
-9.80732 212.168 2700.94
123.142 356.174 2452.74
14.6631 -906.937 2982.82
43.9361 495.149 2152.62
134.201 -203.105 2770.89
205.005 -593.398 2900.86
113.835 231.241 2699
23.5195 -1.4383 2736.41
FRAME: 259
-23.6279 453.011 2660.71
-225.5 -58.1464 2713.96
-48.704 -1025.15 2843.93
-96.5821 -329.814 2520.51
-27.8542 -217.575 2765.22
-24.12 -635.858 2752.88
-138.22 195.207 2691.59
-12.156 214.608 2691.28
124.729 315.313 2433.87
36.5858 -902.221 2972.99
54.8637 353.252 2093.19
134.737 -192.468 2765.89
207.216 -590.417 2894.1
113.908 234.009 2690.97
20.6427 4.79307 2728.42
FRAME: 260
-4.56832 446.896 2645.97
-225.018 -57.1421 2738.76
-49.5161 -1023.35 2844.58
-126.17 -376.621 2586.33
-29.7845 -222.535 2773.36
-22.9389 -638.314 2753
-141.701 187.755 2679.83
-11.8746 206.155 2675.23
122.384 136.548 2448.42
29.3752 -902.703 2985.21
48.1661 246.65 2204.26
136.21 -198.696 2768.37
208.114 -596.781 2885.76
117.952 224.554 2670.64
20.6691 -2.2303 2723.05
FRAME: 261
-84.2773 391.039 2641.84
-227.268 -68.3674 2772.81
-50.1516 -1023.15 2843.68
-186.547 -384.791 2750.61
-33.1031 -233.921 2782.07
-22.9082 -646.02 2749.45
-160.427 172.028 2679.65
-28.1852 191.625 2662.44
140.455 74.3634 2456.72
21.3058 -901.013 2984.97
142.85 -55.6528 2207.96
135.547 -208.836 2759.35
213.248 -606.786 2875.92
104.057 211.222 2645.22
11.5184 -14.8768 2716.57
FRAME: 262
-103.582 386.025 2627.62
-233.885 -69.8009 2797.96
-48.4732 -1025.02 2846.24
-195.176 -427.47 2769.79
-30.1108 -240.411 2792.77
-14.4724 -653.904 2746.24
-169.684 158.912 2687.74
-44.4287 173.028 2641.36
144.891 72.4069 2431.56
13.47 -917.344 2990.07
158.233 -124.372 2130.48
122.086 -223.265 2736.21
206.99 -615.102 2875.57
80.8262 187.143 2594.98
0.779362 -29.4049 2702.93
FRAME: 263
-112.383 366.874 2623.27
-227.264 -62.9089 2820.52
-54.4107 -1009.93 2825.34
-203.465 -414.741 2844.07
-44.0909 -233.313 2801.67
-14.1908 -636.066 2721.08
-173.244 152.494 2699.88
-49.3816 156.642 2635.67
166.853 -24.4443 2404.48
21.3841 -933.94 3002.04
165.047 -205.867 2158.78
101.339 -229.257 2725.08
207.96 -612.953 2885.14
74.4811 160.79 2571.46
-10.3787 -37.3215 2699.52
FRAME: 264
-112.743 354.132 2613.09
-227.067 -71.4455 2828.43
-51.3818 -1003.1 2807.63
-214.364 -413.925 2889.51
-46.9611 -238.414 2799.66
-26.2765 -632.069 2698.51
-178.842 139.375 2702.62
-51.929 144.359 2634.61
173.082 -42.9956 2411.96
32.3873 -925.136 2950.6
176.322 -253.392 2189.57
104.663 -232.378 2718.26
204.307 -603.604 2874.24
74.9836 149.344 2566.6
-11.5391 -45.5184 2696.79
FRAME: 265
-106.712 341.9 2600.13
-221.738 -80.8821 2838.42
-17.9058 -961.136 2775.15
-223.572 -421.226 2947.41
-48.198 -249.116 2792.47
-39.061 -660.368 2687.09
-177.342 127.506 2705.98
-53.1104 132.035 2631.79
170.315 -63.68 2419.15
29.1934 -902.004 2925.06
176.511 -291.457 2210.35
104.523 -243.481 2700.22
205.238 -578.708 2852.94
71.1213 136.564 2557.6
-12.4738 -57.1318 2689.07
FRAME: 266
-99.0611 333.858 2586.74
-216.736 -88.5489 2853.89
8.01482 -931.532 2743
-231.737 -403.5 2986.7
-56.2749 -264.946 2783.55
-52.7084 -685.659 2685.82
-173.131 117.312 2714.88
-51.1816 121.445 2631.01
169.048 -74.9944 2412.47
20.3089 -911.52 2942.6
177.296 -313.645 2225.67
106.901 -259.182 2668.5
159.377 -615.772 2759.62
70.7678 125.578 2547.15
-12.9343 -70.3095 2678.52
FRAME: 267
-95.48 327.501 2579.43
-215.552 -90.3544 2856.76
-13.6892 -972.955 2761.24
-232.85 -396.422 2980.85
-59.8175 -260.099 2779.96
-60.038 -680.149 2686.35
-173.477 110.852 2712.21
-48.8312 113.905 2630.12
172.946 -82.8488 2420.71
25.0144 -907.598 2792.07
184.927 -334.279 2250.6
103.588 -255.657 2669.95
130.628 -628.437 2743.17
75.8145 116.958 2548.02
-13.473 -71.9864 2677.54
FRAME: 268
-95.3639 324.642 2575.72
-215.655 -97.8014 2862.57
-43.5455 -949.365 2747.5
-246.501 -393.672 2987.8
-64.1148 -267.425 2777.2
-56.6918 -688.205 2703.94
-170.16 102.091 2715.67
-47.6185 107.659 2629.38
175.119 -87.2641 2424.69
23.2295 -896.868 2790.74
185.14 -336.817 2247.64
117.289 -258.572 2646.98
105.973 -622.137 2738.76
74.923 113.227 2543.09
-10.5156 -77.6696 2670.74
FRAME: 269
-92.296 321.569 2569.66
-215.902 -99.2806 2860.88
-18.5847 -985.72 2747.46
-251.924 -393.663 2992.22
-63.1835 -268.326 2775.03
-58.8043 -689.101 2721.61
-168.275 100.748 2712.72
-46.5215 106.554 2628.03
178.037 -87.3129 2432.42
8.65522 -937.263 2736.91
186.488 -344.814 2260.36
119.575 -259.284 2646.13
80.8261 -649.68 2694.42
75.232 112.359 2543.34
-9.16296 -78.6258 2669.3
FRAME: 270
-89.5966 321.494 2562.04
-215.412 -102.042 2859.52
-22.9888 -912.1 2566.8
-236.519 -371.673 2950.81
-63.2459 -270.411 2771.22
-63.2815 -692.057 2726.05
-166.96 95.5961 2709.58
-43.5778 102.943 2626.54
183.655 -90.7012 2437.46
35.675 -911.992 2778.14
188.536 -341.662 2269.61
127.424 -259.034 2642.19
88.8836 -652.558 2677.83
79.8046 110.289 2543.49
-5.74428 -80.8898 2666.62
FRAME: 271
-87.9085 320.914 2560.85
-217.42 -109.348 2858.01
-20.4421 -887.916 2530.91
-258.026 -410.208 2940.93
-63.081 -273.461 2769.82
-67.8555 -695.415 2717.96
-167.222 94.7505 2708.92
-42.1486 101.449 2626.79
188.844 -94.9252 2447.7
34.4481 -909.995 2836
190.868 -336.75 2276.43
124.516 -263.387 2646.09
83.996 -658.627 2687.73
82.9251 108.148 2544.65
-5.71547 -83.4875 2667.37
FRAME: 272
-86.013 321.686 2559.2
-222.093 -113.486 2848.31
-33.2646 -893.929 2550.58
-261.513 -451.236 2860.59
-65.1097 -275.285 2765.67
-70.4487 -696.746 2717.87
-168.022 95.052 2703.51
-39.7049 101.302 2626.12
197.365 -96.2518 2461.59
45.8606 -885.405 2848.78
197.872 -343.493 2299.9
121.862 -266.242 2652.56
78.7572 -655.462 2708.56
88.6126 107.552 2548.73
-5.66447 -84.731 2667.62
FRAME: 273
-83.5938 322.893 2558.44
-227.128 -115.715 2836.81
-36.1908 -962.164 2611.45
-262.325 -452.877 2820.12
-65.1771 -278.564 2763.7
-65.612 -714.334 2725.62
-169.893 96.7687 2700.69
-35.1106 103.393 2630.3
208.572 -99.8284 2474.78
45.5964 -923.821 2862
205.522 -352.135 2315.76
120.328 -269.46 2666.54
113.133 -665.391 2742.62
99.672 110.016 2559.92
-3.76769 -85.3099 2672.71
FRAME: 274
-78.3813 324.422 2559.17
-229.165 -113.513 2830.66
-34.5475 -997.671 2666.46
-260.642 -454.755 2766.3
-67.0729 -277.918 2759.99
-75.1147 -709.99 2741.01
-168.26 99.8291 2694.77
-29.4195 106.702 2632.4
219.858 -101.665 2493.56
35.0984 -889.393 2871.86
214.3 -345.765 2335.64
121.978 -268.561 2674.84
121.449 -650.53 2730.2
109.421 113.575 2570.03
-0.983401 -83.269 2674.91
FRAME: 275
-75.4686 325.692 2557.94
-230.581 -114.148 2820.54
-27.33 -1011.47 2696.13
-255.161 -454.073 2714.24
-66.3203 -278.328 2759.01
-75.19 -709.856 2745.1
-168.301 100.592 2691.66
-26.4688 108.073 2633.65
226.97 -101.902 2512.87
47.4119 -932.389 2846.42
216.585 -346.054 2355.61
123.864 -268.311 2681.03
126.245 -660.269 2732.48
115.364 115.554 2575.65
1.15162 -82.6235 2676.84
FRAME: 276
-73.8092 327.293 2558.62
-228.776 -116.111 2801.53
-30.9196 -1011.04 2713.69
-249.031 -441.642 2674.22
-67.4032 -279.031 2758.37
-82.2455 -705.74 2762.29
-167.491 102.235 2686.79
-23.136 109.597 2636.07
234.562 -102.416 2533.35
32.6885 -955.217 2867.34
221.239 -347.301 2380.78
122.188 -269.412 2691.53
96.5611 -685.668 2725.64
121.219 116.96 2585.34
2.12817 -82.312 2680.51
FRAME: 277
-68.0841 330.338 2560.11
-224.084 -121.525 2786.45
-20.8483 -1032.29 2777.66
-244.486 -439.368 2620.81
-63.5427 -280.071 2761.32
-85.2197 -706.099 2778.45
-167.083 101.359 2682.4
-19.8135 109.539 2639.14
239.984 -101.812 2550.92
42.412 -930.224 2813.42
224.515 -348.969 2408.82
122.281 -269.779 2706.73
105.052 -678.555 2715.29
127.456 117.719 2595.89
4.77792 -82.693 2686.58
FRAME: 278
-60.9873 333.458 2563.17
-222.781 -126.477 2773.82
-33.5322 -1016.31 2734.11
-234.037 -434.038 2579.25
-61.2095 -282.668 2763.92
-89.7516 -707.934 2794.08
-164.558 101.392 2676.41
-15.8358 110.777 2640.9
247.799 -107.222 2582.09
46.6796 -987.853 2866.17
229.941 -353.385 2445.6
126.419 -270.819 2719.17
122.865 -672.814 2759.63
132.886 120.161 2605.39
8.38439 -82.9834 2691.22
FRAME: 279
-57.7666 333.366 2565.67
-219.777 -134.29 2765.86
-34.1874 -1040.88 2787.85
-229.308 -422.586 2544.23
-58.0184 -282.703 2770.15
-76.0918 -706.223 2784.34
-163.771 98.1959 2675.24
-12.377 109.688 2647.59
252.027 -105.234 2615.09
37.7837 -968.076 2890.49
235.845 -355.442 2475.15
129.91 -268.516 2735.71
158.791 -663.095 2870.99
139.017 121.18 2619.95
11.7844 -82.961 2700.26
FRAME: 280
-51.5161 334.035 2567.8
-217.395 -140.766 2753.66
-36.6171 -998.621 2773.29
-219.067 -419.919 2521.69
-55.7946 -282.339 2774.22
-54.3021 -697.768 2765.2
-162.058 97.2719 2670.76
-10.0665 110.388 2650.27
261.829 -103.797 2651.53
8.85248 -902.448 2986.38
244.281 -355.324 2507.49
131.845 -266.17 2748.87
158.129 -667.68 2872.51
141.925 123.505 2629.78
13.9793 -81.9329 2705.91
FRAME: 281
-39.7366 333.173 2573.11
-214.059 -149.675 2742.61
-38.8649 -1012.65 2795.63
-201.297 -399.346 2509.87
-54.4676 -280.671 2777.18
-38.2844 -691.544 2744
-154.343 96.9531 2670.84
-3.23129 110.259 2657.62
270.805 -95.7191 2694.26
12.7968 -918.698 3012.27
252.033 -357.013 2560.83
134.587 -264.047 2760.64
147.051 -669.176 2841.31
147.881 123.565 2644.39
18.4143 -81.0499 2713.26
FRAME: 282
-32.7134 335.005 2577.73
-211.633 -142.787 2744.64
-40.1817 -1014.88 2802
-194.885 -402.226 2505.55
-53.053 -279.388 2779.95
-24.2646 -682.5 2727.71
-147.708 97.7526 2672.25
2.22877 110.925 2664.66
273.267 -85.9092 2729.51
2.12666 -917.089 3012.38
259.159 -356.044 2602.09
135.517 -262.877 2770.48
142.977 -660.295 2855.41
152.165 124.097 2657.07
21.7304 -80.1039 2719.94
FRAME: 283
-26.1555 335.263 2584.49
-207.293 -146.415 2737.89
-46.1732 -1030.9 2814.18
-180.91 -410.753 2501.99
-51.2518 -282.533 2780.95
-17.8792 -685.519 2723.26
-144.15 97.9878 2676.32
6.24133 111.291 2672.48
276.134 -80.1515 2757.26
-2.13372 -957.766 2964.7
257.467 -352.1 2628.48
137.147 -265.882 2776.16
147.057 -662.519 2866.86
156.632 124.594 2668.63
24.5944 -81.4582 2725.52
FRAME: 284
-12.5011 339.161 2594.38
-205.73 -148.561 2737.95
-45.7574 -1043.4 2825.58
-169.373 -415.103 2528.02
-48.4506 -282.671 2783.65
-17.0398 -686.954 2723.54
-139.57 98.8735 2680.07
10.1787 113.107 2681.96
275.794 -77.0725 2775.93
-21.5997 -998.045 2883.74
266.533 -350.901 2668.62
139.512 -264.798 2786.11
146.963 -666.667 2865.97
159.928 127.341 2683.85
27.8548 -80.3136 2733.42
FRAME: 285
-3.24646 343.999 2604.59
-201.269 -146.441 2739.48
-48.1176 -1044.29 2828.82
-159.607 -406.175 2541.71
-44.6076 -279.304 2789.07
-11.7331 -686.238 2724.76
-133.434 103.061 2684.58
15.2481 117.733 2692.18
276.007 -76.51 2793.92
-24.2383 -1000.12 2867.64
264.4 -343.159 2696.38
141.153 -260.899 2798.68
150.025 -668.683 2874.69
163.931 132.406 2699.79
31.7603 -76.1841 2743.03
FRAME: 286
2.9564 351.647 2615.53
-193.986 -154.152 2736.18
-47.9594 -1042.13 2832.79
-141.552 -419.017 2557.11
-40.3009 -278.193 2793.42
-15.658 -684.194 2733.53
-128.499 104.555 2691.37
19.9899 119.741 2703.75
272.438 -75.6525 2828.83
-37.0019 -985.26 2897.96
270.597 -352.141 2750.32
143.241 -259.254 2808.82
155.802 -674.869 2875.35
168.479 134.927 2716.12
35.7299 -74.491 2752.43
FRAME: 287
12.1577 362.842 2631.92
-175.977 -148.096 2754.4
-49.8563 -1045.32 2836.45
-111.643 -412.225 2602.92
-36.8139 -279.186 2797.03
-13.2369 -687.353 2739.22
-120.565 106.159 2704.19
28.0375 120.508 2723.33
263.271 -80.5145 2862.24
-34.2699 -979.555 2896.5
276.232 -342.81 2806.74
145.91 -261.411 2820.62
157.216 -676.736 2898.38
176.64 134.856 2742.47
41.2928 -74.8954 2766.08
FRAME: 288
21.3457 372.655 2647.88
-161.781 -150.387 2772.97
-51.6319 -1046.24 2835.56
-100.587 -412.438 2605.01
-33.8334 -278.982 2801.73
-12.5628 -683.624 2741.06
-112.652 110.123 2715.53
34.8828 122.967 2738.9
257.276 -91.6847 2890.22
-42.674 -989.157 2877.62
277.11 -355.64 2852
147.244 -263.122 2830.57
155.395 -655.711 2917.13
182.417 135.811 2762.28
45.7939 -74.0423 2777.53
FRAME: 289
24.9927 383.124 2657.34
-154.617 -146.932 2791.4
-51.8986 -1043.07 2834.67
-91.6203 -401.124 2635.43
-29.5079 -280.561 2806.54
-9.32209 -677.306 2745.77
-111.721 114.427 2726.34
37.0807 128.461 2752.27
249.559 -93.9157 2911.33
-33.0418 -969.565 2958.49
283.763 -351.365 2883.69
153.635 -263.151 2838.64
167.802 -648.316 2935.53
185.882 142.495 2778.19
49.572 -71.6975 2787.43
FRAME: 290
36.5948 385.829 2680.07
-146.149 -148.965 2796.66
-50.1254 -1046.86 2837.18
-78.7463 -408.635 2656.06
-31.3451 -282.487 2810.9
-6.23637 -675.281 2752.41
-102.237 118.384 2738.3
43.2569 129.587 2767.73
244.643 -96.7836 2927.99
-8.89803 -967.867 3040.07
287.15 -359.271 2929.26
154.346 -268.106 2848.74
170.188 -653.859 2942.73
188.751 140.79 2797.15
52.3787 -72.8547 2798.77
FRAME: 291
43.2393 388.193 2699.18
-143.181 -147.573 2808.11
-47.3247 -1046.93 2839.15
-62.6686 -398.239 2673.11
-27.6895 -281.241 2820.76
-3.33544 -672.899 2755.88
-97.547 120.643 2750.69
46.6979 131.213 2782.3
232.572 -96.4575 2951.77
24.9042 -936.69 3123.77
295.279 -366.312 2969.91
154.412 -267.801 2861
170.863 -659.053 2957.23
190.943 141.783 2813.9
55.0296 -71.6541 2811.59
FRAME: 292
50.1042 390.852 2716.17
-139.081 -146.022 2815.68
-45.1856 -1046.67 2843.1
-46.0935 -418.917 2689.89
-22.2507 -280.088 2836.15
1.30612 -672.799 2764.44
-95.5788 119.687 2760.33
47.8089 132.197 2795.39
221.71 -89.6628 2983.05
39.2141 -944.259 3175.02
294.488 -358.423 2980.7
157.496 -264.347 2880.35
184.321 -656.929 2972.38
191.197 144.707 2830.45
57.7159 -70.0104 2826.82
FRAME: 293
55.7468 393.284 2730.18
-136.172 -143.989 2823.76
-44.6545 -1048.15 2848.09
-55.6641 -373.534 2721.5
-18.7376 -285.875 2849.8
2.66297 -675.947 2775.01
-91.6739 119.584 2768.85
51.0426 133.205 2807.33
220.513 -87.9046 2999.7
39.192 -944.552 3193.46
295.611 -365.287 3034.33
162.69 -268.363 2899.01
190.101 -673.396 2988.12
193.759 146.826 2845.81
61.5094 -71.9571 2840.87
FRAME: 294
62.2285 394.635 2746.07
-128.738 -145.701 2827.65
-46.0238 -1048.69 2854.5
-56.7443 -374.077 2735.35
-12.9783 -292.109 2862.08
1.29005 -682.557 2789.01
-83.918 116.8 2779.21
55.7114 131.907 2822.37
218.894 -90.1774 3015.99
26.3179 -959.151 3188.44
292.429 -389.783 3062.11
171.977 -271.876 2919.33
193.674 -686.644 2981.7
195.341 147.014 2865.52
67.6053 -75.0425 2856.54
FRAME: 295
71.1925 397.925 2775.71
-123.656 -142.18 2834.15
-44.6492 -1048.1 2855.21
-19.807 -393.578 2754.62
-6.09329 -294.085 2871.75
5.75362 -688.813 2800.95
-68.9224 122.013 2795.08
64.7587 135.594 2848.89
219.364 -88.3571 3043
13.2862 -963.137 3185.92
302.391 -388.484 3087.13
174.101 -275.62 2944.23
202.353 -693.055 3003.25
198.44 149.174 2902.69
74.3812 -74.6295 2878.44
FRAME: 296
80.3119 399.174 2805.07
-113.042 -140.54 2847.7
-42.481 -1049.13 2864.62
1.54535 -394.202 2762.86
-0.515041 -296.686 2888.72
5.60966 -692.66 2808.81
-58.8195 121.903 2813.33
71.7553 133.998 2869.59
219.185 -95.4401 3063.37
18.8832 -965.164 3217.56
317.154 -384.258 3130.29
174.469 -280.305 2964.02
203.333 -691.665 3010.76
202.33 146.093 2925.84
79.3662 -77.2486 2897.98
FRAME: 297
86.5681 397.241 2826.45
-97.455 -140.184 2843.52
-44.8691 -1055.55 2870.74
17.2436 -416.142 2756.83
2.10159 -293.999 2901.8
8.03324 -692.488 2823.01
-52.0368 124.154 2822.31
75.2503 136.954 2884.56
214.564 -88.261 3095.38
20.7931 -963.139 3221.83
310.22 -382.48 3144.77
175.587 -276.432 2986.51
211.223 -689.796 3029.69
202.538 149.754 2946.82
82.0474 -74.1307 2914.36
FRAME: 298
96.4444 397.118 2847.11
-85.8793 -139.006 2852.3
-45.0426 -1055.66 2878.86
25.7529 -397.021 2771.48
9.43453 -297.302 2916.16
14.5491 -695.407 2851.49
-40.5215 122.904 2838.38
80.8157 135.454 2902.98
210.958 -92.0109 3114.38
7.66239 -966.085 3219.3
306.205 -390.998 3162.04
178.822 -279.607 3006.28
206.703 -687.555 3051.32
202.153 148.004 2967.59
87.4719 -76.5001 2932.1
FRAME: 299
106.246 398.952 2865.97
-73.6061 -136.774 2862.87
-43.6826 -1055.52 2883.71
46.1098 -408.436 2774.36
14.4032 -296.026 2932.72
19.5885 -692.328 2860.89
-33.5799 123.716 2853.24
85.2946 136.801 2919.06
212.441 -92.9356 3123.38
15.4733 -968.184 3228.45
320.18 -379.054 3191.54
183.502 -277.099 3026.55
198.872 -668.448 3076.56
204.169 149.887 2984.87
92.1236 -74.8806 2949.35
FRAME: 300
114.702 402.518 2887.52
-63.2494 -143.082 2866.18
-45.5522 -1050.79 2885.23
65.9218 -408.366 2778.58
17.7433 -288.125 2946.85
17.8732 -675.159 2879.58
-23.9007 130.264 2864.96
92.395 143.312 2936.12
208.64 -83.3325 3148.82
22.057 -971.388 3231.8
310.063 -366.746 3195.82
187.461 -268.283 3051.08
208.284 -664.989 3082.5
208.691 156.359 3007.29
97.4986 -67.4463 2967.54
FRAME: 301
120.748 407.872 2902.67
-55.7188 -128.045 2882.93
-42.6778 -1047.77 2889.19
81.0723 -417.411 2786.65
27.7004 -272.84 2969.71
23.1127 -660.597 2905.61
-17.9818 132.364 2880.39
97.9627 147.041 2954.07
204.756 -66.3284 3170.94
13.6883 -952.084 3212.66
312.402 -346.176 3238.42
188.682 -252.022 3072.3
220.726 -645.369 3098.14
213.907 161.718 3027.75
103.077 -57.6952 2987.54
FRAME: 302
132.77 420.905 2931.71
-42.1027 -113.918 2897.42
-38.9719 -1038.48 2896.21
105.988 -396.745 2846.29
38.8375 -267.959 2985.04
20.7617 -655.823 2936.19
-3.38114 142.527 2899.09
106.699 155.986 2978.4
200.631 -62.4916 3187.62
13.6599 -948.015 3192.79
301.817 -338.305 3263.66
189.195 -249.3 3093.71
223.965 -639.497 3134.01
216.779 169.446 3057.71
110.358 -51.3214 3008.89
FRAME: 303
135.486 418.18 2954.83
-34.123 -99.0925 2917.37
-35.3887 -1031.7 2907.31
106.218 -387.704 2859.25
38.9158 -262.599 2989.73
11.1622 -651.169 2959.04
4.33064 158.779 2908.95
108.645 168.426 2992.49
206.361 -60.0746 3200.43
21.3314 -940.458 3243.44
303.256 -324.492 3272.67
177.593 -249.413 3100.41
210.582 -634.551 3142.79
212.96 178.072 3076.02
108.45 -43.7902 3018.78
FRAME: 304
140.923 430.569 2970.95
-30.9422 -96.4209 2933.59
-33.2592 -1023.61 2923.78
110.023 -376.567 2875.64
43.5375 -263.041 3004.94
15.3929 -644.661 2961.74
10.7345 164.068 2920.96
110.842 174.819 3007.02
199.287 -60.0207 3205.2
34.4861 -958.88 3306.48
299.51 -337.958 3277.21
178.399 -248.113 3120.8
197.46 -635.824 3160.82
210.949 185.569 3093.09
110.905 -40.3791 3034.95
FRAME: 305
145.963 442.024 2987.48
-19.8367 -77.4626 2956.3
-24.9233 -1013.83 2941.75
98.828 -291.565 2916.97
35.3015 -242.446 3017.03
26.497 -624.656 2959.54
14.485 180.179 2932.58
115.078 189.216 3017.13
199.937 -40.3534 3227.57
17.526 -939.78 3277.31
303.874 -316.641 3304.04
176.28 -229.25 3135.32
179.841 -631.629 3158.91
215.671 198.252 3101.68
110.434 -23.3163 3046.65
FRAME: 306
147.677 441.474 2993.01
-20.1797 -84.2416 2964.94
-26.5632 -1015.7 2964.17
101.937 -305.303 2925.16
30.121 -228.108 3028.58
24.6668 -625.465 2976
10.3789 181.745 2945.22
115.089 190.13 3025.56
200.561 -46.8984 3222.87
33.7825 -933.46 3295.38
282.155 -295.04 3286.75
176.794 -215.902 3141.47
195.54 -616.77 3176.4
219.8 198.515 3105.9
109.273 -15.9375 3055.29
FRAME: 307
150.071 442.078 2998.13
-21.0894 -79.8003 2972.07
-22.6682 -1020.42 2985.02
88.3586 -314.567 2907.32
32.323 -228.282 3036.84
29.0698 -622.493 2980.78
12.2766 181.469 2952.48
117.902 189.527 3030.47
201.88 -41.6541 3232.39
36.9022 -952.412 3320.49
286.413 -292.09 3295.89
178.621 -216.901 3145
183.227 -607.78 3183.55
223.528 197.585 3108.47
111.687 -16.5322 3060.7
FRAME: 308
155.336 458.693 3008.71
-18.0523 -67.909 2971.11
-19.9495 -1014.93 3000.88
84.6663 -292.888 2912.6
30.2318 -211.99 3040.46
33.9158 -614.46 2981.78
13.1224 201.653 2966.43
117.22 207.098 3049.89
199.088 -40.1956 3240.16
22.158 -917.207 3298.2
289.784 -285.251 3310.24
174.791 -203.985 3155.99
200.145 -599.378 3183.81
221.317 212.543 3133.35
109.865 -0.444743 3074.06
FRAME: 309
154.885 454.353 3017.54
-19.3067 -65.0931 2984.58
-19.7481 -1026.78 3014.45
97.4259 -265.128 2929.03
30.613 -217.235 3036.16
29.063 -625.229 2986.37
10.6118 196.71 2971.69
117.797 200.191 3056.04
205.373 -40.1185 3250.16
26.6165 -920.051 3291.24
292.448 -302.309 3295.5
177.384 -212.155 3151.06
200.738 -607.779 3192.41
224.983 203.671 3140.39
110.898 -7.25224 3074.83
FRAME: 310
156.67 457.859 3018.04
-19.9143 -65.7433 3002.43
-17.2639 -1021.12 3028.67
83.0035 -277.73 2953.18
31.3507 -218.827 3042.95
32.0127 -621.029 2989.98
11.0603 198.241 2979.18
116.732 202.422 3060.82
199.683 -34.6789 3254.09
24.9461 -924.404 3321.58
269.333 -278.814 3279.92
178.731 -212.697 3156.72
204.529 -607.789 3194.7
222.403 206.604 3142.46
110.886 -6.66998 3080.33
FRAME: 311
156.818 459.091 3026.16
-25.5104 -58.4788 2993.99
-16.1692 -1024.74 3034.9
94.2428 -275.153 2955.36
32.7922 -221.959 3044.33
32.5559 -621.203 2999.73
9.45517 198.153 2981.04
116.08 202.924 3061.45
200.992 -30.3924 3259.05
23.5689 -912.588 3325.94
272.163 -288.379 3270.13
182.631 -214.843 3157.21
207.288 -608.268 3193.68
222.705 207.695 3141.86
111.896 -7.73856 3081.11
FRAME: 312
157.608 460.763 3027.03
-29.1253 -58.9645 2999.01
-16.1629 -1023.81 3038.11
87.5046 -229.66 2967.45
30.185 -225.364 3048.88
33.0516 -625.225 3008.43
5.73816 198.377 2987.01
114.76 203.02 3064.32
203.958 -33.0609 3258.2
22.6839 -916.844 3335.03
288.595 -322.983 3284.03
184.598 -218.271 3158.15
203.745 -625.829 3198.39
223.782 207.663 3141.62
111.076 -9.39864 3083.92
FRAME: 313
158.016 460.449 3030.7
-33.3842 -59.373 3002.93
-16.5102 -1028.24 3043.83
90.31 -237.268 2966.51
28.3904 -229.916 3051.95
32.2905 -626.657 3012.51
2.60733 198.049 2992.75
114.396 202.057 3067.89
207.042 -35.3834 3259.3
20.0478 -917.807 3347.79
296.939 -363.208 3288.35
186.351 -223.625 3157.96
208.649 -629.712 3219.07
226.185 206.064 3143.03
110.884 -12.3569 3086.42
FRAME: 314
156.688 461.831 3031.95
-32.6261 -57.3431 3005.23
-16.6692 -1028.35 3047.03
64.8654 -268.294 2986.15
28.4522 -221.212 3059.44
34.0682 -621.434 3017.19
1.36919 201.9 2995.82
115.367 206.319 3069.76
217.861 -30.7806 3259.99
20.7366 -898.759 3367.63
295.528 -334.296 3285.67
187.115 -214.54 3162.18
218.387 -623.661 3231.8
229.365 210.738 3143.7
111.575 -5.77863 3090.28
FRAME: 315
155.673 463.312 3033.75
-36.5206 -67.4647 3022.15
-16.4872 -1029.77 3051.34
56.442 -313.952 2959.83
28.7946 -223.972 3067.33
32.3965 -625.948 3025.35
0.812301 198.822 2999.19
115.724 204.963 3070.44
218.61 -36.8704 3258.36
28.1021 -898.17 3371.48
295.227 -337.809 3287.1
193.143 -214.52 3169.1
217.772 -612.645 3219.11
230.635 211.105 3141.7
113.346 -7.14144 3094.33
FRAME: 316
156.966 464.365 3028.9
-40.1468 -70.6002 3033.54
-15.2801 -1024.96 3060.33
35.7567 -351.971 2951.45
35.9655 -240.087 3080.2
34.7759 -634.972 3031.71
2.7952 185.461 3002.86
113.85 196.654 3073.63
213.69 -34.1485 3271.06
29.9504 -899.699 3409.1
291.361 -350.794 3268.48
202.167 -223.229 3186.15
220.966 -622.372 3212.93
224.905 207.846 3144.4
116.458 -17.5021 3103.4
FRAME: 317
153.947 464.567 3035.83
-41.2679 -68.3295 3028.54
-16.6307 -1033.04 3054.31
35.9094 -365.964 2954.1
28.0336 -224.64 3068.66
28.6779 -628.16 3042.51
-1.03813 198.57 3002.11
115.304 204.607 3073.17
226.761 -43.7584 3256.86
32.3025 -899.415 3383.17
298.635 -358.181 3260.44
194.536 -215.27 3170.42
204.221 -631.182 3220.57
231.646 210.644 3144.23
113.294 -7.67418 3096.36
FRAME: 318
153.688 464.293 3036.29
-44.1576 -73.0567 3029.83
-17.4012 -1033.48 3053.06
28.887 -346.964 2966.23
27.2914 -226.784 3075.29
29.2476 -630.26 3048.17
-2.31682 196.867 3004.52
115.439 203.67 3073.72
230.792 -41.9657 3258.51
28.2218 -896.623 3382.91
304.978 -353.446 3258.81
196.818 -216.3 3175.07
198.286 -639.022 3206.73
233.195 210.472 3142.92
113.747 -8.93607 3099.45
FRAME: 319
155.094 463.678 3037.7
-41.3764 -76.3889 3027.32
-15.9138 -1046.16 3044.79
9.91114 -364.234 2977.71
26.4197 -227.435 3071.21
27.669 -628.001 3050.62
-1.04728 198.192 3002.55
116.501 204.851 3073.51
234.16 -43.0466 3247.57
48.1396 -916.564 3397.83
315.321 -342.064 3256.47
200.008 -216.591 3175.78
199.685 -613.949 3231.55
234.049 211.51 3144.47
114.857 -8.58109 3098.5

