FRAME: 0
0 0 0
0 0 0
0 0 0
0 0 0
0 0 0
0 0 0
0 0 0
0 0 0
0 0 0
0 0 0
0 0 0
0 0 0
0 0 0
0 0 0
0 0 0
FRAME: 1
0 0 0
0 0 0
0 0 0
0 0 0
0 0 0
0 0 0
0 0 0
0 0 0
0 0 0
0 0 0
0 0 0
0 0 0
0 0 0
0 0 0
0 0 0
FRAME: 2
0 0 0
0 0 0
0 0 0
0 0 0
0 0 0
0 0 0
0 0 0
0 0 0
0 0 0
0 0 0
0 0 0
0 0 0
0 0 0
0 0 0
0 0 0
FRAME: 3
0 0 0
0 0 0
0 0 0
0 0 0
0 0 0
0 0 0
0 0 0
0 0 0
0 0 0
0 0 0
0 0 0
0 0 0
0 0 0
0 0 0
0 0 0
FRAME: 4
0 0 0
0 0 0
0 0 0
0 0 0
0 0 0
0 0 0
0 0 0
0 0 0
0 0 0
0 0 0
0 0 0
0 0 0
0 0 0
0 0 0
0 0 0
FRAME: 5
0 0 0
0 0 0
0 0 0
0 0 0
0 0 0
0 0 0
0 0 0
0 0 0
0 0 0
0 0 0
0 0 0
0 0 0
0 0 0
0 0 0
0 0 0
FRAME: 6
0 0 0
0 0 0
0 0 0
0 0 0
0 0 0
0 0 0
0 0 0
0 0 0
0 0 0
0 0 0
0 0 0
0 0 0
0 0 0
0 0 0
0 0 0
FRAME: 7
0 0 0
0 0 0
0 0 0
0 0 0
0 0 0
0 0 0
0 0 0
0 0 0
0 0 0
0 0 0
0 0 0
0 0 0
0 0 0
0 0 0
0 0 0
FRAME: 8
0 0 0
0 0 0
0 0 0
0 0 0
0 0 0
0 0 0
0 0 0
0 0 0
0 0 0
0 0 0
0 0 0
0 0 0
0 0 0
0 0 0
0 0 0
FRAME: 9
0 0 0
0 0 0
0 0 0
0 0 0
0 0 0
0 0 0
0 0 0
0 0 0
0 0 0
0 0 0
0 0 0
0 0 0
0 0 0
0 0 0
0 0 0
FRAME: 10
0 0 0
0 0 0
0 0 0
0 0 0
0 0 0
0 0 0
0 0 0
0 0 0
0 0 0
0 0 0
0 0 0
0 0 0
0 0 0
0 0 0
0 0 0
FRAME: 11
0 0 0
0 0 0
0 0 0
0 0 0
0 0 0
0 0 0
0 0 0
0 0 0
0 0 0
0 0 0
0 0 0
0 0 0
0 0 0
0 0 0
0 0 0
FRAME: 12
0 0 0
0 0 0
0 0 0
0 0 0
0 0 0
0 0 0
0 0 0
0 0 0
0 0 0
0 0 0
0 0 0
0 0 0
0 0 0
0 0 0
0 0 0
FRAME: 13
0 0 0
0 0 0
0 0 0
0 0 0
0 0 0
0 0 0
0 0 0
0 0 0
0 0 0
0 0 0
0 0 0
0 0 0
0 0 0
0 0 0
0 0 0
FRAME: 14
0 0 0
0 0 0
0 0 0
0 0 0
0 0 0
0 0 0
0 0 0
0 0 0
0 0 0
0 0 0
0 0 0
0 0 0
0 0 0
0 0 0
0 0 0
FRAME: 15
0 0 0
0 0 0
0 0 0
0 0 0
0 0 0
0 0 0
0 0 0
0 0 0
0 0 0
0 0 0
0 0 0
0 0 0
0 0 0
0 0 0
0 0 0
FRAME: 16
0 0 0
0 0 0
0 0 0
0 0 0
0 0 0
0 0 0
0 0 0
0 0 0
0 0 0
0 0 0
0 0 0
0 0 0
0 0 0
0 0 0
0 0 0
FRAME: 17
0 0 0
0 0 0
0 0 0
0 0 0
0 0 0
0 0 0
0 0 0
0 0 0
0 0 0
0 0 0
0 0 0
0 0 0
0 0 0
0 0 0
0 0 0
FRAME: 18
0 0 0
0 0 0
0 0 0
0 0 0
0 0 0
0 0 0
0 0 0
0 0 0
0 0 0
0 0 0
0 0 0
0 0 0
0 0 0
0 0 0
0 0 0
FRAME: 19
0 0 0
0 0 0
0 0 0
0 0 0
0 0 0
0 0 0
0 0 0
0 0 0
0 0 0
0 0 0
0 0 0
0 0 0
0 0 0
0 0 0
0 0 0
FRAME: 20
0 0 0
0 0 0
0 0 0
0 0 0
0 0 0
0 0 0
0 0 0
0 0 0
0 0 0
0 0 0
0 0 0
0 0 0
0 0 0
0 0 0
0 0 0
FRAME: 21
0 0 0
0 0 0
0 0 0
0 0 0
0 0 0
0 0 0
0 0 0
0 0 0
0 0 0
0 0 0
0 0 0
0 0 0
0 0 0
0 0 0
0 0 0
FRAME: 22
0 0 0
0 0 0
0 0 0
0 0 0
0 0 0
0 0 0
0 0 0
0 0 0
0 0 0
0 0 0
0 0 0
0 0 0
0 0 0
0 0 0
0 0 0
FRAME: 23
0 0 0
0 0 0
0 0 0
0 0 0
0 0 0
0 0 0
0 0 0
0 0 0
0 0 0
0 0 0
0 0 0
0 0 0
0 0 0
0 0 0
0 0 0
FRAME: 24
0 0 0
0 0 0
0 0 0
0 0 0
0 0 0
0 0 0
0 0 0
0 0 0
0 0 0
0 0 0
0 0 0
0 0 0
0 0 0
0 0 0
0 0 0
FRAME: 25
0 0 0
0 0 0
0 0 0
0 0 0
0 0 0
0 0 0
0 0 0
0 0 0
0 0 0
0 0 0
0 0 0
0 0 0
0 0 0
0 0 0
0 0 0
FRAME: 26
0 0 0
0 0 0
0 0 0
0 0 0
0 0 0
0 0 0
0 0 0
0 0 0
0 0 0
0 0 0
0 0 0
0 0 0
0 0 0
0 0 0
0 0 0
FRAME: 27
0 0 0
0 0 0
0 0 0
0 0 0
0 0 0
0 0 0
0 0 0
0 0 0
0 0 0
0 0 0
0 0 0
0 0 0
0 0 0
0 0 0
0 0 0
FRAME: 28
0 0 0
0 0 0
0 0 0
0 0 0
0 0 0
0 0 0
0 0 0
0 0 0
0 0 0
0 0 0
0 0 0
0 0 0
0 0 0
0 0 0
0 0 0
FRAME: 29
0 0 0
0 0 0
0 0 0
0 0 0
0 0 0
0 0 0
0 0 0
0 0 0
0 0 0
0 0 0
0 0 0
0 0 0
0 0 0
0 0 0
0 0 0
FRAME: 30
0 0 0
0 0 0
0 0 0
0 0 0
0 0 0
0 0 0
0 0 0
0 0 0
0 0 0
0 0 0
0 0 0
0 0 0
0 0 0
0 0 0
0 0 0
FRAME: 31
0 0 0
0 0 0
0 0 0
0 0 0
0 0 0
0 0 0
0 0 0
0 0 0
0 0 0
0 0 0
0 0 0
0 0 0
0 0 0
0 0 0
0 0 0
FRAME: 32
0 0 0
0 0 0
0 0 0
0 0 0
0 0 0
0 0 0
0 0 0
0 0 0
0 0 0
0 0 0
0 0 0
0 0 0
0 0 0
0 0 0
0 0 0
FRAME: 33
0 0 0
0 0 0
0 0 0
0 0 0
0 0 0
0 0 0
0 0 0
0 0 0
0 0 0
0 0 0
0 0 0
0 0 0
0 0 0
0 0 0
0 0 0
FRAME: 34
0 0 0
0 0 0
0 0 0
0 0 0
0 0 0
0 0 0
0 0 0
0 0 0
0 0 0
0 0 0
0 0 0
0 0 0
0 0 0
0 0 0
0 0 0
FRAME: 35
0 0 0
0 0 0
0 0 0
0 0 0
0 0 0
0 0 0
0 0 0
0 0 0
0 0 0
0 0 0
0 0 0
0 0 0
0 0 0
0 0 0
0 0 0
FRAME: 36
0 0 0
0 0 0
0 0 0
0 0 0
0 0 0
0 0 0
0 0 0
0 0 0
0 0 0
0 0 0
0 0 0
0 0 0
0 0 0
0 0 0
0 0 0
FRAME: 37
0 0 0
0 0 0
0 0 0
0 0 0
0 0 0
0 0 0
0 0 0
0 0 0
0 0 0
0 0 0
0 0 0
0 0 0
0 0 0
0 0 0
0 0 0
FRAME: 38
0 0 0
0 0 0
0 0 0
0 0 0
0 0 0
0 0 0
0 0 0
0 0 0
0 0 0
0 0 0
0 0 0
0 0 0
0 0 0
0 0 0
0 0 0
FRAME: 39
0 0 0
0 0 0
0 0 0
0 0 0
0 0 0
0 0 0
0 0 0
0 0 0
0 0 0
0 0 0
0 0 0
0 0 0
0 0 0
0 0 0
0 0 0
FRAME: 40
0 0 0
0 0 0
0 0 0
0 0 0
0 0 0
0 0 0
0 0 0
0 0 0
0 0 0
0 0 0
0 0 0
0 0 0
0 0 0
0 0 0
0 0 0
FRAME: 41
0 0 0
0 0 0
0 0 0
0 0 0
0 0 0
0 0 0
0 0 0
0 0 0
0 0 0
0 0 0
0 0 0
0 0 0
0 0 0
0 0 0
0 0 0
FRAME: 42
0 0 0
0 0 0
0 0 0
0 0 0
0 0 0
0 0 0
0 0 0
0 0 0
0 0 0
0 0 0
0 0 0
0 0 0
0 0 0
0 0 0
0 0 0
FRAME: 43
0 0 0
0 0 0
0 0 0
0 0 0
0 0 0
0 0 0
0 0 0
0 0 0
0 0 0
0 0 0
0 0 0
0 0 0
0 0 0
0 0 0
0 0 0
FRAME: 44
0 0 0
0 0 0
0 0 0
0 0 0
0 0 0
0 0 0
0 0 0
0 0 0
0 0 0
0 0 0
0 0 0
0 0 0
0 0 0
0 0 0
0 0 0
FRAME: 45
0 0 0
0 0 0
0 0 0
0 0 0
0 0 0
0 0 0
0 0 0
0 0 0
0 0 0
0 0 0
0 0 0
0 0 0
0 0 0
0 0 0
0 0 0
FRAME: 46
0 0 0
0 0 0
0 0 0
0 0 0
0 0 0
0 0 0
0 0 0
0 0 0
0 0 0
0 0 0
0 0 0
0 0 0
0 0 0
0 0 0
0 0 0
FRAME: 47
0 0 0
0 0 0
0 0 0
0 0 0
0 0 0
0 0 0
0 0 0
0 0 0
0 0 0
0 0 0
0 0 0
0 0 0
0 0 0
0 0 0
0 0 0
FRAME: 48
0 0 0
0 0 0
0 0 0
0 0 0
0 0 0
0 0 0
0 0 0
0 0 0
0 0 0
0 0 0
0 0 0
0 0 0
0 0 0
0 0 0
0 0 0
FRAME: 49
0 0 0
0 0 0
0 0 0
0 0 0
0 0 0
0 0 0
0 0 0
0 0 0
0 0 0
0 0 0
0 0 0
0 0 0
0 0 0
0 0 0
0 0 0
FRAME: 50
0 0 0
0 0 0
0 0 0
0 0 0
0 0 0
0 0 0
0 0 0
0 0 0
0 0 0
0 0 0
0 0 0
0 0 0
0 0 0
0 0 0
0 0 0
FRAME: 51
0 0 0
0 0 0
0 0 0
0 0 0
0 0 0
0 0 0
0 0 0
0 0 0
0 0 0
0 0 0
0 0 0
0 0 0
0 0 0
0 0 0
0 0 0
FRAME: 52
0 0 0
0 0 0
0 0 0
0 0 0
0 0 0
0 0 0
0 0 0
0 0 0
0 0 0
0 0 0
0 0 0
0 0 0
0 0 0
0 0 0
0 0 0
FRAME: 53
0 0 0
0 0 0
0 0 0
0 0 0
0 0 0
0 0 0
0 0 0
0 0 0
0 0 0
0 0 0
0 0 0
0 0 0
0 0 0
0 0 0
0 0 0
FRAME: 54
0 0 0
0 0 0
0 0 0
0 0 0
0 0 0
0 0 0
0 0 0
0 0 0
0 0 0
0 0 0
0 0 0
0 0 0
0 0 0
0 0 0
0 0 0
FRAME: 55
0 0 0
0 0 0
0 0 0
0 0 0
0 0 0
0 0 0
0 0 0
0 0 0
0 0 0
0 0 0
0 0 0
0 0 0
0 0 0
0 0 0
0 0 0
FRAME: 56
0 0 0
0 0 0
0 0 0
0 0 0
0 0 0
0 0 0
0 0 0
0 0 0
0 0 0
0 0 0
0 0 0
0 0 0
0 0 0
0 0 0
0 0 0
FRAME: 57
0 0 0
0 0 0
0 0 0
0 0 0
0 0 0
0 0 0
0 0 0
0 0 0
0 0 0
0 0 0
0 0 0
0 0 0
0 0 0
0 0 0
0 0 0
FRAME: 58
0 0 0
0 0 0
0 0 0
0 0 0
0 0 0
0 0 0
0 0 0
0 0 0
0 0 0
0 0 0
0 0 0
0 0 0
0 0 0
0 0 0
0 0 0
FRAME: 59
0 0 0
0 0 0
0 0 0
0 0 0
0 0 0
0 0 0
0 0 0
0 0 0
0 0 0
0 0 0
0 0 0
0 0 0
0 0 0
0 0 0
0 0 0
FRAME: 60
0 0 0
0 0 0
0 0 0
0 0 0
0 0 0
0 0 0
0 0 0
0 0 0
0 0 0
0 0 0
0 0 0
0 0 0
0 0 0
0 0 0
0 0 0
FRAME: 61
0 0 0
0 0 0
0 0 0
0 0 0
0 0 0
0 0 0
0 0 0
0 0 0
0 0 0
0 0 0
0 0 0
0 0 0
0 0 0
0 0 0
0 0 0
FRAME: 62
0 0 0
0 0 0
0 0 0
0 0 0
0 0 0
0 0 0
0 0 0
0 0 0
0 0 0
0 0 0
0 0 0
0 0 0
0 0 0
0 0 0
0 0 0
FRAME: 63
0 0 0
0 0 0
0 0 0
0 0 0
0 0 0
0 0 0
0 0 0
0 0 0
0 0 0
0 0 0
0 0 0
0 0 0
0 0 0
0 0 0
0 0 0
FRAME: 64
0 0 0
0 0 0
0 0 0
0 0 0
0 0 0
0 0 0
0 0 0
0 0 0
0 0 0
0 0 0
0 0 0
0 0 0
0 0 0
0 0 0
0 0 0
FRAME: 65
0 0 0
0 0 0
0 0 0
0 0 0
0 0 0
0 0 0
0 0 0
0 0 0
0 0 0
0 0 0
0 0 0
0 0 0
0 0 0
0 0 0
0 0 0
FRAME: 66
0 0 0
0 0 0
0 0 0
0 0 0
0 0 0
0 0 0
0 0 0
0 0 0
0 0 0
0 0 0
0 0 0
0 0 0
0 0 0
0 0 0
0 0 0
FRAME: 67
0 0 0
0 0 0
0 0 0
0 0 0
0 0 0
0 0 0
0 0 0
0 0 0
0 0 0
0 0 0
0 0 0
0 0 0
0 0 0
0 0 0
0 0 0
FRAME: 68
0 0 0
0 0 0
0 0 0
0 0 0
0 0 0
0 0 0
0 0 0
0 0 0
0 0 0
0 0 0
0 0 0
0 0 0
0 0 0
0 0 0
0 0 0
FRAME: 69
0 0 0
0 0 0
0 0 0
0 0 0
0 0 0
0 0 0
0 0 0
0 0 0
0 0 0
0 0 0
0 0 0
0 0 0
0 0 0
0 0 0
0 0 0
FRAME: 70
0 0 0
0 0 0
0 0 0
0 0 0
0 0 0
0 0 0
0 0 0
0 0 0
0 0 0
0 0 0
0 0 0
0 0 0
0 0 0
0 0 0
0 0 0
FRAME: 71
0 0 0
0 0 0
0 0 0
0 0 0
0 0 0
0 0 0
0 0 0
0 0 0
0 0 0
0 0 0
0 0 0
0 0 0
0 0 0
0 0 0
0 0 0
FRAME: 72
0 0 0
0 0 0
0 0 0
0 0 0
0 0 0
0 0 0
0 0 0
0 0 0
0 0 0
0 0 0
0 0 0
0 0 0
0 0 0
0 0 0
0 0 0
FRAME: 73
0 0 0
0 0 0
0 0 0
0 0 0
0 0 0
0 0 0
0 0 0
0 0 0
0 0 0
0 0 0
0 0 0
0 0 0
0 0 0
0 0 0
0 0 0
FRAME: 74
0 0 0
0 0 0
0 0 0
0 0 0
0 0 0
0 0 0
0 0 0
0 0 0
0 0 0
0 0 0
0 0 0
0 0 0
0 0 0
0 0 0
0 0 0
FRAME: 75
0 0 0
0 0 0
0 0 0
0 0 0
0 0 0
0 0 0
0 0 0
0 0 0
0 0 0
0 0 0
0 0 0
0 0 0
0 0 0
0 0 0
0 0 0
FRAME: 76
0 0 0
0 0 0
0 0 0
0 0 0
0 0 0
0 0 0
0 0 0
0 0 0
0 0 0
0 0 0
0 0 0
0 0 0
0 0 0
0 0 0
0 0 0
FRAME: 77
0 0 0
0 0 0
0 0 0
0 0 0
0 0 0
0 0 0
0 0 0
0 0 0
0 0 0
0 0 0
0 0 0
0 0 0
0 0 0
0 0 0
0 0 0
FRAME: 78
0 0 0
0 0 0
0 0 0
0 0 0
0 0 0
0 0 0
0 0 0
0 0 0
0 0 0
0 0 0
0 0 0
0 0 0
0 0 0
0 0 0
0 0 0
FRAME: 79
0 0 0
0 0 0
0 0 0
0 0 0
0 0 0
0 0 0
0 0 0
0 0 0
0 0 0
0 0 0
0 0 0
0 0 0
0 0 0
0 0 0
0 0 0
FRAME: 80
0 0 0
0 0 0
0 0 0
0 0 0
0 0 0
0 0 0
0 0 0
0 0 0
0 0 0
0 0 0
0 0 0
0 0 0
0 0 0
0 0 0
0 0 0
FRAME: 81
0 0 0
0 0 0
0 0 0
0 0 0
0 0 0
0 0 0
0 0 0
0 0 0
0 0 0
0 0 0
0 0 0
0 0 0
0 0 0
0 0 0
0 0 0
FRAME: 82
0 0 0
0 0 0
0 0 0
0 0 0
0 0 0
0 0 0
0 0 0
0 0 0
0 0 0
0 0 0
0 0 0
0 0 0
0 0 0
0 0 0
0 0 0
FRAME: 83
0 0 0
0 0 0
0 0 0
0 0 0
0 0 0
0 0 0
0 0 0
0 0 0
0 0 0
0 0 0
0 0 0
0 0 0
0 0 0
0 0 0
0 0 0
FRAME: 84
0 0 0
0 0 0
0 0 0
0 0 0
0 0 0
0 0 0
0 0 0
0 0 0
0 0 0
0 0 0
0 0 0
0 0 0
0 0 0
0 0 0
0 0 0
FRAME: 85
0 0 0
0 0 0
0 0 0
0 0 0
0 0 0
0 0 0
0 0 0
0 0 0
0 0 0
0 0 0
0 0 0
0 0 0
0 0 0
0 0 0
0 0 0
FRAME: 86
-78.0156 580.414 2740.15
-182.412 499.126 2490.04
16.5928 -836.538 2773.43
-166.887 673.912 2277.61
16.5928 -9.95052 2773.43
16.5928 -431.348 2773.43
-124.933 348.726 2713.63
-97.512 359.689 2693.13
-55.0682 514.544 2438.13
125.648 -792.937 2691.88
-104.611 753.206 2309.67
125.648 33.6512 2691.88
125.648 -387.747 2691.88
-70.0914 370.652 2672.62
-13.1958 185.77 2712.89
FRAME: 87
-101.486 616.358 2669.77
-215.206 512.757 2310.82
16.4126 -551.828 2816.89
-187.008 731.488 2077.12
-7.12224 53.2359 2720.47
1.5979 -349.314 2728.22
-176.881 388.012 2637.94
-84.19 434.442 2645.97
-34.4151 392.276 2582.6
142.764 -762.396 2910.69
-31.7119 378.999 2517.79
137.263 122.962 2724.3
116.04 -230.726 2567.48
8.5011 480.871 2654
-9.55981 261.27 2684.18
FRAME: 88
-91.2873 607.238 2676.41
-221.937 496.534 2298.93
20.9677 -579.589 2825.24
-130.518 576.216 1946.13
-0.717979 18.552 2713.52
4.88262 -385.857 2738.43
-179.716 362.891 2630.84
-84.03 414.627 2640.41
-35.4705 343.639 2588.38
150.991 -767.092 2895.76
-14.2451 320.487 2523.31
160.239 103.23 2721.83
130.53 -244.377 2588.27
11.6563 466.362 2649.97
-2.1348 237.759 2679.04
FRAME: 89
-70.1369 616.76 2716.86
-211.548 395.942 2302.13
34.97 -816.377 2916.48
-129.85 438.03 2081.76
8.37832 -32.6922 2714.16
24.0951 -440.772 2740.51
-174.588 353.385 2641.14
-82.6949 402.561 2656.69
28.2531 242.659 2678.74
120.882 -686.333 3254.02
136.843 132.905 2596.16
192.864 65.2906 2744.79
131.579 -319.731 2780.27
9.19845 451.738 2672.24
8.96306 209.43 2693.08
FRAME: 90
-70.7418 635.014 2683.64
-231.825 295.999 2375.57
25.7827 -789.565 2924.35
-159.064 390.292 2099.64
2.4644 -28.7945 2729.14
20.0067 -424.553 2746.64
-165.058 373.473 2649.57
-60.8656 417.844 2659.46
65.4091 262.611 2710.99
137.251 -684.248 3215.5
63.4872 330.339 2590.64
206.753 63.0714 2754.31
237.5 -336.187 2840.53
43.3271 462.215 2669.36
21.8716 217.491 2700.6
FRAME: 91
-64.476 649.841 2651.41
-218.201 282.657 2419.58
15.9327 -769.653 2925.36
-128.861 223.784 2178.95
7.55503 -31.9437 2736.58
21.0072 -412.829 2767.35
-164.338 406.125 2654.37
-47.2777 447.619 2661.81
117.732 510.997 2660.52
144.498 -702.994 3185.39
40.1545 445.428 2593.78
211.712 43.3328 2746.8
234.008 -377.997 2858.04
69.7826 489.112 2669.25
31.1778 226.657 2701.75
FRAME: 92
-62.8949 653.001 2634.64
-232.697 151.57 2566.51
17.1099 -775.569 2922.9
-95.1636 57.7962 2292.75
5.85868 -20.2579 2749.05
17.6997 -406.487 2776.45
-165.264 405.649 2655.2
-44.5582 447.475 2654.24
125.884 585.203 2566.8
149.481 -698.335 3179.83
55.3163 642.1 2536.93
209.792 51.2564 2746.37
231.565 -371.136 2862.79
76.1478 489.301 2653.28
31.6337 231.487 2700.97
FRAME: 93
-75.2188 654.649 2584.27
-225.655 141.214 2618.55
18.126 -773.911 2942.01
-102.473 -66.6556 2415.09
5.28065 -2.85748 2767.5
14.9125 -400.708 2803.18
-156.208 409.837 2666.06
-28.6943 447.2 2653.09
144.44 472.072 2620.98
154.17 -697.013 3175.22
149.777 374.821 2619.96
208.936 57.1419 2747.73
233.69 -362.391 2866.89
98.8197 484.563 2640.11
39.207 237.171 2705.35
FRAME: 94
-71.3409 650.441 2557.44
-209.702 157.046 2731.33
21.2034 -774.104 2965.19
-146.751 -140.459 2555.48
4.31093 5.92759 2785.24
16.6306 -403.34 2828.53
-150.311 414.115 2671.38
-20.1087 448.429 2652.9
145.527 445.769 2593.23
164.578 -690.244 3173.56
154.516 306.203 2561.81
209.851 60.1043 2756.32
238.432 -354.37 2880.45
110.094 482.744 2634.41
43.4862 240.723 2711.84
FRAME: 95
-89.0675 637.24 2529.69
-206.42 174.792 2770.22
22.6759 -760.257 2966.92
-216.544 -175.531 2844.21
5.42859 13.1871 2809.38
19.7372 -395.304 2843.4
-152.21 420.954 2674.45
-21.59 453.07 2647.09
118.409 474.013 2394.67
198.263 -694.202 3190.79
183.801 297.14 2310.66
216.172 64.9803 2764.55
264.579 -347.235 2905.12
109.03 485.186 2619.73
44.6052 246.077 2717.03
FRAME: 96
-103.551 612.641 2511.93
-204.376 177.335 2801.8
27.8193 -750.401 2980.71
-232.85 -142.075 2994.48
5.78632 20.738 2837.68
26.0279 -388.395 2860.61
-154.755 408.32 2673.71
-21.3748 432.612 2628.96
147.165 489.004 2386.7
243.515 -688.695 3238.29
197.042 339.29 1879.48
217.623 60.8128 2767.8
282.439 -351.111 2916.88
112.005 456.904 2584.2
45.165 236.694 2715.85
FRAME: 97
-123.532 586.155 2507.58
-207.701 180.223 2820.58
32.9794 -757.191 2994.93
-221.326 -120.382 3035.69
6.44756 25.6295 2859.37
28.6111 -387.239 2884.86
-172.489 402.403 2672.87
-47.2974 429.377 2627.02
188.985 281.048 2427.98
259.068 -695.682 3225.22
243.165 129.418 2015.23
217.529 70.4232 2779.45
294.449 -355.473 2910.11
77.8943 456.351 2581.17
32.3455 238.702 2723.22
FRAME: 98
-126.33 555.186 2504.43
-182.577 195.242 2891.67
29.7233 -768.67 2978.07
-237.734 8.9895 3103.66
6.64176 20.8511 2855.09
28.3362 -396.049 2868.34
-165.623 379.19 2698.7
-50.4573 379.789 2606.94
184.01 201.394 2343.5
301.265 -701.862 3232.65
246.483 -30.6154 2089
179.346 24.6362 2720.57
300.89 -339.243 2938.36
64.7085 380.388 2515.17
21.2682 201.266 2697.38
FRAME: 99
-132.615 527.462 2499.33
-148.19 197.979 2914.49
29.0575 -780.936 2968.04
-223.814 189.035 3228.32
28.8922 19.7226 2852.9
28.5475 -411.227 2853.22
-155.155 365.516 2710.49
-56.6249 352.156 2598.41
168.872 132.567 2348.68
304.283 -699.478 3208.85
239.596 -134.436 2150.26
164.942 2.18123 2697.86
301.374 -336.71 2948.49
41.9053 338.796 2486.32
20.1461 181.554 2686.89
FRAME: 100
-134.216 482.878 2490.54
-63.4193 151.192 2771.24
41.6631 -780.285 2974.45
-17.741 25.0812 2850.39
66.2807 -4.33773 2782.01
44.5425 -399.858 2859.46
-87.8606 330.619 2614.79
-27.1187 322.193 2545.23
185.391 109.735 2370.39
293.144 -655.209 3213.42
236.506 -204.65 2213.38
129.585 -5.49204 2711.2
302.861 -292.452 2910.52
33.6232 313.767 2475.66
35.4071 158.639 2645.92
FRAME: 101
-139.36 459.585 2471.29
-101.721 186.436 2887.57
32.0418 -770.116 2976.64
2.79741 3.31695 2810.54
44.1657 -1.73891 2827.38
33.6212 -397.863 2864.97
-156.606 300.169 2679.6
-57.6845 283.947 2575.05
198.858 49.8733 2379.96
290.446 -559.127 3007.84
226.345 -258.32 2254.29
150.419 -21.9802 2709.18
294.806 -312.024 2902.28
41.237 267.724 2470.5
19.8039 136.044 2671.66
FRAME: 102
-140.47 442.653 2468.67
-120.614 199.227 2907.08
30.9022 -770.921 2969.47
-43.113 86.1175 2984.5
39.2648 -3.06707 2845.27
30.5858 -395.52 2850.51
-170.71 289.446 2684.64
-69.0342 277.71 2579.54
188.838 44.5494 2413.45
333.297 -598.211 3079.73
217.476 -286.879 2281.16
165.935 -17.957 2713.71
256.306 -403.818 2900.22
32.6415 265.973 2474.44
16.7827 133.599 2679.51
FRAME: 103
-138.747 424.689 2450.28
-86.6371 189.684 2882.41
29.7793 -776.381 2980.16
24.3947 14.2335 2822.96
38.3422 -21.7607 2845.27
25.8502 -394.563 2853.95
-163.886 275.226 2672.12
-64.493 264.454 2570.88
181.585 47.3275 2501.07
280.577 -636.919 3094.66
210.472 -313.512 2304.14
173.339 -40.5336 2704.03
231.925 -401.199 2914.48
34.8996 253.683 2469.64
20.6739 116.654 2672.77
FRAME: 104
-130.698 412.816 2445.38
-78.6293 182.952 2886.74
32.8097 -785.167 2986.52
33.1702 8.34264 2768.11
37.3628 -37.165 2846.2
28.4367 -405.593 2859.69
-161.949 267.086 2677.4
-62.2172 257.052 2574.74
182.896 27.8377 2505.87
272.65 -651.792 3157.38
197.806 -326.923 2329.44
176.669 -55.1788 2701.15
227.37 -413.552 2905.67
37.5143 247.018 2472.09
22.3994 105.44 2674.21
FRAME: 105
-121.984 414.454 2440.07
-73.6904 181.726 2890.56
30.7615 -786.144 2985.85
56.173 5.91553 2745.18
21.1253 -42.4941 2863.06
24.0255 -408.892 2858.02
-157.776 267.597 2674.42
-52.8869 251.508 2574.92
190.338 -13.4873 2447.7
347.221 -664.511 3238.89
201.439 -344.924 2342.67
176.482 -69.1223 2714.47
278.698 -431.258 2863.71
52.0026 235.419 2475.42
22.9583 97.8497 2681.84
FRAME: 106
-112.609 427.513 2436.07
-65.9485 177.906 2886.67
31.6353 -800.098 2990.43
83.8361 16.9252 2721.97
16.8284 -43.6896 2864.04
23.0472 -424.026 2859.94
-153.811 274.87 2668.2
-44.7677 254.634 2570.08
196.035 -16.8918 2445.46
191.044 -718.752 3156.78
208.329 -350.565 2357.98
174.076 -74.409 2724.06
266.584 -425.276 2853.38
64.2759 234.397 2471.97
25.3423 97.7922 2682.07
FRAME: 107
-93.7587 448.358 2442.55
-73.0731 181.381 2893.01
30.3459 -801.153 2988.2
54.6048 26.5253 2717.75
6.04853 -34.3967 2864.72
20.4347 -426.968 2860
-145.993 287.999 2662.98
-35.9694 266.378 2567.9
203.76 -7.41154 2451.44
258.315 -718.893 3099.42
207.635 -320.546 2355.57
174.953 -68.0499 2717.4
278.464 -414.651 2862.08
74.0543 244.756 2472.81
27.2657 107.577 2679.48
FRAME: 108
-79.4396 463.987 2448.18
-78.1596 177.148 2897.58
28.8528 -802.425 2989.2
8.85779 85.2382 2745.51
0.630724 -28.6996 2866.59
16.5947 -430.698 2860.27
-136.465 304.639 2666.49
-23.4724 281.244 2572.44
212.788 12.4195 2468.66
317.701 -703.612 3180.2
211.733 -298.365 2372.22
177.746 -65.4836 2719.14
276.381 -416.832 2871.21
89.5202 257.848 2478.39
32.858 117.076 2682.65
FRAME: 109
-65.5994 477.871 2457.3
-112.479 165.501 2918.2
26.1946 -805.435 2986.73
-133.446 -110.076 3120.86
-4.86875 -30.3548 2869.13
12.6137 -433.967 2859.21
-133.042 315.742 2674.32
-14.8498 293.227 2581.36
221.771 29.3448 2490.24
274.255 -757.921 3130.32
217.318 -289.755 2398.4
180.118 -65.7262 2723.53
263.333 -412.185 2906.09
103.342 270.712 2488.41
36.3873 122.593 2688.85
FRAME: 110
-49.1253 508.138 2467.07
-126.618 147.985 2919.07
27.6999 -804.283 3008.39
-144.834 -208.355 2917.05
-19.4477 -42.561 2872.43
9.08593 -443.698 2876.03
-136.944 327.817 2692.67
-7.76513 308.617 2600.32
241.501 44.0495 2525.74
164.032 -707.128 3244.38
230.272 -266.189 2443.8
179.783 -72.4444 2729.69
221.164 -404.98 2938.02
121.414 289.417 2507.98
36.2013 125.557 2700.69
FRAME: 111
-36.0793 528.047 2492.05
-131.699 122.625 2909.21
28.2566 -810.111 3017.48
-132.839 -217.66 2809.21
-25.0401 -53.3019 2868.34
5.99389 -452.799 2883.6
-139.089 333.977 2705.6
-3.45706 322.241 2619.42
253.828 64.6375 2559.66
170.119 -709.141 3271.63
233.523 -247.249 2481.62
182.019 -71.4715 2736.34
226.111 -417.6 2950.17
132.174 310.505 2533.23
37.5163 129.927 2710.88
FRAME: 112
-27.1251 545.834 2516.23
-140.255 105.945 2889.42
35.142 -820.217 3029.51
-111.111 -218.618 2715.11
-18.1627 -54.168 2869.13
13.672 -461.002 2894.98
-144.913 337 2712.78
-1.65983 332.398 2637.35
277.825 92.794 2603.46
151.716 -719.859 3282.53
242.251 -226.094 2519.81
177.844 -60.8808 2765.09
226.896 -403.505 3004.72
141.593 327.795 2561.93
39.0904 137.437 2727.23
FRAME: 113
-16.7569 565.034 2546.5
-148.62 90.9994 2868.64
36.2141 -833.166 3033.51
-105.847 -201.356 2640.64
-13.0181 -49.6649 2865.11
21.8888 -469.276 2895.27
-145.862 339.835 2720.31
7.08062 341.985 2659.5
291.571 102.04 2649.61
121.9 -729.032 3276.7
244.16 -201.933 2550.06
172.488 -47.2828 2790.68
215.527 -407.188 3012.8
160.024 344.135 2598.7
43.4079 146.756 2743.7
FRAME: 114
-5.05829 575.951 2578.23
-152.378 76.4984 2835.38
38.2912 -833.621 3040.64
-96.9725 -159.068 2608.44
-16.0409 -51.6274 2855.84
27.538 -463.164 2903.24
-146.594 337.752 2717.99
12.9119 345.187 2672.54
302.371 111.409 2687.71
71.3762 -755.359 3216.34
248.681 -185.676 2595.68
168.117 -43.0755 2803.02
208.401 -403.688 3017.98
172.417 352.622 2627.09
44.475 148.918 2750.99
FRAME: 115
0.952922 581.524 2588.38
-154.642 73.6571 2815.85
35.0011 -837.207 3044.54
-71.9628 -133.7 2563.95
-14.795 -47.6647 2854.84
28.4668 -463.013 2906.5
-144.713 340.621 2719.02
18.0748 350.575 2684.45
309.285 120.344 2708.52
50.5129 -768.286 3223.55
238.482 -179.906 2612.38
163.145 -36.8028 2816.99
200.926 -409.364 3026.23
180.862 360.53 2649.88
46.125 154.171 2760.18
FRAME: 116
9.03749 587.171 2600.5
-153.823 81.8051 2790.54
33.9993 -830.275 3048.45
-33.4931 -156.432 2511.54
-16.8782 -42.2905 2861.64
27.8718 -456.975 2913.01
-138.118 344.889 2714.92
22.9762 356.279 2694.8
310.292 142.781 2748.8
48.2894 -775.502 3199.97
253.19 -160.762 2658.57
157.077 -29.9422 2840.04
196.286 -405.847 3024.88
184.07 367.668 2674.68
46.5379 160.081 2772.82
FRAME: 117
20.1618 596.213 2620.07
-146.604 84.2566 2772.22
29.1527 -823.579 3057.5
-2.68949 -81.6469 2508.21
-25.0751 -32.9436 2870.86
26.9771 -449.363 2921.47
-125.053 350.36 2711.18
31.8247 363.945 2713.61
315.548 157.682 2798.61
45.3388 -787.895 3187.3
258.375 -138.189 2707.41
150.234 -17.739 2873.87
185.311 -414.545 3034.32
188.702 377.53 2716.05
47.2022 169.302 2792.99
FRAME: 118
33.6922 609.616 2646.8
-139.172 93.0027 2770.04
26.0138 -820.614 3057.21
20.916 -75.7181 2520.26
-34.2867 -30.5501 2882.34
23.9786 -447.404 2925.87
-115.485 357.807 2719.45
38.6672 368.533 2730.04
319.292 160.148 2833.34
38.9092 -790.851 3186.21
267.645 -142.581 2724.63
144.13 -18.138 2894.67
174.055 -420.372 3055.29
192.819 379.259 2740.63
46.7944 172.095 2809.27
FRAME: 119
45.1918 612.758 2663.48
-126.657 106.357 2763.67
24.4373 -821.999 3054.41
56.8487 -77.9412 2505.18
-36.8322 -29.8112 2891
24.3894 -447.063 2923.64
-102.426 371.632 2738.53
47.0626 376.22 2746.88
318.896 161.224 2853.02
33.1828 -791.219 3178.8
291.185 -137.548 2745.68
138.47 -24.3902 2900.99
158.6 -408.439 3079.38
196.551 380.808 2755.23
48.9408 174.56 2821.44
FRAME: 120
56.8236 615.951 2680.33
-118.276 108.406 2765.11
22.1256 -825.905 3055.61
79.545 -62.014 2532.15
-37.0011 -28.355 2900.48
20.0759 -449.421 2933.82
-95.0537 377.592 2748.01
52.6713 381.485 2761.13
321.129 167.308 2882.8
27.3998 -797.979 3154.16
296.176 -132.89 2743.87
137.534 -23.757 2916.02
143.625 -416.591 3088.21
200.396 385.377 2774.25
51.4688 177.714 2834.69
FRAME: 121
65.513 619.421 2696.88
-109.426 112.174 2764.89
22.5784 -834.398 3050.08
97.037 -55.8201 2535.88
-35.7562 -20.9423 2920.39
17.7665 -448.712 2935.95
-88.4067 383.486 2762.01
57.6362 387.471 2778.3
318.806 174.073 2898.93
16.5575 -822.247 3105.18
324.246 -116.708 2779.12
139.174 -16.1121 2939.93
133.093 -423.525 3088.05
203.679 391.457 2794.59
54.6725 184.472 2854.23
FRAME: 122
73.8826 626.707 2723.17
-101.034 119.661 2769.73
14.6295 -846.035 3054.55
99.6636 -46.9327 2554.59
-38.9952 -13.7161 2931.3
16.5909 -451.371 2936.44
-84.4254 389.239 2773.59
59.8461 392.351 2792.24
318.314 176.968 2913.12
15.4061 -826.067 3094.74
338.845 -125.605 2746.42
137.195 -9.83653 2954.24
114.518 -430.244 3077.09
204.118 395.463 2810.89
54.4731 190.287 2867.51
FRAME: 123
80.6158 629.374 2741.89
-96.0319 120.654 2772.23
13.9484 -837.337 3050
124.329 -32.1363 2559.75
-37.7895 -14.5704 2936.79
18.1475 -450.207 2939.1
-77.7389 392.361 2783.04
64.0465 395.802 2807.11
319.421 180.073 2927.34
6.55074 -824.623 3115.74
367.549 -106.106 2799.03
136.404 -10.2716 2966.42
123.125 -433.554 3098.32
205.832 399.243 2831.18
56.6769 191.691 2879.36
FRAME: 124
89.3084 626.654 2757.06
-85.3505 124.963 2772.05
9.88191 -832.599 3042.81
170.009 -8.39481 2561.33
-36.5302 -13.5734 2943.35
20.3168 -448.622 2937.41
-70.3902 395.087 2790.66
69 399.663 2821.28
320.247 177.571 2941.23
5.49002 -814.639 3151.61
390.591 -83.3493 2823.98
139.322 -7.69056 2982.22
138.403 -441.501 3111.43
208.39 404.238 2851.91
60.198 194.515 2892.03
FRAME: 125
97.1706 625.707 2776.03
-55.0046 121.746 2759.33
10.5466 -829.85 3042.31
225.787 37.0979 2567.46
-35.2987 -15.347 2951.61
21.4016 -444.601 2945.86
-64.8587 393.654 2795.32
71.8337 401.385 2839.22
341.907 185.37 2974.83
2.05787 -805.58 3227.46
418.094 -52.8542 2832.25
135.241 -5.63764 3006.48
150.863 -439.222 3133.72
208.526 409.116 2883.13
60.9024 195.446 2909.13
FRAME: 126
95.9314 633.282 2794.89
-38.8053 132.434 2756.58
8.6365 -833.504 3042.62
266.774 60.9347 2583.12
-28.9448 -16.1805 2970.41
23.4049 -449.085 2959.28
-59.6589 392.437 2806.85
74.0755 402.655 2859.33
348.254 193.412 2986.93
12.206 -790.43 3300.96
436.293 15.563 2861.76
128.226 -4.34778 3031.55
146.665 -418.783 3167.65
207.81 412.872 2911.81
61.858 196.195 2930.16
FRAME: 127
97.2909 638.983 2805.78
-18.2965 148.302 2723.92
5.75736 -825.794 3043.38
299.769 116.384 2532.1
-30.9234 -9.85125 2977.64
28.3601 -439.393 2971.82
-52.1884 396.823 2806.81
75.1612 408.664 2870.92
345.653 208.133 3000.72
13.5123 -789.903 3301.66
399.762 49.1772 2800.84
113.794 3.52863 3050.36
138.538 -418.655 3186.2
202.511 420.505 2935.03
58.2982 202.751 2942.46
FRAME: 128
97.2476 642.929 2814.75
-8.27057 172.862 2701.21
1.37308 -825.49 3048.36
285.547 174.453 2500.5
-35.6933 -7.80537 2989.21
29.1201 -440.122 2979.28
-45.6304 400.24 2804.88
77.7339 415.21 2876.54
334.943 213.062 2978.96
15.2599 -788.293 3297.21
337.189 141.331 2605.72
109.104 10.1201 3073.85
139.072 -415.092 3196.23
201.098 430.181 2948.2
57.2196 208.184 2954.04
FRAME: 129
94.6638 644.444 2818.97
41.9902 218.242 2617.5
3.54381 -827.845 3049.66
350.583 292.726 2421.75
-35.0666 -4.0055 2993.26
32.6439 -438.277 2978.69
-32.9852 403.018 2797.03
76.122 423.227 2881.35
356.846 261.139 2929.05
13.3256 -785.172 3303.06
539.953 199.682 2750.38
94.4222 20.0282 3093.05
136.471 -406.26 3204.34
185.229 443.436 2965.67
52.8999 215.619 2962.25
FRAME: 130
90.0345 647.853 2824.63
42.7789 246.511 2602.24
2.3691 -830.453 3056.02
352.867 356.58 2392.2
-34.7834 1.5047 2998.35
36.1489 -440.873 2981.82
-27.1801 405.519 2793.9
79.8225 426.677 2878.95
397.575 310.702 2956.38
7.91747 -781.762 3267.26
615.773 263.251 2855.96
91.9113 26.561 3098.9
138.178 -395.466 3199.65
186.825 447.835 2964
54.1932 220.355 2963.78
FRAME: 131
84.0944 654.876 2833.18
28.2485 361.811 2549.69
3.72324 -825.111 3051.1
282.229 502.437 2325.99
-30.4742 7.14948 2997.32
49.4339 -430.627 2968.5
-28.8017 418.902 2794.98
75.4725 442.866 2887.01
396.571 423.996 3099.31
8.94645 -776.974 3267.92
661.536 402.982 2982.3
88.4783 34.5686 3102.57
139.628 -388.373 3198.31
179.747 466.829 2979.03
52.2373 231.862 2968.47
FRAME: 132
80.7214 667.544 2832.62
12.1496 474.622 2527.63
12.07 -817.219 3040.11
218.592 619.443 2312.72
-26.5487 20.5591 2986.1
59.5518 -410.556 2950.58
-33.5276 442.747 2795.27
69.9017 466.066 2890.98
376.286 454.963 3148.64
7.76911 -769.441 3260.28
662.941 514.401 3129.82
88.1644 46.601 3092.87
140.159 -379.517 3195.01
173.331 489.384 2986.68
50.3548 249.823 2965.23
FRAME: 133
78.4489 689.956 2836.49
9.83349 500.093 2532.39
15.2596 -809.06 3033.31
187 634.488 2309.46
-12.3778 32.9341 2978.27
64.2302 -408.116 2949.06
-32.2598 457.23 2797.5
66.1657 482.29 2897.15
353.556 471.995 3183.23
14.5548 -756.698 3258.26
649.677 565.153 3198.22
94.0873 60.0976 3086.53
149.132 -361.757 3183.44
164.591 507.35 2996.79
53.5102 264.403 2964.77
FRAME: 134
73.5837 700.125 2837.9
4.94913 539.704 2529.58
17.2713 -805.974 3027.23
148.465 740.708 2306.7
-2.85002 39.1157 2966.82
62.2389 -406.862 2944.26
-31.0918 463.25 2794.9
63.9704 489.155 2899.6
315.879 486.414 3217.15
18.433 -750.733 3256.19
638.55 606.329 3233.51
98.8167 66.8713 3079.25
151.587 -357.739 3182.61
159.033 515.061 3004.3
55.9769 271.074 2961.32
FRAME: 135
65.8705 708.946 2835.41
-3.68629 569.135 2533.09
21.7912 -802.591 3017.66
124.276 731.536 2312.65
2.84479 46.8108 2954.92
65.0391 -402.281 2934.95
-32.5262 472.903 2795.64
57.9581 498.57 2903.19
294.291 495.519 3235.34
21.3878 -743.749 3254.51
593.689 606.218 3324.38
100.841 74.6678 3072.43
150.772 -350.854 3180.6
148.442 524.237 3010.73
54.9006 279.655 2958.43
FRAME: 136
63.2271 708.599 2835.63
-8.4148 576.82 2538.82
24.4446 -802.984 3011.02
81.0061 796.225 2318.93
7.5603 53.6525 2945.48
72.0772 -399.475 2924.51
-29.2081 481.877 2796.78
58.5066 506.301 2906.94
267.163 499.763 3252.29
27.6494 -735.343 3252.14
557.118 623.274 3343.63
104.532 80.7124 3068.21
154.185 -343.086 3171.83
146.221 530.725 3017.11
57.2765 286.742 2956.89
FRAME: 137
60.6319 708.276 2836.92
-16.8227 585.095 2541.91
29.1588 -807.189 3003.27
51.0918 824.018 2347.95
12.4275 60.3928 2938.76
75.9923 -398.571 2914.05
-27.3418 489.243 2793.24
59.0826 513.155 2905.1
254.145 500.006 3261.1
32.1643 -727.147 3224.43
528.648 626.857 3374.37
106.099 86.4149 3060.86
157.783 -341.259 3159.69
145.507 537.066 3016.96
59.1729 293.279 2952.46
FRAME: 138
59.8549 706.409 2839.08
-28.1603 598.413 2541.7
34.1219 -812.201 2993.92
16.5786 862.86 2359.58
20.3601 60.9703 2928.21
87.2241 -399.352 2898.42
-20.0306 496.247 2788.96
57.566 520.063 2902.64
217.01 485.51 3260.86
36.5528 -725.579 3212.8
489.613 620.601 3366.36
106.217 87.5787 3055.83
158.918 -340.666 3147.22
135.163 543.879 3016.32
60.4273 297.169 2947.33
FRAME: 139
51.8053 700.226 2828.81
-39.4083 610.663 2537.62
41.0691 -812.877 2981.47
-1.67441 860.867 2386.38
28.1979 60.8396 2922.28
93.1988 -394.749 2892.06
-18.8992 498.665 2779.11
57.7387 523.404 2893.81
198.274 472.945 3250.23
40.23 -719.537 3204.22
445.023 593.831 3394.4
109.388 87.3391 3045.6
160.65 -337.161 3138.74
134.377 548.144 3008.51
63.2659 298.747 2938.87
FRAME: 140
43.3512 698.011 2821.16
-53.807 626.265 2546.67
50.5076 -806.152 2964.15
-23.4211 861.381 2403.74
31.5613 66.2099 2899.74
108.648 -395.282 2872.62
-24.2259 507.331 2773.19
52.2448 528.653 2887.11
200.983 462.303 3240.79
50.627 -723.873 3206.18
360.871 522.766 3402.6
111.238 89.2085 3019.07
158.459 -343.686 3105.38
128.716 549.974 3001.02
61.8222 303.181 2923.25
FRAME: 141
33.2825 691.321 2800.94
-61.6533 632.51 2546.96
55.0414 -801.814 2949.79
-73.4788 886.538 2412.33
34.5055 62.6836 2880.9
98.715 -397.576 2859.6
-22.3655 508.916 2763.98
52.999 527.61 2878.63
197.897 456 3219.62
56.3601 -736.952 3135.68
328.763 497.079 3410.22
113.646 82.7968 2998.82
156.378 -363.555 3085.9
128.363 546.304 2993.27
63.5373 300.175 2909.24
FRAME: 142
25.7044 676.53 2788.09
-77.7818 635.641 2568.6
57.0281 -808.258 2930.87
-83.3692 887.959 2422.62
32.3989 50.5796 2865.66
80.2171 -403.687 2856.48
-25.9764 496.074 2761.14
56.6433 510.395 2858.3
198.008 442.558 3210.7
74.5149 -748.506 3081.88
323.784 502.473 3432.87
125.222 66.5463 2968.43
151.546 -369.007 3029.19
139.263 524.715 2955.45
67.7268 284.479 2887.67
FRAME: 143
20.7959 678.327 2778.2
-85.1445 652.549 2567.75
63.3696 -799.344 2908.52
-104.437 906.236 2433.05
32.5201 62.8632 2846.13
75.2065 -391.717 2848.36
-29.2376 500.84 2752.56
51.2921 514.32 2857.71
185.37 424.787 3191.87
68.6219 -763.279 3061.3
151.401 154.417 3069.72
118.915 77.5733 2953.38
142.243 -366.928 3002.13
131.822 527.801 2962.86
63.5048 292.269 2878.73
FRAME: 144
17.3916 669.082 2773.22
-93.6437 651.542 2569.64
63.3655 -795.134 2899.49
-101.831 885.48 2450.95
29.8002 65.8766 2838.1
64.3798 -378.824 2835.07
-36.5693 500.892 2748.28
50.8365 508.841 2837.08
175.073 416.992 3165.25
84.0266 -765.982 3093.4
143.682 129.991 3059.16
122.11 72.9714 2915.98
161.625 -367.388 2968.71
138.242 516.79 2925.89
63.3957 289.133 2857.06
FRAME: 145
14.2726 660.812 2769.46
-100.73 656.931 2571.12
60.3317 -793.584 2880.98
-105.672 884.927 2453.5
29.7384 69.1176 2802.68
52.1891 -375.094 2813.45
-39.8849 506.977 2739.95
46.519 509.401 2829.93
164.155 398.304 3150.31
97.2003 -784.7 3071.68
150.912 120.953 3065.87
120.277 72.1648 2881.56
172.633 -381.75 2955.61
132.923 511.824 2919.91
60.7634 290.021 2836.02
FRAME: 146
-0.570997 648.342 2752.71
-99.6279 656.8 2567.12
60.5386 -807.033 2874.62
-96.2127 877.302 2449.45
34.4133 57.0631 2792.23
61.3839 -393.588 2796.21
-39.7001 501.042 2719.97
46.6997 504.515 2817.22
149.597 390.486 3140.06
102.149 -779.628 3100.12
138.742 133.663 3072.28
120.314 60.8888 2869.36
182.527 -408.82 2944.7
133.099 507.988 2914.48
62.0317 281.746 2824.01
FRAME: 147
-1.41493 634.992 2739.03
-107.345 661.86 2567.65
60.2044 -805.479 2848.47
-111.719 879.661 2456.43
34.7081 61.0738 2766.49
49.5165 -393.987 2762.59
-48.5917 494.517 2714.16
40.3398 496.886 2814.27
146.612 372.716 3120.58
97.766 -799.124 3096.53
151.372 96.7013 3046
123.378 64.4776 2850.7
179.291 -415.042 2916.37
129.271 499.255 2914.38
59.6914 279.831 2811.43
FRAME: 148
-22.1356 622.813 2706.78
-110.049 662.345 2564.28
61.8511 -805.613 2855.64
-108.456 877.403 2457.3
43.8576 41.0971 2754.71
51.336 -411.494 2757.65
-51.2003 477.93 2707.29
35.8613 481.846 2808.99
135.46 350.675 3107.63
97.393 -794.216 3109.14
149.682 91.0093 3041.73
127.097 46.1416 2837.07
198.517 -447.985 2901.92
122.923 485.762 2910.68
60.6692 262.732 2802.44
FRAME: 149
-30.5337 613.559 2690.94
-115.445 648.671 2563.52
63.6382 -805.625 2857.27
-130.927 892.697 2448.09
47.9365 18.367 2737.85
56.3593 -434.267 2752.7
-53.009 461.446 2694.93
32.7654 467.095 2800.14
132.778 329.84 3092.51
102.782 -806.202 3122.52
157.526 61.2724 3037.37
131.966 25.5726 2828.49
216.681 -478.926 2866.18
118.54 472.743 2905.35
61.3582 244.532 2791.65
FRAME: 150
-31.7203 599.769 2679.6
-123.082 639.736 2565.05
69.6714 -826.86 2874.31
-138.41 890.146 2443.16
51.439 -20.0698 2716.75
52.613 -489.303 2736.58
-54.6991 444.068 2688.04
33.3802 450.434 2792.3
131.941 307.574 3079.29
112.641 -834.221 3092.32
160.18 74.7538 3031.87
147.307 -11.8899 2821.71
230.633 -496.184 2855.52
121.459 456.801 2896.56
66.3767 217.227 2780.77
FRAME: 151
-36.375 590.326 2666.67
-122.736 623.067 2562.11
73.0795 -845.619 2871.9
-161.246 898.449 2430.48
57.4301 -40.5225 2705.99
56.2631 -520.798 2731.51
-54.8064 422.231 2686
32.135 429.709 2780.25
124.553 293.327 3068.16
121.779 -845.344 3064.86
173.18 65.653 3024.48
157.183 -30.4903 2804.79
244.856 -502.412 2849.19
119.076 437.186 2874.51
69.7208 197.101 2767.82
FRAME: 152
-35.1139 579.072 2663.17
-123.014 613.358 2546.15
83.7922 -869.919 2871.96
-120.76 855.958 2422.64
57.767 -46.606 2701.46
59.944 -515.893 2731.43
-47.872 413.784 2678.43
37.0903 419.618 2767.19
119.064 282.278 3050.79
142.396 -874.024 3063.81
172.21 62.9595 3024.73
154.581 -38.6106 2793.97
228.676 -517.478 2853.93
122.053 425.451 2855.94
71.6321 188.505 2757.45
FRAME: 153
-36.4952 573.363 2655.51
-131.656 609.604 2536.87
77.6376 -857.514 2863.55
-158.565 882.059 2395.5
60.3104 -64.122 2676.45
70.023 -515.757 2710.26
-56.7222 411.302 2671.04
32.2769 416.773 2764.41
115.485 268.95 3046.36
148.44 -899.29 3060.39
172.994 48.0661 3015.38
162.367 -56.7762 2775.43
227.543 -532.738 2845.9
121.276 422.243 2857.77
71.8078 178.162 2745.17
FRAME: 154
-24.2825 557.841 2650.72
-137.516 580.021 2508.64
78.6132 -872.885 2858.29
-121.543 833.187 2393.55
56.6083 -82.0458 2660.48
60.0362 -543.468 2694.07
-66.9251 394.731 2665.61
28.9256 402.592 2753.13
114.839 252.074 3030.54
152.717 -909.826 3055.49
187.422 43.8836 2995.1
174.872 -71.6359 2760.46
230.941 -550.324 2848.47
124.776 410.452 2840.65
72.3328 162.875 2731.8
FRAME: 155
-13.7459 553.767 2643.6
-145.099 537.124 2447.82
89.0733 -889.663 2864.52
-123.324 782.967 2273.18
60.2583 -93.9674 2651.9
69.0852 -568.184 2681.55
-71.8075 379.338 2651.46
28.377 390.43 2738.53
117.733 241.509 3012.83
145.974 -903.965 3049.68
206.472 30.8893 2980.34
183.913 -79.4171 2753.31
243.853 -569.247 2826.13
128.562 401.522 2825.6
75.2312 151.869 2720.57
FRAME: 156
-0.908695 559.686 2641.72
-148.286 517.969 2413.63
90.3981 -879.124 2875.81
-135.749 782.345 2180.14
61.8664 -99.8387 2647.46
67.586 -569.098 2672.42
-81.3206 363.752 2630.87
23.3287 380.578 2713.87
119.481 237.517 2986.47
144.833 -886.497 3034.47
222.373 18.2389 2959.57
193.91 -77.7794 2743.08
257.114 -557.212 2818.06
127.978 397.404 2796.86
75.6084 145.884 2704.57
FRAME: 157
-1.84082 581.017 2622.42
-141.158 488.968 2383.12
74.622 -863.315 2876.02
-116.087 718.998 2077.85
64.8409 -102.165 2645.01
74.9211 -551.534 2677.86
-88.8719 349.869 2602.05
22.1432 374.895 2675.24
118.804 254.015 2956.98
145.748 -874.862 3023.53
222.716 32.4623 2933.69
206.569 -69.4651 2731.1
261.187 -529.304 2819.28
133.158 399.921 2748.42
78.9242 144.54 2681.65
FRAME: 158
10.4107 627.527 2587.33
-139.758 449.35 2344.61
56.8703 -849.33 2872.89
-82.5743 644.677 2029.22
63.915 -92.2514 2646.36
72.0017 -521.026 2683.88
-86.3495 366.426 2583.45
30.703 396.496 2646.06
160.093 340.435 2915.75
148.349 -861.328 3026.98
226.233 178.044 2877.06
218.245 -52.4862 2723.9
260.696 -485.248 2838.81
147.755 426.566 2708.67
85.8915 162.064 2665.6
FRAME: 159
68.5124 656.436 2584.67
-127 417.292 2328.88
41.862 -827.54 2876.52
-23.4277 587.228 2056.32
53.2763 -49.2985 2658.55
56.0253 -461.25 2695.41
-83.6862 409.824 2575.91
47.267 441.691 2611.67
172.495 403.075 2865.33
172.079 -838.321 3019.64
219.641 294.013 2826.08
237.8 -4.31031 2708.3
256.74 -430.982 2832.99
178.22 473.558 2647.43
96.4026 207.443 2647.55
FRAME: 160
53.6587 700.536 2570.02
-124.694 331.117 2337.42
37.7566 -826.297 2872
-10.441 460.112 2060.13
56.2128 -21.2572 2665.37
56.0245 -442.064 2696.73
-83.7499 417.808 2566.28
52.3272 450.627 2596.78
174.312 418.432 2825.92
182.226 -812.558 3019.14
208.1 223.374 2779.82
234.435 21.9834 2705.48
254.606 -396.935 2840.71
188.404 483.447 2627.27
98.8256 225.495 2641.1
FRAME: 161
49.6725 723.427 2544.27
-128.028 315.323 2339.03
43.7669 -822.474 2854.84
54.1053 337.572 2089.58
57.2884 30.5456 2668.41
60.8271 -416.042 2695.72
-75.4123 466.055 2548.75
59.7112 496.616 2571.15
199.632 480.626 2721.68
190.067 -774.436 3007.22
189.261 249.016 2738.23
233.578 70.4184 2696.95
255.684 -346.187 2833.33
194.835 527.176 2593.55
102.572 273.549 2626.92
FRAME: 162
36.0126 727.502 2508.18
-137.864 283.534 2362.17
56.6667 -824.791 2836
12.2567 235.868 2042.18
57.5924 48.4023 2673.19
65.924 -402.036 2695.09
-79.2546 477.188 2540.31
55.0807 507.909 2556.99
218.393 596.563 2528.52
197.685 -747.581 3003.5
175.393 371.428 2675.38
229.326 87.7218 2693.72
255.258 -322.584 2831.79
189.416 538.63 2573.67
99.2699 287.986 2620.22
FRAME: 163
21.5661 722.561 2463.87
-146.897 212.121 2476.13
69.3665 -820.846 2811.6
-56.6526 45.3588 2178.55
52.3102 64.0274 2679.93
69.6658 -388.36 2698.96
-76.9515 479.971 2531.96
59.9668 506.827 2536.99
216.576 616.665 2501.33
221.139 -702.981 3021.75
165.592 576.053 2444.15
229.186 98.6726 2685.42
265.999 -307.418 2831.22
196.885 533.683 2542.02
100.358 294.089 2609.83
FRAME: 164
18.287 720.668 2445.1
-139.58 216.335 2514.55
81.0833 -821.527 2796.56
-96.3171 -43.7506 2304.73
50.2374 70.7818 2677.41
69.914 -381.712 2693.64
-72.238 491.533 2525.25
67.2374 516.804 2526.63
220.41 599.334 2461.85
251.932 -644.59 3082.44
201.154 608.103 2286.64
240.22 105.266 2678.33
283.593 -299.776 2833.35
206.713 542.075 2528
106.233 302.414 2602.25
FRAME: 165
12.9398 702.938 2429.44
-148.421 221.989 2545.19
91.0038 -828.228 2795.58
-143.04 -102.145 2399.87
50.3707 71.0519 2683.23
72.6711 -385.024 2694.63
-79.1586 487.389 2507.34
68.6659 508.454 2492.85
254.569 527.404 2396.07
269.315 -634.52 3094.94
303.302 360.892 2187.81
249.866 100.304 2664.75
303.311 -292.442 2825.43
216.49 529.519 2478.37
109.392 297.066 2583.42
FRAME: 166
1.448 681.619 2413.22
-178.14 192.19 2587.46
110.365 -846.567 2817.82
-200.309 -170.544 2527.23
51.26 66.1671 2699.76
80.392 -394.241 2706.54
-95.6638 460.237 2496.79
38.1709 472.703 2450.06
304.65 364.767 2279.27
286.037 -630.061 3097.79
312.378 283.818 2177.4
250.028 84.7887 2630.27
315.261 -298.884 2803.84
172.006 485.169 2403.34
94.4075 274.09 2557.54
FRAME: 167
-13.4997 633.958 2396.12
-179.171 170.669 2644.1
117.671 -863.518 2822.56
-236.508 -141.781 2668.78
51.3352 34.6025 2698.95
85.6059 -419.133 2705.26
-112.944 421.711 2509.64
30.0062 433.653 2450.57
328.695 287.567 2235.69
315.59 -631.594 3137.64
435.265 12.509 2062.37
246.99 51.0969 2618.19
330.621 -313.856 2816.86
172.956 445.596 2391.49
89.5844 238.252 2554.57
FRAME: 168
-15.8893 571.48 2382.56
-183.096 140.492 2666.72
122.727 -876.493 2826.64
-275.482 -127.458 2868.92
47.4939 -0.676291 2699.23
89.1782 -448.58 2704.5
-112.842 366.168 2521.01
33.862 366.861 2447.02
343.694 177.684 2276.11
349.628 -644.59 3164.26
450.577 -105.82 2144.14
230.948 0.377499 2606.75
356.713 -367.599 2830.42
180.566 367.553 2373.03
86.5415 183.356 2550
FRAME: 169
-26.2128 463.85 2339.95
-169.01 120.066 2693.74
127.184 -913.188 2820.63
-253.025 30.4319 3041.86
59.0141 -71.2313 2696.04
95.0988 -498.9 2681.02
-113.373 265.144 2512.52
25.7608 266.338 2436.44
329.592 37.0614 2352.52
399.539 -619.689 3205.38
450.384 -248.928 2238.98
230.81 -69.7548 2601.95
358.703 -388.957 2824.09
164.895 267.532 2360.37
85.3364 97.9224 2542.72
FRAME: 170
-28.7188 401.943 2316.54
-146.209 102.293 2704.03
130.186 -926.478 2826.03
-189.892 216.325 2967.78
62.5625 -114.46 2698.4
100.688 -521.986 2675.56
-115.926 214.968 2497.52
21.4426 217.323 2424.94
328.318 11.5647 2356.49
433.146 -651.689 3207.09
435.064 -306.722 2275.52
232.718 -111.341 2608.63
351.038 -467.839 2796.81
158.811 219.679 2352.36
84.5414 52.2114 2539.23
FRAME: 171
-26.9075 383.032 2310.1
-133.53 94.6967 2709.31
130.572 -938.708 2825.05
-154.562 181.727 2935.25
64.3203 -135.208 2694.4
102.224 -540.745 2673.24
-111.722 196.23 2492.41
25.1617 196.177 2420
329.318 -15.7966 2355.49
433.878 -676.394 3223.5
426.164 -333.848 2274.02
229.618 -135.133 2607.09
355.47 -496.269 2796.03
162.045 196.124 2347.59
86.0653 30.5031 2535.37
FRAME: 172
-23.7206 374.528 2305.75
-112.334 90.6416 2696.9
129.691 -943.411 2820.79
-114.918 136.572 2893.9
61.2591 -147.648 2687.94
103.707 -552.723 2668.63
-108.558 191.759 2489.6
28.2776 189.621 2417.77
327.628 -27.2778 2355.12
410.412 -673.474 3207.99
414.744 -348.13 2269.82
223.305 -150.114 2602.95
345.053 -500.992 2795.43
165.113 187.483 2345.94
85.2798 20.3696 2531.61
FRAME: 173
-19.778 370.437 2306.07
-110.053 84.9499 2702.45
130.087 -947.735 2818.19
-107.197 135.214 2875
58.1837 -155.242 2684.9
105.098 -556.517 2664.68
-106.728 189.255 2489.89
30.109 186.992 2418.42
326.714 -32.1661 2360.78
375.896 -661.207 3181.54
405.223 -355.742 2274.3
223.502 -157.968 2598.57
340.595 -500.762 2788.45
166.946 184.728 2346.94
85.4759 15.1934 2530.08
FRAME: 174
-15.3137 369.669 2306.66
-108.267 80.7187 2705.29
129.599 -952.901 2814.72
-126.081 145.649 2901.87
55.8815 -157.572 2680.96
105.043 -562.128 2661.21
-104.875 189.758 2491.04
31.8131 187.658 2419.39
324.105 -29.462 2367.2
334.48 -663.05 3157.71
391.159 -352.455 2274.18
224.411 -160.176 2592.5
335.232 -493.856 2791.59
168.501 185.558 2347.74
85.9797 14.392 2528.06
FRAME: 175
-8.03871 378.508 2301.22
-119.122 82.3081 2714.83
127.352 -946.609 2812.37
-188.102 21.846 3014.71
49.6324 -150.883 2683.01
101.193 -560.589 2657.84
-103.657 196.84 2489.79
34.2298 192.227 2418.09
324.05 -27.7077 2371.48
313.771 -704.118 3152.65
377.851 -350.058 2266.87
224.443 -157.037 2591.91
335.473 -492.734 2800.33
172.116 187.614 2346.4
85.6338 19.1334 2527.78
FRAME: 176
0.389712 394.299 2296.91
-133.816 88.9202 2715.01
124.151 -941.315 2813.03
-204.96 -62.2375 2984.53
41.3453 -138.55 2685
95.7658 -558.158 2656.44
-104.066 207.123 2485.99
37.06 201.901 2416.34
321.312 -27.1775 2371.27
302.623 -735.124 3156.99
366.594 -346.736 2275.45
227.851 -146.08 2592.4
330.863 -488.089 2818.22
178.186 196.679 2346.68
85.829 29.7926 2527.52
FRAME: 177
4.97353 415.962 2307.23
-137.321 89.0722 2716.32
122.007 -936.008 2809.25
-208.471 -149.527 2921.4
37.3364 -128.499 2686.97
87.6566 -555.543 2656.73
-102.603 222.083 2492.36
39.4372 217.701 2423.77
318.769 -10.8886 2380.39
286.739 -737.193 3152.21
347.455 -327.763 2282.12
229.277 -134.756 2593.81
320.919 -476.377 2834.07
181.477 213.319 2355.17
86.372 43.0368 2532.08
FRAME: 178
13.4847 444.603 2330.19
-140.746 77.4048 2699.11
125.668 -929.449 2814.01
-195.279 -269.599 2743.19
34.9485 -110.619 2691.6
71.2122 -543.962 2672.03
-100.364 249.107 2494.65
44.7592 249.299 2436.43
318.469 24.8298 2405.4
246.799 -755.134 3133.66
321.901 -300.708 2316.38
228.31 -110.515 2613.64
264.509 -482.493 2808.65
189.883 249.49 2378.21
88.1942 69.366 2544.53
FRAME: 179
22.6959 476.489 2344.68
-141.546 72.6317 2686.92
124.502 -918.838 2819.81
-166.632 -290.698 2632.26
29.099 -106.694 2694.15
60.7205 -540.199 2682.81
-100.703 264.198 2500.16
47.4916 265.946 2447.82
321.696 34.5097 2422.91
223.119 -785.74 3098.72
314.273 -287.325 2325.94
224.91 -104.77 2624.49
242.835 -497.414 2796.19
195.686 267.694 2395.47
87.2481 80.1069 2553.57
FRAME: 180
24.8614 495.643 2355.21
-143.981 56.4274 2659.15
126.027 -915.542 2829.48
-134.661 -302.872 2550.5
25.0169 -98.7507 2699.69
51.7307 -536.517 2697
-99.2939 274.952 2500.35
50.6568 280.052 2458.02
326.92 49.3247 2448.97
192.446 -788.852 3077.25
305.366 -273.073 2353.29
221.97 -92.3948 2643.47
229.751 -500.331 2788.66
200.608 285.151 2415.69
87.0752 92.2395 2564.8
FRAME: 181
28.4352 516.675 2385.37
-143.093 52.5963 2642.26
124.731 -917.22 2826.58
-103.752 -282.477 2468.78
20.0995 -97.9418 2694.03
51.0578 -539.897 2703.96
-95.18 287.269 2511.25
54.7074 292.75 2473.79
327.102 63.4995 2479.02
164.425 -836.065 3021.02
297.025 -249.706 2367.53
214.664 -91.0837 2644.79
222.162 -515.247 2776.74
204.595 298.232 2436.33
86.0447 99.1189 2571.6
FRAME: 182
28.404 532.51 2400.4
-143.521 50.9287 2631.38
123.84 -911.942 2838.18
-95.1072 -242.679 2420.74
14.5445 -93.7923 2689.63
52.6679 -527.187 2713.31
-94.8843 295.131 2517.89
56.8298 302.214 2487.1
330.651 86.6808 2520.23
118.358 -802.058 3011.58
290.116 -226.402 2390.15
209.25 -84.8546 2649.79
215.952 -498.186 2785.83
208.544 309.297 2456.32
84.3634 106.445 2578.41
FRAME: 183
30.5312 544.215 2417.96
-141.136 54.5833 2619.42
119.932 -898.065 2853.75
-58.8302 -262.511 2344.96
10.8545 -90.3966 2682.63
45.4792 -528.463 2715.59
-95.5195 302.858 2526.56
57.2953 312.066 2502.67
330.734 98.7863 2553.32
115.439 -828.511 2955.41
282.525 -202.34 2415.9
203.274 -78.9969 2652.18
181.979 -483.643 2775.33
210.11 321.274 2478.78
82.1797 113.685 2585.04
FRAME: 184
33.1529 557.176 2443.41
-139.751 52.8209 2614.15
110.799 -900.934 2856.62
-42.2488 -205.455 2357.44
10.945 -85.7805 2680.89
42.9894 -521.251 2723.32
-98.7979 309.035 2538.7
55.9764 321.058 2523.77
328.009 113.805 2584.92
98.0824 -831.062 2946.9
282.564 -183.594 2446.84
191.642 -71.9831 2663.04
175.11 -476.831 2788.1
210.751 333.08 2508.83
78.635 121.088 2597.87
FRAME: 185
37.9198 570.758 2486.95
-135.886 53.6298 2607.56
100.858 -904.537 2871.48
8.43893 -172.687 2334.08
-3.88361 -80.0167 2694.45
27.6432 -519.58 2740.74
-99.0253 317.648 2559.05
57.6369 331.132 2561.57
327.714 111.762 2631.55
92.2672 -843.289 2924.76
272.318 -169.951 2497.73
182.298 -63.8542 2697.75
147.824 -465.97 2800.28
214.299 344.617 2564.08
73.4221 129.598 2628.83
FRAME: 186
43.5745 579.453 2519.32
-128.033 57.7183 2608.72
84.1036 -884.23 2884.28
21.2056 -130.059 2324.24
-19.7848 -71.0117 2721.56
25.1591 -507.01 2750.95
-100.328 335.232 2590.35
55.7168 345.418 2597.6
323.065 117.067 2668.82
87.7863 -847.88 2916.9
275.821 -160.134 2521.6
170.245 -58.2899 2730.96
131.026 -466.651 2808.97
211.762 355.604 2604.85
65.4734 140.383 2661.93
FRAME: 187
46.9672 583.904 2540.09
-120.08 60.9684 2600.94
74.4045 -881.907 2928.47
45.1283 -120.063 2320.42
-33.3915 -66.906 2744.82
31.3036 -507.232 2764.01
-100.672 343.274 2607.79
55.138 352.25 2624.33
319.701 116.297 2711.95
92.1077 -875.835 2878.74
280.792 -159.834 2559.5
161.732 -55.2001 2766.51
121.488 -474.516 2812.26
210.948 361.227 2640.88
59.6541 145.599 2690
FRAME: 188
50.3469 592.057 2573.65
-113.163 64.9197 2602.67
61.1855 -876.938 2977.24
54.8562 -100.669 2317.28
-37.1503 -60.5698 2761.05
30.4433 -502.702 2779.9
-98.3286 347.281 2626.61
54.3409 355.826 2647.25
316.195 129.487 2753.72
99.9653 -906.87 2863.39
294.261 -152.961 2595.16
155.632 -49.278 2787.96
106.923 -480.634 2825.51
207.01 364.371 2667.9
56.7908 150.451 2710.88
FRAME: 189
54.1079 596.437 2595.02
-111.237 71.6383 2621.2
61.5991 -878.027 2984.93
66.5731 -64.6282 2385.46
-39.1412 -56.6604 2781.62
18.0214 -495.36 2813.28
-94.5249 352.745 2647.53
53.9687 359.716 2669.79
305.481 146.123 2785.03
104.439 -919.339 2868.09
299.099 -147.96 2628.75
148.48 -47.6423 2810.44
95.0311 -497.165 2835.77
202.462 366.687 2692.04
54.319 153.783 2732.91
FRAME: 190
58.2151 596.947 2621.8
-108.665 72.2846 2642.73
57.6615 -874.549 3007.21
73.4621 -70.3768 2408.49
-38.7603 -55.4733 2804.65
12.6326 -496.895 2828.42
-95.7309 353.659 2679.12
52.1098 358.845 2701.41
299.431 144.724 2813.85
102.046 -926.345 2868.26
310.819 -141.433 2661.24
138.12 -49.1484 2831.71
94.9553 -502.616 2845.98
199.951 364.032 2723.71
50.8948 153.267 2759.8
FRAME: 191
67.5978 605.052 2664.76
-104.078 84.5405 2665.21
58.9381 -865.637 3010.27
104.254 -24.1992 2435.47
-39.4927 -49.779 2829.88
16.8425 -497.379 2845.02
-86.3034 366.676 2718.75
56.3087 370.054 2761.31
283.426 149.448 2885.54
100.477 -934.612 2881.11
328.078 -123.204 2723.37
120.658 -45.8773 2877.72
82.7138 -505.153 2876.12
198.921 373.431 2803.87
48.4457 161.113 2807.56
FRAME: 192
74.5304 608.236 2700.96
-92.0714 95.0487 2693.36
52.8318 -866.353 3031.12
99.5143 -2.13518 2524.87
-45.4467 -44.5991 2881.33
20.7986 -494.9 2868.8
-84.5383 376.394 2749.24
49.1452 382.342 2800.18
280.453 153.7 2920.73
92.8284 -926.169 2924.04
333.139 -112.885 2771.97
99.0582 -37.6794 2936.7
69.9009 -496.466 2908.24
182.829 388.289 2851.12
37.9755 170.601 2854.6
FRAME: 193
79.0262 609.98 2733.84
-79.9581 100.93 2716.08
48.4191 -868.514 3027.71
132.4 -0.411512 2554.39
-48.8809 -43.4673 2919.64
18.4647 -489.643 2892.72
-80.4659 378.685 2770.55
48.2314 387.049 2835.23
271.571 162.143 2963.53
84.5725 -926.292 2943.96
336.05 -93.0464 2808.57
82.5679 -34.4838 2986.69
57.0811 -496.566 2925.79
176.929 395.412 2899.91
32.5374 174.037 2894.2
FRAME: 194
79.4464 609.667 2756.35
-71.7126 102.627 2735.86
54.4153 -884.481 3001.93
144.137 5.44812 2579.18
-49.8581 -39.6916 2938.69
28.6786 -484.422 2913.68
-81.7342 381.315 2788.38
45.5945 391.059 2854.48
262.579 170.951 2997.15
69.9007 -923.918 2980.13
326.247 -89.3869 2842.15
82.8028 -29.3758 3008.15
57.692 -494.13 2967.69
172.923 400.802 2920.57
31.0334 178.263 2913.95
FRAME: 195
80.8567 609.471 2770.72
-66.5933 111.832 2752.02
45.6156 -878.966 3019.55
152.452 8.47303 2614.96
-51.5026 -34.6855 2956.32
31.7738 -476.365 2931.83
-79.076 383.956 2802.05
44.5973 396.152 2872.26
256.147 178.266 3023.44
64.8634 -912.294 3003.31
326.404 -75.8693 2886.43
85.2308 -21.0246 3034.64
53.5239 -478.391 2998.61
168.271 408.347 2942.47
30.7307 184.148 2933.87
FRAME: 196
83.9886 616.285 2786.17
-67.3514 115.129 2766.72
26.9327 -873.971 3046.44
162.017 4.21119 2646.71
-53.2105 -23.4867 2966.26
23.4326 -468.747 2944.42
-72.8899 391.807 2810.22
47.9465 404.065 2884
248.016 178.224 3040.8
54.8022 -895.81 3026.17
326.924 -80.2689 2913.36
83.54 -9.65391 3049.99
55.4023 -461.994 3026.79
168.783 416.324 2957.79
31.5556 193.748 2946.06
FRAME: 197
86.7361 617.512 2798.47
-59.6628 117.223 2781.53
16.4834 -872.49 3064.45
175.009 -0.794102 2664.9
-55.1128 -17.6346 2972.55
22.808 -465.788 2951.28
-65.9382 393.924 2816.12
50.1228 406.801 2896.08
248.208 175.425 3058.05
47.0504 -885.646 3040.05
343.095 -56.157 2957.11
79.2864 -2.74504 3065.43
48.1245 -452.567 3034.59
166.184 419.679 2976.05
31.1048 198.306 2957.54
FRAME: 198
88.6714 624.508 2804.79
-57.1702 123.691 2792.5
10.8796 -873.354 3080.62
184.366 0.724532 2681.69
-59.7218 -13.1373 2983.53
23.8057 -461.213 2964.56
-63.5187 397.48 2821.77
51.2367 410.087 2903.51
246.364 190.199 3081.99
37.7325 -881.583 3055.82
337.018 -33.876 3003.19
73.2105 1.60908 3078.64
47.8011 -447.842 3048.75
165.992 422.695 2985.25
28.9905 202.162 2967.29
FRAME: 199
91.2954 624.678 2816.6
-48.8377 121.286 2800.09
4.16026 -872.503 3086.61
195.098 -10.2131 2680.39
-65.6393 -9.72391 2990.5
17.3812 -460.485 2969.96
-57.185 399.91 2823.83
54.851 412.556 2909.02
240.958 192.606 3088.07
31.078 -872.642 3062.56
302.643 -4.34664 2936.12
68.6165 5.41208 3092.74
38.042 -439.892 3056.86
166.887 425.203 2994.2
28.1698 205.2 2975.32
FRAME: 200
92.6766 629.461 2832.92
-29.6844 122.388 2794.36
-3.19248 -869.116 3096.63
275.886 9.10247 2715.47
-64.4588 -6.67286 2993.01
15.7548 -457.318 2983.5
-38.6881 404.787 2825.47
63.3993 418.002 2918.83
238.578 198.002 3097.29
17.1224 -866.972 3082.55
301.975 -6.68029 2928.68
59.1785 9.44669 3106.51
25.8118 -431.801 3053.06
165.487 431.216 3012.19
30.3795 209.694 2984.29
FRAME: 201
92.7258 634.347 2845.27
-7.17092 118.486 2786.48
-13.6506 -873.057 3102.56
308.674 20.9768 2717.6
-60.891 -7.06046 2994
14.2783 -459.319 2995.15
-29.0392 405.128 2827.82
65.5266 420.033 2927.17
237.354 201.053 3106.17
8.79525 -861.565 3093.37
312.522 -2.83976 2928.74
54.6849 11.358 3115.88
19.6415 -421.687 3045.8
160.092 434.938 3026.53
31.2118 211.091 2991.06
FRAME: 202
91.5977 637.325 2853.79
-2.02767 121.034 2784.74
-17.1543 -871.905 3115.09
330.097 50.202 2706.24
-56.2872 -4.86131 3002.37
18.1091 -460.03 3007.78
-22.8696 407.819 2834.69
64.7625 424.052 2933.31
236.407 211.533 3115.52
0.25224 -860.497 3103.54
322.091 7.57207 2905.76
49.8242 15.0502 3122.48
12.8997 -423.23 3051.75
152.395 440.285 3031.92
30.7655 214.573 2997.87
FRAME: 203
92.9089 639.825 2860.66
21.7843 131.534 2755.96
-20.1245 -873.207 3109.71
341.55 72.598 2656.16
-54.0343 -3.63196 2994.65
14.8476 -457.802 3004.86
-21.6366 407.262 2830.6
63.7617 425.012 2934.44
230.66 215.294 3131.09
3.91525 -857.083 3111.94
339.614 15.7918 2911.17
51.7685 18.4201 3123.66
16.2995 -418.446 3064.68
149.16 442.763 3038.29
31.3144 216.203 2996.8
FRAME: 204
88.872 644.316 2866.33
51.8556 145.051 2721.47
-22.3479 -875.296 3114.37
368.562 115.874 2592.06
-49.1319 -10.4572 2995.56
22.394 -459.663 3002.96
-20.0597 404.265 2828.95
60.7956 425.231 2936.96
235.47 225.791 3138.73
8.14098 -854.624 3115.28
338.925 87.5889 2934.6
51.8095 16.152 3131.27
20.3043 -423.733 3069.86
141.651 446.198 3044.98
31.0672 214.039 3000.19
FRAME: 205
83.4272 647.619 2869.67
63.8168 175.297 2694.98
-22.7041 -879.663 3112.4
371.739 166.962 2532.02
-47.269 -9.28175 2995.93
26.6773 -464.835 3000.99
-20.192 399.685 2829.52
59.7605 421.055 2938.56
248.722 230.277 3098.14
7.17504 -847.404 3133.09
343.028 146.525 2835.24
50.8744 17.2659 3130.36
39.2134 -423.628 3086.55
139.713 442.426 3047.61
30.7816 212.524 3000.86
FRAME: 206
74.2049 654.647 2872.99
73.1298 208.427 2653.17
-22.4498 -881.125 3113.09
351.197 238.713 2453.32
-47.0513 -6.34556 2992.3
27.6225 -466.9 2998.52
-23.512 403.29 2821.84
55.7273 426.046 2933.8
266.148 243.47 3072.31
7.9028 -841.005 3136.9
373.421 173.917 2892.03
46.9246 21.03 3125.97
44.3043 -410.518 3067.95
134.967 448.802 3045.76
27.832 216.694 2996.47
FRAME: 207
68.8889 658.458 2875.65
82.1734 252.582 2608.35
-21.4368 -881.469 3108.04
341.291 336.2 2385.65
-40.3783 -3.03136 2983.77
30.6098 -462.088 2988.73
-22.8911 410.718 2817.66
52.9772 433.335 2931.72
226.519 279.002 3120.93
6.38989 -838.12 3128.63
390.566 232.822 3065.52
47.3814 23.3713 3116.48
47.0285 -406.657 3053.09
128.846 455.953 3045.79
28.2394 221.753 2990.92
FRAME: 208
64.2571 659.585 2877.74
80.7358 290.285 2585.73
-18.6342 -885.482 3099.37
316.851 420.428 2337.3
-33.8077 1.24634 2973.79
28.1721 -458.097 2988.03
-22.5039 413.759 2805.79
50.6208 437.954 2919.68
191.216 352.924 3212.13
9.53675 -831.556 3126.43
503.989 295.924 3240.6
50.4609 29.3772 3105.54
42.2273 -400.711 3019.97
123.746 462.149 3033.57
29.4737 226.633 2979.67
FRAME: 209
60.6878 664.552 2879.03
63.798 397.46 2519.77
-12.1205 -886.076 3092.64
298.544 485.679 2325.32
-24.3621 6.70806 2957.34
39.4949 -453.657 2973.2
-22.7951 430.334 2786.68
45.6683 457.119 2906.03
200.702 371.045 3251.62
15.098 -828.312 3132.07
494.774 332.975 3270.83
53.7186 37.4646 3094.04
43.3016 -398.673 3016.75
114.132 483.904 3025.38
30.1733 239.603 2965.86
FRAME: 210
57.1658 670.196 2875.32
46.5713 457.935 2502.01
-5.49297 -887.967 3091.15
247.526 595.65 2286.99
-25.1696 10.2566 2952.29
31.5591 -447.873 2979.96
-26.2939 440.783 2781.86
38.0558 468.883 2905.12
191.122 386.561 3252.31
10.8324 -824.921 3135.2
494.698 405.002 3318.11
47.3226 42.4658 3093.11
52.4843 -399.882 3037.5
102.405 496.983 3028.38
24.5661 247.622 2963.91
FRAME: 211
50.2891 692.594 2862.06
15.8625 518.451 2501.94
-1.59641 -876.858 3080.33
146.85 725.684 2275.14
-18.3592 14.4314 2937.15
29.4869 -447.828 2969.11
-25.6366 451.809 2775.86
38.6544 478.734 2901.31
171.528 410.935 3268.63
19.3342 -823.495 3108.92
444.661 503.995 3365.36
54.683 45.6943 3082.01
62.2028 -401.88 3029.46
102.945 505.659 3026.77
28.4081 254.398 2955.45
FRAME: 212
43.1187 709.77 2849.86
2.12285 546.332 2515
-3.76944 -880.497 3070.2
123.723 732.249 2322.34
-10.1867 21.5117 2920.67
30.3988 -449.485 2958.51
-22.4445 465.633 2768.32
37.5767 491.942 2896.25
164.223 413.115 3275.82
21.6594 -822.463 3104.66
399.759 530.586 3382.18
59.0591 52.8452 3070.93
68.18 -395.667 3020.73
97.598 518.251 3024.19
31.0065 264.56 2946.03
FRAME: 213
38.2149 714.711 2843.72
-16.1137 560.856 2532.47
1.933 -878.896 3059.54
54.2396 788.128 2335.56
-3.10833 30.7214 2908.49
34.8629 -444.969 2946.73
-24.8788 476.702 2767.14
36.2759 499.696 2893.39
153.119 411.202 3272.86
22.1392 -822.047 3096.38
353.586 525.567 3381.44
63.4473 56.643 3046.57
74.2372 -395.877 3007.72
97.4306 522.689 3019.63
33.2227 271.689 2935.46
FRAME: 214
33.2595 707.344 2835.78
-30.6701 577.805 2536.29
6.29922 -877.571 3059.97
4.18997 838.029 2333.15
3.5273 32.9721 2901.32
36.3305 -440.555 2944.32
-20.9832 477.243 2762.84
36.945 499.688 2889.2
163.124 396.544 3232.46
22.9738 -820.981 3112.18
311.461 423.216 3289.41
65.4525 58.1923 3036.54
81.5065 -395.615 3004.06
94.8733 522.133 3015.56
35.7175 272.635 2929.07
FRAME: 215
27.2408 700.698 2822.21
-48.4055 594.213 2536.64
9.79768 -870.033 3049.03
-13.9463 851.447 2370.15
7.35742 39.5499 2894.96
40.8574 -435.403 2931.72
-22.6872 480.787 2757.86
36.2065 500.867 2884.86
159.786 381.802 3214.72
20.2875 -825.76 3091.37
259.2 250.228 3258.86
62.6276 60.5615 3015.11
78.453 -400.854 2964.96
95.1002 520.946 3011.85
35.5995 275.461 2919.95
FRAME: 216
21.4953 698.519 2818.51
-59.3002 605.072 2539.85
10.9519 -872.315 3058.85
-33.0358 855.227 2385.36
11.3758 39.5903 2887.75
49.0503 -434.955 2930.73
-25.4824 478.344 2751.55
30.7675 498.808 2882.99
147.745 363.401 3202.09
27.2817 -822.064 3087.77
159.724 11.0539 3175.41
62.9447 60.4715 3009.87
80.3327 -400.426 2957.1
87.0174 519.272 3014.42
33.9639 274.419 2915.9
FRAME: 217
15.5377 691.396 2810.7
-75.0218 618.681 2538.96
13.6643 -873.812 3038.65
-51.2854 863.53 2395.4
15.6024 41.5605 2873.7
51.7623 -437.078 2916.24
-34.2845 478.857 2740.26
27.0493 498.969 2872.44
141.686 345.398 3173.28
22.125 -823.686 3097.11
172.045 14.8175 3159.66
69.5958 61.063 2988.03
85.3591 -398.708 2948.35
88.3832 519.082 3004.63
34.8242 275.141 2901.65
FRAME: 218
9.93336 681.067 2801.49
-93.4154 630.952 2543.22
13.5378 -881.271 3026.69
-77.493 870.451 2414.42
17.5506 39.7238 2859.17
50.2793 -443.64 2897.85
-42.3898 472.55 2725.44
21.6574 493.251 2860.42
130.915 324.631 3148.76
23.2914 -826.562 3097.55
177.389 -2.51882 3137.88
72.1031 58.5525 2970.74
90.1344 -413.534 2936.83
85.7046 513.953 2995.41
33.2421 271.195 2887.69
FRAME: 219
1.19987 672.54 2791.35
-102.796 637.666 2545.2
12.3672 -888.669 3021.96
-94.2648 872.562 2420.3
22.6838 34.9923 2843.26
54.0004 -452.618 2877.8
-48.3325 467.234 2712.38
16.9542 488.276 2849.28
117.329 306.834 3128.4
28.8129 -823.843 3098.55
179.52 -16.8669 3121.86
77.9954 53.6751 2954.64
103.06 -418.782 2924.59
82.2409 509.318 2986.18
33.6469 266.305 2874.11
FRAME: 220
-8.13711 663.445 2783.75
-112.811 640.295 2545.62
17.0746 -892.438 3017.3
-105.402 871.592 2425.41
26.3723 35.6772 2831.83
47.0611 -458.81 2870.67
-56.1017 466.449 2705.4
10.586 486.228 2842.36
106.724 301.828 3113.5
32.5866 -826.225 3088.09
172.253 -10.662 3106.85
79.7107 52.0704 2933.18
104.209 -425.172 2897.89
77.2738 506.006 2979.32
31.8138 265.051 2862.43
FRAME: 221
-14.8612 660.815 2776.83
-121.514 639.648 2536.34
20.655 -892.499 3014.23
-114.057 868.194 2425.73
31.9104 31.5999 2819.05
47.0884 -476.553 2864.41
-63.0907 467.305 2693.26
5.90996 488.172 2831.09
97.2429 300.145 3096.64
20.8225 -818.347 3111.88
170.536 -10.4615 3095.99
85.8294 48.9281 2921.19
108.024 -433.132 2906.42
74.9106 509.038 2968.91
32.3899 264.218 2850.6
FRAME: 222
-23.3244 656.664 2766.66
-127.706 639.953 2534.47
20.6786 -882.605 3018.56
-120.386 870.493 2427.31
34.5478 29.8137 2803.03
43.5574 -489.848 2860.89
-66.1392 471.345 2687.75
1.70081 489.183 2825.52
83.1964 293.765 3088.02
16.2351 -811.463 3136.55
160.412 -8.52433 3085.22
86.0668 44.5295 2902
111.702 -445.249 2909.51
69.5408 507.021 2963.3
31.0041 263.177 2839.02
FRAME: 223
-29.5234 634.548 2754.79
-127.859 639.943 2530.05
15.8786 -873.458 3029.08
-123.485 873.374 2422.36
39.5833 18.2317 2792.19
35.7686 -509.34 2858.7
-65.2861 465.745 2682.14
-1.2304 481.749 2819.95
74.4689 279.072 3078.12
10.9557 -820.749 3127.49
154.427 -22.582 3080.26
86.8073 31.9755 2886.58
88.3364 -462.83 2904.92
62.8253 497.753 2957.76
30.9825 253.426 2829.67
FRAME: 224
-39.0765 618.167 2738.69
-132.104 630.536 2533.8
18.296 -866.554 3033.52
-133.955 871.36 2415.99
44.3765 11.4849 2784.43
37.9312 -521.171 2854.1
-67.363 459.114 2676.75
-3.78508 475.642 2813.52
68.557 281.803 3070.15
6.52057 -805.335 3149.03
152.197 -16.6466 3072.99
91.8537 25.5306 2878.73
102.377 -482.7 2906.15
59.7929 492.17 2950.29
32.165 247.075 2822.55
FRAME: 225
-46.2859 603.961 2719.58
-142.081 612.816 2530.82
26.779 -843.437 2999.2
-145.384 861.056 2402.48
48.7558 6.11621 2772.9
40.6228 -496.889 2831.64
-71.7984 449.652 2671.61
-4.3761 468.06 2805.02
70.163 277.28 3054.68
17.6223 -850.449 3105.02
151.781 -6.23144 3055.32
103.405 22.489 2874.09
171.194 -477.014 2922.37
63.0462 486.469 2938.44
35.852 241.181 2814.26
FRAME: 226
-51.753 584.07 2699.34
-150.347 602.059 2514.25
33.2547 -844.662 2988.76
-160.068 865.358 2368.62
51.3418 -2.11774 2762.52
38.1182 -499.348 2817
-77.3919 438.206 2670.84
-5.50326 457.802 2798.22
73.9219 257.3 3035.65
20.4759 -868.425 3082.96
157.907 -18.6832 3034.83
113.226 16.7371 2865.67
205.684 -487.801 2930.47
66.3853 477.398 2925.59
38.3903 232.556 2806.16
FRAME: 227
-52.1608 578.211 2692.96
-149.601 590.757 2491.5
38.7286 -847.815 2974.8
-161.818 860.04 2332.02
51.4154 -9.70386 2755.77
38.5751 -500.687 2802.16
-79.855 426.964 2661.71
-6.00391 448.43 2788.61
73.2895 245.141 3025.1
33.6799 -875.599 3075.99
161.973 -25.3064 3025.95
116.019 11.1227 2860.71
217.296 -499.392 2924.03
67.8472 469.896 2915.52
38.8567 224.57 2798.43
FRAME: 228
-42.8873 578.015 2689.86
-143.022 549.736 2459.71
44.4277 -858.257 2962.11
-139.116 812.723 2262.6
52.4057 -23.3171 2750.69
52.2973 -515.512 2781.74
-82.886 409.796 2663.68
-0.983787 433.614 2775.94
84.6775 235.537 2990.56
24.4341 -855.999 3072.84
175.43 -38.682 2994.87
131.118 0.903997 2849.22
225.237 -488.667 2920.16
80.9184 457.432 2888.2
45.3891 211.204 2787.95
FRAME: 229
-34.8147 577.501 2693.6
-138.944 512.678 2429.25
51.3334 -870.624 2974.27
-128.215 776.286 2186.46
55.1831 -45.7083 2741.42
73.6828 -551.125 2781.53
-90.7702 380.667 2646.6
-3.58385 409.521 2753.99
81.0045 241.645 2982.46
30.4551 -866.454 3075.16
173.964 -26.235 2985.85
143.065 -15.714 2843.96
225.014 -497.179 2933.49
83.6025 438.375 2861.37
47.7701 189.405 2773.34
FRAME: 230
-31.8526 575.956 2677.53
-132.528 486.109 2399.61
49.7543 -876.612 2965.51
-95.217 726.115 2164.34
59.4291 -50.405 2733.83
81.9189 -538.967 2764.69
-91.6676 368.974 2632.1
-4.03373 401.578 2739.11
77.8972 237.606 2963.49
38.1206 -832.787 3080.1
172.24 -8.9209 2958.74
148.943 -16.5007 2839.8
229.226 -486.548 2927.46
83.6001 434.183 2846.13
50.0762 184.063 2762.96
FRAME: 231
-25.0714 585.939 2657.17
-125.579 461.469 2368.47
43.7696 -876.887 2964.86
-63.8172 650.72 2089.65
58.5463 -52.5658 2727.22
81.675 -520.74 2759.56
-95.9688 364.259 2612.32
-5.90028 400.848 2720.16
79.0195 245.67 2981.39
52.6942 -846.63 3085.87
182.034 0.414861 2979.69
149.172 -15.5159 2832.32
222.239 -477.106 2941.87
84.1683 437.436 2827.99
48.9795 183.403 2749.96
FRAME: 232
-36.0913 659.378 2626.44
-107.724 337.76 2383.17
22.5082 -866.443 2968.21
-1.2315 461.194 2079.44
44.1639 -29.1583 2743.95
57.1282 -462.547 2794.91
-106.382 392.25 2602.07
3.70798 431.733 2675.92
81.0993 269.591 2903.25
88.0028 -817.986 3101.93
176.05 32.8159 2873.65
161.036 12.9762 2820.34
192.961 -413.184 2968.71
113.798 471.216 2749.77
53.1539 211.821 2729.03
FRAME: 233
-32.1512 682.859 2611.74
-112.629 317.184 2399.22
6.56415 -839.629 2959.54
67.4677 394.385 2161.77
27.7169 19.2543 2751.54
36.8699 -419.282 2807.24
-112.751 412.145 2589.14
10.863 454.997 2635.88
97.7893 286.102 2784.73
125.779 -777.578 3121.17
155.528 91.7085 2781.27
179.201 72.5773 2808.28
187.922 -379.579 2969.35
134.477 497.848 2682.63
57.161 250.456 2707.9
FRAME: 234
-28.2201 706.182 2572.38
-117.737 264.807 2419.36
17.7095 -832.296 2947.46
89.4608 248.357 2132.62
38.1443 63.2107 2755.89
42.0739 -403.447 2814.77
-115.831 437.781 2579.02
16.9099 478.915 2604.07
108.451 290.325 2736.43
141.136 -734.709 3130.16
134.292 113.025 2699.22
180.534 108.925 2784.42
177.887 -315.92 2979.8
149.651 520.049 2629.13
63.1245 282.491 2687.11
FRAME: 235
-34.5824 715.525 2527.97
-136.075 213.112 2456.38
12.2214 -810.863 2931.25
39.7965 129.419 2201.86
23.8343 93.4154 2758.43
23.6725 -363.048 2812.89
-118.521 451.525 2582.68
18.0929 492.573 2600.76
117.91 337.326 2696.49
157.9 -676.955 3149.25
137.795 106.185 2666.46
191.443 144.552 2781.53
186.798 -303.697 2974.68
154.707 533.622 2618.84
62.8658 305.779 2685.37
FRAME: 236
-42.7136 714.618 2501.58
-144.964 207.266 2519.31
7.61165 -797.931 2920.78
-14.0607 8.13149 2276.12
10.4743 109.045 2759.87
14.1508 -345.642 2810.98
-116.19 467.7 2582.14
17.7241 505.533 2596.13
120.089 360.733 2694.29
172.509 -615.833 3173.7
115.884 175.782 2651.48
195.571 162.059 2780.92
199.998 -273.883 2969.99
151.639 543.365 2610.11
60.3734 320.542 2683.26
FRAME: 237
-52.5986 708.761 2477.28
-155.93 210.158 2576.23
7.45131 -804.992 2911.8
-76.5616 -75.1166 2395.46
8.77814 113.67 2762.54
5.49905 -340.732 2807.88
-119.386 473.954 2582.49
14.9606 508.06 2584.91
126.955 416.626 2617.8
195.554 -561.395 3222.47
139.166 256.289 2607.78
199.564 162.147 2767.46
207.132 -254.565 2987.61
149.308 542.167 2587.33
59.5659 322.985 2674.96
FRAME: 238
-68.4342 681.495 2453.25
-194.705 198.861 2644.54
7.11065 -819.133 2897.4
-201.26 -141.777 2658.31
3.6982 115.013 2770.48
-2.4395 -353.431 2806.61
-140.254 474.22 2574.5
-2.25101 499.757 2550.34
175.692 367.095 2510.54
214.901 -523.526 3244.61
159.31 229.131 2541.21
198.484 151.059 2738.28
224.443 -235.955 2999.71
135.752 525.293 2526.19
49.42 316.396 2652.36
FRAME: 239
-89.3727 656.023 2431.14
-233.523 198.99 2712.48
8.56575 -825.239 2892.16
-269.047 -129.248 2814.72
-2.52751 111.856 2776.36
-6.54092 -359.169 2799.11
-163.897 448.919 2576.8
-19.7927 465.684 2528.47
227.35 331.837 2418.68
233.301 -499.552 3270.54
324.117 140.489 2127.15
189.414 134.356 2713.05
244.145 -228.719 3008.99
124.312 482.448 2480.14
36.8252 294.395 2636.59
FRAME: 240
-108.131 604.305 2418.74
-241.636 204.365 2763.75
13.3312 -847.385 2898.23
-320.09 -64.5907 2971.95
-5.95569 76.3715 2770.86
-9.35644 -380.921 2790.95
-179.448 415.357 2588.9
-34.6104 420.094 2516.7
261.053 230.013 2317.8
235.546 -498.191 3264.23
362.535 -8.98508 2170.59
175.14 82.7015 2681.04
228.471 -252.493 2997.32
110.227 424.83 2444.49
24.9908 249.815 2621.33
FRAME: 241
-112.223 535.832 2410.09
-253.999 197.121 2789.15
19.0953 -863.743 2916.35
-359.417 33.6087 3098.87
-11.5016 33.0878 2777.87
-8.17971 -402.757 2795.08
-192.289 357.393 2585.02
-51.6072 355.039 2501.03
268.883 168.826 2349.86
297.903 -482.702 3231.27
367.489 -103.985 2243.06
165.25 30.8563 2673.19
248.529 -340.93 2904.49
89.0751 352.686 2417.04
12.6335 193.506 2613.28
FRAME: 242
-115.366 461.222 2395.28
-214.802 169.973 2785.71
19.7536 -884.875 2903.7
-183.968 128.406 2663.03
-13.2601 -32.0145 2763.79
-21.5662 -461.494 2776.13
-188.662 283.029 2580.45
-54.9364 275.5 2495.62
268.13 80.2863 2361.07
193.025 -659.51 3200.68
359.707 -208.892 2276.94
142.541 -40.3963 2663.89
180.436 -412.732 2920.93
78.7895 267.972 2410.78
4.85214 119.648 2604.73
FRAME: 243
-116.549 409.832 2390.59
-183.153 117.17 2760.98
25.058 -897.445 2901.27
-134.701 78.0068 2651.47
-14.7442 -83.772 2758.82
-18.307 -500.296 2757.5
-184.929 240.61 2580.2
-51.9395 230.971 2494.3
259.908 22.8275 2378.61
158.854 -738.222 3131.72
357.127 -281.092 2320.23
138.205 -94.6742 2659.43
83.0649 -479.455 2835.9
81.0498 221.332 2408.4
4.89539 70.8741 2601.71
FRAME: 244
-119.89 367.362 2376.79
-177.995 99.8298 2763.91
31.3446 -922.164 2904.86
-114.114 34.0181 2636.32
-8.93658 -138.14 2748.48
-9.0748 -534.117 2755.93
-177.982 203.448 2578.5
-57.6241 189.533 2483.17
252.636 -10.7581 2376.48
88.1038 -757.326 2977.6
342.892 -322.32 2313.89
140.747 -155.143 2629.43
55.6324 -497.095 2774.77
62.7343 175.618 2387.84
4.1405 21.4457 2586.07
FRAME: 245
-110.891 324.001 2357.41
-164.069 73.7357 2731.42
30.7184 -927.765 2905.05
-94.8282 3.25097 2561.63
-12.4473 -155.112 2743.71
-4.85837 -548.453 2755.38
-173.842 175.557 2556.48
-54.1419 156.026 2465.98
245.585 -76.0435 2386.23
134.433 -715.698 3005.51
321.943 -396.731 2342.76
133.546 -178.981 2633.3
153.685 -557.212 2791.77
65.5582 136.494 2375.49
3.20376 -5.51046 2577.24
FRAME: 246
-96.7032 303.958 2333.57
-158.179 63.9729 2720.52
26.699 -926.479 2899.38
-40.8336 -55.3041 2521.53
-16.4379 -163.957 2739.73
-4.49996 -553.978 2750.86
-167.842 154.792 2534.28
-47.1658 132.511 2450.94
245.986 -109.752 2391
151.334 -735.176 2979.95
315.643 -434.93 2365.89
132.849 -191.732 2635.68
179.453 -573.405 2798.23
73.5105 110.231 2367.6
5.51993 -22.6666 2569.32
FRAME: 247
-82.6494 297.737 2307.87
-150.234 65.8989 2705.25
29.0141 -932.296 2906.38
-29.5487 -79.833 2535.01
-22.737 -170.634 2736.74
-0.180923 -564.803 2757.22
-159.042 144.799 2511.28
-38.8765 121.484 2434.7
245.799 -125.213 2390.29
152.392 -706.403 3014.57
303.488 -452.968 2362.39
142.412 -202.807 2629.9
189.979 -569.459 2792.69
81.2893 98.1698 2358.12
10.4804 -32.6178 2559.01
FRAME: 248
-68.9821 306.948 2290
-142.763 69.6559 2703.09
26.9634 -932.84 2899.64
-42.538 -41.8495 2535.05
-29.1073 -169.171 2730.89
0.317462 -561.161 2752.53
-152.898 152.361 2495.67
-27.9972 127.778 2421.37
248.13 -129.193 2385.66
192.743 -682.306 3040.69
297.493 -455.174 2358.26
152.472 -205.036 2621.49
208.815 -572.056 2765.91
96.904 103.196 2347.06
16.8427 -29.6627 2548.78
FRAME: 249
-57.9942 321.429 2266.75
-143.209 69.3291 2697.08
26.5981 -936.922 2901.83
-75.5888 -34.4945 2573.3
-32.0264 -151.498 2721.48
-2.27751 -564.395 2755.1
-145.904 171.134 2476.5
-18.4568 143.011 2403.75
250.509 -123.772 2374.62
170.055 -704.032 3037.47
291.379 -445.12 2343.87
156.501 -193.397 2612.42
205.149 -570.777 2743.31
108.99 114.888 2331
21.8903 -14.7183 2535.35
FRAME: 250
-42.5363 343.06 2252.38
-157.369 88.3613 2711.19
24.4013 -941.13 2897.67
-221.406 -53.7996 2843.31
-36.1053 -130.236 2712.8
-5.42502 -556.27 2750.28
-138.953 195.653 2462.03
-8.74971 165.412 2390.13
257.693 -107.173 2370.26
120.668 -727.311 2928.22
289.048 -429.379 2330.72
164.678 -177.01 2600.64
193.262 -550.783 2716.08
121.453 135.17 2318.23
27.7684 5.89427 2523.42
FRAME: 251
-26.5407 370.466 2237.23
-176.598 106.655 2698.66
25.758 -943.014 2902.95
-254.672 -150.198 2838.08
-39.0405 -118.495 2695.15
-6.93693 -554.528 2750.35
-139.822 219.068 2449.99
-3.23574 190.586 2378.06
265.501 -87.0331 2357.21
130.035 -725.674 2872.74
292.234 -404.236 2314.81
169.288 -162.062 2583.8
204.583 -556.596 2673.75
133.35 162.105 2306.13
30.9439 25.154 2508.77
FRAME: 252
5.5514 428.848 2205.81
-191.362 92.4785 2639.26
26.4485 -920.277 2911.66
-231.671 -196.754 2601
-38.1491 -93.2791 2668.99
-3.75637 -532.913 2736.43
-140.133 253.101 2429.07
6.09079 229.453 2363.2
280.65 -46.7854 2351.16
152.861 -769.545 2798.31
305.026 -364.668 2298.53
171.396 -127.194 2573.17
185.853 -543.685 2639.42
152.315 205.805 2297.33
36.3572 59.6082 2492.14
FRAME: 253
18.1143 455.253 2219.9
-189.364 79.489 2607.52
30.8824 -908.244 2899.19
-218.499 -200.238 2505.59
-38.7774 -83.9738 2641.07
6.09987 -541.921 2704.88
-135.7 273.516 2418.78
12.8773 254.564 2357.99
294.177 -18.1083 2349.07
174.401 -909.096 2699.52
309.059 -341.815 2287.43
170.853 -110.384 2554.66
184.116 -537.462 2607.34
161.455 235.612 2297.2
39.4575 78.6926 2477.93
FRAME: 254
30.4747 479.774 2223.06
-183.014 73.8834 2557.14
38.2566 -892.686 2885.2
-195.088 -191.872 2428.1
-32.4354 -79.064 2610.6
16.523 -560.799 2680.06
-125.045 291.66 2402.73
22.2622 277.54 2348.11
302.143 23.8292 2348.68
173.813 -916.315 2665.4
310.242 -310.503 2270.88
173.523 -98.6743 2533.99
181.391 -533.574 2574.42
169.569 263.42 2293.49
46.4031 94.3355 2460.2
FRAME: 255
43.845 498.536 2229.51
-180.073 70.8088 2527.23
46.3286 -883.253 2862.57
-160.996 -173.669 2345.7
-30.3967 -80.3966 2576.12
13.6412 -545.844 2657.18
-120.065 298.818 2386.02
31.6208 289.949 2341.14
307.402 44.7688 2349.38
170.133 -919.572 2627.12
315.254 -283.913 2258.49
171.357 -92.0547 2516.32
178.649 -528.799 2546.34
183.307 281.081 2296.26
51.0504 101.862 2443.68
FRAME: 256
53.6078 512.008 2225.62
-172.66 60.4272 2487.66
45.1568 -874.887 2863.01
-119.823 -150.773 2240.62
-24.6069 -79.4052 2543.42
19.3855 -543.886 2639.55
-115.241 303.85 2369.75
39.2059 298.899 2331.03
313.213 56.0188 2346.71
165.3 -907.283 2611.26
318.463 -275.96 2249.05
172.516 -86.0063 2494.21
178.197 -517.103 2528.71
193.652 293.949 2292.32
56.5802 108.097 2424.92
FRAME: 257
66.5606 526.392 2225.38
-161.121 55.077 2462.87
42.8226 -880.408 2849.54
-74.9992 -128.923 2191.86
-21.6543 -84.1481 2513.96
21.9091 -562.798 2605.75
-110.29 309.002 2362.38
44.799 305.486 2324.56
317.187 61.0983 2339.13
165.771 -913.897 2575.33
320.407 -273.786 2240.12
174.165 -88.8896 2466.53
180.054 -520.901 2491.19
199.888 301.971 2286.73
60.5273 109.484 2407.4
FRAME: 258
83.7844 535.525 2223.82
-141.704 46.6553 2428.27
47.6709 -880.179 2841.04
9.78884 -105.973 2141.77
-18.6186 -89.1846 2485.43
19.4967 -578.969 2538.57
-97.5993 312.299 2347.68
58.1657 306.857 2311.79
329.354 55.2801 2325.56
168.124 -920.04 2540.35
317.584 -279.47 2222.8
176.872 -96.6489 2440.9
184.129 -529.647 2448.68
213.931 301.415 2275.91
68.6462 106.97 2387.48
FRAME: 259
101.901 540.714 2222.4
-122.156 36.7434 2400.73
90.8202 -872.992 2673.57
47.8811 -92.952 2140.1
-15.8647 -97.6511 2451.76
4.62666 -536.815 2510.45
-86.4475 311.646 2327.64
70.443 306.504 2300.18
339.219 49.1147 2323.05
169.175 -920.438 2506.66
318.839 -283.979 2218.67
177.64 -104.45 2418.19
181.02 -539.693 2415.21
227.334 301.361 2272.72
75.6653 102.727 2367.58
FRAME: 260
116.628 542.442 2219.12
-112.65 32.9128 2386.11
100.793 -897.29 2640.03
77.7237 -106.99 2159.39
-12.7369 -105.768 2428
6.21454 -563.896 2477.97
-75.0542 313.218 2315.84
81.0785 306.565 2291.07
342.72 46.5864 2320.34
169.572 -925.5 2491.09
315.83 -284.965 2219.79
179.171 -114.372 2397.79
185 -550.995 2392.36
237.211 299.913 2266.3
82.1479 98.2476 2351.98
FRAME: 261
129.283 541.989 2212.85
-104.662 31.8532 2375.89
112.526 -902.711 2588.61
106.921 -128.494 2190.45
-9.0567 -109.057 2408.28
-1.75877 -568.71 2450.82
-66.9807 313.571 2306.7
88.7747 305.986 2281.75
344.169 44.7168 2315.66
171.024 -927.114 2482.84
308.599 -288.566 2214.2
182.626 -118.807 2377.85
192.239 -559.512 2375.9
244.53 298.402 2256.79
87.7796 96.0271 2337.41
FRAME: 262
144.105 547.275 2206.11
-99.4539 30.6672 2363.7
74.4072 -895.799 2594.94
-16.7486 -152.619 2290.23
-7.73723 -112.7 2378.71
14.905 -576.911 2413.01
-59.6476 315.029 2290.66
96.7135 307.547 2269.38
345.085 44.7722 2312.95
161.631 -897.857 2536.11
299.476 -280.849 2213.12
188.267 -122.39 2352.23
189.561 -542.219 2389.29
253.075 300.066 2248.1
93.4891 95.0009 2317.43
FRAME: 263
154.889 553.799 2200.1
-92.9223 36.6075 2350.23
50.2774 -896.484 2595.4
-10.4724 -155.328 2293.41
-4.67876 -109.864 2357.3
13.7328 -569.609 2386.71
-52.3025 320.476 2276.28
104.553 312.054 2256.91
345.015 46.1118 2310.6
169.156 -908.472 2518.45
291.7 -275.766 2203.64
191.473 -120.652 2333.29
199.206 -548.415 2371.23
261.408 303.632 2237.54
98.975 98.3981 2301.1
FRAME: 264
162.155 557.131 2194.07
-89.5775 40.3056 2340.79
15.6975 -906.466 2583.86
-13.3046 -158.512 2291.61
-5.00343 -107.938 2342.24
14.9 -560.022 2364.38
-47.5731 324.156 2265.75
109.13 314.457 2248.96
345.37 46.5654 2308.81
178.068 -915.239 2508.12
285.007 -267.864 2202.85
189.812 -120.276 2321.58
208.728 -548.631 2357.95
265.834 304.759 2232.17
100.767 100.175 2290.43
FRAME: 265
167.786 559.388 2188.9
-87.1639 45.095 2335.86
16.6435 -909.28 2555.79
-22.7202 -162.142 2295.89
-6.78739 -106.387 2331.17
7.32349 -559.438 2351.27
-44.7726 325.905 2257.26
112.193 315.128 2242.6
346.741 47.7763 2306.84
174.897 -916.384 2499.63
282.55 -249.62 2194.07
188.773 -120.075 2313.13
211.42 -544.947 2348.93
269.158 304.35 2227.95
101.593 100.948 2282.38
FRAME: 266
172.145 563.262 2183.56
-83.4181 49.1423 2322.14
14.7061 -906.729 2554.77
-35.0319 -167.801 2290.95
-6.61147 -104.853 2321.98
3.17662 -555.11 2344.71
-42.1783 328.172 2247.51
114.586 317.288 2236.69
347.791 48.4868 2307.25
172.225 -913.201 2492.11
276.808 -244.106 2187.85
188.529 -118.659 2308.71
214.812 -541.328 2343.48
271.35 306.404 2225.87
102.772 102.766 2276.02
FRAME: 267
175.368 565.779 2178.77
-82.7649 49.0569 2301.22
9.6134 -903.967 2542.16
-26.4412 -162.246 2275.1
-4.07799 -100.841 2310.4
-0.419782 -542.624 2335.84
-41.3044 329.892 2237.51
115.998 319.309 2230.05
350.48 51.01 2307.73
165.94 -901.616 2479.3
279.816 -216.979 2180.05
187.089 -114.092 2301.69
216.908 -533.183 2338.19
273.3 308.725 2222.59
103.752 105.921 2268.05
FRAME: 268
166.452 559.789 2178.59
-78.1372 38.1571 2279.89
-1.69827 -885.17 2544.37
0.62026 -183.895 2239.63
-5.75344 -96.7454 2306.21
-9.6187 -537.174 2314.7
-40.4475 332.285 2230.41
116.849 321.508 2224.92
341.03 4.60518 2284.61
167.31 -904.949 2492.3
286.616 -207.973 2179.21
188.184 -110.295 2299.73
211.387 -535.824 2340.91
274.145 310.73 2219.43
104.032 108.994 2263.94
FRAME: 269
159.726 553.438 2185.07
-76.696 32.5621 2262.62
-17.1723 -881.216 2535.48
10.2907 -192.536 2225.81
-9.31999 -100.778 2288.83
-9.51189 -539.817 2294.51
-40.9603 329.708 2221.51
116.069 319.359 2223.94
331.09 33.3552 2281.12
169.38 -916.474 2496.45
271.355 -218.33 2167.2
184.979 -113.704 2292.43
211.975 -538.887 2336.31
273.099 309.011 2226.37
101.949 106.059 2257.28
FRAME: 270
154.853 551.212 2189.83
-75.1617 29.1949 2249.95
-27.0148 -880.374 2540.58
38.2036 -187.813 2203.7
-10.1048 -102.15 2276.55
-10.1489 -542.656 2294.25
-42.5007 327.886 2215.16
114.102 318.299 2223.68
334.099 27.3289 2286.34
171.931 -923.032 2507.5
263.335 -210.664 2167.2
182.718 -114.158 2287.99
208.051 -541.922 2340.53
270.705 308.713 2232.2
100.204 105.073 2252.98
FRAME: 271
149.631 550.077 2195.17
-75.4658 29.2014 2240.49
-34.61 -886.832 2547.78
53.8383 -199.562 2186.84
-12.0369 -102.298 2266.42
-16.2649 -544.568 2303.31
-45.0533 326.961 2211.21
111.198 317.99 2224.95
337.478 31.0068 2297.73
172.242 -926.594 2511.53
258.669 -199.149 2174.2
180.9 -113.534 2284.51
208.545 -544.209 2342.04
267.449 309.018 2238.7
97.8148 105.037 2250.21
FRAME: 272
145.77 550.468 2197.86
-75.9108 31.3151 2232.97
-40.8305 -889.414 2559.05
62.4969 -195.67 2179.44
-13.1035 -102.517 2260.24
-20.5527 -545.708 2314.24
-47.2768 327.889 2208.09
108.529 319.738 2227.02
339.285 38.244 2312.73
171.475 -927.505 2520.13
239.371 -181.045 2165.22
179.452 -112.771 2284.73
207.98 -545.064 2345.95
264.335 311.587 2245.95
95.8517 106.047 2249.75
FRAME: 273
140.932 552.034 2204.09
-76.8056 33.7174 2229.6
-45.3095 -890.794 2572.02
65.9915 -181.257 2181.61
-15.786 -101.756 2257.63
-29.8641 -542.278 2331.4
-50.6944 329.339 2208.55
101.447 322.898 2233.58
337.395 46.8596 2333.12
166.459 -927.479 2526.78
217.985 -153.09 2170.22
175.743 -110.018 2289.95
205.334 -543.43 2354.82
253.589 316.458 2258.62
90.7128 108.506 2253.69
FRAME: 274
128.652 553.164 2210.24
-81.4966 34.9978 2228.84
-51.5184 -893.456 2586.5
52.107 -174.058 2188.28
-20.7611 -102.847 2258.02
-40.1811 -541.774 2348.49
-58.5087 329.695 2210.06
92.3571 324.943 2238.69
330.264 57.7234 2354.62
165.466 -932.889 2528.94
226.986 -137.045 2193.67
171.013 -109.054 2295.02
202.033 -544.851 2361.14
243.223 320.191 2267.32
83.7416 109.496 2257.6
FRAME: 275
118.854 552.618 2216.76
-85.0235 31.954 2230.34
-51.9104 -904.766 2608.75
51.6564 -187.591 2194.01
-27.0075 -106.151 2262.39
-51.238 -544.957 2371.96
-64.9517 329.205 2212.41
85.1067 325.407 2245.61
322.356 61.7043 2376.32
165.07 -934.001 2534.97
217.997 -135.017 2200.14
165.389 -111.161 2305.41
197.852 -549.324 2367.32
235.165 321.608 2278.81
77.1488 108.375 2264.76
FRAME: 276
105.388 554.328 2225.05
-91.4448 32.2796 2237.91
-57.9601 -905.66 2616.86
37.5287 -184.124 2201.69
-34.3551 -107.25 2266.7
-56.6086 -543.163 2387.55
-75.8848 329.98 2217.49
74.4297 327.714 2253.87
317.254 68.4865 2394.1
163.454 -934.045 2538.82
225.094 -127.468 2243.6
159.304 -110.27 2313.93
194.027 -547.075 2376.1
224.744 325.449 2290.24
68.4522 109.477 2272.09
FRAME: 277
104.055 565.61 2222.27
-106.085 37.5557 2246.87
-64.4761 -907.566 2634.53
24.0624 -183.344 2211.16
-45.8398 -110.457 2279.77
-58.66 -544.039 2410.08
-90.5441 327.384 2224.9
58.9774 327.26 2265.12
298.477 77.1218 2425.71
159.29 -938.007 2547.22
217.155 -114.047 2291.5
148.445 -110.671 2332.12
186.575 -547.463 2393.68
208.499 327.135 2305.35
55.1401 108.348 2285.53
FRAME: 278
101.499 567.85 2225.38
-110.067 46.7743 2253.13
-70.6558 -903.108 2646.39
12.4515 -169.536 2216.55
-65.0931 -98.8231 2300.76
-63.3678 -538.49 2426.61
-94.367 339.028 2230.43
54.314 336.146 2273.37
279.552 91.9735 2447.85
157.519 -938.792 2552.69
215.234 -106.317 2317.12
130.128 -102.575 2356.91
179.595 -544.718 2411.45
202.995 333.265 2316.32
43.4156 117.724 2301.1
FRAME: 279
95.8222 569.501 2229.81
-115.11 54.1354 2258.69
-71.6065 -897.313 2655.56
0.608505 -167.67 2233.35
-77.8022 -93.0855 2319.37
-68.8997 -533.555 2439.4
-99.9805 343.959 2236.07
47.5983 340.912 2282.42
262.871 103.952 2472.16
159.576 -934.614 2556.83
203.382 -97.6087 2347.88
116.247 -97.0058 2379.97
176.941 -536.012 2429.15
195.177 337.865 2328.76
33.4104 122.933 2316.04
FRAME: 280
91.3862 570.319 2232.65
-126.965 55.2573 2264.16
-71.8649 -891.408 2661.68
-9.52863 -169.694 2243.53
-89.0455 -89.473 2335.82
-71.2041 -530.932 2446.1
-105.945 346.564 2240.81
40.994 343.768 2289.55
251.676 112.217 2492.08
160.122 -935.019 2559.03
191.373 -90.6497 2375.17
104.61 -93.0465 2399.66
171.652 -532.542 2448.83
187.933 340.971 2338.29
24.3882 126.254 2328.64
FRAME: 281
87.6426 572.366 2233.26
-132.316 57.9221 2269.09
-71.9528 -887.831 2666.59
-19.5289 -170.202 2251.32
-97.9161 -84.5406 2350.77
-72.4492 -527.048 2454.56
-110.67 349.186 2243.41
35.0544 347.646 2296.4
235.686 121.152 2517.15
160.697 -935.921 2566.94
189.639 -77.1199 2407.65
94.279 -86.4327 2420.17
167.77 -527.062 2468.73
180.779 346.105 2349.39
16.6179 131.079 2340.93
FRAME: 282
83.9674 575.166 2241.53
-151.188 70.691 2288.57
-74.5836 -885.7 2674.18
-51.6684 -150.921 2254.97
-107.058 -77.1066 2366.27
-79.7047 -518.471 2472.34
-115.948 353.601 2250.04
27.5705 353.131 2307.95
216.505 119.562 2533.89
161.28 -932.665 2584.72
178.512 -72.9393 2434.93
82.2213 -77.4961 2442.21
160.36 -518 2495.47
171.089 352.661 2365.86
7.57603 137.915 2356.09
FRAME: 283
79.4766 576.924 2248.32
-161.939 79.8161 2299.12
-74.5108 -884.304 2676.65
-67.7165 -154.37 2270.21
-115.084 -68.6935 2379.31
-82.0342 -509.584 2485.79
-121.386 358.19 2256.03
20.7351 358.563 2317.81
203.97 116.391 2548.56
165.693 -923.409 2603.17
173.316 -68.0258 2459.55
70.8034 -68.0839 2459.96
158.672 -505.409 2514.22
162.856 358.937 2379.58
-0.702534 145.087 2368.72
FRAME: 284
78.0058 580.206 2257.41
-171.142 83.292 2312.8
-72.7478 -881.475 2675.17
-82.9952 -141.997 2293.62
-121.211 -61.3201 2388.63
-81.3166 -502.484 2487.78
-124.788 364.128 2264.13
16.8604 364.129 2328.3
188.426 118.267 2570.94
169.117 -911.419 2627.23
172.106 -72.9182 2489.13
63.0876 -61.2946 2472.13
156.174 -498.377 2521.1
158.509 364.131 2392.46
-6.10075 151.411 2379.34
FRAME: 285
76.373 584.239 2268.44
-179.546 97.2401 2324.88
-72.5089 -878.29 2675.12
-98.3644 -140.776 2302.07
-126.864 -53.1834 2398.16
-81.298 -496.422 2492.01
-127.669 371.245 2273.94
13.6586 370.334 2338.07
178.666 131.599 2584.96
169.797 -902.265 2656.52
171.27 -75.777 2503.67
57.2022 -54.3277 2481.68
153.718 -491.696 2535.32
154.986 369.423 2402.2
-10.5862 158.289 2388.99
FRAME: 286
73.376 585.113 2276.68
-185.592 104.416 2338.31
-73.1289 -879.833 2679.64
-105.72 -130.671 2316.72
-134.015 -48.3019 2411.27
-83.3486 -492.936 2504.98
-132.76 374.498 2285.47
9.26869 372.835 2347.93
175.138 130.738 2601.94
169.482 -900.639 2698.86
169.823 -75.5684 2521.64
51.3369 -50.4024 2492.68
156.58 -484.637 2555.23
151.298 371.173 2410.39
-16.0351 161.742 2399.95
FRAME: 287
70.8669 585.438 2288.44
-190.469 105.898 2350.88
-70.2853 -882.18 2682.15
-106.052 -132.476 2325.02
-138.858 -46.9784 2422.25
-82.0507 -491.371 2512.13
-137.02 374.283 2298.03
6.04807 372.189 2360.74
174.816 120.493 2616.7
170.037 -895.438 2743.57
177.491 -94.2667 2530.23
47.5055 -49.6737 2503.92
161.235 -480.652 2576.05
149.117 370.096 2423.46
-19.814 161.932 2411.91
FRAME: 288
70.561 588.504 2315.13
-190.441 107.563 2373.96
-68.8391 -881.492 2689.47
-122.299 -130.174 2357.3
-142.481 -46.5866 2438.52
-79.6591 -487.525 2525.11
-138.971 375.618 2319.35
4.8375 372.587 2382.75
181.361 133.773 2634.24
164.824 -868.826 2835.46
186.281 -96.4767 2565.93
47.5757 -50.1474 2521.83
165.592 -476.697 2604.51
148.646 369.555 2446.15
-21.3075 162.11 2431.46
FRAME: 289
73.846 594.12 2336.67
-187.969 115.988 2398.15
-66.9371 -877.355 2701.69
-130.47 -135.349 2391.68
-142.455 -39.9027 2461.55
-73.4316 -476.892 2546.27
-137.766 383.532 2345.99
7.46613 378.655 2405.6
197.172 149.287 2643.31
162.214 -836.058 2925.06
207.676 -100.027 2577.05
49.9536 -45.8455 2539.94
177.212 -462.025 2646.05
152.698 373.778 2465.22
-19.3923 167.891 2453.17
FRAME: 290
73.5962 596.821 2363.81
-187.83 119.945 2421.77
-62.5498 -879.231 2699.06
-138.772 -136.541 2416.96
-138.354 -41.4054 2472.96
-64.6557 -476.684 2549.9
-136.497 384.863 2367.91
9.8999 379.126 2427.25
207.602 146.787 2647.67
164.159 -838.602 2973.47
222.408 -110.209 2595.01
55.0129 -48.4605 2550.87
189.029 -452.408 2675.04
156.296 373.389 2486.58
-15.8853 167.097 2469.58
FRAME: 291
72.0139 596.971 2384.58
-185.554 115.388 2442.85
-57.1308 -883.386 2710.52
-143.066 -143.865 2439.87
-131.384 -41.696 2491.11
-59.5338 -477.454 2569.32
-134.261 382.133 2387.33
13.3655 377.6 2445.26
218.137 137.96 2648.38
164.897 -837.178 3029.62
229.749 -113.694 2600.99
63.7206 -47.2375 2567.2
188.207 -445.257 2708.18
160.992 373.068 2503.18
-10.2332 166.567 2487.21
FRAME: 292
82.7755 603.467 2402.92
-182.176 109.263 2461.55
-55.9126 -893.771 2715.26
-144.898 -150.498 2466.14
-123.89 -41.0118 2512.95
-56.6067 -480.829 2586.63
-131.822 377.014 2407.06
16.7097 374.035 2462.63
234.124 141.269 2653.53
161.611 -839.442 3076.84
235.454 -114.298 2605.24
72.1769 -44.6281 2585.91
194.795 -438.781 2740.24
165.242 371.055 2518.19
-4.5735 165.607 2506.03

