FRAME: 0
0 0 0
0 0 0
0 0 0
0 0 0
0 0 0
0 0 0
0 0 0
0 0 0
0 0 0
0 0 0
0 0 0
0 0 0
0 0 0
0 0 0
0 0 0
FRAME: 1
0 0 0
0 0 0
0 0 0
0 0 0
0 0 0
0 0 0
0 0 0
0 0 0
0 0 0
0 0 0
0 0 0
0 0 0
0 0 0
0 0 0
0 0 0
FRAME: 2
0 0 0
0 0 0
0 0 0
0 0 0
0 0 0
0 0 0
0 0 0
0 0 0
0 0 0
0 0 0
0 0 0
0 0 0
0 0 0
0 0 0
0 0 0
FRAME: 3
0 0 0
0 0 0
0 0 0
0 0 0
0 0 0
0 0 0
0 0 0
0 0 0
0 0 0
0 0 0
0 0 0
0 0 0
0 0 0
0 0 0
0 0 0
FRAME: 4
0 0 0
0 0 0
0 0 0
0 0 0
0 0 0
0 0 0
0 0 0
0 0 0
0 0 0
0 0 0
0 0 0
0 0 0
0 0 0
0 0 0
0 0 0
FRAME: 5
0 0 0
0 0 0
0 0 0
0 0 0
0 0 0
0 0 0
0 0 0
0 0 0
0 0 0
0 0 0
0 0 0
0 0 0
0 0 0
0 0 0
0 0 0
FRAME: 6
0 0 0
0 0 0
0 0 0
0 0 0
0 0 0
0 0 0
0 0 0
0 0 0
0 0 0
0 0 0
0 0 0
0 0 0
0 0 0
0 0 0
0 0 0
FRAME: 7
0 0 0
0 0 0
0 0 0
0 0 0
0 0 0
0 0 0
0 0 0
0 0 0
0 0 0
0 0 0
0 0 0
0 0 0
0 0 0
0 0 0
0 0 0
FRAME: 8
0 0 0
0 0 0
0 0 0
0 0 0
0 0 0
0 0 0
0 0 0
0 0 0
0 0 0
0 0 0
0 0 0
0 0 0
0 0 0
0 0 0
0 0 0
FRAME: 9
0 0 0
0 0 0
0 0 0
0 0 0
0 0 0
0 0 0
0 0 0
0 0 0
0 0 0
0 0 0
0 0 0
0 0 0
0 0 0
0 0 0
0 0 0
FRAME: 10
0 0 0
0 0 0
0 0 0
0 0 0
0 0 0
0 0 0
0 0 0
0 0 0
0 0 0
0 0 0
0 0 0
0 0 0
0 0 0
0 0 0
0 0 0
FRAME: 11
0 0 0
0 0 0
0 0 0
0 0 0
0 0 0
0 0 0
0 0 0
0 0 0
0 0 0
0 0 0
0 0 0
0 0 0
0 0 0
0 0 0
0 0 0
FRAME: 12
0 0 0
0 0 0
0 0 0
0 0 0
0 0 0
0 0 0
0 0 0
0 0 0
0 0 0
0 0 0
0 0 0
0 0 0
0 0 0
0 0 0
0 0 0
FRAME: 13
0 0 0
0 0 0
0 0 0
0 0 0
0 0 0
0 0 0
0 0 0
0 0 0
0 0 0
0 0 0
0 0 0
0 0 0
0 0 0
0 0 0
0 0 0
FRAME: 14
0 0 0
0 0 0
0 0 0
0 0 0
0 0 0
0 0 0
0 0 0
0 0 0
0 0 0
0 0 0
0 0 0
0 0 0
0 0 0
0 0 0
0 0 0
FRAME: 15
0 0 0
0 0 0
0 0 0
0 0 0
0 0 0
0 0 0
0 0 0
0 0 0
0 0 0
0 0 0
0 0 0
0 0 0
0 0 0
0 0 0
0 0 0
FRAME: 16
0 0 0
0 0 0
0 0 0
0 0 0
0 0 0
0 0 0
0 0 0
0 0 0
0 0 0
0 0 0
0 0 0
0 0 0
0 0 0
0 0 0
0 0 0
FRAME: 17
0 0 0
0 0 0
0 0 0
0 0 0
0 0 0
0 0 0
0 0 0
0 0 0
0 0 0
0 0 0
0 0 0
0 0 0
0 0 0
0 0 0
0 0 0
FRAME: 18
0 0 0
0 0 0
0 0 0
0 0 0
0 0 0
0 0 0
0 0 0
0 0 0
0 0 0
0 0 0
0 0 0
0 0 0
0 0 0
0 0 0
0 0 0
FRAME: 19
0 0 0
0 0 0
0 0 0
0 0 0
0 0 0
0 0 0
0 0 0
0 0 0
0 0 0
0 0 0
0 0 0
0 0 0
0 0 0
0 0 0
0 0 0
FRAME: 20
0 0 0
0 0 0
0 0 0
0 0 0
0 0 0
0 0 0
0 0 0
0 0 0
0 0 0
0 0 0
0 0 0
0 0 0
0 0 0
0 0 0
0 0 0
FRAME: 21
0 0 0
0 0 0
0 0 0
0 0 0
0 0 0
0 0 0
0 0 0
0 0 0
0 0 0
0 0 0
0 0 0
0 0 0
0 0 0
0 0 0
0 0 0
FRAME: 22
0 0 0
0 0 0
0 0 0
0 0 0
0 0 0
0 0 0
0 0 0
0 0 0
0 0 0
0 0 0
0 0 0
0 0 0
0 0 0
0 0 0
0 0 0
FRAME: 23
0 0 0
0 0 0
0 0 0
0 0 0
0 0 0
0 0 0
0 0 0
0 0 0
0 0 0
0 0 0
0 0 0
0 0 0
0 0 0
0 0 0
0 0 0
FRAME: 24
0 0 0
0 0 0
0 0 0
0 0 0
0 0 0
0 0 0
0 0 0
0 0 0
0 0 0
0 0 0
0 0 0
0 0 0
0 0 0
0 0 0
0 0 0
FRAME: 25
0 0 0
0 0 0
0 0 0
0 0 0
0 0 0
0 0 0
0 0 0
0 0 0
0 0 0
0 0 0
0 0 0
0 0 0
0 0 0
0 0 0
0 0 0
FRAME: 26
0 0 0
0 0 0
0 0 0
0 0 0
0 0 0
0 0 0
0 0 0
0 0 0
0 0 0
0 0 0
0 0 0
0 0 0
0 0 0
0 0 0
0 0 0
FRAME: 27
0 0 0
0 0 0
0 0 0
0 0 0
0 0 0
0 0 0
0 0 0
0 0 0
0 0 0
0 0 0
0 0 0
0 0 0
0 0 0
0 0 0
0 0 0
FRAME: 28
0 0 0
0 0 0
0 0 0
0 0 0
0 0 0
0 0 0
0 0 0
0 0 0
0 0 0
0 0 0
0 0 0
0 0 0
0 0 0
0 0 0
0 0 0
FRAME: 29
0 0 0
0 0 0
0 0 0
0 0 0
0 0 0
0 0 0
0 0 0
0 0 0
0 0 0
0 0 0
0 0 0
0 0 0
0 0 0
0 0 0
0 0 0
FRAME: 30
0 0 0
0 0 0
0 0 0
0 0 0
0 0 0
0 0 0
0 0 0
0 0 0
0 0 0
0 0 0
0 0 0
0 0 0
0 0 0
0 0 0
0 0 0
FRAME: 31
0 0 0
0 0 0
0 0 0
0 0 0
0 0 0
0 0 0
0 0 0
0 0 0
0 0 0
0 0 0
0 0 0
0 0 0
0 0 0
0 0 0
0 0 0
FRAME: 32
0 0 0
0 0 0
0 0 0
0 0 0
0 0 0
0 0 0
0 0 0
0 0 0
0 0 0
0 0 0
0 0 0
0 0 0
0 0 0
0 0 0
0 0 0
FRAME: 33
0 0 0
0 0 0
0 0 0
0 0 0
0 0 0
0 0 0
0 0 0
0 0 0
0 0 0
0 0 0
0 0 0
0 0 0
0 0 0
0 0 0
0 0 0
FRAME: 34
0 0 0
0 0 0
0 0 0
0 0 0
0 0 0
0 0 0
0 0 0
0 0 0
0 0 0
0 0 0
0 0 0
0 0 0
0 0 0
0 0 0
0 0 0
FRAME: 35
0 0 0
0 0 0
0 0 0
0 0 0
0 0 0
0 0 0
0 0 0
0 0 0
0 0 0
0 0 0
0 0 0
0 0 0
0 0 0
0 0 0
0 0 0
FRAME: 36
0 0 0
0 0 0
0 0 0
0 0 0
0 0 0
0 0 0
0 0 0
0 0 0
0 0 0
0 0 0
0 0 0
0 0 0
0 0 0
0 0 0
0 0 0
FRAME: 37
0 0 0
0 0 0
0 0 0
0 0 0
0 0 0
0 0 0
0 0 0
0 0 0
0 0 0
0 0 0
0 0 0
0 0 0
0 0 0
0 0 0
0 0 0
FRAME: 38
0 0 0
0 0 0
0 0 0
0 0 0
0 0 0
0 0 0
0 0 0
0 0 0
0 0 0
0 0 0
0 0 0
0 0 0
0 0 0
0 0 0
0 0 0
FRAME: 39
0 0 0
0 0 0
0 0 0
0 0 0
0 0 0
0 0 0
0 0 0
0 0 0
0 0 0
0 0 0
0 0 0
0 0 0
0 0 0
0 0 0
0 0 0
FRAME: 40
0 0 0
0 0 0
0 0 0
0 0 0
0 0 0
0 0 0
0 0 0
0 0 0
0 0 0
0 0 0
0 0 0
0 0 0
0 0 0
0 0 0
0 0 0
FRAME: 41
0 0 0
0 0 0
0 0 0
0 0 0
0 0 0
0 0 0
0 0 0
0 0 0
0 0 0
0 0 0
0 0 0
0 0 0
0 0 0
0 0 0
0 0 0
FRAME: 42
0 0 0
0 0 0
0 0 0
0 0 0
0 0 0
0 0 0
0 0 0
0 0 0
0 0 0
0 0 0
0 0 0
0 0 0
0 0 0
0 0 0
0 0 0
FRAME: 43
0 0 0
0 0 0
0 0 0
0 0 0
0 0 0
0 0 0
0 0 0
0 0 0
0 0 0
0 0 0
0 0 0
0 0 0
0 0 0
0 0 0
0 0 0
FRAME: 44
0 0 0
0 0 0
0 0 0
0 0 0
0 0 0
0 0 0
0 0 0
0 0 0
0 0 0
0 0 0
0 0 0
0 0 0
0 0 0
0 0 0
0 0 0
FRAME: 45
0 0 0
0 0 0
0 0 0
0 0 0
0 0 0
0 0 0
0 0 0
0 0 0
0 0 0
0 0 0
0 0 0
0 0 0
0 0 0
0 0 0
0 0 0
FRAME: 46
0 0 0
0 0 0
0 0 0
0 0 0
0 0 0
0 0 0
0 0 0
0 0 0
0 0 0
0 0 0
0 0 0
0 0 0
0 0 0
0 0 0
0 0 0
FRAME: 47
0 0 0
0 0 0
0 0 0
0 0 0
0 0 0
0 0 0
0 0 0
0 0 0
0 0 0
0 0 0
0 0 0
0 0 0
0 0 0
0 0 0
0 0 0
FRAME: 48
0 0 0
0 0 0
0 0 0
0 0 0
0 0 0
0 0 0
0 0 0
0 0 0
0 0 0
0 0 0
0 0 0
0 0 0
0 0 0
0 0 0
0 0 0
FRAME: 49
0 0 0
0 0 0
0 0 0
0 0 0
0 0 0
0 0 0
0 0 0
0 0 0
0 0 0
0 0 0
0 0 0
0 0 0
0 0 0
0 0 0
0 0 0
FRAME: 50
0 0 0
0 0 0
0 0 0
0 0 0
0 0 0
0 0 0
0 0 0
0 0 0
0 0 0
0 0 0
0 0 0
0 0 0
0 0 0
0 0 0
0 0 0
FRAME: 51
0 0 0
0 0 0
0 0 0
0 0 0
0 0 0
0 0 0
0 0 0
0 0 0
0 0 0
0 0 0
0 0 0
0 0 0
0 0 0
0 0 0
0 0 0
FRAME: 52
0 0 0
0 0 0
0 0 0
0 0 0
0 0 0
0 0 0
0 0 0
0 0 0
0 0 0
0 0 0
0 0 0
0 0 0
0 0 0
0 0 0
0 0 0
FRAME: 53
0 0 0
0 0 0
0 0 0
0 0 0
0 0 0
0 0 0
0 0 0
0 0 0
0 0 0
0 0 0
0 0 0
0 0 0
0 0 0
0 0 0
0 0 0
FRAME: 54
0 0 0
0 0 0
0 0 0
0 0 0
0 0 0
0 0 0
0 0 0
0 0 0
0 0 0
0 0 0
0 0 0
0 0 0
0 0 0
0 0 0
0 0 0
FRAME: 55
0 0 0
0 0 0
0 0 0
0 0 0
0 0 0
0 0 0
0 0 0
0 0 0
0 0 0
0 0 0
0 0 0
0 0 0
0 0 0
0 0 0
0 0 0
FRAME: 56
0 0 0
0 0 0
0 0 0
0 0 0
0 0 0
0 0 0
0 0 0
0 0 0
0 0 0
0 0 0
0 0 0
0 0 0
0 0 0
0 0 0
0 0 0
FRAME: 57
0 0 0
0 0 0
0 0 0
0 0 0
0 0 0
0 0 0
0 0 0
0 0 0
0 0 0
0 0 0
0 0 0
0 0 0
0 0 0
0 0 0
0 0 0
FRAME: 58
0 0 0
0 0 0
0 0 0
0 0 0
0 0 0
0 0 0
0 0 0
0 0 0
0 0 0
0 0 0
0 0 0
0 0 0
0 0 0
0 0 0
0 0 0
FRAME: 59
0 0 0
0 0 0
0 0 0
0 0 0
0 0 0
0 0 0
0 0 0
0 0 0
0 0 0
0 0 0
0 0 0
0 0 0
0 0 0
0 0 0
0 0 0
FRAME: 60
0 0 0
0 0 0
0 0 0
0 0 0
0 0 0
0 0 0
0 0 0
0 0 0
0 0 0
0 0 0
0 0 0
0 0 0
0 0 0
0 0 0
0 0 0
FRAME: 61
0 0 0
0 0 0
0 0 0
0 0 0
0 0 0
0 0 0
0 0 0
0 0 0
0 0 0
0 0 0
0 0 0
0 0 0
0 0 0
0 0 0
0 0 0
FRAME: 62
0 0 0
0 0 0
0 0 0
0 0 0
0 0 0
0 0 0
0 0 0
0 0 0
0 0 0
0 0 0
0 0 0
0 0 0
0 0 0
0 0 0
0 0 0
FRAME: 63
0 0 0
0 0 0
0 0 0
0 0 0
0 0 0
0 0 0
0 0 0
0 0 0
0 0 0
0 0 0
0 0 0
0 0 0
0 0 0
0 0 0
0 0 0
FRAME: 64
0 0 0
0 0 0
0 0 0
0 0 0
0 0 0
0 0 0
0 0 0
0 0 0
0 0 0
0 0 0
0 0 0
0 0 0
0 0 0
0 0 0
0 0 0
FRAME: 65
0 0 0
0 0 0
0 0 0
0 0 0
0 0 0
0 0 0
0 0 0
0 0 0
0 0 0
0 0 0
0 0 0
0 0 0
0 0 0
0 0 0
0 0 0
FRAME: 66
0 0 0
0 0 0
0 0 0
0 0 0
0 0 0
0 0 0
0 0 0
0 0 0
0 0 0
0 0 0
0 0 0
0 0 0
0 0 0
0 0 0
0 0 0
FRAME: 67
0 0 0
0 0 0
0 0 0
0 0 0
0 0 0
0 0 0
0 0 0
0 0 0
0 0 0
0 0 0
0 0 0
0 0 0
0 0 0
0 0 0
0 0 0
FRAME: 68
0 0 0
0 0 0
0 0 0
0 0 0
0 0 0
0 0 0
0 0 0
0 0 0
0 0 0
0 0 0
0 0 0
0 0 0
0 0 0
0 0 0
0 0 0
FRAME: 69
0 0 0
0 0 0
0 0 0
0 0 0
0 0 0
0 0 0
0 0 0
0 0 0
0 0 0
0 0 0
0 0 0
0 0 0
0 0 0
0 0 0
0 0 0
FRAME: 70
0 0 0
0 0 0
0 0 0
0 0 0
0 0 0
0 0 0
0 0 0
0 0 0
0 0 0
0 0 0
0 0 0
0 0 0
0 0 0
0 0 0
0 0 0
FRAME: 71
0 0 0
0 0 0
0 0 0
0 0 0
0 0 0
0 0 0
0 0 0
0 0 0
0 0 0
0 0 0
0 0 0
0 0 0
0 0 0
0 0 0
0 0 0
FRAME: 72
0 0 0
0 0 0
0 0 0
0 0 0
0 0 0
0 0 0
0 0 0
0 0 0
0 0 0
0 0 0
0 0 0
0 0 0
0 0 0
0 0 0
0 0 0
FRAME: 73
0 0 0
0 0 0
0 0 0
0 0 0
0 0 0
0 0 0
0 0 0
0 0 0
0 0 0
0 0 0
0 0 0
0 0 0
0 0 0
0 0 0
0 0 0
FRAME: 74
0 0 0
0 0 0
0 0 0
0 0 0
0 0 0
0 0 0
0 0 0
0 0 0
0 0 0
0 0 0
0 0 0
0 0 0
0 0 0
0 0 0
0 0 0
FRAME: 75
0 0 0
0 0 0
0 0 0
0 0 0
0 0 0
0 0 0
0 0 0
0 0 0
0 0 0
0 0 0
0 0 0
0 0 0
0 0 0
0 0 0
0 0 0
FRAME: 76
0 0 0
0 0 0
0 0 0
0 0 0
0 0 0
0 0 0
0 0 0
0 0 0
0 0 0
0 0 0
0 0 0
0 0 0
0 0 0
0 0 0
0 0 0
FRAME: 77
47.1644 357.717 2269.84
-237.5 -10.1693 2289.55
-42.3973 -1085.56 2383.09
-199.377 185.949 2184.66
-52.0001 -266.327 2390.54
12.5304 -690.385 2266.16
-131.174 128.067 2360.83
6.74558 130.154 2313.67
85.8578 -3.53204 2081.8
17.6978 -1087.18 2579.57
-94.6003 161.75 2166.12
110.971 -263.861 2334.81
121.234 -690.576 2469.32
144.665 132.242 2266.51
18.1155 -67.4697 2338.17
FRAME: 78
46.9676 358.959 2280.21
-226.578 -12.6255 2288.77
-47.0773 -1092.02 2376.89
-187.004 171.549 2209.69
-52.8398 -266.509 2388.4
11.3278 -691.298 2263.41
-143.507 136.074 2345.82
-1.84415 142.362 2309.61
95.3704 7.71045 2119.37
20.862 -1085.38 2583.59
-89.8785 168.604 2167.26
114.463 -259.083 2345.64
122.975 -690.353 2473.49
139.819 148.65 2273.4
14.4836 -60.2171 2338.31
FRAME: 79
52.5472 355.49 2299.99
-217.828 -13.3875 2296.08
-50.0855 -1100.52 2370.06
-174.223 155.606 2211.13
-51.7718 -264.984 2394.57
11.587 -693.422 2261.84
-143.286 138.776 2350.09
-1.02047 146.097 2321.05
99.0636 7.91866 2128.45
23.5335 -1082.16 2593
-89.8867 171.178 2185.51
114.678 -256.419 2360.59
125.606 -685.84 2481.31
141.245 153.418 2292.01
15.2164 -57.3021 2349.32
FRAME: 80
71.0311 350.594 2331.33
-210.565 7.351 2325.57
-28.5118 -1046.3 2342.79
-137.076 132.429 2228.51
-45.5521 -274.103 2410.75
2.66236 -658.591 2276.63
-124.259 125.372 2353.2
14.5198 132.439 2345.69
114.55 -14.4847 2163.85
43.6266 -1008.32 2640.97
-71.1566 139.781 2207.14
122.48 -265.48 2401.53
138.603 -654.335 2492.73
153.299 139.507 2338.19
26.4919 -68.676 2375.92
FRAME: 81
81.0386 341.367 2364.88
-204.647 20.5186 2345.09
-28.2449 -1040.06 2352.44
-196.203 176.04 2367.55
-41.8413 -278.191 2431.18
9.71339 -657.983 2298.96
-116.33 112.814 2394.3
26.8615 118.632 2387.17
142.102 -34.7896 2209.57
45.9112 -1018.67 2636.72
-51.1 117.211 2230.76
124.892 -271.412 2422.65
152.403 -661.829 2505.9
170.053 124.45 2380.05
34.1935 -78.085 2407.04
FRAME: 82
88.7528 340.803 2384.78
-188.145 -5.51454 2379.74
-28.8553 -1034.01 2363.58
-214.82 148.039 2417.02
-38.0677 -273.546 2451.12
18.3536 -665.789 2314.25
-113.781 118.56 2433.63
24.5915 124.894 2430.29
158.884 -38.1609 2247.24
52.0844 -1000.77 2686.33
-71.618 119.635 2233.44
118.239 -266.701 2448.23
157.57 -654.156 2544.79
162.964 131.228 2426.95
32.3386 -72.6148 2439.98
FRAME: 83
98.1369 332.482 2420.49
-191.291 -25.0875 2418.41
-27.3938 -1029.94 2379.16
-146.925 149.671 2357.42
-36.4758 -284.375 2494.45
20.3091 -665.607 2337.82
-99.829 111.626 2479.57
39.0155 114.749 2470.05
174.91 -59.5589 2290.25
60.7968 -1015.13 2748.66
-48.9308 92.9506 2264.46
131.787 -280.635 2483.66
162.59 -671.186 2570.8
177.86 117.873 2460.54
43.3356 -83.8778 2479.56
FRAME: 84
103.15 334.471 2443.53
-159.235 -41.0551 2428.24
-29.0268 -1042.36 2392.26
-74.6602 98.9164 2308.12
-33.1255 -279.238 2524.52
15.2715 -674.258 2364.01
-85.618 126.541 2506.48
49.6944 127.033 2497.47
188.974 -58.417 2316.49
52.607 -1027.88 2793.72
-40.9934 73.3265 2254.06
137.201 -278.796 2513.5
158.975 -681.677 2593.75
185.007 127.525 2488.45
50.866 -75.9921 2508.24
FRAME: 85
108.519 349.953 2464.64
-149.044 -43.9938 2441.76
-24.5481 -1040.78 2406.18
-55.9095 33.8495 2300.76
-27.5216 -276.483 2549.71
6.50636 -674.036 2395.36
-77.9362 133.285 2544.91
57.9575 133.516 2531.65
201.446 -52.1553 2351.85
45.9338 -1035.46 2852.56
-12.7849 57.7382 2255.7
146.55 -276.205 2532.66
162.645 -685.59 2616.75
193.851 133.746 2518.39
58.7358 -71.4144 2536.42
FRAME: 86
113.35 353.065 2489.98
-148.343 -59.3132 2453.27
-27.2949 -1045.2 2403.43
-15.212 25.6541 2261.73
-24.4817 -273.789 2570.97
-1.94945 -675.089 2423.09
-70.0392 142.652 2569.86
65.4136 141.66 2555.71
215.141 -50.8934 2379.75
53.2305 -1017.89 2865.58
-7.82101 52.6435 2293.39
150.191 -275.165 2552.48
164.719 -683.004 2634.41
200.866 140.668 2541.56
64.1341 -66.4086 2558.72
FRAME: 87
118.268 372.924 2517.18
-136.753 -58.0577 2476.31
-28.4426 -1047.37 2416.64
12.2139 -2.4672 2258.54
-23.7037 -265.489 2599.4
-8.28463 -669.124 2452.77
-70.9645 150.898 2599.04
71.4985 149.198 2588.32
222.146 -53.2059 2410.47
51.5719 -1024.04 2889.84
10.432 25.6911 2309.97
157.686 -267.692 2585.63
164.211 -680.881 2659.83
213.962 147.497 2577.6
69.2448 -58.6966 2590.42
FRAME: 88
122.793 384.517 2537.75
-138.004 -51.7318 2513.04
-40.0318 -1051.18 2507.01
11.8143 -12.2492 2274.34
-21.6083 -257.733 2619.21
-11.9059 -669.259 2487.21
-69.2478 163.544 2616.76
77.5033 160.174 2610.64
230.972 -51.3957 2454.1
54.3411 -1023.96 2903.53
27.0322 9.48739 2332.26
158.441 -261.907 2611.48
165.764 -675.84 2685.54
224.254 156.804 2604.52
72.9599 -49.8231 2612.99
FRAME: 89
128.164 401.815 2552.57
-134.854 -48.5277 2528.32
-43.0496 -1046.98 2576.09
7.60571 -24.1441 2285
-18.0668 -249.102 2636.58
-11.7708 -663.362 2510.01
-69.2593 174.606 2627.83
79.6139 171.277 2623.88
231.387 -46.0785 2480.34
54.1409 -1021.79 2915.96
31.6675 -2.65222 2338.64
159.526 -253.092 2631.6
162.461 -674.637 2706.57
228.487 167.948 2619.93
75.1716 -39.9101 2628.98
FRAME: 90
127.683 415.173 2569.99
-132.329 -46.7092 2554.35
-47.2041 -1040.32 2627.22
20.6552 -28.1169 2308.82
-18.1443 -234.151 2655.65
-9.65721 -649.954 2540.27
-65.5697 190.071 2638.43
81.9215 185.498 2633.22
240.953 -43.5558 2503.66
58.2079 -1019.73 2919.18
33.0108 -11.9996 2350.34
157.425 -239.573 2649.34
155.46 -667.097 2720.04
229.413 180.924 2628.01
75.7809 -25.682 2642.86
FRAME: 91
126.682 432.537 2584.96
-129.657 -41.8849 2563.01
-60.018 -1040.45 2701.84
27.6003 -46.1598 2314.59
-19.2715 -222.62 2668.95
-16.3762 -647.301 2582.98
-65.4024 207.145 2644.99
82.4139 202.073 2642
251.551 -32.2231 2542.06
58.5907 -1019.1 2922.23
49.3862 -27.5357 2375.76
156.193 -228.621 2665.27
150.078 -665.1 2735.13
230.23 197 2639
75.4373 -11.7737 2654.55
FRAME: 92
124.761 441.692 2593.78
-185.818 25.332 2597.35
-67.1266 -1026.49 2751.59
-258.918 100.902 2336.13
-24.9518 -205.902 2681.9
-21.6082 -638.587 2614.18
-66.6441 221.379 2649.41
79.8959 214.297 2647.83
246.438 -31.7779 2553.38
58.6243 -1011.11 2916.5
-7.29582 -31.4631 2391.54
145.868 -214.163 2679.91
145.597 -655.149 2750.6
226.436 207.214 2646.25
70.177 2.13207 2664.37
FRAME: 93
119.511 462.375 2608.42
-209.066 45.1628 2601.67
-71.839 -1009.15 2826.36
-220.587 70.8413 2314.56
-27.1976 -190.457 2695.72
-34.5532 -632.811 2663.25
-67.9134 231.957 2656.34
75.8609 224.751 2656.51
246.896 -29.5789 2578.39
58.4721 -1012.17 2922.82
12.9295 -61.2088 2396.23
137.662 -198.663 2695.87
133.212 -638.777 2772.6
219.635 217.546 2656.68
65.5465 15.0957 2676.15
FRAME: 94
115.526 470.607 2618.56
-180.686 26.6669 2608.25
-76.5861 -1017.45 2870.34
-206.103 54.6464 2287.88
-34.2589 -189.135 2720.79
-53.3998 -642.083 2722.64
-74.0503 237.746 2669.48
72.5724 230.201 2667.86
247.038 -31.0507 2600.15
59.8966 -1015.02 2930.23
17.0187 -78.5211 2390.59
137.784 -197.976 2718.7
126.529 -636.103 2790.19
219.195 222.656 2666.24
62.1674 18.3227 2693.8
FRAME: 95
112.585 481.061 2627.01
-150.779 5.43165 2646.21
-75.5895 -999.807 2885.25
-49.8184 -62.1025 2377.98
-37.5177 -181.009 2733.09
-58.4286 -630.838 2733.5
-78.2142 244.483 2676.7
70.4968 236.479 2675.3
250.297 -33.963 2619.79
59.8435 -1016.86 2929.71
44.0716 -99.9144 2399.99
135.477 -190.312 2731.49
117.758 -633.434 2804.81
219.208 228.474 2673.9
59.7381 25.4091 2703.79
FRAME: 96
111.12 487.066 2635.81
-130.36 -12.137 2669.33
-72.9216 -993.023 2914.28
-25.1596 -85.0562 2376.45
-42.5182 -177.766 2736.73
-65.4516 -621.696 2763.46
-78.8535 246.613 2676.7
70.2699 238.362 2679.97
254.287 -37.5172 2641.12
61.6129 -1018.73 2927.65
64.5357 -124.867 2413.25
133.924 -187.531 2740.85
108.231 -633.327 2812.17
219.393 230.11 2683.24
57.9863 27.8567 2709.38
FRAME: 97
108.928 490.392 2644.78
-129.236 -7.24578 2671.57
-73.6109 -990.621 2930.81
-18.8082 -104.591 2372.94
-52.0973 -176.777 2747.22
-73.5872 -618.304 2787.56
-78.4606 251.949 2680.95
68.2555 242.222 2685.02
257.424 -38.3976 2659.69
62.4948 -1022 2933.3
70.7723 -140.563 2408.35
128.869 -188.813 2752.21
104.465 -633.261 2823.7
214.972 232.495 2689.1
53.3206 29.7134 2717.37
FRAME: 98
100.791 490.622 2652.37
-130.572 -10.8204 2677.88
-75.6382 -996.679 2957.67
-31.1307 -113.371 2365.79
-52.7868 -178.629 2754.7
-82.3468 -619.697 2814.43
-82.125 252.041 2684.54
66.3546 242.484 2689.74
258.69 -33.1089 2675.76
62.6533 -1023.89 2939.35
90.664 -152.811 2434.71
125.803 -190.186 2761.09
99.4921 -634.308 2837.08
214.834 232.927 2694.95
51.4314 29.0382 2723.82
FRAME: 99
93.626 493.473 2660.37
-125.182 -11.7677 2684.03
-75.7297 -997.766 2964.84
-5.62225 -143.649 2402.13
-55.9862 -179.911 2765.24
-85.5262 -618.958 2829.28
-86.4857 252.396 2690.63
61.666 243.306 2693.77
260.134 -32.232 2687.13
62.9366 -1022.32 2942.2
103.249 -164.731 2445.51
123.517 -190.921 2768.83
95.7209 -631.131 2842.95
209.818 234.215 2696.91
47.7158 28.9449 2730.4
FRAME: 100
83.9219 495.847 2665.35
-116.949 -18.2264 2699.08
-80.4939 -1003.34 2983.75
39.0061 -163.164 2440.77
-60.9718 -169.75 2792.16
-95.2495 -611.073 2857.39
-91.2106 252.737 2699.44
55.1478 243.55 2698.47
260.211 -29.2302 2698.83
63.4643 -1013.48 2961.28
115.515 -202.878 2452.65
120.47 -181.235 2790.99
91.3521 -618.675 2859.82
201.506 234.363 2697.5
42.4485 34.0288 2745.02
FRAME: 101
73.6116 498.565 2668.51
-111.957 -17.3134 2688.12
-79.4383 -994.878 2998.85
14.186 -217.225 2396.46
-61.7225 -165.02 2803.87
-99.947 -596.789 2875.77
-96.6411 252.121 2701.15
49.1777 244.529 2700.95
260.219 -21.2539 2713.11
62.8425 -1007.31 2962.56
140.642 -203.248 2490.06
117.758 -174.373 2803.43
87.9639 -610.643 2860.9
194.997 236.936 2700.76
38.5977 37.4159 2752.3
FRAME: 102
65.7328 499.838 2674.25
-107.173 -16.6685 2683.48
-80.1247 -988.657 2999.48
53.2957 -204.679 2482.29
-71.6037 -155.539 2815.25
-103.853 -584.405 2880.28
-101.598 252.728 2702.18
43.3412 244.804 2701.71
257.196 -18.162 2725.52
62.0652 -1004.96 2964.51
125.872 -217.979 2489.65
114.906 -166.012 2814.49
84.9674 -601.276 2861.34
188.281 236.879 2701.25
32.4962 42.014 2758.29
FRAME: 103
58.7977 501.638 2677.5
-111.972 -5.39237 2692.11
-89.9764 -983.821 3007.71
79.1872 -197.467 2504.48
-75.6107 -142.246 2823.17
-108.104 -571.636 2869.41
-107.541 254.705 2707.22
38.3053 246.62 2704.35
256.638 -13.1672 2731.88
-130.101 -914.394 2980.13
145.747 -211.068 2518.22
114.723 -153.278 2818.48
28.5151 -571.984 2873.94
184.151 238.534 2701.47
28.9307 49.4287 2762.59
FRAME: 104
54.8171 503.183 2675.58
-120.086 0.267755 2699.94
-99.8571 -965.192 3011.59
87.0178 -191.407 2517.98
-84.2424 -133.673 2827.77
-114.629 -532.372 2873.34
-110.183 257.97 2709.11
34.1373 247.272 2702.98
252.843 -8.10622 2742.06
-131.526 -911.079 2998.54
174.036 -195.605 2528.34
107.278 -147.943 2819.04
17.1157 -561.176 2878.62
178.458 236.575 2696.85
22.8275 53.232 2763.19
FRAME: 105
50.1497 501.886 2677.48
-115.563 -4.32669 2688.31
-111.535 -909.93 3002.79
105.919 -211.529 2523.12
-84.4008 -126.32 2822.11
-120.181 -490.673 2872.6
-106.289 251.786 2694
30.3935 248.912 2701.06
242.982 4.91257 2763.24
-122.371 -926.774 3042.99
168.83 -180.43 2565.04
90.4917 -125.661 2837.66
19.8049 -538.165 2881.69
167.076 246.037 2708.12
16.7194 61.4607 2765.47
FRAME: 106
48.0851 500.841 2678.36
-124.93 -1.66011 2684.45
-107.828 -925.209 3018.48
109.696 -178.241 2520.95
-83.0294 -121.624 2824.24
-127.351 -501.557 2882.82
-112.992 254.64 2690.04
28.3121 249.661 2699.55
245.088 9.76277 2776.49
-123.679 -941.502 3033.21
186.069 -161.16 2582.62
92.9254 -127.848 2835.47
-0.541358 -553.39 2864.63
169.616 244.682 2709.05
16.6301 62.4627 2764.7
FRAME: 107
47.534 499.031 2679.25
-126.177 -2.32971 2684.92
-107.052 -940.618 3019.78
130.424 -159.107 2539.64
-83.0814 -122.757 2820.92
-122.232 -517.895 2887.07
-115.376 255.714 2689.21
26.6531 250.318 2698.08
244.422 12.3025 2784.8
-122.776 -913.405 3040.4
193.783 -144.73 2587.25
91.4563 -129.366 2831.74
-11.6747 -542.126 2872.75
168.682 244.921 2706.95
15.4203 62.1281 2762.21
FRAME: 108
46.527 498.017 2680.95
-127.932 -0.670957 2688.19
-107.158 -945.021 3018.24
115.347 -169.37 2521.93
-84.6274 -121.997 2816.35
-120.447 -524.558 2885.78
-114.046 255.399 2685.44
26.551 250.32 2696.17
243.488 12.4974 2788.05
-124.434 -899.539 3037.27
203.083 -151.268 2571.06
90.8937 -128.302 2829.73
-21.4358 -523.764 2870.6
167.148 245.24 2706.9
14.8421 62.5852 2759.61
FRAME: 109
47.5571 497.811 2682.36
-129.436 0.245407 2684.12
-106.829 -946.237 3011.25
76.7786 -156.887 2520.18
-85.9135 -122.992 2807.13
-113.997 -530.901 2881.15
-112.31 254.974 2681.06
26.7301 249.235 2693.87
242.354 12.4763 2793.94
-126.474 -906.377 3035.62
210.565 -146.597 2578.86
85.0622 -130.022 2822.87
-14.5791 -530.543 2865.38
165.77 243.496 2706.68
13.1522 61.3641 2754.43
FRAME: 110
49.6256 496.957 2683.76
-128.038 2.30492 2693.58
-113.976 -953.038 2997.68
77.2354 -150.32 2524.87
-90.3579 -126.803 2792.54
-107.902 -544.26 2870.1
-107.879 255.014 2689.98
28.773 248.079 2693.63
241.912 9.97644 2784.1
-124.545 -894.193 3030.78
219.577 -147.281 2558.17
92.7321 -136.279 2790.62
23.118 -538.454 2852.84
165.425 241.145 2697.27
14.9801 58.2692 2742.6
FRAME: 111
55.4602 494.863 2690.5
-120.173 8.20693 2679.29
-107.424 -960.333 3003.52
150.971 -121.262 2526.44
-78.5544 -130.532 2798.3
-94.2379 -555.742 2876.05
-94.2637 256.335 2673.55
36.8939 249.133 2691.37
240.517 19.7138 2800.16
-133.388 -889.021 3027.58
223.28 -138.622 2567.19
76.8292 -139.641 2818.19
28.8977 -543.086 2880.9
168.052 241.931 2709.18
18.0157 57.0232 2749.81
FRAME: 112
58.2464 494.664 2693.42
-93.1681 14.519 2654.77
-104.504 -977.542 3002.51
164.657 -99.9003 2579.82
-78.0714 -137.98 2801.77
-96.8403 -585.302 2884.76
-80.578 248.201 2669.67
36.1656 242.991 2701.26
230.102 76.5517 2818.18
-124.211 -923.938 3030.52
236.576 -123.907 2587.31
61.767 -144.647 2835.98
-1.5753 -547.563 2899.57
152.909 237.781 2732.84
14.0067 50.8386 2760.07
FRAME: 113
77.6228 483.492 2706.63
-59.6479 24.1425 2647.24
-98.8293 -983.475 2989.51
145.342 -36.9913 2612.23
-72.4116 -144.502 2799.61
-92.1898 -594.388 2871.62
-67.3495 239.2 2679.29
42.7166 234.496 2720.02
241.668 87.4761 2811.97
-123.465 -945.033 3042.79
243.458 -96.4881 2573.25
59.8774 -150.481 2845.14
2.18141 -555.417 2904.01
152.783 229.792 2760.74
18.2247 43.5022 2771.2
FRAME: 114
86.7978 475.456 2714.88
-26.6269 24.8022 2629.54
-98.7247 -988.858 2983.43
114.27 31.9194 2606.79
-68.6951 -153.064 2805.58
-88.1948 -597.287 2869.72
-59.3988 211.813 2684.72
47.7258 207.737 2730.9
237.272 90.5265 2802.53
-115.878 -955.694 3040.16
209.251 -17.1704 2596.19
55.6518 -158.704 2855.48
-6.09391 -558.273 2912.28
154.851 203.661 2777.08
20.6021 25.9267 2780.71
FRAME: 115
92.5579 473.541 2723.75
-31.24 24.4529 2633.98
-101.531 -995.976 2984.23
75.2326 46.198 2613.41
-60.5352 -173.159 2811.58
-88.9675 -606.772 2868
-58.7678 192.857 2686.19
53.9492 188.637 2735.88
226.037 91.0701 2805.53
-103.102 -959.76 3053.39
202.671 -9.10227 2593.7
54.719 -177.299 2861.85
-9.93132 -558.093 2944.65
166.666 184.418 2785.58
25.5205 6.70409 2786.3
FRAME: 116
99.7399 472.612 2731.48
-17.8538 17.0046 2629.09
-97.909 -997.277 2978.45
77.0013 99.7614 2655.04
-55.4943 -177.754 2809.95
-78.243 -612.584 2862.91
-51.6076 189.176 2678.22
54.0352 188.066 2739.92
231.202 114.951 2774.28
-103.32 -970.235 3077.03
191.534 36.2683 2600.1
47.964 -179.364 2868.34
-11.4109 -577.737 2982.52
159.678 186.956 2801.61
25.135 4.75349 2789.53
FRAME: 117
104.725 472.39 2736.03
-15.4155 5.83603 2636.86
-88.0888 -1007.56 2964.96
70.7058 143.023 2698.75
-58.9691 -185.562 2790.99
-77.6664 -630.494 2846.7
-54.2967 198.478 2680.07
54.3654 196.072 2742.39
232.691 108.765 2785.77
26.1415 -1042.23 3024.71
237.919 11.8656 2608.33
61.4956 -188.374 2859.43
45.1192 -632.787 2944.19
163.028 193.666 2804.71
27.8143 4.55178 2783.8
FRAME: 118
109.68 473.493 2738.32
-16.1518 5.31332 2644.66
-62.6028 -1008.78 2961.63
53.1621 151.265 2707.9
-62.7127 -187.237 2780.68
-72.728 -630.288 2844.59
-48.4105 203.745 2680.98
62.8132 197.751 2746.64
235.199 137.11 2787.26
16.7057 -1029.5 3018.87
245.32 -19.7848 2636.39
67.885 -194.461 2857.18
44.2015 -638.373 2933.18
174.037 191.756 2812.3
32.6997 3.45091 2782.78
FRAME: 119
112.781 476.474 2739.32
-23.5503 12.4502 2648.2
-66.4495 -1005.49 2957.38
80.7167 102.172 2690.58
-58.5126 -188.012 2777.22
-71.5175 -627.748 2836.83
-46.2535 216.79 2680.52
62.9833 212.667 2747.38
223.534 93.5694 2811.9
14.1216 -1025.67 3014.21
242.338 -58.1222 2628.5
72.841 -193.138 2857.04
48.8415 -633.489 2927.24
172.22 208.543 2814.24
35.0737 11.0458 2782.25
FRAME: 120
116.805 477.417 2740.12
-18.9183 9.80686 2657.12
-65.6893 -1008.8 2960.6
105.886 46.6446 2699.61
-54.0436 -186.129 2777.13
-72.7537 -635.537 2832.75
-33.8491 227.71 2675.47
80.719 220.053 2737.15
216.088 12.5339 2865.18
18.3565 -1028.81 3005.2
237.54 -141.544 2653.71
80.0223 -195.139 2848.63
54.2718 -637.432 2916.63
195.287 212.396 2798.84
46.8542 14.7096 2775.02
FRAME: 121
123.386 480.478 2740.49
-19.3136 8.30738 2661.9
-57.5183 -1022.9 2953.92
127.38 10.4093 2685.02
-54.2266 -187.199 2773.86
-68.1387 -639.167 2826.24
-29.9137 233.136 2676.63
82.7652 225.262 2735.54
209.327 -3.53286 2875
20.1984 -1029.34 2998.82
240.614 -235.823 2656.34
84.5466 -196.791 2846.2
61.8952 -637.15 2910.58
195.444 217.387 2794.45
48.9626 16.6333 2772.78
FRAME: 122
128.497 482.827 2741.74
-22.2608 2.34926 2671.06
-54.4368 -1026.03 2951.85
139.457 -33.8455 2698.25
-52.2804 -185.62 2770.08
-61.5184 -639.882 2813.83
-24.3607 237.457 2681.71
86.6089 228.425 2737.99
206.128 -17.4471 2877.63
20.4688 -1026.33 2997.18
259.18 -253.211 2677.79
89.1674 -196.932 2841.74
60.0186 -635.599 2901.29
197.579 219.393 2794.26
52.5262 18.5746 2771.95
FRAME: 123
130.646 483.973 2745.31
-14.3928 -4.0272 2667.66
-50.2737 -1026.57 2941.88
158.998 -133.657 2709.1
-46.2981 -189.246 2759.92
-50.4392 -648.966 2795.42
-18.1398 240.674 2682.85
88.5525 231.886 2747.11
205.855 -22.4078 2880.79
40.4241 -1042.88 2998.96
263.737 -266.012 2665.96
90.8554 -200.505 2841.72
79.3711 -646.174 2905.3
195.245 223.098 2811.38
55.4156 18.5054 2773.97
FRAME: 124
136.342 480.822 2748.77
-6.49578 -9.62703 2663.34
-44.1707 -1023.75 2938.15
192.489 -211.64 2728.5
-28.8241 -194.523 2751.43
-36.8553 -653.844 2785.46
-4.61922 242.218 2679.41
90.1988 236.214 2758.24
172.802 -9.44375 2911.12
32.6657 -1043.73 3000.81
266.844 -254.641 2693.25
89.8662 -202.19 2848.54
82.6154 -649.134 2906.11
185.017 230.21 2837.07
60.3599 18.929 2779.11
FRAME: 125
143.88 475.472 2753.28
8.22453 -16.0585 2651.87
-29.1912 -1010.41 2919.65
185.417 -198.358 2687.17
-7.43493 -198.976 2737.38
-14.5802 -653.505 2757.47
12.9587 239.358 2666
91.6793 236.381 2762.74
162.446 -7.31902 2923.74
28.3236 -1041.96 2996.53
279.508 -253.578 2678.38
84.8815 -202.362 2849.87
78.0086 -647.646 2902.98
170.4 233.404 2859.48
65.2012 17.8558 2778.18
FRAME: 126
147.398 472.784 2756.43
37.4068 -26.6664 2631.67
-24.0737 -1007.4 2905.18
199.767 -188.475 2684.51
10.0173 -199.655 2725.29
6.51329 -654.402 2727.77
29.638 231.256 2649.47
95.6196 230.072 2757.95
154.898 -8.79469 2935.58
25.2813 -1038.3 2991.07
241.324 -237.064 2870.25
82.6704 -200.889 2843.87
79.2058 -641.817 2900.3
161.601 228.888 2866.43
70.9817 14.9002 2771.26
FRAME: 127
157.59 465.339 2759.99
73.445 -28.9273 2585.95
-33.8503 -997.707 2891.63
235.052 -214.551 2653.64
17.3962 -201.332 2717.83
22.7466 -651.424 2703.51
47.527 230.389 2638.36
102.118 230.609 2754.07
149.026 3.92468 2944.79
22.2638 -1036.35 2984.74
198.383 -172.928 2973.23
78.3157 -201.005 2845.79
79.6038 -641.506 2896.57
156.708 230.83 2869.79
74.9868 14.7205 2767.94
FRAME: 128
161.857 466.664 2762.04
118.256 21.1493 2513.68
-44.1635 -1003.19 2870.41
220.439 -202.814 2609.19
32.744 -193.328 2697.17
43.0766 -637.963 2650.77
67.5186 231.649 2623.41
105.978 231.542 2748.02
139.97 10.8712 2930.62
22.9427 -1029.88 2970.31
197.503 -177.534 2953.4
74.7401 -193.33 2832
84.8375 -632.768 2883.26
144.437 231.436 2872.63
79.8598 19.1067 2756.3
FRAME: 129
167.75 457.675 2759.28
141.186 24.8679 2495.74
-53.9392 -1007.35 2850.93
222.128 -165.05 2600.83
36.2596 -196.036 2679.95
49.1249 -633.941 2619.17
75.1738 228.504 2614.19
106.607 228.763 2740.87
162.559 3.64247 2848.21
23.2209 -1026.09 2961.7
232.886 -147.55 2726.44
73.7364 -195.755 2829.39
88.6676 -627.088 2874.78
138.04 229.021 2867.54
80.8024 16.4335 2747.77
FRAME: 130
173.981 452.821 2757.19
151.481 33.6425 2471.05
-51.7592 -978.458 2801.66
239.953 -185.108 2573.03
40.0542 -198.846 2667.9
55.2843 -624.642 2596.72
82.1513 227.92 2612.01
107.189 227.685 2738.2
177.112 22.1894 2775.56
20.4546 -1021.25 2953.76
254.037 -113.264 2526.14
72.1953 -199.134 2827.63
86.7912 -623.913 2868.63
132.226 227.45 2864.4
81.6567 14.3474 2742.98
FRAME: 131
175.685 452.519 2757.01
167.802 62.7697 2442.7
-63.8481 -977.605 2767.19
239.397 -166.057 2575.08
42.8061 -197.963 2646.86
56.9312 -610.813 2572.2
84.5565 231.033 2616.79
107.181 227.851 2732.93
178.792 26.2428 2745.35
-17.9994 -975.165 2968.6
262.191 -99.8708 2368.15
76.7286 -202.394 2814.73
87.967 -619.869 2862.3
129.806 224.669 2849.08
83.4743 13.8362 2731.86
FRAME: 132
180.89 451.381 2754.39
166.111 67.4532 2409.99
-62.4241 -980.709 2738.45
244.281 -162.278 2570.38
47.4351 -204.442 2633.36
59.516 -609.664 2548.36
89.8118 224.679 2611.72
108.202 219.666 2728.33
190.364 14.987 2712.98
-16.687 -967.785 2970.69
270.935 -131.671 2310.98
74.1074 -211.272 2802.1
83.9234 -610.24 2855.54
126.591 214.654 2844.93
84.4864 5.90493 2723.03
FRAME: 133
187.423 444.715 2749.38
126.417 107.212 2366.94
-78.7179 -989.07 2698.78
247.152 -160.896 2466.6
43.3443 -205.109 2626.68
53.4644 -606.758 2536.48
93.8261 214.892 2587.61
116.656 211.661 2698.09
193.285 47.3286 2660.87
-6.89881 -974.971 2965.4
255.505 -89.1057 2260.14
79.7656 -209.738 2790.64
91.8998 -612.626 2842.32
139.485 208.43 2808.57
89.1052 2.11889 2703.38
FRAME: 134
174.525 433.905 2715.11
106.426 107.141 2335.03
-65.5267 -1003.95 2649.93
200.398 -146.252 2255.17
28.5169 -206.446 2605.25
47.9866 -609.026 2515.5
89.7661 192.043 2551.55
117.534 190.402 2658.07
204.129 44.8368 2627.64
-2.76483 -962.195 2961.63
246.808 -72.2022 2200.52
80.8205 -207.338 2775.48
95.4405 -605.538 2833.33
145.301 188.761 2764.59
86.1012 -8.24477 2674.22
FRAME: 135
189.427 409.286 2705.99
81.5257 95.1952 2306.5
-80.5898 -1019.87 2603.43
113.507 -29.701 2140.38
-2.70192 -198.833 2586.19
28.7742 -609.773 2488.39
79.1812 184.039 2527.7
118.082 177.256 2599.78
209.73 43.8177 2600.41
12.946 -959.816 2938.72
195.809 -3.80568 2139.88
90.9568 -208.632 2743.65
109.252 -608.236 2798.7
156.982 170.473 2671.85
81.1046 -13.2384 2632.35
FRAME: 136
194.496 403.535 2692.59
87.1548 87.7496 2299.61
-81.327 -1030.4 2568.3
103.416 -40.669 2134.22
-16.2135 -204.271 2561.84
12.9225 -619.211 2454.1
81.7923 178.958 2519.95
118.028 176.75 2585.39
196.525 49.0261 2577.38
20.4865 -955.776 2936.99
138.753 23.9178 2079.89
96.2715 -204.297 2740.58
116.895 -615.807 2781.87
154.263 174.543 2650.83
79.0283 -13.7669 2618.3
FRAME: 137
202.439 412.346 2690.87
84.3696 68.6038 2310.1
-82.2235 -1018.5 2509.76
88.12 -46.8352 2076.02
-17.6405 -207.219 2540.65
6.14149 -618.953 2425.87
79.9439 177.786 2513.21
113.027 177.451 2580.89
184.737 63.5612 2519.58
20.9385 -962.276 2934.11
78.1823 86.6576 2075.56
95.6162 -203.718 2734.17
117.61 -627.126 2762.63
146.11 177.117 2648.57
76.0075 -14.0086 2609.15
FRAME: 138
192.379 422.873 2647.61
84.0077 73.2073 2311.04
-77.5118 -1024.5 2456.59
27.3948 -21.4416 2037.08
-15.3699 -210.24 2530.58
5.37603 -618.095 2404.3
66.5007 182.488 2487.77
103.78 183.957 2568.81
166.405 95.7136 2576.28
19.3993 -950.868 2932.07
97.7237 206.455 2266.97
92.1598 -202.999 2726.27
108.947 -630.696 2757.19
141.059 185.426 2649.85
71.0874 -11.3309 2598.62
FRAME: 139
136.884 398.943 2523.08
54.0119 48.897 2308.08
-70.7033 -1031.54 2438.86
-60.4931 5.99514 2006.45
-14.5155 -232.542 2515.53
3.89627 -635.057 2375.26
39.1529 162.808 2416.35
83.7689 179.006 2520.78
150.754 100.414 2532.55
13.3093 -947.877 2931.7
156.137 311.178 2457.62
84.9215 -197.594 2718.1
106.017 -622.89 2752.82
128.385 195.203 2625.22
59.4859 -18.0313 2568.8
FRAME: 140
168.372 404.046 2560.96
10.7905 53.6306 2278.52
-64.2479 -1027.05 2417.98
-109.892 -22.3359 2014.05
-5.63559 -235.235 2486.18
8.76581 -631.372 2353.36
31.5283 168.817 2380.82
76.389 184.336 2497.3
147.545 107.718 2523.46
4.46394 -951.83 2930.84
167.184 328.432 2448.57
73.4831 -205.416 2674.82
95.9572 -625.072 2728.56
121.25 199.855 2613.77
55.1564 -17.9947 2538.9
FRAME: 141
171.78 402.417 2550.55
-121.163 69.9228 2192.87
-61.7912 -1029.5 2408.28
-186.141 -54.3369 2039.05
-8.7901 -240.516 2459.92
5.86161 -643.683 2327.3
33.396 178.753 2363.22
78.4482 192.897 2486.28
129.076 110.18 2544.82
0.407694 -954.24 2924.97
176.609 341.247 2452.51
70.5784 -212.383 2665.88
88.629 -635.556 2714.14
123.5 207.041 2609.34
54.6712 -16.7763 2524.59
FRAME: 142
162.148 387.468 2502.37
-165.525 71.6479 2203.28
-59.7119 -1038 2396.89
-335.671 -143.173 2074.81
-19.8666 -240.427 2424.99
-3.04138 -656.881 2298.6
29.2051 181.732 2341.62
76.7372 194.112 2471.85
122.261 100.9 2560.39
-3.15085 -955.786 2916.67
163.666 145.671 2536.41
66.9326 -214.291 2654.11
87.0747 -643.474 2681.2
124.269 206.492 2602.08
50.1351 -16.6234 2505.7
FRAME: 143
172.007 354.598 2481.42
-181.536 63.5602 2209.63
-59.2702 -1043.97 2385.76
-359.103 -195.729 2083.44
-39.2534 -247.725 2390.25
-7.01262 -669.709 2266.3
29.9783 171.814 2321.48
82.5519 180.79 2445.47
138.951 58.0684 2597.48
-3.86431 -966.604 2904.57
325.15 -59.606 2704.46
65.2984 -224.628 2631.77
82.1116 -667.651 2645.85
135.125 189.767 2569.46
47.7872 -27.6929 2478.24
FRAME: 144
163.915 330.808 2434.83
-224.815 -4.1116 2224.47
-73.0206 -1061.67 2384.6
-353.996 -284.803 2081.4
-73.8738 -272.819 2356.62
-34.5953 -689.056 2237.1
-9.47632 108.353 2278.7
75.256 108.491 2371.18
236.004 -92.8837 2552.01
10.4539 -968.053 2878.4
434.509 -127.312 2657.93
75.7543 -263.056 2524.83
94.1415 -684.302 2600.51
159.988 108.63 2463.66
38.0981 -79.7232 2405.95
FRAME: 145
155.542 323.305 2406.48
-253.114 -52.1815 2227.42
-66.8185 -1062.91 2376.75
-344.419 -336.476 2071.2
-85.1216 -292.447 2326.64
-36.5393 -704.252 2207.12
-34.5755 89.1692 2262.09
65.393 80.2823 2338
269.141 -130.593 2492.23
7.76246 -979.019 2862.68
528.264 -145.225 2623.05
68.5387 -303.428 2446.29
92.1834 -697.399 2576.11
165.361 71.3953 2413.9
28.5508 -108.827 2362.23
FRAME: 146
141.704 310.712 2378.87
-264.103 -84.3316 2227.9
-66.6351 -1077.28 2376.89
-326.547 -361.046 2058.54
-94.8235 -308.737 2308.95
-39.4506 -718.161 2192.43
-64.1901 76.6873 2247.99
49.8241 64.3803 2308.33
281.947 -153.898 2424.79
6.43763 -982.436 2844.49
550.459 -184.993 2482.36
65.4568 -326.395 2394.25
95.2745 -704.126 2547.59
163.838 52.0733 2368.67
17.5704 -126.593 2329.96
FRAME: 147
128.594 300.974 2347.16
-266.962 -119.814 2220.6
-66.7616 -1080.91 2375.56
-301.573 -396.854 2032.79
-103.299 -324.96 2296.2
-43.1454 -734.352 2172.32
-83.6977 63.9889 2235.1
37.9187 52.2197 2291.09
283.345 -160.682 2382.85
6.88473 -992.883 2815.8
554.613 -214.363 2352.47
63.5046 -341.156 2373.09
95.8677 -710.289 2522.38
159.535 40.4505 2347.08
9.01079 -140.419 2312.87
FRAME: 148
109.76 288.173 2307.83
-263.39 -146.995 2214.99
-65.4866 -1093.28 2381.77
-273.466 -412.24 2010.66
-108.655 -335.201 2289.78
-50.0137 -743.938 2174.17
-110.819 55.9312 2223.71
22.9746 46.2052 2272.95
288.667 -176.733 2318.98
6.095 -999.709 2789.33
602.755 -241.651 2224.26
62.9897 -347.553 2353.11
96.9588 -715.845 2486.73
156.768 36.4793 2322.19
0.0709612 -147.586 2297.2
FRAME: 149
98.4155 287.479 2287.34
-256.088 -164.298 2204.21
-64.6687 -1093.38 2378.42
-240.452 -417.506 1965.31
-112.406 -348.876 2281.72
-45.5757 -745.63 2158.94
-125.155 46.13 2215.19
12.0882 38.7097 2258.79
275.563 -182.063 2244.32
6.08536 -1007.49 2758.85
577.61 -265.416 2092.09
62.2158 -358.183 2337.41
97.1063 -716.241 2477.69
149.332 31.2893 2302.4
-6.50354 -157.41 2284.18
FRAME: 150
87.8208 283.445 2269.06
-247.495 -176.159 2193.82
-64.6604 -1092.25 2374.23
-218.322 -410.865 1937.8
-110.66 -350.893 2274.19
-41.1002 -747.604 2151.38
-128.648 43.8762 2209.26
9.53863 36.8258 2247.93
273.164 -179.111 2207.05
5.8038 -1018.17 2732.11
517.543 -270.642 1946.78
61.7393 -359.596 2322.5
98.6626 -719.071 2466.29
147.725 29.7753 2286.61
-7.46082 -159.21 2273.14
FRAME: 151
73.7122 281.094 2246.6
-232.695 -181.629 2171.77
-66.4744 -1093 2376.09
-173.892 -363.345 1853.58
-108.233 -348.213 2265.87
-41.2758 -744.958 2150.71
-125.716 45.4296 2197.36
10.5536 39.7328 2233.51
260.08 -176.76 2177.57
8.43338 -1029.05 2707.27
345.159 -259.138 1820.36
65.5788 -355.139 2312.87
104.995 -719.935 2449.74
146.823 34.036 2269.66
-5.38664 -155.972 2261.44
FRAME: 152
63.092 282.951 2229.74
-220.248 -187.027 2149.34
-61.7904 -1083.3 2381.66
-181.531 -355.222 1880.42
-104.471 -349.036 2261.91
-37.3094 -742.2 2145.42
-125.281 42.5217 2189.94
12.1142 38.3395 2221.84
230.772 -168.434 2109.43
8.43379 -1032.2 2685.42
182.63 -190.453 1697.07
75.7842 -354.323 2304.41
104.174 -719.621 2452.29
149.509 34.1574 2253.74
-1.11449 -156.67 2252.5
FRAME: 153
56.9186 284.831 2219.98
-202.537 -186.451 2134.17
-60.1345 -1088.95 2363.11
-166.204 -308.014 1849.38
-99.1455 -352.789 2258.29
-31.2419 -742.83 2137.27
-126.021 43.5952 2191.56
12.9325 39.7325 2219.95
203.129 -144.417 2070.89
8.22186 -1034.85 2678.25
94.1285 -144.904 1702.42
79.1137 -357.589 2295.27
104.217 -725.716 2445.37
151.886 35.8698 2248.34
1.45832 -157.728 2248.37
FRAME: 154
51.7693 288.765 2212.71
-190.166 -158.211 2124.78
-63.269 -1093.61 2367.56
-161.12 -208.655 1795.61
-97.4274 -348.901 2260.8
-28.9321 -738.877 2139.42
-124.643 51.7633 2194.08
14.7023 47.206 2217.15
182.834 -130.398 2060.35
6.06266 -1046.05 2663.9
4.67184 -135.663 1746.38
81.1931 -354.72 2290.43
105.445 -728.557 2443.29
154.048 42.6488 2240.22
3.29259 -152.302 2246.39
FRAME: 155
49.8214 290.591 2209.36
-187.156 -135.992 2072.97
-62.2931 -1092 2361.57
-140.794 -110.464 1768.56
-93.2868 -346.236 2268.1
-28.0695 -737.769 2147.53
-122.426 54.3549 2197.68
15.8494 50.2581 2216
150.914 -117.613 2033.29
6.42957 -1049.1 2654.25
-60.5031 -65.6046 1773.6
84.1501 -351.487 2291.69
110.108 -730.673 2432.09
154.125 46.1612 2234.32
5.64054 -149.302 2247.95
FRAME: 156
46.691 292.987 2204.41
-200.212 -112.955 2062.36
-55.3153 -1083.96 2367.87
-174.823 -60.0373 1785.34
-87.4229 -334.086 2275.5
-24.051 -732.253 2150.51
-117.604 69.3569 2212.77
19.5967 63.5501 2218.12
136.05 -98.4788 2024.14
4.46433 -1048.03 2651.16
-84.9039 -19.96 1818.79
85.6151 -341.544 2282.09
109.092 -728.063 2426.99
156.797 57.7433 2223.46
9.34638 -137.132 2248.46
FRAME: 157
46.519 293.157 2207.17
-204.116 -110.738 2064.79
-52.5969 -1096.27 2365.16
-188.031 27.929 1896.52
-83.0163 -334.857 2285.8
-19.0118 -733.276 2156.68
-122.277 66.5077 2233.19
17.1115 61.0536 2229.46
125.591 -92.0129 2026.81
4.84748 -1050.35 2643.75
-122.036 56.7744 1913.64
87.8294 -341.635 2281.38
108.579 -726.616 2426.22
156.5 55.5996 2225.72
9.75903 -138.596 2256.52
FRAME: 158
46.9641 297.998 2226.25
-205.95 -116.68 2093.84
-45.3746 -1088.06 2363.45
-206.236 78.1566 1980.59
-77.1902 -334.276 2307.94
-11.3123 -725.947 2164.21
-131.649 62.7247 2265.48
12.9509 58.8044 2250.59
118.712 -84.4012 2036.7
6.99919 -1050.62 2640.94
-108.08 101.733 1999.89
91.2812 -338.817 2290.7
115.856 -721.214 2433.78
157.551 54.8841 2235.7
9.99819 -138.871 2274.96
FRAME: 159
44.8381 303.504 2248.34
-204.247 -133.236 2151.71
-44.5335 -1085 2367.57
-220.18 107.227 2041.32
-73.2875 -333.394 2318.76
-8.10104 -723.954 2168.54
-131.376 67.0099 2290.7
12.7503 65.2805 2274.67
117.116 -72.3881 2057.81
9.67008 -1053.83 2638.38
-95.6043 117.538 2041.37
97.1956 -335.383 2299.87
118.801 -721.513 2441.07
156.877 63.551 2258.65
12.3522 -134.554 2291.99
FRAME: 160
45.6526 310.949 2271.74
-209.811 -126.758 2188.4
-37.9345 -1084.77 2361.46
-208.141 104.953 2089.95
-67.7298 -333.206 2332.4
-2.08376 -723.247 2172.02
-136.239 71.3856 2315.98
11.1983 72.9677 2300.1
124.449 -56.6976 2085.42
18.2694 -1048.76 2653.17
-86.8105 133.459 2083.54
103.46 -331.387 2314.04
118.309 -719.42 2446.28
158.635 74.5498 2284.22
14.5316 -129.664 2311.66
FRAME: 161
51.3052 318.983 2318.36
-206.119 -74.6877 2287.77
-33.592 -1085.38 2350.73
-194.413 149.668 2189.54
-61.6829 -325.954 2363.83
12.0081 -716.309 2199.24
-137.461 85.3104 2354.8
14.2708 89.3599 2349.33
142.116 -46.0559 2138.31
22.3968 -1048.85 2668.67
-73.8039 141.943 2154.49
112.196 -321.373 2357.52
122.711 -719.804 2467.11
166.003 93.4094 2343.86
19.7636 -117.152 2355
FRAME: 162
54.224 334.798 2354.38
-202.101 -96.6431 2321.83
-30.1951 -1083.93 2353.48
-172.466 120.829 2220.06
-51.2173 -315.739 2402.33
12.8767 -703.672 2235.54
-130.332 98.3337 2379.05
19.6114 104.163 2376.01
146.656 -29.032 2163.11
25.7808 -1040.59 2689.78
-54.9043 162.352 2204.57
121.824 -308.986 2399.03
129.84 -712.372 2491.17
169.555 109.992 2372.97
27.4573 -104.1 2388.34
FRAME: 163
53.1087 344.948 2388.43
-191.035 -104.23 2386.99
-30.9073 -1086.31 2344.16
-159.622 149.237 2288.09
-46.0878 -302.762 2432.42
6.65503 -696.049 2275.1
-124.268 112.682 2402.47
22.3609 120.163 2409.34
158.203 -5.7182 2214.51
37.2178 -1016.04 2773.09
-36.3551 170.601 2234.4
127.793 -293.746 2440.44
138.867 -703.955 2543.84
168.99 127.643 2416.2
31.6067 -89.0458 2422.88
FRAME: 164
61.5556 355.605 2422.99
-190.37 -117.788 2424.49
-33.8948 -1087.19 2354.38
-142.678 122.973 2322.56
-42.0571 -287.249 2469.76
-4.27457 -694.006 2327.31
-118.531 127.692 2427.76
28.536 135.41 2437.96
170.434 1.1778 2252.27
36.8674 -1029.86 2781.15
-23.2596 184.025 2262.22
134.955 -277.897 2482.25
141.954 -692.741 2591.93
175.604 143.128 2448.16
37.4924 -73.5817 2456.98
FRAME: 165
67.1229 362.864 2446.62
-184.461 -118.92 2474.37
-39.2103 -1082.38 2362.84
-130.852 125.051 2373.02
-38.4007 -280.182 2499.3
-15.2467 -690.973 2362.94
-115.418 130.991 2449.01
33.1096 139.074 2460.72
172.485 6.95091 2281.34
48.8557 -1019.47 2853.71
-15.072 186.449 2282.39
140.242 -270.434 2513.45
141.477 -686.105 2620.41
181.637 147.156 2472.42
42.0152 -68.117 2483.55
FRAME: 166
76.4163 377.31 2488.52
-177.395 -102.271 2515.02
-39.552 -1081.27 2377.51
-118.097 136.329 2426.45
-32.895 -272.233 2538.09
-16.6074 -688.205 2404.78
-106.096 139.94 2488.21
41.2303 147.105 2499.86
185.012 11.1886 2310.11
48.4743 -1018.97 2885.74
-2.37919 188.922 2339.5
145.94 -263.582 2552.39
138.678 -680.885 2659.49
188.557 154.27 2511.51
48.8763 -60.4012 2522.55
FRAME: 167
86.7596 392.995 2513.44
-170.304 -74.476 2542.07
-40.0077 -1074.46 2400.28
-116.019 145.615 2474.92
-33.1629 -263.944 2566.44
-13.091 -680.739 2437.27
-99.6884 155.369 2522.17
47.5307 159.702 2533.28
194.023 23.7609 2340.94
43.625 -1023.83 2890.22
-4.62326 212.252 2383.6
146.4 -258.761 2580.18
137.733 -685.047 2681.55
194.75 164.035 2544.39
52.0747 -50.8251 2553.29
FRAME: 168
84.1619 402.819 2531.33
-166.37 -56.529 2551.12
-36.9293 -1071.98 2412.38
-109.122 166.862 2443.96
-32.5321 -256.038 2598.02
-10.6176 -670.062 2463.01
-98.8746 162.406 2546.91
48.9361 166.918 2554.39
201.96 22.1241 2369
46.1684 -1021.92 2902.04
6.27856 186.663 2380.46
148.618 -250.571 2607.25
131.634 -675.043 2708.15
196.747 171.431 2561.88
53.4896 -43.1929 2578.51
FRAME: 169
93.4092 416.444 2556.26
-167.595 -46.8361 2585.82
-36.6229 -1081.44 2448.31
-114.72 208.33 2481.72
-34.316 -250.523 2617.01
-12.371 -676.001 2502.14
-90.2252 177.518 2570.32
56.3581 178.582 2575.84
212.454 23.8135 2396.9
49.6651 -1030.55 2905.94
2.71703 199.671 2405.05
147.474 -249.199 2623.93
133.769 -676.762 2722.73
202.941 179.645 2581.37
56.4686 -35.6396 2598.16
FRAME: 170
87.2856 413.305 2567.77
-170.76 -52.9904 2617.99
-34.7817 -1085.76 2496.63
-117.05 191.14 2482.01
-32.4496 -245.598 2641.54
-17.5167 -675.396 2533.98
-91.4159 180.304 2590.65
55.3562 181.39 2591.46
208.977 29.8765 2407.38
51.8234 -1026.21 2913.12
0.934903 196.292 2405.44
147.667 -244.293 2642.63
132.606 -672.484 2738.96
202.128 182.476 2592.26
56.4824 -31.7777 2616.77
FRAME: 171
87.5103 423.157 2578.96
-170.653 -47.9753 2628.59
-30.6262 -1077.11 2619.93
-121.322 158.629 2493.67
-32.7922 -235.068 2657.01
-22.5128 -669.778 2565.77
-89.8954 191.327 2605.69
56.2775 191.436 2606.92
211.804 34.0844 2426.66
59.7569 -1021.71 2919.69
6.00057 193.344 2417.05
144.503 -234.912 2658.63
131.789 -667.804 2748.88
202.45 191.545 2608.14
56.0665 -21.7773 2632.37
FRAME: 172
87.3098 438.042 2594.19
-166.467 -18.3464 2640.11
-34.461 -1070.94 2771.22
-49.4159 144.827 2565.43
-39.5927 -223.093 2676.16
-33.4948 -661.895 2646.73
-89.3572 201.741 2620.28
56.4651 200.735 2625.43
215.447 29.235 2458.7
58.1932 -1018.74 2920.54
8.56524 181.425 2433.5
141.02 -224.312 2682.65
128.014 -659.263 2762.67
202.287 199.729 2630.59
53.5893 -11.4837 2652.42
FRAME: 173
84.0765 448.35 2610.14
-162.558 7.75249 2656.77
-41.162 -1029.46 2856.95
-91.8733 191.198 2499.08
-48.4995 -208.117 2716.34
-36.3491 -651.491 2687.39
-89.665 221.524 2667.56
55.3852 217.569 2659.88
213.231 31.5347 2495.83
56.3652 -1020 2934.43
0.00899444 161.323 2438.52
138.324 -213.356 2706.34
122.861 -652.42 2778.94
200.435 213.614 2652.19
50.1487 3.41645 2685.61
FRAME: 174
80.4662 454.394 2623.8
-162.492 17.0831 2662.52
-42.3335 -1022.73 2886.95
-81.0807 176.688 2492.55
-51.9164 -200.11 2735.58
-42.6542 -650.906 2720.22
-89.8071 235.464 2691.53
55.8378 229.689 2681.84
212.607 34.0903 2520.06
55.5808 -1019.69 2937.74
-2.26954 141.304 2448.89
132.977 -207.508 2723.34
114.233 -644.037 2796.21
201.483 223.914 2672.16
48.184 12.9402 2705.65
FRAME: 175
74.0615 464.37 2633.37
-162.542 27.8835 2662.76
-51.6428 -1005.77 2913.5
-83.1559 156.003 2485.32
-54.096 -189.412 2750.76
-51.6965 -638.961 2751.25
-93.149 244.347 2702.94
53.7541 237.596 2691.89
214.008 34.2813 2535.68
59.2433 -1022.46 2938.51
-5.87983 123.888 2453.27
128.107 -197.78 2737.1
112.892 -640.777 2804.83
200.657 230.845 2680.85
45.3799 22.0001 2717.91
FRAME: 176
71.2671 481.639 2643.75
-165.525 43.02 2676.37
-63.0413 -1007.38 2927.31
-73.6857 170.214 2503.43
-61.3905 -180.186 2759.34
-61.8533 -630.667 2772.12
-96.4062 255.773 2718.55
51.216 246.924 2703.26
218.141 37.9101 2543.97
60.9783 -1033.52 2936.99
-18.7244 124.508 2463.05
121.276 -191.128 2740.48
110.899 -642.553 2807.42
198.838 238.075 2687.96
40.5793 30.6334 2726.58
FRAME: 177
62.0076 482.12 2646.69
-164.47 44.4761 2685.82
-67.5201 -1006.78 2939.92
-73.3885 105.985 2500.05
-65.1476 -172.645 2769.17
-69.9081 -623.137 2790.44
-101.146 258.035 2722.05
47.1801 249.917 2707.64
218.674 22.8269 2570.48
65.6839 -1030.64 2942.18
-7.06618 69.4244 2470.04
120.109 -182.822 2751.12
106.876 -635.156 2817.57
195.506 241.799 2693.22
37.3304 36.0916 2733.89
FRAME: 178
56.3489 487.153 2651.88
-194.008 106.005 2707.71
-70.2385 -1012.44 2949.12
-111.823 138.428 2571.01
-67.9506 -167.314 2780.57
-75.6083 -618.527 2809.15
-108.616 260.615 2727.41
40.3506 252.686 2709.91
221.961 17.4869 2587.94
64.3559 -1025.98 2941.51
-46.6696 64.6985 2497.27
114.942 -177.072 2759.06
105.788 -626.389 2822.24
189.318 244.757 2692.4
31.9232 40.2465 2739.86
FRAME: 179
44.4681 489.555 2658.66
-221.376 117.189 2711.92
-70.9663 -1015.84 2956.68
-100.13 183.565 2622.27
-74.9924 -155.425 2792.49
-80.8771 -612.097 2828.71
-116.75 267.874 2734.6
30.5189 260.293 2712.96
224.087 7.5488 2618.52
65.8119 -1015.31 2942.12
-52.0976 10.1344 2530.15
110.173 -165.019 2765.12
101.897 -610.01 2830.24
177.787 252.712 2691.33
24.0546 50.0356 2745.88
FRAME: 180
34.2658 491.559 2663.32
-228.759 114.635 2717.99
-71.1129 -1013.18 2965.88
-132.631 140.879 2604.33
-80.8705 -153.032 2798.7
-87.9969 -605.896 2844.86
-133.513 267.882 2731.06
19.428 261.908 2710.6
223.382 2.97531 2641.27
66.552 -1009.17 2945.61
-40.8111 -13.5108 2539.15
106.222 -160.378 2773.6
96.0277 -601.367 2843.75
172.369 255.935 2690.13
16.052 52.6017 2748.37
FRAME: 181
26.8069 497.962 2669.41
-347.303 166.459 2711.88
-70.7218 -1012.21 2970.58
-194.111 121.325 2607.34
-84.2514 -149.53 2802.91
-92.5906 -605.602 2851.57
-137.21 269.017 2733.28
16.1211 262.687 2712.56
229.266 -0.0703677 2669.08
67.7053 -1011.7 2942.45
-46.8808 -35.6694 2567.52
103.071 -157.276 2777.64
94.2831 -596.838 2844.41
169.452 256.358 2691.83
12.7654 54.6422 2751.42
FRAME: 182
21.4915 498.097 2670.06
-362.224 156.098 2682.09
-78.1072 -1008.72 2983.1
-168.674 54.1394 2597.72
-91.8507 -149.319 2810.31
-100.924 -597.876 2863.49
-150.606 265.445 2731.89
4.08936 261.006 2712.34
227.869 5.37874 2692.16
65.7123 -1006.16 2950.62
-26.6867 -77.914 2575.64
98.1077 -154.737 2786.29
89.5217 -592.826 2851.94
158.785 256.566 2692.78
3.60893 54.4888 2755.32
FRAME: 183
18.7729 499.602 2674.76
-371.085 141.816 2676.12
-78.4343 -1008.16 2990.98
-215.886 66.0406 2584.06
-94.1841 -146.168 2815.19
-102.756 -596.362 2870.03
-152.342 265.08 2733.19
1.16282 260.038 2714.17
232.482 12.9939 2717.12
67.5831 -999.381 2950.76
-14.0692 -102.193 2597.62
91.8801 -152.16 2792.29
88.9484 -586.948 2852.01
154.668 254.996 2695.16
0.00540978 55.4368 2758.96
FRAME: 184
16.6434 498.722 2676.53
-244.876 54.4326 2787.14
-79.7569 -1009.5 3001.65
-315.298 83.7396 2577.77
-97.008 -146.398 2827.26
-106.521 -594.109 2882.5
-159.106 262.248 2740.43
-6.46125 257.875 2720.89
230.64 17.0226 2739.05
67.5821 -997.792 2951.39
-26.6538 -111.56 2612.54
84.9878 -151.533 2804.06
86.0548 -584.891 2854.93
146.183 253.502 2701.34
-6.2357 54.4549 2768.27
FRAME: 185
15.1609 497.313 2678.68
-250.578 41.5434 2796.04
-81.5291 -1010.08 3004.35
-334.339 120.318 2560.71
-100.649 -146.58 2833.23
-110.948 -593.84 2889.03
-162.033 261.538 2741.07
-11.8233 257.839 2723.18
226.424 20.3466 2753.62
66.9776 -996.532 2956.01
-5.09585 -112.283 2618.78
80.8484 -150.995 2811.55
82.9762 -584.285 2859.98
138.386 254.141 2705.29
-10.8618 54.5256 2772.79
FRAME: 186
13.0959 496.343 2681.85
-276.539 72.2107 2788.24
-82.6446 -1005.87 3004.1
-342.563 180.565 2556.58
-103.043 -144.467 2834.4
-113.036 -589.617 2889.52
-160.502 263.36 2740.32
-12.7133 259.741 2724.83
224.195 26.1522 2768.52
65.9482 -997.366 2960.9
-9.71467 -100.497 2624.33
78.9648 -148.883 2815.29
81.1282 -583.898 2866.97
135.076 256.121 2709.34
-12.3761 56.5328 2774.84
FRAME: 187
11.6677 495.601 2685.77
-295.745 83.8526 2779.82
-82.1522 -1005.41 3006.29
-349.489 173.226 2548.54
-105.216 -147.571 2836.97
-113.303 -591.099 2892.46
-164.493 261.781 2739.81
-16.3111 259.375 2727.32
221.22 26.554 2779.68
66.5508 -998.182 2960.82
2.31841 -84.9061 2622.89
76.6832 -150.49 2821.6
80.5976 -585.497 2868
131.871 256.968 2714.83
-15.2886 55.172 2778.3
FRAME: 188
13.5702 498.299 2687.56
-311.609 101.013 2769.03
-81.6885 -1005.65 3005.33
-329.926 187.704 2553.65
-107.602 -150.384 2839.78
-113.405 -593.982 2891.35
-165.787 264.339 2742.42
-17.2235 261.952 2732.03
226.352 30.4629 2789.78
66.5853 -998.069 2960.55
-4.41439 -68.1617 2627.26
74.5367 -153.283 2827.04
80.5391 -586.644 2868.41
131.34 259.565 2721.64
-16.8782 55.0593 2782.72
FRAME: 189
10.8043 493.638 2688.99
-291.928 86.5104 2785.51
-81.7387 -1005.37 3007.8
-232.803 157.318 2577.59
-107.746 -150.487 2839.58
-113.36 -593.606 2895.35
-168 261.695 2739.35
-18.3799 260.556 2732.33
220.082 30.1172 2796.28
66.3824 -997.994 2965.96
19.8126 -73.113 2614.34
74.5852 -151.836 2831.04
78.3324 -587.279 2876.33
131.24 259.418 2725.32
-17.4801 54.6973 2783.82
FRAME: 190
11.2898 494.332 2693.03
-250.785 59.7291 2781.94
-82.2247 -1005.62 3005.37
-163.721 136.777 2609.7
-108.937 -150.614 2839.63
-113.393 -595.19 2892.97
-168.065 260.008 2735.07
-18.4674 259.541 2732.76
219.375 28.592 2804.9
65.9037 -999.916 2972.62
34.6811 -63.3932 2620.23
72.5704 -151.146 2836.86
77.2159 -588.959 2882.8
131.131 259.074 2730.46
-18.3254 54.3304 2785.5
FRAME: 191
12.2364 494.452 2699.74
-253.139 27.9772 2787.14
-82.7564 -1006.22 3001.93
-146.43 144.739 2643.99
-110.703 -154.365 2838.37
-111.915 -597.569 2889.2
-168.775 257.837 2736.26
-18.4281 257.963 2739.3
215.947 25.4071 2815.06
65.4482 -1002.52 2975.61
68.2193 -65.2871 2600.71
70.3014 -154.175 2842.08
76.1142 -596.533 2888.49
131.919 258.088 2742.33
-19.3146 51.8463 2789.76
FRAME: 192
17.6699 493.584 2710.43
-239.311 17.0357 2776.8
-82.4261 -1008.49 3001.3
-92.0134 79.1416 2627.54
-111.928 -157.154 2835.23
-111.03 -600.923 2886.32
-165.244 256.652 2736.46
-16.5127 256.851 2746.29
213.682 18.6803 2824.5
64.0134 -1004.6 2978.99
88.9857 -87.5559 2594.86
67.6503 -156.904 2847.12
75.2643 -600.179 2891.79
132.219 257.05 2756.13
-19.3259 49.9112 2793.74
FRAME: 193
22.6404 492.417 2720.5
-224.59 6.96953 2748.12
-82.7587 -1006.86 2997.01
-42.1814 -18.0812 2597.28
-113.23 -162.291 2827.95
-109.645 -601.791 2882.19
-141.707 252.408 2723.98
-5.00811 251.138 2748.67
202.566 8.83433 2830.48
61.8659 -1005.56 2985.26
129.376 -120.91 2606.89
62.5245 -163.823 2859.46
72.6153 -602.445 2899.11
131.691 249.867 2773.36
-15.1805 44.0404 2796.19
FRAME: 194
24.6967 494.711 2726.65
-190.151 -23.8725 2724.18
-76.2152 -1017.89 2981.21
35.9682 -86.1387 2625.08
-106.55 -180.629 2811.45
-104.558 -618.822 2863.74
-144.331 236.773 2726.7
-21.5028 242.943 2776.2
98.4722 -44.3873 2865.49
56.7766 -1000.37 2993.21
149.641 -104.134 2582.85
55.7313 -172.533 2876.56
69.5044 -598.524 2908.17
101.326 249.113 2825.7
-23.456 33.181 2810.1
FRAME: 195
31.9908 490.902 2732.37
-180.205 -22.4985 2716.4
-75.3384 -1014.95 2982.84
42.0016 -90.023 2635.88
-108.002 -175.785 2810.49
-102.556 -610.85 2864.34
-129.586 236.603 2715.2
-0.882369 237.707 2764.22
145.983 -48.2873 2867.13
57.7824 -998.159 2990.15
161.816 -151.201 2608.71
56.8809 -174.304 2873.27
72.5781 -597.674 2904.76
127.821 238.81 2813.25
-13.2215 31.3312 2803.05
FRAME: 196
40.7296 492.902 2736.33
-163.044 -19.7913 2712.8
-74.073 -1013.8 2979.22
10.9987 -123.799 2672.25
-105.721 -174.164 2809.09
-100.316 -610.594 2856.19
-116.116 240.237 2711.46
9.46921 239.745 2761.32
156.167 -42.8792 2872.14
58.1321 -1000.74 2990.67
176.793 -183.353 2628.62
58.9036 -174.796 2874.17
73.5275 -598.915 2904.4
135.054 239.253 2811.19
-6.96985 32.6324 2801.48
FRAME: 197
55.8303 493.159 2744.98
-131.138 -23.1059 2706.05
-70.0154 -1012.95 2969.86
29.6128 -154.57 2672.07
-99.8583 -178.06 2797.69
-93.2691 -614.204 2841.73
-86.6389 242.441 2706.49
27.6591 238.898 2760.49
155.08 -34.408 2878.59
56.6806 -1005.88 2990.13
204.305 -222.307 2665.28
58.9645 -183.15 2872.14
73.811 -607.84 2903.26
141.957 235.356 2814.48
3.6061 29.1467 2797.7
FRAME: 198
70.7353 492.051 2752.28
-80.2161 -27.9293 2690.92
-63.7371 -1030.71 2955.47
111.279 -188.795 2690.88
-82.6021 -187.962 2779.96
-79.9174 -632.293 2826.65
-63.7339 243.589 2700.7
35.9027 241.272 2769.25
142.286 -18.1139 2901.28
47.4247 -1019.7 2993.31
224.07 -226.767 2678.14
56.4045 -191.287 2874.75
63.5949 -634.198 2901.18
135.539 238.955 2837.8
11.402 25.8236 2798.3
FRAME: 199
81.2755 488.555 2756.76
-50.3221 -25.7239 2669.59
-53.3533 -1045.59 2944.81
113.6 -209.731 2687.48
-58.5981 -194.767 2762.03
-64.2476 -644.414 2813.91
-48.5591 255.079 2688.27
37.8369 253.62 2785.19
82.3689 23.7138 2990.74
36.7798 -1023.75 2995.41
187.836 -229.506 2857.19
46.8634 -196.664 2878.53
57.2466 -642.532 2905.17
124.233 252.161 2882.11
15.9848 28.9523 2802.73
FRAME: 200
91.5763 484.686 2759.68
-15.4032 -0.303305 2652.1
-40.4564 -1042.9 2940.77
192.727 -239.38 2726.71
-47.6974 -195.173 2752.64
-52.4982 -642.804 2801.51
-31.1283 254.788 2684.02
46.2489 252.501 2786.99
73.1904 19.044 2993.35
29.2955 -1033.98 2987.31
175.799 -213.946 2920.57
46.6378 -198.075 2876.83
58.0471 -650.51 2903.86
123.626 250.214 2889.95
22.8595 27.9386 2800.86
FRAME: 201
102.4 482.481 2761.22
-19.4002 -16.3621 2665.92
-25.0314 -1039.07 2927.13
194.461 -219.245 2707.35
-35.3764 -202.112 2746.15
-35.7309 -649.028 2786.44
-19.0454 249.883 2678.96
51.1552 248.386 2788.25
70.6063 14.6842 2998.98
16.063 -1044.53 2978.54
204.595 -246.264 2916.52
50.134 -203.853 2878.09
57.2145 -657.172 2901.18
121.356 246.888 2897.54
29.267 22.7016 2800.19
FRAME: 202
120.507 470.144 2765.47
35.6257 -16.6943 2601.54
-22.5965 -1037.65 2915.51
228.675 -202.622 2689.71
-15.85 -200.038 2732.69
-12.3611 -652.357 2762.77
15.5774 243.336 2661.18
66.38 242.316 2782.59
63.0305 7.02107 3002.41
10.2086 -1042.4 2975.68
180.273 -212.126 3028.88
43.4488 -201.175 2872.51
64.3936 -656.055 2900.01
117.183 241.296 2904
40.0897 20.8547 2792.6
FRAME: 203
141.797 461.227 2765.51
119.245 11.945 2526.27
-39.4211 -1032.19 2899.8
252.123 -188.164 2663.12
1.38851 -204.543 2720.47
30.5151 -662.474 2717.54
37.5413 239.148 2647.93
73.9869 238.939 2777.52
58.1915 6.73736 3003.45
15.0793 -1035.64 2963.43
172.245 -191.918 3058.9
42.643 -204.805 2865.74
77.0481 -651.829 2883.85
110.432 238.731 2907.11
48.0013 17.1325 2785.31
FRAME: 204
154.484 449.862 2768.41
162.186 22.962 2492.67
-51.1565 -1032.4 2891.88
295.363 -210.328 2644.89
9.76016 -205.329 2706.04
38.8902 -656.046 2686.72
52.5994 235.115 2642.44
79.6367 234.312 2773.71
64.6604 7.60779 2993.99
19.8588 -1032.99 2955.54
178.547 -181.887 3047.95
42.4205 -206.302 2862.39
84.7756 -646.511 2879.18
106.674 233.509 2904.98
52.8635 14.2484 2778.96
FRAME: 205
170.853 444.063 2771.71
165.416 35.5506 2473.2
-67.258 -1014.04 2863
301.801 -188.811 2609.45
17.3909 -206.443 2694.88
47.2834 -658.692 2663.67
68.8584 235.671 2640.45
88.1303 233.716 2771.06
88.8647 16.7134 2953.56
14.0867 -1016.09 2958.75
201.428 -136.081 2898.35
41.7221 -208.645 2856.87
84.5748 -637.8 2866.16
107.402 231.762 2901.66
58.8434 13.0863 2773.47
FRAME: 206
184.286 442.719 2774.28
155.527 67.8842 2441.79
-76.1838 -1001.42 2854.07
298.674 -178.296 2579.52
17.3502 -196.343 2679.17
55.2331 -645.31 2632.2
78.39 236.794 2629.49
99.4753 232.18 2758.15
91.24 27.764 2951.93
-33.2093 -965.991 2966.74
220.174 -134.504 2868.42
46.3914 -201.766 2846.15
87.8371 -627.45 2862.75
120.561 227.566 2886.82
65.6731 16.563 2760.41
FRAME: 207
202.628 440.337 2761.5
147.667 91.819 2421.12
-75.0812 -965.36 2809.55
288.614 -143.988 2433.24
19.7263 -192.561 2661.54
72.5429 -624.729 2596.55
95.1765 240.205 2621.11
109.219 235.86 2748.02
113.146 44.1406 2878
-50.715 -954.745 2950.79
240.272 -114.828 2715.77
43.4957 -197.321 2835.6
84.5341 -624.853 2875.79
123.262 231.516 2874.93
70.4152 20.4596 2748.29
FRAME: 208
210.456 442.295 2769.44
142.574 104.762 2400.04
-77.7086 -966.933 2796.5
283.355 -126.469 2299.88
19.5895 -183.094 2645.35
75.2734 -614.807 2578.9
104.621 240.045 2603.38
119.222 234.239 2731.13
132.088 57.359 2829.16
-44.6543 -936.131 2975.27
270.282 -109.303 2496.91
44.6473 -189.484 2817.14
89.7223 -612.822 2874.43
133.822 228.433 2858.87
75.6702 23.975 2731.19
FRAME: 209
213.574 439.542 2770.03
131.893 127.63 2370.87
-78.3072 -977.624 2753.16
259.249 -60.8561 2243.92
21.3699 -184.585 2623.2
78.4408 -612.371 2544.11
116.378 245.479 2590.38
127.148 239.33 2719.92
144.873 62.6324 2788.97
-42.3433 -929.917 2975.61
269.524 -50.0916 2280.46
40.1302 -190.948 2806.43
85.3209 -612.545 2868.57
137.917 233.182 2849.46
78.9489 25.7819 2717.37
FRAME: 210
224.029 429.595 2767.05
126.847 139.303 2357.64
-78.3968 -977.403 2714.26
213.884 -19.6957 2190.64
23.7044 -187.886 2605.5
75.954 -603.684 2521.63
124.677 247.267 2583.09
132.678 240.083 2711.75
167.31 64.6462 2737.23
-46.2347 -931.792 2934.58
247.424 -7.75535 2286.83
37.5105 -195.662 2796.19
79.6909 -620.981 2858.41
140.679 232.898 2840.41
81.6429 24.1544 2706.3
FRAME: 211
237.021 414.425 2743.02
126.426 143.311 2345.52
-73.3009 -975.023 2668.27
168.543 41.1448 2105.94
28.086 -196.588 2593.52
78.4231 -603.463 2497.67
136.637 230.233 2572.99
140.413 227.459 2686.33
177.409 70.5804 2700.99
-40.2258 -915.149 2922.43
229.446 7.19982 2263.77
37.057 -196.305 2791.74
76.7676 -620.004 2852.08
144.189 224.685 2799.68
86.4923 15.5063 2689.48
FRAME: 212
244.786 391.557 2735.22
126.223 166.541 2335.03
-75.2377 -985.967 2632.23
134.563 100.4 2102.07
18.2642 -205.407 2576.47
71.5779 -606.727 2470.86
111.55 218.953 2550.63
126.24 216.85 2656.12
181.81 70.937 2684.96
-10.3805 -937.955 2999.96
192.714 71.846 2258.04
42.4639 -203.101 2776.05
81.787 -624.352 2837.9
140.931 214.748 2761.6
78.3021 6.29813 2666.19
FRAME: 213
240.541 384.041 2720.58
123.259 153.537 2351.09
-68.5929 -1000.49 2583.67
92.8302 136.486 2048.19
16.7674 -209.871 2560.82
68.9328 -612.858 2449.35
117.839 205.091 2543.5
128.033 203.122 2654.9
217.306 139.183 2587.71
-9.38266 -933.466 2997.03
172.685 185.758 2370.04
37.7815 -210.13 2759.62
79.7808 -628.763 2821.41
138.227 201.152 2766.3
77.6538 -3.43925 2657.56
FRAME: 214
250.68 387.308 2689.16
107.358 133.947 2336.72
-78.1829 -1013.73 2534.38
44.4545 147.415 2042.25
9.94841 -208.925 2544.43
46.6492 -620.003 2423.23
104.785 192.71 2510.32
120.135 193.305 2625.54
218.878 178.849 2550.78
-5.21018 -939.125 2977.42
198.462 242.983 2492.66
40.6781 -203.745 2744.22
78.5625 -633.692 2793.47
135.486 193.901 2740.76
72.7244 -6.51488 2634.93
FRAME: 215
263.934 385.31 2678.57
95.1547 140.162 2329.41
-67.957 -1006.12 2489.69
-58.8161 169.468 1977.78
10.1613 -205.612 2536.32
33.5233 -618.353 2409.49
98.364 197.015 2506
115.405 195.535 2622.48
218.88 202.998 2555.03
-1.62969 -944.89 2967.27
198.449 289.43 2551.28
43.9662 -203.611 2731.17
78.7968 -639.85 2772.33
132.445 194.055 2738.96
71.2342 -4.53844 2628.11
FRAME: 216
260.323 377.739 2656.56
-13.9413 175.894 2293.58
-65.4806 -1015.29 2454.07
-146.526 170.578 2024.51
9.57577 -209.789 2520.17
20.2971 -615.536 2385.59
102.245 204.013 2482.34
117.523 204.403 2596.12
200.655 196.727 2533.27
-1.15932 -948.155 2944.94
199.326 283.324 2587.44
44.2829 -202.137 2723.03
76.8356 -636.391 2742.03
132.802 204.793 2709.89
72.2264 -0.780053 2608.86
FRAME: 217
243.372 375.443 2632.25
-61.3404 176.51 2277.26
-68.2722 -1029.13 2445.76
-247.823 153.626 2040.84
5.69553 -208.105 2505.03
8.22521 -623.702 2375.7
107.67 203.041 2456.77
128.104 203.559 2573.38
200.013 191.085 2538.9
2.32916 -951.326 2937.32
173.307 268.436 2562.78
45.4789 -199.969 2703.9
79.8192 -633.771 2729.47
148.537 204.077 2689.99
76.8454 -0.238832 2588.92
FRAME: 218
237.024 361.754 2607.91
-108.053 172.651 2284.26
-60.0564 -1035.58 2431.15
-297.82 127.382 2086.09
-0.618722 -218.979 2488.92
5.07357 -631.238 2349.9
98.4633 193.124 2419.67
124.048 200.224 2532.93
159.419 213.63 2484.15
0.0238198 -944.406 2924.17
112.643 272.661 2473.87
46.4972 -200.932 2690.09
79.982 -637.469 2724.89
149.634 207.324 2646.19
73.4938 -4.86587 2561.22
FRAME: 219
243.599 356.216 2597.25
-122.839 174.881 2286.14
-63.4946 -1033.12 2414.17
-351.66 81.3357 2120.07
-4.10156 -217.051 2474.07
-1.9633 -628.37 2330.8
99.833 199.03 2416.38
128.418 199.291 2536.67
154.355 178.457 2521.64
-7.98013 -954.539 2886.59
31.518 181.998 2451.23
46.7609 -210.817 2670.18
78.4436 -643.386 2697.82
157.003 199.551 2656.96
74.8739 -7.32153 2554.4
FRAME: 220
247.652 355.867 2584.35
-152.826 158.647 2299.74
-62.1679 -1030.58 2414.52
-408.658 18.7813 2151.48
-11.1715 -225.555 2456.67
-5.24837 -637.402 2313.93
93.439 196.8 2409.54
129.546 191.318 2524.86
183.48 151.657 2552.73
-6.5701 -962.476 2881.83
105.641 191.417 2552.52
50.2903 -227.657 2645.69
85.6768 -658.032 2685.62
165.652 185.836 2640.17
74.5525 -17.644 2538.02
FRAME: 221
250.348 337.796 2547.34
-209.593 78.629 2329.88
-63.3541 -1021.28 2421.2
-427.426 -115.096 2175.72
-45.7168 -235.951 2428.27
-31.6984 -646.959 2298.2
60.2728 168.91 2393.11
122.404 154.585 2489.63
208.91 28.8869 2577.67
17.6073 -977.599 2887.77
196.979 117.405 2584.95
69.548 -255.125 2600.18
109.329 -683.679 2653.96
184.534 140.259 2586.16
67.1596 -45.4767 2501.93
FRAME: 222
227.639 316.802 2487.7
-236.819 37.2193 2348.61
-50.0226 -1019.27 2433.95
-394.967 -181.235 2187.63
-74.62 -286.108 2376.42
-29.2825 -681.707 2244.12
-27.0843 125.258 2361.76
83.543 103.412 2437.14
249.068 -168.899 2500.51
20.9412 -995.796 2864.33
491.293 -341.856 2493.58
91.7582 -315.609 2490.22
116.18 -710.891 2605.26
194.17 81.5657 2512.53
46.0561 -98.7235 2435.23
FRAME: 223
212.59 306.627 2457.08
-256.939 -10.3596 2358.32
-32.3572 -1028.3 2432.35
-374.785 -235.017 2163.48
-80.418 -308.495 2365.2
-29.0592 -702.87 2210.15
-48.836 106.191 2354.69
73.1236 85.2411 2405.54
256.278 -171.297 2461.19
21.125 -1000.2 2844.43
473.444 -329.921 2349.71
96.6196 -337.655 2437.58
117.214 -732.538 2575.29
195.083 64.2907 2456.4
40.6122 -118.917 2403.46
FRAME: 224
196.894 295.639 2437.21
-259.219 -49.2143 2361.68
-36.5388 -1032.26 2425.41
-349.021 -262.978 2132.31
-83.8073 -320.456 2356.84
-30.7543 -714.583 2188.55
-64.8069 93.5761 2349.19
65.7824 73.3595 2389.05
281.336 -182.842 2389.7
24.1615 -1010.09 2825.58
525.269 -345.936 2203.01
97.3415 -347.723 2410.98
120.252 -738.803 2556.94
196.372 53.1429 2428.91
36.2747 -130.365 2386.48
FRAME: 225
183.344 285.253 2416.22
-249.6 -83.1877 2357.53
-27.7618 -1043.29 2426.44
-320.943 -269.941 2106.01
-84.5124 -329.076 2350.12
-30.1819 -721.181 2166.65
-78.68 88.4892 2342.25
58.2684 70.5774 2372.49
284.118 -183.582 2346.64
24.9256 -1018.41 2802.4
483.571 -326.226 2083.31
99.3 -352.426 2389.99
119.09 -743.213 2545.38
195.217 52.6656 2402.74
32.8311 -135.087 2371.28
FRAME: 226
168.925 283.28 2392.99
-245.405 -111.009 2352.83
-29.2204 -1038.63 2417.78
-284.647 -272.949 2058.5
-81.8154 -335.879 2347.68
-24.2653 -727.002 2177.03
-89.4878 77.698 2335.77
53.2373 62.2019 2352.7
279.895 -195.984 2282.63
23.5483 -1022.3 2777.75
454.245 -306.25 1947.21
102.242 -355.404 2369.26
121.279 -749.755 2522.86
195.962 46.7058 2369.62
31.7253 -141.72 2355.58
FRAME: 227
155.289 282.048 2373.68
-238.53 -142.866 2332.9
-35.2958 -1070 2389.94
-256.302 -266.134 2021.03
-81.0161 -343.88 2338.93
-24.7961 -736.961 2170.04
-90.8501 67.5947 2326.28
54.2157 52.7996 2339.24
277.695 -193.572 2233.38
27.1909 -1036.25 2755.86
375.005 -272.931 1934.03
108.162 -362.713 2355.65
120.762 -760.058 2489.37
199.282 38.0045 2352.2
33.8945 -150.248 2343.27
FRAME: 228
143.958 293.507 2342.57
-226.131 -146.868 2318.36
-33.8668 -1076.95 2381.7
-208.062 -211 1984.28
-79.5491 -346.336 2334.41
-16.7066 -736.743 2161.63
-95.1559 71.5961 2317.9
52.3079 58.2209 2324.04
243.861 -154.949 2169.61
29.3737 -1042.63 2723.67
198.44 -133.724 1805.17
109.982 -363.219 2342.18
126.211 -758.991 2471
199.772 44.8457 2330.18
33.7622 -148.278 2331.17
FRAME: 229
137.046 299.61 2326.41
-215.781 -139.964 2289.07
-30.3071 -1079.79 2369.9
-195.188 -152.333 1952.99
-75.8849 -343.396 2327.46
-7.24063 -731.82 2151.14
-98.0277 75.8529 2311.35
49.9606 63.4494 2312.24
232.536 -140.489 2158.78
32.1143 -1054.18 2692.37
118.269 -74.6081 1831.02
107.989 -358.652 2328.47
126.176 -758.018 2451.65
197.949 51.0459 2313.13
33.0063 -143.787 2320.1
FRAME: 230
132.789 300.982 2319.3
-175.543 -74.2549 2177.34
-28.5712 -1084.1 2353.41
-141.082 -26.6814 1906.8
-70.5175 -334.099 2325.47
-2.51574 -723.918 2158.72
-95.9689 80.5558 2308.55
50.6048 68.8977 2302.7
216.874 -118.6 2114.42
32.1809 -1059.95 2674.47
38.5121 -10.887 1862.04
109.394 -348.328 2318.28
132.546 -744.755 2439.97
197.179 57.2395 2296.85
35.0217 -136.158 2312.29
FRAME: 231
129.818 305.634 2314.07
-176.186 -91.5446 2166.78
-31.3341 -1082.19 2356.49
-103.364 15.2936 1933.63
-68.4021 -328.083 2327.07
-0.0105552 -717.917 2163.36
-97.578 82.1914 2306.89
48.9698 71.6041 2299.78
206.387 -102.447 2100.54
31.5761 -1062.45 2675.58
1.19545 35.4198 1914.39
110.837 -340.977 2318.39
133.709 -741.736 2437.62
195.518 61.0169 2292.67
35.0936 -131.463 2311.25
FRAME: 232
125.712 313.153 2309.88
-180.885 -85.1192 2162.26
-27.3768 -1077.78 2363.44
-94.3292 41.7326 1946.33
-65.5502 -323.491 2332.14
4.68425 -714.649 2172.65
-94.7318 88.0211 2318
50.3409 77.7437 2305.38
201.498 -86.0209 2098.41
39.528 -1059.63 2669.83
-13.4937 72.858 1974.25
112.444 -336.051 2316.68
137.71 -736.417 2437.29
195.414 67.4663 2292.76
36.8938 -126.014 2314.89
FRAME: 233
124.488 317.128 2308.84
-189.373 -57.6355 2175.74
-22.6448 -1077.32 2377.96
-92.1567 78.9424 1986.59
-57.3459 -321.389 2336.34
8.29739 -715.37 2180.49
-92.1185 91.937 2335.28
52.2607 83.6689 2320.51
198.623 -66.5157 2107.5
31.7509 -1065.6 2649.19
-27.4388 94.3237 2025.32
116.806 -331.397 2318.56
135.625 -733.261 2434.91
196.64 75.4008 2305.74
40.9953 -121.362 2323.98
FRAME: 234
121.707 330.522 2315.51
-193.765 -53.1754 2213.59
-22.6651 -1071.35 2361.56
-110.989 94.5241 2065.04
-55.0148 -309.181 2344.46
12.2799 -707.04 2190.99
-89.7729 102.411 2351.32
55.2647 94.7754 2336.65
190.977 -41.2796 2125.77
38.8488 -1061.18 2655.89
-25.015 112.754 2065.91
123.784 -318.526 2326.5
139.242 -724.334 2445.12
200.302 87.1396 2321.97
44.8245 -109.539 2336.06
FRAME: 235
114.476 340.157 2348.43
-176.163 -51.865 2256.29
-9.87192 -1056.36 2371.84
-72.1676 113.491 2130.49
-48.4392 -298.208 2363.15
11.6067 -700.764 2210.83
-84.4627 118.437 2373.62
59.9581 111.267 2361.65
177.951 -16.8748 2141.82
56.9194 -1049.34 2685.48
-27.1952 132.794 2112.89
128.23 -306.937 2348.61
144.423 -715.716 2465.99
204.379 104.097 2349.69
49.9268 -95.6527 2358.77
FRAME: 236
107.846 340.288 2379.38
-151.115 -53.925 2281.64
-20.1726 -1083.4 2336.99
-70.3594 69.0274 2181.49
-42.3757 -297.119 2386.16
10.5359 -701.228 2245.64
-82.1649 121.385 2385.21
61.8538 115.648 2381.54
181.502 -12.3329 2170.07
49.5335 -1047.71 2709.99
-32.2307 132.298 2138.71
133.954 -304.067 2381.85
151.519 -709.745 2504.24
205.872 109.91 2377.87
53.8216 -92.4728 2382.77
FRAME: 237
99.1877 334.141 2406.4
-158.35 -86.706 2329.41
-28.3231 -1091.54 2329.89
-89.9477 77.1914 2225.66
-37.1796 -301.832 2412.46
13.6379 -703.252 2272.03
-83.6225 115.646 2404.92
60.9308 112.898 2407.01
191.601 -22.4041 2213.67
55.4747 -1038.66 2748.41
-29.5421 116.57 2175.24
142.744 -304.958 2415.42
161.258 -706.788 2538.7
205.484 110.149 2409.09
56.8566 -95.2487 2410.48
FRAME: 238
87.9448 324.628 2433.64
-158.799 -107.829 2365.55
-36.7759 -1096.97 2317.38
-90.7521 86.8438 2246.32
-32.7637 -310.9 2439.41
13.5518 -711.779 2297.65
-84.2596 104.71 2430
61.3115 104.186 2434.24
181.939 -14.8051 2237.26
70.8973 -1029.74 2816.43
-25.0458 116.944 2213.21
151.152 -311.135 2445.15
159.991 -712.884 2573.75
206.883 103.662 2438.49
60.2529 -103.416 2438.26
FRAME: 239
76.8325 310.766 2466.29
-141.464 -120.887 2390.08
-38.384 -1112.55 2316.34
-87.5901 35.646 2265.18
-22.7847 -323.954 2478.3
5.81876 -722.824 2333.61
-85.1763 87.0984 2463.43
61.5477 90.1779 2466.93
177.902 -22.29 2268.38
71.3494 -1029.08 2858.35
-31.3382 99.6745 2242.37
160.315 -319.63 2482.83
165.649 -720.804 2612.94
208.272 93.2575 2470.42
65.1564 -115.807 2473.75
FRAME: 240
82.6504 313.458 2494.38
-128.509 -99.1369 2419.17
-46.0585 -1111.59 2316.46
-82.1846 43.5856 2313.11
-17.2455 -323.279 2510.64
-5.15362 -720.649 2365.78
-80.1114 88.7193 2497.91
67.3084 91.6093 2499.56
182.367 -12.2667 2301.68
62.6465 -1031.92 2882.18
-16.6392 105.044 2292.87
165.915 -319.372 2512.68
172.344 -722.948 2637.24
214.728 94.4994 2501.21
70.8215 -114.858 2505.61
FRAME: 241
82.895 315.937 2539.49
-133.712 -99.9291 2478.01
-50.6845 -1110.21 2333.83
-63.1673 26.1295 2347.93
-8.59468 -319.148 2558.05
-14.7805 -718.852 2413.29
-74.9898 91.4517 2548.17
73.2053 95.7469 2545.32
186.623 -6.27071 2350.82
58.6308 -1026.59 2918.88
-6.37559 107.291 2342.36
176.598 -313.376 2554.51
181.027 -720.096 2675.54
221.4 100.042 2542.48
78.6033 -110.258 2550.8
FRAME: 242
83.4572 317.146 2570.62
-125.809 -81.0014 2505.61
-41.4733 -1127.56 2373.36
-41.2155 17.2114 2376.04
-1.55138 -319.8 2590.44
-18.2964 -719.781 2434.6
-68.6803 93.9794 2577.82
77.578 99.4562 2575.48
197.819 -10.1686 2389.49
52.1877 -1037.73 2932.65
3.71562 92.4618 2374.1
184.624 -312.442 2587.36
183.768 -723.236 2698.09
223.836 104.933 2573.14
84.5572 -108.332 2582.19
FRAME: 243
84.2332 328.375 2592.73
-118.471 -96.0295 2551.73
-41.8439 -1111.89 2405.58
-56.9731 -8.6942 2408.65
1.13065 -306.813 2620.52
-19.3933 -706.198 2466.33
-67.8012 104.201 2607.42
79.3569 109.744 2599.58
197.626 0.189148 2410.02
60.0006 -1032.13 2945.22
0.266931 101.206 2401.3
187.65 -299.378 2610.84
186.413 -711.133 2715.01
226.515 115.287 2591.74
86.8736 -96.6754 2607.63
FRAME: 244
93.6713 338.609 2611.6
-111.917 -63.0088 2575.9
-46.9969 -1105.73 2430.47
-33.4771 -15.6808 2456.56
5.05351 -299.781 2641.53
-23.948 -698.652 2488.24
-60.3698 115.037 2630.7
86.1173 119.327 2620.08
214.102 -5.66551 2437.92
64.9413 -1032.75 2945.59
21.3353 93.1225 2423.19
189.98 -293.866 2628.45
186.746 -708.094 2723.89
232.604 123.616 2609.46
91.8169 -88.7483 2627.54
FRAME: 245
87.7164 339.889 2631.24
-94.7989 -74.8113 2602.46
-52.5602 -1096.26 2462.51
-31.1404 -27.0759 2451.38
3.59563 -293.851 2672.11
-28.7037 -687.852 2503.69
-62.5297 120.309 2660.82
85.7394 124.428 2641.48
203.998 4.92163 2454.99
55.8987 -1039.89 2955.83
11.1734 86.4499 2448.15
193.124 -287.892 2647.78
177.542 -703.017 2756.8
234.009 128.547 2622.14
92.0497 -83.2216 2650.71
FRAME: 246
99.945 358.614 2644.78
-88.1846 -39.9565 2634.53
-54.3199 -1087.96 2499.65
-28.5687 -27.7692 2495.34
5.06253 -281.173 2685.74
-30.6691 -678.971 2527.67
-55.0898 134.02 2673.84
90.9496 135.944 2654.37
210.955 11.2164 2465.51
57.8764 -1040.23 2951.91
10.4782 108.319 2465.26
190.266 -278.146 2660.71
172.642 -697.887 2765.4
236.989 137.868 2634.9
94.3069 -71.8579 2663.8
FRAME: 247
112.827 385.292 2662.62
-87.8596 -4.57275 2671.75
-81.9795 -1061.37 2651.22
-25.0725 35.4568 2508.16
-4.85481 -252.461 2721.5
-43.9986 -661.359 2584.56
-47.7935 163.353 2697.54
97.0613 159.274 2675.19
212.742 22.0489 2488.87
62.0872 -1036.87 2968.12
10.8019 112.442 2488.65
182.752 -257.414 2692.56
154.697 -677.967 2804.08
241.916 155.195 2652.85
93.0048 -47.8315 2691.11
FRAME: 248
130.705 440.475 2678.26
-88.5052 14.5154 2689.38
-86.4824 -1032.42 2704.18
-16.5238 61.1595 2526.04
-10.4822 -220.064 2749.97
-46.5863 -634.142 2607.41
-39.2563 193.707 2721.6
104.779 183.497 2695.13
208.66 29.7876 2517.92
68.0322 -1038.08 2964.04
6.66048 110.034 2506.89
175.421 -233.039 2715.77
145.811 -660.676 2817.48
248.815 173.286 2668.66
93.6242 -21.5274 2714
FRAME: 249
140.951 464.515 2687.13
-86.4248 36.1281 2702.8
-84.2641 -1009.49 2757.59
-20.9944 82.4627 2546.03
-14.2981 -176.375 2767.41
-47.0583 -607.239 2636.49
-26.7118 242.101 2740.56
116.299 226.412 2712.28
211.748 39.4584 2535.65
71.3702 -1026.19 2961.47
9.37343 115.816 2521.97
173.025 -196.76 2731.04
141.621 -636.935 2825.15
259.31 210.722 2684
97.8312 19.9222 2730.75
FRAME: 250
149.137 479.815 2698.48
-85.3925 46.153 2710.68
-81.3715 -1011.41 2797
-26.1446 93.6812 2557.89
-16.763 -150.5 2778.36
-46.9152 -577.449 2645.53
-21.7713 267.837 2754.69
120.944 249.754 2726.06
214.766 45.4911 2548.42
75.3367 -1008.83 2955.07
4.2008 113.432 2530.85
169.825 -173.971 2741.66
142.239 -608.312 2833.18
263.66 231.671 2697.43
98.7375 43.7593 2743.04
FRAME: 251
148.725 483.292 2710.88
-84.6583 54.3682 2706.58
-82.6466 -1018.13 2828.63
-26.3403 100.431 2583.14
-21.2749 -142.345 2783.37
-46.838 -574.142 2666.82
-23.4788 277.926 2764.49
120.544 258.812 2736.24
223.486 46.0199 2545.44
77.1543 -1003.52 2955.56
-2.60622 124.621 2515.83
165.118 -167.034 2747.34
137.399 -599.166 2833.97
264.567 239.698 2707.99
96.2328 52.0612 2750.8
FRAME: 252
144.891 490.786 2718.9
-95.331 65.2241 2725.07
-80.7637 -1002.48 2896.65
-39.5171 94.592 2587.38
-27.1291 -133.281 2799.2
-54.0362 -565.8 2712.3
-29.5523 287.809 2774.41
115.725 267.807 2746.01
221.16 45.2171 2545.97
74.7376 -993.026 2970.23
-26.9457 114.395 2514.07
158.861 -158.896 2763.02
130.367 -585.158 2859.79
261.002 247.804 2717.6
90.7952 60.8591 2763.56
FRAME: 253
141.839 489.312 2727.98
-97.7521 62.253 2730.68
-74.5742 -992.834 2941.28
-34.2064 78.1821 2600.46
-31.5178 -132.054 2815.53
-64.6897 -562.514 2741.38
-34.783 288.409 2786.64
112.211 267.353 2756.12
216.344 38.6413 2547.78
74.4227 -995.619 2974.68
-36.5543 103.852 2518.27
154.729 -158.708 2776.96
126.64 -583.436 2877.21
259.205 246.297 2725.61
86.9082 60.9858 2776.18
FRAME: 254
140.889 489.336 2739.56
-101.543 60.2633 2738.46
-65.3786 -982.819 2972.99
-19.7574 66.4669 2586.2
-33.2145 -129.442 2822.79
-69.0019 -558.225 2756.76
-40.8524 290.989 2796.22
109.242 269.906 2765.05
215.444 35.7291 2559.27
71.753 -996.503 2967.92
-38.1637 93.4783 2527.65
152.199 -155.509 2784.45
122.831 -579.183 2885.44
259.337 248.822 2733.89
84.3671 63.7151 2784.34
FRAME: 255
133.226 490.352 2744.35
-94.5347 46.545 2731.51
-64.5403 -986.298 3008.18
-3.84815 11.0196 2559.35
-36.0201 -128.383 2824.35
-71.8643 -561.232 2785.04
-46.0109 292.583 2797.85
104.211 272.812 2769.62
219.036 30.5507 2574.81
72.4053 -995.329 2975.45
-34.1835 72.5362 2524.82
149.972 -152.902 2789.46
119.738 -575.185 2896.96
254.433 253.041 2741.38
80.5935 66.0848 2788.26
FRAME: 256
128.998 500.401 2749.78
-158.396 95.7007 2806.57
-62.3888 -971.395 3051.57
-86.0535 73.454 2586.46
-41.1808 -121.869 2836.49
-79.1177 -554.156 2807.45
-50.2923 300.04 2803.85
99.495 280.158 2776.43
209.752 27.3028 2589.88
69.5278 -984.73 2981.45
-48.6418 53.7179 2538.41
146.407 -146.952 2802.02
115.563 -566.669 2913.09
249.282 260.276 2749
76.054 72.8738 2797.84
FRAME: 257
124.216 503.267 2750.89
-153.756 51.7988 2809.4
-60.7938 -974.28 3063.38
-82.5698 -7.02015 2570.3
-44.6296 -119.691 2845.67
-81.3365 -553.841 2831.02
-56.8251 300.715 2807.59
93.3715 281.294 2782.97
203.108 15.8183 2618.6
72.7734 -990.771 2979.74
-46.8456 21.6667 2552.02
140.789 -143.774 2815.23
114.437 -567.773 2915.75
243.568 261.872 2758.35
70.7255 74.7805 2806.71
FRAME: 258
117.438 497.035 2754.64
-150.785 35.8246 2821.91
-57.1839 -982.433 3104.27
-82.5797 -54.6212 2586.21
-47.0442 -123.532 2861.32
-82.932 -555.053 2864.05
-63.0446 294.902 2810.13
87.9425 276.676 2789.96
197.161 2.20733 2640.19
75.4651 -995.932 2990.1
-59.9079 -25.1888 2573.57
139.774 -146.16 2836.38
114.995 -569.548 2938.25
238.93 258.45 2769.79
67.1537 70.9151 2819.4
FRAME: 259
110.014 501.311 2758.35
-158.117 23.3033 2835.29
-60.8905 -973.222 3129.22
-84.5257 -91.6561 2601.81
-55.2053 -118.998 2880.6
-90.5523 -547.32 2901.95
-72.0827 297.004 2816.4
80.2656 278.481 2797.43
196.25 -13.429 2661.59
69.1765 -992.409 2991.68
-68.4678 -59.4565 2603.7
134.561 -142.132 2856.94
106.05 -564.211 2947.93
232.614 259.958 2778.45
59.9716 73.9578 2833.1
FRAME: 260
96.7864 496.194 2769.95
-160.251 17.3778 2851.92
-63.9063 -983.592 3145.24
-103.332 -117.078 2623.51
-67.8743 -124.185 2891.44
-96.8504 -551.641 2916.4
-85.1294 291.759 2824.52
67.7775 273.997 2807.33
188.035 -27.2026 2676.17
69.2859 -997.815 2994.82
-81.3475 -92.4473 2620.29
125.296 -146.624 2869.76
96.5774 -569.448 2948.5
220.684 256.235 2790.14
48.2441 69.2963 2843.97
FRAME: 261
86.9393 491.475 2779.03
-157.197 11.6535 2857.07
-62.6856 -985.523 3153.38
-100.89 -159.386 2643.05
-76.3105 -132.176 2901.15
-94.2145 -559.091 2942.67
-95.4512 284.769 2831.44
57.9245 267.355 2815.46
173.299 -47.2036 2694.39
68.8651 -1006.82 2991.2
-96.4312 -119.576 2640.79
115.444 -153.991 2881.29
91.7313 -577.902 2950.28
211.3 249.941 2799.48
38.7456 62.1356 2853.34
FRAME: 262
75.1647 484.026 2786.15
-162.273 3.91427 2870.24
-69.3625 -986.311 3176.72
-94.8901 -182.302 2665.17
-88.9452 -135.661 2910.24
-101.731 -561.438 2971.56
-108.139 280.083 2840.27
45.9674 262.056 2823.73
177.57 -52.8518 2716.88
63.7463 -1013.22 3001.67
-76.5438 -167.071 2654.26
102.059 -158.2 2889.9
82.3067 -583.404 2957.79
200.073 244.028 2807.19
26.262 57.5625 2861.9
FRAME: 263
66.5286 482.935 2792.01
-165.897 0.118123 2875.62
-63.8558 -990.487 3176.21
-104.091 -187.194 2693.15
-93.5213 -144.46 2918.77
-95.0445 -570.719 2988.39
-118.045 274.443 2848.33
37.2553 257.594 2832.11
181.284 -55.7633 2754.48
69.1839 -1015.88 3005.71
-50.4301 -196.765 2687.05
95.0092 -165.23 2899.35
80.4979 -595.427 2958.57
192.555 240.744 2815.89
18.9996 51.3743 2870.59
FRAME: 264
52.8529 475.966 2805.67
-172.656 -5.02144 2885.43
-64.5557 -995.888 3184.01
-125.227 -208.052 2736.48
-101.527 -150.976 2931.17
-95.8402 -575.895 3011.2
-129.87 267.956 2858.44
24.8213 252.526 2844.31
184.587 -61.0051 2777.34
66.566 -1016.52 3011.2
-42.3879 -232.862 2715.16
83.8048 -170.012 2914.68
69.9808 -601.854 2965.08
179.512 237.097 2830.18
7.98001 46.0161 2883.62
FRAME: 265
36.9108 469.705 2820.64
-186.706 -9.25261 2900.43
-64.6692 -997.305 3196.22
-176.79 -243.005 2759.92
-120.323 -154.37 2948.53
-106.535 -579.117 3043.54
-146 262.548 2871.17
8.51763 247.655 2859.53
180.389 -64.9789 2813.68
65.5967 -1018.06 3012.01
2.3291 -282.101 2760.26
70.6332 -173.043 2934.26
64.7428 -606.655 2971.74
163.035 232.763 2847.9
-8.16359 41.9742 2900.46
FRAME: 266
22.4549 464.174 2834.6
-193.325 -16.961 2909.54
-65.3375 -999.459 3198.25
-187.476 -266.555 2781.55
-130.933 -161.597 2961.77
-107.316 -582.974 3060.18
-158.857 256.329 2884.67
-3.66668 242.652 2872.94
180.383 -56.9019 2845.46
68.8405 -1023.15 3013.77
43.513 -297.94 2786.22
63.0662 -178.961 2947.19
60.5591 -612.034 2973.62
151.524 228.976 2861.22
-18.8 36.1869 2913.71
FRAME: 267
10.1157 464.275 2845.49
-198.769 -30.6249 2917.46
-64.2644 -988.963 3196.46
-189.193 -277.231 2832.38
-131.958 -163.201 2974.41
-120.597 -582.572 3070.29
-166.672 252.716 2895.67
-11.5837 241.424 2883.32
177.791 -47.6588 2879.78
69.0755 -1026.51 3014.6
89.7616 -295.724 2821.87
61.5391 -177.676 2959.14
62.921 -613.559 2977.48
143.505 230.131 2870.96
-23.3966 35.4926 2925.05
FRAME: 268
-1.00315 486.197 2859.11
-206.748 -33.0446 2925.48
-64.9891 -988.253 3201.72
-210.32 -279.165 2841.81
-138.906 -162.522 2985.89
-128.324 -579.067 3085.54
-178.16 250.834 2906.44
-21.9228 241.323 2893.21
174.521 -50.7228 2898.41
68.8378 -1025.72 3015.97
117.858 -317.924 2849.72
59.179 -174.699 2969.12
61.1311 -611.717 2975.92
134.314 231.813 2879.99
-30.893 36.3564 2935.36
FRAME: 269
-10.7886 500.751 2864.14
-213.093 -16.2637 2936.06
-63.4137 -980.522 3200.9
-222.124 -270.919 2863.48
-139.886 -140.408 2996.63
-135.166 -569.184 3092.96
-185.588 271.943 2915.13
-28.7055 264.707 2900.86
173.632 -40.6764 2927.38
68.1208 -1010.57 3015.56
150.31 -318.475 2894.46
60.2444 -149.686 2978.38
63.2219 -598.662 2972.08
128.177 257.471 2886.59
-34.2632 59.83 2944.18
FRAME: 270
-24.9683 501.521 2872.29
-233.75 -3.47583 2953.93
-62.4875 -991.937 3201.98
-250.423 -256.392 2895.21
-138.8 -137.323 3006.91
-137.739 -565.228 3094.42
-194.444 274.212 2922.7
-36.4537 270.858 2910.89
178.577 -29.8213 2954.16
70.2998 -1000.66 3021.51
189.25 -310.302 2950.47
61.4341 -141.588 2991.94
61.7984 -585.039 2979.86
121.536 267.505 2899.09
-37.5683 65.7016 2955.16
FRAME: 271
-36.0975 510.773 2876.99
-270.254 -3.21779 2982.82
-62.9423 -984.415 3209.01
-289.513 -241.24 2916.72
-140.8 -125.837 3014.55
-141.024 -554.239 3097.83
-200.528 284.598 2928.68
-43.7376 283.504 2918.93
184.907 -23.7823 2974.71
67.939 -984.371 3019.17
220.019 -306.299 2973.67
58.5409 -127.24 3002.1
55.7456 -567.079 2987.16
113.053 282.41 2909.18
-42.4335 78.483 2963.63
FRAME: 272
-44.3889 515.923 2883.24
-291.818 1.57055 3001.5
-62.8975 -995.158 3210.03
-320.093 -250.97 2939.14
-142.125 -127.453 3018.34
-144.65 -557.064 3091.56
-206.157 283.121 2931.66
-49.9195 284.435 2924.51
193.839 -7.21872 3004.41
66.4908 -985.212 3017.43
241.508 -295.677 2997.09
57.0614 -125.775 3009.16
53.6583 -566.12 2994.24
106.318 285.75 2917.36
-46.2256 78.9104 2969.13
FRAME: 273
-57.0463 520.921 2885.47
-316.145 5.78398 3018.15
-67.9369 -986.478 3209.53
-360.066 -273.818 2985.82
-145.668 -120.291 3023.25
-145.053 -552.224 3093.01
-215.398 289.745 2936.17
-59.6426 293.691 2930.03
204.299 10.0921 3027.84
64.2369 -977.88 3019.14
289.648 -273.412 3032.5
53.707 -115.211 3015.3
49.1973 -556.767 2999.27
96.1127 297.637 2923.89
-52.8116 87.9699 2974.65
FRAME: 274
-64.3513 520.618 2886.98
-329.789 13.3052 3030.55
-68.5859 -990.711 3207.14
-385.036 -279.713 3003.56
-148.611 -116.284 3027.85
-144.173 -548.075 3091.3
-219.976 292.477 2938.91
-64.5191 297.697 2934.93
197.935 70.6611 3030.72
64.8944 -974.827 3022.35
284.021 -173.035 3047.98
50.8201 -109.553 3022.64
50.3137 -548.991 3006.78
90.938 302.917 2930.96
-56.7073 92.3895 2980.09
FRAME: 275
-72.6464 519.977 2885.4
-342.217 13.582 3044.89
-68.0893 -987.724 3206.96
-408.667 -290.382 3033.32
-150.066 -114.044 3031.85
-143.41 -546.389 3090.5
-225.013 292.681 2940.53
-69.8913 299.577 2937.83
196.328 83.9971 3042.11
66.5569 -972.491 3026.35
303.875 -156.985 3059.47
48.6596 -105.181 3028.34
49.3357 -543.706 3007.67
85.2302 306.472 2935.12
-60.2973 94.9821 2983.96
FRAME: 276
-76.5165 516.917 2884.9
-345.871 25.0036 3055.11
-68.6147 -995.322 3201.78
-437.143 -276.123 3070.1
-151.189 -121.335 3032.12
-143.222 -555.647 3087.51
-227.695 287.636 2942.28
-73.1119 295.274 2939.33
205.202 77.9265 3057.84
68.3782 -982.539 3025.4
353.88 -169.689 3097.53
47.3708 -111.498 3028.25
50.5216 -551.598 3005.98
81.4707 302.912 2936.38
-62.5104 89.4289 2984.76
FRAME: 277
-78.3833 514.068 2886.72
-356.281 24.7815 3066
-68.8645 -993.061 3204.7
-459.857 -273.821 3101.44
-153.413 -120.04 3035.77
-143.602 -552.692 3090.5
-231.075 287.682 2945.38
-75.6266 295.462 2942.75
208.186 80.7998 3063.57
70.9133 -980.393 3028.77
356.974 -153.259 3102.75
44.7443 -110.068 3032.41
49.9687 -549.86 3008.16
79.8218 303.241 2940.12
-64.9804 90.2039 2988.42
FRAME: 278
-77.6981 513.456 2887.22
-354.306 33.4156 3072.21
-70.4257 -992.185 3204.46
-470.564 -264.478 3110.18
-153.989 -132.479 3030.03
-138.838 -568.325 3093.26
-237.039 282.537 2954.84
-80.4096 290.71 2946.14
205.292 87.879 3073.41
72.1438 -995.278 3022.04
380.335 -119.228 3134.62
44.3938 -122.044 3018.81
50.5376 -560.516 3004.92
76.2204 298.883 2937.45
-67.6035 81.7243 2985.28

