FRAME: 0
0 0 0
0 0 0
0 0 0
0 0 0
0 0 0
0 0 0
0 0 0
0 0 0
0 0 0
0 0 0
0 0 0
0 0 0
0 0 0
0 0 0
0 0 0
FRAME: 1
0 0 0
0 0 0
0 0 0
0 0 0
0 0 0
0 0 0
0 0 0
0 0 0
0 0 0
0 0 0
0 0 0
0 0 0
0 0 0
0 0 0
0 0 0
FRAME: 2
0 0 0
0 0 0
0 0 0
0 0 0
0 0 0
0 0 0
0 0 0
0 0 0
0 0 0
0 0 0
0 0 0
0 0 0
0 0 0
0 0 0
0 0 0
FRAME: 3
0 0 0
0 0 0
0 0 0
0 0 0
0 0 0
0 0 0
0 0 0
0 0 0
0 0 0
0 0 0
0 0 0
0 0 0
0 0 0
0 0 0
0 0 0
FRAME: 4
0 0 0
0 0 0
0 0 0
0 0 0
0 0 0
0 0 0
0 0 0
0 0 0
0 0 0
0 0 0
0 0 0
0 0 0
0 0 0
0 0 0
0 0 0
FRAME: 5
0 0 0
0 0 0
0 0 0
0 0 0
0 0 0
0 0 0
0 0 0
0 0 0
0 0 0
0 0 0
0 0 0
0 0 0
0 0 0
0 0 0
0 0 0
FRAME: 6
0 0 0
0 0 0
0 0 0
0 0 0
0 0 0
0 0 0
0 0 0
0 0 0
0 0 0
0 0 0
0 0 0
0 0 0
0 0 0
0 0 0
0 0 0
FRAME: 7
0 0 0
0 0 0
0 0 0
0 0 0
0 0 0
0 0 0
0 0 0
0 0 0
0 0 0
0 0 0
0 0 0
0 0 0
0 0 0
0 0 0
0 0 0
FRAME: 8
0 0 0
0 0 0
0 0 0
0 0 0
0 0 0
0 0 0
0 0 0
0 0 0
0 0 0
0 0 0
0 0 0
0 0 0
0 0 0
0 0 0
0 0 0
FRAME: 9
0 0 0
0 0 0
0 0 0
0 0 0
0 0 0
0 0 0
0 0 0
0 0 0
0 0 0
0 0 0
0 0 0
0 0 0
0 0 0
0 0 0
0 0 0
FRAME: 10
0 0 0
0 0 0
0 0 0
0 0 0
0 0 0
0 0 0
0 0 0
0 0 0
0 0 0
0 0 0
0 0 0
0 0 0
0 0 0
0 0 0
0 0 0
FRAME: 11
0 0 0
0 0 0
0 0 0
0 0 0
0 0 0
0 0 0
0 0 0
0 0 0
0 0 0
0 0 0
0 0 0
0 0 0
0 0 0
0 0 0
0 0 0
FRAME: 12
0 0 0
0 0 0
0 0 0
0 0 0
0 0 0
0 0 0
0 0 0
0 0 0
0 0 0
0 0 0
0 0 0
0 0 0
0 0 0
0 0 0
0 0 0
FRAME: 13
0 0 0
0 0 0
0 0 0
0 0 0
0 0 0
0 0 0
0 0 0
0 0 0
0 0 0
0 0 0
0 0 0
0 0 0
0 0 0
0 0 0
0 0 0
FRAME: 14
0 0 0
0 0 0
0 0 0
0 0 0
0 0 0
0 0 0
0 0 0
0 0 0
0 0 0
0 0 0
0 0 0
0 0 0
0 0 0
0 0 0
0 0 0
FRAME: 15
0 0 0
0 0 0
0 0 0
0 0 0
0 0 0
0 0 0
0 0 0
0 0 0
0 0 0
0 0 0
0 0 0
0 0 0
0 0 0
0 0 0
0 0 0
FRAME: 16
0 0 0
0 0 0
0 0 0
0 0 0
0 0 0
0 0 0
0 0 0
0 0 0
0 0 0
0 0 0
0 0 0
0 0 0
0 0 0
0 0 0
0 0 0
FRAME: 17
0 0 0
0 0 0
0 0 0
0 0 0
0 0 0
0 0 0
0 0 0
0 0 0
0 0 0
0 0 0
0 0 0
0 0 0
0 0 0
0 0 0
0 0 0
FRAME: 18
0 0 0
0 0 0
0 0 0
0 0 0
0 0 0
0 0 0
0 0 0
0 0 0
0 0 0
0 0 0
0 0 0
0 0 0
0 0 0
0 0 0
0 0 0
FRAME: 19
0 0 0
0 0 0
0 0 0
0 0 0
0 0 0
0 0 0
0 0 0
0 0 0
0 0 0
0 0 0
0 0 0
0 0 0
0 0 0
0 0 0
0 0 0
FRAME: 20
0 0 0
0 0 0
0 0 0
0 0 0
0 0 0
0 0 0
0 0 0
0 0 0
0 0 0
0 0 0
0 0 0
0 0 0
0 0 0
0 0 0
0 0 0
FRAME: 21
0 0 0
0 0 0
0 0 0
0 0 0
0 0 0
0 0 0
0 0 0
0 0 0
0 0 0
0 0 0
0 0 0
0 0 0
0 0 0
0 0 0
0 0 0
FRAME: 22
0 0 0
0 0 0
0 0 0
0 0 0
0 0 0
0 0 0
0 0 0
0 0 0
0 0 0
0 0 0
0 0 0
0 0 0
0 0 0
0 0 0
0 0 0
FRAME: 23
0 0 0
0 0 0
0 0 0
0 0 0
0 0 0
0 0 0
0 0 0
0 0 0
0 0 0
0 0 0
0 0 0
0 0 0
0 0 0
0 0 0
0 0 0
FRAME: 24
0 0 0
0 0 0
0 0 0
0 0 0
0 0 0
0 0 0
0 0 0
0 0 0
0 0 0
0 0 0
0 0 0
0 0 0
0 0 0
0 0 0
0 0 0
FRAME: 25
0 0 0
0 0 0
0 0 0
0 0 0
0 0 0
0 0 0
0 0 0
0 0 0
0 0 0
0 0 0
0 0 0
0 0 0
0 0 0
0 0 0
0 0 0
FRAME: 26
0 0 0
0 0 0
0 0 0
0 0 0
0 0 0
0 0 0
0 0 0
0 0 0
0 0 0
0 0 0
0 0 0
0 0 0
0 0 0
0 0 0
0 0 0
FRAME: 27
0 0 0
0 0 0
0 0 0
0 0 0
0 0 0
0 0 0
0 0 0
0 0 0
0 0 0
0 0 0
0 0 0
0 0 0
0 0 0
0 0 0
0 0 0
FRAME: 28
0 0 0
0 0 0
0 0 0
0 0 0
0 0 0
0 0 0
0 0 0
0 0 0
0 0 0
0 0 0
0 0 0
0 0 0
0 0 0
0 0 0
0 0 0
FRAME: 29
0 0 0
0 0 0
0 0 0
0 0 0
0 0 0
0 0 0
0 0 0
0 0 0
0 0 0
0 0 0
0 0 0
0 0 0
0 0 0
0 0 0
0 0 0
FRAME: 30
0 0 0
0 0 0
0 0 0
0 0 0
0 0 0
0 0 0
0 0 0
0 0 0
0 0 0
0 0 0
0 0 0
0 0 0
0 0 0
0 0 0
0 0 0
FRAME: 31
0 0 0
0 0 0
0 0 0
0 0 0
0 0 0
0 0 0
0 0 0
0 0 0
0 0 0
0 0 0
0 0 0
0 0 0
0 0 0
0 0 0
0 0 0
FRAME: 32
0 0 0
0 0 0
0 0 0
0 0 0
0 0 0
0 0 0
0 0 0
0 0 0
0 0 0
0 0 0
0 0 0
0 0 0
0 0 0
0 0 0
0 0 0
FRAME: 33
0 0 0
0 0 0
0 0 0
0 0 0
0 0 0
0 0 0
0 0 0
0 0 0
0 0 0
0 0 0
0 0 0
0 0 0
0 0 0
0 0 0
0 0 0
FRAME: 34
0 0 0
0 0 0
0 0 0
0 0 0
0 0 0
0 0 0
0 0 0
0 0 0
0 0 0
0 0 0
0 0 0
0 0 0
0 0 0
0 0 0
0 0 0
FRAME: 35
0 0 0
0 0 0
0 0 0
0 0 0
0 0 0
0 0 0
0 0 0
0 0 0
0 0 0
0 0 0
0 0 0
0 0 0
0 0 0
0 0 0
0 0 0
FRAME: 36
0 0 0
0 0 0
0 0 0
0 0 0
0 0 0
0 0 0
0 0 0
0 0 0
0 0 0
0 0 0
0 0 0
0 0 0
0 0 0
0 0 0
0 0 0
FRAME: 37
0 0 0
0 0 0
0 0 0
0 0 0
0 0 0
0 0 0
0 0 0
0 0 0
0 0 0
0 0 0
0 0 0
0 0 0
0 0 0
0 0 0
0 0 0
FRAME: 38
0 0 0
0 0 0
0 0 0
0 0 0
0 0 0
0 0 0
0 0 0
0 0 0
0 0 0
0 0 0
0 0 0
0 0 0
0 0 0
0 0 0
0 0 0
FRAME: 39
0 0 0
0 0 0
0 0 0
0 0 0
0 0 0
0 0 0
0 0 0
0 0 0
0 0 0
0 0 0
0 0 0
0 0 0
0 0 0
0 0 0
0 0 0
FRAME: 40
0 0 0
0 0 0
0 0 0
0 0 0
0 0 0
0 0 0
0 0 0
0 0 0
0 0 0
0 0 0
0 0 0
0 0 0
0 0 0
0 0 0
0 0 0
FRAME: 41
0 0 0
0 0 0
0 0 0
0 0 0
0 0 0
0 0 0
0 0 0
0 0 0
0 0 0
0 0 0
0 0 0
0 0 0
0 0 0
0 0 0
0 0 0
FRAME: 42
0 0 0
0 0 0
0 0 0
0 0 0
0 0 0
0 0 0
0 0 0
0 0 0
0 0 0
0 0 0
0 0 0
0 0 0
0 0 0
0 0 0
0 0 0
FRAME: 43
0 0 0
0 0 0
0 0 0
0 0 0
0 0 0
0 0 0
0 0 0
0 0 0
0 0 0
0 0 0
0 0 0
0 0 0
0 0 0
0 0 0
0 0 0
FRAME: 44
0 0 0
0 0 0
0 0 0
0 0 0
0 0 0
0 0 0
0 0 0
0 0 0
0 0 0
0 0 0
0 0 0
0 0 0
0 0 0
0 0 0
0 0 0
FRAME: 45
0 0 0
0 0 0
0 0 0
0 0 0
0 0 0
0 0 0
0 0 0
0 0 0
0 0 0
0 0 0
0 0 0
0 0 0
0 0 0
0 0 0
0 0 0
FRAME: 46
0 0 0
0 0 0
0 0 0
0 0 0
0 0 0
0 0 0
0 0 0
0 0 0
0 0 0
0 0 0
0 0 0
0 0 0
0 0 0
0 0 0
0 0 0
FRAME: 47
0 0 0
0 0 0
0 0 0
0 0 0
0 0 0
0 0 0
0 0 0
0 0 0
0 0 0
0 0 0
0 0 0
0 0 0
0 0 0
0 0 0
0 0 0
FRAME: 48
0 0 0
0 0 0
0 0 0
0 0 0
0 0 0
0 0 0
0 0 0
0 0 0
0 0 0
0 0 0
0 0 0
0 0 0
0 0 0
0 0 0
0 0 0
FRAME: 49
0 0 0
0 0 0
0 0 0
0 0 0
0 0 0
0 0 0
0 0 0
0 0 0
0 0 0
0 0 0
0 0 0
0 0 0
0 0 0
0 0 0
0 0 0
FRAME: 50
0 0 0
0 0 0
0 0 0
0 0 0
0 0 0
0 0 0
0 0 0
0 0 0
0 0 0
0 0 0
0 0 0
0 0 0
0 0 0
0 0 0
0 0 0
FRAME: 51
0 0 0
0 0 0
0 0 0
0 0 0
0 0 0
0 0 0
0 0 0
0 0 0
0 0 0
0 0 0
0 0 0
0 0 0
0 0 0
0 0 0
0 0 0
FRAME: 52
0 0 0
0 0 0
0 0 0
0 0 0
0 0 0
0 0 0
0 0 0
0 0 0
0 0 0
0 0 0
0 0 0
0 0 0
0 0 0
0 0 0
0 0 0
FRAME: 53
0 0 0
0 0 0
0 0 0
0 0 0
0 0 0
0 0 0
0 0 0
0 0 0
0 0 0
0 0 0
0 0 0
0 0 0
0 0 0
0 0 0
0 0 0
FRAME: 54
0 0 0
0 0 0
0 0 0
0 0 0
0 0 0
0 0 0
0 0 0
0 0 0
0 0 0
0 0 0
0 0 0
0 0 0
0 0 0
0 0 0
0 0 0
FRAME: 55
0 0 0
0 0 0
0 0 0
0 0 0
0 0 0
0 0 0
0 0 0
0 0 0
0 0 0
0 0 0
0 0 0
0 0 0
0 0 0
0 0 0
0 0 0
FRAME: 56
0 0 0
0 0 0
0 0 0
0 0 0
0 0 0
0 0 0
0 0 0
0 0 0
0 0 0
0 0 0
0 0 0
0 0 0
0 0 0
0 0 0
0 0 0
FRAME: 57
0 0 0
0 0 0
0 0 0
0 0 0
0 0 0
0 0 0
0 0 0
0 0 0
0 0 0
0 0 0
0 0 0
0 0 0
0 0 0
0 0 0
0 0 0
FRAME: 58
0 0 0
0 0 0
0 0 0
0 0 0
0 0 0
0 0 0
0 0 0
0 0 0
0 0 0
0 0 0
0 0 0
0 0 0
0 0 0
0 0 0
0 0 0
FRAME: 59
0 0 0
0 0 0
0 0 0
0 0 0
0 0 0
0 0 0
0 0 0
0 0 0
0 0 0
0 0 0
0 0 0
0 0 0
0 0 0
0 0 0
0 0 0
FRAME: 60
0 0 0
0 0 0
0 0 0
0 0 0
0 0 0
0 0 0
0 0 0
0 0 0
0 0 0
0 0 0
0 0 0
0 0 0
0 0 0
0 0 0
0 0 0
FRAME: 61
0 0 0
0 0 0
0 0 0
0 0 0
0 0 0
0 0 0
0 0 0
0 0 0
0 0 0
0 0 0
0 0 0
0 0 0
0 0 0
0 0 0
0 0 0
FRAME: 62
0 0 0
0 0 0
0 0 0
0 0 0
0 0 0
0 0 0
0 0 0
0 0 0
0 0 0
0 0 0
0 0 0
0 0 0
0 0 0
0 0 0
0 0 0
FRAME: 63
0 0 0
0 0 0
0 0 0
0 0 0
0 0 0
0 0 0
0 0 0
0 0 0
0 0 0
0 0 0
0 0 0
0 0 0
0 0 0
0 0 0
0 0 0
FRAME: 64
0 0 0
0 0 0
0 0 0
0 0 0
0 0 0
0 0 0
0 0 0
0 0 0
0 0 0
0 0 0
0 0 0
0 0 0
0 0 0
0 0 0
0 0 0
FRAME: 65
0 0 0
0 0 0
0 0 0
0 0 0
0 0 0
0 0 0
0 0 0
0 0 0
0 0 0
0 0 0
0 0 0
0 0 0
0 0 0
0 0 0
0 0 0
FRAME: 66
0 0 0
0 0 0
0 0 0
0 0 0
0 0 0
0 0 0
0 0 0
0 0 0
0 0 0
0 0 0
0 0 0
0 0 0
0 0 0
0 0 0
0 0 0
FRAME: 67
0 0 0
0 0 0
0 0 0
0 0 0
0 0 0
0 0 0
0 0 0
0 0 0
0 0 0
0 0 0
0 0 0
0 0 0
0 0 0
0 0 0
0 0 0
FRAME: 68
0 0 0
0 0 0
0 0 0
0 0 0
0 0 0
0 0 0
0 0 0
0 0 0
0 0 0
0 0 0
0 0 0
0 0 0
0 0 0
0 0 0
0 0 0
FRAME: 69
32.5914 203.656 1988.37
-36.0083 -173.673 2039.25
-53.9563 -888.048 2737.2
-3.14852 -323.315 1996.3
-38.9799 -316.876 2255.28
-93.2185 -598.54 2500.67
-73.7235 -10.9347 2116.26
50.2957 -8.3356 2133.67
231.248 -177.542 2112.43
131.93 -963.658 2322.99
206.106 -163.128 1896.92
123.117 -317.182 2285.06
117.76 -656.616 2240.73
174.315 -5.73648 2151.08
46.182 -162.682 2201.92
FRAME: 70
46.0383 203.975 1968.42
-7.30381 -171.679 2027.26
-70.6038 -875.066 2851.8
111.643 -231.129 1883.54
-46.0335 -316.037 2266.09
-99.9206 -589.928 2530.19
-65.4467 -7.09706 2073.56
57.8729 -6.85831 2104.7
241.155 -152.242 2071.39
123.635 -956.365 2335.77
235.581 -116.328 1867.33
108.66 -320.057 2300.7
108.566 -656.521 2247.29
181.192 -6.61955 2135.85
44.5931 -162.453 2194.05
FRAME: 71
60.1624 207.598 1951.35
65.584 -109.541 1952.31
-68.6307 -900.697 2886.31
179.545 -132.11 1852.3
-58.8507 -295.2 2274.85
-98.3296 -593.743 2528.88
-50.7693 10.5596 2051.44
69.3175 9.80736 2087.62
285.926 -113.252 2012.19
123.964 -952.022 2347.6
332.227 -17.7798 1735.51
108.038 -305.337 2312.66
109.275 -651.09 2260.79
189.404 9.05516 2123.81
46.9557 -145.23 2190.69
FRAME: 72
74.3984 217.246 1936.39
75.7583 -82.098 1919.81
-103.15 -899.287 3103.01
254.255 -9.63338 1816.64
-57.8999 -299.71 2286.06
-108.217 -605.935 2582.94
-29.2508 21.1986 2015.36
90.5072 34.0351 2073.04
346.976 -47.8824 1976.55
121.625 -937.8 2387.71
393.46 99.4251 1768.72
103.436 -286.567 2354.94
108.012 -640.874 2291.48
210.265 46.8715 2130.73
56.6375 -129.552 2196.77
FRAME: 73
91.1512 227.687 1940.48
97.8747 -46.2187 1912.06
-98.8707 -888.983 2996.16
273.569 24.9008 1825.22
-57.7971 -298.931 2260.36
-102.862 -605.592 2551.88
-26.2505 23.803 2007.79
95.0411 38.8743 2073.48
348.905 -24.9252 1977.48
127.689 -876.106 2413.18
423.558 239.475 1788.14
103.913 -282.694 2342.25
110.331 -605 2287.65
216.333 53.9457 2139.18
59.0495 -125.969 2187.39
FRAME: 74
125.443 225.972 1894.69
103.842 -25.5071 1906.78
-84.3425 -879.404 2924.25
271.27 8.69951 1863.28
-62.6115 -280.025 2256.95
-121.178 -604.437 2537.34
-30.1543 51.9593 1988.19
99.5281 56.0154 2039.41
375.432 -3.59 1966.79
100.995 -917.501 2459.77
407.271 254.57 1827.18
103.987 -275.572 2323.22
113.696 -645.534 2329.78
229.21 60.0715 2090.62
60.108 -110.892 2164.75
FRAME: 75
113.933 258.547 1934.13
99.4028 -24.4334 1910.4
-96.6333 -876.58 2964.69
261.207 68.3879 1877.36
-50.7506 -268.229 2212.36
-120.182 -588.788 2538.06
-29.8887 57.199 1960.17
99.2228 71.5472 2027.34
385.293 24.8406 1971.07
88.1914 -913.81 2458.02
412.192 292.714 1834.39
108.857 -249.976 2299.61
108.987 -631.632 2324.34
228.334 85.8954 2094.51
64.1379 -93.7776 2141.66
FRAME: 76
134.972 258.795 1924.51
104.564 8.25903 1906.01
-109.536 -855.853 2837.2
269.254 88.7733 1881.11
-77.2542 -253.741 2226.16
-113.701 -589.179 2471.89
-31.3354 73.7369 1967.59
99.6534 78.0877 2032.44
395.257 21.5829 1972.23
121.469 -953.1 2444.13
439 309.095 1810.13
108.678 -250.204 2313.48
109.046 -628.549 2341.75
230.642 82.4385 2097.29
57.6827 -86.9423 2151.13
FRAME: 77
132.24 271.735 1955.42
127.983 20.6861 1901.4
-118.513 -886.524 2834.28
305.595 155.583 1888.88
-61.3837 -263.023 2205.49
-126.754 -636.237 2422.3
-24.3397 71.4484 1988.3
95.5517 80.5743 2059.72
406.41 38.0577 1974.41
87.2221 -947.221 2450.86
419.705 299.097 1802.72
108.897 -253.049 2301.33
114.643 -641.591 2325.97
215.443 89.7002 2131.15
59.6541 -88.7308 2156.57
FRAME: 78
129.242 275.218 1954.35
121.707 27.6866 1898.58
-107.152 -850.365 2779.64
296.517 169.896 1882.3
-66.2645 -259.531 2224.36
-120.093 -611.112 2445.24
-24.9707 91.2501 1974.65
102.5 91.1194 2036.38
398.249 33.6398 1988.83
94.4358 -922.018 2444.17
433.211 284.39 1813.35
109.586 -264.398 2302.33
113.055 -631.096 2317.61
229.97 90.9886 2098.1
62.0803 -85.4226 2149.86
FRAME: 79
131.195 279.786 1958.79
141.372 45.1528 1874.85
-109.876 -841.439 2771.9
328.783 174.766 1863.55
-66.13 -256.146 2221.89
-115.241 -606.688 2436.87
-23.8176 99.0582 1981.4
103.716 95.7003 2040.53
397.388 31.3539 1998.8
87.1289 -925.505 2446.73
437.014 306.079 1834.4
110.383 -265.941 2296.05
117.182 -633.485 2312.85
231.25 92.3425 2099.67
62.9213 -82.6716 2149.75
FRAME: 80
135.421 281.335 1956.75
147.43 50.043 1874.64
-118.364 -849.972 2782.53
345.733 197.738 1849.76
-86.0871 -247.322 2229.5
-135.922 -606.02 2447.54
-27.1166 109.076 1989.98
103.443 98.5322 2043.8
394.86 24.9315 2004.53
88.2983 -931.643 2456.39
436.241 283.983 1827.18
112.889 -268.067 2301.45
118.029 -638.601 2322.43
234.004 87.9886 2097.62
58.4221 -79.5813 2154.64
FRAME: 81
138.331 282.009 1955.12
147.255 51.3441 1873.67
-119.862 -858.801 2764.37
352.383 195.025 1856.87
-89.274 -241.937 2231.4
-132.481 -597.947 2439.04
-29.3599 113.562 1996.73
103.67 100.726 2047.88
391.988 22.4572 2010.05
87.0323 -932.882 2461.21
441.94 298.438 1841.42
112.311 -264.976 2301.31
119.411 -642.614 2323.78
236.7 87.89 2099.03
57.5944 -76.3654 2157.12
FRAME: 82
137.965 283.238 1960.53
145.397 47.8362 1878.96
-109.119 -853.571 2730.41
346.033 189.747 1853.78
-80.41 -246.683 2239.64
-112.168 -593.729 2407.85
-30.6392 113.002 2007.05
103.183 99.5232 2054.47
394.285 16.8994 2011.92
63.9087 -913.255 2506.91
447.728 282.035 1834.06
111.635 -269.78 2300.83
116.408 -652.53 2327.33
237.004 86.0446 2101.88
59.3975 -79.3543 2162.35
FRAME: 83
133.796 288.868 1973.29
156.152 56.7874 1863.79
-122.304 -838.024 2765.17
374.738 215.114 1823.74
-74.7599 -259.656 2238.88
-139.583 -614.526 2379.39
-23.9058 107.383 2010.06
102.043 96.7788 2061.62
379.043 14.7613 2008.97
71.7958 -914.919 2489.99
436.23 297.29 1832.87
111.317 -280.099 2304.77
117.145 -650.086 2310.5
227.992 86.1745 2113.17
60.1606 -86.5494 2166.72
FRAME: 84
131.407 290.581 1984.66
155.202 47.3129 1864.47
-121.998 -851.109 2772.8
354.042 199.47 1844.9
-70.2048 -269.241 2235.3
-135.187 -624.736 2397.98
-25.4462 101.557 2029.19
98.7694 93.9775 2082.7
380.313 6.14315 2002.94
104.008 -954.688 2448.72
433.06 278.033 1823.38
110.391 -283.099 2304.96
116.716 -656.604 2313.06
222.985 86.3983 2136.21
59.4313 -91.0962 2176.42
FRAME: 85
128.878 289.945 1991.68
141.373 26.7732 1873.03
-121.473 -853.671 2783.58
350.356 171.03 1850.95
-69.4918 -269.289 2240.7
-129.569 -625.842 2409.82
-26.8358 99.3019 2043
99.9609 89.5496 2095.75
371.962 -8.95971 2005.89
102.303 -953.689 2448.76
421.472 244.33 1797.8
111.032 -285.522 2308.02
117.367 -656.657 2315.29
226.758 79.7972 2148.49
60.3656 -93.928 2185.05
FRAME: 86
125.143 289.113 1998.58
135.667 8.96384 1876.78
-117.091 -860.784 2807.72
341.401 155.876 1846.04
-69.4287 -270.956 2246.63
-122.499 -629.285 2417.28
-29.7088 96.3504 2050.48
98.5925 86.1904 2102.15
365.199 -20.4801 2008.69
86.1508 -930.903 2463.03
411.961 220.534 1790.94
112.142 -287.432 2312.99
118.103 -657.206 2316.19
226.894 76.0304 2153.83
59.9747 -96.5018 2190.98
FRAME: 87
104.513 307.098 2042.32
123.818 -21.3211 1904.71
-119.545 -869.185 2807.35
322.526 136.064 1875.45
-74.5797 -269.737 2267.23
-122.391 -634.732 2439.24
-35.3549 97.6559 2067.47
95.0239 86.2853 2111.37
351.633 -40.464 2025.43
113.931 -952.52 2464.84
373.819 154.483 1789.09
115.715 -287.986 2327.14
122.196 -658.303 2324.93
225.403 74.9146 2155.27
57.7957 -96.2881 2204.28
FRAME: 88
102.464 305.927 2050.16
109.889 -36.7123 1929.48
-120.287 -872.877 2833.55
292.394 103.101 1882.18
-74.0811 -270.487 2284.62
-125.517 -634.474 2464.63
-40.8667 97.4883 2094.3
89.8783 84.1064 2130.6
339.978 -59.9384 2040.24
120.909 -959.358 2468.38
342.558 104.305 1804.63
119.42 -291.902 2335.05
125.25 -660.817 2327.06
220.623 70.7245 2166.89
56.2739 -98.544 2220.22
FRAME: 89
93.7455 313.055 2080.39
71.0499 -54.3812 1972.76
-115.672 -877.316 2829.29
250.244 53.0069 1889.56
-69.4765 -268.275 2321.07
-110.961 -626.616 2461.4
-54.3348 99.0703 2146.74
83.1938 81.4848 2168.78
323.217 -79.4708 2059.34
156.433 -995.093 2436.6
285.784 76.4009 1792.98
123.225 -293.919 2348.82
129.663 -665.926 2330.28
220.722 63.8992 2190.82
55.0341 -99.806 2251.87
FRAME: 90
90.7288 319.219 2089.93
24.1725 -67.9664 2014.82
-115.551 -874.888 2838.34
222.869 -2.00802 1904.72
-67.579 -260.142 2342.41
-105.763 -612.507 2481.13
-61.7829 109.468 2163.42
74.3412 89.2838 2172.41
291.476 -92.7917 2068.39
159.023 -995.867 2435.95
238.936 79.1211 1810.21
119.953 -288.768 2352.83
134.163 -646.743 2320.67
210.465 69.0994 2181.41
50.2642 -92.5855 2260.01
FRAME: 91
85.7749 323.962 2103.96
5.49691 -92.2692 2058.01
-121.382 -881.494 2855.04
200.508 -35.1927 1955.07
-81.4298 -236.645 2366.6
-115.36 -600.736 2496.94
-66.2338 111.531 2206.03
66.6051 88.8168 2196.07
271.515 -83.0278 2070.25
170.073 -1013.84 2438.55
180.31 9.05026 1855.05
127.111 -284.391 2332.26
142.611 -664.152 2311.63
199.444 66.1022 2186.11
44.7229 -85.8506 2272.75
FRAME: 92
75.0186 325.629 2111.19
-36.9906 -109.218 2107.58
-109.984 -886.745 2858.48
161.862 -69.1794 1964.15
-74.5135 -252.482 2381.03
-127.364 -620.932 2526.15
-79.509 117.817 2228.71
60.0508 98.5467 2219.11
247.483 -80.9761 2087.93
168.41 -1007.2 2439.63
149.881 -26.9212 1885.41
125.517 -282.586 2364.52
137.329 -657.216 2317.66
199.611 79.2761 2209.51
42.7762 -84.4938 2295.94
FRAME: 93
63.4306 326.048 2162.81
-131.519 -58.314 2202.27
-107.811 -879.89 2902.08
14.4718 -59.9767 2030.48
-83.5476 -253.085 2427.33
-132.128 -624.881 2552.94
-99.0478 125.853 2289.52
46.0087 104.481 2265.72
230.069 -114.343 2196.17
173.264 -1020.38 2439.8
69.9159 -82.3929 1974.23
129.288 -294.951 2381.98
135.327 -673.676 2332.22
191.065 83.1083 2241.93
34.4394 -84.7686 2335.19
FRAME: 94
56.4511 321.81 2195.84
-143.091 -60.9397 2228.66
-106.029 -887.588 2910.91
-5.29497 -86.8153 2049.52
-83.6824 -264.803 2453.06
-136.308 -632.33 2567.11
-102.886 126.161 2345.52
44.191 109.625 2317.54
227.675 -138.6 2219.23
172.247 -1017.78 2439.85
38.9756 -105.711 1992.56
131.967 -293.559 2403.09
131.422 -670.041 2343.63
191.268 93.0894 2289.56
34.1667 -84.7779 2372.81
FRAME: 95
47.0103 320.692 2223.94
-164.275 -50.7603 2239.33
-96.5845 -900.377 2923.65
-101.59 -45.2738 2014
-81.9475 -270.706 2491.42
-129.995 -641.854 2591.05
-107.316 129.385 2399.58
40.4798 111.412 2361.65
225.349 -140.598 2301.01
160.531 -1013.22 2436.31
11.4435 -129.587 2066.79
123.225 -296.849 2437.75
119.332 -662.672 2351.46
188.276 93.4399 2323.72
30.5592 -86.1827 2413.12
FRAME: 96
31.2208 323.052 2283.88
-207.326 -39.0454 2266.46
-90.6715 -924.275 2940.48
-168.962 -80.6681 2059.14
-82.155 -268.941 2534.71
-126.552 -638.988 2606.54
-126.618 126.093 2459.08
24.6022 110.475 2412.56
223.074 -139.579 2368.92
150.804 -1015.21 2432.05
-36.7741 -147.472 2206.21
107.935 -289.263 2475.99
86.6093 -661.339 2381.95
175.822 94.8564 2366.04
18.7461 -84.3137 2458.95
FRAME: 97
15.9738 329.179 2329.44
-231.77 -42.6787 2353.12
-73.6412 -936.167 2921.44
-248.495 -54.6461 2104.87
-85.4346 -270.689 2570.55
-129.218 -645.384 2627.5
-142.76 127.075 2520.18
11.6311 113.542 2463.38
225.237 -132.815 2412.39
139.745 -1019.03 2427.68
-56.2312 -145.621 2265.45
94.8401 -286.829 2504.06
79.6405 -656.492 2398.73
166.022 100.008 2406.58
8.16691 -82.6087 2500.34
FRAME: 98
-15.817 348.016 2431.7
-219.661 -95.7485 2610.39
-76.2443 -939.76 2943.01
-119.469 -153.467 2351.02
-94.7211 -275.741 2610.87
-142.178 -655.013 2710.12
-165.567 124.408 2586.04
-5.00991 116.705 2526.71
222.598 -132.824 2525.01
136.492 -1030.14 2425.26
0.178898 -158.168 2428.17
86.5664 -284.632 2545.79
84.6328 -662.066 2441.66
155.547 109.002 2467.39
-4.54362 -81.7407 2552.52
FRAME: 99
-20.0312 365.598 2481.66
-220.248 -96.432 2673.99
-78.0435 -936.821 2945.27
-145.177 -151.253 2435.56
-100.644 -273.73 2662.23
-152.092 -650.255 2741.49
-168.663 132.026 2626.2
-13.8949 123.167 2561.65
215.943 -132.808 2542.26
134.2 -1032.41 2461.45
-7.31011 -158.815 2445.99
81.0427 -286.192 2585.17
87.4868 -659.848 2495.65
140.873 114.307 2497.1
-11.8477 -78.3973 2592.67
FRAME: 100
-29.3194 373.725 2507.33
-224 -94.9854 2696.51
-80.1735 -947.744 2966.11
-119.269 -163.487 2468.93
-99.9141 -270.706 2683.32
-157.967 -655.111 2775.59
-177.969 137.54 2649.32
-21.606 132.744 2589.3
210.679 -117.362 2579.11
133.935 -1039.32 2471.78
-20.1562 -149.15 2477.21
77.2742 -276.29 2615.16
94.8926 -648.21 2524.41
134.757 127.948 2529.27
-16.463 -70.377 2619.27
FRAME: 101
-45.8763 394.06 2540.97
-227.99 -83.3175 2743.39
-73.9761 -960.527 2990.62
-111.626 -133.18 2542.45
-109.299 -255.214 2740.56
-151.774 -649.733 2808.88
-179.6 160.758 2692.47
-31.346 152.435 2624
195.205 -101.773 2598.58
133.945 -1036.7 2540.48
-7.65702 -152.213 2463.72
71.4503 -265.495 2656.71
96.4352 -639.105 2561.83
116.908 144.113 2555.53
-25.1353 -53.9596 2661.32
FRAME: 102
-56.0385 408.349 2571.3
-233.539 -73.9908 2764.79
-67.6296 -961.449 3003.45
-99.5052 -113.599 2565.37
-111.395 -241.505 2771.19
-146.216 -643.526 2834.16
-183.257 177.606 2724.41
-37.0109 169.87 2650.59
191.673 -82.9216 2623.34
132.358 -1023.63 2600.29
3.26451 -145.24 2469.85
70.8583 -251.069 2679.3
92.6108 -627.661 2581.96
109.235 162.134 2576.77
-28.6397 -38.2087 2687.92
FRAME: 103
-61.2701 420.831 2594.09
-235.135 -46.2597 2801.67
-64.1008 -961.657 3014.73
-160.905 -85.955 2612.73
-110.78 -221.917 2793.82
-137.539 -630.171 2851.81
-182.963 193.558 2750.49
-39.4625 186.132 2672.55
183.473 -66.1034 2638.29
127.873 -1021.46 2661.32
2.43948 -145.821 2486.3
69.5895 -231.052 2696.07
87.5066 -618.488 2604.89
104.038 178.706 2594.62
-30.0288 -20.1763 2708.75
FRAME: 104
-65.7323 432.503 2614.29
-230.402 -25.3173 2848.31
-54.6633 -960.332 3023.92
-132.573 -81.2998 2623.75
-103.223 -203.557 2822.95
-120.005 -615.464 2870.46
-178.33 216.596 2782.89
-39.9181 209.167 2697.87
176.538 -43.9672 2642.81
148.63 -1013.45 2770.7
5.58177 -151.034 2489.35
69.6555 -212.522 2717.04
83.3575 -610.8 2646.63
98.494 201.738 2612.86
-28.351 0.563724 2733.93
FRAME: 105
-68.1608 442.094 2635.2
-226.461 -12.786 2867.04
-46.6105 -964.087 3027.18
-113.688 -64.5073 2645.43
-97.1364 -198.561 2843.54
-107.391 -611.095 2886.61
-173.324 230.234 2802.67
-39.3878 222.727 2713.64
171.999 -33.1311 2645.05
156.69 -1012.53 2834.46
-0.468337 -148.903 2503.38
72.2368 -207.576 2731.49
87.2811 -618.575 2688.65
94.5485 215.221 2624.61
-25.9188 9.82945 2750.58
FRAME: 106
-66.6994 446.672 2650.67
-217.225 -1.23166 2896.58
-41.2838 -971.02 3032.46
-130.634 -45.3251 2663.11
-86.5354 -200.351 2868.51
-93.7727 -615.089 2905.86
-166.526 235.739 2825.78
-34.909 228.188 2732.44
169.18 -27.1596 2657.74
160.017 -1006.1 2906.99
-10.8865 -142.594 2518.94
80.2253 -209.413 2751.1
92.4772 -627.697 2741.99
96.7076 220.638 2639.1
-19.032 11.6531 2771.12
FRAME: 107
-64.2149 451.979 2662.73
-191.883 -0.484834 2921.54
-37.8964 -975.701 3037.36
-132.272 -44.6528 2681.33
-78.3359 -203.817 2885.71
-82.7032 -623.532 2922.75
-160.101 238.928 2840.28
-29.4372 230.97 2745.38
172.001 -25.3885 2666.3
156.77 -1005.86 2938.31
-13.1826 -137.066 2533.8
87.074 -213.423 2766.1
97.5522 -634.024 2775.88
101.227 223.012 2650.48
-12.5341 11.175 2785.64
FRAME: 108
-61.6589 455.708 2672.16
-183.66 2.6895 2937.18
-34.1164 -980.615 3042.39
-138.117 -50.5213 2684.21
-74.2271 -205.334 2898.6
-74.4606 -628.041 2934.29
-154.919 243.574 2852.06
-24.0531 234.441 2755.53
172.002 -25.503 2674.34
155.614 -1009.08 2951.11
-10.1846 -133.241 2538.44
90.9207 -216.341 2777.37
106.35 -637.84 2801.97
106.812 225.309 2659.01
-7.85314 11.8019 2796.76
FRAME: 109
-58.6559 457.429 2678.03
-163.282 8.35199 2963.02
-33.9487 -981.778 3049.84
-120.134 -48.0792 2702.4
-67.2184 -202.466 2911.96
-69.1114 -628.512 2945.47
-147.721 245.432 2862.55
-17.5823 235.351 2764.49
175.986 -25.66 2681.55
149.089 -1019.05 2961.9
-9.98628 -137.405 2549.29
98.1596 -214.76 2787.91
127.557 -645.521 2853.5
112.557 225.27 2666.44
-1.05585 13.3689 2807.21
FRAME: 110
-54.3958 458.794 2681.67
-144.406 30.3713 2978.01
-33.4692 -983.219 3056.04
-97.631 -37.4411 2700.27
-61.6781 -192.023 2922.61
-65.3265 -624.527 2954.48
-134.585 252.417 2854.1
-8.70682 240.991 2762.68
181.55 -22.0902 2685.75
157.392 -1010.64 2979.18
-8.71332 -136.703 2559.53
106.705 -210.186 2800.97
121.392 -632.064 2871.77
117.171 229.565 2671.26
6.90324 19.9432 2812.23
FRAME: 111
-44.9436 458.175 2690.86
-133.346 31.9301 2988.7
-27.7404 -993.411 3073.36
-125.551 -8.60613 2732.65
-54.3352 -191.535 2931.1
-61.6803 -622.499 2960.54
-127.87 254.026 2855.48
0.575402 243.708 2770.08
196.377 -17.7587 2698.39
160.225 -1008.2 2982.35
-2.61568 -138.903 2575.32
120.407 -207.583 2815.31
130.092 -628.476 2884.55
129.021 233.391 2684.67
16.8057 22.0747 2821.64
FRAME: 112
-32.9567 458.591 2696.95
-125.41 33.2423 2994.25
-24.3287 -999.806 3074.83
-145.612 -2.51741 2746.1
-49.4597 -191.377 2936.84
-57.9725 -623.518 2967.92
-119.241 254.158 2861.38
12.0627 243.211 2778.58
206.645 -16.2355 2703.62
165.206 -1010.22 2989.69
1.885 -136.793 2586.57
128.902 -207.889 2824.4
139.313 -629.896 2895.85
143.367 232.263 2695.78
25.892 21.7887 2829.6
FRAME: 113
-23.7556 457.496 2700.31
-124.658 32.019 3006.01
-25.3896 -1003.1 3079.44
-110.288 -12.9358 2753.73
-42.0131 -194.245 2943.58
-54.0225 -625.683 2972.29
-113.525 251.755 2875.12
20.1794 239.993 2789.82
217.575 -18.8588 2712.88
168.434 -1015.03 2993.7
5.38742 -137.466 2596.94
134.637 -209.547 2831.2
144.278 -634.156 2904.75
153.884 228.232 2704.53
33.2456 19.0487 2838.61
FRAME: 114
-14.773 458.683 2703.52
-120.041 31.4896 3013
-25.8536 -1002.26 3081.61
-104.764 16.9468 2759.57
-39.1141 -195.023 2949.46
-51.2474 -626.186 2973.81
-109.034 253.507 2881.15
26.7461 240.703 2796.38
226.115 -18.1608 2723.01
169.499 -1017.52 2995.97
11.1165 -135.848 2608.75
139.21 -211.488 2838.54
146.513 -635.333 2907.97
162.526 227.899 2711.6
38.397 18.7237 2845.19
FRAME: 115
-9.56786 458.334 2704.03
-110.715 40.0533 3009.51
-24.9245 -1001.96 3078.37
-121.048 -3.53047 2744.54
-35.8232 -194.118 2951.9
-51.5887 -624.612 2972.99
-100.649 254.85 2874.42
32.3109 242.653 2793.99
229.487 -11.1787 2730.75
172.182 -1019.34 2998.2
23.6074 -132.259 2623.15
143.005 -212.088 2843.63
148.412 -638.969 2910.56
165.27 230.456 2713.56
42.9509 19.7751 2845.88
FRAME: 116
-4.00667 458.351 2704.47
-107.28 41.2087 3006.55
-23.3612 -1009.04 3080.37
-87.033 8.96025 2744.93
-32.9506 -194.503 2954.57
-50.7382 -630.862 2977.53
-98.6444 255.464 2878.21
35.0436 242.933 2797.08
233.681 -11.8818 2737.34
176.852 -1029.29 3003.8
10.5296 -123.036 2631.96
144.776 -212.609 2846.59
152.485 -646.031 2913.71
168.732 230.402 2715.95
45.4782 19.6884 2848.83
FRAME: 117
-0.133385 458.238 2705.01
-105.033 41.7197 3014.42
-26.9009 -996.506 3085.05
-114.042 -16.564 2747.9
-29.845 -194.92 2957.33
-46.7053 -623.844 2984.32
-98.6587 255.574 2886.09
36.4237 242.183 2802.29
235.095 -14.4824 2740.36
180.487 -1033.32 3005.53
26.7475 -133.222 2633.27
145.687 -212.71 2848.23
155.539 -650.979 2916.7
171.506 228.791 2718.48
47.1723 19.1838 2852.53
FRAME: 118
4.899 458.926 2719.58
-109.069 28.9176 3017.21
-27.0216 -1020.2 3084.99
-94.6019 17.3762 2753.68
-30.4984 -200.144 2957.27
-50.7811 -638.13 2982.14
-97.4404 252.894 2894.09
36.2119 242.545 2812.49
233.757 -8.15156 2742.05
177.075 -1013.3 3009.08
29.4987 -120.232 2643.39
144.699 -213.776 2850.39
165.225 -659.529 2918.7
169.864 232.195 2730.88
46.6562 17.7922 2858.16
FRAME: 119
4.77502 459.103 2720.76
-107.052 24.1899 3018.42
-27.8305 -1025.53 3092.18
-166.968 15.2919 2751.21
-30.8977 -201.733 2958.65
-45.0753 -645.351 2991.3
-98.1224 253.151 2901.83
35.6988 242.916 2817.81
232.716 -11.4864 2750.7
178.268 -1056.56 3023.78
24.9254 -104.339 2650.45
141.814 -214.969 2850.33
164.216 -667.214 2921.58
169.52 232.68 2733.8
45.5785 17.2824 2861.15
FRAME: 120
4.79334 458.361 2722.47
-107.165 17.6731 3022.66
-28.5737 -1026.32 3091.56
-200.117 43.1318 2766.93
-32.5051 -202.731 2961.35
-46.7184 -645.526 2993.37
-99.4672 252.913 2904.47
33.9067 242.587 2820
213.623 -12.3182 2739.57
177.879 -1062.54 3024.29
7.44845 -93.0148 2680.02
140.038 -216.091 2852.19
162.469 -667.694 2923.63
167.281 232.262 2735.53
43.8366 16.5883 2863.38
FRAME: 121
3.57107 456.753 2724.75
-110.263 17.7204 3022.5
-30.1285 -1021.67 3092.28
-139.94 54.6086 2749.68
-40.8693 -205.542 2968.52
-50.4629 -646.322 2995.62
-104.311 253.321 2908.43
27.3353 242.399 2822.84
190.889 -18.5295 2737.27
174.688 -1070.91 3028.41
-22.558 -16.8401 2715.13
134.898 -220.18 2854.28
158.783 -674.302 2925.86
158.982 231.478 2737.26
37.1748 14.7692 2867.12
FRAME: 122
-10.7786 453.738 2731.05
-118.472 18.0239 3020.17
-30.2028 -1025.69 3092.83
-274.899 139.214 2773.63
-43.8278 -208.052 2970.02
-55.1102 -649.571 2998.6
-107.188 253.486 2907.71
18.235 242.955 2821.58
155.229 -24.3955 2731.62
171.063 -1073.98 3026.37
-37.1023 18.6888 2706.37
126.699 -222.402 2852.99
150.379 -676.065 2923.04
143.658 232.424 2735.45
29.8353 13.8639 2866.54
FRAME: 123
-25.633 452.784 2735.48
-127.379 16.6636 3019.68
-29.1025 -1028.83 3096.31
-281.162 155.033 2782.06
-49.3925 -212.521 2976.27
-63.239 -653.277 3000.86
-118.467 251.795 2914.77
-1.93739 242.447 2821.94
106.626 -30.0537 2715.93
163.221 -1074.15 3016.42
-68.0343 54.8192 2700.75
113.737 -225.599 2846.47
135.728 -681.435 2910.58
114.592 233.1 2729.11
15.1175 11.6937 2866.66
FRAME: 124
-34.3274 453.731 2739.55
-137.64 21.3135 3017.03
-29.2727 -1031.39 3096.32
-278.147 149.412 2745.81
-55.2004 -214.238 2976.23
-69.3411 -656.483 2999.98
-123.213 250.491 2916.01
-13.6046 239.977 2818.84
60.6374 -20.7548 2698.65
159.997 -1075.17 3014.15
-138.021 98.0179 2735.25
98.0622 -228.948 2840.54
126.974 -686.832 2903.34
96.0043 229.462 2721.67
3.91316 9.19171 2863.61
FRAME: 125
-42.3328 455.736 2742.77
-149.971 26.1105 3016.93
-29.3315 -1034.15 3095.77
-234.712 87.5362 2688.98
-58.9442 -214.769 2975.93
-73.3709 -660.712 3000.88
-126.855 251.382 2921.28
-23.8328 240.175 2818.43
24.6243 -12.2335 2693.22
152.625 -1080.83 3010.37
-162.904 152.648 2765.74
83.3976 -230.25 2833.93
117.375 -689.216 2894.7
79.1895 228.967 2715.58
-5.80305 8.83274 2861.68
FRAME: 126
-52.3542 458.175 2745.71
-170.205 37.8007 3010.54
-31.0121 -1036.56 3089.96
-248.648 97.4014 2685.56
-63.4522 -217.048 2974.87
-79.4743 -662.031 2997.12
-144.535 250.803 2929.95
-42.9273 241.749 2820.68
-17.9205 8.43386 2686.11
151.836 -1080.52 3008.58
-247.429 190.075 2797.1
70.8319 -229.008 2830.47
105.266 -686.998 2883.88
58.6801 232.695 2711.41
-19.6187 9.36033 2861.68
FRAME: 127
-70.2708 457.567 2744.59
-192.319 57.8176 3005.66
-32.2598 -1017.69 3083.8
-244.765 97.5292 2655.61
-76.3624 -200.885 2970.42
-90.681 -644.064 2989.94
-144.206 255.941 2931.42
-52.4431 243.953 2818.23
-59.9199 23.0279 2680.21
144.599 -1052.33 2976.86
-294.794 220.593 2818.3
44.4753 -216.623 2821.62
66.5756 -656.117 2823.9
39.3198 231.966 2705.04
-34.1933 17.5997 2857.12
FRAME: 128
-84.7271 455.042 2743.54
-218.517 77.2532 3000.08
-31.6853 -1012.66 3081.06
-266.509 111.882 2656.57
-81.1312 -194.22 2970.01
-95.9691 -634.792 2989.26
-145.752 256.54 2933.55
-59.9274 244.051 2818.02
-133.557 56.5345 2665.91
137.279 -1033.77 2951.91
-345.321 279.994 2850.25
33.0627 -210.833 2816.29
50.6795 -647.363 2800.69
25.8976 231.563 2702.5
-41.9808 20.7624 2855.59
FRAME: 129
-99.1659 450.855 2739.23
-245.652 107.888 3010.1
-30.0359 -1002.29 3078.87
-332.975 159.04 2689.39
-84.8858 -184.513 2967.98
-106.02 -621.037 2988.47
-144.419 254.743 2932.42
-64.7805 242.173 2815.21
-188.057 92.7506 2662.02
128.679 -1025.6 2918.15
-352.473 323.955 2892.46
26.2288 -202.048 2804.34
29.5023 -639.661 2762.31
14.8576 229.603 2698
-47.0545 24.4461 2850.68
FRAME: 130
-115.678 449.565 2731.88
-249.994 111.839 3013.44
-27.1277 -997.323 3075.73
-350.035 171.797 2698.06
-80.8028 -177.989 2964.53
-111.268 -615.107 2985.95
-149.355 254.063 2927.8
-76.7329 242.071 2807.12
-214.686 108.275 2657.61
124.086 -1017.05 2887.41
-377.684 300.175 2831.99
22.6661 -195.123 2792.69
20.0547 -633.268 2740.22
-4.1104 230.078 2686.45
-52.9006 27.7571 2842.87
FRAME: 131
-129.538 451.364 2719.62
-256.841 123.019 3014.47
-27.6623 -1001.83 3074.25
-364.288 173.787 2701.16
-80.0082 -180.402 2954.27
-119.748 -617.61 2979.02
-155.146 250.155 2919.94
-86.0289 239.073 2796.38
-229.25 127.213 2655.13
125.218 -1019.1 2837.6
-357.605 383.416 2911.75
18.701 -196.345 2777.92
17.4454 -628.272 2712
-16.9114 227.992 2672.82
-58.3412 25.3497 2831.24
FRAME: 132
-140.723 450.191 2707.74
-306.481 159.737 2979.8
-26.0949 -1004.51 3074.83
-378.564 187.148 2712.37
-79.8691 -187.83 2940.78
-120.334 -618.148 2971.51
-157.788 246.439 2914.16
-90.5896 236.572 2788.55
-248.455 126.162 2660.91
122.904 -1027.24 2805.79
-348.749 387.899 2922.5
13.646 -201.597 2765.96
15.4908 -629.486 2693.47
-23.3913 226.705 2662.95
-61.8505 20.9292 2820.96
FRAME: 133
-152.531 443.562 2698.42
-314.263 157.793 2969.16
-21.5049 -1010.53 3068.74
-395.445 187.11 2727.56
-76.9695 -193.829 2927.85
-114.711 -626.643 2961.3
-160.031 241.16 2909.01
-96.2775 231.836 2779.56
-296.236 137.953 2683.83
120.085 -1036.17 2774.8
-395.589 346.82 2871.19
8.27378 -206.389 2754.75
11.6744 -630.806 2677.12
-32.5235 222.512 2650.11
-65.3127 15.8635 2810.43
FRAME: 134
-167.379 431.373 2678.47
-336.914 175.358 2940.1
-16.3554 -1010.6 3065.99
-398.839 180.94 2709.74
-67.8407 -194.059 2910.67
-107.675 -627.486 2946.82
-165.419 240.107 2900.89
-107.321 229.784 2763.61
-304.833 119.049 2681.15
103.587 -1045.05 2724.89
-363.292 342.144 2859.83
2.58162 -206.603 2744.6
14.2631 -624.758 2650.99
-49.2221 219.461 2626.34
-69.9751 14.7263 2795.63
FRAME: 135
-177.496 420.662 2660.71
-351.457 176.042 2910.67
-16.6562 -1006.24 3057.29
-389.561 179.135 2694.82
-60.1604 -189.523 2894.01
-101.673 -621.6 2927.56
-169.391 236.901 2893.19
-116.929 227.389 2748.91
-321.437 119.174 2673.08
91.666 -1052.46 2669.98
-366.476 350.331 2886.66
1.77227 -200.759 2723.51
22.651 -618.012 2631.09
-64.4679 217.877 2604.63
-73.0617 16.1243 2778.84
FRAME: 136
-184.554 410.663 2647.58
-355.204 150.495 2894.23
-17.7609 -993.893 3055.88
-388.411 167.672 2675.16
-55.3905 -191.918 2884.1
-94.885 -618.108 2918.91
-173.533 227.635 2884.23
-124.844 219.045 2734.28
-324.804 116.796 2668.37
88.2921 -1046.4 2636.21
-341.478 349.444 2880.47
5.27612 -202.599 2697.27
29.6846 -617.185 2604.07
-76.1548 210.455 2584.34
-74.9505 10.8932 2762.48
FRAME: 137
-190.117 392.216 2630.09
-354.244 127.651 2863.78
-18.4543 -991.528 3052.06
-386.64 167.427 2666.69
-54.4304 -200.452 2869.42
-90.3005 -619.809 2910.61
-177.17 219.977 2875.01
-129.048 212.706 2720.78
-327.167 114.49 2642.99
92.116 -1034.14 2596.2
-345.362 325.11 2858.55
5.59896 -209.566 2677.07
35.6059 -611.597 2584.62
-80.9251 205.436 2566.55
-76.7317 3.84875 2747.01
FRAME: 138
-196.925 371.368 2586.76
-350.566 115.405 2842.52
-21.497 -982.861 3041.01
-389.895 136.784 2658.99
-51.8514 -215.036 2848.89
-88.4708 -621.107 2898.96
-181.474 205.369 2863.58
-131.969 196.191 2694.88
-339.11 103.712 2610.56
102.158 -1035.31 2532.47
-299.95 303.685 2797.05
6.41602 -225.91 2650.47
43.5966 -611.937 2547.2
-82.4646 187.013 2526.19
-77.3435 -12.1409 2722.28
FRAME: 139
-199.592 355.026 2550.97
-352.498 88.0476 2799.26
-18.1159 -984.316 3034.06
-378.503 93.418 2632.62
-43.1707 -221.848 2821.21
-81.2291 -631.03 2882.67
-183.323 187.432 2848.17
-131.066 181.789 2671.81
-330.963 96.0316 2579.88
103.649 -1026.4 2507.4
-312.315 294.734 2787.58
16.9824 -228.266 2618.49
45.9064 -608.47 2517.91
-78.8099 176.147 2495.45
-72.0803 -21.6339 2695.83
FRAME: 140
-183.977 322.867 2475.48
-377.054 87.4637 2759.56
-6.15625 -986.888 3024.28
-361.578 -13.3697 2584.98
-34.6119 -225.305 2792.16
-73.3551 -638.897 2861.71
-186.827 174.224 2830.88
-129.197 161.562 2631.89
-276.787 57.9743 2488.22
96.2718 -1039.42 2476.17
-335.603 250.116 2717.52
23.5963 -237.778 2591.82
45.9505 -624.661 2483.81
-71.5673 148.9 2432.9
-67.3525 -34.9896 2661.94
FRAME: 141
-169.319 308.971 2450.16
-378.443 82.6213 2749.52
1.90937 -993.548 2999.57
-362.206 -80.1979 2557.17
-34.7615 -232.548 2768.43
-77.8349 -645.368 2846.84
-187.167 162.394 2808.86
-117.346 147.795 2601.99
-247.517 35.6996 2441.97
95.029 -1047.73 2466.94
-310.186 216.961 2646.08
32.7326 -246.709 2568.4
50.4671 -641.377 2463.5
-47.5251 133.195 2395.11
-59.1802 -45.9169 2635.2
FRAME: 142
-115.58 248.028 2341.39
-375.276 95.273 2730.06
-13.5344 -1000.29 2980.57
-388.205 -79.0036 2578.26
-45.1854 -247.653 2731.38
-111.152 -666.596 2803.97
-177.679 129.735 2698.23
-96.2107 98.2087 2511.16
-187.069 -52.5576 2398.92
109.997 -1054.31 2474.26
-326.31 33.2309 2540.87
48.4652 -285.402 2529.92
59.8779 -674.142 2436.38
-14.7423 66.6823 2324.1
-47.2854 -84.1593 2570.91
FRAME: 143
-96.0446 225.745 2294.62
-285.556 -90.461 2651.21
-12.3716 -1014.14 2973.36
-453.621 30.6577 2638.53
-49.1734 -251.017 2711.49
-122.013 -685.236 2762.21
-167.755 117.081 2637.29
-81.4398 77.1545 2464.4
-121.992 -150.401 2336.76
112.395 -1068.07 2471.25
-387.023 -86.6556 2481.32
61.0339 -304.868 2506.56
59.1303 -700.189 2410.42
4.87549 37.2277 2291.52
-37.7548 -100.394 2536.71
FRAME: 144
-72.0135 214.82 2258.55
-243.263 -104.391 2631.22
-31.4624 -1009.6 2942.2
-453.721 -189.605 2445.03
-65.3628 -245.136 2678.82
-144.288 -685.589 2706.39
-147.58 79.5096 2492
-61.9991 28.8137 2378.47
-90.0421 -234.32 2311.33
124.171 -1084.56 2486.04
-381.169 -224.757 2388.67
82.2139 -335.794 2489.48
71.9565 -727.686 2393.15
23.5814 -21.8821 2264.95
-26.7868 -130.826 2481.31
FRAME: 145
-43.3184 204.971 2213.51
-203.554 -171.404 2515.39
-40.1791 -1006.88 2903.44
-432.753 -273.155 2328.35
-76.3018 -246.725 2652.8
-158.938 -684.163 2674.31
-133.722 62.7179 2426.55
-44.892 8.21791 2333.27
-55.8753 -278.797 2269.64
110.464 -1069.39 2523.33
-314.667 -354.521 2241.05
91.9425 -352.228 2474.91
76.8802 -748.378 2381.02
43.9379 -46.2821 2239.98
-18.5358 -145.629 2448.56
FRAME: 146
-1.08501 202.403 2147.48
-178.399 -199.705 2309.84
-54.1189 -994.014 2873.87
-235.862 -420.537 2030.18
-44.3501 -297.737 2509.29
-144.403 -688.221 2612.29
-114.616 25.2794 2299.79
4.22062 -7.26745 2244.95
93.5928 -268.226 2152.6
104.258 -1067.9 2528.62
-120.492 -408.4 1998.24
97.8242 -341.766 2441.29
80.5432 -743.725 2365.2
123.057 -39.8143 2190.12
15.4788 -163.51 2360.12
FRAME: 147
7.55644 202.07 2125.01
-148.202 -228.987 2238.98
-91.1856 -937.971 2834.64
-89.5645 -389.008 1931.32
-54.9308 -310.882 2458.62
-124.865 -691.357 2539.27
-117.373 20.8706 2289.2
6.56353 -5.56456 2229.07
116.692 -269.897 2115.4
106.599 -1040.86 2536.18
-38.297 -397.604 1865.41
110.302 -350.198 2373.59
109.126 -743.771 2345.08
130.5 -31.9997 2168.94
17.1245 -168.052 2322.59
FRAME: 148
21.4063 205.238 2095.23
-97.6394 -180.808 2106.33
-82.5734 -932.846 2812.99
32.2159 -225.195 1877.77
-59.332 -309.456 2430.15
-128.99 -680.239 2539.78
-101.702 25.6761 2237.36
21.0935 2.75798 2198.03
199.389 -228.398 2052.52
105.339 -1037.8 2534.59
143.78 -273.577 1678.23
109.301 -343.254 2373.73
113.953 -732.538 2346.19
143.889 -20.1602 2158.71
23.039 -161.798 2299.99
FRAME: 149
28.3757 209.591 2077.35
-35.4674 -157.815 2038.78
-86.786 -931.859 2836.78
120.402 -167.33 1823.68
-75.1875 -302.224 2411.95
-124.059 -677.194 2541.74
-86.1117 34.0438 2182.53
35.9089 15.0679 2165.93
227.039 -190.314 2012.25
102.84 -1044.07 2522.99
212.224 -134.663 1642.65
105.455 -331.506 2386.14
106.066 -728.888 2353.85
157.93 -3.90804 2149.34
25.5213 -150.899 2282.49
FRAME: 150
38.5652 214.259 2058.97
66.1644 -74.571 1947.9
-105.816 -900.04 2839.53
279.805 15.4435 1810.68
-97.1476 -284.54 2386.8
-142.592 -647.69 2545.42
-68.1299 40.0217 2137.62
51.801 22.9208 2140.49
294.037 -115.121 1977.96
92.4846 -1027.26 2521.83
325.901 96.457 1650.57
97.5151 -313.426 2390.76
99.9523 -709.166 2360.3
171.732 5.81997 2143.37
25.9924 -138.031 2264.64
FRAME: 151
46.9633 220.2 2044.01
87.8149 -47.5774 1921.35
-113.714 -878.788 2820.87
280.965 60.3645 1825.6
-111.95 -272.951 2362.65
-150.339 -642.049 2512.75
-61.8522 48.7875 2113.51
60.6171 34.5485 2131.2
307.086 -95.0697 1973.93
54.1283 -990.728 2563.19
346.997 203.849 1681.39
89.1681 -296.894 2391.36
96.639 -699.883 2370.89
183.086 20.3094 2148.89
24.613 -125.187 2254.1
FRAME: 152
55.5108 227.956 2041.75
94.8889 -10.3836 1909.8
-124.564 -879.374 2793.75
278.798 103.664 1811.5
-116.56 -271.383 2346.64
-156.52 -644.757 2504.71
-62.9499 54.7576 2104.02
63.6278 41.3147 2129.18
327.27 -71.9768 1967.74
27.7612 -960.464 2613.36
360.485 196.766 1710.57
83.638 -292.888 2386.02
93.2541 -695.38 2375.23
190.206 27.8718 2154.35
23.5834 -120.41 2247.75
FRAME: 153
65.8789 242.856 2042.92
100.277 26.2671 1899.79
-137.017 -869.867 2775.63
289.671 226.213 1833.22
-116.305 -268.593 2331.28
-160.928 -643.641 2468.99
-57.0568 70.4553 2092.74
70.6702 57.3072 2124.78
346.564 -46.2733 1964.81
30.3577 -960.543 2600.39
378.905 237.141 1766.65
76.5823 -288.559 2379.35
88.3811 -689.043 2375.82
198.397 44.159 2156.82
25.4045 -110.635 2240.05
FRAME: 154
75.7402 256.898 2042.67
104.687 53.0948 1889.09
-129.207 -877.176 2721.02
285.271 303.267 1843.61
-114.348 -263.671 2310.18
-163.94 -643.905 2443.12
-51.7522 84.8208 2077.86
75.8195 73.544 2118.85
356.94 -28.6955 1965.87
16.4824 -944.083 2601.68
391.262 260.93 1791.08
68.3741 -279.651 2368.92
84.1764 -685.207 2374.41
203.391 62.2673 2159.84
26.4164 -99.0583 2229.2
FRAME: 155
84.4337 268.882 2048.73
106.183 68.0903 1879.34
-131.989 -881.126 2737.56
276.668 321.245 1848.21
-108.879 -259.112 2289.19
-163.305 -640.879 2432.35
-49.3512 93.5726 2068.5
77.429 84.0484 2115.69
362.394 -11.7404 1968.72
26.7627 -957.358 2574.09
398.46 283.351 1804.42
63.6552 -271.952 2353.69
76.844 -680.835 2361.88
204.209 74.5241 2162.88
27.4087 -90.7418 2218.56
FRAME: 156
90.9692 277.644 2053.15
105.907 83.309 1876.25
-145.341 -872.488 2738.69
285.438 346.106 1852.43
-111.511 -259.738 2278.29
-170.191 -639.093 2423.95
-49.2776 103.543 2067.29
78.2419 93.0946 2114.72
366.752 -5.41171 1967.68
34.3195 -976.098 2569.56
393.977 275.077 1809.78
66.7431 -274.46 2344.37
77.3537 -678.913 2360.93
205.761 82.6462 2162.15
27.929 -87.002 2213.02
FRAME: 157
96.9216 284.617 2058.19
107.177 95.7085 1871.14
-152.193 -880.56 2733.92
297.064 372.03 1849.16
-111.544 -250.19 2271.2
-173.656 -635.802 2418.46
-48.1003 112.536 2064.96
80.6466 100.626 2113.18
372.039 1.08058 1968.14
11.6916 -954.141 2587.3
403.26 277.415 1823.22
67.7368 -267.024 2337.61
80.378 -677.09 2352.42
209.393 88.716 2161.41
29.3716 -78.9905 2208.8
FRAME: 158
100.502 290.087 2060.89
107.236 104.83 1868.97
-154.716 -878.017 2720.58
295.399 368.285 1845.88
-114.555 -234.936 2268.29
-175.577 -622.522 2411.66
-47.5053 119.464 2064.03
82.835 104.572 2110.94
377.006 5.11294 1964.36
41.9511 -977.545 2543.07
399.411 275.981 1801.42
68.0924 -256.082 2333.36
84.8446 -669.706 2351.3
213.175 89.6797 2157.85
29.8017 -70.4684 2205.88
FRAME: 159
101.819 293.263 2062.05
108.505 103.027 1864.78
-155.468 -882.579 2697.92
293.713 354.863 1834.32
-109.888 -243.74 2258.11
-170.312 -631.07 2410.71
-45.4678 122.149 2063.07
83.4029 110.361 2113.51
374.698 7.13952 1968.3
30.1246 -971.601 2551.09
400.526 285.167 1799.23
69.932 -260.83 2327.7
84.6096 -675.15 2346.11
212.274 98.5736 2163.95
31.7124 -70.9616 2203.21
FRAME: 160
101.684 294.794 2061.9
109.394 99.7595 1863.8
-147.454 -872.645 2693.19
306.178 351.959 1824.32
-107.866 -246.693 2256.31
-161.597 -632.075 2402.27
-44.7742 122.317 2062.85
84.0025 110.502 2113.57
373.41 5.41364 1967.49
18.5717 -952.301 2562.73
400.532 267.566 1791.45
69.7735 -263.875 2325.29
84.5141 -678.41 2343.28
212.779 98.6878 2164.29
32.4782 -72.391 2202.19
FRAME: 161
101.69 296.654 2062.17
107.719 93.2892 1865.31
-137.296 -871.407 2680.1
305.731 336.505 1819.13
-107.474 -247.403 2255.06
-159.418 -632.096 2402.78
-42.8773 122.21 2064.65
84.5495 109.723 2113.12
370.836 4.10901 1966.78
7.21138 -924.238 2572.1
403.102 258.86 1785.52
71.8368 -265.903 2322.14
84.4696 -678.778 2341.81
211.976 97.236 2161.6
33.3656 -73.465 2200.86
FRAME: 162
100.011 296.419 2062.33
104.75 87.327 1869.71
-139.364 -874.69 2683.55
300.175 304.606 1813.05
-108.672 -245.139 2261.51
-158.379 -638.741 2406.2
-42.4124 122.551 2072.78
84.2544 107.583 2114.75
369.128 1.68583 1964.08
19.0477 -948.552 2542.11
398.793 255.625 1768.02
74.6759 -267.61 2321.44
87.6586 -679 2340.31
210.921 92.6162 2156.73
33.6281 -74.3953 2203.11
FRAME: 163
98.8181 297.132 2061.84
100.463 79.3909 1873.84
-137.369 -882.997 2692.16
297.417 294.755 1812.12
-109.283 -242.988 2268.01
-161.666 -636.586 2410.07
-42.3538 122.992 2079.19
84.4008 105.912 2115.78
366.587 -8.37118 1962.41
31.2271 -969.016 2537.18
395.439 236.379 1758.41
78.3458 -268.654 2321.62
90.9657 -679.994 2342.95
211.155 88.8315 2152.37
34.466 -74.9547 2205.3
FRAME: 164
96.3671 298.854 2064.88
90.3813 57.7995 1880.9
-128.055 -885.303 2685.53
296.281 260.141 1802.18
-109.05 -245.882 2271.94
-160.233 -637.078 2409.49
-42.4542 120.611 2085.97
83.7223 102.215 2118.95
355.744 -26.0728 1968.76
21.5039 -961.944 2564.77
382.616 178.041 1757.13
79.9975 -273.55 2320.9
91.8685 -684.156 2343.92
209.899 83.8185 2151.94
34.598 -78.7506 2207.68
FRAME: 165
94.9809 298.837 2066.3
84.1198 37.4554 1890.55
-135.843 -882.128 2705.94
293.456 242.352 1799.88
-107.653 -247.426 2279.51
-156.089 -640.567 2421.99
-43.158 117.318 2095.89
82.7699 98.0893 2125.66
345.705 -45.0151 1975.37
19.8287 -959.1 2571.23
380.246 137.023 1770.76
82.7194 -276.525 2323.94
93.0417 -685.849 2345.2
208.698 78.8607 2155.43
35.1516 -81.9432 2213.69
FRAME: 166
93.7051 300.991 2067.97
77.5112 15.6211 1908.7
-136.354 -881.068 2717.63
280.196 228.408 1791.71
-101.803 -243.913 2281.34
-151.212 -628.877 2429.1
-45.0414 116.154 2103.34
81.686 96.9877 2130.77
339.01 -60.0875 1982.02
27.5804 -964.057 2556.48
356.143 102.224 1772.44
85.5729 -272.315 2321.73
94.2192 -679.845 2342.11
208.413 77.8215 2158.2
36.7856 -80.5632 2216.15
FRAME: 167
96.9954 314.162 2076.35
57.323 -16.3977 1936.88
-140.672 -898.604 2720.4
254.002 149.147 1787.39
-100.405 -240.855 2287.66
-149.012 -637.223 2433.54
-48.3692 120.231 2122.18
80.7947 99.7573 2146.79
330.689 -67.4915 1988.88
28.6475 -972.397 2557.84
291.417 140.292 1725.95
89.552 -271.028 2323.63
96.1795 -682.586 2339.02
209.959 79.2833 2171.4
37.6841 -78.0921 2226.22
FRAME: 168
101.821 322.959 2085.06
27.5661 -48.6641 1964.24
-128.45 -899.922 2715.12
233.492 71.1446 1815.95
-96.7085 -238.835 2306.34
-154.144 -629.422 2453.4
-55.1682 123.041 2137.84
76.1642 101.251 2153.34
299.022 -69.3637 1956.09
23.1434 -960.776 2562.89
239.48 135.645 1671.78
94.6044 -270.68 2328.91
97.993 -676.809 2333.11
207.497 79.4617 2168.85
37.5561 -76.7532 2235.48
FRAME: 169
87.2302 324.978 2109.07
-35.6165 -91.3965 2039.87
-126.475 -910.507 2726.54
173.513 -9.61075 1858.61
-95.0053 -244.743 2330.75
-141.616 -641.367 2449.79
-66.9137 124.802 2168.56
65.3337 102.777 2172.52
262.011 -86.7058 1975.75
41.2166 -986.515 2541.32
113.405 -63.096 1813.31
97.6231 -276.943 2336.28
101.922 -686.73 2336.27
197.581 80.7513 2176.48
33.3213 -79.0332 2253.02
FRAME: 170
73.7835 331.029 2119.36
-41.5696 -106.161 2057.33
-121.388 -907.72 2759.78
147.467 -52.3292 1878.63
-93.1867 -251.441 2350
-145.973 -645.414 2482.4
-75.16 121.766 2182.49
60.9195 100.243 2183.78
237.77 -103.794 2003.4
46.2026 -999.697 2554.87
122.856 -72.3962 1807.27
98.3327 -281.852 2351.54
102.808 -693.595 2346.59
196.999 78.7204 2185.06
31.7463 -83.2018 2267.28
FRAME: 171
67.3261 334.49 2140.25
-97.4283 -108.928 2152.23
-108.967 -916.558 2791.68
31.0489 -134.282 1979.78
-90.1782 -255.728 2360.98
-149.457 -648.465 2511.7
-91.3673 125.835 2206.55
52.1593 106.852 2205.54
203.609 -156.872 2103.04
52.8412 -1002 2549.86
11.2096 -69.6861 1779.91
96.517 -280.545 2359.39
99.6015 -696.77 2354.66
195.686 87.8701 2204.54
27.6643 -80.6419 2282.86
FRAME: 172
62.5591 333.979 2159.55
-190.048 -79.3676 2212.04
-101.876 -917.958 2821.4
-55.3105 -84.5313 1888.45
-93.7632 -260.15 2386.79
-150.62 -642.986 2544.99
-101.864 132.169 2247.16
44.0318 110.049 2230.26
194.784 -167.858 2139.37
62.3566 -1019.35 2534.28
18.1719 -161.353 1905.71
98.5824 -289.542 2364.06
97.5919 -703.672 2362.74
189.928 87.9286 2213.37
23.2207 -82.3987 2302.84
FRAME: 173
56.7748 333.348 2175.56
-215.402 -68.7241 2223.34
-91.3992 -930.174 2831.89
-174.483 -90.4165 1824.91
-88.8688 -262.039 2399
-151.123 -641.434 2566.25
-109.894 134.876 2280.04
36.753 113.625 2253.75
198.104 -161.384 2205.99
84.8986 -1057.54 2472.59
-7.63314 -182.393 1976.96
96.5076 -289.171 2365.35
95.4804 -703.691 2356.15
183.4 92.3737 2227.46
20.2862 -80.9902 2317.96
FRAME: 174
39.2688 331.77 2213.9
-228.4 -73.7995 2232.29
-65.9487 -980.249 2847.57
-256.761 -74.1969 1907.17
-90.6218 -267.657 2428.88
-147.228 -654.923 2581.33
-130.471 130.617 2336.87
18.5839 110.992 2297.23
194.309 -160.532 2287.17
93.0349 -1077.41 2446.72
-54.6451 -206.696 2085.02
83.2836 -290.728 2382.46
81.5576 -710.184 2357.81
167.639 91.3666 2257.6
7.45741 -84.1004 2351.45
FRAME: 175
28.383 331.382 2243.79
-259.446 -87.0412 2323.35
-50.0438 -989.823 2841.71
-291.231 -104.798 2003.38
-94.4025 -268.644 2463.01
-141.012 -662.391 2582.47
-144.879 126.818 2392
5.01406 107.271 2339.42
192.898 -162.736 2315.15
90.1184 -1082.3 2437.01
-93.1718 -208.588 2143.02
69.9865 -290.168 2405.17
66.979 -711.328 2364.83
154.907 87.7239 2286.84
-3.59695 -86.0674 2386.76
FRAME: 176
3.81288 329.366 2304.44
-283.551 -103.079 2401.46
-51.2247 -1000.5 2850.54
-430.676 -43.3396 2078.69
-108.116 -275.564 2521.15
-141.846 -674.172 2593.41
-163.944 127.515 2486.72
-12.3253 110.573 2411.56
198.255 -154.702 2371.41
88.1737 -1076.26 2428.88
-128.238 -207.267 2252.46
61.5963 -294.76 2436.94
57.412 -702.729 2379
139.293 93.63 2336.4
-17.7926 -87.2949 2445.3
FRAME: 177
-11.3306 333.287 2348.99
-286.659 -109.361 2445.9
-49.5557 -1006.93 2858.03
-468.328 -23.9866 2151.28
-117.09 -278.897 2550.22
-150.2 -678.634 2617.86
-176.286 128.785 2516.44
-23.3693 114.378 2444.69
196.014 -153.728 2411.88
84.1822 -1072.75 2425.07
-146.504 -202.131 2306.42
55.3606 -295.272 2469.35
45.8172 -697.224 2414.03
129.547 99.9712 2372.94
-27.117 -86.353 2477.24
FRAME: 178
-25.5288 338.651 2375.24
-301.714 -110.583 2540.61
-55.9404 -1011.47 2882.55
-527.584 -34.9831 2203.86
-132.183 -275.623 2594.87
-166.99 -671.277 2665.48
-183.021 136.77 2551.42
-33.6103 119.928 2474.43
184.317 -151.477 2453.73
87.5469 -1075.4 2429.79
-146.428 -197.207 2351.23
49.4096 -296.407 2500.95
47.3685 -693.312 2442.18
115.8 103.086 2397.44
-37.4985 -83.0437 2511.17
FRAME: 179
-60.3048 358.893 2448.45
-256.185 -105.232 2685.99
-64.7044 -1004.42 2933.93
-176.397 -184.676 2440.21
-135.484 -282.206 2660.38
-176.021 -674.417 2768.2
-199.84 145.119 2607.99
-47.9401 130.501 2533.77
184.211 -128.75 2517.96
83.4281 -1079.26 2434.08
-38.3766 -137.024 2425.25
39.8411 -299.537 2573.65
50.4559 -690.485 2482.31
103.96 115.882 2459.55
-47.8808 -80.1856 2575.39
FRAME: 180
-70.9513 368.046 2480.71
-255.621 -104.513 2710.8
-69.162 -1017.52 2970.56
-180.352 -174.317 2470.37
-142.619 -282.084 2689.96
-180.201 -678.386 2801.75
-206.241 150.356 2641.92
-57.6729 138.521 2566.58
173.871 -118.176 2548
81.8784 -1081.51 2450.68
-54.711 -135.353 2444.34
37.5069 -296.525 2598.47
50.2441 -692.824 2523.36
90.8956 126.685 2491.23
-55.1144 -75.3919 2605.4
FRAME: 181
-87.8975 386.102 2515.31
-257.674 -90.118 2738.39
-73.3337 -1006.95 3011.71
-159.185 -176.616 2505.05
-146.694 -262.881 2730.76
-182.449 -669.553 2836.21
-221.832 167.725 2687.1
-72.813 159.84 2610.59
163.484 -95.005 2578.67
90.7829 -1073.96 2500.73
-75.087 -121.992 2497.79
30.972 -272.417 2639.39
61.261 -671.051 2566.6
76.2065 151.955 2534.08
-65.3369 -53.9044 2647.83
FRAME: 182
-97.0311 398.183 2539.44
-262.883 -75.3411 2768.49
-74.7467 -1006.47 3029.5
-152.171 -145.241 2539.2
-149.028 -250.455 2754.09
-181.001 -665.925 2855.86
-227.613 178.527 2711.19
-80.3117 173.563 2635.61
155.558 -74.51 2604.51
97.9084 -1060.02 2592.63
-67.9131 -120.227 2514.26
32.7504 -256.637 2660.76
62.4054 -657.725 2592.76
66.9898 168.598 2560.03
-69.2253 -39.9918 2671.52
FRAME: 183
-102.594 410.213 2563.5
-270.009 -62.6333 2806.89
-75.3646 -1004.18 3032.97
-190.03 -128.532 2563.78
-150.362 -238.967 2776.94
-177.623 -660.937 2865.48
-229.301 188.373 2727.28
-83.3601 183.507 2653.83
155.554 -65.1468 2626.02
102.506 -1045.16 2662.33
-71.0089 -114.241 2531.72
32.416 -245.085 2684.86
60.2034 -646.267 2616.11
62.5803 178.641 2580.38
-71.1664 -29.2594 2692.36
FRAME: 184
-108.478 424.349 2592.9
-278.628 -42.2438 2836.29
-75.7187 -1001.45 3028.62
-191.802 -98.5757 2594.06
-152.976 -222.477 2801.93
-171.66 -648.954 2871.83
-229.427 202.978 2751.69
-85.8334 197.358 2677.58
155.931 -55.3672 2640.87
116.696 -1038.53 2736.34
-61.5672 -114.094 2534.5
28.1547 -229.59 2708.46
56.3088 -636.082 2654.2
57.7598 191.738 2603.46
-74.122 -14.3378 2716.39
FRAME: 185
-111.54 433.863 2613.2
-273.378 -34.155 2860.17
-73.9702 -997.857 3028.13
-233.164 -88.6611 2606.04
-150.138 -215.981 2823.73
-164.95 -643.667 2881.81
-230.7 213.328 2780.01
-88.0508 208.959 2701.31
154.771 -34.873 2655.33
135.698 -1030.37 2826.04
-64.0156 -107.616 2542.1
28.4412 -221.47 2725.22
57.7116 -640.191 2690.36
54.5986 204.589 2622.61
-74.4497 -4.88347 2737.89
FRAME: 186
-115.764 438.969 2628.02
-273.245 -27.0246 2882.77
-67.7283 -996.814 3029.15
-192.8 -90.17 2622.79
-146.468 -215.032 2837.92
-155.298 -645.152 2894.43
-229.412 221.021 2796.66
-87.9176 217.241 2715.73
154.53 -26.5828 2669.37
141.514 -1026.38 2880.15
-97.9682 -83.2741 2598.19
29.5578 -219.723 2737.29
62.2115 -647.09 2716.66
53.5769 213.462 2634.8
-73.1864 -0.0679483 2751.67
FRAME: 187
-116.046 443.605 2639.82
-267.756 -26.4619 2888.9
-62.7837 -1001.99 3033.21
-209.572 -84.8788 2630.62
-144.971 -216.115 2845.25
-149.149 -648.265 2903.78
-228.685 226.153 2805.72
-85.8155 222.58 2725.27
156.367 -24.4952 2679.74
144.896 -1019 2916.79
-99.9648 -43.2046 2611.57
30.8134 -220.499 2746.28
66.0861 -652.948 2745.65
57.0544 219.007 2644.82
-71.4472 2.13655 2760.52
FRAME: 188
-112.028 450.786 2655.83
-260.706 -17.3957 2898.13
-58.6231 -1010.23 3041.72
-216.214 -76.5945 2637.21
-138.235 -221.973 2860.14
-140.437 -655.7 2917.58
-223.656 231.68 2816.98
-79.6099 228.61 2738.32
161.009 -20.4878 2688.76
139.615 -1021.6 2951.78
-74.97 -15.3923 2618.97
39.7365 -225.754 2762.95
74.3462 -657.943 2796.84
64.4359 225.541 2659.67
-64.4295 2.37328 2774.93
FRAME: 189
-107.442 453.907 2667.6
-250.527 -9.40928 2911.36
-56.7677 -1018.13 3050.66
-190.289 -83.4274 2639.99
-134.796 -223.095 2870.29
-135.711 -659.922 2930.27
-219.192 234.903 2823.54
-73.7401 231.838 2748.02
172.018 -15.5762 2695.35
134.374 -1024.59 2975.18
-71.0727 -13.5618 2630.79
46.2319 -226.898 2776.3
81.8133 -654.356 2831.59
71.7122 228.774 2672.5
-59.0111 3.42088 2785.66
FRAME: 190
-102.518 453.763 2677.9
-239.491 -10.7761 2914.14
-55.9835 -1016.69 3053.2
-191.19 -72.1587 2637.35
-131.283 -222.772 2879.53
-133.166 -661.055 2937.36
-213.029 236.634 2830.35
-67.1548 233.109 2756.84
180.497 -16.1122 2702.41
131.847 -1029.69 2993.97
-67.9437 -41.4055 2639.72
51.9188 -227.188 2787.21
89.3915 -661.262 2861.99
78.7194 229.584 2683.33
-53.4185 4.06437 2795.1
FRAME: 191
-95.8655 455.027 2686.84
-228.083 -11.1549 2917.66
-54.6757 -1013.5 3057.49
-205.036 -62.0974 2650.28
-123.149 -217.904 2890.97
-125.749 -657.539 2945.56
-204.079 239.688 2837.19
-57.2106 236.115 2766.78
200.292 -4.15265 2717.88
130.64 -1042.54 3006.32
-63.9911 -59.1945 2669.17
62.8772 -222.426 2801.83
97.4531 -658.362 2887.1
89.6579 232.542 2696.37
-43.6732 7.97483 2806.59
FRAME: 192
-86.9903 457.867 2697.05
-220.541 -8.54117 2921.79
-54.0091 -1012.3 3061.38
-183.85 -64.113 2655.51
-116.48 -213.086 2899.1
-119.23 -656.458 2953.24
-194.204 244.026 2843.84
-46.7161 240.378 2776.54
209.887 -2.30311 2730.02
130.415 -1049.38 3012.68
-50.0401 -60.3079 2690.45
72.9665 -217.77 2812.73
105.482 -656.38 2902.18
100.772 236.731 2709.25
-34.2364 12.475 2816.23
FRAME: 193
-76.7523 461.308 2705.4
-204.637 -6.67181 2928.41
-54.0243 -1010.09 3062.79
-172.032 -60.3157 2665.04
-105.62 -208.985 2907.29
-111.608 -654.294 2959.59
-179.572 243.791 2853.48
-32.3368 239.275 2787.39
221.86 -8.59387 2740.07
131.116 -1054.03 3017.33
-51.2709 -68.2404 2703.33
82.9103 -214.79 2822.69
111.659 -656.05 2910.29
114.898 234.76 2721.29
-21.8458 13.6939 2826.19
FRAME: 194
-64.9936 463.647 2713.01
-193.411 -0.333058 2941.51
-54.5704 -1010.07 3063.09
-167.097 -47.1868 2653.22
-97.028 -205.883 2911.26
-107.912 -652.063 2962.51
-168.055 244.609 2861.54
-19.2685 239.24 2796.26
228.085 -12.1561 2744.38
133.319 -1054.99 3022.88
-39.3678 -72.6724 2701.7
90.8402 -212.664 2828.8
118.673 -654.766 2917.77
129.518 233.87 2730.97
-11.1812 14.9831 2833.14
FRAME: 195
-53.5691 464.8 2719.27
-178.034 -3.30059 2933.76
-54.9089 -1011.65 3065.2
-146.494 -50.1914 2663.04
-89.5709 -204.339 2914.92
-104.954 -651.024 2964.19
-159.162 244.236 2866.24
-8.35812 237.859 2801.64
237.133 -16.7618 2747.91
135.982 -1054.29 3027.39
-24.6123 -74.0524 2715.76
97.7976 -212.261 2834.66
126.974 -654.243 2924.56
142.445 231.481 2737.04
-2.12237 14.7793 2838.22
FRAME: 196
-46.7172 464.355 2722.3
-167.883 1.71265 2937.21
-54.5624 -1013.99 3067.56
-143.61 -48.7094 2663.31
-84.0961 -203.628 2919.12
-101.619 -651.311 2966.63
-149.919 245.749 2868.6
0.415023 238.249 2804.54
243.548 -18.4763 2752
136.877 -1054.6 3028.48
-14.8572 -76.8948 2712
103.815 -213.015 2839.05
130.251 -654.44 2927.37
150.749 230.75 2740.49
5.13719 14.9641 2841.81
FRAME: 197
-39.0769 464.674 2724.04
-155.797 1.03983 2939.37
-54.2161 -1013.09 3068.55
-144.249 -37.2283 2648.77
-76.2413 -202.66 2923.76
-97.0646 -648.726 2969.68
-141.296 247.618 2870.58
8.15313 239.411 2806.21
248.692 -17.3123 2754.21
138.969 -1051.61 3031.24
-8.57491 -54.5321 2711.46
110.072 -212.898 2843.54
133.518 -653.479 2929.77
157.602 231.205 2741.84
12.5342 15.8162 2844.93
FRAME: 198
-31.1066 464 2725.9
-151.404 0.860126 2945.68
-53.7701 -1015.26 3070.47
-125.412 -40.5182 2654.24
-68.158 -200.626 2928.18
-92.8889 -647.507 2972.3
-133.55 249.344 2875.31
14.1025 240.753 2809.21
255.257 -8.42011 2764.21
139.955 -1054.59 3031.9
0.0432444 -65.446 2709.03
114.183 -211.26 2846.56
135.12 -653.131 2931.97
161.755 232.162 2743.12
18.5574 17.4051 2848.29
FRAME: 199
-25.085 462.868 2727.69
-151.051 -1.57856 2947.55
-53.6313 -1014.76 3071.67
-118.311 -46.0598 2686.81
-60.3124 -198.774 2933.14
-89.4694 -645.353 2974.62
-126.587 251.35 2879.24
18.9213 242.523 2811.52
259.931 -5.2931 2767.47
141.85 -1056.39 3033.5
3.90478 -64.9385 2716.58
118.392 -209.623 2849.99
136.892 -653.209 2934.24
164.429 233.696 2743.81
23.9806 19.1624 2851.54
FRAME: 200
-21.0179 461.853 2728.34
-149.901 -3.05408 2948.14
-53.0161 -1015.62 3074.14
-124.924 -38.5415 2682.66
-55.915 -196.998 2937.32
-87.7543 -644.555 2976.12
-122.428 253.235 2880.94
21.703 244.172 2812.66
262.85 -3.50991 2770.09
143.342 -1056.67 3035.4
0.355683 -56.5375 2706.86
121.42 -208.158 2853.34
138.839 -653.072 2936.81
165.834 235.109 2744.38
27.2278 20.7968 2853.99
FRAME: 201
-19.0279 461.511 2728.95
-152.277 -2.04273 2950.06
-52.1765 -1020.74 3078.31
-138.231 -40.3041 2696.5
-54.043 -195.571 2940.48
-85.4872 -643.31 2979.01
-119.333 255.205 2881.97
23.6077 245.756 2813.7
262.566 -3.04451 2771.95
143.603 -1057.32 3035.74
4.65345 -53.4548 2717
122.891 -207.263 2856.01
139.197 -653.373 2937.21
166.549 236.308 2745.42
29.0158 22.1696 2855.97
FRAME: 202
-17.7429 462.25 2730.32
-154.57 3.18684 2955.28
-52.038 -1026.17 3084.29
-154.914 -36.7027 2706.32
-56.0648 -195.569 2941.21
-84.3243 -644.122 2983.6
-118.318 256.69 2881.92
24.32 246.763 2814.28
259.237 -5.44922 2771.29
144.58 -1059.41 3036.02
-12.7418 -41.1537 2732.74
122.521 -207.997 2856.56
139.438 -654.656 2936.87
166.958 236.835 2746.65
28.774 22.4899 2856.58
FRAME: 203
-16.7221 462.62 2732.47
-153.622 2.91205 2964.85
-50.6805 -1030.31 3088.36
-188.815 -16.6411 2702.14
-56.3947 -195.684 2943.06
-85.3171 -647.126 2987.58
-117.682 257.621 2884.47
24.2774 247.243 2815.6
255.471 -6.3183 2773.31
146.192 -1060.7 3037.57
-23.2346 -35.1111 2741.53
121.109 -208.661 2856.97
139.773 -655.24 2937.75
166.237 236.865 2746.74
28.3172 22.5353 2857.81
FRAME: 204
-17.2091 463.215 2733.4
-163.262 2.68015 2969.01
-49.7211 -1030.71 3090.71
-173.246 -19.0772 2710.19
-57.3378 -196.978 2945.66
-84.6043 -646.537 2989.74
-119.485 257.213 2886.38
21.7391 246.702 2815.58
246.43 -6.15395 2771.53
146.503 -1060.34 3038.86
-24.7504 -22.5783 2734.74
119.747 -210.16 2856.88
139.252 -655.615 2937.21
162.963 236.191 2744.78
26.4718 21.5664 2858.43
FRAME: 205
-19.8315 462.622 2737.35
-175.06 4.38074 2995.64
-47.6465 -1027.96 3095.32
-153.883 3.06914 2714.68
-59.0753 -200.589 2952.69
-85.9246 -651.756 2997.69
-131.453 254.018 2902.37
8.65627 245.984 2823.41
199.037 -1.59101 2763.81
143.752 -1061.47 3035.88
-48.957 -2.65441 2727.93
114.93 -210.574 2854.7
135.383 -656.566 2933.7
148.766 237.951 2744.46
18.2919 20.2014 2863.55
FRAME: 206
-23.7586 462.336 2739.97
-181.201 14.3153 3008.52
-44.4262 -1013.35 3095.23
-277.309 66.0535 2731.85
-65.2024 -203.81 2961.3
-85.5671 -649.738 2996.8
-137.263 253.819 2913.41
-2.14883 246.531 2829.47
139.431 2.43184 2742.93
141.204 -1066.9 3034.03
-88.5859 17.8298 2728.49
108.193 -213.221 2853.66
125.458 -662.489 2927.92
132.966 239.244 2745.54
9.67314 19.0079 2868.47
FRAME: 207
-31.2022 460.75 2743.97
-187.774 26.8068 3015.12
-44.8127 -992.515 3088.79
-268.286 76.1806 2722.27
-65.8254 -207.805 2963.59
-85.8066 -651.97 2999.05
-139.675 247.091 2920.77
-11.2776 240.461 2832.18
89.9629 -7.94842 2751.6
133.577 -1083.21 3026.75
-150.628 73.362 2744.69
98.9197 -216.339 2850.03
114.373 -671.006 2916.93
117.12 233.831 2743.6
2.63479 14.1945 2869.49
FRAME: 208
-41.9497 457.577 2747.63
-203.167 34.3418 3007.04
-43.6658 -982.083 3082.52
-263.469 106.796 2711.57
-69.5561 -208.307 2967.23
-87.0012 -649.465 2998.25
-144.496 247.38 2926.53
-26.0932 240.339 2831.21
55.6007 -0.361332 2738.29
128.075 -1086.54 3021.66
-198.136 124.608 2748.69
83.3242 -217.393 2844.25
99.704 -672.348 2895.43
92.31 233.298 2735.88
-9.60458 13.7447 2868.47
FRAME: 209
-51.0248 456.816 2748.12
-207.66 40.1513 3005.57
-41.3288 -982.624 3078.2
-217.087 86.9802 2664.69
-70.4398 -203.917 2967.12
-89.6558 -641.507 2992.67
-147.451 251.763 2927.92
-41.5165 243.562 2825.86
7.00112 6.55102 2719.53
120.938 -1082.16 3009.48
-310.566 242.215 2827.42
64.3655 -214.333 2837.42
83.7114 -670.592 2873.07
64.4179 235.361 2723.8
-22.2768 17.2185 2864.07
FRAME: 210
-67.2257 451.64 2744.45
-214.877 54.2613 3000.63
-40.3316 -983.426 3079.4
-231.15 101.726 2635.48
-78.4139 -193.332 2965.8
-104.27 -628.019 2993.53
-147.998 256.38 2927.19
-50.8272 245.562 2820.94
-34.1207 23.3513 2690.36
112.008 -1062.34 2975.29
-315.035 229.338 2763.73
45.7774 -207.15 2830.18
51.8394 -662.696 2830.67
46.3435 234.744 2714.69
-33.5727 22.6606 2859.47
FRAME: 211
-77.197 448.888 2741.9
-236.561 89.2777 2995.66
-37.8684 -981.094 3080.92
-256.87 123.412 2625
-85.773 -184.554 2964.84
-109.8 -619.697 2996.78
-144.928 257.491 2924.07
-54.4786 244.233 2815.92
-96.7526 44.7499 2668.31
103.006 -1045.33 2950.21
-332.226 260.521 2786.59
33.6417 -202.068 2822.22
32.4245 -653.764 2798.88
35.9703 230.974 2707.78
-40.2721 25.4608 2854.73
FRAME: 212
-86.2121 447.081 2738.28
-263.646 123.112 2987.68
-33.523 -989.834 3085.34
-294.069 162.891 2668.56
-85.8823 -180.424 2963.49
-108.79 -620.783 2997.76
-145.67 255.472 2925.49
-60.5292 241.536 2812.75
-150.795 75.0973 2652.41
100.796 -1033.8 2929.82
-341.6 284.048 2803.99
26.1419 -198.773 2815.24
17.2933 -648.844 2771.03
24.6119 227.6 2700.01
-45.1997 25.9688 2851.06
FRAME: 213
-93.9651 444.963 2734.91
-263.148 123.02 2982.74
-29.6682 -991.249 3087.08
-303.365 164.35 2654.37
-85.5948 -175.806 2964.05
-113.24 -620.299 2998.14
-145.472 256.428 2925.23
-68.0928 240.737 2806.09
-158.305 83.744 2646.82
98.9522 -1029.35 2904.21
-346.633 315.664 2817.77
17.6894 -196.739 2805.16
5.46695 -644.532 2752.98
9.28669 225.046 2686.94
-51.0228 27.2321 2845.34
FRAME: 214
-99.1582 439.764 2723.59
-278.973 158.909 2987.46
-27.3432 -994.107 3084.9
-342.858 176.015 2655.29
-84.5634 -177.48 2958.85
-112.133 -621.361 2994.37
-144.362 254.904 2926.22
-73.5663 239.452 2800.09
-184.699 111.55 2635.35
97.8299 -1025.96 2861.92
-342.076 357.619 2847.29
11.5238 -198.393 2787.76
1.94474 -641.197 2726.59
-2.77067 223.999 2673.97
-55.0431 25.7576 2836.7
FRAME: 215
-109.155 438.33 2712.69
-308.852 202.157 2982.81
-18.6728 -1004.75 3087.82
-351.076 176.544 2660.51
-86.2084 -183.399 2947.4
-112.312 -629.822 2989.52
-146.28 249.578 2922.06
-78.8314 235.3 2790.83
-243.104 140.789 2659.36
97.3612 -1025.61 2830.66
-346.305 389.1 2856.86
6.29614 -202.96 2767.46
0.718056 -639.737 2703.15
-11.3833 221.023 2659.6
-59.3938 21.0602 2824.13
FRAME: 216
-117.816 435.149 2703.94
-312.719 206.924 2961.35
-16.9758 -1012.95 3086.44
-362.722 182.905 2673.62
-84.2951 -186.253 2935.79
-110.305 -637.246 2981.93
-146.527 245.195 2916.86
-83.3846 231.504 2782.16
-266.973 152.609 2669.32
99.6216 -1024.72 2790.15
-356.967 385.614 2843.64
0.816022 -204.732 2754.52
1.10825 -634.674 2685.42
-20.2425 217.813 2647.46
-62.5621 18.006 2813.66
FRAME: 217
-130.704 422.699 2683.8
-319.095 184.429 2924.93
-9.98536 -1027.2 3086.99
-377.881 181.358 2671.66
-80.7852 -189.533 2908.69
-104.38 -642.285 2969.64
-148.631 241.904 2909.34
-89.0299 230.579 2767.91
-268.653 141.615 2664.19
102.263 -1033.95 2734.55
-336.088 404.217 2861.43
-6.98716 -203.588 2734.01
4.78202 -631.107 2656.68
-29.4293 219.253 2626.49
-66.458 17.0093 2794.63
FRAME: 218
-141.62 415.554 2661.92
-322.527 184.456 2913.12
-9.42585 -1025.39 3086.57
-373.225 177.381 2661.08
-77.7773 -189.561 2896.15
-102.083 -643.318 2962.21
-150.38 236.845 2899.8
-92.6456 225.331 2754.15
-296.502 146.343 2653.6
104.829 -1041.71 2696.34
-342.773 380.725 2844.21
-7.37998 -203.583 2718.84
15.2417 -626.83 2630.64
-34.9108 213.817 2608.49
-67.6121 14.3799 2780.82
FRAME: 219
-149.715 405.844 2637.99
-329.277 179.154 2900.93
-14.0165 -1003.81 3071.15
-377.005 168.05 2655.36
-70.7412 -190.635 2887.14
-99.6028 -637.434 2951.09
-156.008 229.371 2889.57
-98.5209 216.226 2737.83
-307.134 143.307 2634.96
106.331 -1041.54 2658.37
-344.154 387.507 2832.95
-2.34305 -206.262 2707.07
23.0256 -623.824 2608.12
-41.0342 203.08 2586.09
-67.5315 8.88861 2767.47
FRAME: 220
-148.443 392.519 2609.72
-333.846 170.011 2877.34
-15.4091 -1002.3 3064.16
-380.664 168.331 2664.17
-63.1626 -199.275 2874.68
-95.4724 -638.733 2936.79
-159.04 221.894 2877.48
-100.617 209.146 2721.54
-309.827 123.064 2614.85
111.982 -1048.37 2624.86
-335.679 366.909 2802.9
6.07408 -214.331 2690.29
33.1967 -623.561 2582.1
-42.1933 196.398 2565.61
-64.5805 1.17157 2752.01
FRAME: 221
-153.094 381.681 2587.36
-348.309 158.674 2849.37
-17.0478 -992.159 3056.46
-375.126 152.949 2641.15
-54.1942 -207.44 2855.08
-86.6315 -634.543 2916.83
-164.301 214.847 2863.55
-108.931 201.716 2700.71
-309.652 116.14 2593.55
115.195 -1049.67 2597.59
-326.428 356.059 2792.93
8.09893 -222.131 2672.1
37.2839 -624.33 2556.89
-53.561 188.584 2537.88
-65.9894 -6.535 2732.15
FRAME: 222
-153.059 356.017 2542.34
-338.715 110.308 2792.39
-15.7058 -979.275 3033.26
-369.837 98.1099 2606.6
-45.4024 -225.65 2827.39
-81.519 -648.486 2898.08
-169.42 199.156 2849.24
-110.014 186.48 2674.3
-299.304 90.2291 2554.45
120.001 -1054.55 2559.45
-319.651 350.297 2793.54
15.9623 -238.748 2646.72
47.5239 -626.581 2525.67
-50.6089 173.804 2499.36
-62.3672 -22.8594 2705.68
FRAME: 223
-145.615 323.811 2504.94
-341.589 83.4784 2753.1
-13.3268 -975.634 3026.22
-366.946 74.3851 2603.75
-37.7341 -228.437 2800.51
-75.1634 -648.41 2870.33
-172.524 181.699 2831.07
-108.241 169.737 2644.04
-290.443 73.2132 2526.55
112.972 -1062.08 2533.92
-334.655 320.762 2764.91
27.6761 -240.687 2610.28
51.9909 -636.457 2505.96
-43.9582 157.776 2457.02
-56.635 -32.4125 2674.72
FRAME: 224
-133.77 311.731 2470.07
-347.615 86.3494 2757.33
-13.699 -982.333 3012.74
-364.133 38.3488 2591.16
-34.1263 -231.15 2788.33
-79.0023 -648.571 2854.43
-172.26 171.84 2811.26
-101.455 154.203 2616.9
-245.203 36.7317 2480.42
108.927 -1072.68 2520.8
-326.056 263.367 2697.19
37.4228 -249.062 2592.32
58.239 -652.197 2491.23
-30.6508 136.567 2422.54
-49.9035 -42.9512 2653.61
FRAME: 225
-116.961 295.38 2428.76
-351.546 116.616 2749.2
-15.9526 -989.505 3001.31
-393.948 -23.5187 2576.66
-35.2193 -235.719 2771.11
-85.6914 -652.716 2835.5
-170.193 157.113 2769.67
-87.4847 132.741 2579.47
-191.769 -54.146 2418.4
110.322 -1082.74 2513.37
-285.786 165.225 2625.82
51.7212 -262.181 2575.77
65.1009 -672.685 2478.4
-4.77676 108.37 2389.27
-39.6169 -58.1043 2626.46
FRAME: 226
-94.8928 269.121 2381.96
-306.171 55.9894 2726.99
-14.4367 -990.63 2969.9
-368.559 20.8413 2577.31
-48.1752 -235.826 2743.87
-109.653 -656.104 2791.81
-153.102 136.295 2648.46
-72.2364 101.821 2504.92
-172.269 -109.122 2407.55
122.24 -1095.09 2516.16
-359.583 75.8217 2595.14
64.3588 -285.525 2555.7
69.3026 -700.674 2464.73
8.62945 67.3471 2361.38
-32.0723 -79.4271 2577.35
FRAME: 227
-32.3472 243.487 2265.56
-238.45 -135.021 2568.34
-18.3461 -992.828 2941.6
-436.41 -201.496 2352.54
-57.3962 -261.879 2664.4
-122.483 -659.678 2753.1
-145.519 110.22 2539.06
-42.7874 75.9172 2425.93
-18.0021 -195.103 2295.89
127.716 -1105.04 2510.71
-305.726 -214.655 2299.21
77.08 -310.293 2518.51
72.2926 -725.551 2422.71
59.9439 41.614 2312.79
-16.4728 -105.084 2508.69
FRAME: 228
-13.3809 240.116 2234.52
-219.131 -129.624 2494.33
-25.5295 -992.84 2911.29
-397.861 -252.797 2260.5
-68.5448 -262.387 2618.86
-132.467 -660.668 2705.54
-130.257 95.3976 2434.69
-15.0304 55.6631 2353.45
18.0569 -224.227 2254.15
135.757 -1107.32 2522.56
-291.492 -314.515 2179.27
93.0974 -320.192 2503.51
84.0375 -729.408 2418.61
100.196 15.9285 2272.21
-1.37705 -117.813 2457.32
FRAME: 229
7.38285 240.646 2195.29
-159.615 -160.725 2273.4
-48.9978 -958.271 2913.7
-144.882 -317.296 1947.16
-60.8634 -291.311 2530.07
-123.285 -673.748 2689.08
-128.796 65.4434 2341.72
0.153118 43.9588 2291.84
133.537 -208.053 2142.21
134.551 -1088.29 2522.29
-55.8355 -293.812 1917.32
102.789 -320.772 2464.58
91.4602 -720.057 2411.81
129.102 22.4743 2241.96
10.5579 -131.041 2394.58
FRAME: 230
15.8207 238.368 2172.32
-135.536 -164.326 2199.4
-81.1022 -885.585 2945.83
-64.4194 -259.047 1912.83
-51.1408 -302.303 2464.92
-95.1401 -662.966 2558.98
-119.006 54.0548 2287.2
11.3519 43.4512 2261.48
142.457 -197.089 2132.53
115.363 -1025.17 2517.74
12.8247 -277.883 1785.81
106.954 -320.778 2427.38
94.7941 -716.939 2388.8
141.71 32.8477 2235.76
19.6294 -134.045 2353.81
FRAME: 231
20.9522 234.546 2149.71
-85.5522 -150.873 2108.89
-73.4763 -909.997 2926.38
63.0978 -184.311 1872.96
-59.2621 -306.502 2440.49
-101.229 -643.225 2631.92
-107.295 52.5343 2250.12
20.5598 44.3556 2239.17
184.374 -175.424 2103.64
107.105 -1015.44 2534.18
137.753 -180.958 1757.18
104.186 -318.499 2426.03
93.4358 -711.942 2391.92
148.415 36.1769 2228.21
21.5108 -134.072 2336.21
FRAME: 232
25.9613 229.912 2134.76
-17.3556 -112.069 2042.35
-70.0936 -928.205 2904.79
175.293 -89.0921 1818.68
-76.2296 -292.526 2450.95
-104.279 -654.146 2632.45
-96.4821 54.7656 2231.35
28.6511 44.7685 2226.78
200.986 -165.482 2078.68
115.564 -1038.18 2520.37
203.351 -103.006 1689.12
106.856 -308.069 2443.92
96.1806 -708.472 2405.28
153.784 34.7715 2222.2
21.9823 -127.764 2337.11
FRAME: 233
32.775 222.392 2119.26
36.7743 -82.6378 2013.63
-75.8458 -930.931 2900.14
235.33 -5.25877 1778.55
-82.6078 -288.778 2442.46
-100.92 -663.219 2613.43
-80.9331 49.1557 2209.26
43.514 41.582 2217.85
272.983 -110.094 2051.59
106.789 -1018.47 2537.62
280.682 8.17423 1687.82
105.909 -301.217 2454.52
98.4937 -702.81 2412.44
167.961 34.0082 2226.44
27.5824 -126.708 2333.17
FRAME: 234
40.0825 220.552 2104.72
69.2775 -20.6264 1978.79
-77.308 -936.563 2882.85
291.381 103.511 1835.8
-97.0267 -280.786 2425.75
-111.279 -664.323 2609.84
-75.3863 58.778 2181.82
54.4696 51.5285 2199.77
316.856 -70.0477 2023.23
119.075 -1037.12 2497.88
320.018 116.214 1715.15
102.535 -292.897 2452.08
98.3004 -696.393 2422.52
184.326 44.2791 2217.72
28.612 -117.656 2319.34
FRAME: 235
49.5311 224.094 2088.68
86.0609 6.42886 1964.41
-90.4374 -932.933 2891.27
310.618 193.781 1836.82
-103.366 -264.262 2405.51
-124.251 -646.532 2588.08
-61.4293 74.2003 2159.65
68.6166 64.7712 2184.76
332.301 -56.6529 2007.89
115.511 -1034.25 2513.73
336.135 173.81 1729.99
97.2078 -279.573 2443.11
102.08 -687.488 2425.66
198.662 55.342 2209.87
32.7688 -103.573 2304.54
FRAME: 236
63.1916 235.833 2083.18
116.899 27.9447 1939.6
-90.2076 -910.196 2804.28
309.217 257.416 1848.29
-102.013 -255.829 2369.57
-130.836 -653.797 2528.2
-48.1823 82.8722 2138.56
76.3281 77.8921 2178.74
346.412 -38.3338 2018.35
106.762 -1027.77 2511.63
378.503 221.492 1772.22
86.7508 -263.764 2429.91
95.4256 -678.321 2419.12
200.838 72.9121 2218.91
34.3486 -90.9522 2289.24
FRAME: 237
71.5121 245.365 2074.44
125.924 41.9301 1922.99
-92.7931 -891.721 2810.77
298.559 279.587 1844.77
-96.2085 -264.007 2353.65
-125.21 -645.15 2516.21
-43.2623 87.7956 2117.16
80.3732 87.0696 2167.3
359.138 -14.4824 2015.15
69.0491 -991.918 2558.71
385.192 252.577 1786.8
78.0558 -265.513 2423.34
88.3756 -681.648 2419.65
204.009 86.3435 2217.44
35.6485 -88.8451 2277.9
FRAME: 238
81.5089 255.189 2071.31
128.335 58.5488 1919.65
-94.4349 -886.28 2797.03
289.013 270.287 1854.61
-96.3259 -255.667 2340.48
-135.277 -635.196 2485.93
-41.0606 95.3359 2111.75
82.4633 93.8308 2164.76
369.29 7.42303 2017.23
54.9032 -984.373 2566.86
378.47 281.355 1794.95
74.5547 -258.292 2412.72
88.8022 -678.701 2415.98
205.987 92.3257 2217.76
35.7888 -81.5742 2270.68
FRAME: 239
90.4943 266.485 2069.98
121.284 73.0554 1925.3
-88.2124 -888.41 2768.53
298.981 292.453 1861.88
-95.3319 -249.331 2324.59
-139.533 -635.257 2475.07
-44.5982 103.913 2108.56
81.152 101.037 2163.36
370.714 17.2933 2019.09
66.5903 -999.912 2551.61
384.845 291.826 1807.84
72.8625 -253.658 2396.76
89.3207 -681.404 2416.51
206.902 98.1611 2218.17
34.9587 -75.2287 2262.02
FRAME: 240
96.6572 275.192 2070.41
119.039 82.5181 1921.32
-106.836 -880.716 2785.95
288.177 304.562 1862.31
-97.8881 -247.606 2313.94
-147.043 -638.934 2467.96
-47.4076 109.584 2108.15
80.0901 104.996 2162.83
373.646 23.4956 2015.26
68.152 -1007.45 2555.21
389.098 297.436 1803.95
73.258 -253.933 2387
89.8916 -681.341 2418.67
207.588 100.408 2217.52
33.8875 -72.8869 2256.65
FRAME: 241
99.3976 288.396 2076.19
112.702 94.1084 1914.52
-110.502 -880.334 2768.93
277.401 317.682 1856.52
-99.5954 -246.471 2307.11
-149.853 -639.688 2448.21
-48.733 117.096 2107.75
78.8071 111.701 2161.68
372.611 24.6141 2013.41
62.9028 -1006.03 2560.91
398.967 298.022 1801.87
74.487 -254.012 2380.28
91.4611 -680.452 2415.96
206.347 106.305 2215.62
33.1264 -69.2705 2252.69
FRAME: 242
100.555 296.089 2079.47
111.022 98.6541 1906.1
-109.139 -870.606 2758.67
285.24 318.079 1847.76
-95.1306 -248.239 2296.85
-147.794 -642.191 2443.05
-46.7453 121.559 2102.81
79.3167 116.724 2158.66
369.487 26.4167 2014.17
55.0313 -993.972 2570.41
394.641 299.884 1798.64
76.3232 -255.634 2370.68
91.7067 -684.295 2409.13
205.379 111.889 2214.52
34.9565 -67.6062 2246.21
FRAME: 243
100.36 299.52 2080.11
109.832 103.365 1900.72
-114.269 -867.634 2757.31
294.787 328.933 1836.38
-92.5711 -245.811 2292.55
-154.477 -641.139 2438.32
-44.8554 125.549 2097.8
83.143 119.714 2153.58
368.675 23.5539 2014.36
76.7597 -1025.28 2539.87
398.197 289.677 1801.2
77.4252 -254.686 2364.29
92.5281 -680.728 2405.57
211.141 113.88 2209.36
37.785 -65.2673 2241
FRAME: 244
98.5117 303.86 2083.2
105.192 105.418 1903.84
-113.306 -872.585 2729.66
290.198 328.695 1837.11
-101.295 -239.228 2296.45
-154.684 -643.239 2443.23
-45.8245 131.547 2105.04
83.3151 122.372 2154.75
367.928 18.3875 2006.96
82.0676 -1030.76 2531.75
398.167 274.52 1789.14
80.3819 -252.385 2365.9
94.0243 -679.817 2406.35
212.455 113.198 2204.47
36.4293 -61.717 2242.96
FRAME: 245
97.2667 310.093 2085.9
102.154 102.44 1906.71
-110.92 -894.923 2746.46
292.583 301.98 1829.8
-103.903 -236.721 2298.69
-149.488 -643.069 2448.44
-45.7251 135.889 2110.59
83.0665 124.94 2155.76
364.906 13.6769 2002.41
75.7578 -1018.36 2541.27
397.54 257.409 1768.33
84.7063 -252.946 2364.49
97.5101 -678.152 2401.68
211.858 113.99 2200.92
36.7341 -59.9468 2243.67
FRAME: 246
94.986 311.759 2085.87
93.7939 90.2727 1902.78
-120.83 -884.285 2773.03
286.376 278.878 1817.74
-98.0581 -242.962 2288.46
-142.638 -641.073 2446.25
-45.9054 133.32 2107.27
81.5541 123.864 2154.6
359.626 13.2338 2002.06
82.3417 -1030.51 2529.62
388.734 255.405 1758.38
85.9234 -257.033 2355.56
98.0352 -683.702 2396.18
209.014 114.408 2201.92
37.7434 -63.0669 2238.3
FRAME: 247
93.364 314.815 2090.7
84.3574 79.3936 1907.85
-105.043 -882.352 2733.6
283.09 265.971 1814.35
-95.4418 -243.988 2290.55
-137.331 -637.176 2439.37
-47.1675 132.302 2113.1
80.9135 122.465 2157.06
357.461 4.48751 2003.35
54.8934 -1002.85 2568.14
392.956 230.012 1754.95
88.9415 -258.41 2353.03
101.343 -685.962 2394.49
208.995 112.629 2201.01
38.8317 -64.3671 2239.42
FRAME: 248
91.2257 317.552 2094.45
79.6044 61.9579 1917.53
-110.994 -885.42 2721.96
289.577 256.113 1810.29
-94.0639 -245.386 2292.14
-138.697 -634.626 2441.81
-46.9634 126.723 2117.62
81.511 115.062 2156.96
350.082 -0.489706 2002.59
78.1966 -1039.21 2530.9
389.687 211.54 1763.62
92.3154 -262.702 2348.11
101.806 -687.682 2392.97
209.985 103.401 2196.3
40.3184 -69.4908 2238.54
FRAME: 249
91.9795 325.35 2096.57
81.632 54.4244 1914.45
-118.183 -882.391 2709.79
297.452 216.704 1797.77
-84.4603 -246.411 2275.3
-131.58 -632.375 2429.11
-45.2002 131.325 2115.21
80.7688 121.675 2158.38
343.45 -7.84051 2007.78
62.4988 -1020.96 2541.63
363.615 189.625 1766.63
95.2478 -260.875 2334.14
101.242 -684.563 2379.48
206.738 112.025 2201.54
43.0813 -65.9839 2231.55
FRAME: 250
93.5569 327.007 2098.04
83.1581 39.1293 1916.63
-117.931 -886.162 2707.73
278.863 206.366 1792.77
-85.2583 -235.776 2282.77
-139.121 -622.373 2432.72
-44.0542 135.452 2117.32
82.1902 123.637 2152.3
343.744 -21.5294 2006.5
64.6559 -1011.87 2533.28
341.24 151.272 1759.13
100.95 -254.208 2331.87
104.836 -672.039 2376.37
208.435 111.822 2187.28
45.0181 -60.6774 2229.81
FRAME: 251
94.4639 330.716 2100.18
82.9951 17.1796 1926.48
-114.627 -890.938 2677.36
286.235 174.982 1766.33
-83.8085 -231.317 2288.18
-146.784 -618.538 2436.77
-44.2343 133.996 2120.38
84.3373 120.491 2153.24
343.779 -24.7133 2003.54
48.6907 -985.444 2552.45
318.014 164.786 1726.43
100.27 -251.299 2333.57
104.828 -671.786 2376.54
212.909 106.986 2186.09
46.284 -60.4085 2232.05
FRAME: 252
100.68 340.387 2109.29
58.5681 -11.3566 1958.48
-115.7 -897.107 2686.93
259.212 149.246 1761.95
-88.2056 -230.726 2295.35
-143.191 -620.802 2429.45
-50.5799 134.566 2135.66
80.1508 119.637 2165.42
336.552 -31.3193 2000.95
45.2844 -1000.65 2566.49
295.166 161.305 1726.96
98.7335 -252.411 2337.18
107.162 -677.478 2375.53
210.882 104.707 2195.17
42.7074 -60.9661 2240.84
FRAME: 253
100.175 342.232 2114.35
38.4657 -24.7446 1953.37
-110.619 -898.953 2674.18
248.443 107.008 1770.23
-95.4375 -221.939 2295.28
-142.906 -605.934 2443.25
-49.4966 141.087 2128.76
78.716 119.876 2155.69
327.012 -43.4132 1997.65
39.3471 -978.079 2580.6
263.857 141.786 1693.72
89.531 -251.507 2335.89
116.63 -669.155 2378.77
206.929 98.6647 2182.61
37.8814 -58.4239 2235.64
FRAME: 254
98.7917 332.847 2126.4
6.48264 -59.9482 1998.25
-112.636 -922.19 2694.43
207.928 74.2151 1804.18
-87.6623 -236.687 2313.67
-148.586 -636.301 2460.51
-60.9799 128.73 2160.36
75.8414 110.504 2183.34
314.811 -39.9173 2004.37
46.5934 -984.491 2576.36
232.816 112.181 1679.14
95.9644 -261.922 2341.61
113.091 -680.207 2377.44
212.663 92.2781 2206.32
39.9962 -69.4003 2255.49
FRAME: 255
99.2427 333.59 2137.34
-11.2741 -77.8526 2018.42
-113.979 -928.3 2707.97
165.62 10.5512 1858.7
-89.9177 -242.478 2333.97
-146.788 -640.424 2471.34
-65.6173 122.477 2188.06
73.0108 101.979 2201.47
282.267 -63.5824 2015.81
56.9965 -996.877 2570.36
165.184 5.28659 1796.96
103.118 -271.268 2351.99
115.405 -685.324 2374.08
211.639 81.4808 2214.89
39.8054 -77.4472 2272.23
FRAME: 256
97.9529 334.79 2142.84
-26.0624 -84.2828 2033.87
-115.868 -941.519 2730.9
164.111 -7.18553 1875.48
-97.4888 -246.083 2360.24
-155.611 -640.38 2492.43
-73.2838 109.12 2205.68
63.0136 87.1902 2208.14
253.957 -101.04 2010.63
92.1801 -1028.86 2553.76
100.034 9.08682 1704.68
107.602 -279.885 2362.25
122.251 -695.349 2381.57
199.311 65.2602 2210.59
34.035 -87.8969 2284.69
FRAME: 257
98.8655 334.318 2156.62
-26.4489 -86.2568 2049.04
-127.741 -945.736 2785.19
141.031 -21.2297 1897.9
-102.259 -251.734 2380.39
-158.458 -652.455 2519.01
-72.875 105.429 2219.8
59.8538 80.7112 2213.57
209.03 -118.669 1986.15
108.129 -1050.05 2541.82
68.44 -36.3786 1715.67
106.422 -290.953 2369.83
124.88 -707.21 2380.73
192.583 55.9939 2207.33
30.9678 -95.3161 2294.34
FRAME: 258
98.3504 338.259 2167.54
-157.423 -77.9985 2158.97
-114.38 -956.585 2714.3
17.5079 -45.3922 1870.95
-100.526 -256.663 2391.78
-155.403 -652.84 2534.68
-94.7953 125.974 2233.48
47.734 102.926 2219.98
193.229 -122.497 2020.25
116.545 -1058.58 2530.55
16.6847 -87.7187 1800.75
105.825 -290.038 2372.05
124.531 -708.043 2376.96
190.263 79.8783 2206.48
25.1918 -85.2121 2300.95
FRAME: 259
94.1485 349.043 2178.47
-168.509 -81.7494 2181.34
-104.719 -944.933 2713.03
-40.178 -58.701 1853.65
-95.2459 -256.57 2397.84
-146.43 -664.376 2540.75
-101.409 144.091 2252.65
43.5931 121.784 2232.41
186.093 -116.84 2071.97
114.376 -1060.89 2521.26
-9.04638 -92.1047 1820.93
103.576 -287.293 2369.95
122.805 -707.051 2370.87
188.595 99.4766 2212.17
23.8791 -75.074 2308.15
FRAME: 260
88.9683 357.822 2189.8
-185.517 -82.742 2217.89
-90.5355 -965.578 2687.66
-140.844 -57.1762 1830.19
-87.0991 -255.248 2389.64
-138.588 -672.984 2534.18
-110.283 151.13 2269.63
37.0677 133.049 2248
190.414 -115.622 2131.97
104.108 -1047.71 2528.17
-10.352 -121.859 1898.12
100.437 -278.691 2361.82
118.667 -704.74 2365.64
184.418 114.968 2226.36
21.8683 -66.9603 2311.86
FRAME: 261
83.2215 367.249 2201.59
-196.696 -80.2577 2235.8
-100.474 -957.521 2739.6
-159.204 -99.9718 1857.01
-87.1849 -258.706 2391.89
-135.084 -673.184 2544.21
-118.285 157.873 2289.02
30.2879 142.644 2266.91
188.372 -115.031 2173.1
106.855 -1053.18 2514.53
-22.7936 -128.002 1957.12
97.2341 -278.273 2363.51
114.754 -703.765 2364
178.861 127.416 2244.81
17.6562 -62.9225 2322.31
FRAME: 262
75.3549 365.179 2229.92
-221.224 -74.7517 2257.96
-88.8509 -953.918 2746.06
-303.356 -81.6484 1895.4
-92.716 -255.959 2412.34
-130.572 -672.573 2552.93
-126.761 161.431 2319.12
23.6686 146.277 2298.09
195.318 -115.458 2245.5
102.49 -1051.97 2509.73
-52.3201 -147.593 2052.82
87.2703 -274.434 2386.5
105.3 -702.116 2370.67
174.098 131.123 2277.06
10.4729 -59.46 2348.76
FRAME: 263
66.3577 363.505 2261.77
-248.591 -83.1337 2311.73
-86.2705 -941.387 2785.12
-353.07 -73.8722 1942.4
-100.48 -253.054 2438.18
-132.476 -672.488 2560.37
-132.906 156.736 2358.43
18.2754 140.668 2332.07
188.851 -120.911 2264.51
102.253 -1051.89 2514.57
-80.0753 -147.288 2082.63
83.3456 -272.814 2405.46
100.951 -702.72 2380.95
169.457 124.6 2305.72
4.85416 -61.133 2376.95
FRAME: 264
57.7227 366.177 2280.54
-256.743 -84.3054 2360.18
-89.7584 -917.246 2837.17
-400.468 -59.9184 1997.8
-104.986 -251.184 2464
-132.224 -668.829 2577.29
-139.441 156.763 2396.31
12.0158 140.099 2360.54
190.628 -122.762 2310.42
112.701 -1069.14 2490.49
-93.7331 -146.496 2123.7
80.224 -271.695 2419.65
95.798 -703.095 2389.65
163.472 123.434 2324.76
-0.182606 -60.6705 2401.18
FRAME: 265
44.7691 366.402 2331.28
-218.484 -106.273 2516.72
-84.9435 -930.958 2929.99
-122.994 -140.329 2264.45
-103.06 -264.529 2511.78
-128.435 -675.511 2608.22
-143.071 149.778 2453.21
7.46316 134.327 2410.34
208.094 -132.114 2385.5
101.768 -1059.29 2501.65
-45.921 -165.762 2238.21
76.8197 -283.064 2460.35
85.396 -700.751 2403.55
157.998 118.875 2367.47
-2.82846 -69.7351 2448.2
FRAME: 266
34.3353 365.449 2372.48
-212.506 -98.641 2565.09
-71.9429 -946.758 2946.06
-131.744 -143.739 2313.61
-104.092 -272.882 2540.11
-123.156 -684.92 2625.2
-144.388 145.546 2487.14
6.81245 131.054 2446.66
211.295 -134.348 2413.52
110.028 -1076.03 2476.09
-34.0475 -169.041 2304.04
76.0599 -290.252 2491.73
75.7847 -703.877 2416.25
158.013 116.562 2406.18
-3.60189 -75.2564 2481.29
FRAME: 267
14.0012 364.278 2419.27
-223.171 -107.312 2604.12
-53.0713 -974.545 2973.02
-124.278 -145.386 2380.79
-110.801 -276.637 2589.6
-113.492 -693.895 2666.56
-157.497 143.229 2554.89
-7.18634 131.728 2506.17
194.088 -140.564 2481.51
105.277 -1079.27 2467.32
-29.4371 -157.714 2348.54
67.0489 -290.287 2532.12
66.3581 -708.107 2442.3
143.124 120.227 2457.45
-14.5311 -75.867 2533.52
FRAME: 268
2.06021 364.874 2457.47
-230.905 -106.638 2639.57
-44.02 -985.974 2995.66
-121.093 -149.587 2425.84
-119.219 -279.289 2626.55
-115.421 -695.785 2706.92
-169.254 143.474 2589.52
-19.2273 132.576 2538.81
184.474 -136.129 2515.47
105.617 -1087.79 2466.96
-39.1663 -154.219 2376.3
58.7808 -292.243 2566.5
66.8654 -712.948 2481.79
130.799 121.679 2488.11
-24.7233 -76.5949 2567.67
FRAME: 269
-8.62358 372.21 2489.9
-248.701 -100.572 2700.07
-50.4587 -990.02 3009.99
-163.134 -135.281 2475.38
-132.087 -274.357 2667.4
-127.109 -691.211 2745.9
-177.667 148.264 2620.72
-30.5752 136.993 2567.81
177.448 -131.096 2540.5
103.326 -1092.95 2473.39
-57.7573 -125.036 2449.04
53.8497 -288.686 2600.34
67.4472 -704.283 2533.93
116.516 125.722 2514.91
-34.8469 -72.2643 2600.84
FRAME: 270
-18.4044 374.233 2506.53
-281.796 -89.6679 2728.99
-60.0073 -981.984 3025.67
-402.963 -63.9182 2500.94
-143.578 -265.835 2700.68
-143.449 -675.855 2788.78
-194.894 157.437 2658.77
-46.298 147.741 2599.41
166.546 -118.72 2564.36
104.924 -1072.25 2517.09
-57.8805 -111.32 2462.32
46.5274 -278.295 2624.34
70.6241 -679.881 2570.06
102.298 138.045 2540.04
-47.4118 -62.1621 2630.96
FRAME: 271
-31.3784 381.855 2533.75
-307.051 -65.9572 2742.62
-63.216 -976.392 3038.8
-490.421 -44.0728 2539.25
-146.353 -251.275 2727.6
-146.911 -665.926 2819.97
-204.091 170.497 2682.38
-54.9693 161.855 2623.74
148.993 -103.925 2580.07
105.905 -1072.46 2542.57
-92.5238 -104.329 2485.87
40.7132 -262.1 2653.76
72.6751 -669.576 2587.57
94.1521 153.213 2565.1
-53.8946 -47.4163 2657.21
FRAME: 272
-42.7878 408.664 2572.02
-297.042 -52.9485 2785.49
-63.9702 -971.381 3041.48
-273.966 -114.006 2587.99
-147.096 -235.078 2752.59
-148.292 -652.139 2843.24
-207.498 184.865 2708.81
-60.6431 178.577 2650.56
139.933 -81.3625 2613.49
125.69 -1053.69 2619.32
-38.6701 -131.332 2466.01
41.8272 -243.23 2677.41
76.5083 -649.604 2613.15
86.2117 172.289 2592.31
-56.6388 -30.2885 2682.78
FRAME: 273
-48.5899 422.622 2601.81
-297.052 -47.6283 2809.33
-65.5347 -969.716 3040.87
-228.275 -103.622 2640.04
-144.227 -221.082 2778.42
-144.789 -640.08 2853.64
-207.128 195.889 2730.31
-63.8881 191.011 2671.1
138.158 -69.0446 2635.95
120.918 -1041.65 2664.9
-38.0724 -135.247 2490.69
44.6939 -227.535 2700.28
78.0188 -636.32 2633.85
79.3515 186.132 2611.89
-56.8274 -16.6489 2705.22
FRAME: 274
-53.4409 433.711 2626.27
-287.342 -37.505 2842.48
-62.8098 -975.333 3041.69
-241.569 -105.816 2656.43
-143.041 -211.491 2795.3
-142.41 -637.657 2865.05
-207.931 206.918 2749.62
-66.4532 203.949 2690.5
136.199 -60.1989 2647.64
139.698 -1042.55 2711.65
-67.57 -100.152 2517.1
47.0675 -215.5 2715.77
78.888 -629.285 2648.35
75.0245 200.98 2631.38
-57.2201 -4.77336 2723.02
FRAME: 275
-56.5022 439.305 2635.74
-286.006 -25.6239 2873.41
-61.5125 -970.847 3046.25
-242.694 -120.355 2679.98
-141.174 -205.122 2811.02
-139.384 -633.625 2876.98
-208.592 213.383 2770.08
-66.0911 211.933 2711
130.014 -49.1944 2659.43
166.443 -1052.25 2782.86
-59.3096 -133.543 2535.57
50.1291 -207.038 2731.82
77.3455 -630.245 2668.48
76.4102 210.483 2651.92
-55.8068 2.9263 2741.21
FRAME: 276
-58.1992 447.669 2656.1
-279.338 -25.9978 2889.93
-60.4753 -970.787 3049.65
-226.166 -67.2316 2689.89
-136.359 -198.861 2829.22
-133.545 -630.955 2891.14
-210.507 219.219 2786.75
-66.6102 218.765 2726.98
131.178 -43.0727 2676.52
190.088 -1028.46 2846.06
-62.2371 -136.252 2542.48
52.6925 -199.448 2750.73
81.3335 -630.029 2706.59
77.2868 218.312 2667.21
-54.2217 9.80564 2758.48
FRAME: 277
-56.2521 451.448 2671.91
-274.422 -27.3704 2897.24
-60.9869 -975.346 3053.3
-251.167 -49.3656 2705.4
-131.6 -196.296 2845.35
-126.653 -626.408 2907.53
-208.152 223.909 2800.69
-64.2608 222.956 2737.55
129.778 -39.6809 2680.21
194.194 -1015.24 2890.16
-56.7008 -148.083 2545.71
56.0482 -197.55 2763.07
90.3148 -629.578 2749.73
79.6303 222.004 2674.4
-51.0184 13.0167 2770.88
FRAME: 278
-54.3094 454.526 2685.38
-266.403 -30.4389 2906.31
-60.5478 -980.775 3060.78
-172.211 -64.1766 2702.51
-126.739 -199.611 2862.41
-120.448 -630.064 2920.72
-201.906 227.068 2816.33
-58.8405 225.221 2751.06
133.219 -38.5665 2697.78
193.079 -1012.63 2919.94
-57.351 -146.257 2575.56
60.7509 -202.041 2776.89
94.7103 -638.951 2783.03
84.2249 223.373 2685.79
-45.9173 12.1975 2785.35
FRAME: 279
-48.831 458.585 2697.36
-262.402 -30.5934 2909.81
-55.5849 -990.719 3072.69
-167.226 -61.8564 2704.17
-120.142 -204.292 2874.94
-114.215 -637.506 2935.54
-195.952 228.563 2827.68
-54.6117 226.07 2760.14
145.277 -33.955 2709.82
193.906 -1016.99 2940.71
-37.9214 -160.709 2582.95
63.5987 -207.535 2787.2
98.5543 -649.624 2808.78
86.729 223.578 2692.61
-41.4418 10.0784 2795.61
FRAME: 280
-40.5165 461.821 2706.01
-240.155 -28.9825 2926.49
-54.0778 -1008.55 3080.53
-156.599 -64.4459 2712.14
-113.192 -209.538 2884.36
-104.97 -645.599 2953.52
-190.589 229.102 2835.72
-47.9374 227.465 2771.91
151.776 -26.5305 2721
193.524 -1028.54 2967.52
-33.8543 -147.606 2592.03
71.1564 -211.654 2801.93
115.072 -656.256 2844.7
94.7141 225.827 2708.1
-34.4776 8.43424 2807.53
FRAME: 281
-29.6288 467.068 2714.67
-226.251 -24.4937 2936.81
-52.9986 -1018.31 3088.63
-129.734 -67.1714 2707.67
-105.818 -211.871 2892.7
-98.8091 -650.241 2968.21
-182.847 232.095 2844.03
-40.4101 230.687 2780.97
160.933 -16.5205 2729.57
190.32 -1031.52 2981.31
-33.896 -118.166 2616.13
78.9613 -213.705 2810.9
125.7 -657.149 2863.59
102.027 229.279 2717.91
-26.9192 8.94968 2816.39
FRAME: 282
-23.1256 469.651 2717.88
-221.275 -18.0827 2940.17
-52.6025 -1018.18 3097.87
-138.688 -54.3729 2710.14
-101.129 -209.895 2897.64
-95.1329 -646.889 2973.65
-176.19 234.982 2846.29
-34.7456 233.465 2784.54
170.811 -10.649 2735.84
190.585 -1032.28 2992.63
-31.2517 -106.983 2619.61
85.1416 -211.897 2816.35
137.876 -654.898 2878.35
106.699 231.948 2722.8
-21.3697 11.2844 2820.77
FRAME: 283
-17.5816 472.923 2720.51
-209.932 -12.938 2947.39
-52.4691 -1022.15 3101.41
-141.754 -44.237 2703.94
-97.0305 -207.338 2900.7
-92.0562 -647.774 2978.83
-171.512 237.71 2848.92
-27.9771 236.181 2788.67
177.745 -5.82325 2741.51
193.528 -1038.75 2999.96
-23.0865 -107.049 2632.83
92.1433 -209.364 2821.29
145.086 -656.748 2889.77
115.558 234.651 2728.43
-15.2104 13.9148 2824.83
FRAME: 284
-13.5106 473.257 2722.61
-199.647 -13.7116 2940.53
-52.5756 -1021.48 3102.53
-131.193 -50.778 2709.81
-92.0105 -204.779 2903.71
-90.1321 -646.723 2978.67
-164.975 240.879 2852.48
-20.4359 238.555 2791.53
180.519 -8.3367 2738.11
193.644 -1043.77 3003.33
-11.9336 -90.1949 2652.27
97.682 -207.812 2823.74
150.095 -656.637 2895.67
124.103 236.23 2730.58
-8.80007 16.1295 2827.63
FRAME: 285
-5.85865 473.659 2725.6
-194.247 -10.131 2937.09
-52.3098 -1023.65 3105.13
-168.211 -23.1671 2704.82
-87.0987 -201.759 2906.93
-87.6676 -645.12 2980.02
-159.562 243.892 2854.42
-11.2811 241.246 2795
196.305 -9.80917 2736.31
193.105 -1047.92 3006.21
-9.39274 -68.784 2658.74
107.103 -205.228 2829.12
153.445 -655.505 2902.08
137 238.599 2735.59
-0.639553 18.8761 2831.52

