FRAME: 0
0 0 0
0 0 0
0 0 0
0 0 0
0 0 0
0 0 0
0 0 0
0 0 0
0 0 0
0 0 0
0 0 0
0 0 0
0 0 0
0 0 0
0 0 0
FRAME: 1
0 0 0
0 0 0
0 0 0
0 0 0
0 0 0
0 0 0
0 0 0
0 0 0
0 0 0
0 0 0
0 0 0
0 0 0
0 0 0
0 0 0
0 0 0
FRAME: 2
0 0 0
0 0 0
0 0 0
0 0 0
0 0 0
0 0 0
0 0 0
0 0 0
0 0 0
0 0 0
0 0 0
0 0 0
0 0 0
0 0 0
0 0 0
FRAME: 3
0 0 0
0 0 0
0 0 0
0 0 0
0 0 0
0 0 0
0 0 0
0 0 0
0 0 0
0 0 0
0 0 0
0 0 0
0 0 0
0 0 0
0 0 0
FRAME: 4
0 0 0
0 0 0
0 0 0
0 0 0
0 0 0
0 0 0
0 0 0
0 0 0
0 0 0
0 0 0
0 0 0
0 0 0
0 0 0
0 0 0
0 0 0
FRAME: 5
0 0 0
0 0 0
0 0 0
0 0 0
0 0 0
0 0 0
0 0 0
0 0 0
0 0 0
0 0 0
0 0 0
0 0 0
0 0 0
0 0 0
0 0 0
FRAME: 6
0 0 0
0 0 0
0 0 0
0 0 0
0 0 0
0 0 0
0 0 0
0 0 0
0 0 0
0 0 0
0 0 0
0 0 0
0 0 0
0 0 0
0 0 0
FRAME: 7
0 0 0
0 0 0
0 0 0
0 0 0
0 0 0
0 0 0
0 0 0
0 0 0
0 0 0
0 0 0
0 0 0
0 0 0
0 0 0
0 0 0
0 0 0
FRAME: 8
0 0 0
0 0 0
0 0 0
0 0 0
0 0 0
0 0 0
0 0 0
0 0 0
0 0 0
0 0 0
0 0 0
0 0 0
0 0 0
0 0 0
0 0 0
FRAME: 9
0 0 0
0 0 0
0 0 0
0 0 0
0 0 0
0 0 0
0 0 0
0 0 0
0 0 0
0 0 0
0 0 0
0 0 0
0 0 0
0 0 0
0 0 0
FRAME: 10
0 0 0
0 0 0
0 0 0
0 0 0
0 0 0
0 0 0
0 0 0
0 0 0
0 0 0
0 0 0
0 0 0
0 0 0
0 0 0
0 0 0
0 0 0
FRAME: 11
0 0 0
0 0 0
0 0 0
0 0 0
0 0 0
0 0 0
0 0 0
0 0 0
0 0 0
0 0 0
0 0 0
0 0 0
0 0 0
0 0 0
0 0 0
FRAME: 12
0 0 0
0 0 0
0 0 0
0 0 0
0 0 0
0 0 0
0 0 0
0 0 0
0 0 0
0 0 0
0 0 0
0 0 0
0 0 0
0 0 0
0 0 0
FRAME: 13
0 0 0
0 0 0
0 0 0
0 0 0
0 0 0
0 0 0
0 0 0
0 0 0
0 0 0
0 0 0
0 0 0
0 0 0
0 0 0
0 0 0
0 0 0
FRAME: 14
0 0 0
0 0 0
0 0 0
0 0 0
0 0 0
0 0 0
0 0 0
0 0 0
0 0 0
0 0 0
0 0 0
0 0 0
0 0 0
0 0 0
0 0 0
FRAME: 15
0 0 0
0 0 0
0 0 0
0 0 0
0 0 0
0 0 0
0 0 0
0 0 0
0 0 0
0 0 0
0 0 0
0 0 0
0 0 0
0 0 0
0 0 0
FRAME: 16
0 0 0
0 0 0
0 0 0
0 0 0
0 0 0
0 0 0
0 0 0
0 0 0
0 0 0
0 0 0
0 0 0
0 0 0
0 0 0
0 0 0
0 0 0
FRAME: 17
0 0 0
0 0 0
0 0 0
0 0 0
0 0 0
0 0 0
0 0 0
0 0 0
0 0 0
0 0 0
0 0 0
0 0 0
0 0 0
0 0 0
0 0 0
FRAME: 18
0 0 0
0 0 0
0 0 0
0 0 0
0 0 0
0 0 0
0 0 0
0 0 0
0 0 0
0 0 0
0 0 0
0 0 0
0 0 0
0 0 0
0 0 0
FRAME: 19
0 0 0
0 0 0
0 0 0
0 0 0
0 0 0
0 0 0
0 0 0
0 0 0
0 0 0
0 0 0
0 0 0
0 0 0
0 0 0
0 0 0
0 0 0
FRAME: 20
0 0 0
0 0 0
0 0 0
0 0 0
0 0 0
0 0 0
0 0 0
0 0 0
0 0 0
0 0 0
0 0 0
0 0 0
0 0 0
0 0 0
0 0 0
FRAME: 21
0 0 0
0 0 0
0 0 0
0 0 0
0 0 0
0 0 0
0 0 0
0 0 0
0 0 0
0 0 0
0 0 0
0 0 0
0 0 0
0 0 0
0 0 0
FRAME: 22
0 0 0
0 0 0
0 0 0
0 0 0
0 0 0
0 0 0
0 0 0
0 0 0
0 0 0
0 0 0
0 0 0
0 0 0
0 0 0
0 0 0
0 0 0
FRAME: 23
0 0 0
0 0 0
0 0 0
0 0 0
0 0 0
0 0 0
0 0 0
0 0 0
0 0 0
0 0 0
0 0 0
0 0 0
0 0 0
0 0 0
0 0 0
FRAME: 24
0 0 0
0 0 0
0 0 0
0 0 0
0 0 0
0 0 0
0 0 0
0 0 0
0 0 0
0 0 0
0 0 0
0 0 0
0 0 0
0 0 0
0 0 0
FRAME: 25
0 0 0
0 0 0
0 0 0
0 0 0
0 0 0
0 0 0
0 0 0
0 0 0
0 0 0
0 0 0
0 0 0
0 0 0
0 0 0
0 0 0
0 0 0
FRAME: 26
0 0 0
0 0 0
0 0 0
0 0 0
0 0 0
0 0 0
0 0 0
0 0 0
0 0 0
0 0 0
0 0 0
0 0 0
0 0 0
0 0 0
0 0 0
FRAME: 27
0 0 0
0 0 0
0 0 0
0 0 0
0 0 0
0 0 0
0 0 0
0 0 0
0 0 0
0 0 0
0 0 0
0 0 0
0 0 0
0 0 0
0 0 0
FRAME: 28
0 0 0
0 0 0
0 0 0
0 0 0
0 0 0
0 0 0
0 0 0
0 0 0
0 0 0
0 0 0
0 0 0
0 0 0
0 0 0
0 0 0
0 0 0
FRAME: 29
0 0 0
0 0 0
0 0 0
0 0 0
0 0 0
0 0 0
0 0 0
0 0 0
0 0 0
0 0 0
0 0 0
0 0 0
0 0 0
0 0 0
0 0 0
FRAME: 30
0 0 0
0 0 0
0 0 0
0 0 0
0 0 0
0 0 0
0 0 0
0 0 0
0 0 0
0 0 0
0 0 0
0 0 0
0 0 0
0 0 0
0 0 0
FRAME: 31
0 0 0
0 0 0
0 0 0
0 0 0
0 0 0
0 0 0
0 0 0
0 0 0
0 0 0
0 0 0
0 0 0
0 0 0
0 0 0
0 0 0
0 0 0
FRAME: 32
0 0 0
0 0 0
0 0 0
0 0 0
0 0 0
0 0 0
0 0 0
0 0 0
0 0 0
0 0 0
0 0 0
0 0 0
0 0 0
0 0 0
0 0 0
FRAME: 33
0 0 0
0 0 0
0 0 0
0 0 0
0 0 0
0 0 0
0 0 0
0 0 0
0 0 0
0 0 0
0 0 0
0 0 0
0 0 0
0 0 0
0 0 0
FRAME: 34
0 0 0
0 0 0
0 0 0
0 0 0
0 0 0
0 0 0
0 0 0
0 0 0
0 0 0
0 0 0
0 0 0
0 0 0
0 0 0
0 0 0
0 0 0
FRAME: 35
0 0 0
0 0 0
0 0 0
0 0 0
0 0 0
0 0 0
0 0 0
0 0 0
0 0 0
0 0 0
0 0 0
0 0 0
0 0 0
0 0 0
0 0 0
FRAME: 36
0 0 0
0 0 0
0 0 0
0 0 0
0 0 0
0 0 0
0 0 0
0 0 0
0 0 0
0 0 0
0 0 0
0 0 0
0 0 0
0 0 0
0 0 0
FRAME: 37
0 0 0
0 0 0
0 0 0
0 0 0
0 0 0
0 0 0
0 0 0
0 0 0
0 0 0
0 0 0
0 0 0
0 0 0
0 0 0
0 0 0
0 0 0
FRAME: 38
0 0 0
0 0 0
0 0 0
0 0 0
0 0 0
0 0 0
0 0 0
0 0 0
0 0 0
0 0 0
0 0 0
0 0 0
0 0 0
0 0 0
0 0 0
FRAME: 39
0 0 0
0 0 0
0 0 0
0 0 0
0 0 0
0 0 0
0 0 0
0 0 0
0 0 0
0 0 0
0 0 0
0 0 0
0 0 0
0 0 0
0 0 0
FRAME: 40
0 0 0
0 0 0
0 0 0
0 0 0
0 0 0
0 0 0
0 0 0
0 0 0
0 0 0
0 0 0
0 0 0
0 0 0
0 0 0
0 0 0
0 0 0
FRAME: 41
0 0 0
0 0 0
0 0 0
0 0 0
0 0 0
0 0 0
0 0 0
0 0 0
0 0 0
0 0 0
0 0 0
0 0 0
0 0 0
0 0 0
0 0 0
FRAME: 42
0 0 0
0 0 0
0 0 0
0 0 0
0 0 0
0 0 0
0 0 0
0 0 0
0 0 0
0 0 0
0 0 0
0 0 0
0 0 0
0 0 0
0 0 0
FRAME: 43
0 0 0
0 0 0
0 0 0
0 0 0
0 0 0
0 0 0
0 0 0
0 0 0
0 0 0
0 0 0
0 0 0
0 0 0
0 0 0
0 0 0
0 0 0
FRAME: 44
0 0 0
0 0 0
0 0 0
0 0 0
0 0 0
0 0 0
0 0 0
0 0 0
0 0 0
0 0 0
0 0 0
0 0 0
0 0 0
0 0 0
0 0 0
FRAME: 45
0 0 0
0 0 0
0 0 0
0 0 0
0 0 0
0 0 0
0 0 0
0 0 0
0 0 0
0 0 0
0 0 0
0 0 0
0 0 0
0 0 0
0 0 0
FRAME: 46
0 0 0
0 0 0
0 0 0
0 0 0
0 0 0
0 0 0
0 0 0
0 0 0
0 0 0
0 0 0
0 0 0
0 0 0
0 0 0
0 0 0
0 0 0
FRAME: 47
0 0 0
0 0 0
0 0 0
0 0 0
0 0 0
0 0 0
0 0 0
0 0 0
0 0 0
0 0 0
0 0 0
0 0 0
0 0 0
0 0 0
0 0 0
FRAME: 48
0 0 0
0 0 0
0 0 0
0 0 0
0 0 0
0 0 0
0 0 0
0 0 0
0 0 0
0 0 0
0 0 0
0 0 0
0 0 0
0 0 0
0 0 0
FRAME: 49
0 0 0
0 0 0
0 0 0
0 0 0
0 0 0
0 0 0
0 0 0
0 0 0
0 0 0
0 0 0
0 0 0
0 0 0
0 0 0
0 0 0
0 0 0
FRAME: 50
0 0 0
0 0 0
0 0 0
0 0 0
0 0 0
0 0 0
0 0 0
0 0 0
0 0 0
0 0 0
0 0 0
0 0 0
0 0 0
0 0 0
0 0 0
FRAME: 51
0 0 0
0 0 0
0 0 0
0 0 0
0 0 0
0 0 0
0 0 0
0 0 0
0 0 0
0 0 0
0 0 0
0 0 0
0 0 0
0 0 0
0 0 0
FRAME: 52
0 0 0
0 0 0
0 0 0
0 0 0
0 0 0
0 0 0
0 0 0
0 0 0
0 0 0
0 0 0
0 0 0
0 0 0
0 0 0
0 0 0
0 0 0
FRAME: 53
0 0 0
0 0 0
0 0 0
0 0 0
0 0 0
0 0 0
0 0 0
0 0 0
0 0 0
0 0 0
0 0 0
0 0 0
0 0 0
0 0 0
0 0 0
FRAME: 54
0 0 0
0 0 0
0 0 0
0 0 0
0 0 0
0 0 0
0 0 0
0 0 0
0 0 0
0 0 0
0 0 0
0 0 0
0 0 0
0 0 0
0 0 0
FRAME: 55
0 0 0
0 0 0
0 0 0
0 0 0
0 0 0
0 0 0
0 0 0
0 0 0
0 0 0
0 0 0
0 0 0
0 0 0
0 0 0
0 0 0
0 0 0
FRAME: 56
0 0 0
0 0 0
0 0 0
0 0 0
0 0 0
0 0 0
0 0 0
0 0 0
0 0 0
0 0 0
0 0 0
0 0 0
0 0 0
0 0 0
0 0 0
FRAME: 57
0 0 0
0 0 0
0 0 0
0 0 0
0 0 0
0 0 0
0 0 0
0 0 0
0 0 0
0 0 0
0 0 0
0 0 0
0 0 0
0 0 0
0 0 0
FRAME: 58
0 0 0
0 0 0
0 0 0
0 0 0
0 0 0
0 0 0
0 0 0
0 0 0
0 0 0
0 0 0
0 0 0
0 0 0
0 0 0
0 0 0
0 0 0
FRAME: 59
0 0 0
0 0 0
0 0 0
0 0 0
0 0 0
0 0 0
0 0 0
0 0 0
0 0 0
0 0 0
0 0 0
0 0 0
0 0 0
0 0 0
0 0 0
FRAME: 60
0 0 0
0 0 0
0 0 0
0 0 0
0 0 0
0 0 0
0 0 0
0 0 0
0 0 0
0 0 0
0 0 0
0 0 0
0 0 0
0 0 0
0 0 0
FRAME: 61
0 0 0
0 0 0
0 0 0
0 0 0
0 0 0
0 0 0
0 0 0
0 0 0
0 0 0
0 0 0
0 0 0
0 0 0
0 0 0
0 0 0
0 0 0
FRAME: 62
0 0 0
0 0 0
0 0 0
0 0 0
0 0 0
0 0 0
0 0 0
0 0 0
0 0 0
0 0 0
0 0 0
0 0 0
0 0 0
0 0 0
0 0 0
FRAME: 63
0 0 0
0 0 0
0 0 0
0 0 0
0 0 0
0 0 0
0 0 0
0 0 0
0 0 0
0 0 0
0 0 0
0 0 0
0 0 0
0 0 0
0 0 0
FRAME: 64
0 0 0
0 0 0
0 0 0
0 0 0
0 0 0
0 0 0
0 0 0
0 0 0
0 0 0
0 0 0
0 0 0
0 0 0
0 0 0
0 0 0
0 0 0
FRAME: 65
0 0 0
0 0 0
0 0 0
0 0 0
0 0 0
0 0 0
0 0 0
0 0 0
0 0 0
0 0 0
0 0 0
0 0 0
0 0 0
0 0 0
0 0 0
FRAME: 66
0 0 0
0 0 0
0 0 0
0 0 0
0 0 0
0 0 0
0 0 0
0 0 0
0 0 0
0 0 0
0 0 0
0 0 0
0 0 0
0 0 0
0 0 0
FRAME: 67
0 0 0
0 0 0
0 0 0
0 0 0
0 0 0
0 0 0
0 0 0
0 0 0
0 0 0
0 0 0
0 0 0
0 0 0
0 0 0
0 0 0
0 0 0
FRAME: 68
0 0 0
0 0 0
0 0 0
0 0 0
0 0 0
0 0 0
0 0 0
0 0 0
0 0 0
0 0 0
0 0 0
0 0 0
0 0 0
0 0 0
0 0 0
FRAME: 69
0 0 0
0 0 0
0 0 0
0 0 0
0 0 0
0 0 0
0 0 0
0 0 0
0 0 0
0 0 0
0 0 0
0 0 0
0 0 0
0 0 0
0 0 0
FRAME: 70
0 0 0
0 0 0
0 0 0
0 0 0
0 0 0
0 0 0
0 0 0
0 0 0
0 0 0
0 0 0
0 0 0
0 0 0
0 0 0
0 0 0
0 0 0
FRAME: 71
0 0 0
0 0 0
0 0 0
0 0 0
0 0 0
0 0 0
0 0 0
0 0 0
0 0 0
0 0 0
0 0 0
0 0 0
0 0 0
0 0 0
0 0 0
FRAME: 72
0 0 0
0 0 0
0 0 0
0 0 0
0 0 0
0 0 0
0 0 0
0 0 0
0 0 0
0 0 0
0 0 0
0 0 0
0 0 0
0 0 0
0 0 0
FRAME: 73
0 0 0
0 0 0
0 0 0
0 0 0
0 0 0
0 0 0
0 0 0
0 0 0
0 0 0
0 0 0
0 0 0
0 0 0
0 0 0
0 0 0
0 0 0
FRAME: 74
0 0 0
0 0 0
0 0 0
0 0 0
0 0 0
0 0 0
0 0 0
0 0 0
0 0 0
0 0 0
0 0 0
0 0 0
0 0 0
0 0 0
0 0 0
FRAME: 75
0 0 0
0 0 0
0 0 0
0 0 0
0 0 0
0 0 0
0 0 0
0 0 0
0 0 0
0 0 0
0 0 0
0 0 0
0 0 0
0 0 0
0 0 0
FRAME: 76
0 0 0
0 0 0
0 0 0
0 0 0
0 0 0
0 0 0
0 0 0
0 0 0
0 0 0
0 0 0
0 0 0
0 0 0
0 0 0
0 0 0
0 0 0
FRAME: 77
0 0 0
0 0 0
0 0 0
0 0 0
0 0 0
0 0 0
0 0 0
0 0 0
0 0 0
0 0 0
0 0 0
0 0 0
0 0 0
0 0 0
0 0 0
FRAME: 78
-289.759 553.828 2656.05
-404.603 194.518 2604.63
-231.358 -845.55 3142.54
-327.779 320.91 2348.08
-329.201 -94.1227 2863.87
-336.896 -498.336 3033.88
-369.409 337.279 2731.83
-262.941 325.387 2678.11
-213.719 73.6547 2573.01
-220.739 -925.262 2915.59
-190.846 34.0515 2562.1
-156.005 -113.528 2777.58
-166.759 -523.08 2813.03
-156.472 313.494 2624.39
-252.772 110.781 2749.42
FRAME: 79
-296.083 545.875 2644.21
-416.906 251.348 2555.88
-238.855 -850.78 3130
-263.345 407.734 2373.27
-336.542 -98.5694 2856.28
-335.188 -498.493 3019.33
-364.284 335.545 2733.52
-258.409 319.975 2673.91
-222.775 142.557 2470.92
-221.253 -934.85 2909.98
-241.921 354.483 2541.08
-164.529 -123.474 2762
-173.443 -533.822 2809.87
-152.534 304.406 2614.29
-254.472 104.477 2741.52
FRAME: 80
-303.521 542.216 2634.94
-415.122 311.657 2488.55
-258.218 -872.046 3073.89
-284.253 397.649 2399.5
-338.311 -89.5165 2852.11
-348.559 -502.356 3013.52
-362.353 332.129 2735.23
-257.606 314.097 2669.92
-232.065 163.916 2445.1
-224.195 -940.68 2904.29
-222.005 388.213 2538.16
-167.423 -118.886 2747.61
-180.466 -545.373 2799.33
-152.86 296.064 2604.61
-255.237 104.948 2734.89
FRAME: 81
-306.675 542.148 2635.98
-412.462 321.821 2495.32
-260.353 -870.219 3084.96
-256.13 436.143 2412.19
-340.024 -90.8669 2845.3
-351.227 -512.08 2987.98
-362.61 334.662 2738.59
-257.491 315.783 2670.89
-235.15 172.536 2434.56
-226.834 -950.471 2902.06
-219.444 409.192 2528.22
-177.364 -120.398 2742.06
-187.03 -556.363 2792.5
-152.373 296.904 2603.19
-258.093 105.076 2732.28
FRAME: 82
-311.697 538.918 2632.91
-402.434 367.937 2506.02
-258.267 -870.117 3109.34
-253.471 437.216 2415.5
-342.445 -97.3467 2845.9
-351.738 -517.779 2987.78
-360.935 334.089 2741.52
-253.492 309.799 2666.08
-222.581 169.014 2457.42
-230.873 -955.541 2898.31
-154.68 363.225 2580.35
-187.468 -132.981 2737.44
-194.538 -567.331 2789.41
-146.049 285.509 2590.63
-259.224 97.3175 2728.87
FRAME: 83
-316.097 539.665 2633.15
-405.398 350.836 2514.5
-263.42 -885.727 3092.85
-250.926 450.725 2441.72
-340.833 -95.0367 2838.71
-363.697 -527.509 2941.12
-361.929 335.23 2757.12
-253.164 313.639 2679.84
-230.747 173.374 2403.56
-232.203 -968.805 2887.92
-151.549 341.594 2628.58
-187.704 -126.635 2729.56
-198.665 -568.249 2781.1
-144.399 292.048 2602.56
-258.716 101.401 2731.99
FRAME: 84
-322.92 539.521 2633.93
-420.492 337.755 2522.52
-293.2 -889.531 3095.66
-213.62 442.599 2393.31
-347.174 -101.48 2830.35
-368.658 -531.858 2937.41
-371.749 334.286 2763.01
-257.541 316.526 2689.17
-214.134 183.401 2413.23
-232.926 -966.788 2886.5
-197.058 505.937 2474.4
-187.078 -126.894 2727.03
-201.015 -563.785 2779.19
-143.333 298.767 2615.33
-262.334 101.17 2733.93
FRAME: 85
-329.435 532.224 2630.05
-412.729 325.626 2519.36
-321.588 -903.175 3105.71
-219.33 420.763 2414.67
-349.798 -114.36 2823.66
-383.173 -545.844 2935.9
-387.591 329.01 2765.86
-263.724 314.654 2696.05
-193.04 168.214 2428.12
-233.164 -968.123 2887.15
-201.538 475.597 2451.42
-186.975 -133.807 2731.35
-201.21 -572.44 2780.81
-139.858 300.297 2626.24
-266.055 95.285 2736.78
FRAME: 86
-326.676 527.337 2644.36
-425.563 304.532 2531.22
-356.667 -916.072 3101.13
-219.241 432.918 2401.17
-353.934 -117.925 2806.4
-397.595 -554.062 2933.34
-397.928 322.994 2759.48
-267.081 311.796 2697.22
-177.841 154.807 2435.45
-236.543 -965.165 2882.32
-226.496 457.759 2383.06
-189.542 -132.638 2728.06
-204.872 -573.994 2777.46
-136.234 300.598 2634.96
-269.41 93.2573 2732.22
FRAME: 87
-331.042 529.669 2640.24
-439.962 280.085 2511.31
-378.621 -917.551 3073.64
-225.69 438.119 2403.6
-364.313 -121.818 2816.25
-415.469 -556.272 2926.36
-403.468 322.276 2757.76
-269.554 309.827 2699.39
-174.662 141.016 2439.74
-232.764 -972.626 2892.78
-231.186 441.664 2367.11
-187.595 -138.965 2738.82
-202.981 -583.805 2787.87
-135.64 297.379 2641.02
-272.754 89.718 2738.46
FRAME: 88
-330.708 526.056 2640.73
-438.286 282.768 2513.4
-420.366 -941.901 3051.69
-248.544 431.731 2391.04
-372.891 -129.087 2822.71
-435.254 -560.82 2922.45
-409.552 316.57 2755.71
-273.767 303.872 2700.25
-170.809 129.384 2441.31
-235.775 -977.279 2890.83
-244.076 419.256 2365.18
-188.549 -146.694 2747.39
-205.285 -587.696 2789.5
-137.983 291.173 2644.79
-277.244 82.9906 2742.65
FRAME: 89
-336.889 517.585 2634.62
-449.203 257.835 2518.17
-442.628 -944.97 3045.11
-267.172 397.8 2385.2
-379.197 -128.983 2827.68
-451.676 -565.005 2922.47
-420.063 315.493 2759.62
-279.901 303.013 2703.33
-170.919 121.19 2446.69
-235.965 -981.066 2896.75
-258.562 422.314 2362.47
-189.683 -146.083 2751.5
-204.408 -591.334 2797.28
-139.738 290.534 2647.04
-282.17 82.7403 2746.46
FRAME: 90
-343.877 511.149 2636.61
-460.116 214.541 2541.26
-473.695 -948.303 3024.15
-284.471 356.946 2371.07
-398.757 -121.168 2841.25
-469.24 -557.571 2920.7
-434.019 314.357 2767.41
-289.49 299.816 2712.29
-182.69 117.329 2456.28
-238.925 -984.729 2900.44
-291.627 419.025 2371.32
-198.157 -141.47 2765.15
-204.38 -588.305 2807.53
-144.962 285.275 2657.18
-293.973 84.2486 2757.75
FRAME: 91
-345.15 494.437 2646.66
-463.735 183.16 2560.48
-485.071 -952.12 3016.35
-307.834 316.932 2382.96
-415.685 -116.218 2854.17
-478.836 -557.145 2920.21
-446.954 302.088 2779.23
-300.426 286.607 2726.64
-201.723 115.956 2467.72
-239.167 -986.711 2898.78
-318.959 373.717 2386.43
-207.615 -138.234 2779.6
-210.565 -585.975 2820.03
-153.899 271.125 2674.05
-306.038 79.6903 2771.76
FRAME: 92
-347.664 506.266 2650.63
-474.596 154.506 2571.89
-490.325 -958.308 3010.61
-323.019 328.668 2375.87
-428.778 -109.731 2860.86
-485.589 -556.703 2918.27
-462.089 294.94 2786.42
-311.238 280.421 2737.24
-207.922 105.466 2487.37
-240.827 -988.255 2897.24
-348.515 401.22 2402.84
-213.012 -130.537 2790.53
-212.927 -577.75 2829.31
-160.386 265.903 2688.06
-316.066 80.1437 2781.47
FRAME: 93
-343.644 525.919 2677.53
-491.176 124.251 2590.45
-495.252 -961.195 3008.18
-332.754 244.085 2387.06
-437.925 -105.586 2867.75
-491.047 -554.156 2918.99
-467.29 297.121 2788.05
-318.925 282.775 2742.39
-222.665 86.3029 2507.74
-241.502 -983.054 2896.51
-379.258 336.453 2419.73
-220.174 -126.646 2800.78
-215.096 -574.347 2835.61
-170.559 268.429 2696.72
-323.987 83.3296 2788.33
FRAME: 94
-332.378 524.032 2704.31
-504.84 109.64 2606.36
-495.25 -964.077 3010.66
-342.56 233.258 2380.32
-446.668 -99.8513 2874.21
-496.819 -552.879 2920.18
-469.395 302.824 2790.36
-325.267 288.552 2750.48
-225.798 64.9312 2529.3
-242.281 -983.535 2898.02
-374.01 244.287 2429.43
-230.777 -121.261 2814.53
-218.575 -569.625 2841.7
-181.139 274.279 2710.61
-331.995 88.9976 2797.43
FRAME: 95
-331.127 525.097 2729.88
-520.284 77.6183 2637.86
-496.849 -970.721 3018.23
-390.493 205.001 2385.52
-453.217 -100.642 2878.99
-499.203 -554.954 2924.51
-487.807 298.362 2798.84
-339.11 287.287 2762.99
-242.425 11.2944 2602.13
-242.017 -980.032 2900.26
-388.608 164.59 2422.66
-241.528 -116.53 2828.02
-224.509 -561.294 2850.02
-190.414 276.212 2727.14
-343.241 89.3504 2808.25
FRAME: 96
-335.674 510.619 2754.5
-531.834 60.0594 2650.65
-500.519 -976.107 3027.36
-418.801 256.281 2415.18
-462.101 -102.425 2890.7
-502.16 -556.368 2930.98
-487.611 287.904 2800.64
-343.037 275.03 2769.11
-253.307 1.93143 2613.88
-241.621 -978.282 2904.51
-412.488 162.802 2395.13
-249.836 -121.345 2844.4
-229.533 -558.242 2858.19
-198.464 262.156 2737.58
-349.503 81.5729 2818.33
FRAME: 97
-375.445 465.18 2707.32
-538.82 41.1867 2677.83
-496.773 -976.172 3035.9
-444.341 186.873 2356.65
-471.486 -113.845 2907.63
-505.634 -555.76 2937.15
-463.64 267.975 2825.66
-336.011 250.939 2794.28
-274.063 4.54217 2621.81
-236.205 -978.061 2927.03
-456.47 152.414 2381.79
-256.428 -142.579 2854.7
-232.394 -556.882 2865.95
-208.382 233.904 2762.89
-349.984 61.3636 2837.72
FRAME: 98
-401.922 468.754 2646.84
-513.372 64.2695 2676.82
-500.268 -979.515 3041.61
-438.535 140.397 2352.26
-469.604 -103.393 2907.99
-504.145 -554.312 2943.31
-462.726 291.854 2824.52
-335.258 274.648 2791.82
-273.91 -3.11116 2614.95
-229.784 -967.409 2945.82
-432.346 158.843 2324.19
-259.306 -131.828 2853.85
-232.589 -553.063 2873.8
-207.789 257.441 2759.12
-349.856 78.5186 2836.37
FRAME: 99
-403.824 474.942 2642.54
-519.708 53.7556 2713.27
-499.581 -981.521 3045.21
-470.797 70.9555 2353.17
-471.347 -106.245 2910.82
-505.5 -557.552 2944.7
-467.184 290.47 2819.75
-340.785 273.379 2786.23
-279.046 -2.72538 2608.53
-217.266 -963.243 2968.21
-447.077 118.018 2325.05
-263.944 -134.005 2856.04
-229.702 -553.077 2884.6
-214.386 256.288 2752.71
-354.215 76.6269 2834.83
FRAME: 100
-406.707 479.202 2636.13
-509.245 81.1611 2694.21
-506.017 -992.87 3043.46
-476.474 34.0997 2281.43
-469.176 -108.599 2896.79
-506.844 -562.131 2937.25
-500.458 292.908 2793.71
-360.593 286.411 2776.89
-246.895 13.6395 2709.09
-199.796 -963.879 2993.06
-445.627 -15.5 2379.06
-264.92 -118.724 2870.92
-223.429 -549.847 2903.06
-220.728 279.914 2760.06
-363.821 86.3748 2830.37
FRAME: 101
-402.477 487.962 2635.68
-513.907 71.5471 2716.94
-507.483 -995.136 3043.5
-458.632 -31.1429 2349.56
-463.66 -110.131 2894.23
-507.364 -562.757 2935.56
-528.368 296.165 2789.5
-377.008 296.752 2777.07
-234.665 21.4373 2733.08
-181.817 -966.763 3028.54
-422.054 -85.9538 2444.82
-269.381 -109.467 2878.03
-214.233 -544.594 2925.53
-225.647 297.339 2764.63
-371.764 93.4764 2831.6
FRAME: 102
-393.185 495.986 2639.36
-521.922 44.2316 2739.14
-508.011 -995.927 3048.82
-454.548 -102.607 2388.88
-457.112 -114.02 2896.43
-506.268 -566.572 2940.85
-540.358 294.348 2788.67
-383.895 300.158 2779.4
-200.255 41.7243 2821.94
-162.855 -956.553 3055.44
-422.189 -79.0317 2485.33
-266.567 -107.06 2885.12
-203.753 -540.008 2940.84
-227.432 305.967 2770.12
-372.867 94.8089 2835.09
FRAME: 103
-377.633 490.298 2649.9
-526.826 2.72747 2790.94
-509.284 -989.726 3052.37
-445.435 -103.043 2466.2
-450.71 -119.674 2899.74
-506.26 -561.895 2943.18
-541.254 289.519 2789.47
-383.114 297.099 2784.4
-164.686 56.2533 2896.37
-152.017 -956.735 3067.96
-423.9 -72.5036 2464.14
-268.268 -111.143 2893.74
-199.577 -543.604 2947.91
-224.974 304.678 2779.33
-371.301 90.8452 2840.57
FRAME: 104
-373.41 493.928 2653.44
-531.963 0.388296 2808.9
-510.068 -997.661 3063.66
-433.883 -82.3248 2403.7
-452.3 -117.989 2902.65
-502.392 -572.639 2954.49
-539.84 290.343 2792.47
-381.093 298.376 2790.23
-158.329 54.9602 2905.58
-146.118 -952.955 3078.44
-415.34 -113.841 2493.53
-264.712 -108.697 2899.99
-193.415 -539.353 2958.35
-222.345 306.409 2787.99
-369.8 92.5165 2845.77
FRAME: 105
-365.062 496.103 2664.16
-531.001 0.889203 2814.01
-510.689 -1001.54 3068.02
-425 -117.885 2452.18
-449.251 -119.488 2906.11
-498.216 -575.56 2958.99
-537.625 291.023 2796.18
-377.957 299.091 2795.01
-153.624 52.5006 2908.55
-136.721 -953.316 3087.98
-391.798 -125.674 2553.07
-262.388 -110.352 2904.83
-188.981 -540.282 2968.02
-218.29 307.16 2793.83
-366.888 92.0857 2850.24
FRAME: 106
-340.109 500.365 2685.39
-517.49 5.20717 2821.75
-513.167 -997.85 3066.43
-408.319 -112.92 2469.86
-449.239 -116.839 2909.4
-492.771 -574.291 2964.68
-529.54 294.249 2800.82
-365.162 299.72 2803.88
-148.906 45.4037 2912.19
-130.708 -954.393 3094.07
-374.051 -117.96 2540.04
-256.918 -110.592 2912.9
-184.874 -539.595 2980.37
-200.785 305.191 2806.95
-359.12 93.0026 2857.52
FRAME: 107
-319.984 506.31 2695.65
-507.617 15.7587 2822.31
-517.397 -997.694 3070.59
-394.088 -106.71 2467.53
-449.118 -112.467 2913.97
-488.761 -578.934 2971.32
-516.207 295.847 2803.16
-348.716 297.547 2810.95
-142.72 39.6311 2922.55
-127.158 -959.085 3096.6
-371.854 -146.383 2586.78
-249.446 -110.524 2923.19
-180.275 -542.089 2988.7
-181.224 299.247 2818.73
-348.999 93.026 2864.76
FRAME: 108
-300.969 512.546 2698.15
-505.815 16.7319 2827.3
-512.931 -981.426 3072.4
-375.701 -121.43 2489.32
-442.417 -107.431 2921.87
-484.878 -569.366 2971.42
-506.448 294.168 2806.15
-337.192 295.45 2815.42
-133.725 34.3074 2925.87
-125.972 -966.436 3099.74
-354.996 -139.87 2609.84
-237.964 -106.142 2933.06
-176.302 -540.911 2995.58
-167.937 296.731 2824.68
-338.691 94.3315 2871.44
FRAME: 109
-280.6 517.605 2699.38
-498.265 26.6495 2830.37
-507.576 -963.834 3075.82
-370.252 -125.674 2498.54
-437.016 -103.394 2924.03
-477.361 -556.055 2973.95
-481.911 299.795 2804.91
-318.003 296.153 2816.27
-116.393 28.9468 2930.48
-126.126 -966.649 3106.24
-348.951 -142.211 2599.72
-232.65 -108.193 2938.27
-174.145 -541.096 3000.05
-154.093 292.512 2827.64
-326.418 95.1799 2873.71
FRAME: 110
-267.471 518.861 2699.95
-495.934 32.0053 2836.42
-507.593 -957.796 3073.81
-360.449 -127.006 2532.56
-432.266 -102.754 2925.52
-468.106 -544.226 2976.35
-468.827 302.056 2802.76
-306.356 296.533 2815.62
-107.144 22.156 2928.12
-126.421 -957.156 3112.58
-313.096 -140.731 2641.76
-226.253 -109.849 2941.9
-169.563 -537.915 3005.78
-143.886 291.009 2828.48
-317.808 95.1156 2874.67
FRAME: 111
-240.308 516.365 2706.14
-482.327 34.8487 2854.93
-504.837 -954.321 3079.56
-410.256 -154.179 2720.8
-426.674 -103.781 2934.66
-465.191 -546.567 2982.27
-449.599 299.909 2809.15
-287.69 292.051 2823.1
-95.2012 16.466 2931.6
-127.098 -951.264 3120.18
-205.982 -144.066 2705.28
-208.56 -114.428 2953.59
-163.288 -537.256 3011.39
-125.781 284.192 2837.04
-302.654 91.4731 2883.61
FRAME: 112
-219.127 513.766 2712.97
-459.799 30.5578 2865.86
-503.675 -948.987 3079.07
-389.095 -166.147 2714.06
-417.248 -99.3487 2944.09
-462.523 -536.544 2988.31
-435.33 298.102 2810.4
-273.069 288.404 2826.68
-85.0914 7.46078 2931.1
-127.693 -949.911 3127.26
-192.711 -182.754 2756.8
-201.764 -112.298 2965.91
-155.966 -537.303 3017.76
-110.809 278.706 2842.96
-291.288 91.2903 2890.84
FRAME: 113
-206.358 512.789 2719.43
-446.279 25.1036 2867.41
-500.251 -951.077 3082.41
-392.528 -186.754 2765.09
-407.394 -95.6535 2950.65
-460.832 -539.18 2985.51
-418.176 295.859 2812.6
-258.141 283.864 2828.97
-80.9852 0.0831133 2925.14
-125.273 -952.106 3132.19
-184.171 -160.796 2676.76
-194.003 -111.666 2972.56
-149.496 -538.667 3022.96
-98.1054 271.87 2845.34
-279.42 90.1022 2895.29
FRAME: 114
-188.57 506.479 2729.02
-441.302 25.8416 2867.79
-499.995 -953.152 3075.63
-390.259 -168.514 2750.47
-395.201 -90.7156 2960.27
-457.559 -540.273 2984.59
-399.609 294.882 2816.8
-244.182 280.972 2832.1
-79.1681 -15.7406 2916.31
-124.268 -946.37 3133.15
-190.818 -153.643 2687.52
-188.557 -109.245 2980.64
-142.291 -534.488 3028.39
-88.7543 267.061 2847.41
-268.03 90.4957 2901.28
FRAME: 115
-179.431 506.925 2731.73
-426.25 27.4885 2837.22
-496.861 -954.35 3081.96
-388.587 -176.72 2772.24
-393.599 -92.1854 2957.28
-455.782 -541.941 2989.08
-393.692 296.464 2815.11
-238.514 282.004 2832.88
-71.995 -19.276 2907.1
-123.588 -952.131 3134.39
-200.173 -167.816 2561.67
-186.229 -111.531 2980.94
-139.698 -539.363 3029.57
-83.3351 267.545 2850.65
-264.214 90.0729 2901
FRAME: 116
-173.163 504.272 2734.89
-414.653 20.2258 2829.78
-498.05 -950.464 3080.38
-378.472 -164.931 2762.41
-383.657 -92.986 2960.45
-452.309 -537.659 2988.84
-381.41 290.988 2813.93
-229.066 275.623 2831.83
-78.207 -16.4057 2901.07
-121.385 -957.213 3132.91
-231.391 -124.038 2632.17
-183.657 -113.158 2983.97
-136.298 -542.716 3030.64
-76.7216 260.259 2849.74
-256.361 86.2758 2902.02
FRAME: 117
-162.468 501.244 2738.65
-405.392 13.2153 2817.86
-497.378 -947.747 3081.51
-370.514 -175.105 2749.89
-380.494 -92.883 2962.37
-451.501 -533.776 2988
-368.982 289.966 2814.31
-221.064 271.632 2829.86
-78.4634 -16.86 2893.26
-120.177 -961.537 3133.25
-160.67 -135.767 2645.42
-184.833 -117.073 2983.02
-136.831 -544.576 3030.16
-73.1465 253.297 2845.4
-251.864 83.3268 2901.28
FRAME: 118
-156.207 497.205 2740.99
-372.271 4.59688 2772.72
-498.063 -948.812 3083.56
-292.361 -126.043 2679.05
-380.165 -97.9701 2965.07
-452.071 -532.157 2989.68
-355.868 283.992 2807.47
-213.894 264.328 2827.86
-88.2707 -29.2034 2887.5
-118.173 -967.428 3131.66
-190.599 -144.713 2667.39
-194.387 -123.633 2991.7
-134.733 -552.532 3030.24
-71.9198 244.664 2848.24
-250.585 76.7632 2903.12
FRAME: 119
-150.927 492.374 2741.18
-361.141 -4.68941 2753.37
-495.945 -947.43 3083.88
-214.662 -130.739 2618.22
-379.704 -102.167 2964.2
-452.269 -535.119 2987.85
-351.452 275.731 2806.73
-216.681 259.152 2830.86
-92.9144 -35.1364 2882.08
-118.309 -964.42 3135.19
-184.474 -143.427 2641.49
-198.734 -124.378 2996.48
-135.067 -551.739 3030.33
-81.9105 242.574 2855
-252.95 72.9398 2905.6
FRAME: 120
-148.217 486.676 2738.4
-352.366 -17.7441 2734.42
-495.825 -953.341 3088.24
-208.651 -126.319 2597.79
-378.053 -109.504 2960.04
-453.302 -536.829 2986.34
-343.424 258.923 2804.98
-214.438 242.99 2832.69
-93.4674 -48.4246 2861.8
-119.175 -963.405 3138.47
-177.675 -138.656 2635.86
-203 -131.052 2997.84
-135.288 -553.193 3030.85
-85.453 227.057 2860.4
-252.483 61.3561 2905.82
FRAME: 121
-145.004 486.854 2739.48
-348.127 -19.7445 2727.01
-496.63 -958.255 3087.28
-184.064 -122.411 2578.97
-380.958 -111.598 2958.09
-453.45 -540.868 2987.17
-342.448 255.114 2804.32
-216.298 240.52 2836.4
-97.8188 -53.5197 2855.62
-120.121 -958.829 3132.75
-175.359 -125.445 2613.66
-207.258 -131.507 3002.87
-136.371 -550.013 3028.48
-90.1483 225.926 2868.49
-255.203 59.4836 2908.44
FRAME: 122
-142.968 484.761 2739.35
-342.266 -24.1396 2721.99
-497.24 -961.816 3086.61
-189.178 -117.965 2559.6
-380.076 -113.14 2956.37
-456.29 -544.138 2987.45
-342.022 251.869 2802.08
-214.425 237.006 2837.39
-98.7179 -58.1087 2848.31
-120.84 -959.853 3134.69
-187.601 -119.135 2612.69
-210.585 -132.89 3003.32
-137.683 -551.751 3028.61
-86.8272 222.142 2872.7
-254.877 56.9955 2908.62
FRAME: 123
-138.525 481.216 2738.66
-338.851 -22.5914 2716.87
-498.751 -959.292 3083.9
-187.49 -118.368 2554.58
-378.991 -113.726 2956.83
-457.584 -541.899 2985.67
-340.497 252.312 2799.18
-211.405 236.762 2834.72
-102.862 -68.6425 2829.56
-120.541 -960.482 3135.22
-195.871 -111.255 2625.03
-209.615 -134.29 3003.18
-137.248 -553.335 3027.09
-82.3124 221.212 2870.26
-252.854 56.3769 2907.36
FRAME: 124
-133.27 480.22 2735.66
-326.018 -20.6473 2716.47
-497.279 -959.28 3083.06
-193.141 -93.3232 2524.34
-376.764 -116.761 2955.52
-457.172 -544.477 2983.71
-336.635 254.843 2801.1
-205.401 237.791 2834.61
-103.307 -67.9097 2821.89
-121.188 -962.65 3136.21
-182.973 -116.828 2603.14
-200.922 -139.606 3000.08
-137.318 -555.828 3027
-74.1676 220.74 2868.12
-247.122 54.8038 2906.2
FRAME: 125
-131.944 481.469 2734.89
-326.142 -12.3269 2706.43
-497.596 -948.872 3081.15
-201.588 -92.7124 2516.44
-380.608 -109.148 2956.93
-456.338 -541.671 2984.62
-333.476 260.884 2800.37
-199.367 239.33 2830.93
-108.2 -64.431 2813.62
-119.5 -964.458 3129.82
-193.848 -113.051 2546.43
-200.87 -137.979 2997.64
-135.125 -557.381 3021.4
-65.2585 217.777 2861.49
-245.053 57.8833 2904.11
FRAME: 126
-121.761 479.766 2731.26
-326.412 3.52528 2707.85
-496.281 -950.904 3080.51
-218.308 -30.7631 2446.59
-375.594 -106.494 2952.2
-454.471 -540.885 2984.32
-329.9 271.306 2803.79
-190.281 246.006 2829.45
-105.396 -66.7503 2807.15
-120.337 -966.542 3126.93
-212.913 -84.3504 2498.12
-189.996 -140.028 2986.56
-135.297 -559.391 3016
-50.6614 220.706 2855.11
-236.538 61.3726 2899.42
FRAME: 127
-111.931 482.862 2725.66
-326.427 13.935 2700.65
-496.049 -948.971 3081.98
-259.252 -10.2462 2361.9
-361.303 -95.7787 2950.43
-453.501 -536.773 2986.23
-322.423 284.541 2804.46
-177.542 256.706 2827.58
-100.773 -60.9024 2815.74
-119.425 -967.546 3122.45
-232.58 -74.8391 2494.68
-179.131 -130.588 2980.05
-133.807 -558.151 3009.67
-32.6602 228.87 2850.71
-223.879 71.7613 2896.41
FRAME: 128
-112.018 480.526 2722.99
-340.98 51.5627 2715.06
-497.276 -953.215 3078.74
-319.786 61.4292 2374.16
-345.268 -90.5391 2961.02
-446.498 -539.142 2988.97
-309.376 297.213 2823.14
-165.655 266.018 2831.15
-95.699 -57.9212 2811.81
-116.582 -962.453 3120.13
-272.448 -46.5413 2528.31
-163.984 -129.789 2971.61
-130.46 -555.181 3006.17
-21.9339 234.823 2839.16
-210.141 77.9268 2898.74
FRAME: 129
-111.386 476.57 2715.21
-350.953 66.5397 2697.07
-495.33 -951.849 3076.4
-359.142 162.64 2316.7
-331.275 -100.259 2969.62
-432.997 -542.883 2995.49
-310.529 300.683 2825.27
-163.755 272.163 2825.76
-79.8469 -68.2943 2804.54
-113.71 -964.161 3122.85
-282.089 -70.88 2546.39
-148.442 -135.75 2970.19
-121.187 -560.917 3006.55
-16.9806 243.643 2826.24
-201.806 77.0792 2897.83
FRAME: 130
-109.833 473.008 2710.77
-361.322 73.2587 2692.36
-485.894 -933.863 3080.11
-399.588 139.875 2328.07
-322.434 -98.4641 2977.17
-419.845 -541.846 3002.32
-311.658 305.541 2826.35
-162.576 278.753 2819.92
-64.5405 -56.4511 2812.13
-112.318 -962.627 3124.41
-301.099 -69.9813 2573.06
-131.329 -132.955 2968.98
-114.819 -559.947 3005.06
-13.494 251.964 2813.48
-194.729 81.5217 2896.5
FRAME: 131
-111.659 475.291 2712.97
-385.226 77.1794 2687.72
-469.439 -938.178 3097.86
-452.464 115.672 2354.71
-314.467 -100.761 2982.14
-401.874 -546.305 3018.23
-316.744 303.097 2833.84
-164.801 276.557 2820.39
-47.5091 -39.7572 2817.94
-110.984 -958.398 3120.62
-300.14 -69.4985 2601.01
-125.461 -133.842 2965.51
-106.428 -558.504 3002.71
-12.8579 250.017 2806.94
-192.383 79.6278 2897.11
FRAME: 132
-113.048 474.441 2708.89
-408.564 83.2472 2702.95
-451.769 -933.101 3102.59
-478.766 133.612 2388.54
-304.998 -96.3125 2987.03
-390.52 -535.499 3021.58
-323.203 305.141 2845.66
-168.197 279.973 2825.16
-34.757 -21.5286 2820.66
-111.127 -951.771 3116.4
-295.51 -81.467 2643.55
-119.058 -126.519 2962.55
-98.7738 -553.848 2999.77
-13.1901 254.806 2804.66
-190.112 84.2789 2899.97
FRAME: 133
-127.716 477.346 2711.89
-411.114 73.1267 2808.81
-356.882 -922.488 3149.78
-381.509 -55.2011 2718.73
-294.152 -90.2278 3000.24
-376.821 -529.924 3037.69
-328.961 310.223 2879.85
-170.465 288.127 2845.01
-22.6442 -5.05773 2826.24
-111.861 -951.69 3106.46
-307.613 -66.0512 2702.48
-97.4973 -117.648 2957.01
-96.1857 -553.521 2991.94
-11.9689 266.031 2810.17
-183.145 92.0944 2911.82
FRAME: 134
-144.83 485.971 2720.81
-412.549 66.3323 2963.16
-325.388 -925.351 3168.64
-408.129 -33.7138 2686.76
-290.121 -83.3607 3012.74
-361.939 -526.84 3051.07
-331.916 314.029 2897.92
-172.902 294.431 2856.09
-9.61256 21.4258 2839.96
-111.94 -953.35 3102.56
-303.442 -58.802 2726.25
-83.8489 -108.829 2958.4
-93.7863 -553.685 2989.53
-13.8879 274.834 2814.25
-179.943 99.1683 2920.83
FRAME: 135
-158.202 496.243 2731.72
-415.017 73.6116 2983.62
-290.99 -944.365 3193.72
-401.723 -45.4396 2719.48
-282.144 -80.78 3019.21
-337.871 -533.265 3079.03
-332.542 318.762 2908.99
-175.521 301.624 2862.41
-4.83856 28.5335 2833.59
-109.983 -949.944 3103.18
-292.45 -45.0871 2758.82
-79.4326 -102.927 2959.05
-84.2836 -547.983 2989.39
-18.4998 284.486 2815.83
-178.155 104.885 2925.77
FRAME: 136
-174.513 509.906 2750.2
-419.217 79.0658 3000.94
-256.063 -958.291 3200.35
-436.943 -24.9258 2737.46
-277.512 -82.6457 3024.26
-315.901 -547.268 3093.98
-332.946 328.746 2923.01
-179.271 313.668 2869.81
-6.57661 37.071 2821.39
-109.46 -954.707 3101.5
-305.393 -24.49 2753.4
-77.6388 -102.222 2955.19
-81.8685 -550.411 2991.88
-25.5958 298.589 2816.62
-178.423 110.617 2929.77
FRAME: 137
-187.478 520.095 2757.91
-425.827 79.9712 3022.04
-218.909 -962.452 3195.92
-453.235 -22.8245 2753.25
-268.893 -90.3259 3026
-301.952 -553.971 3099.72
-338.208 329.252 2938.89
-185.021 317.321 2877.77
-18.0637 47.6181 2823.67
-110.908 -959.313 3095.72
-289.15 -15.8396 2777.45
-77.9388 -105.222 2949.83
-86.0217 -557.577 2990.52
-31.8333 305.391 2816.66
-179.218 109.774 2932.84
FRAME: 138
-200.31 528.593 2774.32
-427.45 86.8248 3047.45
-196.175 -985.982 3195.21
-490.934 -6.02342 2784.95
-265.96 -96.0602 3035.39
-285.998 -567.247 3108.62
-342.349 332.642 2960.71
-197.2 324.361 2889.41
-50.9996 48.7138 2830.16
-115.038 -969.564 3080.23
-336.736 7.33086 2781.96
-78.6524 -106.757 2943.43
-91.206 -568.495 2988.19
-52.051 316.079 2818.12
-184.753 111.476 2939.41
FRAME: 139
-217.085 538.385 2801.4
-431.486 82.9019 3064.77
-190.489 -973.807 3187.68
-495.879 1.23253 2828.35
-262.898 -104.789 3044.37
-274.96 -574.598 3116.81
-347.279 333.754 2989.78
-210.226 329.596 2908.82
-61.8711 57.5332 2868.03
-126.543 -969.582 3071.13
-371.846 39.2101 2832.88
-85.4013 -110.162 2939.59
-103.541 -575.27 2982.38
-73.1728 325.439 2827.86
-192.188 111.06 2950.4
FRAME: 140
-230.209 547.619 2827.98
-430.601 92.5784 3094.02
-187.408 -961.825 3186.92
-541.316 26.9844 2868.12
-259.416 -100.754 3053.35
-270.076 -565.695 3128.46
-346.178 339.241 3009.94
-219.131 335.74 2921.14
-77.402 64.5267 2876.34
-136.619 -965.387 3066.12
-402.927 57.7218 2850.88
-97.0975 -105.215 2939.94
-126.305 -567.184 2965.19
-92.0843 332.239 2832.35
-198.694 116.378 2958.89
FRAME: 141
-239.495 556.718 2845.48
-431.081 91.294 3120.83
-192.174 -931.805 3190.81
-517.784 46.2355 2878.36
-260.003 -96.5323 3061.72
-269.002 -552.456 3133.03
-348.76 337.877 3035.27
-226.307 335.063 2936.77
-70.0698 65.0221 2890.83
-148.966 -942.306 3059.35
-295.055 -12.3564 2886.65
-109.125 -100.016 2940.5
-143.218 -548.414 2946.66
-103.854 332.249 2838.26
-205.436 118.395 2968.94
FRAME: 142
-244.246 563.658 2864.99
-412.087 101.38 3154.32
-199.595 -924.774 3210.22
-572.245 67.8363 2942.01
-251.034 -95.7048 3073.49
-267.776 -550.539 3144.41
-341.235 339.338 3055.77
-237.11 336.078 2945.94
-106.479 66.0224 2879.46
-162.224 -937.296 3044.34
-299.307 -1.24543 2890.7
-123.448 -99.7265 2938.97
-158.499 -543.507 2933.45
-132.984 332.817 2836.1
-212.175 119.181 2976.08
FRAME: 143
-249.306 564.835 2874.32
-417.211 113.402 3158.32
-201.385 -900.169 3223.15
-584.191 74.3968 2966.3
-249.277 -92.7285 3076.02
-270.981 -534.291 3155.08
-330.081 342.665 3064.05
-235.524 336.628 2948.96
-133.782 66.198 2880.62
-175.637 -929.461 3026.6
-401.821 40.7201 2943.48
-135.873 -100.025 2938.06
-171.878 -534.98 2922.64
-140.968 330.59 2833.86
-214.05 120.126 2978
FRAME: 144
-251.858 566.131 2877.81
-384.46 115.003 3175.09
-195.49 -907.79 3218.95
-601.628 93.608 3024.97
-245.974 -91.5673 3081.32
-266.543 -539.363 3166.9
-313.136 344.553 3068.1
-231.238 334.655 2949.31
-171.603 63.8656 2881.65
-188.313 -939.956 3012.4
-406.462 48.0139 2974.27
-146.915 -103.627 2937.45
-184.589 -537.93 2916.68
-149.339 324.757 2830.52
-213.841 118.529 2979.35
FRAME: 145
-257.048 567.247 2883.47
-376.911 119.489 3174.59
-196.524 -917.293 3141.61
-575.376 106.807 3070.62
-244.384 -92.8157 3084.43
-266.979 -546.216 3175.45
-308.019 349.316 3070.4
-236.617 337.441 2947.85
-231.21 71.76 2875.41
-214.088 -944.833 2996.9
-513.18 123.071 3103.82
-158.722 -107.175 2937.13
-204.227 -545.965 2909.55
-165.214 325.567 2825.29
-219.085 118.723 2979.31
FRAME: 146
-263.131 568.911 2886.68
-375.797 121.082 3176.03
-197.302 -928.586 3077.28
-563.437 131.243 3115.06
-241.198 -94.7224 3086.48
-257.319 -551.378 3169.79
-305.918 349.595 3070.23
-243.939 336.119 2944.2
-240.433 77.2852 2879.04
-231.946 -936.789 3022.62
-493.057 145.405 3122.88
-166.962 -110.967 2935.24
-215.835 -558.861 2900.87
-181.959 322.643 2818.17
-224.009 116.637 2977.53
FRAME: 147
-270.738 570.779 2885.92
-375.081 124.297 3166.66
-206.743 -934.39 3048.38
-544.524 126.857 3124.11
-240.586 -92.9543 3085.86
-256.827 -554.635 3173.19
-306.469 352.296 3069.46
-250.471 338.045 2940.59
-225.67 77.9711 2879.54
-240.809 -938.267 3019.29
-490.555 127.73 3127.04
-173.175 -110.206 2930.3
-224.81 -562.87 2897.62
-194.474 323.795 2811.72
-228.676 118.233 2974.33
FRAME: 148
-280.83 572.464 2884.59
-374.382 125.34 3162.9
-221.459 -941.67 2981.23
-501.484 148.163 3056.93
-239.741 -90.6366 3085.83
-255.941 -556.182 3171.1
-305.948 353.457 3070.77
-255.987 338.809 2938.97
-225.469 81.265 2885.72
-248.82 -944.192 3002.93
-460.423 136.782 3155.09
-178.803 -108.564 2924.72
-228.26 -565.987 2896.35
-206.027 324.161 2807.17
-232.63 119.604 2972.12
FRAME: 149
-295.137 574.06 2882.76
-371.276 127.474 3150.66
-231.881 -943.508 2962.87
-488.472 139.018 3046.82
-237.797 -89.5702 3083.2
-256.982 -552.786 3166.95
-304.3 356.47 3068.46
-261.891 342.061 2936.19
-225.92 82.3391 2890.98
-257.484 -943.348 2997.82
-442.319 117.344 3096.05
-184.737 -107.604 2917.36
-234.119 -566.184 2894.19
-219.482 327.653 2803.93
-236.579 121.737 2968.24
FRAME: 150
-315.555 568.849 2878.13
-364.067 128.373 3146.05
-239.127 -943.047 2945.06
-454.278 119.4 3049.27
-235.346 -86.4653 3080.49
-231.446 -534.778 3088.71
-303.366 358.204 3066.39
-266.229 343.153 2932.8
-224.215 83.2517 2890.32
-259.829 -933.215 3063.56
-339.567 38.0187 3054.29
-189.004 -105.255 2913.72
-230.915 -558.4 2892.14
-229.093 328.101 2799.21
-239.202 123.646 2964.95
FRAME: 151
-327.832 563.941 2872.02
-359.605 122.238 3142.97
-244.734 -945.447 2938.33
-357.034 35.3012 3117.25
-234.699 -86.9851 3075.74
-230.485 -541.958 3075.15
-299.207 355.531 3066.62
-267.967 340.386 2930.23
-214.516 83.8681 2891.83
-263.52 -932.285 3064.48
-275.581 2.28741 3009.96
-195.673 -105.964 2905.06
-230.549 -559.043 2895.35
-236.728 325.242 2793.84
-241.577 121.956 2960.32
FRAME: 152
-338.004 559.184 2864.32
-349.428 116.622 3135.01
-245.837 -941.832 2935.12
-353.869 18.6551 3118.75
-230.245 -84.412 3073.73
-208.61 -530.592 3014.39
-302.195 355.053 3063.95
-279.152 338.471 2925.77
-204.763 79.7354 2882.75
-265.727 -934.515 3070.03
-266.583 -8.7978 2994.64
-201.502 -105.198 2900.8
-230.362 -562.053 2892.55
-256.11 321.889 2787.6
-247.513 121.833 2956.52
FRAME: 153
-348.142 551.312 2856.03
-342.322 110.363 3140.51
-250.798 -954.933 2925.89
-319.396 -22.9842 3164.12
-231.095 -87.6009 3058.83
-196.964 -535.175 2952.76
-301.197 344.857 3047.65
-279.085 331.57 2926.49
-204.178 78.1413 2882.53
-267.936 -927.258 3075.52
-261.523 -23.417 3006.93
-203.993 -104.582 2905.04
-229.338 -559.534 2898.91
-256.973 318.284 2805.34
-248.314 117.74 2954.22
FRAME: 154
-357.887 544.957 2848.85
-320.593 111.513 3138.44
-252.08 -952.525 2926.59
-312.478 -34.1886 3164.57
-229.087 -86.8052 3057.02
-190.948 -531.414 2931.74
-302.619 343.081 3047.74
-282.985 330.309 2924.52
-200.57 82.9281 2881.86
-276.451 -930.834 3062.54
-236.43 -54.8951 2976.1
-204.519 -103.6 2896.86
-229.272 -560.142 2893.68
-263.351 317.538 2801.29
-249.894 117.553 2950.73
FRAME: 155
-372.027 538.726 2835.36
-307.614 107.82 3138.2
-255.392 -959.659 2927.91
-298.465 -61.0876 3175.29
-227.84 -89.8201 3053.45
-185.279 -536.208 2905.54
-302.306 339.706 3047.78
-285.663 326.652 2918.32
-186.716 81.6299 2875.12
-278.095 -937.745 3046.47
-236.62 -78.9554 2943.46
-204.697 -106.667 2883.99
-233.262 -564.79 2883.11
-269.021 313.597 2788.85
-250.966 114.204 2943.52
FRAME: 156
-384.95 531.651 2821.44
-300.443 101.835 3136.26
-253.121 -966.526 2927.42
-294.221 -83.0561 3199.47
-225.358 -93.68 3040.84
-179.312 -546.155 2898.74
-305.137 335.863 3045
-294.8 321.964 2912.26
-184.78 87.1186 2871.38
-281.542 -943.452 3030.08
-233.718 -92.7966 2924.79
-210.132 -110.253 2878.04
-239.022 -563.768 2874.94
-284.462 308.064 2779.51
-256.272 109.999 2935.85
FRAME: 157
-391.788 524.108 2808.2
-295.856 96.543 3130.59
-253.937 -969.03 2924.51
-285.107 -102.588 3193.45
-222.739 -95.4687 3036.5
-170.442 -552.861 2878.19
-309.355 329.908 3038.07
-302.651 313.554 2899.29
-187.148 81.3977 2870.97
-278.285 -938.013 3044.29
-196.019 -140.933 2898.17
-213.64 -115.261 2865.87
-232.774 -568.624 2877.6
-295.947 297.201 2760.51
-260.42 104.095 2925.24
FRAME: 158
-396.936 518.092 2794.58
-298.525 95.0214 3106.3
-250.44 -969.751 2922.27
-289.813 -110.181 3197.3
-217.248 -96.8487 3025.66
-165.203 -552.865 2874.73
-315.371 328.161 3029.84
-313.757 311.3 2887.63
-205.021 72.5549 2866.78
-281.324 -936.306 3042.36
-168.407 -163.893 2894.62
-215.461 -118.025 2848.62
-236.681 -567.834 2871.59
-312.144 294.44 2745.43
-265.056 101.932 2912.39
FRAME: 159
-400.77 512.035 2782.03
-297.593 91.3714 3095.53
-252.002 -969.666 2919.47
-297.973 -98.6889 3173.62
-218.271 -97.9433 3018.94
-161.773 -554.224 2869.88
-319.092 325.476 3019.76
-314.195 307.232 2874.35
-207.47 65.852 2859.96
-277.778 -941.257 3034.76
-156.459 -165.241 2892.57
-212.915 -121.126 2838.83
-234.341 -570.928 2868.09
-309.297 288.988 2728.94
-264.894 98.8486 2901.62
FRAME: 160
-391.232 505.593 2757.73
-298.359 85.4397 3085.81
-256.331 -971.864 2917.01
-303.955 -134.573 3182.9
-225.167 -98.3364 3014.09
-160.925 -552.597 2866.32
-319.211 322.951 3005.3
-302.508 301.66 2858.67
-216.338 50.0569 2849.44
-268.265 -944.255 3034.09
-145.404 -193.451 2894.39
-206.408 -124.377 2837.81
-225.04 -573.226 2866.97
-285.804 280.369 2712.05
-259.148 95.1516 2892.31
FRAME: 161
-377.307 508.188 2742.94
-341.251 52.3101 3066.07
-261.278 -972.959 2918.83
-379.296 -165.292 3180.1
-233.422 -99.5913 3010.85
-178.078 -560.652 2902.35
-329.159 308.748 2984.05
-299.301 284.213 2838.66
-209.081 26.3415 2819.12
-260.529 -948.91 3064.18
-120.222 -211.862 2859.06
-194.812 -130.023 2839.18
-214.352 -581.871 2862.85
-269.444 259.677 2693.27
-256.709 84.7027 2881.84
FRAME: 162
-359.159 515.4 2728.81
-379.575 56.6077 3036.18
-259.059 -972.165 2925.31
-557.876 -209.887 2997.47
-238.813 -98.3113 3008.4
-161.526 -559.011 2886.54
-335.904 318.532 2979.59
-298.318 294.139 2829.6
-213.533 33.6238 2814.13
-263.995 -941.137 3039.83
-230.681 -176.245 2867.27
-193.699 -128.955 2827
-213.559 -580.258 2847.32
-260.732 269.745 2679.62
-257.287 90.2527 2873.65
FRAME: 163
-341.441 523.692 2717.91
-449.648 53.4467 2996.4
-269.01 -986.293 2925.5
-627.747 -218.774 2901.11
-265.494 -98.9625 2983.81
-193.391 -565.189 2902.67
-397.183 314.665 2908.56
-324.168 298.347 2788.56
-239.698 46.6102 2755.63
-249.265 -941.234 3059.38
-419.4 -127.734 2816.83
-173.416 -121.432 2827.91
-197.502 -570.507 2855.12
-251.153 282.029 2668.56
-271.812 94.0747 2847.21
FRAME: 164
-325.311 530.449 2712.6
-489.136 63.9235 2942.16
-273.384 -985.597 2917.38
-649.804 -181.009 2790.34
-272.512 -96.1357 2979.84
-209.61 -561.521 2887.06
-401.332 320.199 2893.16
-318.771 303.372 2776.42
-258.421 38.6022 2701.28
-243.067 -945.652 3037.89
-531.831 -120.299 2742.91
-168.147 -119.037 2829.42
-184.083 -564.182 2853.81
-236.211 286.545 2659.68
-269.55 97.8931 2840.53
FRAME: 165
-308.02 536.603 2704.7
-521.994 60.6961 2876.07
-271.548 -989.929 2910.86
-678.404 -132.003 2622.84
-286.182 -94.5164 2963.84
-225.153 -559.907 2893.91
-405.981 319.843 2881.71
-310.925 305.742 2770
-263.888 36.6567 2668.34
-236.639 -941.601 3039.7
-569.034 -81.8499 2613.98
-165.775 -113.066 2821.12
-178.038 -558.924 2853.46
-215.87 291.642 2658.29
-268.452 100.976 2831.24
FRAME: 166
-290.255 543.325 2698.27
-531.414 86.4098 2805.2
-270.193 -985.74 2904.32
-587.341 44.3173 2410.68
-299.834 -95.2715 2942.32
-237.547 -559.892 2908.18
-406.081 322.991 2856.7
-299.995 309.152 2754.22
-266.154 46.7346 2624.45
-233.334 -942.462 3002.54
-549.42 66.8959 2451.55
-165.572 -113.444 2811.17
-178.559 -558.643 2846.73
-193.908 295.312 2651.74
-266.349 102.397 2815.48
FRAME: 167
-281.84 547.929 2695.34
-536.217 101.173 2774.15
-266.212 -971.592 2912.38
-514.66 180.203 2308.61
-310.199 -91.8599 2925.89
-260.316 -555.917 2926.33
-407.221 324.026 2834.89
-294.469 310.31 2740.31
-276.986 50.6572 2586.2
-236.789 -944.168 2966.2
-553.742 146.487 2426.04
-164.853 -110.156 2802.54
-181.853 -556.655 2824.35
-181.716 296.595 2645.74
-265.997 104.651 2802.26
FRAME: 168
-276.894 550.758 2692.55
-462.84 157.176 2624.8
-263.427 -967.031 2910.88
-441.193 292.467 2283.91
-318.409 -89.5288 2904.11
-270.778 -547.889 2925.79
-405.474 322.141 2815.97
-290.323 308.966 2728.63
-281.059 77.2678 2550.08
-240.031 -945.724 2944.86
-500.348 233.235 2378.76
-169.706 -107.457 2789.53
-186.276 -553.62 2818.12
-175.172 295.79 2641.29
-267.19 105.236 2787.72
FRAME: 169
-269.493 572.477 2679.29
-460.178 210.716 2583.45
-256.416 -939.577 2903.53
-370.026 323.315 2315.12
-321.897 -66.8724 2883.36
-289.084 -514.07 2916.05
-369.984 330.694 2786.6
-269.986 309.251 2703.25
-248.516 122.42 2483.94
-238.964 -949.937 2916.27
-443.74 313.541 2420.02
-182.421 -98.2012 2764.92
-192.708 -546.125 2799.3
-169.989 287.807 2619.9
-261.073 113.357 2763.69
FRAME: 170
-258.864 576.069 2670.44
-447.616 259.05 2581.49
-253.368 -926.11 2915.61
-292.533 447.833 2343.87
-321.161 -54.4121 2877.98
-291.608 -508.621 2918.55
-346.053 336.953 2774.63
-254.627 312.924 2695.46
-236.566 133.194 2472.87
-243.949 -949.759 2905.8
-389.237 375.946 2393.77
-180.589 -92.3635 2754.23
-194.524 -542.888 2790.88
-163.201 288.896 2616.28
-252.751 119.768 2755.78
FRAME: 171
-264.408 567.223 2672.06
-425.242 285.372 2567.1
-267.665 -936.534 2903.07
-240.88 440.942 2384.09
-330.403 -55.8833 2855.05
-314.578 -505.51 2915.71
-353.046 342.582 2775.44
-250.58 321.482 2700
-222.359 165.526 2441.54
-247.62 -952.76 2895.46
-198.36 468.849 2503.44
-183.336 -86.9734 2744.99
-197.456 -541.638 2787.1
-148.114 300.383 2624.56
-253.725 125.027 2750.01
FRAME: 172
-267.731 566.048 2667.48
-391.998 292.32 2547.36
-281.922 -940.667 2896.94
-175.757 434.274 2394.8
-339.986 -63.6073 2837.51
-339.004 -513.058 2918.64
-368.426 338.691 2769.89
-253.006 321.517 2703.94
-207.785 183.574 2429.98
-248.291 -957.504 2893.1
-154.627 468.063 2526.21
-180.806 -87.6296 2746.27
-196.834 -542.752 2790.43
-137.586 304.342 2638
-256.701 122.949 2747.91
FRAME: 173
-271.375 557.922 2663.99
-340.133 303.474 2542.05
-293.303 -950.756 2884.68
-153.885 449.531 2451.71
-346.913 -72.0334 2823.98
-341.941 -528.92 2905.39
-372.592 343.367 2769.95
-240.268 327.4 2718.04
-162.496 188.342 2451.32
-256.817 -967.754 2909.3
-175.669 490.732 2465.85
-176.293 -93.2724 2756.58
-191.915 -555.558 2800.28
-107.943 311.434 2666.13
-250.935 122.374 2754.16
FRAME: 174
-271.708 557.087 2663.08
-343.144 327.904 2525.5
-307.277 -954.923 2900.69
-142.768 453.661 2452.3
-355.981 -86.8617 2828.29
-374.281 -542.745 2917.51
-383.925 331.18 2772.47
-248.719 316.329 2718.3
-150.982 190.972 2451.37
-264.926 -982.676 2911.79
-180.133 487.457 2489.47
-173.848 -107.196 2754.75
-193.031 -593.144 2807.24
-113.512 301.478 2664.13
-256.817 109.65 2754.91
FRAME: 175
-273.681 554.701 2663.75
-336.955 338.177 2529.09
-314.881 -971.567 2907.62
-128.367 455.752 2463.16
-360.825 -90.4602 2828.98
-397.328 -567.075 2928.93
-381.512 328.25 2767.74
-247.101 311.587 2714.47
-138.046 184.584 2443.8
-274.746 -980.257 2920.49
-157.443 486.812 2486.94
-174.2 -113.715 2754.63
-191.357 -600.963 2812.97
-112.691 294.924 2661.21
-257.307 104.749 2753.14
FRAME: 176
-276.767 551.283 2662.28
-335.451 329.664 2519.28
-368.014 -969.083 2952.19
-146.071 464.426 2484.46
-364.786 -91.8186 2827.78
-420.662 -574.115 2922.74
-380.247 330.587 2765.9
-244.666 313.355 2715.7
-125.528 170.355 2464.53
-255.604 -983.44 2908.5
-136.123 469.842 2484.79
-173.563 -116.269 2756.61
-190.663 -595.434 2816.58
-109.085 296.122 2665.5
-256.92 104.656 2753.95
FRAME: 177
-279.725 546.184 2653.03
-344.423 301.951 2505.25
-411.816 -979.315 2974.13
-169.101 485.644 2487.62
-368.688 -96.9676 2823.36
-455.148 -573.818 2911.39
-385.884 331.667 2759.64
-245.426 315.229 2715.02
-113.748 157.025 2475.72
-248.757 -979.732 2912.56
-113.662 454.164 2376.78
-171.423 -120.18 2760.43
-187.927 -593.21 2824.29
-104.969 298.791 2670.39
-257.741 103.328 2753.46
FRAME: 178
-280.136 537.764 2641.45
-351.552 279.696 2498.5
-432.901 -982.753 2980.66
-168.155 474.296 2462.37
-371.825 -98.8604 2819.9
-463.572 -575.865 2900.05
-394.522 332.181 2750.07
-247.616 316.31 2711.07
-105.707 152.437 2477.14
-245.746 -976.68 2913.29
-126.53 447.52 2356.24
-171.468 -120.601 2766.59
-187.282 -590.559 2831.64
-100.711 300.439 2672.06
-259.631 103.29 2752.16
FRAME: 179
-279.189 535.104 2632.93
-349.488 264.586 2495.2
-444.412 -983.125 2982.39
-180.286 454.96 2432.46
-373.495 -104.477 2822.14
-468.074 -575.835 2893.36
-394.853 330.537 2747.6
-246.555 314.195 2711.94
-101.227 142.215 2481.94
-246.689 -972.227 2909.44
-134.518 433.164 2354.47
-172.773 -126.7 2773.78
-187.419 -586.573 2833.07
-98.2575 297.854 2676.28
-259.845 99.3034 2754.95
FRAME: 180
-278.479 529.548 2625.21
-354.919 244.416 2496.55
-459.303 -974.551 2985.73
-179.422 423.039 2400.62
-374.186 -102.864 2818.35
-467.652 -574.8 2888.84
-395.89 331.548 2740.77
-245.003 315.038 2710.61
-92.379 129.898 2489.59
-247.08 -972.31 2913.32
-148.627 420.752 2341.61
-174.188 -124.847 2778.29
-188.063 -584.732 2835.29
-94.1166 298.528 2680.45
-259.595 100.591 2754.47
FRAME: 181
-278.735 522.393 2618.48
-358.839 216.032 2508.55
-459.58 -974.864 2983.11
-196.25 406.276 2396.91
-383.687 -108.481 2813.61
-467.119 -569.547 2887.22
-398.446 328.428 2734.95
-245.346 311.144 2710.58
-87.509 112.824 2501.42
-249.232 -978.634 2912.45
-168.364 362.801 2341.35
-176.8 -131.921 2780.74
-192.204 -592.76 2839.74
-92.2466 293.861 2686.21
-262.795 95.4718 2753.88
FRAME: 182
-285.759 501.435 2611.75
-391.811 143.735 2546.85
-462.365 -979.845 2985.08
-200.34 274.009 2364.38
-391.622 -108.45 2815.08
-467.244 -568.314 2889.26
-408.305 320.332 2734.56
-251.199 303.287 2718.48
-95.1018 95.5295 2525.97
-250.936 -982.08 2908.79
-231.132 272.084 2358.88
-184.727 -130.961 2793.77
-195.56 -589.242 2840.47
-94.0931 286.241 2702.4
-269.687 91.7907 2761.45
FRAME: 183
-293.051 480.863 2619.24
-414.854 105.015 2569.07
-462.254 -986.663 2985.46
-213.02 183.716 2355.26
-406.55 -105.421 2821.98
-468.079 -567.974 2891.29
-416.267 311.898 2740.04
-259.061 293.563 2727.43
-110.553 79.6052 2537.62
-252.626 -988.378 2907.61
-245.13 234.121 2338.02
-193.631 -130.255 2804.88
-199.406 -587.917 2848.13
-101.855 275.227 2714.83
-279.576 87.8624 2770.43
FRAME: 184
-281.179 499.871 2641.23
-433.362 79.7395 2612.23
-462.85 -985.876 2991.41
-243.955 128.803 2374.64
-413.221 -100.77 2832.4
-468.027 -566.383 2896.56
-429.508 316.224 2749.24
-270.568 299.184 2733.28
-130.279 78.1811 2551.92
-252.81 -986.656 2905.73
-284.556 197.739 2377.69
-198.437 -123.934 2810.74
-201.24 -585.388 2849.26
-111.627 282.143 2717.31
-288.198 93.4156 2777.42
FRAME: 185
-271.377 493.708 2688.6
-439.474 64.8917 2620.91
-461.877 -985.957 2995.2
-267.949 108.846 2362.29
-418.735 -99.415 2842.7
-469.012 -565.486 2900.97
-442.946 306.222 2757.28
-282.385 290.308 2738.33
-152.054 54.8315 2558.43
-253.916 -986.513 2902.08
-307.348 196.582 2407.95
-203.616 -120.867 2817.26
-205.08 -579.409 2851.05
-121.825 274.393 2719.37
-296.78 90.0833 2784.15
FRAME: 186
-249.25 434.289 2712.96
-450.782 48.7265 2634.95
-463 -990.92 3004.09
-288.398 65.4398 2399.52
-423.568 -101.878 2854.09
-470.156 -568.638 2903.64
-451.36 288.434 2770.47
-290.059 272.487 2747.68
-173.656 27.2411 2577.18
-252.684 -980.575 2902.85
-306.928 183.709 2393.55
-206.391 -123.577 2823.21
-205.768 -572.713 2855.01
-128.758 256.541 2724.89
-302.519 79.88 2793.16
FRAME: 187
-299.864 443.816 2647.81
-464.046 50.9034 2628.12
-458.345 -993.563 3019.01
-376.414 170.647 2406.91
-430.264 -108.33 2871.66
-471.518 -571.811 2915.66
-459.588 272.189 2775.03
-310.736 260.179 2745.25
-209.108 -2.76374 2565.21
-250.833 -970.445 2901.79
-367.251 127.165 2365.83
-208.927 -126.429 2826.95
-206.118 -565.073 2860.55
-161.885 248.17 2715.46
-315.166 71.3999 2797.28
FRAME: 188
-310.741 446.387 2632.47
-450.127 58.5032 2610.16
-450.965 -990.452 3028.89
-409.334 199.628 2233.2
-429.185 -102.756 2875.64
-474.253 -566.662 2921.73
-457.803 275.784 2768.82
-309.008 263.549 2746.36
-223.666 -8.50476 2585.57
-251.006 -975.723 2901.63
-377.18 133.027 2353.63
-216.525 -120.301 2844.14
-209.718 -566.643 2870.59
-160.213 251.313 2723.9
-315.932 76.01 2803.12
FRAME: 189
-321.46 444.191 2625.7
-456.547 74.8729 2634.56
-451.052 -989.714 3034.35
-421.13 66.9349 2275.99
-431.3 -96.7163 2882.82
-475.95 -561.599 2928.41
-456.069 287.132 2769.87
-311.909 275.372 2748.99
-240.131 -19.5026 2597.19
-251.368 -979.963 2904.08
-411.275 62.5115 2344.12
-220.915 -114.007 2852.74
-214.548 -559.851 2874.5
-167.75 263.612 2728.11
-319.008 85.0052 2808.39
FRAME: 190
-322.984 444.916 2623.66
-463.309 76.5939 2642.48
-451.63 -995.613 3037.65
-455.397 39.3292 2239.69
-426.701 -98.6937 2888.84
-476.534 -563.747 2930.97
-470.961 293.317 2772.38
-322.866 286.075 2751.89
-227.28 -15.6473 2659.14
-239.358 -990.976 2915.49
-439.553 -4.36936 2375.31
-223.431 -108.631 2860.97
-217.017 -561.131 2886.09
-174.771 278.834 2731.4
-323.966 91.2064 2813.4
FRAME: 191
-329.946 452.831 2621.37
-491.874 64.6878 2644.94
-451.682 -997.823 3042.03
-470.428 25.4036 2281.96
-429.022 -100.077 2895.16
-474.322 -563.761 2935.35
-476.521 294.776 2776.91
-327.007 288.962 2757.49
-196.624 -6.16023 2734.55
-230.429 -1004.24 2928.96
-444.474 -27.6612 2412.12
-223.523 -108.024 2868.64
-215.915 -563.301 2896.07
-177.492 283.148 2738.07
-326.639 92.4559 2819.69
FRAME: 192
-333.768 457.912 2625.28
-503.959 52.3814 2668.51
-452.886 -998.372 3043.61
-469.261 -9.07742 2318.56
-429.004 -101.925 2898.58
-473.133 -565.374 2937.28
-487.061 294.628 2781.43
-332.985 291.494 2762.64
-191.674 -9.87016 2743.06
-221.86 -995.302 2958.71
-453.481 -43.6305 2458.02
-223.206 -106.128 2873.6
-215.008 -562.091 2903.82
-178.909 288.36 2743.85
-329.545 93.7338 2824.37
FRAME: 193
-334.934 462.631 2635.13
-513.203 42.4366 2699.98
-455.009 -1000.1 3042.85
-464.164 -46.3287 2368.29
-426.811 -103.38 2902.68
-471.061 -567.089 2937.77
-495.292 294.642 2790.93
-337.476 293.658 2770.23
-170.56 0.577544 2758.64
-187.81 -989.13 2994.69
-461.136 -66.6924 2496.82
-222.074 -104.69 2875.88
-204.598 -559.24 2910.41
-179.66 292.673 2749.54
-330.959 94.8114 2829.76
FRAME: 194
-332.193 469.47 2641.58
-524.563 38.9548 2728.32
-456.504 -1002.09 3045.34
-482.119 -16.4223 2340.17
-424.251 -101.619 2907.71
-469.993 -569.778 2940.29
-496.889 297.604 2797.92
-338.471 297.16 2775.58
-151.124 17.3444 2792.09
-149.968 -987.029 3013.95
-410.566 -84.597 2521.24
-221.683 -102.204 2879.21
-196.031 -556.462 2915.07
-180.053 296.717 2753.24
-330.719 97.6244 2834.52
FRAME: 195
-324.78 479.032 2652.8
-529.918 33.5241 2745.81
-455.736 -1010.43 3048.93
-469.861 -31.9881 2356.75
-421.363 -106.351 2912.06
-468.253 -577.198 2945.42
-494.016 302.261 2802.9
-335.985 302.421 2781.1
-145.111 14.8786 2795.1
-136.339 -981.908 3030.27
-382.336 -102.326 2541.19
-217.467 -106.128 2883.97
-182.997 -554.373 2921.85
-177.954 302.582 2759.3
-327.7 98.0909 2839.56
FRAME: 196
-307.202 483.685 2660.61
-527.226 33.8118 2761.44
-458.429 -1007 3048.16
-451.256 -26.4308 2386.07
-413.416 -106.715 2912.96
-464.971 -574.623 2948.66
-493.179 301.967 2810.06
-332.43 303.233 2787.59
-138.57 19.3722 2815.46
-128.893 -971.121 3042.29
-368.113 -81.4385 2544.64
-213.865 -105.229 2885.25
-175.496 -547.114 2925.66
-171.681 304.5 2765.12
-323.035 98.6306 2843.35
FRAME: 197
-296.163 488.34 2670.84
-525.423 32.2205 2768.41
-461.228 -1004.17 3051.64
-469.345 -4.91585 2381.54
-412.929 -104.612 2913.29
-461.497 -570.326 2950.92
-483.138 308.348 2817.55
-321.218 306.447 2797.08
-145.399 20.6742 2810.03
-122.568 -971.585 3052.33
-368.428 -76.2531 2520.03
-213.121 -107.037 2888.12
-164.432 -547.432 2937.05
-159.297 304.545 2776.62
-317.121 100.311 2848.89
FRAME: 198
-277.806 490.511 2683.3
-517.833 38.0778 2765.29
-466.773 -992.933 3054.51
-420.427 -17.8599 2436.08
-399.238 -98.999 2916.59
-459.161 -563.533 2949.73
-467.328 313.138 2819.73
-303.101 309.393 2806.42
-133.188 14.703 2826.06
-112.73 -967.415 3066.11
-366.87 -80.7879 2525.24
-209.149 -103.717 2901.26
-151.979 -542.845 2952.33
-138.874 305.648 2793.1
-303.647 104.018 2857.67
FRAME: 199
-252.385 496.826 2687.16
-505.661 41.3914 2761.44
-467.893 -985.816 3057.43
-370.186 -39.6481 2491.79
-394.011 -93.2592 2920.1
-456.242 -558.541 2953.73
-452.62 316.83 2818.6
-287.762 310.477 2811.09
-117.887 15.0716 2850.95
-106.586 -966.417 3075.77
-337.687 -85.6234 2552.2
-203.55 -100.798 2911.45
-141.487 -539.65 2961.92
-122.904 304.124 2803.57
-293.271 106.724 2863.43
FRAME: 200
-227.245 505.84 2692.2
-499.119 39.6356 2766.73
-470.273 -977.657 3063.65
-381.334 11.499 2381.67
-384.133 -94.1029 2923.13
-451.322 -554.191 2958.53
-429.266 318.107 2816.25
-269.418 311.046 2813.88
-92.393 22.9893 2867.97
-105.739 -963.867 3078.26
-341.86 -109.66 2573.74
-187.762 -102.946 2920.45
-135.768 -540.299 2964.68
-109.571 303.984 2811.51
-277.683 106.26 2867.84
FRAME: 201
-205.791 498.07 2702.27
-465.472 40.8029 2749.22
-476.048 -957.211 3064.65
-363.38 -22.7264 2365.82
-360.769 -90.994 2926.06
-445.402 -545.722 2958.72
-405.533 312.853 2814.7
-247.222 303.306 2812.92
-87.9287 10.6124 2858.35
-103.595 -968.073 3082.76
-307.917 -80.8944 2528.1
-178.474 -102.497 2923.83
-130.777 -540.901 2971.43
-88.9112 293.76 2811.14
-258.422 103.28 2868.93
FRAME: 202
-188.609 494.204 2707.46
-461.339 40.8853 2753.9
-474.692 -951.3 3064.3
-349.783 -25.2003 2376.63
-349.332 -85.8344 2928.71
-437.596 -537.765 2960.12
-387.117 314.397 2814.7
-229.754 302.089 2816.42
-81.4531 6.70831 2859.87
-103.318 -968.98 3087.63
-324.561 -104.475 2531.79
-173.83 -100.117 2930.63
-127.772 -541.828 2977.85
-72.3921 289.781 2818.15
-245.668 104.557 2873.05
FRAME: 203
-164.897 497.396 2713.34
-392.82 29.6664 2768.94
-473.02 -949.584 3063.57
-314.741 -39.6912 2403.44
-338.315 -83.9453 2933.5
-431.869 -536.205 2966.03
-371.418 311.633 2814.25
-211.428 294.618 2816
-74.1842 -10.3555 2862.38
-103.018 -969.886 3092.6
-307.864 -114.146 2563.26
-169.344 -102.345 2935.55
-124.555 -544.477 2983.58
-51.4375 277.604 2817.75
-232.629 100.737 2875.26
FRAME: 204
-143.084 500.801 2717.63
-389.724 30.945 2771.52
-472.686 -951.653 3062.31
-301.137 -27.9506 2391.59
-333.01 -80.0661 2936.91
-428.665 -534.645 2969.12
-359.6 308.578 2812.95
-197.812 287.099 2815.33
-63.9085 -18.3527 2867.76
-101.21 -967.962 3097.49
-292.583 -106.177 2557.28
-166.549 -102.738 2940.02
-122.117 -545.651 2988.76
-36.0228 265.621 2817.7
-223.795 97.8486 2876.9
FRAME: 205
-132.053 501.834 2719.34
-383.493 27.3339 2775.92
-473.127 -959.71 3070.09
-267.818 -88.7354 2458.07
-328.028 -80.8022 2937.88
-425.214 -536.041 2977.56
-349.669 302.61 2812.29
-189.063 279.155 2814.52
-61.3746 -39.1582 2870.85
-101.804 -966.634 3098.42
-254.506 -114.298 2559.49
-162.272 -105.206 2940.82
-120.701 -545.345 2989.8
-28.4579 255.699 2816.76
-217.107 93.0754 2876.94
FRAME: 206
-123.718 503.207 2722.68
-374.665 26.8522 2780.42
-477.198 -965.161 3072.92
-244.363 -91.6875 2473.38
-321.896 -88.0507 2941.75
-426.55 -539.261 2979.58
-340.809 294.322 2811.87
-183.974 272.357 2815.03
-64.2611 -57.6205 2861.15
-98.2573 -963.195 3098.81
-231.453 -108.537 2575.4
-151.555 -111.56 2945.01
-117.33 -540.37 2989.33
-27.1391 250.392 2818.18
-210.35 86.2759 2879.2
FRAME: 207
-119.604 504.97 2723.88
-367.793 41.6838 2767.93
-477.416 -950.948 3083.79
-243.693 -87.7351 2403.18
-331.131 -86.2431 2948.69
-424.102 -534.427 2980.38
-329.428 300.15 2812.49
-176.315 273.413 2814.97
-64.6201 -61.265 2853.13
-98.1781 -969.445 3106.53
-236.78 -119.59 2576.62
-155.09 -117.028 2951.75
-116.213 -548.893 2996.93
-23.2017 246.675 2817.46
-209.713 85.8886 2882.59
FRAME: 208
-118.074 505.448 2726.04
-350.531 51.704 2746.02
-479.144 -949.104 3091.76
-245.801 -44.3152 2392.91
-344.026 -83.6537 2951.96
-427.687 -535.337 2985.63
-325.122 304.749 2809.27
-174.243 275.433 2814.29
-63.333 -62.3837 2850.65
-99.4321 -977.473 3112.4
-210.052 -119.211 2560.56
-159.862 -119.658 2958.28
-117.474 -554.359 3000.73
-23.3635 246.117 2819.31
-213.093 86.8887 2884.7
FRAME: 209
-118.928 505.395 2727.95
-343.074 57.036 2752.46
-479.21 -953.749 3088.54
-226.865 -50.8004 2440.83
-355.458 -70.964 2951.84
-431.685 -535.947 2985.11
-313.729 313.045 2810.09
-170.459 281.009 2816.34
-69.5172 -60.2783 2836.5
-100.776 -975.829 3116.58
-219.424 -87.9057 2561.19
-164.07 -113.82 2960.49
-118.661 -549.901 3003
-27.1889 248.973 2822.58
-215.111 94.3085 2886.25
FRAME: 210
-121.921 505.638 2731.34
-345.204 61.7511 2756.43
-482.064 -955.294 3085.04
-226.175 -50.1939 2461.7
-361.217 -64.566 2961.42
-433.664 -535.282 2985.69
-306.116 313.291 2816.22
-169.04 279.054 2819.13
-96.0319 -77.2593 2792.9
-99.8347 -974.541 3117.68
-208.507 -86.0016 2545.21
-166.303 -113.342 2965.53
-118.666 -547.87 3004.82
-31.9643 244.817 2822.04
-216.4 95.0499 2891.3
FRAME: 211
-134.04 481.952 2724.12
-357.992 52.8313 2778.77
-484.682 -948.121 3088.78
-239.256 -58.8799 2493.47
-357.53 -65.9858 2974.96
-438.806 -528.52 2988.02
-319.892 303.447 2820.49
-178.553 267.466 2818.91
-104.418 -80.0378 2775.59
-97.1161 -981.628 3115.41
-203.35 -76.2862 2525.71
-175.328 -112.218 2973.41
-118.621 -549.735 3000.57
-37.2136 231.486 2817.34
-222.491 89.1823 2896.55
FRAME: 212
-141.028 492.242 2736.44
-379.364 32.8095 2790.31
-489.69 -950.621 3105.43
-258.316 -100.165 2527.59
-371.322 -70.6534 2986.52
-450.268 -530.612 3005.2
-322.718 271.757 2827.3
-185.752 239.7 2834.84
-92.184 -61.4437 2761.27
-91.9154 -967.074 3099.17
-180.693 -21.3177 2503.35
-176.057 -116.492 2996.12
-114.264 -536.56 2983.97
-48.785 207.643 2842.38
-229.72 73.0636 2913.08
FRAME: 213
-150.336 497.461 2746.88
-384.577 10.8761 2804.57
-490.517 -934.596 3107.88
-270.381 -115.323 2556.7
-377.91 -55.0432 2982.34
-456.3 -514.888 3001.35
-328.547 262.962 2836.36
-198.769 225.402 2836.85
-114.912 -41.7629 2759.41
-91.3718 -978.222 3098.36
-177.264 -4.51548 2506.26
-196.615 -104.795 2985.62
-114.903 -544.999 2981.41
-68.9905 187.842 2837.34
-243.016 72.7413 2910.41
FRAME: 214
-178.334 495.561 2744.87
-387.381 18.2812 2791.85
-492.212 -930.22 3102.25
-286.954 -111.466 2567.22
-383.277 -53.5572 2973.81
-458.31 -510.708 2991.5
-329.624 264.226 2835.29
-191.582 220.969 2845.77
-111.993 -43.5506 2741.59
-93.8859 -973.28 3102.97
-175.429 7.86234 2478.8
-206.342 -104.96 2987.79
-116.377 -541.052 2984.11
-53.5408 177.713 2856.24
-243.196 70.8553 2913.28
FRAME: 215
-191.884 498.897 2743
-364.729 28.9039 2776.98
-491.494 -953.25 3108.08
-300.886 -116.74 2546.6
-390.545 -68.3859 2965.18
-457.345 -528.706 2994.91
-342.094 257.9 2830.42
-200.564 219.402 2840.73
-112.017 -60.061 2702.05
-99.8796 -964.24 3098.25
-183.007 -5.00793 2474.73
-195.658 -120.969 2979.39
-122.369 -535.803 2982.53
-59.0346 180.904 2851.05
-246.833 62.3624 2906.51
FRAME: 216
-202.696 500.333 2745.33
-371.968 28.0731 2753.41
-491.688 -963.506 3103.7
-287.994 -35.808 2460.81
-387.657 -81.6374 2965.6
-460.017 -539.743 2989.27
-360.555 252.413 2830.15
-215.473 221.657 2835.05
-115.929 -70.086 2707.64
-99.8114 -952.805 3101.51
-204.482 -1.08784 2475.41
-187.38 -123 2973.5
-125.764 -528.865 2987.69
-70.3906 190.9 2839.95
-251.495 59.6689 2902.3
FRAME: 217
-212.339 502.468 2743.86
-375.533 27.5689 2735.94
-495.532 -978.781 3107.28
-295.059 -58.628 2415.16
-395.426 -92.3509 2962.57
-464.803 -553.638 2990.67
-391.686 246.478 2833.73
-238.867 220.568 2832.35
-132.205 -65.7733 2714.62
-99.723 -946.66 3096.98
-223.2 -19.239 2486.75
-189.696 -126.658 2960.81
-125.836 -526.21 2983.74
-86.0484 194.658 2830.96
-265.714 55.5317 2897.02
FRAME: 218
-221.301 506.011 2740.72
-368.236 36.1595 2720.85
-495.408 -975.369 3104.55
-332.529 -7.10309 2386.71
-401.054 -92.1291 2956.55
-463.632 -549.721 2991.26
-397.785 254.832 2828.08
-248.395 231.219 2824.29
-142.405 -72.6627 2706.92
-104.155 -953.401 3094.9
-258.014 -14.7458 2467.65
-195.916 -124.178 2951.55
-128.982 -532.626 2981.29
-99.0046 207.607 2820.49
-273.44 61.5328 2889.17
FRAME: 219
-233.005 509.827 2737.27
-362.926 54.8314 2708.62
-495.357 -971.918 3100.68
-369.733 70.8583 2312.44
-399.856 -92.9128 2954.87
-461.39 -545.492 2992.15
-402.279 276.805 2812.4
-258.749 258.328 2806.43
-157.728 -79.0491 2720.21
-107.632 -950.264 3089.89
-310.114 -36.7201 2505.87
-199.263 -118.804 2946.01
-132.746 -532.092 2976.93
-115.219 239.85 2800.47
-279.154 76.2348 2878.44
FRAME: 220
-241.29 515.167 2737.28
-370.567 76.4978 2688.73
-496.344 -969.446 3091.38
-404.801 56.5357 2282.24
-395.564 -90.8441 2950.92
-460.392 -542.995 2986.55
-396.487 296.051 2811.23
-254.693 278.391 2805.7
-153.908 -61.3103 2750.04
-108.928 -959.115 3093.15
-337.387 -76.7348 2535.83
-197.692 -115.624 2942.9
-134.649 -539.177 2980.07
-112.899 260.731 2800.17
-275.66 87.5787 2876.31
FRAME: 221
-244.817 515.4 2735.99
-386.829 73.0111 2690.66
-492.54 -979.522 3092.25
-432.905 0.202269 2307.47
-393.211 -95.5462 2951.95
-457.332 -551.05 2986.08
-411.813 302.233 2817.94
-264.229 287.38 2807.35
-139.659 -39.6075 2774.11
-110.175 -950.942 3091.12
-336.504 -93.4209 2555.75
-194.629 -115.582 2937.53
-135.295 -534.415 2978.42
-116.645 272.527 2796.77
-279.074 90.9077 2876.05
FRAME: 222
-247.816 518.02 2734.97
-392.235 87.4348 2673.08
-488.183 -969.83 3088.7
-454.963 31.4081 2346.23
-386.552 -95.9459 2946.35
-454.343 -544.131 2980.55
-424.446 300.595 2821.97
-271.733 289.374 2808.01
-115.386 -14.3723 2788.53
-110.988 -956.373 3092.94
-330.972 -118.529 2596.25
-191.253 -110.421 2928.59
-137.688 -538.046 2977.27
-119.02 278.153 2794.06
-280.318 93.0953 2872.74
FRAME: 223
-247.23 518.54 2733.13
-415.238 82.0525 2674.22
-487.264 -963.495 3086.53
-533.894 127.008 2248.75
-382.004 -92.4144 2943.67
-448.452 -540.645 2980.61
-424.472 303.235 2816.19
-271 293.554 2803.2
-107.896 2.1327 2796.48
-112.026 -958.531 3094.06
-351.029 -113.488 2605.47
-187.973 -104.782 2927.42
-138.491 -540.36 2977.56
-117.529 283.873 2790.21
-277.994 97.4777 2869.37
FRAME: 224
-247.847 521.18 2729.91
-452.34 80.4379 2695.99
-484.728 -963.696 3090.48
-551.062 107.688 2303.57
-375.086 -90.1666 2939.25
-440.165 -543.013 2986.82
-421.905 308.275 2816.1
-267.943 300.34 2802.87
-102.856 4.06621 2798.33
-113.067 -963.497 3087.96
-370.6 -94.4172 2622.93
-179.85 -100.196 2922.49
-137.254 -542.769 2971.94
-113.982 292.405 2789.65
-272.706 102.579 2866.87
FRAME: 225
-246.26 519.732 2728.08
-462.525 75.2522 2718.93
-477.577 -972.956 3093.3
-558.47 45.482 2396.75
-371.09 -92.6092 2947.1
-437.057 -549.186 2989.07
-423.514 310.073 2827.91
-267.148 300.982 2807.13
-100.493 4.05696 2799.76
-111.396 -969.491 3088.28
-376.076 -98.544 2632.76
-176.131 -103.939 2921.32
-132.968 -551.48 2973.49
-110.781 291.891 2786.35
-270.379 101.354 2870.67
FRAME: 226
-243.708 518.224 2726.23
-444.423 38.5876 2860.31
-472.964 -971.351 3111.4
-394.546 -83.8825 2666.56
-353.842 -99.3622 2967.03
-422.846 -558.136 3019.07
-398.816 310.153 2849.59
-248.251 299.318 2818.09
-93.8057 -0.33445 2797.62
-111.554 -976.121 3093.05
-382.753 -84.331 2660.21
-147.958 -114.105 2924.07
-124.884 -561.915 2977.52
-97.6856 288.484 2786.59
-249.576 96.2922 2881.82
FRAME: 227
-242.255 515.787 2725.18
-446.74 26.9882 2905.3
-463.943 -969.465 3134.76
-435.043 -67.9237 2654.06
-341.365 -102.824 2983.17
-413.227 -561.995 3044.04
-390.312 308.717 2865.04
-239.824 298.254 2825.83
-81.3997 2.07234 2803.71
-111.664 -977.78 3091.2
-374.666 -60.5998 2689.82
-127.61 -117.472 2927.61
-115.613 -566.759 2976.67
-89.3353 287.791 2786.61
-237.156 94.053 2890.61
FRAME: 228
-239.175 512.289 2725.5
-443.371 30.4715 2927.29
-452.705 -971.326 3143.91
-466.567 -39.2966 2668.61
-331.114 -101.131 2992.89
-399.37 -561.634 3056.05
-383.683 308.234 2881.15
-233.256 296.667 2835.22
-71.495 2.78405 2806.98
-112.173 -974.702 3089.81
-378.888 -53.2444 2711.02
-121.164 -117.258 2928.8
-110.891 -567.469 2975.17
-82.8302 285.099 2789.29
-229.698 93.736 2898.03
FRAME: 229
-237.924 511.023 2727.38
-449.593 38.4236 2942.29
-429.793 -960.524 3157.3
-505.222 -21.0215 2683.2
-316.212 -101.997 3008.93
-388.411 -558.236 3064.54
-371.631 308.12 2904.04
-225.163 294.215 2846.92
-82.3592 -3.41598 2806.06
-109.573 -980.09 3090.66
-378.227 -48.2247 2724.39
-115.092 -121.112 2930.52
-105.097 -571.229 2977.09
-78.696 280.309 2789.8
-220.408 91.3301 2908.32
FRAME: 230
-238.157 507.613 2728.34
-459.28 44.3933 2959.56
-402.747 -967.505 3164.28
-504.736 -16.0737 2711.88
-311.618 -98.7675 3014.13
-379.982 -556.215 3067.4
-366.084 305.497 2913.62
-221.85 291.265 2852.89
-78.0613 -3.8454 2813.16
-111.157 -983.732 3089.23
-415.195 -22.6314 2732.71
-110.626 -118.561 2929.6
-103.226 -573.458 2973.45
-77.6163 277.034 2792.17
-216.486 91.3006 2912.38
FRAME: 231
-241.755 507.251 2732.45
-455.892 61.9393 2990.04
-332.146 -969.615 3188.87
-508.426 -17.8315 2764.57
-305.784 -95.755 3022.32
-354.68 -548.583 3075.37
-364.236 306.681 2930.34
-221.18 292.728 2860.8
-75.9118 2.22751 2832.36
-113.425 -982.94 3087.37
-412.121 9.64043 2790.39
-104.769 -115.328 2924.71
-102.409 -571.055 2970.77
-78.1238 278.774 2791.26
-213.228 93.5933 2917.16
FRAME: 232
-248.277 507.043 2741.69
-451.871 75.8804 3018.53
-304.009 -973.021 3199.57
-500.345 7.58023 2792.09
-300.933 -96.8666 3031.83
-335.15 -554.539 3086.71
-362.214 310.498 2949.3
-221.748 296.975 2870.99
-72.3122 5.27895 2838.97
-115.83 -977.575 3085.48
-420.071 23.6774 2811.2
-102.519 -115.933 2921.27
-103.249 -570.403 2967.38
-81.2821 283.453 2792.68
-211.737 95.2877 2923.77
FRAME: 233
-258.018 508.393 2749.39
-433.458 80.8058 3062.37
-266.421 -983.061 3203.04
-497.91 18.8785 2811.35
-290.508 -104.332 3045.81
-317.922 -570.03 3100.91
-361.737 314.888 2973.03
-227.28 303.081 2882.51
-59.9681 19.6258 2856.3
-120.743 -986.371 3088.76
-405.04 2.20671 2846.96
-102.302 -120.879 2919.24
-100.947 -573.907 2968.78
-92.8228 291.274 2791.99
-211.843 95.2377 2932.52
FRAME: 234
-271.547 513.612 2762.82
-422.541 88.6967 3087.8
-227.345 -995.218 3196.24
-462.993 47.8926 2818.39
-282.794 -109.933 3059.26
-296.847 -580.586 3114
-358.651 316.032 2984.02
-231.931 304.749 2888.07
-46.7901 23.8109 2867.97
-119.176 -994.581 3085.29
-401.005 -0.786222 2905.58
-101.025 -126.086 2921.75
-106.831 -594.294 2973.24
-105.211 293.467 2792.12
-211.92 93.37 2939.29
FRAME: 235
-284.259 515.825 2774.5
-411.204 95.1964 3116.27
-218.471 -1006.71 3198.7
-529.633 76.9174 2884.75
-280.526 -120.874 3068.48
-285.274 -602.419 3127.4
-356.807 311.906 2994.02
-235.559 301.256 2895.73
-51.4481 25.8331 2884.22
-119.615 -1013.11 3086.41
-394.4 3.74005 2915.97
-102.7 -136.479 2924.42
-111.976 -612.552 2975.65
-114.311 290.605 2797.43
-213.586 86.2896 2946.09
FRAME: 236
-307.758 520.297 2799.69
-406.747 109.666 3132.65
-182.505 -1004.4 3197.61
-571.199 110.6 2972.21
-273.897 -120.571 3073.09
-270.596 -599.625 3133.84
-354.236 313.693 3005.79
-245.197 304.63 2905.65
-88.6062 37.1754 2889.23
-123.823 -1015.97 3085.01
-429.305 37.1189 2966.82
-114.647 -133.741 2927.23
-123.939 -612.968 2972.15
-136.158 295.568 2805.5
-219.735 88.7373 2952.9
FRAME: 237
-322.587 523.889 2813.18
-399.52 111.776 3144.88
-169.755 -987.364 3184.05
-533.029 95.2252 2965.71
-272.734 -116.914 3075.35
-267.682 -590.006 3140.94
-352.617 317.528 3012.47
-250.939 309.112 2910.1
-104.378 40.5497 2885.84
-140.479 -1003.42 3088.17
-458.961 73.3555 3007.76
-121.361 -129.48 2923.12
-140.091 -607.445 2962.53
-149.26 300.696 2807.73
-223.993 92.9575 2954.67
FRAME: 238
-340.464 529.915 2821.09
-387.187 104.752 3147.57
-174.62 -958.352 3160.29
-500.156 100.614 2980.54
-272.087 -115.109 3074.4
-269.421 -574.232 3154.19
-347.372 323.275 3016.28
-254.894 313.337 2910.53
-148.65 53.891 2887.64
-152.313 -985.381 3075.58
-431.531 63.1073 3024.19
-135.422 -129.813 2918.07
-155.078 -596.352 2947.36
-162.416 303.399 2804.78
-229.324 95.438 2953.38
FRAME: 239
-354.264 532.478 2831.56
-369.752 115.701 3155.45
-189.494 -955.898 3181.24
-494.483 96.613 2996.26
-268.503 -112.333 3070.22
-266.3 -571.434 3163.56
-344.531 326.695 3017.74
-263.241 315.792 2908.54
-179.085 58.4541 2879.81
-167.191 -965.2 3060.73
-416.287 78.2881 3056.98
-151.804 -128.028 2913.32
-167.749 -582.391 2935.29
-181.951 304.888 2799.34
-236.697 97.8056 2950.15
FRAME: 240
-359.594 532.991 2841.53
-371.24 123.149 3158.28
-183.235 -942.41 3183.62
-467.494 102.116 2976.68
-265.749 -108.766 3070.74
-267.485 -561.635 3164.94
-346.916 326.161 3019.36
-274.167 315.647 2908.97
-210.396 69.4601 2876.09
-181.04 -962.027 3038.01
-397.049 79.8033 3063.22
-160.131 -124.06 2910.26
-181.721 -574.279 2924.59
-201.417 305.133 2798.59
-243.553 99.6171 2949.74
FRAME: 241
-367.754 533.74 2843.65
-365.032 127.293 3160.63
-184.011 -952.579 3154.59
-409.875 18.3405 3076.66
-262.576 -105.675 3070.93
-265.391 -559.538 3170.18
-346.622 329.469 3020.45
-281.063 317.787 2907.54
-211.657 65.6895 2877.23
-190.263 -970.492 3020.8
-282.516 -14.4299 2975.67
-168.77 -122.435 2909.08
-188.623 -573.772 2918.68
-215.504 306.105 2794.63
-248.368 101.866 2948.77
FRAME: 242
-382.512 532.955 2842.3
-361.588 123.661 3158.73
-187.579 -952.18 3120.49
-368.898 -30.3934 3120.16
-259.989 -103.53 3071.64
-262.769 -558.533 3168.39
-350.105 330.097 3020.9
-289.526 318.143 2906.7
-197.402 60.4485 2872.05
-213.416 -974.939 3000.02
-254.489 -38.0117 2950.57
-173.56 -120.628 2908.24
-202.476 -576.511 2908.01
-228.948 306.189 2792.51
-253.15 103.032 2948.32
FRAME: 243
-389.545 531.207 2842.29
-351.344 119.174 3158.43
-185.975 -949.56 3096.46
-361.513 -39.2847 3136.06
-256.19 -103.288 3072.17
-259.322 -555.448 3168.76
-349.643 331.8 3023.29
-296.52 319.344 2907.24
-218.981 67.6823 2863.97
-230.782 -981.445 2996.4
-240.432 -34.3801 2936.57
-180.433 -121.118 2906.12
-215.356 -582.638 2901.68
-243.397 306.887 2791.19
-257.416 103.57 2948.19
FRAME: 244
-395.999 528.721 2841.74
-341.919 120.033 3161.88
-206.94 -937.477 3005.5
-370.822 -39.3298 3134.21
-253.295 -99.7532 3072.97
-257.105 -558.321 3168.62
-350.11 331.798 3025.19
-302.859 318.527 2907.02
-214.951 63.7561 2858.65
-246.385 -961.249 3021.62
-214.37 -59.9722 2910.37
-185.631 -118.75 2903.73
-227.293 -586.961 2894.26
-255.609 305.255 2788.84
-261.161 104.637 2947.68
FRAME: 245
-403.023 524.835 2838.87
-333.656 116.08 3164.3
-219.046 -946.497 2978.26
-341.663 -81.7082 3159.88
-249.604 -102.144 3073.05
-258.916 -559.856 3168.07
-351.86 329.686 3025.97
-308.156 315.433 2905.72
-221.622 58.8731 2849.99
-264.583 -977.183 2967.82
-201.159 -80.7208 2911.6
-188.312 -122.172 2904.14
-242.514 -593.378 2885.73
-264.452 301.18 2785.47
-263.557 101.637 2947.16
FRAME: 246
-406.853 520.206 2837.27
-326.024 113.158 3161.59
-231.242 -952.704 2948.33
-349.169 -79.1243 3149.04
-244.772 -101.99 3073.55
-256.053 -563.733 3168.77
-353.37 328.613 3027.77
-317.505 313.141 2904.72
-201.476 63.7725 2842.38
-276.59 -972.094 3012.69
-180.701 -116.342 2873.14
-194.054 -123.81 2899.89
-249.383 -597.95 2884.69
-281.639 297.67 2781.68
-268.459 100.121 2945.72
FRAME: 247
-411.445 512.697 2831.05
-319.198 96.3099 3159.76
-247.601 -959.57 2928.8
-335.878 -119.633 3173.31
-241.079 -109.496 3072.02
-254.571 -572.968 3166.38
-351.502 317.242 3032.03
-323.772 299.498 2903.38
-193.37 64.8288 2837.11
-279.62 -960.604 3043.77
-180.748 -134.205 2879.35
-202.792 -133.977 2894.27
-265.397 -595.711 2881.05
-296.042 281.754 2774.72
-272.854 88.8805 2943.26
FRAME: 248
-415.375 502.168 2819.19
-311.566 89.3412 3159.53
-251.677 -963.713 2927.1
-324.582 -140.155 3182.47
-239.879 -114.17 3070.4
-257.093 -578.027 3164.13
-351.382 312.916 3031.8
-327.127 294.047 2900.81
-180.952 66.24 2827.43
-279.786 -937.886 3082.78
-162.523 -160.554 2861.53
-206.563 -139.996 2890.68
-265.19 -602.757 2880.47
-302.873 275.177 2769.82
-275.174 83.4818 2940.67
FRAME: 249
-417.827 491.818 2807.43
-310.478 84.4065 3140.13
-257.284 -966.764 2926.26
-319.815 -149.043 3195.41
-242.062 -120.417 3066.66
-258.559 -581.568 3161.88
-351.457 308.377 3030.76
-325.976 288.836 2897.58
-179.49 56.3198 2824.57
-283.054 -929.764 3116.09
-171.188 -177.197 2868.4
-208.362 -146.22 2890.49
-262.228 -611.587 2881.72
-300.494 269.295 2764.4
-275.594 77.759 2938.08
FRAME: 250
-416.852 485.645 2796.49
-302.496 81.7872 3146.62
-265.391 -966.138 2921.98
-315.352 -161.818 3199.8
-244.923 -123.191 3065.42
-261.838 -585.069 3161.43
-352.933 305.008 3026.79
-324.304 284.156 2892.05
-170.466 41.14 2817.12
-285.809 -929.948 3125.87
-161.061 -208.475 2857.5
-207.665 -150.273 2890.21
-259.867 -619.866 2882.54
-295.676 263.305 2757.31
-275.299 73.7122 2934.93
FRAME: 251
-413.753 481.564 2784.75
-304.841 84.9253 3142.23
-269.098 -961.165 2920.87
-318.734 -163.942 3208.52
-250.371 -120.789 3063.56
-264.835 -581.52 3160.03
-357.446 306.07 3017.44
-322.743 281.385 2879.48
-166.407 32.5323 2817.31
-290.402 -929.919 3113.94
-151.477 -238.618 2852.15
-207.126 -151.509 2891.73
-259.298 -613.586 2880.93
-288.04 256.701 2741.52
-275.746 72.618 2928.56
FRAME: 252
-400 480.804 2769.29
-307.51 82.6491 3132.05
-269.616 -953.757 2920.08
-327.766 -162.496 3208.24
-255.061 -113.188 3060.42
-272.346 -575.489 3156.51
-360.775 307.42 3007.36
-318.624 279.799 2867.04
-168.389 21.0632 2819.72
-282.447 -942.495 3110.37
-142.542 -238.798 2879.52
-203.368 -147.042 2888.14
-252.434 -609.389 2871.67
-276.472 252.179 2726.71
-273.919 74.8423 2920.66
FRAME: 253
-377.722 491.6 2755.34
-317.361 68.7214 3111.64
-272.039 -956.318 2919.46
-433.997 -220.816 3148.38
-262.084 -116.004 3053.44
-284.571 -585.109 3146.96
-363.562 304.924 2993.96
-312.682 275.937 2854.72
-182.46 9.69395 2821.01
-277.033 -956.159 3124.35
-155.715 -246.206 2896.6
-200.804 -150.866 2886.38
-244.602 -609.777 2866.11
-261.803 246.95 2715.48
-272.063 71.251 2912.32
FRAME: 254
-356.736 503.018 2742.76
-439.607 37.3053 3026.97
-273.073 -975.503 2922.84
-553.334 -233.228 2951.38
-285.066 -116.017 3022.7
-303.985 -573.933 3107.79
-395.771 298.168 2953.53
-323.555 277.195 2831.05
-183.253 12.1756 2814.48
-267.875 -969.653 3080.35
-252.437 -215.206 2870
-197.908 -141.76 2874.33
-234.364 -599.932 2859.75
-251.34 256.223 2708.56
-282.521 74.1535 2889.78
FRAME: 255
-337.047 517.141 2733.43
-459.689 39.7324 3000.19
-277.892 -992.344 2917.25
-609.446 -233.455 2840.5
-298.748 -113.529 3011.37
-328.793 -562.646 3075.79
-410.061 303.937 2923.75
-319.314 287.43 2812.17
-203.541 5.98502 2776.4
-258.034 -965.208 3080.84
-389.091 -182.771 2809.15
-179.722 -135.513 2864.22
-218.161 -599.291 2861.9
-228.567 270.923 2700.6
-279.274 81.4546 2874.98
FRAME: 256
-323.519 528.934 2727.49
-492.513 48.6181 2932.69
-279.67 -999.755 2919.78
-613.31 -210.181 2724.94
-307.385 -107.823 2978.03
-329.54 -563.562 3048.3
-419.954 307.392 2909.45
-316.581 296.588 2801.11
-184.294 24.2334 2764.87
-252.858 -960.594 3113.26
-469.777 -147.507 2746.37
-180.47 -123.485 2841.46
-209.525 -584.868 2866.47
-213.208 285.783 2692.78
-280.254 90.4668 2855.43
FRAME: 257
-313.123 535.962 2727.63
-516.581 43.0924 2868.87
-277.524 -1012.15 2915.3
-625.537 -153.082 2586.58
-321.414 -112.709 2960.46
-306.35 -573.66 2998.71
-429.755 306.53 2884.64
-316.196 297.199 2786.03
-220.891 24.4206 2703.21
-255.006 -953.41 3114.63
-512.455 -98.491 2592.96
-180.013 -125.48 2835.91
-205.526 -576.969 2862.13
-202.637 287.869 2687.41
-283.455 89.0524 2842.11
FRAME: 258
-301.747 543.696 2724.61
-532.961 43.8538 2794.27
-274.709 -1010.43 2921.38
-591.802 -56.2819 2454.55
-331.928 -112.573 2933.71
-306.818 -573.746 2984.59
-436.687 310.812 2853.78
-313.915 303.994 2767.68
-246.573 42.5436 2645.25
-250.251 -954.918 3100.71
-521.334 -41.5526 2493.84
-181.513 -121.938 2826.46
-205.238 -574.713 2852.76
-191.143 297.176 2681.59
-285.318 93.3694 2823.88
FRAME: 259
-291.894 553.336 2717.71
-494.771 96.7078 2743.28
-276.462 -992.128 2910.35
-476.606 182.68 2281.58
-339.283 -98.0116 2915.17
-317.91 -563.609 2979.85
-427.973 323.376 2829.44
-306.586 313.264 2746.63
-243.647 57.9806 2578.28
-247.964 -952.185 3043.16
-451.683 116.846 2369.71
-183.513 -111.817 2806.99
-201.1 -567.55 2840.28
-185.199 303.153 2663.83
-283.992 104.175 2803.86
FRAME: 260
-287.314 557.762 2713.67
-445.618 156.469 2663.56
-274.153 -974.795 2899.81
-388.045 327.255 2285.84
-343.284 -92.3439 2900.93
-328.533 -554.22 2979.23
-401.919 318.205 2798.98
-290.481 303.627 2725.71
-220.687 61.5518 2533.78
-250.871 -949.383 3020.77
-405.653 207.127 2349.1
-184.048 -114.122 2795.25
-198.638 -563.483 2814.92
-179.043 289.048 2652.45
-277.074 100.197 2786.9
FRAME: 261
-282.957 562.137 2703.06
-454.983 192.167 2652.31
-267.114 -949.852 2923.74
-347.801 365.304 2283.45
-345.568 -76.5161 2885.79
-335.84 -534.283 2977.97
-358.529 325.755 2766
-264.039 302.245 2700.16
-232.085 116.091 2473.26
-257.72 -957.599 2944.65
-359.588 364.383 2305.42
-195.103 -114.132 2781.31
-212.069 -556.26 2795.79
-169.549 278.734 2634.31
-267.187 103.46 2766.85
FRAME: 262
-281.512 554.002 2689.01
-462.428 271.764 2588.24
-262.818 -935.889 2997.66
-303.105 372.412 2318.18
-342.226 -73.3821 2869.45
-356.103 -519.704 2988.35
-358.423 334.172 2769.31
-260.906 311.815 2699.77
-240.421 132.548 2452.78
-262.016 -971.799 2925.02
-317.734 416.3 2353.06
-196.911 -108.142 2763.68
-218.173 -555.236 2790.36
-163.39 289.458 2630.24
-265.237 110.527 2758.17
FRAME: 263
-280.808 557.081 2690.21
-445.977 298.65 2572.26
-266.971 -930.992 3014.68
-242.773 449.643 2352.41
-350.26 -66.3379 2864.84
-364.493 -513.612 2975.07
-358.384 337.026 2784.78
-258.977 313.472 2705.02
-233.213 149.593 2440.79
-260.984 -964.929 2897.51
-250.611 483.04 2376.2
-201.013 -102.616 2743.96
-221.876 -545.187 2786.83
-159.57 289.918 2625.27
-267.306 114.498 2754.71
FRAME: 264
-289.888 558.881 2676.25
-385.974 333.019 2533.87
-270.088 -933.897 3011.2
-163.674 481.223 2453.38
-352.394 -65.2991 2850.63
-374.755 -510.38 2957.81
-366.897 344.733 2783.49
-262.122 325.519 2707.03
-201.433 179.712 2433.31
-256.364 -960.208 2900.67
-200.725 471.513 2421.18
-197.32 -94.782 2735.55
-214.305 -543.47 2789.95
-157.347 306.305 2630.56
-268.489 122.739 2750.06
FRAME: 265
-298.514 564.355 2666.2
-374.786 357.445 2523.29
-278.611 -937.003 3004.84
-155.889 479.464 2443.92
-356.595 -57.9288 2822.37
-383.964 -509.833 2940.35
-375.44 368.099 2773.02
-256.104 352.638 2709.72
-178.833 188.535 2434.63
-252.931 -955.705 2902.08
-200.757 464.519 2439.3
-191.571 -79.9755 2733.44
-207.762 -533.58 2789.6
-136.767 337.177 2646.43
-265.093 141.843 2743.81
FRAME: 266
-296.361 559.863 2664.71
-360.989 362.395 2510.98
-278.412 -936.108 2988.44
-148.213 444.352 2455.05
-361.615 -62.3392 2824.62
-375.702 -509.91 2920.39
-385.02 357.059 2765.01
-263.871 339.883 2696.44
-173.173 193.965 2420.15
-252.729 -954.473 2899.83
-194.554 485.279 2464.48
-191.786 -87.0735 2726.91
-205.601 -540.289 2784.18
-142.722 322.707 2627.87
-270.286 132.588 2736.1
FRAME: 267
-298.846 556.262 2658.52
-361.562 356.973 2510.03
-279.595 -939.545 2962.62
-144.638 443.979 2455.98
-358.088 -71.9104 2814.35
-377.408 -522.222 2927.04
-393.105 348.856 2759.88
-267.214 334.395 2694.98
-167.429 192.285 2423.79
-252.429 -952.56 2903.39
-202.847 475.959 2464.53
-191.51 -92.2782 2726.54
-205.68 -540.761 2788.83
-141.324 319.934 2630.08
-271.007 126.15 2732.72
FRAME: 268
-304.374 554.685 2649.59
-362.399 351.229 2506.46
-282 -942.726 2950.14
-146.403 438.471 2445.96
-360.534 -75.5512 2806.62
-377.301 -535.609 2923.61
-392.165 348.537 2756.05
-265.131 334.752 2694.7
-160.949 185.968 2434.32
-252.835 -953.498 2900.93
-186.177 485.608 2456.42
-190.789 -94.979 2722.34
-204.117 -544.658 2782.89
-138.097 320.968 2633.34
-270.396 124.744 2729.59
FRAME: 269
-308.121 553.432 2637.12
-359.986 341.408 2496.05
-282.463 -945.921 2949.39
-155.2 418.342 2413.2
-365.495 -79.9256 2796.32
-381.042 -543.517 2914.61
-395.211 344.549 2753.31
-265.593 331.948 2695.67
-150.933 164.158 2450.78
-254.404 -953.636 2901.6
-183.652 473.009 2410.99
-189.758 -97.5417 2716.5
-204.012 -546.949 2777.67
-135.975 319.346 2638.03
-271.61 121.607 2726.04
FRAME: 270
-310.277 543.612 2618.11
-365.86 325.942 2489.12
-286.914 -947.246 2928.97
-166.282 418.235 2385.3
-368.634 -82.3499 2785.4
-382.319 -546.719 2901.36
-398.774 339.335 2749.48
-266.309 327.737 2695.21
-144.746 150.308 2461.04
-253.472 -949.42 2901.64
-170.868 479.641 2392.31
-189.89 -98.3458 2710.83
-203.888 -548.119 2773.04
-133.844 316.139 2640.95
-272.786 118.694 2721.66
FRAME: 271
-309.867 543.568 2617.5
-368.859 312.524 2486.21
-289.127 -955.448 2947.17
-170.394 435.834 2390.73
-369.393 -94.2522 2785.09
-383.566 -563.354 2898.03
-399.524 330.982 2748.34
-265.816 319.902 2695.75
-142.721 136.154 2464.31
-251.508 -962.743 2897.62
-182.947 428.737 2341.98
-188.717 -109.468 2712.46
-204.982 -561.974 2770.91
-132.108 308.823 2643.16
-272.436 109.021 2722.26
FRAME: 272
-306.283 537.726 2615.73
-379.847 281.404 2477.23
-294.84 -965.304 2921.79
-193.547 446.405 2369.31
-377.1 -100.673 2772.92
-383.056 -572.218 2888.02
-404.171 328.224 2736.72
-266.923 316.638 2691.57
-141.142 130.171 2469
-254.059 -966.968 2885.67
-199.16 397.947 2325.99
-192.749 -116.286 2711.97
-206.237 -571.732 2770.34
-129.676 305.051 2646.42
-275.924 104.079 2717.01
FRAME: 273
-303.199 533.208 2616
-398.754 249.627 2481.22
-310.722 -975.104 2933.84
-221.292 410.615 2339.82
-371.615 -110.358 2776.88
-383.772 -586.504 2881.61
-407.441 324.874 2733.53
-269.058 314.912 2687.71
-145.606 121.67 2460.21
-264.03 -971.509 2892.11
-221.71 382.487 2296.51
-187.879 -123.786 2715.39
-206.178 -578.701 2773.16
-130.675 304.95 2641.89
-274.402 98.9199 2716.92
FRAME: 274
-302.893 540.642 2614.59
-423.184 196.218 2508.4
-338.003 -970.63 2931.27
-259.827 358.132 2364.23
-372.621 -113.824 2775.68
-398.769 -586.1 2874.23
-417.686 319.686 2724.85
-278.18 310.464 2677.59
-160.46 108.769 2465.08
-265.284 -978.516 2875.77
-273.976 295.982 2298.86
-192.567 -125.887 2713.96
-211.428 -584.389 2769.36
-138.674 301.241 2630.34
-280.387 95.3041 2711.2
FRAME: 275
-301.971 541.596 2619.01
-436.738 184.57 2504.81
-388.21 -973.424 2962.35
-284.973 376.281 2314.09
-379.045 -117.701 2773.56
-432.171 -592.044 2878.85
-427.22 315.503 2720.69
-284.978 307.107 2676.11
-168.989 99.4286 2460.97
-265.274 -977.065 2872.23
-313.868 309.703 2302.94
-197.139 -128.521 2716.18
-215.726 -588.202 2768.45
-142.736 298.711 2631.53
-286.535 91.9979 2710.49
FRAME: 276
-305.491 541.836 2616.92
-453.928 154.365 2527.56
-431.404 -977.748 2982.94
-307.284 331.775 2343.72
-383.546 -116.233 2771.45
-449.84 -587.435 2877.19
-433.759 313.945 2719.93
-288.58 305.67 2675.52
-170.495 82.34 2481.9
-268.272 -974.847 2867.87
-324.781 234.414 2311.04
-201.608 -126.827 2714.95
-220.296 -586.603 2766.59
-143.401 297.396 2631.12
-290.578 92.0702 2709.36
FRAME: 277
-302.963 541.138 2622.44
-466.74 134.121 2546.59
-462.425 -982.136 2971.78
-336.693 211.693 2319.01
-388.942 -114.992 2773.05
-466.284 -584.366 2870.84
-435.568 313.658 2719.9
-289.879 304.847 2674.57
-175.059 62.5345 2494.73
-267.688 -976.59 2869.44
-357.761 222.59 2307.23
-200.876 -126.631 2713.66
-219.277 -584.414 2766.92
-144.19 296.036 2629.23
-292.394 92.0178 2708.96
FRAME: 278
-308.435 541.302 2632.55
-486.016 113.878 2557.61
-498.269 -985.443 2961.64
-354.871 177.259 2323.73
-393.082 -112.96 2774.23
-483.823 -579.724 2873.65
-439.337 307.895 2717.43
-295.47 298.173 2669.01
-177.852 31.3481 2514.75
-267.309 -977.817 2869.95
-390.91 160.263 2340.83
-204.652 -125.9 2710.32
-221.097 -581.356 2764.21
-151.604 288.45 2620.6
-297.169 89.3714 2705.65
FRAME: 279
-332.809 525.683 2613.93
-488.103 115.765 2582.46
-522.026 -971.416 2957.42
-414.062 207.067 2341.03
-395.26 -111.708 2777.56
-489.446 -570.83 2870.92
-439.046 302.363 2703.72
-298.859 290.782 2656.46
-190.219 16.0956 2517.37
-266.483 -977.066 2872.73
-414.999 106.762 2355.91
-209.604 -127.129 2714.62
-223.201 -582.492 2765.86
-158.673 279.201 2609.21
-300.646 85.6818 2701.28
FRAME: 280
-353.291 509.253 2586.24
-510.783 126.821 2612.3
-545.471 -972.037 2948.27
-514.487 183.939 2306.19
-410.38 -113.177 2789.45
-501.628 -568.06 2867.99
-442.771 302.739 2703.65
-306.641 288.922 2656.06
-201.629 -7.20552 2538.13
-265.527 -984.094 2873.4
-453.324 37.4839 2405.12
-216.993 -132.939 2721.68
-224.354 -587.584 2769.68
-170.511 275.105 2608.47
-310.164 82.9319 2705.81
FRAME: 281
-369.586 507.201 2572.47
-522.577 128.865 2591.65
-565.661 -970.731 2949.47
-566.977 171.67 2238.32
-423.753 -110.538 2795.54
-511.527 -571.548 2869.46
-472.921 301.492 2717.72
-327.256 288.507 2662.57
-229.43 -22.6969 2556.73
-268.342 -985.329 2875
-491.998 14.5479 2429.85
-231.726 -128.031 2722.91
-225.955 -584.918 2769.97
-181.591 275.522 2607.43
-327.498 84.611 2710.9
FRAME: 282
-377.042 497.457 2564.66
-554.629 120.31 2611.92
-590.997 -983.3 2935.19
-625.813 102.3 2218.45
-438.732 -118.623 2798.32
-523.642 -578.211 2868.74
-500.88 299.34 2727.24
-351.794 292.696 2673.07
-193.302 0.549021 2616.48
-269.947 -983.641 2870.52
-487.175 -22.6298 2462.55
-239.586 -127.593 2726.12
-227.993 -583.528 2769.98
-202.708 286.052 2618.9
-345.477 84.7938 2717.65
FRAME: 283
-382.081 492.929 2561.93
-568.725 81.5627 2653.96
-604.117 -1001.36 2937.74
-621.71 7.58307 2299.94
-442.854 -128.327 2808.44
-534.262 -587.652 2868.8
-525.235 286.944 2747.4
-368.176 283.123 2686.95
-194.384 -10.8827 2657.55
-274.279 -1000.09 2878.97
-489.319 -60.7124 2497.3
-249.712 -133.213 2734.16
-233.599 -584.996 2777.72
-211.116 279.303 2626.51
-357.229 76.1765 2729.13
FRAME: 284
-390.93 492.858 2564.18
-577.734 26.0338 2756.16
-602.73 -1010.2 2946.56
-592.904 -57.7036 2409.77
-454.741 -131.695 2814.66
-545.584 -595.296 2870.3
-539.032 288.961 2750.71
-379.775 286.528 2691.8
-167.923 18.0156 2676.95
-271.262 -1003.86 2877.51
-444.527 -90.9246 2560.28
-254.395 -134.848 2740.63
-236.575 -589.134 2779.75
-220.518 284.095 2632.9
-367.171 76.6282 2734.73
FRAME: 285
-411.972 498.251 2563.83
-593.425 9.43664 2810.88
-601.878 -1035.39 2967.41
-518.85 -142.685 2582.35
-464.883 -136.227 2819.53
-557.897 -606.953 2876.36
-560.463 287.201 2751.86
-398.669 288.639 2698.23
-169.325 37.4449 2727.22
-272.582 -1010.67 2887.28
-385.363 -86.9615 2601.62
-266.472 -134.587 2754.01
-244.782 -590.744 2790.66
-236.875 290.078 2644.61
-382.173 76.616 2742.5
FRAME: 286
-430.788 503.373 2568.44
-606.408 23.4736 2835.66
-602.808 -1041.73 2975.26
-519.108 -141.928 2606.45
-481.555 -139.574 2821.43
-565.999 -613.658 2882.21
-578.545 290.164 2750.65
-415.801 292.689 2704.53
-181.431 53.0966 2759.87
-272.956 -1021.81 2912.82
-375.061 -89.0125 2605.84
-286.032 -136.705 2766.39
-252.696 -594.643 2802.82
-253.056 295.215 2658.4
-399.797 77.2748 2749.22
FRAME: 287
-451.699 503.739 2573.09
-620.369 34.1874 2852.42
-609.537 -1044.79 2982.97
-522.694 -154.594 2629.45
-495.856 -143.885 2824.89
-573.897 -618.911 2886.06
-594.897 291.269 2749.19
-429.664 294.613 2706.96
-187.004 59.0855 2770.26
-276.414 -1017.91 2913.4
-366.447 -46.7122 2604.78
-298.284 -140.155 2774.53
-261.147 -595.611 2812.1
-264.432 297.958 2664.74
-413.367 76.2967 2753.34
FRAME: 288
-463.067 507.178 2581.49
-629.909 32.0719 2850.71
-614.538 -1054.38 2982.5
-529.792 -164.417 2666.57
-509.36 -144.027 2825.12
-584.785 -621.983 2885.13
-612.931 290.772 2748.65
-445.626 296.642 2710.85
-197.592 62.952 2783.5
-276.446 -1022.52 2915.29
-369.28 -57.6179 2604.22
-309.84 -137.52 2780.46
-269.346 -596.925 2821.54
-278.322 302.511 2673.06
-427.613 77.9342 2756.82
FRAME: 289
-474.593 511.318 2585.49
-640.952 32.475 2851.99
-618.236 -1057.21 2986.64
-521.643 -159.159 2672.72
-521.909 -143.829 2827.98
-596.534 -621.987 2887.47
-628.457 288.201 2745.62
-460.756 295.676 2713
-214.672 55.8563 2782.54
-284.09 -1016.53 2915.38
-385.918 -81.03 2607.89
-323.877 -135.658 2789.9
-280.317 -592.179 2831.16
-293.056 303.15 2680.38
-441.825 77.9661 2760.97
FRAME: 290
-490.227 518.648 2590.82
-677.565 44.8467 2860.39
-622.707 -1051.37 2991.03
-570.677 -99.6244 2705.83
-564.202 -139.188 2829.15
-608.708 -614.63 2890.5
-654.339 291.084 2737.35
-483.967 297.309 2714.16
-251.427 61.0778 2807.91
-291.831 -1017.08 2915.42
-380.899 -78.3873 2613.19
-344.808 -132.263 2799.78
-296.183 -588.921 2837.25
-313.596 303.534 2690.97
-469.236 80.7917 2764.31
FRAME: 291
-501.169 525.408 2597.66
-707.419 50.8874 2861.96
-625.972 -1053.07 2991.48
-576.477 -120.514 2692.61
-598.401 -134.128 2826.04
-620.695 -608.015 2890.17
-672.611 294.392 2732.29
-500.935 298.037 2715.95
-269.525 60.2993 2818.31
-297.829 -1014.79 2915.9
-371.782 -96.5118 2598.27
-366.346 -129.311 2804.02
-309.928 -587.901 2842.19
-329.259 301.682 2699.62
-491.654 83.1586 2765.49
FRAME: 292
-510.821 529.851 2608.18
-730.996 42.2296 2858.92
-626.783 -1053.91 2988.83
-617.311 -115.443 2726.17
-610.248 -129.693 2826.57
-630.168 -608.156 2887.8
-686.452 293.972 2732.22
-514.042 298.754 2718.89
-285.842 57.5563 2819.77
-297.527 -1015.1 2916.28
-389.949 -107.191 2630.23
-378.997 -123.295 2808.72
-320.542 -584.623 2844.19
-341.631 303.536 2705.57
-504.332 86.13 2768.27
FRAME: 293
-517.748 533.783 2614.75
-738.05 37.4876 2848.59
-625.956 -1050.11 2991.11
-612.224 -121.311 2733
-620.732 -126.517 2822.39
-636.492 -606.626 2885.42
-693.66 294.016 2730.88
-525.003 299.693 2722.32
-293.709 56.7101 2822.57
-308.749 -1012.85 2917.07
-395.903 -122.683 2634.21
-391.404 -118.772 2810.86
-329.754 -581.818 2848.22
-356.346 305.37 2713.76
-515.535 88.5243 2769.47
FRAME: 294
-526.211 536.8 2622.21
-752.721 22.7591 2838.59
-628.885 -1049 2989.81
-630.718 -136.942 2723.06
-630.57 -129.565 2821.95
-647.082 -605.317 2880.14
-702.388 290.154 2730.34
-537.6 298.042 2725.8
-307.446 55.4905 2825.03
-316.731 -1017.22 2907.43
-406.855 -134.832 2677.98
-399.045 -118.496 2815.72
-341.81 -578.533 2853.25
-372.812 305.931 2721.26
-526.204 87.0061 2772.32
FRAME: 295
-530.939 538.794 2626.81
-757.242 29.0898 2829
-630.187 -1047.8 2988.72
-625.808 -147.668 2710.28
-635.432 -130.159 2818.82
-652.224 -603.024 2877.2
-705.279 291.56 2728.06
-541.447 299.232 2727.82
-319.029 52.8374 2837.4
-324.083 -1022.98 2910.36
-393.895 -136.546 2663.31
-407.433 -119.446 2818.59
-350.391 -579.972 2856.6
-377.616 306.905 2727.59
-531.44 87.2148 2773.26
FRAME: 296
-536.026 542.397 2631.11
-768.191 27.8461 2810.97
-633.971 -1044.95 2985.79
-633.782 -144.014 2715.32
-644.961 -134.109 2815.07
-656.613 -601.965 2875.1
-709.196 293.378 2722.22
-547.522 300.59 2729.67
-336.285 50.9829 2854.84
-334.301 -1025.87 2933.14
-381.98 -156.324 2670.86
-420.066 -124.038 2825.51
-360.639 -583.944 2864.51
-385.848 307.803 2737.12
-540.018 85.7584 2774.98
FRAME: 297
-539.61 544.637 2635.01
-776.784 29.8945 2801.9
-639.398 -1036.33 2979.56
-620.484 -143.533 2708.03
-650.668 -140.69 2810.2
-661.691 -600.832 2867.46
-713.504 291.707 2716.54
-553.402 299.547 2730.67
-344.687 45.9967 2862.18
-344.812 -1029.57 2952.75
-430.881 -156.315 2694.24
-429.436 -129.848 2829.8
-366.37 -587.792 2871.28
-393.299 307.386 2744.8
-546.727 82.1389 2775.34
FRAME: 298
-540.886 546.379 2639.59
-779.846 27.4983 2793.63
-640.487 -1020.68 2971.16
-616.487 -163.156 2725.75
-651.835 -143.075 2812.52
-660.873 -598.769 2860.62
-715.087 291.416 2716.44
-558.229 300.051 2733.56
-350.778 49.2296 2861.33
-356.241 -1027.49 2965.08
-452.897 -160.802 2701.19
-436.335 -131.264 2835.96
-374.56 -588.096 2878.52
-401.371 308.686 2750.67
-551.157 81.4409 2778.9
FRAME: 299
-542.93 549.766 2646.79
-777.533 19.2004 2781.07
-641.88 -1022.05 2967.46
-603.075 -169.494 2729.97
-650.183 -142.143 2811.68
-662.895 -601.149 2854.42
-714.901 290.072 2713.26
-560.462 299.813 2734.37
-358.641 47.0362 2868.87
-362.351 -1025.11 2980.87
-446.783 -172.131 2713
-440.814 -128.914 2840.42
-377.939 -586.837 2883.26
-406.023 309.555 2755.48
-552.98 82.1424 2780.21
FRAME: 300
-545.285 552.274 2651.85
-779.917 14.0704 2776.48
-639.065 -1020.68 2965.9
-641.249 -185.733 2689.91
-647.596 -138.982 2812.22
-661.735 -599.469 2851.3
-719.2 287.735 2711.06
-565.732 299.759 2735.8
-366.183 46.9645 2869.51
-371.504 -1019.04 2997.54
-458.534 -166.226 2720.21
-446.324 -123.251 2844.65
-382.155 -582.6 2887.61
-412.264 311.782 2760.53
-556.346 84.3209 2782.11
FRAME: 301
-546.762 553.331 2655.1
-781.36 16.1395 2771.18
-636.42 -1028.14 2965.6
-639.672 -183.326 2619.79
-646.274 -139.374 2811.29
-659.98 -603.868 2852.97
-719.788 287.433 2709.47
-567.99 300.577 2736
-368.037 48.0845 2872.49
-382.948 -1012.29 3001.09
-467.499 -170.614 2695.99
-447.454 -122.196 2846.04
-386.491 -578.604 2891.41
-416.192 313.721 2762.53
-557.427 84.896 2782.33
FRAME: 302
-546.232 554.511 2660.46
-780.535 6.07863 2755.05
-631.599 -1033.16 2959.38
-670.951 -235.181 2528.22
-647.039 -139.286 2809.06
-657.012 -606.701 2849.02
-720.24 286.134 2708.95
-571.104 300.637 2737.99
-375.121 48.5555 2879.34
-430.506 -984.167 3023.57
-477.041 -128.385 2688.34
-446.749 -119.828 2848.07
-402.454 -570.146 2904.28
-421.967 315.14 2767.03
-558.999 85.5402 2783.28
FRAME: 303
-546.099 556.661 2667.31
-777.652 0.208328 2742.55
-631.777 -1036.66 2955.42
-667.714 -213.989 2475.14
-648.846 -135.888 2809.84
-654.227 -607.316 2846.04
-720.62 285.815 2709.95
-573.476 300.599 2741.04
-376.489 45.4494 2881.44
-459.544 -959.269 3038.25
-496.961 -141.132 2624.54
-450.281 -115.916 2851.81
-416.855 -559.137 2913.88
-426.332 315.384 2772.13
-561.52 87.3487 2785.93
FRAME: 304
-544.619 559.197 2678.39
-761.837 2.38804 2720.94
-631.627 -1029.25 2955.81
-640.643 -124.269 2393.63
-647.303 -133.178 2809.06
-651.805 -604.701 2845.4
-719.967 286.213 2710.54
-574.004 301.414 2745.04
-381.727 43.6469 2887.71
-487.291 -940.672 3046.84
-466.359 -127.716 2614.57
-453.321 -112.963 2854.9
-438.327 -539.281 2921.67
-428.04 316.616 2779.54
-562.158 89.1719 2788.51
FRAME: 305
-542.039 561.537 2686.68
-759.524 5.55872 2716.92
-635.497 -1023.29 2957.32
-601.168 -71.7099 2354.61
-641.948 -138.672 2807.81
-648.605 -607.108 2847.39
-716.226 286.807 2711.06
-572.845 302.796 2751.68
-385.849 49.4873 2901.2
-513.373 -947.273 3050.09
-492.725 -119.574 2621.22
-454.347 -117.806 2860.88
-460.588 -550.894 2940.77
-429.464 318.784 2792.3
-560.496 87.2783 2793.02
FRAME: 306
-538.982 564.522 2696.31
-755.703 11.9066 2728.21
-635.99 -1028.77 2960.38
-562.354 -61.7136 2607.24
-640.262 -139.078 2809.51
-645.933 -611.755 2851.09
-713.945 288.226 2715.12
-570.643 303.104 2758.05
-388.661 45.9183 2906.74
-522.847 -952.028 3062.02
-502.176 -107.661 2583.36
-458.288 -120.236 2863.96
-472.577 -558.858 2949.69
-427.342 317.982 2800.97
-559.959 86.7234 2797.39
FRAME: 307
-535.496 567.113 2708.89
-757.789 16.1352 2741.69
-615.943 -1016.91 2971.31
-540.344 -58.0431 2553.05
-633.381 -145.675 2816.76
-639.355 -614.854 2852.07
-709.061 290.912 2720.95
-568.011 306.036 2766.53
-396.473 58.0131 2919.81
-542.298 -966.358 3070.6
-476.293 -116.265 2597.05
-458.624 -126.944 2873.29
-479.075 -572.682 2959.18
-426.96 321.16 2812.11
-557.007 84.8633 2805.78
FRAME: 308
-529.276 568.334 2719.29
-678.078 65.8836 2687.38
-614.897 -1014.88 2973.9
-505.477 -3.17326 2451.29
-634.795 -143.78 2823.26
-640.89 -611.648 2857.74
-695.608 297.067 2724.51
-561.14 309.266 2778.33
-398.536 59.3075 2935.83
-548.234 -966.053 3072.32
-482.519 -98.9292 2591.84
-469.154 -128.738 2889.43
-486.923 -585.459 2962.39
-426.672 321.466 2832.15
-556.557 86.5036 2817.34

