FRAME: 0
0 0 0
0 0 0
0 0 0
0 0 0
0 0 0
0 0 0
0 0 0
0 0 0
0 0 0
0 0 0
0 0 0
0 0 0
0 0 0
0 0 0
0 0 0
FRAME: 1
0 0 0
0 0 0
0 0 0
0 0 0
0 0 0
0 0 0
0 0 0
0 0 0
0 0 0
0 0 0
0 0 0
0 0 0
0 0 0
0 0 0
0 0 0
FRAME: 2
0 0 0
0 0 0
0 0 0
0 0 0
0 0 0
0 0 0
0 0 0
0 0 0
0 0 0
0 0 0
0 0 0
0 0 0
0 0 0
0 0 0
0 0 0
FRAME: 3
0 0 0
0 0 0
0 0 0
0 0 0
0 0 0
0 0 0
0 0 0
0 0 0
0 0 0
0 0 0
0 0 0
0 0 0
0 0 0
0 0 0
0 0 0
FRAME: 4
0 0 0
0 0 0
0 0 0
0 0 0
0 0 0
0 0 0
0 0 0
0 0 0
0 0 0
0 0 0
0 0 0
0 0 0
0 0 0
0 0 0
0 0 0
FRAME: 5
0 0 0
0 0 0
0 0 0
0 0 0
0 0 0
0 0 0
0 0 0
0 0 0
0 0 0
0 0 0
0 0 0
0 0 0
0 0 0
0 0 0
0 0 0
FRAME: 6
0 0 0
0 0 0
0 0 0
0 0 0
0 0 0
0 0 0
0 0 0
0 0 0
0 0 0
0 0 0
0 0 0
0 0 0
0 0 0
0 0 0
0 0 0
FRAME: 7
0 0 0
0 0 0
0 0 0
0 0 0
0 0 0
0 0 0
0 0 0
0 0 0
0 0 0
0 0 0
0 0 0
0 0 0
0 0 0
0 0 0
0 0 0
FRAME: 8
0 0 0
0 0 0
0 0 0
0 0 0
0 0 0
0 0 0
0 0 0
0 0 0
0 0 0
0 0 0
0 0 0
0 0 0
0 0 0
0 0 0
0 0 0
FRAME: 9
0 0 0
0 0 0
0 0 0
0 0 0
0 0 0
0 0 0
0 0 0
0 0 0
0 0 0
0 0 0
0 0 0
0 0 0
0 0 0
0 0 0
0 0 0
FRAME: 10
0 0 0
0 0 0
0 0 0
0 0 0
0 0 0
0 0 0
0 0 0
0 0 0
0 0 0
0 0 0
0 0 0
0 0 0
0 0 0
0 0 0
0 0 0
FRAME: 11
0 0 0
0 0 0
0 0 0
0 0 0
0 0 0
0 0 0
0 0 0
0 0 0
0 0 0
0 0 0
0 0 0
0 0 0
0 0 0
0 0 0
0 0 0
FRAME: 12
0 0 0
0 0 0
0 0 0
0 0 0
0 0 0
0 0 0
0 0 0
0 0 0
0 0 0
0 0 0
0 0 0
0 0 0
0 0 0
0 0 0
0 0 0
FRAME: 13
0 0 0
0 0 0
0 0 0
0 0 0
0 0 0
0 0 0
0 0 0
0 0 0
0 0 0
0 0 0
0 0 0
0 0 0
0 0 0
0 0 0
0 0 0
FRAME: 14
0 0 0
0 0 0
0 0 0
0 0 0
0 0 0
0 0 0
0 0 0
0 0 0
0 0 0
0 0 0
0 0 0
0 0 0
0 0 0
0 0 0
0 0 0
FRAME: 15
0 0 0
0 0 0
0 0 0
0 0 0
0 0 0
0 0 0
0 0 0
0 0 0
0 0 0
0 0 0
0 0 0
0 0 0
0 0 0
0 0 0
0 0 0
FRAME: 16
0 0 0
0 0 0
0 0 0
0 0 0
0 0 0
0 0 0
0 0 0
0 0 0
0 0 0
0 0 0
0 0 0
0 0 0
0 0 0
0 0 0
0 0 0
FRAME: 17
0 0 0
0 0 0
0 0 0
0 0 0
0 0 0
0 0 0
0 0 0
0 0 0
0 0 0
0 0 0
0 0 0
0 0 0
0 0 0
0 0 0
0 0 0
FRAME: 18
0 0 0
0 0 0
0 0 0
0 0 0
0 0 0
0 0 0
0 0 0
0 0 0
0 0 0
0 0 0
0 0 0
0 0 0
0 0 0
0 0 0
0 0 0
FRAME: 19
0 0 0
0 0 0
0 0 0
0 0 0
0 0 0
0 0 0
0 0 0
0 0 0
0 0 0
0 0 0
0 0 0
0 0 0
0 0 0
0 0 0
0 0 0
FRAME: 20
0 0 0
0 0 0
0 0 0
0 0 0
0 0 0
0 0 0
0 0 0
0 0 0
0 0 0
0 0 0
0 0 0
0 0 0
0 0 0
0 0 0
0 0 0
FRAME: 21
0 0 0
0 0 0
0 0 0
0 0 0
0 0 0
0 0 0
0 0 0
0 0 0
0 0 0
0 0 0
0 0 0
0 0 0
0 0 0
0 0 0
0 0 0
FRAME: 22
0 0 0
0 0 0
0 0 0
0 0 0
0 0 0
0 0 0
0 0 0
0 0 0
0 0 0
0 0 0
0 0 0
0 0 0
0 0 0
0 0 0
0 0 0
FRAME: 23
0 0 0
0 0 0
0 0 0
0 0 0
0 0 0
0 0 0
0 0 0
0 0 0
0 0 0
0 0 0
0 0 0
0 0 0
0 0 0
0 0 0
0 0 0
FRAME: 24
0 0 0
0 0 0
0 0 0
0 0 0
0 0 0
0 0 0
0 0 0
0 0 0
0 0 0
0 0 0
0 0 0
0 0 0
0 0 0
0 0 0
0 0 0
FRAME: 25
0 0 0
0 0 0
0 0 0
0 0 0
0 0 0
0 0 0
0 0 0
0 0 0
0 0 0
0 0 0
0 0 0
0 0 0
0 0 0
0 0 0
0 0 0
FRAME: 26
0 0 0
0 0 0
0 0 0
0 0 0
0 0 0
0 0 0
0 0 0
0 0 0
0 0 0
0 0 0
0 0 0
0 0 0
0 0 0
0 0 0
0 0 0
FRAME: 27
0 0 0
0 0 0
0 0 0
0 0 0
0 0 0
0 0 0
0 0 0
0 0 0
0 0 0
0 0 0
0 0 0
0 0 0
0 0 0
0 0 0
0 0 0
FRAME: 28
0 0 0
0 0 0
0 0 0
0 0 0
0 0 0
0 0 0
0 0 0
0 0 0
0 0 0
0 0 0
0 0 0
0 0 0
0 0 0
0 0 0
0 0 0
FRAME: 29
0 0 0
0 0 0
0 0 0
0 0 0
0 0 0
0 0 0
0 0 0
0 0 0
0 0 0
0 0 0
0 0 0
0 0 0
0 0 0
0 0 0
0 0 0
FRAME: 30
0 0 0
0 0 0
0 0 0
0 0 0
0 0 0
0 0 0
0 0 0
0 0 0
0 0 0
0 0 0
0 0 0
0 0 0
0 0 0
0 0 0
0 0 0
FRAME: 31
0 0 0
0 0 0
0 0 0
0 0 0
0 0 0
0 0 0
0 0 0
0 0 0
0 0 0
0 0 0
0 0 0
0 0 0
0 0 0
0 0 0
0 0 0
FRAME: 32
0 0 0
0 0 0
0 0 0
0 0 0
0 0 0
0 0 0
0 0 0
0 0 0
0 0 0
0 0 0
0 0 0
0 0 0
0 0 0
0 0 0
0 0 0
FRAME: 33
0 0 0
0 0 0
0 0 0
0 0 0
0 0 0
0 0 0
0 0 0
0 0 0
0 0 0
0 0 0
0 0 0
0 0 0
0 0 0
0 0 0
0 0 0
FRAME: 34
0 0 0
0 0 0
0 0 0
0 0 0
0 0 0
0 0 0
0 0 0
0 0 0
0 0 0
0 0 0
0 0 0
0 0 0
0 0 0
0 0 0
0 0 0
FRAME: 35
0 0 0
0 0 0
0 0 0
0 0 0
0 0 0
0 0 0
0 0 0
0 0 0
0 0 0
0 0 0
0 0 0
0 0 0
0 0 0
0 0 0
0 0 0
FRAME: 36
0 0 0
0 0 0
0 0 0
0 0 0
0 0 0
0 0 0
0 0 0
0 0 0
0 0 0
0 0 0
0 0 0
0 0 0
0 0 0
0 0 0
0 0 0
FRAME: 37
0 0 0
0 0 0
0 0 0
0 0 0
0 0 0
0 0 0
0 0 0
0 0 0
0 0 0
0 0 0
0 0 0
0 0 0
0 0 0
0 0 0
0 0 0
FRAME: 38
0 0 0
0 0 0
0 0 0
0 0 0
0 0 0
0 0 0
0 0 0
0 0 0
0 0 0
0 0 0
0 0 0
0 0 0
0 0 0
0 0 0
0 0 0
FRAME: 39
0 0 0
0 0 0
0 0 0
0 0 0
0 0 0
0 0 0
0 0 0
0 0 0
0 0 0
0 0 0
0 0 0
0 0 0
0 0 0
0 0 0
0 0 0
FRAME: 40
0 0 0
0 0 0
0 0 0
0 0 0
0 0 0
0 0 0
0 0 0
0 0 0
0 0 0
0 0 0
0 0 0
0 0 0
0 0 0
0 0 0
0 0 0
FRAME: 41
0 0 0
0 0 0
0 0 0
0 0 0
0 0 0
0 0 0
0 0 0
0 0 0
0 0 0
0 0 0
0 0 0
0 0 0
0 0 0
0 0 0
0 0 0
FRAME: 42
0 0 0
0 0 0
0 0 0
0 0 0
0 0 0
0 0 0
0 0 0
0 0 0
0 0 0
0 0 0
0 0 0
0 0 0
0 0 0
0 0 0
0 0 0
FRAME: 43
0 0 0
0 0 0
0 0 0
0 0 0
0 0 0
0 0 0
0 0 0
0 0 0
0 0 0
0 0 0
0 0 0
0 0 0
0 0 0
0 0 0
0 0 0
FRAME: 44
0 0 0
0 0 0
0 0 0
0 0 0
0 0 0
0 0 0
0 0 0
0 0 0
0 0 0
0 0 0
0 0 0
0 0 0
0 0 0
0 0 0
0 0 0
FRAME: 45
0 0 0
0 0 0
0 0 0
0 0 0
0 0 0
0 0 0
0 0 0
0 0 0
0 0 0
0 0 0
0 0 0
0 0 0
0 0 0
0 0 0
0 0 0
FRAME: 46
0 0 0
0 0 0
0 0 0
0 0 0
0 0 0
0 0 0
0 0 0
0 0 0
0 0 0
0 0 0
0 0 0
0 0 0
0 0 0
0 0 0
0 0 0
FRAME: 47
0 0 0
0 0 0
0 0 0
0 0 0
0 0 0
0 0 0
0 0 0
0 0 0
0 0 0
0 0 0
0 0 0
0 0 0
0 0 0
0 0 0
0 0 0
FRAME: 48
0 0 0
0 0 0
0 0 0
0 0 0
0 0 0
0 0 0
0 0 0
0 0 0
0 0 0
0 0 0
0 0 0
0 0 0
0 0 0
0 0 0
0 0 0
FRAME: 49
0 0 0
0 0 0
0 0 0
0 0 0
0 0 0
0 0 0
0 0 0
0 0 0
0 0 0
0 0 0
0 0 0
0 0 0
0 0 0
0 0 0
0 0 0
FRAME: 50
0 0 0
0 0 0
0 0 0
0 0 0
0 0 0
0 0 0
0 0 0
0 0 0
0 0 0
0 0 0
0 0 0
0 0 0
0 0 0
0 0 0
0 0 0
FRAME: 51
0 0 0
0 0 0
0 0 0
0 0 0
0 0 0
0 0 0
0 0 0
0 0 0
0 0 0
0 0 0
0 0 0
0 0 0
0 0 0
0 0 0
0 0 0
FRAME: 52
0 0 0
0 0 0
0 0 0
0 0 0
0 0 0
0 0 0
0 0 0
0 0 0
0 0 0
0 0 0
0 0 0
0 0 0
0 0 0
0 0 0
0 0 0
FRAME: 53
0 0 0
0 0 0
0 0 0
0 0 0
0 0 0
0 0 0
0 0 0
0 0 0
0 0 0
0 0 0
0 0 0
0 0 0
0 0 0
0 0 0
0 0 0
FRAME: 54
0 0 0
0 0 0
0 0 0
0 0 0
0 0 0
0 0 0
0 0 0
0 0 0
0 0 0
0 0 0
0 0 0
0 0 0
0 0 0
0 0 0
0 0 0
FRAME: 55
0 0 0
0 0 0
0 0 0
0 0 0
0 0 0
0 0 0
0 0 0
0 0 0
0 0 0
0 0 0
0 0 0
0 0 0
0 0 0
0 0 0
0 0 0
FRAME: 56
0 0 0
0 0 0
0 0 0
0 0 0
0 0 0
0 0 0
0 0 0
0 0 0
0 0 0
0 0 0
0 0 0
0 0 0
0 0 0
0 0 0
0 0 0
FRAME: 57
0 0 0
0 0 0
0 0 0
0 0 0
0 0 0
0 0 0
0 0 0
0 0 0
0 0 0
0 0 0
0 0 0
0 0 0
0 0 0
0 0 0
0 0 0
FRAME: 58
0 0 0
0 0 0
0 0 0
0 0 0
0 0 0
0 0 0
0 0 0
0 0 0
0 0 0
0 0 0
0 0 0
0 0 0
0 0 0
0 0 0
0 0 0
FRAME: 59
0 0 0
0 0 0
0 0 0
0 0 0
0 0 0
0 0 0
0 0 0
0 0 0
0 0 0
0 0 0
0 0 0
0 0 0
0 0 0
0 0 0
0 0 0
FRAME: 60
494.345 373.161 2158.99
437.345 276.631 1842.39
254.276 -878.948 2550.54
459.835 606.631 1921.2
232.066 -188.524 2212.01
183.225 -563.491 2278.98
382.025 156.858 2087.57
393.141 170.67 2114.83
495.581 343.865 2127.81
367.138 -879.806 2491.51
413.066 555.336 1918.86
318.323 -81.3474 2423.54
267.554 -535.509 2261.69
404.258 184.483 2142.09
334.168 17.8673 2216.3
FRAME: 61
457.388 390.666 2127.17
424.666 260.139 1873.27
310.88 -842.338 2562.13
453.665 575.095 1928.87
259.879 -143.299 2229.58
183.359 -549.738 2293.9
374.286 190.966 2130.83
392.337 191.219 2153.2
494.276 253.626 2079.75
339.691 -880.215 2473.6
493.877 442.064 2099.62
289.569 -126.354 2281.89
235.739 -557.155 2273.35
410.389 191.471 2175.56
333.531 28.1962 2204.47
FRAME: 62
482.115 368.967 2053.68
394.232 291.362 2018.68
283.335 -830.121 2680.79
380.849 374.67 1990.37
252.05 -95.4605 2244.55
184.049 -530.22 2330.97
305.547 181.457 2217.5
368.137 196.687 2175.66
497.716 278.523 1986.32
339.013 -824.471 2442.07
466.216 476.681 1938.46
306.718 -97.6063 2225.47
258.046 -518.939 2266.37
430.728 211.917 2133.81
323.761 50.0767 2205.33
FRAME: 63
382.67 500.898 2198.1
316.823 360.104 2384.15
257.859 -787.833 2756.29
324.506 387.343 2222.53
230.769 -66.6589 2280.67
210.749 -513.968 2334.16
304.993 307.083 2249.22
358.002 289.051 2228.46
504.339 247.874 2057.24
341.502 -841.607 2440.43
437.305 442.957 1994.07
307.377 -92.5286 2272.76
284.553 -520.711 2267.04
411.011 271.019 2207.69
313.538 104.729 2252.59
FRAME: 64
403.409 518.178 2146.63
332.183 347.67 2256.55
228.043 -799.637 2742.2
412.96 505.844 2105.08
218.443 -36.7029 2320.35
156.099 -477.838 2396.68
298.711 367.384 2281.89
352.543 354.873 2231.28
471.2 203.647 1945.07
346.23 -811.145 2468.13
398.588 489.508 1755.76
333.088 -65.3131 2210.73
327.379 -443.192 2244.54
406.376 342.362 2180.68
314.154 151.932 2248.41
FRAME: 65
429.065 519.031 2089.78
356.238 255.836 2129.11
236.264 -770.457 2743.94
311.862 221.793 2161
289.466 31.3805 2218.76
242.901 -397.287 2216.78
332.42 330.675 2155.07
361.42 352.179 2123.49
449.616 247.13 1912.9
292.172 -735.867 2561.36
400.232 519.732 1752.23
352.468 35.8273 2157.47
324.842 -415.135 2278.29
390.419 373.683 2091.91
341.193 192.891 2155.8
FRAME: 66
417.313 522.688 2083.43
324.221 288.161 2211.13
218.237 -721.396 2678.46
315.997 399.089 2141.17
244.208 28.4901 2258.68
197.88 -387.027 2341.64
300.772 367.997 2208.17
352.77 350.988 2162.82
456.544 181.566 1890.02
335.404 -802.508 2499.29
381.71 386.156 1727.37
341.973 -2.93902 2174.71
333.27 -440.301 2277.99
404.768 333.98 2117.47
322.93 181.882 2189.76
FRAME: 67
436.276 494.438 2044.08
326.041 287.092 2160.84
187.384 -731.865 2747.41
298.149 346.115 2052.54
262.369 -13.8725 2229.74
191.339 -390.712 2353.9
317.778 344.97 2188.7
349.438 343.202 2161.83
432.881 183.629 1903.56
353.198 -810.239 2463.16
330.981 330.152 1730.19
337.152 -22.6065 2160.32
337.379 -449.774 2285.32
381.098 341.433 2134.95
324.599 162.481 2178.43
FRAME: 68
399.546 491.297 2082.15
278.896 387.302 2147.83
168.996 -762.116 2686.36
307.412 397.674 1945.42
234.904 -46.9816 2299.15
153.733 -433.937 2445.61
315.002 349.017 2260.36
352.44 339.389 2228.55
443.198 124.393 1947.14
352.572 -890.403 2452.46
303.667 256.523 1704.17
326.22 -71.1148 2219.91
324.797 -501.032 2282.05
389.877 329.76 2196.74
316.501 140.17 2244.04
FRAME: 69
538.325 378.128 1957.53
295.77 262.039 2084.39
138.83 -702.163 2743.1
274.792 202.604 1966.22
231.245 -30.3506 2161.48
147.017 -379.523 2376.23
299.089 318.723 2082.23
341.705 316.894 2080.16
404.789 165.367 1852.26
360.094 -784.51 2452.66
354.522 161.282 1752.82
342.379 -35.7563 2143.3
361.901 -410.106 2225.93
384.32 315.066 2078.1
314.258 141.92 2116.28
FRAME: 70
545.387 356.318 1953.65
281.77 309.034 2005.74
117.312 -719.704 2728.59
176.58 372.049 1865.91
247.847 -41.5298 2190.57
137.872 -397.014 2391.16
306.788 278.809 2023.41
348.125 277.335 2027.56
357.984 222.09 1891.19
363.374 -815.09 2434.2
311.243 220.052 1799.64
344.08 -52.611 2183.26
361.219 -468.253 2273.17
389.461 275.86 2031.71
322.044 115.132 2107.24
FRAME: 71
547.017 340.16 1946.34
212.047 325.048 1945.94
93.6852 -738.067 2733.04
37.1492 319.432 1870.03
254.024 -46.5611 2191.04
150.087 -417.103 2371.39
303.413 264.825 2058.71
334.411 261.8 2041.13
324.474 227.691 1888.9
357.596 -824.821 2422.84
280.927 188.707 1746.73
347.539 -55.0696 2163.66
357.043 -473.064 2261.49
365.409 258.775 2023.54
317.596 105.492 2109.24
FRAME: 72
548.944 317.211 1917.04
158.308 265.758 1970.76
96.7002 -750.898 2732.65
-101.409 296.927 1891.27
247.991 -72.3201 2220.77
151.242 -425.57 2357.49
306.674 246.827 2042.39
333.572 243.18 2017.57
254.958 195.812 1873.27
354.143 -838.931 2450.26
189.027 211.351 1780.27
364.076 -93.51 2080.85
358.062 -485.775 2259.57
360.471 239.534 1992.75
319.803 80.1327 2084.19
FRAME: 73
547.885 304.554 1902.95
133.369 260.187 1994.55
103.398 -764.632 2723.5
-95.0952 278.952 1919.45
230.501 -84.0362 2244.36
143.864 -455.015 2370.81
304.413 251.028 2047.71
328.032 242.875 2023.32
263.037 152.213 1904
355.401 -850.279 2488.7
51.6871 143.111 1784.76
366.388 -139.824 2085
356.348 -520.583 2281.55
351.651 234.722 1998.92
313.238 65.4724 2094
FRAME: 74
545.914 302.968 1883.52
106.653 272.258 2007.6
104.389 -771.999 2681.86
-172.844 293.978 1928.07
207.744 -85.3232 2243.39
134.641 -446.006 2353.35
289.216 229.886 2031.11
328.853 210.623 2004.86
287.071 114.383 1886.23
362.148 -876.009 2510.11
76.2517 130.819 1825.61
368.046 -169.671 2098.4
361.544 -545.513 2291.89
368.491 191.36 1978.62
308.374 41.5629 2087.88
FRAME: 75
539.429 305.577 1859.13
77.0203 230.252 2064.68
130.569 -775.066 2664.96
-73.0745 94.5211 2100.54
210.975 -64.6863 2232.15
161.602 -442.028 2336.15
288.842 233.831 1994.4
305.109 222.899 1971.29
163.986 189.539 1861.88
346.319 -852.431 2486.09
-126.659 253.221 1795.3
358.363 -163.279 2023.07
350.032 -540.183 2277.75
321.376 211.967 1948.19
294.889 54.458 2049.45
FRAME: 76
530.182 312.566 1857.55
-1.39725 206.013 2067.7
138.923 -800.16 2537.52
-283.953 71.6644 2040.58
185.095 -88.8723 2221.15
147.983 -458.488 2288.39
245.288 242.566 1998.77
292.451 226.03 1974.31
270.981 92.3917 1900.06
365.787 -871.816 2449.94
-43.4397 151.283 1855.01
388.602 -160.66 2069.74
362.638 -542.144 2272.14
339.614 209.495 1949.84
289.65 50.6321 2059.88
FRAME: 77
470.184 316.292 1901.56
-42.527 221.895 2037.84
144.164 -847.476 2474.5
-330.036 -0.389414 2009.96
188.612 -89.8653 2198.72
149.085 -488.573 2282.82
242.008 233.71 1992.78
297.92 212.636 1963.82
342.622 40.7069 1924.59
367.817 -861.722 2452.9
32.2984 80.5832 1857.19
376.745 -160.041 2063.96
367.233 -539.785 2255.15
353.833 191.563 1934.86
290.299 43.8415 2047.58
FRAME: 78
441.383 321.812 1866.35
-33.8027 178.816 2063
169.145 -894.618 2258.48
-264.377 -60.4032 2072.34
183.726 -103.403 2162.93
152.73 -511.45 2190.74
223.497 229.611 1988.1
283.636 211.68 1961.86
317.886 36.6062 1926.17
363.636 -861.595 2457.48
159.142 -88.9336 1798.13
366.118 -150.404 2068.47
374.827 -550.907 2213.49
343.775 193.749 1935.61
279.279 42.3884 2038.78
FRAME: 79
464.006 331.21 1817.38
-29.1261 147.34 2060.73
187.482 -935.115 2212.79
-245.05 -80.5743 2092.14
191.971 -118.158 2137.75
153.279 -557.041 2151.29
225.969 222.128 1976.7
284.286 208.237 1956.73
444.226 -43.7293 1919.89
357.243 -851.583 2428.17
271.115 -219.583 1774.25
351.982 -152.267 2073.46
375.335 -563.566 2158.79
342.604 194.346 1936.75
278.132 36.5121 2031.17
FRAME: 80
436.628 321.463 1765.14
-21.3811 89.5837 2087.41
88.3971 -885.673 2146.92
-264.635 -91.6712 2116.52
198.479 -133.907 2126.01
161.21 -566.683 2113.71
205.35 200.772 1978.56
265.176 190.028 1955.83
403.24 -58.3476 1898.16
360.389 -839.733 2449.57
207.526 -236.872 1750.66
351.116 -157.062 2057.83
379.714 -577.997 2153.86
325.002 179.283 1933.09
269.987 22.2717 2023.87
FRAME: 81
422.765 320.142 1770.72
-29.4753 35.1544 2099.64
94.1938 -911.21 2112.4
-227.961 -201.94 2132.99
192.063 -172.444 2108.61
159.712 -604.373 2097.06
182.974 174.271 1983.18
238.387 169.735 1966.69
414.08 -56.6351 1900.3
356.03 -874.882 2351
224.411 -268.971 1762.07
340.531 -179.636 2060.97
371.771 -589.902 2133.34
293.799 165.2 1950.2
252.342 -3.15241 2025.74
FRAME: 82
401.258 314.198 1771.18
-18.8162 6.28292 2092.77
110.472 -913.565 2123.06
-214.724 -252.496 2140.39
189.049 -207.988 2084.91
167.865 -615.165 2114.37
179.227 152.232 1975.21
244.493 148.367 1957.76
446.106 -69.5711 1896.02
370.755 -953.723 2292.64
209.715 -285.354 1793.07
330.755 -214.057 2047.26
367.909 -629.06 2111.15
309.759 144.502 1940.32
252.198 -31.3277 2011.92
FRAME: 83
376.184 314.225 1765.06
14.1625 -42.729 2105.48
91.2661 -913.302 2125.82
-140.651 -386.112 2115.55
189.765 -227.078 2077.07
173.013 -626.335 2108.77
172.234 136.263 1974.03
232.858 136.196 1957.05
478.268 -102.163 1884
344.843 -977.752 2185.65
206.941 -313.872 1821.37
333.355 -226.774 2036.88
373.077 -653.994 2091.83
293.481 136.129 1940.07
247.209 -45.3648 2007.01
FRAME: 84
358.797 318.767 1766.65
41.2606 -54.7599 2101.52
127.93 -934.368 2151.63
-93.7362 -340.714 2131.27
191.239 -221.023 2072.22
172.32 -638.775 2099.98
177.1 140.418 1966.11
253.246 131.94 1940.49
479.845 -111.535 1869.23
356.145 -981.213 2204.32
209.303 -319.127 1840.83
334.737 -231.611 2026.05
360.734 -659.714 2066.98
329.391 123.461 1914.87
258.117 -47.1888 1994.81
FRAME: 85
345.374 330.334 1764.64
56.9732 -61.2261 2096.42
113.587 -928.583 2150.91
-69.1607 -381.028 2109
193.589 -214.84 2057.61
172.767 -633.875 2091.95
174.651 141.467 1959.62
259.063 132.243 1928.06
478.63 -114.996 1856.19
363.034 -982.202 2195.92
228.615 -318.221 1858.63
347.455 -226.611 2003.01
369.793 -651.441 2055.39
343.475 123.018 1896.5
264.792 -44.2412 1979.19
FRAME: 86
335.828 342.317 1777.11
59.4622 -56.2328 2080.79
224.204 -1006.09 2183.1
-38.0724 -371.492 2092.88
199.313 -210.929 2056.1
154.412 -623.971 2073.4
176.855 152.591 1954.25
264.188 141.079 1915.43
478.697 -123.006 1869.56
338.399 -989.83 2167.85
250.201 -329.106 1875.12
345.566 -226.086 1993.38
352.588 -626.054 1994.75
351.521 129.567 1876.61
268.314 -38.7145 1970.09
FRAME: 87
328.971 354.288 1776.84
77.8835 -59.1707 2087.51
150.543 -957.61 2165.42
-7.16014 -385.46 2071.28
192.831 -204.118 2056.97
160.792 -637.45 2070.42
175.844 155.204 1953.96
275.909 138.338 1906.43
475.246 -113.866 1859.42
352.832 -992.307 2174.17
275.674 -309.445 1864.43
352.13 -229.676 1981.33
364 -634.034 2010.96
375.974 121.473 1858.91
274.195 -39.2795 1962.79
FRAME: 88
320.531 368.232 1787.8
92.8657 -60.2938 2089.94
146.303 -979.665 2163.8
20.098 -441.765 1994.33
196.578 -202.488 2049.73
164.585 -642.522 2076.78
173.933 157.208 1955.04
278.144 141.497 1905.9
475.466 -110.02 1867.46
353.692 -1000.81 2169.26
303.538 -300.15 1849.28
355.745 -225.745 1975.03
368.123 -638.18 2006.4
382.355 125.787 1856.77
277.152 -36.3097 1959.14
FRAME: 89
316.037 379.927 1807.56
99.1887 -68.422 2091.42
165.82 -988.396 2173.46
41.2918 -388.716 2009.33
201.211 -205.83 2049.82
173.402 -645.641 2085.17
166.435 163.52 1966.09
278.879 148.381 1910.92
477.015 -106.388 1879.43
355.496 -1016.13 2162.86
327.937 -279.145 1862.57
357.482 -226.897 1973.07
367.506 -641.997 2005.08
391.322 133.243 1855.76
279.113 -33.991 1961.18
FRAME: 90
314.091 385.08 1822
107.48 -70.0251 2093.44
196.558 -994.344 2197.4
62.7272 -374.942 1992.08
210.143 -201.559 2045.64
183.27 -632.677 2091.39
165.439 162.173 1970.9
281.464 150.375 1918.71
476.795 -107.843 1892.18
360.371 -997.64 2180.23
335.788 -318.221 1873.22
363.021 -217.101 1976.91
366.601 -643.306 2008.73
397.489 138.576 1866.52
284.023 -29.4779 1964.99
FRAME: 91
312.443 389.868 1832.2
112.881 -64.81 2108.25
171.24 -996.114 2189.5
73.8068 -428.818 1910.34
211.3 -198.777 2054.59
183.349 -631.763 2096.16
164.304 168.827 1985.11
281.227 157.605 1933.07
480.061 -100.847 1904.15
356.521 -1000.75 2164.31
329.529 -337.377 1885.25
361.567 -212.963 1988.32
369.663 -627.245 2022.36
398.15 146.384 1881.04
283.83 -24.1321 1977.27
FRAME: 92
312.037 392.604 1845.88
125.745 -59.0447 2131.45
174.846 -982.151 2198.41
79.6342 -386.757 1920.63
213.96 -196.304 2063.13
175.152 -620.991 2099.09
166.703 172.846 1999.14
284.234 161.82 1947.78
482.077 -97.5847 1911.04
351.914 -989.349 2170.37
319.516 -354.923 1891.78
360.618 -209.742 1999.68
382.549 -618.408 2030.06
401.764 150.794 1896.42
285.762 -20.6015 1989.59
FRAME: 93
317.255 395.108 1865.93
144.631 -46.8189 2156.75
183.182 -992.388 2201.71
96.777 -327.017 1974.46
221.899 -189.284 2078.3
184.519 -611.26 2119.81
176.538 180.66 2016.06
294.233 166.769 1962.13
484.283 -97.2231 1919.82
354.921 -967.434 2194.83
314.096 -348.568 1881.2
358.965 -205.308 2015.61
382.913 -609.842 2046.4
411.929 152.878 1908.2
292.333 -15.2633 2004.54
FRAME: 94
321.041 395.023 1879.16
156.644 -39.8049 2176.69
223.349 -988.459 2242.45
105.997 -304.166 1986.88
236.647 -184.835 2101.42
198.749 -613.106 2148.2
192.186 187.935 2043.21
305.11 171.241 1979.76
485.086 -101.227 1926.62
359.242 -915.364 2239.52
291.802 -347.166 1877.57
363.59 -203.654 2029.88
382.69 -609.975 2065.94
418.034 154.547 1916.31
302.614 -11.5019 2022.7
FRAME: 95
325.075 396.55 1896.04
174.4 -24.5099 2198.12
244.687 -958.664 2261.29
129.434 -290.571 1974.22
242.419 -185.439 2120.9
198.561 -616.991 2176.75
201.207 188.269 2056.47
309.236 171.967 1993.43
486.564 -100.758 1933.5
362.354 -880.811 2248.1
283.102 -354.106 1878.92
371.446 -204.89 2045.56
372.295 -611.43 2070.05
417.265 155.665 1930.39
308.084 -11.5989 2038.33
FRAME: 96
330.372 394.245 1904.17
188.818 -28.1021 2220.05
210.454 -926.157 2252.27
147.136 -283.198 2008.96
249.339 -183.892 2164.65
208.817 -612.821 2154.86
215.144 191.707 2072.7
314.726 168.635 1999.92
476.259 -112.073 1931.68
377.094 -855.838 2344.83
255.253 -341.825 1882.59
382.633 -215.082 2066.66
388.632 -633.168 2119.53
414.307 145.562 1927.14
315.356 -15.4262 2057.79
FRAME: 97
335.208 395.336 1919.72
197.882 -19.6157 2233.92
233.6 -933.524 2277.82
152.698 -268.857 1987.63
268.446 -169.502 2196.3
202.377 -579.347 2184.04
227.377 195.696 2088.33
321.243 168.542 2010.32
476.819 -113.008 1936.83
379.804 -875.545 2400.29
253.263 -348.016 1888.88
394.119 -206.126 2091.52
384.343 -624.809 2138.49
415.109 141.388 1932.3
326.263 -9.63604 2077.11
FRAME: 98
341.104 396.041 1930.27
204.694 -24.5691 2235.17
221.43 -925.488 2293.15
153.405 -296.189 2024.22
272.85 -160.428 2212.45
203.667 -570.791 2214.39
235.247 202.385 2107.81
327.631 172.977 2025.84
473.657 -113.045 1945.66
377.541 -879.647 2406.13
246.066 -355.616 1894.21
395.375 -199.698 2103.19
385.383 -618.732 2154.93
420.016 143.569 1943.88
330.872 -3.54298 2091.83
FRAME: 99
348.693 397.615 1946.35
210.88 -38.4359 2226.51
213.326 -904.512 2369.65
168.873 -299.272 2030.49
282.833 -157.653 2230.36
211.531 -563.484 2244.94
244.815 207.386 2129.21
337.707 177.193 2045.29
475.818 -113.123 1959.09
375.807 -885.07 2402.81
262.583 -345.695 1890.08
401.821 -196.48 2122.75
387.733 -612.177 2165.26
430.599 146.999 1961.37
340.017 0.0632685 2110.92
FRAME: 100
355.4 400.363 1959.92
212.136 -74.3754 2193.14
228.252 -872.328 2392.89
148.52 -353.99 2069
291.251 -156.162 2249.69
215.467 -552.812 2272.8
250.629 207.239 2140.11
343.703 176.736 2058.82
476.171 -118.736 1979.51
377.041 -906.703 2397.63
254.096 -319.062 1927.41
409.353 -195.077 2146.32
400.53 -608.343 2185
436.777 146.233 1977.54
347.003 0.558254 2128.42
FRAME: 101
362.242 406.361 1974.33
214.358 -71.5933 2203.98
230.206 -854.441 2442.63
151.563 -346.101 2075.55
299.351 -148.484 2264.32
217.806 -548.284 2302.5
255.205 209.486 2149.15
344.642 179.483 2069.32
480.378 -111.76 1994.27
382.331 -912.747 2389.5
254.213 -313.575 1944.44
414.477 -187.518 2160.88
407.635 -596.576 2210.6
434.079 149.48 1989.5
350.778 5.74122 2140.96
FRAME: 102
365.38 407.437 1983.17
222.751 -67.2999 2212.01
249.893 -849.628 2540.49
162.261 -336.692 2073.71
297.113 -146.61 2283.01
223.712 -553.576 2313.75
261.572 212.283 2161.36
349.558 181.506 2081.86
475.572 -111.596 2001.54
385.612 -908.234 2406.25
262.412 -339.724 1932.84
421.116 -190.468 2170.42
409.366 -600.513 2207.32
437.545 150.729 2002.35
354.336 6.48369 2154.29
FRAME: 103
370.878 411.943 1998.04
227.555 -65.8502 2222.12
273.873 -835.349 2591.85
152.186 -358.502 2100.67
301.046 -149.044 2294.89
229.67 -542.836 2349.22
265.711 214.239 2175.42
353.336 184.293 2096.42
474.323 -113.361 2021.43
385.124 -915.698 2419.11
263.461 -300.031 1962.78
423.017 -191.127 2184.24
412.1 -601.746 2220.84
440.96 154.347 2017.42
357.683 7.10396 2167.99
FRAME: 104
372.944 416.588 2015.17
230.082 -64.0139 2234.9
290.384 -829.469 2636.92
159.634 -347.35 2108.61
311.534 -147.122 2314
242.185 -560.555 2354.12
267.774 220.437 2198.78
353.756 190.246 2114.08
470.233 -111.536 2032.81
393.156 -918.158 2428.47
260.871 -325.824 1947.43
426.759 -188.172 2199.36
421.664 -593.86 2244.65
439.738 160.055 2029.38
361.451 11.2994 2185.38
FRAME: 105
374.491 419.357 2023.31
228.233 -60.2644 2248.26
302.833 -813.797 2679.29
174.198 -316.539 2094.18
307.441 -148.978 2330.98
250.382 -569.535 2369.19
267.266 222.75 2210.96
354.897 191.116 2125.97
466.298 -114.61 2053.2
397.11 -921.294 2433.05
256.705 -314.463 1964.52
426.941 -192.5 2214.68
421.644 -594.83 2252.46
442.528 159.481 2040.98
361.044 10.1883 2199.4
FRAME: 106
375.582 423.887 2034.26
221.944 -58.1451 2251.22
319.887 -808.833 2700.54
162.863 -336.222 2114.15
309.125 -135.839 2342.72
255.617 -552.052 2391.65
267.167 223.094 2212.34
357.146 190.565 2131.65
472.031 -115.998 2066.22
398.864 -915.223 2432.08
266.728 -297.99 1986.3
432.775 -180.727 2231.54
424.584 -579.776 2260.26
447.124 158.036 2050.96
364.048 16.1407 2209.39
FRAME: 107
376.021 426.674 2043.44
219.702 -49.63 2267.86
332.035 -815.678 2723.78
183.368 -273.938 2085.95
309.506 -133.59 2348.84
263.597 -552.95 2388.99
265.474 225.576 2222.16
356.459 195.279 2142.89
479.569 -105.214 2074.77
401.184 -916.548 2437.37
271.309 -297.325 1997.3
434.693 -175.476 2239.73
423.642 -573.752 2269.29
447.444 164.982 2063.62
364.279 20.373 2218.59
FRAME: 108
376.381 430.791 2061.53
220.126 -44.6873 2295.49
347.071 -814.685 2747.17
197.392 -294.17 2137.38
312.939 -133.45 2357.69
281.514 -548.034 2399.28
266.922 227.294 2242.9
355.608 199.75 2162.5
481.867 -93.6809 2085.25
403.822 -906.324 2442.94
256.772 -320.888 2032.13
433.995 -171.121 2248.13
429.843 -564.824 2284.26
444.294 172.205 2082.11
364.537 23.7322 2232.71
FRAME: 109
375.112 434.333 2081.8
222.241 -47.2058 2319.53
349.118 -822.452 2760.93
188.666 -291.053 2176.04
320.497 -132.396 2378.19
302.027 -548.716 2420.28
267.717 230.47 2272.81
354.085 203.474 2187.27
482.099 -82.629 2108.09
409.447 -904.685 2453.16
254.774 -326.837 2038
433.797 -167.757 2265.93
436.823 -563.495 2305.12
440.452 176.478 2101.74
365.616 26.6988 2254.67
FRAME: 110
372.422 437.315 2095.94
223.59 -38.8901 2344.4
356.163 -826.42 2783.11
185.882 -295.053 2213.52
324.003 -138.69 2392.95
295.333 -561.092 2417.85
264.95 234.943 2288.19
351.426 209.363 2204.14
482.076 -73.9147 2125.71
411.523 -907.26 2460.14
268.739 -330.082 2112.25
430.994 -170.205 2289.14
435.803 -571.309 2330.79
437.902 183.782 2120.1
364.462 27.4575 2272.59
FRAME: 111
369.378 438.549 2115.81
224.812 -38.5524 2370.92
332.137 -852.348 2767.22
189.49 -326 2242.81
319.383 -138.959 2417.05
294.771 -566.272 2420.08
259.981 236.556 2301.79
346.714 209.955 2218.06
480.634 -72.9233 2146.92
415.369 -915.927 2464.15
268.846 -353.807 2148.49
430.484 -173.192 2309.47
434.289 -576.962 2334.28
433.446 183.354 2134.32
360.824 26.9397 2290.66
FRAME: 112
368.582 442.697 2135.19
227.443 -34.6112 2410.81
299.452 -813.531 2530.69
189.607 -360.62 2273.56
318.144 -142.586 2442.41
291.742 -565.071 2440.94
259.353 241.664 2323.13
343.18 214.071 2234.67
466.788 -79.8704 2152.2
419.163 -939.635 2497.28
253.209 -379.603 2165.19
432.011 -180.693 2321.81
435.626 -587.23 2361.36
427.008 186.477 2146.21
359.129 26.2156 2308.39
FRAME: 113
367.811 448.1 2155.14
231.144 -28.8511 2441.86
309.342 -854.786 2656.58
195.564 -359.808 2353.17
318.11 -141.61 2465.22
287.276 -565.429 2454.92
258.66 248.446 2341.54
339.852 220.178 2250.99
458.548 -79.931 2160.21
424.794 -930.841 2505.87
283.334 -361.341 2169.01
432.927 -181.704 2336.81
437.705 -584.365 2383.74
421.044 191.91 2160.45
357.685 29.2606 2326
FRAME: 114
364.071 454.766 2179.77
234.966 -16.6427 2496.3
324.684 -856.139 2741.9
183.834 -358.73 2491.26
320.262 -140.555 2483.13
299.329 -565.302 2483.94
257.769 252.555 2365.91
336.082 224.627 2271.79
446.935 -79.6352 2164.52
424.79 -930.458 2513.24
299.296 -348.887 2147.94
429.706 -179.395 2350.74
435.668 -578.382 2396.69
414.395 196.7 2177.68
355.533 32.326 2344.36
FRAME: 115
362.431 461.254 2200.08
242.771 0.835018 2525.38
337.857 -852.76 2750.42
140.84 -438.452 2519.33
324.047 -132.197 2493.91
299.541 -564.487 2489.31
257.16 258.936 2385.56
331.037 232.638 2288.72
445.719 -70.4765 2165.39
427.654 -927.016 2516.26
305.194 -335.476 2102.5
427.407 -168.654 2357.78
432.678 -568.199 2400.82
404.914 206.34 2191.88
353.382 41.1061 2357.28
FRAME: 116
363.654 466.953 2221.1
252.85 18.6891 2565.8
356.678 -851.534 2780.02
161.159 -385.157 2612.26
329.051 -122.955 2500.99
299.898 -560.811 2492.18
260.521 261.957 2400.39
328.261 238.252 2304.41
434.007 -54.1284 2151.32
434.822 -919.402 2518.92
301.306 -324.827 2053.61
425.952 -156.653 2362.56
438.304 -558.964 2408.44
396.001 214.547 2208.43
352.882 49.2239 2368.09
FRAME: 117
365.565 470.74 2235.05
279.342 45.0234 2567.46
365.376 -850.333 2790.54
159.91 -366.234 2612.95
329.182 -113.583 2501.32
307.166 -544.583 2509.35
271.323 261.242 2399.43
331.381 239.59 2308.87
431.257 -41.372 2136.72
436.678 -923.076 2520.12
301.416 -293.419 1993.39
419.228 -148.025 2364.5
445.376 -553.423 2423.13
391.438 217.937 2218.31
352.793 54.3929 2370.89
FRAME: 118
364.503 472.447 2249.24
275.905 51.1772 2598.47
369.683 -848.474 2776.14
154.74 -305.013 2731.29
329.232 -105.574 2501.5
300.876 -533.319 2493.92
268.892 266.214 2409.68
327.687 246.533 2317.83
423.052 -26.7948 2126.49
436.54 -923.314 2515.9
296.952 -261.41 1939.79
416.387 -136.319 2365.08
446.135 -542.677 2426.75
386.482 226.852 2225.98
350.248 62.7933 2375.56
FRAME: 119
366.516 476.859 2258.29
276.711 69.2356 2620.17
379.695 -849.528 2783.99
156.2 -264.816 2839.8
326.246 -97.7085 2504.34
307.024 -532.763 2540.93
267.436 277.707 2438.9
327.02 258.962 2340.14
421.703 -0.168563 2105.7
433.51 -919.198 2510.41
296.469 -207.534 1864.48
408.244 -123.729 2368.88
437.382 -537.351 2422.61
386.603 240.218 2241.38
347.132 74.1217 2388.38
FRAME: 120
366.829 480.307 2267.79
273.518 82.327 2654.5
384.489 -846.823 2785.66
125.148 -179.332 2939.05
326.009 -95.4941 2517.06
305.269 -522.94 2613.77
272.568 284.565 2453.78
331.116 264.147 2350.98
408.385 0.110204 2089.68
430.915 -919.689 2508.34
304.267 -68.7855 1779.24
406.649 -123.944 2376.99
432.848 -537.862 2421.81
389.665 243.729 2248.17
348.723 77.2139 2399
FRAME: 121
370.772 483.832 2280.47
283.848 102.253 2644.9
388.584 -852.763 2785.83
173.452 -98.9845 2940.58
330.616 -97.0435 2516.93
312.806 -524.24 2623.72
280.277 290.774 2460.03
334.877 270.476 2355.76
406.007 9.6834 2081.45
422.589 -923.86 2503.26
298.598 -50.9924 1795.04
404.416 -124.427 2377.5
425.43 -541.277 2418
389.476 250.179 2251.5
351.196 79.8705 2401.49
FRAME: 122
373.937 486.06 2285.17
297.725 123.282 2675.52
382.513 -853.101 2783.75
199.692 -29.0708 2957.12
332.416 -98.9525 2518.01
309.872 -520.381 2623.37
290.006 295.349 2470.1
340.362 280.141 2378.58
407.784 26.4361 2087.79
419.765 -924.704 2500.17
292.941 -20.9898 1840.14
408.706 -120.25 2385.32
423.463 -540.416 2418.26
390.718 264.934 2287.06
355.462 85.27 2415.12
FRAME: 123
378.116 487.043 2288.28
297.045 124.042 2679.99
383.566 -853.721 2779.17
201.158 24.2302 2980.05
335.795 -108.854 2522.21
313.95 -522.559 2628.71
306.528 275.152 2500.09
350.435 262.087 2401.83
385.622 134.04 2041.81
407.088 -921.299 2489.43
312.889 7.37493 1776.67
401.378 -125.703 2384.39
414.104 -538.077 2413.17
394.343 249.023 2303.58
359.511 72.4046 2427.57
FRAME: 124
377.573 485.933 2290.16
296.939 119.005 2687.61
373.316 -859.984 2783.23
193.702 66.9724 2995.91
330.235 -108.913 2521.72
304.251 -526.469 2627.7
309.126 272.593 2503.71
349.44 260.972 2412.82
405.607 169.738 2049.49
406.493 -918.729 2486.29
329.731 311.667 1649.24
393.952 -122.124 2388.72
405.907 -535.435 2406.89
389.754 249.351 2321.94
355.767 72.7265 2434.02
FRAME: 125
377.553 485.588 2290.27
301.409 132.897 2699.42
368.839 -854.125 2772.51
201.019 191.45 2988.28
320.982 -104.955 2518.51
296.257 -515.794 2623.08
321.269 280.048 2499.94
351.451 267.195 2406.18
397.26 200.333 2022.74
395.966 -918.198 2479.53
359.114 463.231 1719.32
373.219 -120.371 2368.18
384.571 -532.408 2392.55
381.633 254.343 2312.41
349.276 77.2662 2424.76
FRAME: 126
375.074 487.581 2288.99
309.884 136.503 2680.42
364.276 -855.4 2746.54
234.531 165.061 2897.03
313.132 -104.631 2512.37
282.973 -511.677 2598.19
327.657 290.973 2483.63
352.905 279.398 2391.79
395.653 238.675 2012.94
390.103 -917.11 2468.66
375.654 536.907 1738.13
359.319 -121.834 2345.61
361.191 -531.848 2372.52
378.153 267.823 2299.94
344.565 83.0829 2410.39
FRAME: 127
376.053 486.722 2273.26
314.769 155.591 2676.41
366.257 -854.226 2731.29
242.186 230.155 2884.08
307.563 -94.662 2494.24
275.754 -504.679 2584.57
332.461 309.489 2471.57
355.591 296.787 2369.27
404.423 273.004 1997.43
381.68 -919.292 2461.26
394.55 581.952 1770.19
344.052 -114.826 2328.96
343.231 -534.578 2354.74
378.721 284.085 2266.98
340.699 96.0216 2390.44
FRAME: 128
378.089 485.906 2265.65
304.531 160.358 2681.62
358.846 -860.138 2714.25
120.016 355.388 2925.26
301.61 -94.313 2489.2
258.676 -506.279 2569.31
330.88 309.696 2470.4
351.791 298.182 2370.39
412.68 296.109 1995.1
377.509 -921.461 2456.31
407.72 619.289 1808.27
336.656 -112.009 2319.98
329.786 -540.319 2339.58
372.701 286.669 2270.38
335.462 97.5107 2387.49
FRAME: 129
379.898 487.076 2267.99
313.654 179.973 2623.4
353.558 -874.269 2698.66
264.036 459.7 2665.75
293.902 -97.9662 2447.54
250.786 -517.297 2532.53
333.89 297.365 2427.71
356.177 288.528 2339.05
432.417 326.876 1998.7
372.186 -918.328 2451.49
426.485 651.241 1846.31
331.343 -112.101 2301.87
315.988 -539.188 2322.02
378.464 279.691 2250.39
334.4 91.747 2356.88
FRAME: 130
386.273 483.937 2262.7
332.182 236.364 2494.93
348.784 -874.269 2676.7
295.415 572.547 2525.75
284.658 -93.3405 2409.27
238.074 -510.123 2487.91
329.014 294.988 2420.41
358.884 288.672 2333.47
445.675 340.053 2002.11
361.281 -908.918 2441.08
444.567 669.8 1882.98
326.58 -102.196 2287.41
303.738 -530.259 2305.31
388.753 282.356 2246.54
332.251 95.4519 2340.91
FRAME: 131
396.307 473.68 2250.67
349.21 262.123 2411.94
338.143 -869.267 2640.87
429.304 648.456 2086.12
274.859 -98.8201 2349.42
220.195 -518.77 2407.4
341.124 272.726 2336.02
373.079 271.126 2285.94
453.731 349.134 2003.09
358.155 -909.027 2441.03
461.075 673.524 1933.16
323.707 -106.517 2281.41
292.757 -536.115 2299.76
405.033 269.526 2235.86
336.181 84.2289 2300.68
FRAME: 132
402.684 459.777 2247.09
410.791 356.992 2116.26
323.391 -862.255 2615.15
445.998 632.933 2093.4
272.338 -104.617 2303.92
200.808 -518.442 2369.67
347.086 271.486 2274.11
384.019 265.178 2251.83
459.167 329.433 2004.61
363.728 -920.883 2433.32
478.057 666.649 1965.49
321.792 -116.235 2277.3
286.88 -551.084 2283.69
420.952 258.87 2229.54
340.542 77.3762 2271.22
FRAME: 133
411.93 446.391 2233.65
426.976 393.658 2050.59
318.685 -860.188 2578.95
464.293 692.884 2041.29
274.237 -107.086 2273.32
189.664 -516.008 2335.18
358.439 257.196 2200.91
394.167 253.632 2215.22
464.418 316.993 2018.82
356.733 -928.45 2423.12
478.075 642.359 1998.23
316.798 -117.295 2278.6
274.655 -556.594 2282.37
429.896 250.067 2229.53
344.842 70.7207 2245.59
FRAME: 134
418.843 416.743 2216.96
451.248 401.616 1956.37
323.909 -857.172 2546.26
492.461 710.203 2021.74
289.152 -128.735 2220.39
206.75 -527.484 2287.09
388.476 219.742 2126.11
403.565 225.669 2161.36
448.109 330.49 2010.53
356.024 -941.547 2403.64
460.615 660.421 1997.43
314.008 -120.054 2274.23
262.425 -569.708 2266.04
418.653 231.596 2196.62
352.572 50.6375 2204.34
FRAME: 135
421.307 398.142 2199.58
441.716 405.544 1940.85
319.867 -868.201 2474.14
498.958 706.154 2019.16
281.804 -138.607 2196.62
194.372 -535.83 2255.67
381.312 207.481 2086.9
403.449 213.737 2135.18
466.101 334.48 1992.47
356.29 -940.019 2405.44
469.779 645.189 2004.77
317.822 -121.58 2280.79
265.84 -572.864 2257
425.586 219.993 2183.46
351.631 41.822 2186.94
FRAME: 136
435.466 391.069 2179.02
440.925 401.85 1924.62
309.79 -879.521 2410.67
478.335 721.804 2002.86
274.198 -150.581 2196.08
203.966 -549.422 2238.16
379.359 192.038 2073.66
403.468 194.494 2120.42
468.827 328.131 1966.34
355.839 -930.697 2388.02
453.28 621.98 1961.26
309.021 -142.707 2265.73
265.29 -580.96 2239.49
427.577 196.95 2167.18
347.538 23.9249 2175.66
FRAME: 137
434.349 381.627 2162.35
442.977 374.414 1889.17
299.057 -885.228 2419.96
466.462 664.545 1966.55
271.955 -165.253 2175.08
199.695 -570.337 2225.66
382.983 176.075 2047.26
404.453 185.369 2100.55
482.851 311.789 2001.4
359.592 -930.452 2381.26
443.131 580.735 1975.64
315.657 -141.238 2271.86
269.089 -577.104 2242.69
425.923 194.664 2153.84
349.129 16.062 2162.01
FRAME: 138
443.064 389.546 2141.14
446.508 378.816 1850.48
310.368 -879.477 2423.53
444.314 673.354 1925.48
270.443 -167.366 2158.71
202.135 -566.155 2224.42
381.942 172.133 2014.43
408.736 186.62 2076.1
500.198 253.094 2026.82
356.161 -923.984 2365.17
451.337 516.445 1976.11
315.1 -131.269 2269.44
268.356 -562.412 2228.34
435.53 201.106 2137.78
350.754 18.6513 2145.09
FRAME: 139
438.836 395.679 2121.3
447.723 347.894 1839.92
309.264 -880.769 2410.95
441.29 628.622 1906.81
266.791 -175.463 2155.78
207.353 -577.468 2206.69
372.635 172.163 2015.62
400.489 187.784 2075.21
503.462 227.967 2019.36
354.72 -908.525 2355.17
433.431 486.223 1913.21
309.126 -136.345 2267.71
261.611 -555.859 2188.89
428.343 203.405 2134.8
344.224 15.9398 2143.48
FRAME: 140
424.125 438.165 2088.11
439.686 262.874 1894.76
290.154 -873.416 2371.09
430.007 442.522 1880.03
251.07 -165.455 2155.35
192.148 -563.311 2205.94
342.178 224.989 2060.06
389.138 229.663 2111.67
494.165 233.097 2015.6
373.677 -912.594 2333.17
393.551 549.172 1874.97
327.861 -149.826 2252.84
279.837 -562.371 2179.08
436.098 234.336 2163.28
339.302 36.0111 2157.88
FRAME: 141
426.812 453.371 2087.63
380.462 256.563 2013.31
267.856 -860.728 2464.83
387.178 410.33 1941.96
239.359 -116.613 2204.07
192.255 -550.773 2245.03
330.714 308.051 2189.49
401.484 294.383 2180.32
494.713 226.31 1937.6
385.46 -904.147 2276.22
412.26 576.679 1834.23
345.601 -134.478 2201.96
311.152 -534.815 2123.89
472.254 280.716 2171.15
346.982 84.4191 2191.67
FRAME: 142
388.179 551.36 2119.78
342.389 259.479 2043.42
234.724 -850.497 2482.58
333.904 407.685 1913.82
225.611 -73.9011 2190.88
181.965 -519.468 2226.41
309.364 347.976 2207.55
402.938 324.282 2196.35
494.478 230.352 1931.99
398.709 -872.77 2272.75
430.745 572.905 1830.29
358.102 -105.374 2178.51
343.777 -494.424 2115.3
496.512 300.587 2185.15
347.397 117.322 2190.52
FRAME: 143
391.96 601.476 2134.63
325.764 271.659 2057.16
210.075 -845.326 2478.68
327.514 417.11 1848.31
218.574 -47.0436 2197.23
164.348 -478.179 2227.28
314.731 402.513 2222.52
396.325 383.869 2210.48
501.334 240.534 1937.23
397.441 -837.278 2267.21
394.053 580.027 1768.68
361.888 -78.5703 2189.81
352.974 -445.35 2106.85
477.92 365.224 2198.44
343.278 160.531 2202
FRAME: 144
385.254 623.581 2114.28
302.538 290.931 2085.01
200.591 -841.216 2478.04
347.354 408.431 1864.54
221.501 -19.6135 2201.16
151.528 -466.598 2258.16
313.564 410.936 2230.33
382.994 395.441 2203.55
502.472 240.548 1922.54
386.789 -808.198 2254.99
349.816 533.579 1706.16
353.752 -48.8148 2169.9
348.027 -417.993 2095.28
452.425 379.946 2176.76
335.31 180.613 2194.54
FRAME: 145
302.964 623.465 2061.92
300.981 266.127 2089.98
220.014 -829.002 2485.76
333.07 360.435 1914.5
212.257 -11.8332 2219.76
137.633 -439.966 2278.7
287.48 413.463 2214.8
355.1 398.228 2171.95
487.548 219.4 1904.79
355.455 -825.205 2263.74
304.366 488.387 1635.02
325.279 -35.0242 2168.71
318.061 -425.908 2105.88
422.719 382.993 2129.09
311.934 187.4 2183.09
FRAME: 146
332.876 564.988 2019.46
280.919 282.86 2050.95
224.68 -821.763 2501.92
339.315 297.949 1818.86
212.753 -16.2811 2224.21
134.915 -444.507 2305.22
283.47 403.148 2206.66
350.516 384.416 2143.3
480.57 181.753 1860.53
333.361 -834.57 2270.9
281.166 390.95 1591.2
307.49 -41.7435 2149.62
299.917 -438.667 2117.99
417.561 365.685 2079.95
305.319 177.702 2165.11
FRAME: 147
344.522 539.126 2008.48
259.686 293.932 2024
207.701 -818.42 2523.86
277.07 237.749 1724.99
202.835 -27.6014 2227.44
135.666 -447.257 2323.43
269.445 377.671 2200.48
341.759 355.061 2128.62
464.665 119.263 1847.06
310.494 -861.539 2278.79
264.125 341.888 1572.99
297.023 -56.1434 2140.65
292.355 -461.214 2128.95
414.072 332.452 2056.76
295.844 156.594 2156.33
FRAME: 148
354.177 502.243 2000.27
271.637 275.055 1997.74
175.795 -803.462 2527.58
283.876 199.646 1774.54
182.01 -53.2856 2218.18
112.368 -451.773 2304.46
247.883 340.233 2143.44
320.281 318.49 2089.33
435.065 57.9429 1833.51
305.036 -892.681 2306.89
245.085 244.976 1582.23
299.684 -88.3013 2140.36
288.837 -498.335 2163.25
392.68 296.746 2035.23
280.564 123.848 2134.3
FRAME: 149
350.976 477.733 1989.82
260.321 295.969 2000.75
162.936 -799.399 2522.63
277.795 210.193 1756.96
180.511 -55.8141 2205.94
107.725 -458.542 2296.24
250.281 307.326 2096.77
320.285 284.849 2057.03
423.972 8.89496 1859.65
299.789 -907.82 2304.15
236.497 143.332 1588.09
300.294 -94.6952 2147.04
285.934 -513.098 2166.17
390.288 262.371 2017.3
280.343 104.797 2116.76
FRAME: 150
373.824 425.682 1950.88
213.988 299.169 1986.58
146.185 -795.038 2521.77
180.354 347.549 1794.51
178.412 -53.5683 2206.49
95.2658 -454.985 2297.43
239.11 309.229 2081.18
305.631 285.648 2041.13
436.927 9.75318 1894.44
290.423 -911.082 2284.98
262.832 -5.62089 1650.71
296.31 -95.4151 2141.85
280.118 -520.178 2141.49
372.152 262.066 2001.08
271.496 105.578 2107.65
FRAME: 151
416.417 355.52 1908.7
132.419 397.079 1998.33
135.171 -812.658 2506.65
-2.53254 480.053 1892.79
181.618 -68.8747 2166.86
97.6589 -470.162 2290.49
233.965 299.682 2069.44
289.589 278.651 2016.66
433.032 20.9211 1895.05
286.914 -897.914 2287.01
287.407 -66.4389 1673.77
296.563 -111.58 2062.94
281.884 -517.973 2126.5
345.212 257.621 1963.87
264.34 94.212 2065.78
FRAME: 152
440.251 327.233 1871.76
18.6101 440.005 2001.75
126.32 -833.19 2477.9
-244.642 545.496 2035.89
171.94 -74.0956 2152.75
94.2181 -479.609 2282.25
221.257 290.957 2040.21
276.391 270.891 1996.07
433.113 19.4078 1910.28
285.482 -888.643 2280.87
223.402 -119.956 1709.77
295.061 -116.858 2055.59
286.206 -516.902 2122.43
331.526 250.825 1951.93
254.946 87.7071 2050.12
FRAME: 153
444.538 313.116 1839.03
-74.3546 359.337 2068.42
111.267 -859.437 2422.46
-371.345 254.295 2177.98
153.156 -84.7194 2134.29
86.6969 -491.494 2257.04
190.887 273.449 2014.91
256.052 253.432 1976.75
403.338 0.364344 1928.67
288.151 -873.609 2282.79
261.28 -235.556 1787.08
289.11 -124.337 2057.01
288.8 -518.703 2122.86
321.216 233.415 1938.6
238.592 74.4519 2036.2
FRAME: 154
424.426 310.905 1821.73
-109.339 317.105 2078.88
105.522 -893.577 2361.96
-399.018 252.199 2206.05
136.539 -93.2204 2133.32
75.3771 -508.181 2220.64
175.078 268.239 2008.13
240.473 249.737 1972.72
389.3 -9.66838 1929.91
288.811 -867.524 2282.96
218.765 -226.839 1832.15
282.029 -132.769 2055.84
291.065 -523.245 2123.47
305.868 231.235 1937.3
224.878 68.3712 2033.65
FRAME: 155
395.154 317.777 1803.7
-126.96 251.29 2084.54
80.4865 -909.623 2303.65
-384.502 116.069 2216.17
116.631 -104.033 2120.84
68.5435 -525.419 2179.53
151.434 253.347 1993.96
228.357 232.992 1962.77
419.194 -46.9936 1925.51
288.268 -868.631 2280.69
182.075 -287.945 1896.92
266.555 -142.185 2060.07
279.771 -550.834 2112.31
305.28 212.637 1931.57
209.975 54.9418 2026.61
FRAME: 156
365.9 323.731 1793.83
-133.186 186.323 2119.63
50.6868 -884.976 2237.16
-364.596 35.1043 2216.96
103.555 -120.769 2106.15
50.9134 -532.06 2131.39
126.23 244.88 1987.76
210.48 225.559 1959.17
412.592 -55.1197 1926.26
276.085 -875.593 2263.14
215.747 -265.917 1905.01
251.715 -151.966 2056.25
257.197 -562.468 2090.58
294.729 206.238 1930.59
194.057 44.596 2020.18
FRAME: 157
340.794 319.869 1787.11
-137.019 144.463 2128.55
54.1654 -886.679 2195.5
-372.561 -42.8293 2224.22
86.6326 -137.538 2087.82
46.359 -567.035 2095.51
103.996 228.681 1983.37
195.515 209.59 1953.47
407.614 -62.376 1923.98
258.716 -909.48 2229.16
261.835 -279.618 1891.33
240.979 -167.048 2037.99
238.044 -583.417 2068.81
287.034 190.499 1923.57
179.66 28.6483 2008.19
FRAME: 158
292.482 311.915 1769.35
-117.011 46.2502 2113.32
-59.7506 -853.25 2174.89
-321.074 -237.865 2183.35
67.9054 -173.678 2056.61
27.8115 -624.125 2063.26
84.3392 197.223 1967.61
179.878 181.91 1942.69
387.138 -90.7949 1903.69
256.454 -936.262 2224.68
251.041 -261.12 1873.09
232.232 -198.172 2013.86
227.467 -614.753 2050.73
275.418 166.598 1917.76
164.973 -2.00739 1988.96
FRAME: 159
254.089 314.328 1758.33
-87.9972 1.06596 2104.17
-11.1754 -951.118 2174.15
-224.865 -365.396 2128.84
60.639 -203.026 2042.12
27.4107 -636.016 2056.69
68.4675 180.327 1960.28
164.626 165.435 1923.94
356.626 -96.1361 1884.71
250.489 -957.898 2205.1
273.297 -292.825 1878.74
221.888 -227.159 1981.48
216.82 -645.071 2018.61
260.785 150.543 1887.6
152.945 -24.8286 1967.87
FRAME: 160
233.981 319.578 1752.79
-72.7582 -32.9458 2091.34
-0.529323 -979.257 2170.47
-207.786 -468.736 2068.35
56.04 -216.388 2032.5
26.9857 -649.812 2057.38
51.4743 169.697 1947.63
155.301 154.153 1906.84
346.73 -104.035 1878.87
246.035 -985.966 2205.21
278.803 -331.498 1875.76
217.344 -240.12 1969.3
210.759 -662.559 2003.95
259.127 138.61 1866.05
145.996 -37.0503 1953.87
FRAME: 161
220.797 326.049 1747.41
-58.7198 -49.5584 2081.15
11.5864 -982.139 2168.22
-152.512 -413.469 2054.51
54.1523 -221.381 2025.67
26.7074 -655.69 2062.39
41.7208 163.722 1933.3
149.308 146.04 1887.55
343.184 -117.2 1879.13
240.306 -995.286 2190.29
272.913 -375.198 1883
209.787 -246.82 1959.43
202.287 -670.677 1995.29
256.895 128.357 1841.8
140.639 -44.0304 1940.05
FRAME: 162
208.319 336.722 1741.91
-37.6761 -64.2009 2067.65
18.878 -997.75 2171.38
-89.0777 -391.39 1995.84
55.7537 -223.939 2016.48
26.3262 -654.724 2064.38
35.8703 161.523 1924.17
146.724 143.18 1874.6
346.827 -116.391 1872.29
234.71 -999.115 2170.3
276.231 -394.324 1848.22
209.225 -249.274 1947.85
197.934 -669.587 1987.57
257.577 124.836 1825.04
139.606 -46.7134 1928.38
FRAME: 163
199.487 344.772 1737.97
-25.8013 -64.1882 2052.67
25.2422 -1003.91 2172.29
-74.2636 -378.544 1965.07
60.897 -219.21 2005.83
19.3331 -651.945 2047.66
32.0126 163.337 1915.52
143.88 145.622 1865.19
350.612 -111.012 1864.52
227.76 -1002.31 2154.9
273.032 -397.885 1841.98
205.855 -242.19 1940.56
196.58 -664.007 1976.89
255.747 127.907 1814.86
138.628 -42.5392 1919.19
FRAME: 164
194.247 351.577 1735.05
-18.7192 -62.1498 2038.36
25.5573 -1013.65 2174.44
-70.6842 -350.831 1949.14
60.6466 -212.139 1995.65
14.3445 -643.023 2032.9
29.0551 166.301 1907.33
143.587 148.591 1857.26
354.543 -109.636 1859.08
225.263 -1007.81 2139.28
267.969 -398.395 1830.21
205.91 -234.594 1932.13
196.999 -656.702 1966.23
258.12 130.88 1807.18
138.433 -37.3878 1910.57
FRAME: 165
191.631 353.983 1738.91
-13.335 -61.2881 2024.08
26.4552 -1016.45 2163.89
-60.9148 -344.577 1922.47
65.1802 -203.868 1986.47
29.448 -630.897 2015.89
28.6324 168.307 1901.47
144.15 150.706 1851.29
358.129 -106.749 1853.63
221.95 -1015.34 2125.8
263.907 -399.564 1816.45
203.606 -224.92 1926.32
206.969 -647.221 1949.65
259.667 133.104 1801.11
139.271 -31.8442 1903.84
FRAME: 166
190.933 354.303 1730.89
-9.90146 -57.4221 2023.69
39.6095 -1017.38 2162.61
-48.3557 -336.042 1904.42
71.1242 -195.666 1981
43.4863 -611.961 1994.09
28.5167 168.893 1899.39
143.823 151.86 1845.72
357.803 -106.315 1840.07
222.813 -1011.61 2122.59
258.882 -399.715 1801.31
207.325 -215.867 1917.39
213.091 -632.525 1943.1
259.129 134.828 1792.06
141.524 -26.9533 1897.46
FRAME: 167
190.888 352.773 1728.37
-0.637788 -63.4257 2018.62
50.5008 -1003.48 2162.86
-11.2663 -340.762 1867.62
82.411 -203.458 1985.44
55.1594 -605.802 2011.28
32.8947 164.782 1895.24
147.662 146.21 1838.18
352.429 -114.146 1828.8
223.784 -1007.86 2121.52
216.963 -418.772 1769.28
211.333 -224.432 1921.3
218.977 -635.199 1950.94
262.43 127.639 1781.12
147.267 -33.8673 1895.78
FRAME: 168
191.12 347.967 1721.21
13.9593 -68.7718 2016.73
67.6813 -998.122 2157.52
6.48913 -342.102 1852.46
95.4048 -217.587 1989.07
68.6485 -617.739 2034.78
46.7658 158.846 1889.94
155.747 138.471 1831.26
346.515 -128.409 1819.05
223.851 -1006.75 2126.24
183.79 -433.917 1722.91
214.939 -240.057 1924.75
221.519 -652.549 1959.42
264.728 118.096 1772.59
155.459 -45.1754 1894.09
FRAME: 169
192.682 337.532 1711.65
29.1622 -91.7313 1991.41
77.0692 -963.011 2153.46
22.7272 -370.78 1836.55
107.491 -218.264 1992.58
83.818 -617.414 2055.74
58.1703 152.13 1886.75
164.022 129.9 1827.5
339.701 -141.585 1810.73
227.335 -1008.24 2114.61
163.508 -426.777 1716.84
221.015 -242.745 1928.47
226.957 -674.868 1948.88
269.874 107.67 1768.26
164.138 -50.3021 1894.01
FRAME: 170
195.169 329.82 1704.84
39.1732 -119.186 1978.5
85.8599 -942.017 2145.91
35.6401 -440.286 1867.61
120.206 -218.819 2003.7
85.1595 -620.122 2081.96
67.8812 145.076 1882.86
167.567 120.702 1821.88
330.629 -154.109 1800.66
236.981 -973.749 2108.56
149.39 -419.884 1751.43
229.592 -246.976 1935.26
234.363 -684.214 1953.44
267.253 96.3274 1760.91
171.233 -56.0979 1895.68
FRAME: 171
197.519 325.732 1700.73
65.832 -104.057 1965
100.44 -913.218 2159.68
88.4595 -408.759 1861.91
131.142 -219.05 2013.28
104.902 -626.729 2070.79
76.6684 142.742 1886.21
172.024 116.128 1821.77
327.812 -157.11 1796.94
226.44 -945.068 2132.8
132.176 -391.96 1757.84
234.03 -248.931 1942.55
230.041 -688.573 1951.88
267.379 89.5132 1757.32
177.305 -58.9313 1899.84
FRAME: 172
199.699 324.843 1699.15
71.3514 -88.0078 1993.54
104.226 -885.129 2153.29
97.0304 -391.187 1880.7
137.212 -202.967 2037.3
103.331 -599.944 2073.27
83.4046 144.692 1894.27
173.847 112.182 1823.35
324.155 -161.71 1792.8
221.783 -884.214 2155.78
129.184 -410.974 1727.25
243.384 -242.088 1952.96
232.268 -678.859 1952.41
264.29 79.6721 1752.43
182.073 -55.1728 1909.24
FRAME: 173
201.418 324.399 1704.15
86.4633 -75.6402 2008.57
103.963 -896.276 2148.93
93.917 -390.703 1913.22
140.707 -181.858 2066.27
94.3197 -558.719 2074.45
98.3127 146.823 1897.65
178.812 107.37 1823.98
317.929 -168.858 1792.28
237.123 -871.929 2134.23
119.947 -405.798 1764.17
253.453 -239.436 1962.88
236.353 -677.223 1961.11
259.311 67.9176 1750.3
187.946 -51.6384 1919.28
FRAME: 174
204.256 324.107 1703.65
87.7825 -77.3981 2021.9
123.373 -881.991 2180.38
96.2004 -382.54 1902.08
143.769 -172.01 2083.4
96.7184 -559.801 2071.31
102.7 151.524 1902.54
183.29 108.742 1827.83
319.457 -168.946 1796.72
242.176 -863.291 2152.99
111.579 -421.436 1728.51
262.166 -235.544 1973.19
236.727 -669.084 1963.2
263.88 65.96 1753.11
193.129 -47.5176 1928.06
FRAME: 175
212.234 326.32 1718.3
86.1231 -75.8382 2029.56
139.618 -913.085 2144.69
87.619 -373.134 1891.74
147.163 -165.793 2090.97
110.571 -574.104 2089.65
103.812 154.405 1908.11
186.136 110.396 1834.41
324.076 -167.158 1812.46
245.325 -897.05 2147.1
107.338 -416.97 1740.63
262.547 -227.833 1987.25
239.087 -661.439 1972.56
268.461 66.3873 1760.71
195.496 -43.2084 1936.76
FRAME: 176
216.461 328.571 1733.79
82.9266 -75.4282 2042.48
154.046 -912.1 2140.41
74.3484 -379.802 1872.36
148.871 -160.269 2099.72
114.778 -557.746 2077.88
104.447 156.934 1920.69
190.146 113.549 1848.26
318.276 -167.435 1824.66
244.045 -903.98 2164.4
106.154 -425.284 1729.78
265.14 -219.439 2001.09
236.56 -648.602 1978.05
275.845 70.1643 1775.82
198.576 -38.1523 1949.33
FRAME: 177
218.232 334.63 1752.56
75.0218 -83.7604 2045.69
166.161 -914.547 2123.25
67.8587 -395.138 1881.12
154.82 -160.37 2104.26
116.194 -563.168 2096.28
105.119 158.735 1939.57
192.681 119.772 1868.56
318.045 -158.404 1834.43
243.402 -908.856 2154.61
115.369 -401.889 1779.55
265.715 -210.387 2013.7
244.274 -636.928 1988.26
280.243 80.8091 1797.56
201.474 -32.8033 1963.77
FRAME: 178
219.761 340.401 1772.41
78.1638 -76.4245 2059.47
167.395 -895.89 2140.64
69.1045 -370.815 1878.37
154.633 -157.659 2109.44
122.057 -549.631 2081.17
105.002 162.636 1953.68
194.295 123.682 1881.8
308.777 -157.851 1843.18
251.131 -932.99 2154.41
120.226 -402.604 1796.12
262.624 -205.274 2021.9
246.295 -627.77 1993.41
283.588 84.7272 1809.92
201.462 -28.8923 1973.73
FRAME: 179
221.823 345.181 1794.12
80.8635 -79.5428 2069.91
176.156 -886.672 2161.6
59.2255 -365.619 1918.52
158.615 -159.239 2120.01
131.273 -546.802 2113.35
107.363 166.989 1975.74
192.026 132.169 1903.07
299.975 -151.892 1852.83
255.584 -934.459 2165.55
124.338 -388.211 1785.36
263.56 -202.687 2029.34
260.947 -621.077 2023.23
276.689 97.3484 1830.41
201.557 -24.3971 1988.88
FRAME: 180
220.81 354.929 1838.16
82.7799 -77.6345 2100.68
205.485 -909.684 2267.01
56.3711 -321.618 1905
161.385 -159.661 2137.81
142.105 -568.301 2141.97
109.242 173.845 2017.92
191.192 140.76 1939.06
297.902 -142.241 1872.11
265.082 -909.121 2181.19
104.063 -342.46 1842.63
257.612 -198.802 2044.64
274.734 -609.924 2061.56
273.142 107.675 1860.19
200.345 -19.2356 2015.14
FRAME: 181
219.74 362.175 1874.25
78.6095 -66.6507 2146.52
213.854 -895.164 2335.88
40.9074 -301.595 1953.81
165.686 -160.988 2159.41
151.437 -578.089 2173.73
109.894 176.751 2053.15
189.359 145.667 1969
300.119 -133.313 1897.86
274.521 -896.784 2223.21
96.6215 -332.881 1858.7
258.266 -197.4 2060.81
284.445 -602.725 2094.37
268.823 114.584 1884.85
200.667 -16.7635 2039.56
FRAME: 182
218.537 370.651 1906.86
73.0117 -72.8463 2158.63
235.95 -868.81 2427.13
34.7936 -287.681 1971.88
168.76 -160.812 2185.36
153.516 -588.969 2200.11
112.564 179.723 2090.57
193.847 150.988 2004.97
311.995 -127.316 1919.05
275.99 -913.554 2240.76
123.513 -332.097 1858.56
262.35 -193.713 2085.64
283.785 -606.47 2111.45
275.129 122.253 1919.36
204.701 -13.1373 2070.23
FRAME: 183
216.9 376.151 1934.96
69.3791 -71.3489 2175.56
241.46 -836.065 2529.27
47.9721 -290.029 2000.76
160.398 -151.566 2228.72
148.638 -573.912 2226.96
113.166 188.157 2121.4
195.308 156.171 2033.7
316.665 -122.789 1951.77
277.837 -914.494 2284.72
101.859 -318.266 1893
265.131 -193.46 2114.41
280.004 -597.265 2134.59
277.451 124.186 1946.01
204.037 -8.17089 2102.63
FRAME: 184
212.673 388.343 1984.97
66.4798 -66.7 2231.24
245.12 -836.681 2566.29
56.9597 -303.36 2052.62
164.4 -154.919 2263.33
150.708 -569.89 2285.84
112.71 189.277 2165.93
193.243 160.563 2077.34
315.75 -116.304 1989.11
296.348 -906.111 2319.78
125.923 -329.866 1911.78
266.497 -191.925 2150.11
279.172 -580.562 2166.66
273.776 131.849 1988.75
204.346 -6.42964 2142.03
FRAME: 185
210.386 397.559 2019.6
63.8483 -63.2854 2263.31
253.904 -851.369 2600.83
58.3808 -302.083 2080.61
170.701 -156.868 2286.88
155.344 -572.877 2315.98
108.861 193.276 2197.37
193.385 167.702 2107.82
318.794 -112.525 2012.23
301.062 -903.744 2326.64
110.78 -313.059 1964.09
272.975 -188.028 2177.71
272.861 -572.581 2183.05
277.908 142.128 2018.26
207.611 -2.37303 2170.06
FRAME: 186
208.8 405.107 2049.84
68.0992 -43.1056 2293.9
265.16 -847.207 2614.71
36.6254 -295.491 2147.43
175.38 -149.653 2313.94
169.831 -569.301 2324.61
105.472 201.799 2217.74
193.495 178.33 2133.68
322.474 -98.8105 2061.29
301.152 -905.897 2327.45
126.159 -315.465 2043.44
279.237 -177.415 2214.74
273.317 -573.927 2208.11
281.519 154.862 2049.63
210.402 7.39816 2199.01
FRAME: 187
207.668 412.869 2074.52
76.6907 -38.4179 2324.16
255.423 -855.987 2619.78
41.15 -311.107 2192.26
181.282 -147.205 2342.05
162.582 -568.15 2392.9
107.989 207.014 2245.13
189.564 183.935 2157.07
312.917 -93.1553 2080.7
306.454 -918.7 2322.95
119.889 -331.154 2051.52
283.353 -176.077 2231.74
285.373 -576.189 2221.81
271.14 160.856 2069.01
210.941 11.1471 2221.98
FRAME: 188
207.552 419.626 2094.81
90.0607 -36.0724 2359.9
232.693 -871.431 2615.56
38.8686 -306.655 2234.2
190.58 -150.202 2372.94
165.18 -573.419 2423.96
112.855 212.479 2281.44
189.331 189.852 2184.97
302.167 -89.7153 2091.45
308.394 -922.094 2326.42
111.686 -400.869 2051.19
292.267 -180.71 2243.94
297.737 -572.898 2234.27
265.807 167.225 2088.51
215.377 12.1983 2246.71
FRAME: 189
208.539 433.998 2133.09
101.677 -34.6769 2403.53
206.601 -876.813 2603.33
49.3523 -375.177 2323.85
190.321 -153.175 2392.62
147.891 -567.546 2470.47
120.429 217.553 2310.74
195.181 195.5 2211.76
295.847 -92.6152 2106.04
312.644 -920.546 2328.63
146.424 -362.951 2133.13
290.621 -182.857 2259.64
304.548 -565.136 2253.16
269.933 173.446 2112.78
217.826 13.7418 2268.95
FRAME: 190
210.469 440.814 2152.86
109.912 -28.2084 2439.63
200.468 -882.985 2599.15
31.8727 -489.851 2303
193.679 -143.025 2411.26
139.497 -562.402 2477.18
125.434 226.937 2329.12
197.67 203.881 2228.86
293.72 -92.9371 2115.13
319.872 -916.66 2345.46
163.937 -359.214 2115.37
290.685 -174.166 2275.92
308.447 -560.992 2274.43
269.906 180.825 2128.59
219.926 22.643 2286.22
FRAME: 191
213.227 446.08 2162.68
112.127 -26.3519 2469.66
221.267 -887.306 2617.06
51.117 -394.496 2458.17
197.015 -137.887 2425.19
148.782 -562.633 2486.28
125.94 231.372 2344.84
195.429 210.633 2245.25
302.042 -79.6062 2116.15
327.493 -913.8 2376.71
184.333 -350.807 2081.96
293.992 -167.013 2285.79
309.612 -558.662 2291.05
264.918 189.894 2145.66
220.466 29.0915 2300.37
FRAME: 192
220.226 451.38 2177.2
128.815 -6.88038 2512.06
241.84 -880.266 2635.98
57.6268 -385.046 2533.66
197.728 -129.16 2435
165.858 -549.702 2506.34
130.049 242.202 2365.12
197.223 219.937 2259.77
306.207 -67.0584 2120.25
334.198 -916.925 2393.91
198.533 -336.581 2034.88
285.374 -158.791 2299.18
309.173 -557.298 2302.3
264.397 197.672 2154.43
219.387 37.9809 2313.43
FRAME: 193
226.16 454.692 2190.66
156.573 26.3013 2546.1
249.936 -876.435 2645.51
68.9911 -350.128 2613.49
200.072 -123.829 2442.27
165.04 -547.461 2497.99
134.516 250.737 2372.17
196.246 227.929 2266.31
311.723 -59.9936 2121.43
336.539 -916.824 2405.11
211.474 -320.881 1974.59
282.017 -154.576 2301.63
312.038 -555.816 2318.78
257.976 205.121 2160.46
218.645 44.3631 2319.13
FRAME: 194
230.755 457.435 2200.4
190.392 60.4467 2579.8
257.016 -871 2653.29
68.1003 -301.42 2735.37
200.938 -117.236 2449.72
173.7 -531.075 2504.2
143.072 257.297 2377.71
200.354 233.138 2272.08
321.236 -46.4908 2086.02
337.816 -919.057 2408.65
237.622 -245.628 1837.76
278.795 -150.478 2305.69
312.524 -550.196 2322.58
257.635 208.979 2166.45
220.11 49.6407 2324.89
FRAME: 195
236.633 461.296 2209.22
197.263 76.8036 2585.21
264.626 -871.011 2655.9
82.868 -251.368 2791.92
204.111 -113.599 2455.7
182.617 -518.253 2514.51
156.254 267.056 2389.57
209.045 243.101 2281.81
330.028 -17.592 2066.61
338.812 -918.6 2409.86
246.771 -196.38 1806.49
277.753 -147.218 2305.39
310.956 -547.987 2324.11
261.836 219.145 2174.05
224.989 56.3461 2331.18
FRAME: 196
240.625 463.911 2213.87
198.909 82.0433 2589.3
276.623 -888.144 2659.57
85.1463 -210.574 2827.83
206.554 -112.493 2459.65
193.472 -529.769 2533.48
160.644 272.965 2394.39
211.932 249.758 2286.69
323.703 1.48274 2037.39
338.585 -923.279 2409.15
255.083 -115.412 1693.19
279.433 -145.63 2306.59
311.564 -551.691 2326.54
263.22 226.552 2178.99
227.463 60.3484 2334.91
FRAME: 197
248.124 465.643 2217.43
193.03 81.5558 2589.01
286.178 -885.795 2657.31
102.946 -158.002 2843.41
215.017 -110.273 2464.81
204.335 -525.411 2537.28
180.161 279.219 2410.95
224.358 256.578 2298.77
326.91 19.3887 2030.01
332.382 -927.55 2406.37
250.087 -106.881 1745.51
277.962 -142.672 2305.24
307.367 -552.892 2320.97
268.556 233.938 2186.58
235.424 65.0529 2341.89
FRAME: 198
259.422 467.405 2220.14
200.209 88.5001 2598.58
292.391 -890.174 2659.78
70.2629 -87.9252 2908.17
220.359 -112.898 2465.66
207.351 -527.864 2535.04
191.961 280.812 2418.66
233.23 259.986 2304.22
323.216 93.7004 1982.54
328.609 -933.93 2403.85
250.195 -101.14 1768.38
281.373 -143.638 2297.16
303.1 -557.709 2313.72
274.5 239.16 2189.79
242.048 65.859 2342.82
FRAME: 199
269.942 465.904 2219.29
198.629 81.7689 2596.78
292.308 -895.857 2654.31
21.4184 -62.1838 2926.1
218.963 -119.885 2462.04
206.442 -537.38 2527.3
199.881 272.771 2423.44
241.766 257.464 2315.28
309.259 127.534 1971
330.037 -931.124 2402.22
296.866 239.401 1585.16
287.508 -144.403 2285.52
301.748 -559.579 2305.51
283.651 242.156 2207.12
247.501 62.6598 2344.53
FRAME: 200
277.871 464.68 2214.54
206.48 85.2091 2597
286.797 -901.857 2663.54
100.546 -3.06886 2885.45
215.926 -122.172 2457.25
209.527 -555.455 2534.71
208.823 275.496 2419.66
252.859 260.293 2311.44
316.391 143.307 1962.19
331.875 -934.71 2393.28
310.288 315.389 1699.84
290.323 -147.543 2275.44
300.457 -563.495 2297.94
296.896 245.091 2203.21
252.992 62.7181 2338.89
FRAME: 201
287.832 465.286 2210.41
209.228 89.6242 2590.59
283.968 -895.564 2652.85
128.98 -53.4864 2817.14
215.787 -125.391 2445.44
204.961 -550.101 2527.95
219.052 279.615 2413.84
261.355 265.267 2306.78
315.177 180.365 1938.99
328.046 -938.916 2385.35
316.147 379.479 1677.24
287.802 -149.297 2265.07
294.331 -563.421 2289.39
303.658 250.918 2199.72
256.575 63.9613 2331.01
FRAME: 202
295.883 465.539 2204.43
215.197 88.9365 2582.11
280.414 -884.913 2643.27
189.614 -196.446 2588.78
214.01 -128.829 2425.02
202.721 -552.546 2520
223.846 277.582 2406
266.201 266.129 2300.77
330.201 220.091 1921.65
326.376 -941.629 2378.01
328.624 466.646 1666.54
285.604 -147.454 2247.64
288.244 -564.2 2276.48
308.555 254.676 2195.54
258.004 63.9936 2318.55
FRAME: 203
301.173 459.753 2184.89
216.533 99.1864 2575.09
281.64 -874.551 2633.99
187.089 -200.44 2541.17
214.719 -121.9 2404.96
188.225 -541.028 2486.27
241.954 275.907 2376.94
275.639 265.723 2283.87
340.108 256.741 1923.49
317.704 -948.668 2364.24
355.375 587.018 1673.86
278.37 -140.705 2224.91
273.887 -566.029 2250.33
309.324 255.538 2190.79
261.092 67.2101 2299.4
FRAME: 204
300.281 457.252 2175.41
218.858 103.284 2570.86
282.966 -875.715 2626.01
187.894 -174.479 2551.14
214.749 -120.997 2376.92
177.8 -547.833 2455.83
247.15 275.319 2367.83
279.413 264.233 2265.33
345.754 283.366 1921.25
306.937 -950.246 2356.3
356.753 593.005 1741.66
266.708 -138.338 2208.7
264.179 -567.46 2233.82
311.675 253.146 2162.83
260.071 67.2826 2279.07
FRAME: 205
302.43 459.607 2172.75
223.506 115.813 2538.11
278.594 -875.304 2616.43
200.95 -138.059 2528.86
208.911 -113.928 2354.75
159.129 -541.315 2432.54
251.84 283.518 2362.16
286.285 272.018 2252.06
358.8 303.893 1920.05
296.397 -947.254 2344.72
369.773 613.049 1768.39
258.577 -129.527 2193.23
248.563 -560.065 2211.53
320.731 260.518 2141.96
260.015 75.1453 2263.03
FRAME: 206
309.208 457.087 2171.46
255.394 174.762 2372.33
271.152 -875.859 2591.92
235.765 6.85439 2396.71
217.64 -109.518 2300.77
140.081 -523.022 2384.1
252.588 277.763 2332.98
288.82 273.078 2238.78
370.297 314.23 1923.61
287.413 -947.477 2326.33
380.113 629.918 1794.31
258.459 -114.351 2192.03
237.068 -555.143 2200.03
325.052 268.392 2144.57
263.435 80.5719 2242.59
FRAME: 207
315.443 451.685 2171.6
320.325 288.568 2088.03
265.491 -874.462 2552.67
284.534 169.473 2306.84
239.612 -110.003 2218.93
134.219 -512.698 2344.35
279.959 252.954 2214.25
296.886 257.93 2187.47
374.862 320.427 1938.09
292.001 -940.535 2327.24
379.071 635.854 1815.15
259.877 -106.8 2203.49
235.885 -545.682 2215.42
313.813 262.906 2160.68
273.315 74.7645 2199.34
FRAME: 208
321.625 444.995 2174.62
355.819 357.982 1993.79
262.55 -868.812 2533.99
309.724 288.886 2240.69
238.352 -115.93 2181.95
127.58 -515.531 2313.31
299.063 242.919 2135.28
315.057 248.388 2160.34
388.408 305.889 1952.96
287.607 -954.117 2322.25
400.676 683.604 1869.09
253.98 -115.01 2200.56
226.373 -561.707 2207.45
331.051 253.858 2185.4
280.612 66.4593 2175.8
FRAME: 209
318.972 441.674 2173.66
381.161 400.395 1930.18
262.259 -866.68 2495.28
341.881 413.319 2163.56
243.464 -127.474 2150.48
173.632 -537.904 2242.5
316.999 239.536 2057.36
324.734 249.679 2125.78
377.216 270.173 1975.37
276.989 -968.862 2322.6
390.136 603.88 1883.25
252.679 -120.134 2209.55
224.209 -576.946 2200.09
332.469 259.821 2194.2
286.403 62.9375 2152.9
FRAME: 210
327.707 432.072 2165.05
394.564 427.602 1887.6
259.041 -863.103 2487.06
384.041 570.334 2043.73
241.358 -136.854 2120.94
215.656 -555.687 2147.72
324.157 230.954 2007.97
335.825 243.771 2103.91
382.431 243.481 1986.15
268.489 -988.156 2318.77
385.97 553.495 1901.8
252.168 -123.154 2211.1
223.969 -579.467 2200.47
347.493 256.588 2199.84
291.294 56.8834 2134.96
FRAME: 211
348.669 405.078 2142.29
410.635 404.31 1864.39
261.796 -871.813 2480.95
401.427 590.023 1997.75
246.069 -152.911 2123.83
227.766 -575.343 2124.47
336.174 190.938 1999.79
331.197 210.615 2072.57
385.888 310.942 1981.82
259.886 -970.231 2305.12
383.434 551.165 1916.51
241.016 -118.752 2222.94
216.438 -564.236 2202.75
326.22 230.293 2145.35
287.37 37.3919 2122.98
FRAME: 212
362.299 382.069 2123.92
411.227 375.187 1855.87
265.511 -882.766 2451.28
417.852 585.188 1983.96
249.68 -172.876 2103.29
228.868 -596.145 2107.5
343.747 160.887 1990.52
331.515 182.246 2056.12
380.497 342.171 1933.32
247.45 -956.766 2277.21
377.371 469.867 1921.51
231.365 -122.677 2225.39
206.555 -556.828 2173.79
319.283 203.606 2121.72
286.019 17.2349 2110.23
FRAME: 213
364.376 368.156 2113.57
412.028 364.902 1839.29
251.755 -900.219 2412.17
422.951 606.621 1948.55
247.359 -181.181 2087.8
221.646 -607.529 2098.98
341.697 148.832 1982.94
330.899 169.352 2052.41
391.817 336.745 1915.53
248.159 -936.32 2261.41
370.455 455.164 1901.09
229.671 -129.302 2219.56
200.81 -556.197 2156.11
320.1 189.871 2121.89
284.707 7.05522 2103.05
FRAME: 214
371.138 358.915 2100.45
413.63 363.033 1824.57
249.801 -910.396 2390.45
424.278 644.291 1898.55
243.893 -180.941 2084.52
211.05 -611.48 2097.78
343.099 148.757 1972.35
334.964 169.3 2046.94
401.069 315.251 1895.68
247.257 -937.469 2251.11
370.234 440.648 1889.28
229.5 -136.648 2205.21
197.993 -559.816 2089.95
326.829 189.842 2121.53
285.83 5.25279 2095.9
FRAME: 215
378.089 353.02 2092.08
422.036 359.279 1797.97
237.66 -922.245 2362.36
437.745 602.189 1892.17
241.556 -189.513 2071.1
210.666 -620.257 2080.57
348.348 145.406 1949.4
342.172 171.31 2033.38
401.702 292.801 1887.68
251.275 -932.859 2252.29
361.79 393.477 1889.93
232.621 -134.541 2211.49
202.638 -551.451 2086.01
335.995 197.214 2117.36
289.63 4.64146 2087.34
FRAME: 216
381.86 353.913 2083.42
415.4 323.41 1775
224.064 -927.006 2333.09
448.402 567.291 1860.46
224.458 -184.961 2056.61
201.925 -615.247 2070.14
337.836 155.042 1933.64
345.035 179.695 2019.46
409.188 276.303 1870.16
255.294 -939.928 2235.07
372.2 380.077 1853.38
238.469 -134.304 2201.15
204.222 -553.782 2073.78
352.234 204.348 2105.28
288.249 10.0312 2074.17
FRAME: 217
381.821 350.142 2071.98
400.734 281.324 1777.55
218.504 -925.576 2317.22
462.744 494.911 1844.82
222.316 -177.935 2052.83
195.587 -604.583 2067.94
342.049 158.721 1933.86
349.523 183.732 2016.55
407.062 264.273 1870.95
255.852 -942.609 2213.76
361.952 369.068 1806.11
239.502 -130.034 2193.3
202.498 -549.291 2062.59
356.997 208.743 2099.23
290.216 14.8739 2069.8
FRAME: 218
374.613 349.703 2059.81
391.623 247.019 1767.38
196.212 -921.563 2300.74
463.567 441.003 1833.43
211.814 -179.842 2044.16
162.074 -574.194 2092.18
328.763 164.005 1935.86
346.797 188.976 2021.07
411.444 233.218 1911.21
270.971 -913.866 2206.98
357.318 392.186 1782.67
250.501 -135.625 2187.47
219.114 -531.917 2047.34
364.832 213.948 2106.27
288.977 15.6213 2068.44
FRAME: 219
353.678 377.824 2046.96
387.473 226.382 1800.15
189.082 -886.798 2302.92
437.278 447.179 1820.9
193.826 -146.305 2064.4
152.867 -558.276 2098.42
296.64 224.465 1972.54
335.175 235.071 2024.68
417.127 217.174 1868.87
286.472 -901.965 2197.05
364.831 462.566 1740.94
260.52 -126.694 2160.33
227.154 -531.434 2035.31
373.71 245.677 2076.82
281.174 49.2859 2068.52
FRAME: 220
346.873 414.146 2044.3
335.816 196.94 1955.04
180.878 -846.599 2349.6
368.439 399.347 1855.44
169.695 -103.632 2115.52
137.584 -524.095 2154.47
274.361 320.837 2109.6
345.862 302.097 2095.41
439.437 226.679 1838.71
304.739 -900.978 2163.54
393.09 461.509 1729.12
261.641 -126.194 2114.85
234.955 -530.135 2000.43
417.363 283.356 2081.23
280.765 93.5919 2105.3
FRAME: 221
336.899 583.684 2063.57
308.874 213.574 2007.12
180.144 -830.274 2369.77
366.258 412.691 1821.58
171.324 -64.8817 2124.12
125.244 -480.558 2190.07
275.642 356.798 2142.26
347.075 333.121 2103.96
428.752 220.135 1810.89
312.96 -869.491 2171.35
389.1 487.833 1699.77
256.193 -92.2514 2097.25
242.846 -502.575 2009.33
418.508 309.445 2065.66
280.417 127.277 2107.32
FRAME: 222
313.178 608.473 2047.52
282.796 230.821 2000.66
183.122 -826.667 2377.96
354.908 426.464 1765.26
166.049 -45.0012 2124.11
82.8075 -447.803 2225.67
266.176 368.876 2138.65
337.232 347.354 2093.78
445.704 237.247 1808.09
309.838 -852.337 2178.2
339.007 470.737 1641.37
256.093 -71.4032 2081.69
249.957 -482.846 2024.27
408.288 325.831 2048.92
274.152 144.576 2098.34
FRAME: 223
281.159 606.044 2018.23
256.36 241.903 1976.5
188.33 -830.791 2364.21
342.495 359.763 1717.32
149.814 -22.6431 2115.11
90.1658 -446.5 2217.46
248.469 372.881 2127.87
325.533 347.906 2082.98
427.006 211.89 1811.42
296.858 -850.84 2196.96
262.799 459.7 1572.16
247.997 -54.7114 2062.83
246.306 -472.217 2043.51
402.598 322.932 2038.09
262.219 154.615 2085.97
FRAME: 224
279.71 535.098 1960.19
223.482 246.799 1976.37
195.466 -831.767 2364.85
281.378 353.984 1745.58
139.793 -32.633 2127.88
93.599 -456.098 2222.05
252.336 361.905 2143.57
321.27 338.15 2085.33
401.184 138.868 1809.25
284.606 -858.61 2203.65
239.684 377.583 1565.05
235.996 -65.703 2048.3
243.6 -486.353 2056.98
390.204 314.395 2027.09
254.582 144.491 2086.71
FRAME: 225
279.41 497.957 1945.05
177.951 257.1 1969.18
186.924 -846.352 2376.49
272.49 304.864 1736.51
134.231 -76.3115 2131.56
100.311 -489.325 2211.55
235.2 333.763 2140.88
304.266 314.051 2075.58
402.965 53.9435 1834.35
268.772 -887.567 2209.27
198.019 188.807 1561.82
243.577 -106.905 2029.75
247.103 -519.439 2072.55
373.333 294.34 2010.29
246.585 111.222 2078.12
FRAME: 226
306.032 439.162 1925.32
162.434 257.934 1952.87
158.505 -868.29 2361.61
167.911 345.894 1741.02
134.197 -104.519 2130.08
98.5788 -529.987 2196.81
210.88 303.36 2118.22
283.003 286.273 2058.32
397.723 34.4233 1835.14
273.481 -903.805 2222.61
191.577 124.83 1572.85
258.812 -134.089 2029.11
262.216 -546.126 2087.55
355.126 269.186 1998.42
239.754 83.4845 2068.96
FRAME: 227
333.55 377.216 1903.05
92.1479 321.193 1921.81
145.063 -868.686 2347.24
8.53772 456.379 1740.37
143.419 -129.663 2119.44
99.5946 -570.861 2164.52
191.71 263.299 2076
268.471 243.521 2014.59
405.282 -13.1247 1834.06
263.05 -918.758 2220.74
203.799 38.4355 1587.45
273.145 -161.88 2025.33
269.874 -571.69 2081.92
345.231 223.744 1953.18
238.376 48.8747 2043.49
FRAME: 228
367.161 355.076 1872.57
-0.538298 370.996 1894.07
130.003 -887.13 2319.59
-256.547 461.073 1789.2
137.132 -139.208 2101.6
106.11 -578.456 2142.03
181.564 243.692 2035.65
262.243 223.38 1984.71
385.931 -14.5152 1852.83
263.365 -921.278 2220.36
215.689 -39.9936 1622.47
283.346 -175.618 2013.1
277.325 -588.839 2055.66
342.922 203.067 1933.78
236.241 32.9834 2021.03
FRAME: 229
384.458 333.746 1849.39
-61.1471 300.344 1928.63
123.51 -872.818 2329.44
-302.011 349.713 1857.38
132.267 -152.929 2087.34
106.625 -571.519 2127.1
166.319 228.934 1997.97
250.159 208.404 1953.64
389.374 -22.532 1873.69
256.367 -921.368 2213.36
222.241 -102.853 1648.58
285.415 -190.648 2005.22
276.601 -605.251 2015.35
333.998 187.874 1909.3
229.5 18.3077 1999.96
FRAME: 230
376.962 328.607 1819.01
-119.204 236.203 1951.86
110.012 -919.552 2280.61
-351.207 161.891 1973.97
116.968 -166.137 2045.92
95.6505 -587.699 2104.11
139.737 208.987 1945.91
243.962 188.428 1914.22
456.467 -76.8359 1896.87
261.958 -910.383 2220.63
333.283 -256.117 1685.62
289.047 -200.074 1992.62
288.255 -607.756 2027.12
348.187 167.869 1882.53
223.485 2.66144 1966.74
FRAME: 231
362.432 335.263 1795.17
-129.944 197.574 1969.65
99.1055 -923.821 2256.9
-401.74 121.907 2001.07
111.339 -173.47 2035.13
92.5185 -591.618 2091.32
127.518 204.225 1922.58
247.058 178.882 1890.27
468.276 -87.1181 1901.4
268.283 -905.339 2228.51
344.776 -283.498 1709.38
292.737 -211.329 1985.61
294.191 -616.405 2030.56
366.598 153.538 1857.97
224.548 -6.75892 1950.32
FRAME: 232
348.338 340.242 1776.94
-140.262 164.046 1976.73
54.1862 -876.862 2242.89
-365.443 2.87789 2064.08
106.553 -180.321 2027.12
83.0903 -601.07 2078.81
115.41 199.594 1907.5
240.475 176.021 1878.4
472.965 -86.1149 1898.69
262.995 -901.211 2240.55
363.255 -293.708 1726.41
294.057 -215.313 1983.09
289.208 -609.081 2051.64
365.539 152.448 1849.29
220.39 -10.898 1941.75
FRAME: 233
327.901 344.471 1755.85
-144.396 144.113 1975.81
-105.378 -689.195 2215.62
-349.383 -53.2365 2070.92
100.963 -184.091 2017.33
67.853 -618.504 2074.16
104.076 194.886 1891.59
233.562 172.495 1866.53
475.801 -88.0322 1897.07
258.515 -920.107 2218.34
373.225 -299.486 1750.64
289.36 -216.618 1980.67
282.592 -620.727 2053.43
363.049 150.104 1841.46
214.362 -13.9298 1932.76
FRAME: 234
299.531 350.127 1738.39
-154.815 118.59 1977.17
-108.494 -771.619 2183.92
-342.178 -142.787 2095.76
88.0686 -192.208 2004.3
40.7711 -615.696 2074.24
88.2547 187.397 1877.37
222.231 166.514 1855.19
475.544 -87.0516 1900.84
249.913 -922.891 2213.02
382.545 -302.89 1771.36
284.441 -222.894 1971.74
272.28 -629.518 2046.14
356.208 145.631 1833
204.243 -20.5183 1921.6
FRAME: 235
254.582 349.615 1721.08
-153.211 69.0484 1982.06
-148.658 -799.042 2186.96
-330.449 -198.363 2076.59
74.9029 -195.704 1988.64
35.7612 -626.241 2048.23
60.806 176.743 1860.33
197.278 157.604 1834.17
457.778 -71.0623 1895.63
253.319 -977.105 2160.65
377.201 -322.987 1795.54
269.226 -222.977 1951.63
256.463 -642.648 2016.12
333.749 138.465 1808.01
184.671 -25.8682 1902.15
FRAME: 236
225.592 344.791 1711.46
-155.302 36.6743 1984.35
-140.213 -877.394 2161.4
-321.553 -251.476 2061.45
67.2207 -198.455 1975.57
24.5985 -641.157 2014.46
37.8408 169.106 1857.51
175.612 152.77 1825.01
444.405 -59.8568 1890.25
251.307 -993.713 2147.37
370.937 -330.358 1807.1
258.706 -221.193 1930.52
242.488 -655.04 1978.01
313.383 136.435 1792.5
169.288 -28.5269 1889.03
FRAME: 237
198.683 335.391 1704.46
-164.515 0.29785 1980.58
-28.9124 -970.073 2136.34
-324.389 -291.379 2046.72
51.8602 -216.163 1962.63
20.6324 -651.358 1985.87
11.9635 158.165 1857.06
152.507 146.423 1821.79
426.327 -64.008 1879.66
246.711 -1010.38 2144.97
358.428 -345.594 1818.01
250.538 -232.559 1912.98
235.375 -662.092 1947.41
293.05 134.682 1786.53
151.853 -38.9687 1879.8
FRAME: 238
177.63 327.093 1699.26
-167.946 -26.9449 1981.63
-28.3213 -991.576 2134.7
-309.961 -352.753 2030.23
43.8425 -236.378 1953.04
15.5323 -666.936 1976.55
-5.75463 141.271 1857.81
135.589 131.44 1818.38
409.536 -81.2035 1871.83
242.027 -1030.38 2125.21
344.119 -359.862 1817.05
236.291 -249.569 1899.46
226.921 -678.593 1920.32
276.932 121.609 1778.96
137.828 -55.7666 1872.32
FRAME: 239
163.636 323.023 1696.94
-166.957 -47.0711 1983.79
-14.2079 -1030.51 2121.57
-302.303 -366.344 2010.13
38.6229 -251.92 1950.16
12.0558 -679.464 1967.98
-14.8405 131.59 1855.95
123.02 121.718 1811.71
380.461 -108.044 1842.14
239.654 -1036.45 2127.33
319.175 -379.688 1805.56
223.129 -264.984 1891.05
213.267 -693.622 1905.54
260.88 111.847 1767.48
126.948 -68.3669 1866.16
FRAME: 240
145.271 321.356 1686.44
-156.584 -63.5512 1980.78
-10.7926 -1055.42 2115.17
-262.101 -362.419 1984.93
23.0015 -268.274 1930.64
0.249099 -695.488 1959.18
-22.7019 124.899 1846.21
109.531 114.102 1798.82
351.5 -123.773 1819.38
237.49 -1052.26 2110.01
276.313 -377.887 1784.37
203.927 -283.011 1865.88
207.104 -711.354 1884.5
241.765 103.304 1751.44
111.498 -80.7703 1848.54
FRAME: 241
131.254 323.239 1676.88
-146.025 -70.8605 1973.15
6.30324 -1071.67 2099.23
-247.3 -491.775 1898.37
11.8161 -271.152 1915.14
-9.65523 -698.063 1948.94
-28.4275 125.15 1833.29
100.556 114.12 1786.18
338.253 -129.272 1807.42
234.486 -1055.34 2091.12
242.911 -358.247 1767.1
192.47 -286.529 1849.15
193.681 -714.975 1865.55
229.54 103.09 1739.06
101.35 -82.3602 1834.16
FRAME: 242
123.657 326.773 1669.45
-133.131 -76.6524 1961.76
-15.4225 -1064.62 2089.61
-232.385 -400.919 1914.38
4.63309 -266.974 1900.1
-16.6734 -693.683 1939.72
-32.102 128.178 1821.92
95.9888 116.667 1775.1
329.305 -129.816 1792.01
229.015 -1056.01 2070.39
203.996 -350.338 1729.51
184.554 -283.083 1834.28
184.169 -711.595 1850.52
224.08 105.155 1728.28
95.2913 -79.1809 1821.15
FRAME: 243
118.645 332.461 1657.78
-119.026 -78.3496 1948.81
-15.4911 -1060.7 2071.68
-194.102 -463.398 1828.62
1.51081 -255.574 1885.39
-27.7394 -681.368 1930.36
-33.9139 132.254 1810.15
93.3095 120.622 1762.49
323.37 -124.601 1773.6
226.087 -1049.68 2045.43
140.995 -305.003 1674.95
181.704 -272.014 1817.83
180.481 -700.798 1831.76
220.533 108.99 1714.83
92.4584 -71.5859 1807.05
FRAME: 244
115.359 337.498 1643.8
-104.918 -63.4249 1939.68
-14.8361 -1058.81 2055.09
-185.774 -386.783 1842.41
3.95905 -247.751 1870.54
-25.2168 -673.51 1918.58
-33.7964 134.464 1796.55
93.1999 122.892 1748.06
319.178 -123.841 1755.04
224.075 -1045.44 2022.79
109.724 -280.294 1635.43
181.222 -263.896 1802.8
178.316 -693.021 1814.03
220.196 111.319 1699.58
92.8952 -66.4659 1792.37
FRAME: 245
114.692 339.057 1633.64
-98.6268 -58.8687 1935.71
-8.02084 -1062.56 2046.06
-179.242 -376.989 1828.12
6.68562 -248.021 1868.2
-16.4752 -674.127 1918.15
-32.9306 134.323 1787.57
93.7965 121.807 1737.89
318.598 -127.251 1747.17
221.255 -1051.26 2006.71
86.5992 -243.75 1597.44
181.464 -265.287 1799.66
173.054 -694.688 1805
220.524 109.292 1688.22
93.9358 -67.4233 1785.91
FRAME: 246
114.931 337.376 1624.22
-88.7931 -52.0468 1935.73
-6.30571 -1062.74 2040.77
-170.975 -365.212 1817.41
7.62025 -246.133 1868.74
-1.79725 -673.506 1912.23
-32.3191 133.136 1781.33
92.8505 119.054 1729.1
307.858 -130.598 1736.07
217.316 -1056.01 1985.02
66.6997 -211.429 1562.01
180.179 -265.534 1796.74
158.707 -694.91 1794.01
218.02 104.971 1676.87
93.3751 -68.39 1780.92
FRAME: 247
118.475 331.066 1610.7
-84.9156 -58.4029 1926.94
3.11798 -1061.61 2033.95
-156.735 -398.698 1788.9
11.5506 -238.403 1869.74
-7.17178 -666.161 1909.72
-29.7325 132.22 1776.07
93.2719 115.98 1720.43
299.068 -136.473 1716.33
211.742 -1051.51 1965.45
53.4907 -175.394 1527.53
179.476 -260.618 1793.75
157.435 -689.312 1774.98
216.276 99.74 1664.79
94.3925 -66.7651 1776.09
FRAME: 248
124.949 316.147 1588.6
-78.2627 -87.2203 1903.53
9.64721 -1063.28 2024.39
-148.275 -404.143 1786.44
17.3392 -248.999 1854.97
3.93122 -676.527 1888.12
-22.5275 125.152 1767.76
96.1221 111.463 1712.2
291.026 -143.312 1673.75
210.977 -1059.32 1950.96
44.5513 -86.4258 1482.85
186.41 -268.743 1775.49
166.721 -697.712 1756.42
214.772 97.7736 1656.65
98.9983 -73.704 1763.72
FRAME: 249
131.51 304.797 1574.92
-75.9005 -109.677 1878.5
13.6152 -1066.81 2019.11
-142.941 -433.051 1772.03
32.4212 -262.587 1823.78
0.625764 -690.11 1851.94
-14.7341 113.074 1753.47
101.757 105.228 1704.19
298.502 -141.73 1641.95
207.618 -1068.17 1931.56
55.4556 -36.0616 1467.65
193.721 -273.588 1755.17
177.544 -702.918 1741.04
218.248 97.3816 1654.91
107.414 -81.4299 1746.83
FRAME: 250
135.554 295.387 1564.13
-72.008 -124.019 1863.45
16.7314 -1072.12 2009.8
-132.276 -426.682 1781.37
38.4603 -270.702 1804.94
2.43441 -697.64 1838.54
-7.28318 106.355 1751.1
107.655 101.243 1704.57
297.987 -137.378 1632.1
205.063 -1075.96 1921.39
70.8818 4.27073 1459.01
198.519 -277.745 1740
179.186 -707.07 1737.15
222.593 96.1304 1658.04
113.072 -86.4903 1738.52
FRAME: 251
139.203 289.182 1556.45
-63.5072 -130.013 1859.27
17.7851 -1080.15 1995.07
-124.481 -429.04 1793.51
39.0388 -277.406 1795.87
-2.05155 -704.142 1826.81
-3.54079 101.101 1750.43
110.47 96.645 1704.03
295.023 -134.995 1597.98
206.547 -1085.71 1914.12
78.843 42.8829 1447.81
200.647 -283.599 1729.99
187.286 -713.08 1736.71
224.481 92.1887 1657.63
115.157 -91.9287 1733.48
FRAME: 252
142.873 282.983 1548.58
-40.9324 -138.188 1872.63
18.634 -1090.27 1980.77
-112.305 -449.617 1823.8
37.6077 -285.19 1787.35
-5.6578 -711.874 1817.85
1.24935 93.6987 1752.1
114.875 89.3146 1707.55
287.538 -126.109 1562.69
208.779 -1098.21 1908.2
104.235 88.5434 1438.31
200.972 -291.292 1723.31
191.197 -720.478 1741.84
228.501 84.9305 1663
117.083 -99.4631 1731.44
FRAME: 253
145.614 278.541 1541.72
-24.0201 -134.128 1877.11
18.8883 -1094.25 1969.89
-112.302 -451.84 1850.77
34.7794 -285.454 1783.41
-10.4402 -711.681 1817.85
8.28313 92.8086 1748.85
118.006 86.6703 1704.53
281.657 -127.03 1534.97
210.699 -1105.18 1901.73
107.337 105.726 1428.16
196.602 -294.42 1718.12
191.012 -723.377 1745.31
227.73 80.5321 1660.21
116.849 -101.633 1727.65
FRAME: 254
146.473 276.427 1534.23
-14.9935 -135.428 1881.18
21.8034 -1103.66 1961.75
-105.06 -450.458 1863.99
32.0953 -288.673 1784.45
-8.64411 -714.679 1827.09
10.1812 92.7899 1751.77
118.229 85.4643 1705.16
273.401 -127.471 1519.22
213.753 -1112.81 1893.9
108.26 118.16 1419.76
191.648 -299.416 1715.72
189.987 -728.332 1744.85
226.278 78.1387 1658.54
115.051 -104.29 1727.62
FRAME: 255
146.702 273.983 1530.75
-12.9702 -140.204 1889.83
23.4677 -1114.25 1959.26
-100.799 -440.425 1899.84
28.8122 -295.345 1791.32
-6.51369 -720.655 1840.56
12.0805 92.9871 1756.41
119.608 84.3085 1707.59
259.378 -125.354 1513.74
216.435 -1126.83 1884.36
107.949 127.812 1417.51
190.44 -308.375 1718
194.417 -737.17 1748.74
227.135 75.6298 1658.76
114.617 -108.776 1731.12
FRAME: 256
146.523 272.12 1528.03
-12.1059 -139.377 1897.47
26.567 -1116.68 1957.68
-90.4224 -434.506 1935.56
29.5397 -295.466 1798.89
-6.70398 -721.072 1846
18.1292 92.9032 1764.78
122.596 83.0837 1711.31
252.411 -123.691 1511.7
217.456 -1131.73 1876.37
104.286 137.154 1416.15
188.861 -310.572 1717.77
194.728 -739.369 1749.16
227.063 73.2642 1657.85
115.898 -109.968 1734.82
FRAME: 257
145.886 270.224 1526.88
-6.35255 -130.75 1917.65
23.2235 -1111.27 1950.71
-103.935 -458.723 1987.89
27.7337 -287.19 1819.13
3.3371 -714.504 1840.54
21.9371 94.4024 1768.75
122.944 82.0665 1711.64
241.924 -125.757 1508.21
221.248 -1132.01 1872.07
98.3232 125.128 1416.45
192.166 -307.563 1726.78
198.677 -736.464 1755.5
223.95 69.7307 1654.53
116.447 -107.655 1742.3
FRAME: 258
145.246 269.193 1526.78
0.830175 -109.308 1935.04
22.3026 -1106.22 1950.95
-88.7262 -453.396 2021.31
24.3789 -278.146 1830.01
4.71008 -704.222 1864.84
26.2486 99.3089 1766.93
124.675 83.6733 1709.57
231.607 -125.67 1509.7
223.352 -1130.65 1870.9
95.0186 131.946 1423.69
188.995 -304.673 1734.56
195.146 -732.85 1764.31
223.102 68.0378 1652.22
115.681 -103.868 1745.93
FRAME: 259
144.46 269.465 1527.61
3.63988 -85.1691 1941.17
22.5463 -1104.1 1950.33
-82.2943 -398.897 2028.26
22.4237 -274.313 1835.56
0.903973 -700.507 1872.9
30.3943 105.216 1765.17
125.526 87.6179 1708.4
226.317 -128.543 1510.46
219.242 -1131.62 1869.48
91.7854 131.888 1429
182.799 -304.218 1740.02
181.573 -730.433 1782.31
220.658 70.0194 1651.63
114.069 -100.824 1748.09
FRAME: 260
142.728 270.145 1530.15
21.3657 -30.6561 1876.42
21.8805 -1102.4 1958.88
-45.8244 -265.254 1973.96
19.3018 -272.104 1847.4
-3.82855 -696.694 1886.29
29.9728 108.075 1766.24
123.064 88.0457 1708.33
219.024 -129.151 1512.83
217.034 -1135.21 1872.55
105.276 131.574 1462.08
176.335 -305.695 1750.35
182.332 -732.382 1791.38
216.156 68.0167 1650.42
110.442 -100.427 1753.6
FRAME: 261
136.747 270.106 1542.83
9.89768 -49.6944 1861.83
24.5821 -1104.83 1967.02
-33.4121 -253.275 1951.39
20.4083 -274.119 1854.41
-6.13925 -697.272 1891.21
26.4159 108.747 1789.18
119.118 90.8936 1726.04
216.859 -121.752 1524.67
214.271 -1134.69 1870.45
98.9738 146.735 1467.79
171.799 -303.199 1752.36
179.658 -728.953 1804.1
211.82 73.0399 1662.89
107.611 -98.8826 1764.71
FRAME: 262
129.31 272.799 1555.95
-4.61133 -51.1842 1885.31
20.1083 -1089.79 1996.43
-48.4653 -256.187 2006.58
13.7018 -265.646 1878.14
-10.1779 -690.143 1908.28
16.9225 115.074 1796.49
111.307 93.4452 1731.87
212.138 -115.227 1540.89
209.566 -1135.11 1874.02
87.337 154.603 1493.79
164.046 -299.92 1775.15
179.517 -726.488 1822.06
205.691 71.8164 1667.24
100.09 -94.6688 1779.26
FRAME: 263
121.817 276.021 1571.75
-15.7147 -54.7094 1898.41
-34.9446 -990.15 2111.74
-54.6319 -276.86 2061.15
10.4652 -261.919 1887.3
-12.5589 -698.025 1905.02
9.40743 122.033 1804.21
106.292 101.642 1741.87
209.758 -99.5551 1564.44
206.712 -1132.22 1882.19
77.9426 158.95 1499.39
165.882 -294.397 1787.3
179.136 -721.841 1835.21
203.176 81.2512 1679.54
97.2326 -88.2581 1789.59
FRAME: 264
115.056 282.545 1587.88
-20.7071 -54.6616 1933.09
-75.3739 -942.93 2162.86
-63.4779 -319.841 2101.11
7.00673 -254.885 1897.85
-27.8802 -684.25 1912.68
2.13329 126.552 1814.01
98.1972 108.509 1755.94
207.541 -98.1442 1593.04
201.52 -1121.55 1893.38
74.0076 165.887 1506.63
163.477 -284.164 1803.34
179.17 -711.589 1849.54
194.261 90.4649 1697.86
91.7196 -80.5082 1803.26
FRAME: 265
109.444 287.829 1605.19
-28.6682 -57.8745 1937.02
-39.8391 -959.63 2162.12
-77.8784 -264.028 2102.96
1.93918 -244.229 1909.63
-32.3282 -677.311 1934.22
-7.95769 130.189 1828.65
90.0231 113.284 1770.06
201.9 -95.6213 1624.02
194.253 -1109.16 1899.12
67.7483 164.259 1524.6
161.09 -271.468 1815.01
173.61 -699.344 1855.28
188.004 96.3793 1711.48
85.7688 -72.2821 1816.19
FRAME: 266
98.8781 292.736 1629.28
-46.1904 -56.5604 1967.87
-51.8597 -945.181 2194.51
-104.658 -280.895 2143.42
-4.01359 -238.974 1930.55
-29.5033 -676.3 1951.55
-20.3959 133.581 1843.28
79.9927 118.265 1788.1
191.035 -89.0793 1640.54
191.719 -1104.79 1910.97
59.2826 174.819 1551.03
159.636 -263.802 1840.73
173.913 -691.353 1875.25
180.381 102.949 1732.92
78.9019 -66.5614 1836.87
FRAME: 267
87.1 296.906 1649.35
-58.5148 -53.3622 2015.28
-5.13136 -1035.64 2108.09
-135.202 -365.218 2205.77
-6.62153 -231.418 1947.26
-32.2068 -663.845 1974.09
-28.2883 138.801 1856.75
73.0447 123.441 1801.06
186.252 -78.9304 1653.71
185.915 -1098.62 1921.54
54.1541 179.475 1565.96
154.656 -255.716 1858.76
168.205 -682.812 1895.65
174.378 108.081 1745.37
73.5309 -60.063 1852.03
FRAME: 268
77.9549 301.311 1666.06
-71.6239 -44.3667 2045.28
-37.4755 -1013.36 2140.73
-151.571 -365.632 2222.65
-8.20442 -226.681 1960.04
-38.7957 -655.506 1997.11
-38.2781 139.278 1874.36
64.5499 125.448 1817.42
186.818 -76.8064 1673.48
181.042 -1094.63 1933.12
44.9277 177.146 1589.11
150.561 -247.836 1872.43
164.546 -674.899 1911.1
167.378 111.619 1760.48
67.864 -55.905 1866.83
FRAME: 269
69.8111 305.269 1681.59
-81.9132 -36.1697 2086.21
-7.76276 -1044.24 2114.21
-165.594 -354.128 2219.43
-13.3224 -222.569 1973.98
-48.1107 -648.931 2023.63
-47.4301 142.181 1886.59
56.7178 129.963 1832.06
181.634 -81.7229 1692.5
181.294 -1084.44 1944.53
37.7048 172.658 1602.35
147.811 -241.347 1889.87
163.988 -670.738 1922.97
160.866 117.745 1777.53
61.9811 -50.9975 1881.99
FRAME: 270
60.546 309.635 1693.81
-91.483 -30.3759 2094.09
-19.3849 -1025.4 2136.2
-169.409 -352.733 2213.09
-15.2301 -223.454 1980.17
-41.6218 -654.113 2027.7
-60.8197 151.812 1904.01
46.4263 144.462 1850.46
176.604 -67.5083 1696.3
180.117 -1091.42 1952.45
34.2003 186.412 1609.23
146.695 -234.466 1899.69
162.658 -666.455 1934.97
153.672 137.113 1796.91
56.0794 -42.2487 1895.2
FRAME: 271
49.4832 322.346 1715.11
-99.9143 -32.9184 2101.79
-20.7295 -1030.85 2142.54
-175.563 -364.601 2196.42
-21.1346 -220.192 1996.34
-47.354 -656.694 2055.35
-66.3832 161.662 1930.21
42.0132 155.545 1874.59
170.486 -50.7946 1707.89
175.051 -1083.64 1966.62
22.4976 185.597 1622.39
141.959 -229.412 1913.4
161.831 -658.337 1948.11
150.41 149.429 1818.97
51.2127 -34.6284 1914.73
FRAME: 272
42.7027 328.074 1729.03
-104.251 -33.8086 2110.96
-22.2422 -1045.53 2145.61
-192.519 -352.639 2193.45
-23.59 -220.827 2005.64
-50.0722 -655.528 2077.28
-73.3708 167.223 1949.65
36.9708 163.594 1893.11
170.089 -42.4668 1729.42
171.854 -1091.64 1977.29
19.4529 184.768 1630.89
142.039 -226.384 1921.13
166.46 -651.865 1957.25
147.312 159.966 1836.57
48.0976 -30.0055 1928.25
FRAME: 273
38.4622 333.453 1738.05
-108.721 -30.3584 2111.12
-20.8812 -1061.56 2145.8
-194.636 -359.965 2192.33
-26.1375 -216.44 2010.84
-56.1881 -656.435 2085.04
-76.6855 170.543 1951.62
33.8527 168.253 1899.35
173.873 -42.9891 1744.66
162.412 -1072.93 1994.27
20.9108 188.102 1644.8
144.685 -219.952 1930.15
164.388 -649.233 1960.59
144.391 165.963 1847.09
46.5632 -24.9716 1934.92
FRAME: 274
35.5476 338.331 1745.5
-107.958 -26.4535 2113.69
-20.5506 -1067.12 2146.26
-197.079 -361.76 2174.9
-27.9852 -213.956 2018.53
-48.3157 -656.846 2093.16
-76.6234 170.687 1954.95
32.6621 167.839 1903.06
172.418 -41.9338 1749.71
176.435 -1087.1 1991.79
20.4682 190.146 1660.88
144.396 -218.393 1936.75
165.741 -644.802 1967.52
141.948 164.991 1851.18
45.4337 -24.1678 1940.35
FRAME: 275
32.9396 340.723 1753.22
-109.406 -24.6204 2115.1
-14.8757 -1057.3 2158.85
-199.161 -373.999 2170.07
-26.4112 -210.09 2021.93
-44.7538 -650.195 2099.22
-76.6912 173.795 1963.45
33.3188 172.352 1912.38
176.795 -33.6905 1769.43
178.4 -1076.77 1994.55
14.6913 179.007 1663.63
147.395 -212.329 1941.27
167.798 -642.38 1970.25
143.329 170.909 1861.3
46.9053 -19.4286 1946.99
FRAME: 276
28.196 347.376 1766.12
-110.631 -25.2468 2114.17
-3.67439 -1057.19 2163.34
-194.696 -352.405 2158.29
-23.5606 -206.561 2029.19
-35.7023 -648.876 2105.77
-76.8652 173.767 1969
33.3662 173.329 1918.41
186.892 -30.4392 1783.2
178.896 -1087.58 2004.49
13.0802 181.17 1688.34
152.413 -207.14 1948.37
172.625 -641.617 1979.9
143.598 172.89 1867.81
48.8961 -16.7609 1953.59
FRAME: 277
24.9274 355.824 1777.81
-113.171 -28.0645 2110.63
-6.5433 -1061.67 2162.3
-197.643 -372.214 2147.5
-20.9024 -208.291 2033.76
-28.9528 -649.496 2105.69
-74.7984 177.596 1978.59
35.3877 177.412 1926.18
200.192 -27.4963 1803.08
181.817 -1085.62 2010.62
15.7008 185.284 1704.64
153.453 -208.484 1950.67
176.354 -642.189 1988.92
145.574 177.228 1873.77
50.8314 -15.4878 1959.2
FRAME: 278
23.0072 360.234 1786.72
-112.473 -26.193 2115.24
13.8546 -1058.82 2168.8
-189.688 -363.617 2145.53
-18.0926 -205.647 2038.5
-21.4538 -647.669 2106.76
-72.9024 180.437 1984.52
37.5519 181.757 1934.11
205.07 -27.4752 1814.49
178.143 -1080.19 2022.72
21.7127 188.184 1719.97
160.835 -203.464 1956.89
181.262 -640.249 1994.75
148.006 183.077 1883.69
54.4616 -11.3991 1965.9
FRAME: 279
23.6637 368.751 1800.07
-113.391 -32.0626 2113.9
13.0196 -1059.35 2177.94
-191.897 -373.551 2137.9
-15.1134 -208.566 2043.84
-19.719 -651.084 2108.17
-69.7593 183.047 1995.55
40.6981 184.352 1943.3
206.343 -21.8562 1825.51
180.751 -1076.94 2031.2
26.1661 199.07 1731.49
162.139 -206.38 1960.11
185.209 -642.077 2004.48
151.155 185.657 1891.04
57.1054 -11.5604 1972.64
FRAME: 280
26.5445 370.301 1807.49
-111.529 -29.0744 2123.57
28.6069 -1037.54 2194.76
-183.531 -373.525 2140.06
-11.3445 -206.987 2049.9
-13.5755 -654.336 2117.51
-61.6735 188.749 2010.98
48.1287 189.019 1953.72
208.597 -15.4452 1833.9
180.887 -1070.04 2035.47
32.4539 204.225 1739.65
162.714 -206.522 1959.41
185.409 -640.641 2007.25
157.931 189.289 1896.45
61.9067 -8.86791 1979.18
FRAME: 281
30.8041 375.72 1820.6
-101.744 -31.2822 2139.77
29.0902 -1040.18 2191.98
-171.722 -369.435 2144.08
-7.25414 -209.704 2056.52
-7.6472 -664.839 2124.71
-57.9464 188.74 2016.95
51.1777 189.053 1960.14
211.457 -17.9805 1843.66
185.601 -1079.94 2047.34
40.2593 212.458 1756.34
166.398 -209.11 1966.43
190.321 -646.559 2022.34
160.302 189.366 1903.32
65.3748 -10.1769 1985.81
FRAME: 282
34.9492 376.806 1829.15
-98.4947 -37.492 2155.38
27.7082 -1061.82 2196.54
-168.345 -419.721 2130.73
-4.70201 -214.085 2063.14
-11.6722 -664.252 2125.36
-51.6119 186.854 2030.86
59.3997 187.425 1975.57
210.301 -17.6887 1843.74
188.099 -1074.59 2064.02
44.5553 211.937 1756.02
171.853 -213.154 1975.49
195.119 -654.175 2036.53
170.411 187.997 1920.29
71.4877 -13.0971 1997.44
FRAME: 283
41.0479 379.916 1840.26
-94.3712 -42.5289 2165.07
23.2691 -1065.89 2203.95
-156.052 -390.288 2152.99
0.404288 -216.649 2071.2
-10.6722 -666.591 2128.56
-42.7838 186.631 2039.91
66.2996 186.088 1982.26
209.669 -19.5706 1844.08
187.4 -1060.24 2082
56.9441 213.513 1773.88
174.594 -217.464 1979.25
197.813 -655.403 2043.08
175.383 185.546 1924.61
76.8995 -15.4842 2003.74
FRAME: 284
50.5823 383.898 1851.3
-86.037 -47.6094 2174.66
25.4479 -1070.32 2211.33
-148.282 -398.182 2171.94
11.4838 -217.992 2083.22
-8.68982 -668.973 2136.69
-33.2774 188.085 2051.22
72.3211 187.153 1989.97
217.129 -21.5397 1853.79
189.705 -1066.44 2090.68
65.4137 218.012 1784.36
178.793 -219.446 1986.24
196.611 -654.742 2051.75
177.92 186.22 1928.71
83.7297 -15.7831 2012.35
FRAME: 285
60.4104 387.906 1861.88
-72.7582 -41.2336 2187.4
25.6887 -1077.19 2219.57
-132.817 -367.621 2194.72
21.6381 -211.542 2094.93
-1.22098 -669.612 2148.86
-20.9769 188.431 2061.94
85.9877 185.141 1997.34
225.619 -24.2852 1856.91
196.04 -1037.22 2135.44
74.6689 226.971 1793.03
184.519 -216.539 1996.38
202.353 -648.132 2062.56
192.952 181.852 1932.73
94.5331 -14.4498 2021.5
FRAME: 286
73.3602 387.297 1872.41
-58.2434 -31.4865 2210.92
36.5891 -1059.56 2223.97
-133.695 -406.138 2208.51
25.1148 -205.973 2101.83
4.74439 -653.279 2150.99
-17.4326 197.187 2073.58
93.3287 195.388 2017.09
231.382 -22.4108 1868.56
198.124 -1058.67 2112.84
84.0008 233.012 1808.21
194.521 -208.587 2015.32
205.404 -638.788 2073.99
204.09 193.588 1960.6
101.573 -5.94612 2037.83
FRAME: 287
85.5528 389.932 1880.43
-48.6314 -30.4025 2220.27
27.9035 -1065.04 2223.26
-113.745 -387.732 2231.84
33.2122 -202.828 2106.69
9.0716 -647.764 2137.89
-11.9123 197.965 2081.42
102.574 196.24 2029.56
240.714 -14.6212 1860.66
206.735 -1044.51 2147.26
93.3842 237.305 1808.71
202.366 -205.199 2030.42
218.693 -632.559 2094.03
217.06 194.515 1977.71
110.181 -3.88685 2049.06
FRAME: 288
98.9038 387.296 1890.81
-42.3495 -40.6884 2229.6
23.4283 -1058.99 2232.65
-125.157 -444.701 2246.99
43.1205 -201.048 2121.09
22.5814 -648.841 2149.24
-4.27964 199.213 2092.4
109.645 197.148 2035.89
245.34 -12.8369 1875.01
210.631 -1032.91 2160.83
107.946 241.262 1822.42
207.985 -203.958 2039.42
221.446 -627.497 2097.17
223.569 195.082 1979.38
117.599 -2.67754 2058.07
FRAME: 289
122.908 388.928 1905.83
-28.3045 -39.7792 2247.12
27.4683 -1063.41 2239.01
-100.902 -409.901 2301.98
54.0349 -198.875 2143.25
36.7294 -645.876 2170.52
11.4698 196.461 2109.99
126.843 192.011 2051.08
258.665 -17.7972 1892.05
216.858 -1028.71 2188.75
137.656 238.951 1848.18
220.94 -205.172 2058.17
234.537 -622.597 2127.84
242.217 187.56 1992.17
132.165 -5.00646 2075.89
FRAME: 290
140.278 386.55 1919.96
-9.61761 -26.6045 2275.98
-54.7181 -921.997 2273.52
-72.5773 -360.125 2338.74
80.1126 -184.628 2169.05
63.8562 -633.131 2185.68
35.2624 193.463 2125.79
147.618 186.448 2064.42
270.791 -14.4576 1890.18
229.486 -1008.46 2299.59
148.478 252.779 1859.09
236.524 -194.439 2083.77
248.255 -623.544 2162.54
259.973 179.432 2003.05
152.968 -1.54288 2095.42

