FRAME: 0
0 0 0
0 0 0
0 0 0
0 0 0
0 0 0
0 0 0
0 0 0
0 0 0
0 0 0
0 0 0
0 0 0
0 0 0
0 0 0
0 0 0
0 0 0
FRAME: 1
0 0 0
0 0 0
0 0 0
0 0 0
0 0 0
0 0 0
0 0 0
0 0 0
0 0 0
0 0 0
0 0 0
0 0 0
0 0 0
0 0 0
0 0 0
FRAME: 2
0 0 0
0 0 0
0 0 0
0 0 0
0 0 0
0 0 0
0 0 0
0 0 0
0 0 0
0 0 0
0 0 0
0 0 0
0 0 0
0 0 0
0 0 0
FRAME: 3
0 0 0
0 0 0
0 0 0
0 0 0
0 0 0
0 0 0
0 0 0
0 0 0
0 0 0
0 0 0
0 0 0
0 0 0
0 0 0
0 0 0
0 0 0
FRAME: 4
0 0 0
0 0 0
0 0 0
0 0 0
0 0 0
0 0 0
0 0 0
0 0 0
0 0 0
0 0 0
0 0 0
0 0 0
0 0 0
0 0 0
0 0 0
FRAME: 5
0 0 0
0 0 0
0 0 0
0 0 0
0 0 0
0 0 0
0 0 0
0 0 0
0 0 0
0 0 0
0 0 0
0 0 0
0 0 0
0 0 0
0 0 0
FRAME: 6
0 0 0
0 0 0
0 0 0
0 0 0
0 0 0
0 0 0
0 0 0
0 0 0
0 0 0
0 0 0
0 0 0
0 0 0
0 0 0
0 0 0
0 0 0
FRAME: 7
0 0 0
0 0 0
0 0 0
0 0 0
0 0 0
0 0 0
0 0 0
0 0 0
0 0 0
0 0 0
0 0 0
0 0 0
0 0 0
0 0 0
0 0 0
FRAME: 8
0 0 0
0 0 0
0 0 0
0 0 0
0 0 0
0 0 0
0 0 0
0 0 0
0 0 0
0 0 0
0 0 0
0 0 0
0 0 0
0 0 0
0 0 0
FRAME: 9
0 0 0
0 0 0
0 0 0
0 0 0
0 0 0
0 0 0
0 0 0
0 0 0
0 0 0
0 0 0
0 0 0
0 0 0
0 0 0
0 0 0
0 0 0
FRAME: 10
0 0 0
0 0 0
0 0 0
0 0 0
0 0 0
0 0 0
0 0 0
0 0 0
0 0 0
0 0 0
0 0 0
0 0 0
0 0 0
0 0 0
0 0 0
FRAME: 11
0 0 0
0 0 0
0 0 0
0 0 0
0 0 0
0 0 0
0 0 0
0 0 0
0 0 0
0 0 0
0 0 0
0 0 0
0 0 0
0 0 0
0 0 0
FRAME: 12
0 0 0
0 0 0
0 0 0
0 0 0
0 0 0
0 0 0
0 0 0
0 0 0
0 0 0
0 0 0
0 0 0
0 0 0
0 0 0
0 0 0
0 0 0
FRAME: 13
0 0 0
0 0 0
0 0 0
0 0 0
0 0 0
0 0 0
0 0 0
0 0 0
0 0 0
0 0 0
0 0 0
0 0 0
0 0 0
0 0 0
0 0 0
FRAME: 14
0 0 0
0 0 0
0 0 0
0 0 0
0 0 0
0 0 0
0 0 0
0 0 0
0 0 0
0 0 0
0 0 0
0 0 0
0 0 0
0 0 0
0 0 0
FRAME: 15
0 0 0
0 0 0
0 0 0
0 0 0
0 0 0
0 0 0
0 0 0
0 0 0
0 0 0
0 0 0
0 0 0
0 0 0
0 0 0
0 0 0
0 0 0
FRAME: 16
0 0 0
0 0 0
0 0 0
0 0 0
0 0 0
0 0 0
0 0 0
0 0 0
0 0 0
0 0 0
0 0 0
0 0 0
0 0 0
0 0 0
0 0 0
FRAME: 17
0 0 0
0 0 0
0 0 0
0 0 0
0 0 0
0 0 0
0 0 0
0 0 0
0 0 0
0 0 0
0 0 0
0 0 0
0 0 0
0 0 0
0 0 0
FRAME: 18
0 0 0
0 0 0
0 0 0
0 0 0
0 0 0
0 0 0
0 0 0
0 0 0
0 0 0
0 0 0
0 0 0
0 0 0
0 0 0
0 0 0
0 0 0
FRAME: 19
0 0 0
0 0 0
0 0 0
0 0 0
0 0 0
0 0 0
0 0 0
0 0 0
0 0 0
0 0 0
0 0 0
0 0 0
0 0 0
0 0 0
0 0 0
FRAME: 20
0 0 0
0 0 0
0 0 0
0 0 0
0 0 0
0 0 0
0 0 0
0 0 0
0 0 0
0 0 0
0 0 0
0 0 0
0 0 0
0 0 0
0 0 0
FRAME: 21
0 0 0
0 0 0
0 0 0
0 0 0
0 0 0
0 0 0
0 0 0
0 0 0
0 0 0
0 0 0
0 0 0
0 0 0
0 0 0
0 0 0
0 0 0
FRAME: 22
0 0 0
0 0 0
0 0 0
0 0 0
0 0 0
0 0 0
0 0 0
0 0 0
0 0 0
0 0 0
0 0 0
0 0 0
0 0 0
0 0 0
0 0 0
FRAME: 23
0 0 0
0 0 0
0 0 0
0 0 0
0 0 0
0 0 0
0 0 0
0 0 0
0 0 0
0 0 0
0 0 0
0 0 0
0 0 0
0 0 0
0 0 0
FRAME: 24
0 0 0
0 0 0
0 0 0
0 0 0
0 0 0
0 0 0
0 0 0
0 0 0
0 0 0
0 0 0
0 0 0
0 0 0
0 0 0
0 0 0
0 0 0
FRAME: 25
0 0 0
0 0 0
0 0 0
0 0 0
0 0 0
0 0 0
0 0 0
0 0 0
0 0 0
0 0 0
0 0 0
0 0 0
0 0 0
0 0 0
0 0 0
FRAME: 26
0 0 0
0 0 0
0 0 0
0 0 0
0 0 0
0 0 0
0 0 0
0 0 0
0 0 0
0 0 0
0 0 0
0 0 0
0 0 0
0 0 0
0 0 0
FRAME: 27
0 0 0
0 0 0
0 0 0
0 0 0
0 0 0
0 0 0
0 0 0
0 0 0
0 0 0
0 0 0
0 0 0
0 0 0
0 0 0
0 0 0
0 0 0
FRAME: 28
0 0 0
0 0 0
0 0 0
0 0 0
0 0 0
0 0 0
0 0 0
0 0 0
0 0 0
0 0 0
0 0 0
0 0 0
0 0 0
0 0 0
0 0 0
FRAME: 29
0 0 0
0 0 0
0 0 0
0 0 0
0 0 0
0 0 0
0 0 0
0 0 0
0 0 0
0 0 0
0 0 0
0 0 0
0 0 0
0 0 0
0 0 0
FRAME: 30
0 0 0
0 0 0
0 0 0
0 0 0
0 0 0
0 0 0
0 0 0
0 0 0
0 0 0
0 0 0
0 0 0
0 0 0
0 0 0
0 0 0
0 0 0
FRAME: 31
0 0 0
0 0 0
0 0 0
0 0 0
0 0 0
0 0 0
0 0 0
0 0 0
0 0 0
0 0 0
0 0 0
0 0 0
0 0 0
0 0 0
0 0 0
FRAME: 32
0 0 0
0 0 0
0 0 0
0 0 0
0 0 0
0 0 0
0 0 0
0 0 0
0 0 0
0 0 0
0 0 0
0 0 0
0 0 0
0 0 0
0 0 0
FRAME: 33
0 0 0
0 0 0
0 0 0
0 0 0
0 0 0
0 0 0
0 0 0
0 0 0
0 0 0
0 0 0
0 0 0
0 0 0
0 0 0
0 0 0
0 0 0
FRAME: 34
0 0 0
0 0 0
0 0 0
0 0 0
0 0 0
0 0 0
0 0 0
0 0 0
0 0 0
0 0 0
0 0 0
0 0 0
0 0 0
0 0 0
0 0 0
FRAME: 35
0 0 0
0 0 0
0 0 0
0 0 0
0 0 0
0 0 0
0 0 0
0 0 0
0 0 0
0 0 0
0 0 0
0 0 0
0 0 0
0 0 0
0 0 0
FRAME: 36
0 0 0
0 0 0
0 0 0
0 0 0
0 0 0
0 0 0
0 0 0
0 0 0
0 0 0
0 0 0
0 0 0
0 0 0
0 0 0
0 0 0
0 0 0
FRAME: 37
0 0 0
0 0 0
0 0 0
0 0 0
0 0 0
0 0 0
0 0 0
0 0 0
0 0 0
0 0 0
0 0 0
0 0 0
0 0 0
0 0 0
0 0 0
FRAME: 38
0 0 0
0 0 0
0 0 0
0 0 0
0 0 0
0 0 0
0 0 0
0 0 0
0 0 0
0 0 0
0 0 0
0 0 0
0 0 0
0 0 0
0 0 0
FRAME: 39
0 0 0
0 0 0
0 0 0
0 0 0
0 0 0
0 0 0
0 0 0
0 0 0
0 0 0
0 0 0
0 0 0
0 0 0
0 0 0
0 0 0
0 0 0
FRAME: 40
0 0 0
0 0 0
0 0 0
0 0 0
0 0 0
0 0 0
0 0 0
0 0 0
0 0 0
0 0 0
0 0 0
0 0 0
0 0 0
0 0 0
0 0 0
FRAME: 41
0 0 0
0 0 0
0 0 0
0 0 0
0 0 0
0 0 0
0 0 0
0 0 0
0 0 0
0 0 0
0 0 0
0 0 0
0 0 0
0 0 0
0 0 0
FRAME: 42
0 0 0
0 0 0
0 0 0
0 0 0
0 0 0
0 0 0
0 0 0
0 0 0
0 0 0
0 0 0
0 0 0
0 0 0
0 0 0
0 0 0
0 0 0
FRAME: 43
0 0 0
0 0 0
0 0 0
0 0 0
0 0 0
0 0 0
0 0 0
0 0 0
0 0 0
0 0 0
0 0 0
0 0 0
0 0 0
0 0 0
0 0 0
FRAME: 44
0 0 0
0 0 0
0 0 0
0 0 0
0 0 0
0 0 0
0 0 0
0 0 0
0 0 0
0 0 0
0 0 0
0 0 0
0 0 0
0 0 0
0 0 0
FRAME: 45
0 0 0
0 0 0
0 0 0
0 0 0
0 0 0
0 0 0
0 0 0
0 0 0
0 0 0
0 0 0
0 0 0
0 0 0
0 0 0
0 0 0
0 0 0
FRAME: 46
0 0 0
0 0 0
0 0 0
0 0 0
0 0 0
0 0 0
0 0 0
0 0 0
0 0 0
0 0 0
0 0 0
0 0 0
0 0 0
0 0 0
0 0 0
FRAME: 47
0 0 0
0 0 0
0 0 0
0 0 0
0 0 0
0 0 0
0 0 0
0 0 0
0 0 0
0 0 0
0 0 0
0 0 0
0 0 0
0 0 0
0 0 0
FRAME: 48
0 0 0
0 0 0
0 0 0
0 0 0
0 0 0
0 0 0
0 0 0
0 0 0
0 0 0
0 0 0
0 0 0
0 0 0
0 0 0
0 0 0
0 0 0
FRAME: 49
0 0 0
0 0 0
0 0 0
0 0 0
0 0 0
0 0 0
0 0 0
0 0 0
0 0 0
0 0 0
0 0 0
0 0 0
0 0 0
0 0 0
0 0 0
FRAME: 50
0 0 0
0 0 0
0 0 0
0 0 0
0 0 0
0 0 0
0 0 0
0 0 0
0 0 0
0 0 0
0 0 0
0 0 0
0 0 0
0 0 0
0 0 0
FRAME: 51
0 0 0
0 0 0
0 0 0
0 0 0
0 0 0
0 0 0
0 0 0
0 0 0
0 0 0
0 0 0
0 0 0
0 0 0
0 0 0
0 0 0
0 0 0
FRAME: 52
0 0 0
0 0 0
0 0 0
0 0 0
0 0 0
0 0 0
0 0 0
0 0 0
0 0 0
0 0 0
0 0 0
0 0 0
0 0 0
0 0 0
0 0 0
FRAME: 53
0 0 0
0 0 0
0 0 0
0 0 0
0 0 0
0 0 0
0 0 0
0 0 0
0 0 0
0 0 0
0 0 0
0 0 0
0 0 0
0 0 0
0 0 0
FRAME: 54
-44.958 610.074 2258.73
-147.198 269.547 2606.15
69.995 -835.464 2777.14
-282.184 188.827 2623.88
67.5784 -12.3338 2530.51
16.6 -471.854 2602.67
-46.2984 405.223 2516.75
5.83431 377.557 2357.19
-75.1442 177.007 2272.6
159.928 -919.427 2470.95
-137.632 288.197 2541.78
116.755 -38.4309 2380
94.0454 -499.17 2363.53
57.967 349.891 2197.62
49.0004 176.087 2406.22
FRAME: 55
-40.524 586.757 2227.52
-106.699 209.014 2570.25
68.8936 -841.081 2791.17
-211.97 129.795 2539.34
73.0195 -36.0117 2523.78
13.1186 -479.099 2619.27
-40.681 389.027 2502.29
12.4052 365.901 2350.95
-77.0994 176.258 2273.54
160.933 -915.54 2476.23
-192.21 254.009 2566.58
128.898 -60.2636 2364.95
90.5167 -511.843 2355.68
65.4914 342.775 2199.62
56.682 158.882 2397.66
FRAME: 56
-35.6605 575.133 2228.23
-136.557 186.268 2529.57
71.2328 -876.65 2757.16
-164.265 114.104 2421.72
69.8603 -40.9702 2522.35
14.6889 -495.881 2601.13
-42.0426 364.468 2488.89
15.3653 341.782 2339.41
60.2026 116.947 2206.96
169.589 -936.216 2459.73
-168.145 173.031 2455.84
136.226 -66.2107 2356.07
95.4289 -523.329 2345.49
72.7733 319.097 2189.93
59.2042 144.096 2389.31
FRAME: 57
-35.7572 566.359 2197.95
-94.2871 174.564 2524.06
70.1064 -863.439 2774.21
-166.989 119.249 2543.9
81.8955 -64.4516 2501.13
19.8085 -505.667 2606.72
-35.0232 361.107 2468.54
18.7898 337.214 2318.81
6.31747 131.693 2188.3
167.428 -928.557 2461.67
-141.46 137.804 2377.71
142.244 -90.5403 2338.76
98.2602 -535.01 2340.77
72.6029 313.322 2169.08
65.4298 129.859 2369.38
FRAME: 58
-34.3306 563.135 2185.01
-74.1832 152.517 2520.14
75.5882 -867.965 2775.24
-172.172 72.54 2523.19
89.5533 -59.194 2490.65
25.3971 -511.329 2582.74
-19.5583 364.495 2448.07
25.5037 335.201 2297.82
-21.3174 87.2461 2212.74
164.061 -930.123 2459.41
-170.495 96.0983 2459.42
140.857 -93.544 2324.41
96.3503 -540.444 2327.5
70.5657 305.907 2147.57
70.3545 129.416 2352.68
FRAME: 59
-28.5864 553.172 2160.16
-21.65 114.215 2488.54
78.1233 -866.79 2768.66
-134.599 -8.18674 2512.45
93.958 -59.8603 2478.38
30.582 -505.751 2574.55
-5.62586 353.746 2402.19
37.1747 320.521 2265.6
22.0655 44.5152 2194.59
164.453 -933.189 2455.01
-175.655 -28.5346 2440.5
147.758 -101.931 2313.48
101.592 -547.289 2315.52
79.9753 287.296 2129.02
79.0163 119.813 2330.77
FRAME: 60
-25.6351 548 2142.88
3.36859 100.345 2459.06
77.5267 -861.869 2737.71
-135.55 -51.894 2450.57
97.9625 -64.2055 2462.9
33.5473 -507.403 2561.38
4.40582 341.823 2362.61
48.4886 304.191 2236.71
11.2996 26.4887 2189.86
165.296 -941.536 2451.24
-172.282 -113.199 2397.91
152.383 -111.694 2309.08
110.546 -552.396 2309.61
92.5715 266.56 2110.81
86.8307 108.121 2311.35
FRAME: 61
-19.5561 545.694 2142.42
13.2757 117.672 2464.95
77.6132 -855.545 2728.03
-82.822 -74.3713 2483.57
98.8201 -47.2427 2458.5
36.5101 -492.706 2544.45
10.4667 339.096 2347.84
55.4287 296.402 2222.92
31.403 29.0608 2172.99
167.946 -948.788 2441.5
-139.665 -167.012 2317.91
156.88 -103.344 2297.41
112.458 -552.241 2302.36
100.391 253.708 2097.99
91.6393 110.554 2300.44
FRAME: 62
-15.5489 540.653 2128.86
19.8145 84.5047 2422.13
75.3054 -857.293 2703.62
-38.2471 -124.918 2448.7
97.4691 -54.3965 2448.73
35.395 -489.807 2534.12
15.5021 336.741 2324.14
63.0512 290.37 2204.16
53.3424 1.80956 2162.17
169.053 -954.205 2443
-123.142 -226.887 2250.83
156.739 -112.132 2299.36
122.674 -558.039 2302.53
110.6 243.999 2084.17
95.0776 103.553 2289.1
FRAME: 63
-12.6411 536.526 2113.31
29.3404 119.56 2437.84
71.0057 -856.312 2714.76
-55.7554 -76.7943 2479.88
91.1773 -60.1236 2421.84
26.7962 -484.588 2518.62
14.1125 322.758 2305.22
70.2215 277.913 2193.75
67.2943 2.81794 2160.78
165.082 -930.195 2438.59
-73.2904 -258.639 2179.27
160.397 -115.703 2281.92
124.995 -558.142 2299.72
126.331 233.067 2082.28
98.0044 94.9996 2272.82
FRAME: 64
-7.68723 537.002 2100.81
35.4888 127.826 2444.1
67.0594 -853.601 2707.71
-58.4683 -70.372 2525.74
91.7779 -57.1021 2423.01
24.0732 -483.634 2523.87
14.0115 327.118 2307.45
71.8105 282.612 2193.31
93.9636 9.98438 2124.46
165.486 -935.535 2438.96
-29.5341 -260.021 2102.29
163.182 -112.375 2279.87
129.315 -559.154 2297.98
129.609 238.105 2079.17
99.6452 98.9364 2272.38
FRAME: 65
-4.83021 539.893 2099.2
50.1356 122.578 2467.99
59.2247 -836.225 2694.07
-73.7941 -75.2402 2567.68
86.4263 -43.4847 2424.13
36.1886 -494.925 2516.58
20.9498 340.528 2314.82
69.7618 294.914 2189.62
129.434 19.5501 2054.74
170.679 -957.478 2441.96
39.1383 -271.856 1965.03
149.986 -102.768 2261.57
138.159 -562.619 2301.38
118.574 249.301 2064.43
93.9839 110.894 2266.24
FRAME: 66
-1.03446 541.894 2079.38
53.6158 129.82 2463.41
53.0328 -824.679 2669.64
-83.3047 -66.7452 2542.56
89.0443 -26.0696 2391.14
46.3829 -454.624 2407.61
21.5616 345.182 2302.08
75.5634 304.514 2177.95
154.7 51.9959 2028.76
163.956 -902.32 2436.18
79.4108 -249.49 1884.26
159.705 -78.1475 2231.27
154.199 -513.683 2271.56
129.565 263.846 2053.82
99.9691 126.203 2244.58
FRAME: 67
0.744101 543.425 2065.98
56.4831 136.317 2452.31
54.053 -802.827 2677.46
-91.7003 -46.7535 2556.91
88.93 -11.7867 2387.8
56.105 -443.84 2394.86
22.0884 365.308 2295.94
80.1698 326.237 2175.53
181.313 73.7897 2019.15
168.781 -890.555 2423.34
119.981 -207.063 1858.98
164.053 -60.6193 2240.51
168.703 -492.856 2230.02
138.251 287.167 2055.12
103.331 145.017 2244.84
FRAME: 68
4.25249 543.441 2077.42
63.9297 150.473 2472.39
61.3216 -824.832 2673.07
-106.851 -36.6579 2524.4
100.375 -21.4365 2390.75
57.0372 -459.559 2398.07
28.0028 375.084 2308.06
76.6646 336.084 2177.71
203.536 54.7692 1998.46
167.469 -917.027 2427.91
149.23 -225.438 1805.31
159.287 -68.6259 2233.26
170.784 -503.869 2268.89
125.326 297.084 2047.37
103.248 145.526 2244.86
FRAME: 69
7.1621 549.095 2057.46
60.4614 155.168 2456.08
66.4022 -807.023 2654.47
-129.692 -31.2772 2536.02
95.6707 -15.947 2363.92
60.1512 -432.654 2363.31
26.0186 367.699 2282.56
82.5526 331.078 2160.47
212.625 54.8406 1990.08
165.063 -868.263 2406.42
154.4 -218.527 1718.46
167.104 -61.1533 2214.83
179.927 -475.301 2207.6
139.086 294.457 2038.38
106.97 146.264 2224.92
FRAME: 70
9.54282 551.282 2053.42
60.1616 158.81 2446.49
59.3487 -798.4 2657.03
-141.693 -24.658 2543.12
95.5108 -12.8606 2353.47
33.2301 -440.941 2336.34
28.9735 362.589 2276.2
82.7415 327.852 2152.86
218.46 65.7571 1971.09
173.041 -864.812 2393.67
186.867 -180.727 1682.21
163.13 -56.4293 2191.67
183.255 -468.031 2206.27
136.509 293.116 2029.53
106.031 146.604 2212.72
FRAME: 71
13.2994 553.483 2045.57
58.7687 151.245 2445.51
67.377 -807.52 2642.8
-117.375 -25.1466 2500.51
104.869 -12.383 2340.06
44.4933 -436.892 2371.75
36.3445 366.277 2281.78
84.5581 335.475 2150.21
225.251 83.0934 1911.71
175.312 -864.171 2408.4
206.367 -128.915 1633.22
161.88 -41.0666 2157.18
180.432 -457.715 2239.51
132.772 304.672 2018.65
108.966 154.375 2199.42
FRAME: 72
18.6008 543.1 1968.34
26.3461 162.208 2232.56
56.8702 -798.728 2633.64
10.7042 34.3221 1877.48
79.8822 1.08142 2325.06
26.6738 -417.529 2421.33
8.07491 286.184 1973.85
102.326 254.016 1907.38
244.938 67.8998 1725.37
194.344 -846.925 2443.37
268.353 -43.6567 1434.88
190.287 -56.305 2229.16
199.25 -449.866 2261.86
196.577 221.848 1840.91
118.705 113.202 2092.24
FRAME: 73
20.1042 560.481 2030.34
32.9943 178.003 2366.44
64.1552 -796.506 2618.57
30.3032 75.5341 1931.16
79.4716 22.4001 2321.29
31.776 -407.065 2403.29
18.7271 332.544 2056.4
108.774 300.61 1995.41
251.262 77.9934 1793.2
196.052 -848.593 2430.01
271.946 73.1634 1529.03
196.493 -42.1346 2223.22
194.233 -449 2236.34
198.82 268.677 1934.42
123.378 145.372 2133.83
FRAME: 74
26.2209 561.67 2025.35
35.5254 253.519 2308.52
89.7408 -791.631 2649.47
8.50349 146.017 1768.79
88.8132 41.9354 2351.3
46.0023 -403.252 2463.04
42.0883 380.288 2039.93
139.549 284.206 1950.13
289.68 9.18406 1620.88
186.453 -880.695 2446.54
291.049 93.0473 1407.73
202.008 -56.408 2250.26
187.084 -492.857 2304.62
237.009 188.123 1860.32
142.48 138.485 2125.45
FRAME: 75
27.6191 566.709 2025.02
36.3219 233.029 2279.44
110.033 -748.268 2641.89
-28.2368 135.603 2088.21
87.6456 58.8104 2341.11
52.6978 -386.996 2436.9
53.3141 397.651 2170.03
135.659 332.513 2069.63
299.52 91.9307 1731.92
184.141 -847.141 2391.69
315.041 121.274 1423.33
194.141 -27.6753 2212.87
188.103 -445.156 2206.63
218.004 267.376 1969.22
138.276 174.041 2173.31
FRAME: 76
31.7578 573.619 2046.16
39.7788 205.055 2376.76
111.523 -825.348 2633.72
-198.937 76.9016 2515.82
87.9043 22.4365 2349.36
56.4865 -425.672 2462.82
34.3129 391.096 2238.09
115.942 353.704 2135.66
326.565 134.614 1837.18
185.409 -892.772 2399.94
354.723 147.401 1465.39
194.399 -25.9758 2218.07
188.637 -477.762 2254.69
197.571 316.312 2033.23
128.547 175.967 2209.69
FRAME: 77
42.1391 557.223 2009.75
12.3962 230.303 2381.44
107.504 -769.925 2658.32
-182.146 114.663 2441.57
78.6907 22.4939 2363.33
54.6395 -402.608 2471.78
13.6362 402.138 2221.52
110.013 343.445 2104.1
321.044 120.988 1792.76
175.099 -850.635 2435.14
363.563 116.957 1431.29
199.821 -49.1007 2213.16
192.08 -467.755 2245.74
206.389 284.752 1986.67
124.634 165.071 2196.17
FRAME: 78
39.9223 581.98 2015.43
1.15957 235.378 2410.78
131.741 -768.841 2625.89
-215.465 101.911 2496.45
73.3685 24.4723 2368.19
57.0745 -410.84 2468.42
8.56449 407.027 2222.65
108.66 353.677 2107.07
329.205 139.617 1782.45
170.259 -825.72 2452.75
382.985 178.048 1424.62
203.856 -48.858 2216.18
189.79 -450.911 2250.31
208.755 300.327 1991.5
123.636 170.742 2199.63
FRAME: 79
28.4096 582.309 2034.14
0.421032 225.116 2409.74
135.018 -818.222 2659.34
-245.427 86.3805 2529.94
79.3973 11.8553 2375.36
60.4818 -438.162 2495.3
8.49607 404.04 2241.91
110.79 353.281 2123.14
361.151 151.695 1780.77
174.787 -854.918 2453.7
422.126 220.788 1440.55
205.101 -49.7064 2229.67
187.057 -478.792 2301.77
213.083 302.523 2004.37
126.519 167.178 2212.83
FRAME: 80
41.5719 587.921 2014.61
-0.996388 227.411 2414.76
141.747 -752.394 2615.64
-223.363 108.604 2582.91
89.1724 36.2508 2354.35
62.2569 -398.63 2482.22
14.7209 408.639 2216.7
110.853 359.613 2097.62
342.254 165.277 1779.01
174.747 -823.746 2429.24
401.451 216.909 1451.01
194.369 -12.7969 2209.81
185.272 -443.056 2245.4
206.985 310.587 1978.55
126.312 185.67 2189.85
FRAME: 81
26.165 585.932 2013.88
-11.4289 245.708 2436.26
145.108 -725.253 2594.47
-220.57 136.587 2580.4
97.5065 48.4605 2333.29
70.5808 -369.038 2446.8
12.5263 425.543 2213.92
114.046 357.37 2082.57
354.122 155.989 1775.15
159.586 -787.967 2460.78
393.818 202.244 1408.29
214.111 -26.1626 2185.38
181.91 -426.788 2216.11
215.566 289.196 1951.22
134.927 184.259 2170.95
FRAME: 82
27.0287 585.231 2025.34
-16.975 250.5 2427.01
139.977 -759.988 2618.16
-240.148 128.92 2578.54
82.5771 31.556 2359.58
63.7982 -403.516 2466.61
9.94755 421.063 2225.56
113.266 356.184 2103.62
368.405 153.113 1788.57
170.503 -818.385 2446.24
428.829 221.405 1459
195.084 -43.3888 2220.93
189.623 -452.311 2264.66
216.585 291.305 1981.68
126.048 175.134 2196.94
FRAME: 83
26.8784 587.393 2028.47
-16.9725 245.289 2415.77
119.887 -717.573 2643.77
-238.568 127.974 2544.14
85.2275 35.0064 2353.14
64.3053 -390.994 2464.14
7.24365 422.258 2227.89
112.65 358.526 2105.34
378.44 159.938 1804.98
179.89 -804.517 2416.86
430.198 227.452 1454.04
198.687 -39.1721 2215.26
184.323 -422.043 2263.15
218.056 294.795 1982.8
127.304 178.222 2194.77
FRAME: 84
24.0027 589.262 2015.38
-10.8624 230.877 2412.26
106.497 -688.871 2614.12
-224.969 122.58 2583.02
93.0323 19.3945 2315.61
58.9216 -383.166 2446.68
3.80504 414.712 2222.89
109.532 372.459 2097.88
364.602 181.942 1766.18
181.851 -697.953 2429.59
436.672 209.833 1462.72
211.184 2.34948 2150.82
185.501 -337.086 2298.34
215.258 330.205 1972.87
130.82 191.665 2165.55
FRAME: 85
26.1661 588.993 2031.59
-16.7054 219.14 2436.98
116.235 -771.948 2704.55
-243.052 101.579 2554.05
75.2756 11.2189 2374.17
49.9862 -410.272 2485.79
-5.18821 406.933 2262.93
115.822 352.67 2125.99
387.032 172.644 1810.35
187.707 -794.744 2417.39
442.089 194.349 1490.19
209.129 -47.7529 2221.77
193.88 -417.127 2289.89
236.832 298.408 1989.04
129.012 167.202 2211.98
FRAME: 86
25.0161 588.122 2032.15
-30.3347 229.194 2422.65
128.988 -806.875 2765.47
-251.755 96.4043 2577.03
71.5049 -1.16548 2395.8
56.9712 -415.339 2502.19
-12.7158 415.38 2249.66
114.087 351.249 2116.34
406.203 145.892 1796.16
189.214 -839.107 2463.31
437.018 151.72 1436.6
212.188 -70.6717 2246.42
180.462 -465.803 2349.8
240.89 287.118 1983.02
127.967 157.665 2218.72
FRAME: 87
31.7165 599.698 2039.17
-17.9874 228.121 2439.36
118.223 -734.541 2688.04
-242.849 76.1973 2532.2
74.1856 32.9783 2357.46
55.4495 -393.826 2473.45
-4.50461 413.535 2260.27
116.596 362.906 2133.12
378.088 177.831 1828.75
185.552 -790.716 2425.2
377.705 232.961 1499.74
211.449 -23.7987 2216.78
179.341 -361.694 2291.41
237.698 312.278 2005.96
129.707 183.748 2210.12
FRAME: 88
29.3773 598.728 2034.99
-33.9574 264.074 2425.84
115.231 -740.172 2700.83
-242.088 98.5063 2500.99
61.1001 32.1648 2372.59
51.6616 -394.929 2490.24
-19.0187 443.053 2243.23
115.858 369.391 2120.55
389.431 134.328 1864.56
171.942 -768.589 2486.05
359.965 137.968 1527.19
212.846 -37.3266 2238.24
183.492 -385.328 2318.64
250.735 295.729 1997.87
126.416 183.405 2212.98
FRAME: 89
32.6676 591.496 2036.69
-34.4141 250.794 2446.26
119.415 -747.734 2731.36
-229.068 70.5415 2498.99
65.3417 14.2315 2409.92
53.7743 -408.448 2507.11
-9.73902 423.984 2269.98
107.061 361.148 2140.12
322.967 138.847 1835.06
171.854 -780.873 2449.43
286.734 206.17 1482.08
207.2 -58.3144 2251.35
181.177 -400.933 2297.33
223.861 298.311 2010.26
121.666 169.553 2235.38
FRAME: 90
18.0542 593.875 2070.1
-29.4813 218.678 2458.53
106.161 -764.956 2728.5
-207.565 30.677 2459.09
48.5455 -18.2404 2375.73
38.1147 -424.847 2504.51
-10.9799 400.688 2284.97
100.844 361.262 2160.17
349.096 110.921 1976.15
185.56 -784.148 2450.15
262.905 -22.8023 1732.65
216.495 -49.5776 2210.43
199.48 -396.43 2299.94
212.668 321.836 2035.38
116.682 163.677 2226.63
FRAME: 91
18.278 591.858 2095.57
-34.4437 186.916 2457.72
124.863 -831.708 2732.42
-179.385 -31.0488 2385.81
61.0272 -25.4081 2389.77
49.499 -457.238 2537.8
-15.2123 389.958 2299.22
96.1787 362.481 2187.48
364.802 100.331 2056.63
185.704 -862.133 2457.87
267.478 -70.5726 1863.45
206.878 -61.4802 2246.58
196.948 -477.934 2299.97
207.57 335.005 2075.75
115.066 159.519 2252.83
FRAME: 92
31.9717 562.721 2070.8
-57.0605 156.176 2441.27
122.809 -794.149 2685.54
-184.579 -53.3834 2334.8
38.8462 -36.795 2366.36
56.2695 -461.257 2457.04
-29.6311 382.745 2292.07
97.4045 352.668 2175.53
364.362 102.589 2067.97
184.084 -826.044 2439.9
215.753 -81.4753 1866.24
196.931 -68.0068 2227.79
186.876 -456.503 2281.27
224.44 322.592 2058.98
107.647 150.134 2236.3
FRAME: 93
19.5853 584.333 2078.42
-54.9912 122.211 2430.95
98.3993 -778.952 2680.74
-188.219 -84.6377 2325.67
30.9945 -33.6085 2353.89
40.0773 -432.196 2446.5
-32.2634 370.729 2313.84
94.2637 355.437 2190.58
341.339 129.852 2079.69
193.22 -755.805 2422.83
163.18 -68.1178 1935.68
198.106 -33.1679 2182.89
200.037 -414.044 2283.29
220.791 340.145 2067.32
104.407 161.024 2229.48
FRAME: 94
8.27284 600.088 2084.61
-54.8259 145.424 2450.14
100.286 -732.692 2679.78
-197.637 -70.6735 2205.45
47.531 -32.1497 2405.08
41.8388 -418.015 2473.62
-28.4701 387.439 2319.37
90.1751 349.889 2194.2
342.235 65.648 2109.8
182.654 -818.201 2437.53
142.19 -124.803 2016.08
182.658 -73.6712 2261.36
166.046 -450.648 2293.52
208.82 312.34 2069.02
102.635 148.489 2263.71
FRAME: 95
8.34808 605.537 2104.24
-68.7881 115.027 2439.11
129.414 -740.703 2664.39
-255.214 35.8128 2168.89
53.4268 -28.6925 2439.85
28.7427 -449.225 2543.72
-31.0763 385.772 2327.37
82.9506 347.752 2208.85
306.207 93.0414 2093.42
156.257 -833.917 2478.8
66.5479 -92.2393 2087.23
189.82 -74.4545 2295.99
164.982 -444.085 2290.63
196.977 309.731 2090.33
102.287 148.089 2288.38
FRAME: 96
-1.25643 585.233 2128.7
-106.759 108.388 2417.64
116.885 -759.123 2696.06
-283.026 64.8621 2231.42
59.2645 -37.7771 2441.87
31.3903 -445.718 2545.76
-27.7436 381.501 2352.94
79.003 345.357 2224.33
302.097 82.0601 2109.92
140.628 -832.091 2469.79
31.0702 -88.2764 2139.83
182.557 -79.1835 2291.28
143.77 -459.432 2302.71
185.75 309.212 2095.72
99.9569 143.438 2295.45
FRAME: 97
3.91016 605.918 2128.2
-122.266 136.058 2441.77
119.627 -762.292 2686.32
-360.399 240.55 2444.75
60.1518 -38.8846 2447.84
29.6739 -444.525 2565.53
-30.9631 385.983 2359.41
68.2875 355.055 2234.83
257.794 84.8302 2130.69
146.028 -836.525 2453.17
30.7541 -58.4897 2178.67
177.729 -75.193 2299.13
131.673 -451.189 2311.17
167.538 324.128 2110.26
93.614 149.008 2304.16
FRAME: 98
0.465742 606.439 2144.65
-155.82 209.764 2480.89
120.606 -762.025 2688.64
-380.908 390.514 2560.03
57.5197 -39.0457 2462.43
26.4686 -454.455 2582.58
-33.5094 389.457 2361.15
61.323 356.685 2238.07
235.211 89.382 2131.47
160.475 -845.334 2466.33
19.683 -18.9478 2194.18
171.393 -78.5737 2313.05
150.069 -489.135 2330.01
156.156 323.912 2114.99
87.8897 148.937 2312.91
FRAME: 99
-0.868709 609.788 2159.73
-196.942 233.93 2508.13
133.659 -841.74 2695.97
-207.465 130.883 2403.33
59.1003 -33.7007 2462.96
42.0705 -475.622 2592.72
-30.2943 390.415 2384.18
54.9204 361.454 2257.6
185.791 106.794 2179.41
164.59 -884.194 2460.57
6.36932 25.1631 2202.69
161.559 -68.2468 2310.33
142.039 -514.724 2353.12
140.135 332.492 2131.01
82.6249 155.24 2322.12
FRAME: 100
-3.14975 612.016 2160.14
-166.691 260.265 2533.11
117.28 -778.403 2712.07
-198.35 108.175 2393.05
63.0341 -31.4405 2463.53
44.9142 -454.854 2584.56
-25.8025 390.221 2389.86
55.1267 359.912 2261.11
120.282 97.0284 2161.05
170.005 -863.959 2463.47
-71.0426 69.3725 2289.21
154.189 -65.5683 2319.65
138.649 -501.173 2357.29
136.056 329.602 2132.36
81.8691 155.704 2326.35
FRAME: 101
-2.88232 611.686 2184.25
-169.572 274.906 2559.83
138.897 -852.156 2719.61
-207.195 117.61 2414.81
70.9095 -36.4117 2476.04
60.2049 -484.974 2607.18
-17.253 388.736 2407.96
51.7773 355.386 2272.87
64.8526 84.4887 2154.06
164.143 -897.312 2463.94
-104.855 106.853 2292.81
145.095 -72.4192 2331.37
127.176 -514.025 2360.48
120.808 322.037 2137.78
79.8898 150.485 2338.29
FRAME: 102
-6.25727 611.954 2173.26
-161.633 274.599 2564.29
126.523 -794.661 2718.54
-221.128 129.491 2423.76
81.2793 -32.8256 2467.89
89.0206 -450.92 2526.43
-12.1596 388.438 2404.8
52.7342 356.741 2270.18
18.2148 122.665 2172.3
166.149 -859.571 2464.51
-141.546 150.599 2304.55
149.714 -66.3696 2325.94
127.493 -492.059 2364.57
117.628 325.045 2135.55
84.1154 153.572 2333.55
FRAME: 103
-8.60256 611.897 2182.97
-145.108 245.315 2557.5
126.143 -808.622 2714.67
-208.569 161.094 2433.44
85.1073 -35.726 2468.22
90.1457 -463.873 2530.66
-8.66683 386.671 2409.81
51.4331 355.728 2276.03
-5.04465 139.663 2183.85
166.417 -869.56 2463.7
-179.198 190.905 2386.13
146.804 -67.5462 2331.38
120.79 -490.57 2364.75
111.533 324.786 2142.25
83.6944 152.046 2337.92
FRAME: 104
-10.3866 611.149 2186.29
-132.461 254.167 2577.09
137.338 -837.48 2702.7
-224.857 180.153 2454.52
85.758 -35.2338 2465.78
91.2565 -462.848 2521.14
-10.7383 388.86 2407.93
45.5511 360.999 2277.59
-16.38 146.114 2195.45
168.074 -876.483 2468.66
-189.959 202.188 2406.07
145.524 -64.4627 2329.92
119.363 -491.509 2364.96
101.84 333.138 2147.26
80.5959 155.575 2337.72
FRAME: 105
-13.8422 610.833 2188.52
-128.438 258.55 2571.69
138.428 -829.714 2683.29
-219.968 203.597 2481.56
88.7577 -30.9595 2467.33
92.8016 -458.022 2507.7
-12.6868 391.74 2408.52
36.7579 366.72 2281.54
-38.5956 148.493 2197.69
167.583 -868.253 2467.73
-186.726 241.309 2436.9
145.225 -59.3285 2326.02
117.508 -486.531 2363.34
86.2026 341.7 2154.56
76.8746 160.788 2339.11
FRAME: 106
-18.5666 610.424 2189.12
-126.58 240.517 2536.18
137.664 -850.313 2705.75
-210.504 221.765 2524.2
87.7315 -31.5656 2461.49
98.379 -462.056 2477.38
-12.7551 391.885 2404.46
35.0845 367.14 2278.41
-66.054 154.164 2218.63
163.987 -870.205 2472.03
-204.001 254.751 2517.37
141.764 -58.9438 2324.45
115.074 -489.482 2365.13
82.9241 342.395 2152.36
74.9162 160.943 2335.69
FRAME: 107
-19.222 609.076 2202.01
-133.428 248.197 2547.62
139.189 -863.462 2692.61
-200.712 203.709 2500.09
91.8453 -36.3308 2467
99.2621 -479.947 2495.14
-8.27074 393.056 2419.41
32.6715 367.923 2289.29
-67.8832 151.379 2209.63
160.66 -897.349 2472
-205.54 219.347 2503.52
135.952 -63.8068 2325.11
112.6 -503.484 2366.49
73.6138 342.791 2159.17
73.2852 158.927 2342.67
FRAME: 108
-23.2882 604.337 2195.58
-105.944 230.485 2529.24
134.285 -848.196 2654.54
-186.245 206.345 2478.8
80.1553 -20.8513 2478.3
91.4545 -459.737 2485.28
-8.77886 392.702 2411.21
33.592 366.094 2283.19
-60.5404 185.76 2213.16
161.579 -870.509 2474.84
-191.048 223.261 2483.5
141.245 -71.0367 2332.09
112.64 -482.262 2369.5
75.9629 339.485 2155.17
72.1462 160.075 2344.19
FRAME: 109
-26.8415 602.862 2193.66
-84.0351 224.997 2530.19
130.7 -849.964 2667.97
-164.327 181.767 2531.55
80.678 -27.5345 2474.57
97.9782 -473.629 2459.97
-5.62422 388.721 2403.82
32.8943 362.852 2276.67
-14.0869 161.161 2211.76
161.28 -874.878 2476.95
-167.002 183.322 2439.44
138.913 -78.3698 2328.84
112.512 -490.132 2370.51
71.4128 336.984 2149.52
71.3448 154.95 2339.19
FRAME: 110
-35.4641 598.154 2177.55
-46.1575 183.895 2495.03
131.773 -840.019 2674.34
-164.371 53.9218 2462.66
78.4328 -20.9147 2460.35
100.633 -462.816 2438.45
-6.34955 390.569 2394.26
31.229 362.557 2261.77
-3.61457 126.17 2194.58
162.033 -869.804 2479.64
-180.671 81.6458 2438.51
138.809 -75.0414 2313.01
114.574 -491.748 2373.08
68.8076 334.545 2129.29
69.9249 157.289 2324.23
FRAME: 111
-39.7389 597.477 2180.08
-33.9321 184.539 2508.09
132.247 -867.155 2661.5
-170.553 4.97085 2454.38
95.6978 -47.9015 2458.28
108.354 -504.745 2455.73
-3.27869 388.418 2412.8
32.7416 358.197 2268.53
11.4578 93.5549 2176.19
154.609 -900.815 2468.06
-165.319 16.1105 2431.92
135.265 -81.2292 2297.09
108.988 -505.263 2355.56
68.7619 327.976 2124.26
74.1114 146.816 2323.11
FRAME: 112
-41.1893 590.146 2167.04
-20.5684 171.316 2497.52
125.644 -834.572 2626.38
-168.608 -46.7333 2451.1
80.3029 -20.5696 2457.52
103.876 -483.583 2430.52
1.15421 386.823 2385.93
37.3668 353.552 2248.41
18.5491 82.992 2174.4
156.498 -875.511 2492.21
-160.525 -20.8252 2389.84
144.478 -78.6723 2298.56
120.992 -499.127 2368.98
73.5794 320.281 2110.88
74.8787 151.965 2313.22
FRAME: 113
-45.2128 589.689 2168.68
0.952582 158.726 2511.49
132.45 -866.704 2637.51
-149.076 -78.099 2437.04
100.286 -51.7059 2449.09
105.023 -499.727 2483.37
2.95751 380.81 2400.2
39.1484 347.606 2253.63
39.0072 68.8051 2153.25
146.456 -902.336 2478.52
-156.151 -79.5217 2368.65
139.891 -88.308 2287.7
113.617 -514.097 2344.83
75.3394 314.401 2107.05
79.6184 138.799 2311.01
FRAME: 114
-48.2722 586.198 2147.96
5.98715 150.542 2487.98
132.775 -842.632 2651.04
-106.934 -107.534 2440.56
94.431 -47.756 2432.24
93.0011 -478.039 2465.37
4.19806 374.044 2370.28
42.3783 339.107 2233.14
50.5494 66.9774 2152.62
149.652 -884.888 2461.89
-150.945 -144.76 2318.2
144.435 -84.291 2285.33
121.769 -503.628 2342.84
80.5586 304.171 2096
80.9058 136.542 2295.96
FRAME: 115
-49.4643 580.504 2140.36
11.0855 149.759 2485.62
130.899 -842.654 2651.33
-144.281 -161.757 2508.06
92.7939 -46.6922 2428.07
88.2804 -486.272 2462.56
2.07773 357.209 2340.43
44.2785 319.797 2213.65
50.8859 42.4505 2136.64
152.034 -883.61 2460.15
-107.201 -246.5 2183.12
151.545 -88.7746 2281.68
127.314 -504.268 2339.03
86.4792 282.385 2086.87
83.2241 126.032 2284.26
FRAME: 116
-51.387 576.185 2128.26
5.29031 151.428 2478.21
121.682 -829.212 2632.94
-120.946 -98.3021 2511.93
89.4763 -47.808 2427.44
73.9402 -472.067 2467.44
-7.45384 352.837 2331.8
39.583 316.007 2205.8
63.0969 18.6001 2098.69
150.712 -870.997 2462.98
-87.9285 -281.797 2127.55
159.372 -90.7768 2273.7
129.348 -499.815 2334.78
86.6198 279.177 2079.8
82.0036 123.357 2278.18
FRAME: 117
-51.389 573.875 2123.72
10.6908 148.231 2479.11
106.487 -826.892 2651.9
-122.674 -66.3385 2551.36
83.0529 -42.1652 2414.85
34.9802 -466.874 2453.28
-16.097 355.158 2333.29
35.7946 319.285 2206.11
83.5945 27.0486 2072.31
150.217 -873.072 2452.77
-46.7288 -276.888 2045.96
154.569 -80.1494 2270.69
135.962 -494.871 2325.14
87.6862 283.413 2078.93
77.3028 129.064 2274.44
FRAME: 118
-52.8012 572.341 2107.31
1.06569 154.63 2483.45
106.672 -816.922 2635.54
-124.832 -53.5134 2526.79
77.8136 -29.8415 2414.52
42.3267 -445.38 2459.16
-17.6512 362.99 2325.37
36.1706 329.107 2198.25
109.041 51.8615 2056.47
145.088 -851.879 2449.67
-4.35895 -263.978 1973.39
153.431 -71.2854 2252.44
141.129 -474.677 2308.99
89.9925 295.224 2071.13
75.8965 139.272 2265.87
FRAME: 119
-51.2137 567.359 2114.78
34.8617 141.72 2495.77
104.693 -841.94 2661.04
-141.393 -49.5662 2521.19
69.7146 -23.1709 2401.76
40.7665 -483.469 2466.81
-17.6182 364.144 2328.51
31.5968 321.5 2190.84
124.397 23.9418 2008.67
145.785 -901.098 2442.86
19.9493 -280.904 1893.92
123.412 -68.1975 2250.52
140.081 -500.095 2303.28
80.8118 278.856 2053.17
64.08 137.908 2258.49
FRAME: 120
-53.2233 567.48 2086.09
13.8721 160.494 2486.07
91.6791 -805.726 2580.07
-145.339 -51.0073 2505.78
72.4106 -22.795 2400.86
16.5838 -426.884 2368.18
-13.5141 363.395 2320.71
37.2847 325.653 2178.86
133.821 46.0335 2001.63
146.983 -850.814 2451.48
27.82 -243.483 1835.74
139.575 -65.703 2212.8
154.505 -472.624 2298.12
88.0836 287.911 2037.01
71.6387 140.702 2242.84
FRAME: 121
-53.8007 562.698 2083.73
24.5254 158.494 2490.48
90.093 -814.921 2622.64
-154.685 -48.6695 2505.41
74.7846 -24.347 2388.42
40.8497 -461.3 2407.43
-15.4571 363.744 2310.74
33.4735 323.606 2169.95
145.067 31.1955 1988.2
145.874 -869.8 2436.05
62.6437 -243.554 1772.79
134.7 -73.4004 2213.68
156.301 -485.461 2291.81
82.4041 283.468 2029.16
69.1078 137.366 2235.5
FRAME: 122
-53.9829 559.222 2078.06
24.6079 151.978 2487.42
95.6023 -843.083 2635.57
-174.646 -52.6455 2448.73
71.8631 -41.9563 2333.64
45.3739 -489.727 2348.21
-19.674 334.703 2272.77
34.6911 314.707 2139.71
179.799 39.6897 1935.81
140.437 -875.945 2428.71
175.229 -180.721 1667.32
128.55 -63.004 2193.02
151.797 -475.32 2282.2
89.0562 294.711 2006.65
67.4489 131.113 2201.52
FRAME: 123
-55.0693 557.883 2055.55
26.7852 166.021 2481.54
90.2677 -789.051 2608.85
-181.365 -23.0029 2487.73
66.5763 -33.5216 2329.19
35.0846 -447.986 2380.32
-22.9057 357.593 2283.45
33.4628 331.194 2143.83
180.757 60.42 1931.96
145.335 -853.885 2404.62
166.981 -172.508 1621.6
130.117 -63.1193 2154.65
161.579 -467.326 2266.08
89.8313 304.796 2004.21
65.9048 141.437 2192.88
FRAME: 124
-55.4936 556.175 2050.03
31.9559 153.472 2459.94
95.9635 -865.814 2604.09
-179.611 -34.142 2425.64
63.1031 -44.645 2316.5
22.9617 -456.699 2360.86
-9.31536 326.391 2240.55
34.7761 316.219 2119.93
184.325 73.0058 1896.25
154.327 -823.307 2362.97
207.894 -131.592 1560.6
121.199 -47.4689 2116.71
148.158 -412.974 2180.66
78.8676 306.048 1999.31
63.4637 135.081 2168.27
FRAME: 125
-56.6126 555.421 2036.58
25.6701 168.394 2459.66
107.327 -797.997 2563.19
-189.994 -22.4831 2478.96
67.4155 -24.8262 2335.17
53.0179 -436.008 2424.71
-19.9726 354.319 2256.27
40.3947 323.995 2118.92
200.123 62.2228 1889.61
144.112 -831.181 2376.69
198.036 -95.7253 1596.49
143.849 -59.1214 2125.29
152.239 -450.522 2240.64
100.762 293.67 1981.58
73.0135 141.01 2174.58
FRAME: 126
-55.7115 552.456 2030.47
14.4277 174.914 2448.15
105.555 -804.012 2575.77
-159.428 -15.2991 2380.68
62.1827 -19.6892 2330.09
46.7999 -449.525 2440.9
-11.4129 342.292 2220.98
66.6314 305.142 2103.53
211.819 62.3654 1921.9
152.32 -824.921 2362.32
202.459 23.1096 1557.18
145.23 -69.1385 2178.57
158.777 -454.559 2220.44
144.676 267.991 1986.08
85.1689 130.364 2178.93
FRAME: 127
-34.1301 533.044 2010.8
9.09854 145.605 2397.13
80.542 -815.672 2573.91
-33.9124 9.47132 2054.9
38.1892 -13.4434 2274.35
5.40859 -439.185 2447.74
-3.37513 295.595 2077.9
92.4702 267.442 2008.47
240.053 86.8327 1829.23
177.206 -831.895 2381.31
237.14 137.399 1495.78
172.711 -44.605 2144.43
191.264 -439.616 2216.54
188.316 239.289 1939.04
98.9601 119.209 2108.93
FRAME: 128
-38.4047 532.752 2016.72
14.0182 163.227 2414.78
96.361 -779.219 2540.85
-123.861 17.4915 2261.28
56.9056 9.92979 2289.72
21.918 -406.109 2431.54
-1.01899 330.696 2127.86
76.4065 300.123 2031.65
253.712 106.335 1811.42
164.783 -841.996 2355.1
300.475 92.5865 1435.48
162.493 -33.1472 2129.92
168.772 -444.3 2205.36
153.832 269.55 1935.44
93.0529 144.257 2120.74
FRAME: 129
-51.3952 547 2054.91
1.66753 178.253 2408.69
111.276 -788.119 2580.5
-213.039 16.568 2450.9
56.3972 -9.43696 2334.09
37.2977 -426.421 2457.74
-26.2881 357.306 2219.7
61.3526 316.083 2100.73
280.417 103.077 1850.43
151.969 -861.372 2361.84
357.567 67.5552 1512.02
168.582 -66.9697 2179.72
158.225 -475.19 2236.74
148.993 274.86 1981.77
86.9211 138.94 2178.82
FRAME: 130
-45.1958 543.223 2024.38
-10.9409 181.74 2392.55
118.458 -828.065 2620.94
-259.554 21.1346 2503.66
54.2117 -31.1034 2339.35
34.8073 -462.47 2463.01
-34.5868 353.09 2210.24
58.6647 317.596 2099.39
305.834 97.6614 1841.15
146.643 -897.495 2399.37
399.069 88.0085 1520.91
174.02 -75.1083 2203.91
155.43 -502.48 2256.23
151.916 282.102 1988.55
86.3902 132.245 2185.51
FRAME: 131
-45.5168 544.697 2026.95
-1.75965 180.367 2398.65
121.134 -826.799 2599.99
-261.37 29.9492 2504.3
50.7586 -28.5883 2342.3
35.4721 -454.928 2451.33
-37.3331 352.952 2213.75
58.3506 317.302 2104.23
335.358 126.099 1847.82
149.218 -901.366 2388.09
427.673 115.162 1537.78
173.066 -74.0318 2204.32
156.389 -505.052 2245.68
154.034 281.651 1994.71
85.1315 132.996 2188.77
FRAME: 132
-48.0429 549.593 2042.01
-16.2069 212.95 2379.55
122.952 -792.536 2558.75
-253.992 53.6222 2480.11
57.9592 2.55815 2310.21
26.8279 -422.27 2450.75
-34.1167 389.729 2192.63
65.3698 341.301 2067.41
356.586 158.922 1794.91
152.322 -878.814 2366.08
427.562 207.097 1461.05
166.668 -53.5581 2171.44
160.858 -476.646 2240.04
164.856 292.873 1942.19
88.8417 157.9 2154.12
FRAME: 133
-51.344 553.93 2026.6
-14.7064 182.199 2385.12
117.824 -831.361 2591.26
-265.085 33.6978 2501.47
56.5932 -15.61 2314.52
25.0116 -439.159 2443.34
-40.9341 361.139 2216.64
62.0549 323.5 2098.12
367.515 149.922 1805.65
154.857 -895.412 2377.63
455.321 215.542 1478.9
163.111 -54.354 2192.02
158.884 -487.775 2244.99
165.044 285.861 1979.6
85.9534 144.259 2175.7
FRAME: 134
-47.8436 551.079 2038.81
-36.975 193.067 2399.51
116.399 -778.39 2548.44
-265.491 37.2619 2523.97
50.341 9.64832 2314.9
21.4146 -412.602 2448.73
-39.3143 398.782 2184.77
64.312 348.289 2058.46
360.964 169.945 1788.38
153.427 -850.48 2367.8
459.566 227.241 1477.03
169.555 -54.3009 2167.56
165.287 -469.023 2230.87
167.938 297.796 1932.15
87.1301 162.981 2149.85
FRAME: 135
-51.937 557.259 2027.59
-43.2451 200.777 2383.61
117.009 -805.441 2582.39
-275.117 38.2403 2499.99
48.04 -8.24266 2320.44
22.8665 -433.627 2443
-48.9122 372.928 2208.81
61.1129 328.461 2084.91
370.706 166.043 1805.29
156.613 -861.488 2384.96
478.659 228.876 1503.03
167.828 -56.1139 2185.59
163.48 -472.468 2240.5
171.138 283.994 1961.01
84.5236 148.141 2168.96
FRAME: 136
-51.8748 559.144 2008.96
-31.5909 200.568 2376.75
116.266 -797.583 2575.93
-269.919 39.6909 2500.61
59.2654 1.81915 2300.17
24.5232 -429.416 2437.12
-38.8186 372.275 2205.9
61.9777 332.118 2083.41
364.698 174.891 1803.45
157.952 -857.427 2353.02
485.811 258.108 1497.64
169.375 -42.0345 2164.68
169.241 -462.845 2204.41
162.774 291.962 1960.93
88.149 156.005 2157.92
FRAME: 137
-51.7213 561.324 2005.8
-44.5133 200.594 2379.98
114.766 -786.274 2559.91
-277.623 40.4239 2493.85
57.7667 -1.15307 2291.94
23.861 -429.65 2428.74
-44.0269 374.106 2204.37
58.3253 338.8 2085.82
375.47 188.457 1805.94
159.236 -844.881 2335.56
494.282 341.468 1465.29
170.685 -38.4074 2156.09
172.681 -449.969 2193.9
160.678 303.494 1967.27
86.2755 159.51 2154.92
FRAME: 138
-49.1224 558.06 2017.59
-60.0322 197.723 2390.42
111.194 -813.749 2601.53
-303.281 44.0196 2487.23
40.7108 -18.2677 2320.22
12.2479 -441.946 2432.9
-49.7746 370.694 2210.2
65.2496 329.514 2090.58
402.325 186.117 1797.87
152.582 -885.706 2402.45
532.247 327.527 1486.83
166.437 -63.2137 2189.61
163.947 -491.332 2252.23
180.274 288.334 1970.95
84.4117 144.387 2172.75
FRAME: 139
-50.0656 560.587 2017.75
-60.1831 198.671 2391.06
111.212 -813.647 2604.38
-311.009 48.7902 2486.21
40.3929 -18.186 2324.97
10.7574 -442.334 2427.9
-46.4537 373.769 2212.75
66.2208 331.643 2092
404.691 187.279 1803.27
154.395 -883.682 2399.97
530.55 301.379 1491.55
166.956 -65.5391 2189.45
163.205 -490.4 2253.29
178.895 289.516 1971.25
84.9475 144.89 2174.6
FRAME: 140
-49.5418 560.229 2002.07
-60.3609 190.063 2378.82
110.932 -775.687 2604.78
-305.585 37.0529 2492.81
46.2506 -7.21462 2309
19.0431 -428.609 2449.82
-51.7686 373.263 2203.1
60.3004 338.269 2083.17
393.205 200.676 1803.19
156.654 -850.979 2371.17
517.811 297.144 1503.23
172.429 -41.3527 2168.82
173.565 -461.139 2218.36
172.369 303.275 1963.24
84.8201 156.993 2161.04
FRAME: 141
-50.0238 562.834 2008.31
-70.2804 206.581 2396.27
105.169 -779.134 2600.6
-310.193 48.8273 2490.24
37.0896 -9.97711 2327.56
4.43456 -414.523 2446.14
-52.9846 376.444 2208.86
62.4101 336.243 2089.44
399.928 193.411 1808.17
159.444 -852.111 2398.3
525.466 300.315 1502.43
174.408 -54.962 2182.24
170.454 -461.967 2232.77
177.805 296.043 1970.02
84.0793 151.887 2172.17
FRAME: 142
-50.0639 564.046 2009.76
-76.0391 208.274 2395.7
106.734 -778.602 2598.35
-310.859 53.4536 2488.5
35.9118 -14.852 2327.7
2.44873 -419.667 2439.02
-54.9307 377.362 2210.3
60.3328 338.219 2092.15
399.397 190.814 1821.86
163.253 -854.102 2388.13
514.659 342.331 1475.06
170.751 -61.0379 2189.17
169.636 -462.421 2234.1
175.596 299.076 1974.01
81.8321 150.137 2175.3
FRAME: 143
-51.2531 566.412 2008.67
-74.8947 203.889 2390.3
100.192 -762.796 2601.01
-303.362 42.866 2475.83
34.6575 -13.958 2325.15
1.46231 -403.284 2443.53
-56.7979 379.599 2211.15
60.0482 342.238 2094.42
399.57 191.556 1830
167.237 -836.981 2377.34
500.021 303.198 1493.46
169.459 -57.817 2189.91
172.764 -446.475 2222.71
176.894 304.878 1977.69
81.0531 153.175 2175.97
FRAME: 144
-50.9592 562.994 2015.87
-73.3133 216.9 2398.11
109.665 -820.7 2634.92
-310.926 42.1946 2470.53
32.0996 -26.59 2337.64
11.3208 -457.952 2445.93
-53.7374 374.098 2213.98
63.7768 334.711 2098.65
396.821 181.078 1845.46
156.737 -887.586 2414.32
495.892 222.353 1549.88
171.904 -73.4744 2200.37
164.997 -499.054 2273.79
181.291 295.324 1983.32
82.8893 142.339 2183.83
FRAME: 145
-53.754 564.395 2005.26
-65.782 223.217 2391.94
108.108 -786.144 2618.47
-294.482 29.9005 2458.95
27.7867 -18.3256 2342.53
7.54624 -430.438 2456.46
-58.0056 375.491 2215.15
60.0972 337.863 2101.8
386.567 171.501 1890.77
159.295 -838.102 2414.04
472.225 187.425 1575.33
177.766 -66.6771 2198.95
175.104 -462.714 2249.75
178.2 300.235 1988.45
81.4368 147.681 2186.27
FRAME: 146
-56.9037 567.362 2018.69
-71.4948 206.04 2400.26
112.887 -804.026 2610.34
-294.356 17.2824 2449.43
28.7276 -26.3783 2344.64
11.6037 -470.023 2447.93
-59.4338 373.901 2223.39
57.7348 339.293 2111.52
381.21 159.047 1910.98
156.144 -848.641 2421.22
451.8 148.213 1603.08
173.521 -69.3648 2206.74
172.569 -472.148 2254.66
174.903 304.686 1999.66
79.4295 145.711 2193.61
FRAME: 147
-59.1119 569.092 2028.76
-74.3887 185.827 2416.66
105.839 -802.691 2636.42
-264.606 -0.890226 2399.54
23.8631 -26.2453 2349.6
11.0694 -463.78 2456.46
-62.3672 369.423 2247.48
61.3344 337.615 2134.64
348.566 138.409 1898.85
158.298 -842.173 2415.31
260.377 192.24 1567.53
174.312 -65.0201 2213.29
170.071 -466.152 2257.52
185.036 305.806 2021.8
80.211 145.991 2208.04
FRAME: 148
-61.5595 571.182 2029.29
-72.3996 195.587 2420.97
105.352 -795.227 2616.36
-237.492 -1.65477 2375.51
22.2616 -23.8381 2351.25
13.41 -459.261 2460.74
-62.1156 372.325 2250.39
62.1489 342.174 2143.09
316.418 98.9657 1967.92
159.856 -829.787 2416.54
284.898 20.4636 1680.6
169.693 -59.5535 2224.4
176.93 -454.067 2250.14
186.413 312.023 2035.79
79.0631 150.239 2215.46
FRAME: 149
-62.5869 570.879 2042.72
-70.6971 184.807 2424.11
111.105 -815.685 2627.83
-226.176 -5.10715 2347.03
28.3591 -34.1539 2353.28
32.0553 -468.667 2457.36
-64.344 370.656 2262.28
54.7448 344.673 2150.78
316.768 100.526 2010.97
154.771 -842.602 2409.55
259.28 -34.5699 1772.57
168.161 -64.4809 2222.05
169.375 -467.07 2255.89
173.834 318.69 2039.28
76.5024 147.678 2219.22
FRAME: 150
-61.4086 572.119 2057.41
-74.7524 162.398 2390.28
114.979 -841.569 2640.19
-197.021 -17.1281 2195.88
28.04 -41.6428 2325.66
37.4543 -472.814 2421.85
-70.5479 359.946 2256.1
49.4037 344.821 2155.85
322.261 112.756 2052.23
153.491 -880.38 2416.92
200.75 -33.9777 1805.84
165.985 -59.4874 2209.34
163.078 -493.8 2274.1
169.355 329.696 2055.6
73.2082 147.128 2211.67
FRAME: 151
-63.2053 577.611 2060.38
-85.1068 138.404 2385.56
109.948 -811.171 2656.47
-208.738 -32.9015 2197.29
21.5811 -62.2823 2312.32
43.2294 -476.725 2453.76
-80.9798 355.303 2257.59
42.5858 346.323 2161.01
326.989 106.793 2087.64
150.147 -865.928 2407.09
141.531 -64.4723 1929.78
164.97 -72.0812 2201.72
161.55 -498.409 2265.96
166.151 337.343 2064.43
67.9307 139.571 2209.02
FRAME: 152
-61.5155 578.286 2076.98
-100.876 129.049 2397.26
118.809 -834.735 2652.06
-255.378 -39.1144 2146.64
28.7435 -71.7775 2353.84
30.1274 -481.189 2479.77
-72.5832 355.484 2278.95
38.0625 339.218 2172.47
294.714 84.7339 2098.76
148.866 -897.306 2423.39
86.3576 -92.9106 1997.02
156.687 -90.7502 2230.31
151.342 -517.345 2282.91
148.708 322.952 2065.99
65.3889 128.977 2232.28
FRAME: 153
-62.0414 581.198 2079.38
-126.872 111.083 2380.07
114.154 -819.894 2659.46
-219.735 -27.5907 2121.69
21.7663 -56.2708 2372.52
19.3037 -482.954 2501.52
-73.1093 361.749 2290
34.0386 339.047 2181.38
280.204 75.178 2110.39
149.351 -879.195 2422.04
22.1744 -88.4437 2026.32
144.358 -81.007 2247.69
139.893 -502.226 2292.14
141.187 316.345 2072.75
58.5503 135.204 2245.74
FRAME: 154
-62.8328 583.176 2089.55
-137.315 113.198 2387.68
117.584 -820.506 2672.2
-133.392 -47.6358 2169.77
24.5912 -53.9868 2398.55
23.0933 -484.027 2526.2
-73.657 364.404 2303.67
29.3671 338.808 2190.6
251.592 81.885 2112.52
147.619 -879.104 2435.07
9.05619 -63.9607 2146.49
146.147 -84.2549 2264.68
134.803 -517.222 2316.88
132.391 313.211 2077.52
57.3681 134.843 2261.11
FRAME: 155
-63.3734 584.418 2094.38
-149.793 119.435 2416.86
116.306 -824.088 2699.33
-282.714 77.3828 2270.52
30.677 -55.41 2409.19
23.2323 -494.852 2525.14
-72.8503 366.009 2320.51
24.306 341.292 2203.54
215.636 92.8972 2116.8
146.341 -875.344 2459.71
-80.5312 -35.0764 2206.43
144.577 -84.2907 2271.56
130.489 -521.607 2326.03
121.462 316.575 2086.56
55.9665 135.721 2271.96
FRAME: 156
-64.4019 585.182 2110.12
-195.296 143.629 2421.76
119.391 -827.461 2697.18
-381.963 253.397 2383.7
35.2712 -51.3837 2425.77
27.153 -493.924 2551.21
-63.8322 370.406 2339.57
20.2107 344.794 2220.19
163.088 83.4452 2120.12
146.315 -872.998 2460.92
-123.577 -16.7747 2261.8
136.307 -82.2359 2282.3
121.867 -520.583 2340.17
104.254 319.182 2100.82
53 138.992 2287.12
FRAME: 157
-66.2754 586.989 2110.59
-205.758 184.03 2455.02
122.282 -818.09 2690.68
-313.07 243.329 2381.87
33.3023 -47.0072 2431.04
26.1928 -484.553 2564.78
-64.8421 376.447 2345.65
13.1925 350.622 2225.69
123.513 106.452 2144.61
142.87 -869.467 2454.38
-118.453 -6.01501 2256.35
128.009 -78.2945 2286.77
116.466 -514.983 2343.49
91.227 324.796 2105.74
46.9241 143.985 2292.3
FRAME: 158
-65.6425 585.682 2143.13
-229.561 200.099 2476.36
134.096 -866.25 2710.11
-236.673 164.65 2355.16
39.8027 -57.345 2436.18
37.9263 -504.652 2564.42
-63.9351 363.96 2370.95
9.18086 339.095 2244.02
13.0444 109.584 2105.91
148.117 -916.963 2460.71
-93.5654 83.0402 2264.76
120.395 -85.0298 2296.3
104.422 -533.333 2339.61
82.2968 314.229 2117.1
44.6398 133.954 2305.13
FRAME: 159
-64.8373 588.059 2148.27
-228.2 284.133 2499.02
134.421 -858.771 2709.53
-252.165 65.2258 2390.42
41.4951 -49.4824 2438.4
37.2292 -491.118 2566.97
-59.6241 366.065 2374.31
8.72899 337.623 2245.44
18.5291 80.3299 2109.99
145.437 -916.472 2466.84
-169.959 68.6417 2328.85
113.288 -79.5434 2303.12
93.6054 -530.553 2345.89
77.0821 309.182 2116.57
43.0603 136.555 2308.1
FRAME: 160
-64.1177 591.163 2156.66
-219.614 307.495 2532.47
124.776 -834.171 2688.03
-242.413 81.8999 2387.75
39.0733 -51.2937 2455.64
31.3259 -482.183 2578.58
-50.8155 359.776 2382.47
13.2918 330.607 2253.12
7.90061 83.6248 2089.77
151.396 -891.679 2467.8
-133.035 60.4601 2283.43
120.012 -88.5663 2311.93
94.5543 -526.386 2352.99
77.3991 301.438 2123.76
46.4171 130.339 2318.45
FRAME: 161
-62.6361 592.127 2165.34
-211.317 295.721 2553.47
125.753 -851.894 2685.97
-243.07 93.5395 2403.35
40.6936 -54.503 2454.94
31.1139 -488.224 2577.91
-48.6478 359.853 2386.78
14.0485 330.16 2256.66
-17.0098 94.0413 2128.69
146.724 -891.354 2478.29
-160.039 107.371 2310.99
114.757 -89.8565 2313.83
92.0301 -527.787 2350.09
76.7447 300.468 2126.54
45.8869 128.99 2320.53
FRAME: 162
-64.5329 593.223 2168.48
-203.469 257.404 2566.63
127.682 -855.094 2691.22
-234.258 109.107 2408.3
46.4887 -55.5297 2450.59
34.5859 -495.545 2587.6
-49.6874 360.088 2389.22
9.12247 332.839 2260.32
-31.0365 105.615 2155.92
143.522 -887.403 2476.47
-175.395 121.693 2318.06
112.358 -85.4998 2310.03
87.4467 -524.128 2347.76
67.9323 305.59 2131.42
44.2729 131.162 2320.32
FRAME: 163
-66.3266 593.215 2180.91
-198.531 241.13 2567.95
129.765 -876.067 2685.33
-219.124 144.654 2411.87
48.8953 -58.9502 2455.4
36.6915 -500.803 2578.42
-50.9703 362.18 2397.63
1.96406 335.473 2267.7
-78.2244 112.685 2185.08
141.553 -908.032 2462.42
-190.607 151.145 2364.13
107.781 -88.8064 2310.82
81.8572 -528.941 2344
54.8984 308.767 2137.76
40.1512 130.798 2325.4
FRAME: 164
-68.1839 592.15 2175.93
-174.221 256.235 2570.53
122.89 -847.222 2690.8
-229.461 155.818 2467
50.3312 -54.5374 2454.72
35.3866 -484.498 2566.79
-49.207 365.172 2389.5
1.3257 338.872 2262.87
-53.8688 119.76 2194.08
141.192 -886.852 2463.97
-181.02 167.84 2360.68
111.572 -84.6657 2308.8
86.2423 -512.131 2346.01
51.8584 312.572 2136.24
41.1387 134.635 2322.31
FRAME: 165
-70.9003 592.321 2171.08
-126.032 264.169 2570.36
116.499 -834.67 2718.65
-228.646 149.497 2471.14
48.8204 -51.2675 2451.79
37.0962 -486.263 2554.05
-53.6758 368.907 2386.25
-0.461772 343.269 2260.43
-48.1212 117.168 2190.07
141.71 -881.814 2461.11
-215.823 167.484 2438.88
112.468 -80.3402 2307.69
89.3673 -508.806 2344.55
52.7522 317.631 2134.61
40.0912 138.732 2320.08
FRAME: 166
-73.1218 591.401 2170
-119.498 245.638 2540.56
122.412 -833.533 2688.09
-223.712 154.269 2517.42
50.5352 -53.7612 2449.99
39.8179 -500.214 2564
-53.1802 367.251 2387.67
-0.662622 340.837 2259.82
-75.3075 114.885 2197.83
137.827 -880.312 2463.8
-190.183 161.925 2445.45
109.642 -83.3147 2307.32
80.2655 -529.111 2340.52
51.855 314.424 2131.97
39.7131 136.15 2319.24
FRAME: 167
-77.5518 590.457 2168.01
-112.855 193.581 2488.93
127.492 -866.991 2668.75
-199.549 166.285 2522.78
53.0532 -50.8255 2454.27
41.8685 -492.949 2547.22
-52.581 375.598 2389.77
-4.68575 344.453 2253.74
3.72933 105.248 2183.95
137.656 -919.155 2466.88
-187.769 120.169 2418.45
106.585 -85.7466 2302.08
81.1325 -532.272 2341.86
43.2095 313.309 2117.72
37.5666 138.084 2315.96
FRAME: 168
-83.6607 583.313 2146.63
-79.2415 179.599 2474.86
129.212 -868.854 2660.45
-204.802 34.2207 2453.12
55.3384 -47.3038 2446.38
40.8845 -497.442 2553.96
-53.1659 380.164 2377.01
-6.76318 344.986 2237.18
6.27827 98.0997 2180.74
133.118 -918.008 2468.49
-191.518 76.18 2429.38
106.157 -85.8874 2293.79
80.4812 -534.139 2338.33
39.6396 309.808 2097.36
36.9922 139.195 2303.64
FRAME: 169
-84.3833 577.766 2138.08
-69.3987 195.606 2484.11
128.391 -875.634 2625.01
-218.16 11.7543 2435.88
52.3544 -52.6163 2444.9
42.291 -497.794 2529.8
-55.0064 365.254 2364.32
-2.5946 329.426 2226.34
4.60048 66.0869 2153.22
139.811 -917.837 2465.36
-176.648 2.94419 2377.9
111.125 -92.9364 2290.77
88.1121 -532.622 2336.55
49.8172 293.599 2088.37
39.5726 128.325 2297.09
FRAME: 170
-86.6817 574.398 2128.13
-66.3632 170.99 2477.01
130.882 -879.239 2608.93
-204.785 -51.9048 2451.98
55.1357 -47.4783 2441.3
37.6494 -498.241 2539.64
-44.9194 372.963 2361.64
2.78449 333.903 2221.35
16.536 57.9928 2141.61
135.499 -926.684 2467.13
-174.366 -26.1286 2364.41
109.533 -92.1646 2282.81
85.175 -536.736 2325.14
50.4884 294.842 2081.05
42.5594 132.041 2291.7
FRAME: 171
-87.0509 569.41 2113.04
-20.4956 174.157 2471.83
126.23 -871.036 2602.79
-177.463 -105.252 2442.71
53.1928 -52.7065 2441.13
38.7412 -493.232 2531.79
-45.4356 371.59 2356.35
3.80805 329.067 2210.62
34.8021 51.294 2133.24
134.629 -920.964 2465.54
-150.937 -113.088 2337.75
110.498 -102.265 2273.15
86.6206 -538.554 2326.68
53.0517 286.545 2064.89
42.8267 125.791 2283.88
FRAME: 172
-87.6858 567.367 2107.14
-31.6964 158.871 2454.94
127.643 -874.897 2599.38
-142.821 -135.066 2455.93
53.8776 -51.9389 2437.58
40.1516 -496.031 2527.68
-39.9667 366.33 2342.21
9.30781 321.713 2200.44
26.4849 52.3634 2115.83
137.722 -926.086 2462.28
-182.589 -169.853 2305.86
112.687 -105.369 2270.02
91.1967 -540.423 2322.53
58.5823 277.097 2058.66
46.295 121.53 2277.12
FRAME: 173
-88.4165 562.345 2096.29
-29.0206 146.566 2439.22
126.631 -874.183 2609.01
-156.82 -171.418 2360.36
52.1935 -51.0003 2432.63
35.2587 -497.753 2520.47
-37.8655 357.766 2320.65
12.2919 312.435 2186.01
21.7818 40.8898 2107.42
142.021 -928.482 2465.8
-166.719 -220.676 2228.17
116.764 -109.303 2261.28
95.7238 -544.678 2319.66
62.4494 267.104 2051.38
48.3853 116.142 2266.48
FRAME: 174
-87.9256 559.427 2086.74
-26.6892 152.487 2446.8
120.235 -866.689 2613.73
-167.83 -147.323 2475.76
50.3851 -51.7223 2430.2
14.5019 -488.453 2495.67
-38.8667 360.568 2318.61
10.0474 315.639 2182.43
18.3227 12.7466 2059.78
141.143 -922.405 2461.21
-155.4 -283.863 2155.22
114.631 -110.792 2252.4
101.689 -543.61 2310.55
58.9615 270.71 2046.26
46.2777 117.191 2261.87
FRAME: 175
-88.4618 555.747 2075.85
-26.0202 157.448 2451.73
108.615 -851.741 2601.97
-179.553 -66.0758 2483.22
45.7817 -31.88 2418.57
-14.0038 -447.477 2436.68
-50.0702 361.596 2290.71
3.81228 317.363 2163.89
47.2679 7.68808 2022.09
139.463 -925.146 2458.49
-82.0747 -304.975 1980.18
120.415 -93.2711 2243.04
112.178 -533.708 2298.76
57.6948 273.131 2037.07
43.4553 127.394 2247.35
FRAME: 176
-88.7275 553.859 2059.66
-24.9157 158.897 2446.16
112.545 -842.649 2604.66
-200.552 -40.1102 2461.96
38.2474 -20.5968 2392.87
-9.30289 -451.154 2368.13
-55.4864 363.638 2272.54
1.69339 318.628 2144.7
84.6857 16.5039 1986.07
131.261 -910.073 2445.93
-36.0358 -297.896 1896
113.485 -80.1589 2225
111.219 -517.666 2289.59
58.8732 273.617 2016.87
38.7797 134.125 2226.82
FRAME: 177
-88.2128 551.749 2050.11
-22.3083 160.793 2445.99
106.266 -828.882 2617.66
-219.73 -32.3707 2455.64
38.4583 -23.2177 2385.81
-6.25224 -450.566 2372.73
-50.7801 362.569 2266.64
2.10295 313.541 2134.53
99.8283 4.59472 1953.03
133.148 -913.456 2449.06
-34.6061 -317.151 1808.22
106.18 -86.8535 2215.4
119.612 -520.08 2280.77
54.986 264.513 2002.42
37.2111 129.253 2217.56
FRAME: 178
-88.8379 550.405 2042
-20.4893 168.026 2439.87
97.4314 -843.473 2617.48
-226.442 -13.1078 2434.02
37.9661 -21.8582 2354.31
5.21286 -461.473 2368.21
-48.9924 362.777 2262.17
2.79161 313.516 2124.16
108.714 1.66046 1943.03
135.809 -903.131 2443.23
1.15743 -292.96 1726.81
94.4411 -76.5833 2203.09
120.384 -506.713 2280.85
54.5756 264.255 1986.15
34.4976 132.148 2201.43
FRAME: 179
-89.1706 548.995 2032.8
-20.979 167.747 2441.32
85.5725 -837.04 2612.13
-243.1 -8.94383 2431.07
44.21 -38.966 2319.2
26.7584 -493.921 2332.84
-45.21 354.72 2250.85
6.95078 314.556 2116.32
134.726 19.7886 1924.96
129.744 -888.99 2449.98
62.9534 -253.542 1695.15
95.7773 -80.0277 2193.38
115.501 -512.767 2272.53
59.1115 274.392 1981.79
38.4722 127.53 2186.3
FRAME: 180
-88.6948 547.467 2026.56
-28.641 171.824 2428.6
87.3478 -827.484 2611.86
-264.375 -1.93297 2420.79
40.6058 -33.2771 2317.56
22.3346 -466.725 2355.09
-51.6504 359.425 2239.67
7.68903 317.591 2107.01
168.107 34.468 1874.47
136.892 -893.419 2417.69
159.677 -180.215 1578.48
97.4173 -73.4652 2192.62
126.826 -494.68 2254.54
67.0284 275.758 1974.36
38.3503 132.11 2181.05
FRAME: 181
-88.9471 545.944 2014.68
-48.5314 163.449 2409.7
111.871 -826.722 2606.41
-261.182 0.374444 2386.88
35.5405 -24.413 2297.96
42.4689 -462.417 2369.75
-61.4129 357.699 2232.05
8.98632 321.297 2102.88
185.017 51.7497 1863.37
131.235 -898.659 2390.95
171.224 -138.951 1612.92
100.193 -57.8079 2180.19
111.124 -492.987 2244.64
79.3855 284.896 1973.72
38.4264 140.093 2170.98
FRAME: 182
-87.4448 544.535 2009.64
-53.2095 174.149 2402.02
107.409 -828.549 2622.93
-287.749 7.27199 2418.26
29.8053 -28.3851 2322.83
28.6556 -452.622 2424.13
-61.9394 363.376 2227.52
12.8717 326.67 2108.97
170.132 70.2731 1875.11
131.851 -899.604 2398.35
183.339 -64.0946 1558.71
110.017 -68.043 2193.82
113.342 -505.714 2252.76
87.6828 289.964 1990.42
41.3914 139.228 2183.65
FRAME: 183
-87.8304 545.521 2003.35
-35.4061 164.226 2359.19
102.377 -825.746 2604.36
-249.665 16.0123 2303.82
24.2211 -23.5835 2300.44
11.7428 -439.769 2439.24
-56.7837 347.878 2168.51
31.0209 312.809 2059.32
199.985 89.5045 1790.57
140.021 -895.992 2386.18
198.607 -6.17012 1528.53
121.515 -52.3236 2158.42
124.084 -486.31 2217.25
118.826 277.741 1950.14
51.9445 137.428 2144.38
FRAME: 184
-54.3261 524.02 1934.74
-28.2353 178.028 2334.99
104.663 -817.095 2599.66
-177.158 54.3017 2202.85
23.0692 -1.56289 2286.06
9.67772 -426.53 2419.84
-28.6706 361.042 2073.35
54.597 319.761 1980.69
231.36 103.716 1780.63
134.901 -910.048 2394.9
293.177 54.8648 1444.48
119.861 -47.9258 2161.21
131.91 -490.169 2227.2
137.865 278.48 1888.03
63.0311 147.508 2102.16
FRAME: 185
-80.8012 542.454 1990.35
-47.095 187.119 2339.22
109.002 -816.328 2603.64
-246.555 42.8741 2291.26
23.8374 -11.0507 2302.26
11.2689 -433.654 2425.38
-49.3744 366.135 2124.42
35.9248 324.697 2022.81
282.252 113.282 1810.12
128.346 -907.44 2392.31
375.093 85.9449 1442.32
122.232 -58.1653 2183.28
124.474 -496.239 2244.06
121.224 283.258 1921.21
54.4797 145.044 2132.79
FRAME: 186
-79.0335 543.109 1981.47
-53.5831 192.98 2356.54
109.426 -812.804 2616.7
-271.448 35.5957 2343.74
24.8024 -7.72524 2308.01
1.79781 -421.994 2436.9
-63.9574 365.753 2152.93
28.7989 321.519 2042.35
292.729 113.502 1791.12
132.791 -905.629 2409.12
392.461 119.551 1428.85
130.262 -58.84 2183.95
129.431 -496.431 2259.16
121.555 277.285 1931.76
53.1655 144.118 2144.16
FRAME: 187
-78.8829 542.771 1980.52
-60.4045 200.5 2357.96
104.888 -811.444 2611.59
-314.599 15.8841 2404.62
23.7663 -12.4934 2298.23
2.15815 -423.343 2433.48
-79.8425 361.819 2179.87
21.9882 320.758 2064.14
327.112 130.328 1792.56
131.149 -900.672 2388.34
416.653 195.065 1445.2
129.406 -56.9703 2177.85
125.363 -492.711 2237.68
123.819 279.696 1948.4
49.2871 143.013 2151.09
FRAME: 188
-80.9574 546.12 1986.98
-62.4053 202.652 2360.82
105.121 -813.027 2606.73
-318.775 16.9236 2417.99
18.391 -3.38705 2309.71
-4.08309 -424.466 2424.81
-80.5456 368.449 2182.94
22.3806 323.029 2064.59
332.634 135.281 1780.38
130.597 -895.284 2390.88
435.307 218.967 1440.62
130.778 -53.1919 2180.24
123.415 -483.71 2238.95
125.307 277.61 1946.25
48.4824 147.37 2154.79
FRAME: 189
-79.5199 544.661 1978.65
-75.4687 205.8 2363.25
99.6643 -808.709 2631.74
-309.508 26.0946 2408.04
16.535 -6.46973 2307.77
-11.5862 -426.528 2439.39
-85.6129 362.415 2173.29
21.3873 319.89 2059.93
340.929 140.728 1755.17
132.111 -884.817 2408.04
450.79 270.4 1403.09
137.699 -56.0104 2180.04
121.366 -485.822 2246.26
128.387 277.365 1946.58
49.252 144.325 2151.92
FRAME: 190
-79.4032 546.767 1981.87
-94.4563 199.743 2363.13
100.72 -806.578 2622.44
-330.705 20.6337 2420.51
11.5097 -4.94409 2306.58
-8.72149 -431.653 2416.47
-81.1339 364.582 2176.41
24.7289 319.039 2062.24
347.419 144.766 1775.08
132.342 -892.019 2393.62
474.137 262.595 1445.5
128.925 -55.4369 2180.52
126.695 -491.083 2248.21
130.592 273.496 1948.08
47.4732 144.424 2152.9
FRAME: 191
-80.0855 547.349 1978.36
-96.8965 209.302 2363.48
100.067 -800.786 2631.05
-331.418 24.7082 2426.21
13.0118 -9.12976 2303.2
-14.8152 -432.64 2437.41
-85.5903 363.721 2170.92
26.8195 318.057 2055.03
359.201 157.119 1757.07
134.704 -889.351 2413.71
490.728 304.769 1444.72
135.015 -59.4803 2177.08
128.009 -489.585 2251.46
139.229 272.393 1939.14
50.4164 141.876 2147.58
FRAME: 192
-80.8232 548.93 1977.95
-102.19 207.192 2361.49
100.011 -800.081 2646.7
-346.1 28.3598 2432.47
10.9142 -13.6168 2305.58
-14.598 -435.667 2439.54
-86.5512 363.943 2171.19
27.3387 318.746 2055.52
366.844 172.649 1766.68
134.796 -883.491 2403.58
519.055 345.436 1459.51
137.345 -64.0535 2176.98
129.87 -493.133 2257.43
141.229 273.549 1939.85
50.7342 139.955 2148.4
FRAME: 193
-82.5071 550.637 1976.56
-106.721 205.701 2367.94
98.8145 -806.812 2656.08
-347.148 31.8753 2436.21
8.52021 -15.5471 2308.51
-17.7635 -441.557 2447.01
-85.6584 365.357 2172.08
29.0676 319.387 2055.7
368.619 181.664 1775.3
135.483 -875.259 2408.9
527.694 429.611 1433.85
140.05 -68.5467 2175.38
131.494 -492.837 2259.23
143.794 273.417 1939.31
51.6763 138.67 2148.82
FRAME: 194
-81.5302 550.361 1977.07
-108.087 206.673 2362.32
96.7034 -800.722 2659.44
-348.559 33.5337 2440.92
7.17236 -12.8904 2306.49
-17.2368 -439.781 2440.38
-85.5833 367.037 2173.9
30.515 322.048 2057.87
376.289 191.167 1784.65
135.304 -874.744 2407.37
538.374 316.617 1482.8
140.381 -64.6307 2173.41
130.701 -489.952 2259.69
146.613 277.059 1941.84
52.1458 141.644 2148.91
FRAME: 195
-82.3032 552.432 1977.17
-110.756 215.328 2367.14
101.461 -803.582 2654.45
-353.443 34.159 2447.73
13.1341 -14.4569 2294.89
-20.0578 -436.342 2435.17
-87.6327 366.052 2173.76
30.1249 326.009 2058.21
374.954 195.292 1789.57
133.953 -868.573 2399.64
542.849 312.606 1486.67
140.635 -58.7543 2169.15
129.896 -485.188 2255.25
147.883 285.967 1942.66
53.5046 144.702 2145.11
FRAME: 196
-81.5568 552.58 1979.4
-107.858 210.711 2362.46
96.584 -809.509 2624.88
-357.005 36.9955 2451.98
9.30686 -13.973 2297.13
-18.3075 -438.927 2418.8
-87.6798 367.758 2175.49
31.6668 327.586 2061.24
379.205 197.025 1796.55
135.799 -877.638 2404.67
548.822 318.051 1501.93
140.248 -58.3083 2171.3
133.844 -487.165 2259.05
151.014 287.414 1946.98
53.2221 145.723 2147.72
FRAME: 197
-82.1884 553.456 1980.74
-109.928 216.442 2366.51
95.3624 -800.718 2634.46
-356.384 47.74 2453.56
7.32668 -11.604 2299.42
-18.0588 -434.125 2417.96
-87.8197 370.764 2175.47
32.6142 329.303 2061.94
382.895 201.004 1802.77
136.435 -877.016 2407.38
561.524 326.44 1516.48
138.365 -56.8554 2175.77
136.459 -486.343 2259.92
153.048 287.843 1948.4
52.7301 147.537 2149.77
FRAME: 198
-82.1304 553.419 1977.4
-110.2 212.667 2364.9
94.5069 -799.188 2642.9
-360.249 50.9492 2460
5.46395 -11.9246 2304.15
-21.357 -433.379 2416.09
-88.5416 373.778 2175.55
32.2895 332.424 2062.7
382.503 203.673 1805.44
134.778 -876.487 2428.42
563.988 329.605 1521.31
140.283 -58.0724 2178.37
139.27 -490.058 2265.26
153.121 291.07 1949.85
52.5815 148.713 2151.98
FRAME: 199
-82.5404 554.454 1985.06
-108.847 218.33 2365.32
94.5385 -802.167 2617.19
-362.923 44.8548 2451.29
5.58774 -9.82857 2301.28
-21.4127 -436.167 2410.12
-87.9187 374.501 2179.05
32.0126 334.443 2066.78
387.177 206.619 1824.26
134.721 -888.028 2419.61
567.16 332.77 1541.84
137.391 -53.8855 2177.82
136.245 -488.84 2255.21
151.944 294.385 1954.51
51.7509 151.293 2153.17
FRAME: 200
-82.3852 554.391 1975.47
-109.214 222.539 2366.31
92.3164 -799.636 2634.07
-361.907 51.3268 2461.62
5.32931 -10.0741 2297.51
-24.8048 -434.633 2423.9
-91.3889 375.403 2174.05
30.2856 338.414 2065.07
392.893 213.306 1827.29
137.166 -875.456 2415.37
571.591 336.529 1525.67
140.158 -50.8522 2176.86
137.065 -484.856 2259.7
151.96 301.424 1956.09
51.5145 153.975 2151.13
FRAME: 201
-82.5399 554.979 1979.17
-103.965 228.483 2373.02
92.8008 -804.52 2619.43
-362.181 52.1934 2464.98
10.139 -10.6251 2296.97
-20.3189 -436.653 2410.11
-89.3563 374.533 2179.31
29.8426 338.077 2067.89
390.085 216.319 1830.46
135.809 -875.465 2414.7
575.267 336.575 1536.39
139.276 -51.2317 2176.27
138.003 -483.804 2259.18
149.042 301.62 1956.47
52.2751 153.574 2152.25
FRAME: 202
-81.3955 555.876 1985.45
-107.842 231.574 2373.82
95.6847 -805.654 2599.25
-368.146 50.779 2458.07
9.1729 -10.7238 2299.97
-16.8507 -437.136 2391.17
-86.3391 374.69 2182.02
31.0734 337.096 2070.85
390.802 213.931 1838.64
136.185 -888.231 2405.48
581.708 332.836 1565.11
136.628 -51.8849 2179.27
140.042 -483.789 2255.01
148.486 299.503 1959.69
51.9869 152.896 2155.24
FRAME: 203
-82.3964 556.075 1977.5
-109.844 233.899 2377.45
87.6471 -802.84 2636.75
-368.894 48.6841 2468.3
7.95544 -12.5027 2294.9
-28.2255 -433.858 2407.86
-89.5812 373.888 2175.67
32.8999 338.069 2065.4
390.627 221.503 1836.64
140.886 -877.695 2407.65
584.831 345.03 1549.78
142.118 -52.8208 2172.77
145.242 -485.465 2254.5
155.381 302.249 1955.13
53.9682 152.703 2149.62
FRAME: 204
-81.392 557.856 1985.44
-108.054 235.955 2382.15
93.4534 -806.609 2612.81
-370.329 49.3369 2458.47
8.79077 -9.9725 2301.16
-18.0688 -440.373 2399.08
-86.0129 377.496 2185.34
30.4848 341.153 2074.23
390.303 219.897 1843.36
135.975 -883.553 2406.78
585.573 340.011 1571.43
137.068 -50.1154 2178.85
141.024 -479.197 2257.45
146.982 304.81 1963.11
51.707 155.554 2157.12
FRAME: 205
-83.0843 557.46 1975.8
-110.445 236.009 2390.22
87.0664 -800.049 2610.46
-364.056 53.5567 2478.37
-1.01715 -20.9055 2310.39
-28.431 -428.987 2416.09
-84.6704 377.113 2185.05
34.5348 339.477 2074.75
386.105 225.709 1830.3
140.557 -875.743 2447.12
584.135 341.25 1541.31
141.827 -65.6565 2180.7
144.677 -493.173 2269.44
153.74 301.84 1964.45
52.4699 148.098 2160.15
FRAME: 206
-81.7322 558.985 1979.54
-106.893 229.438 2375.83
93.4777 -788.953 2625.99
-366.284 51.762 2472.82
3.10051 -8.54731 2307.33
-26.4003 -433.043 2412.64
-87.8365 377.492 2180.19
32.8333 339.385 2073.87
392.91 221.933 1840.4
138.973 -885.44 2414.2
589.152 346.263 1553.58
136.391 -50.3054 2191.21
137.861 -484.706 2265.22
153.503 301.278 1967.56
51.2895 154.979 2161.57
FRAME: 207
-81.7161 559.86 1981.16
-113.977 229.662 2381.34
88.5585 -795.16 2637.83
-368.71 49.5739 2474.81
2.6058 -12.6448 2307.87
-27.0826 -442.501 2422.3
-86.8978 378.615 2184.7
32.8045 340.616 2075.22
394.98 224.481 1840.16
136.606 -877.681 2418.79
593.077 471.881 1530.46
136.941 -55.349 2184.89
136.817 -485.007 2263.67
152.507 302.616 1965.75
51.289 153.309 2160.8
FRAME: 208
-81.3256 559.976 1978.99
-122.644 220.184 2376.79
87.8413 -794.01 2646.83
-370.349 46.3688 2469.21
1.49425 -8.27517 2302.28
-30.6668 -430.932 2431.2
-90.0009 375.743 2181.5
32.6714 340.337 2075.12
397.751 226.038 1841.45
138.746 -878.075 2411.04
595.023 348.872 1563.36
139.632 -48.4027 2182.05
137.754 -484.037 2260.96
155.344 304.931 1968.74
51.6173 155.999 2158.64
FRAME: 209
-81.448 561.827 1980.64
-113.66 225.699 2377.29
92.3953 -794.816 2651.96
-363.433 47.3629 2462.5
1.54374 -7.61993 2303.96
-27.1751 -431.441 2437.03
-90.8844 376.315 2181.83
32.0155 341.691 2076.77
398.913 226.552 1848.08
136.626 -873.629 2411.65
596.021 340.787 1565.21
139.986 -47.0486 2184.91
135.54 -481.826 2259.78
154.915 307.067 1971.71
51.3901 157.178 2160.6
FRAME: 210
-80.6819 561.686 1978.58
-117.455 229.519 2379.9
88.471 -799.495 2653.83
-367.021 48.7619 2471.73
-2.6087 -8.37268 2305.3
-31.3522 -429.698 2439.73
-90.7889 376.874 2180.93
33.0316 341.1 2077.42
397.957 224.12 1847.55
140.577 -871.49 2411.84
591.019 346.52 1560.42
137.979 -48.959 2187.73
140.935 -480.426 2259.15
156.852 305.327 1973.91
50.3583 156.217 2161.97
FRAME: 211
-80.1766 563.786 1986.9
-118.005 223.406 2373.86
94.6738 -805.473 2632.15
-367.187 44.2457 2451.76
5.27052 -9.99422 2299.79
-28.1589 -432.982 2431.51
-88.8457 379.007 2186.08
32.3862 343.676 2078.29
403.13 221.533 1859.53
133.99 -891.042 2410.79
593.105 330.812 1581.63
133.76 -48.2962 2185.64
134.573 -487.456 2260.3
153.618 308.345 1970.51
50.9508 157.265 2160.51
FRAME: 212
-79.0187 564.27 1982.93
-121.652 232.715 2379.71
92.6224 -790.746 2640.9
-366.685 48.0177 2468.2
12.79 -8.24758 2287.68
-33.4549 -423.895 2423.84
-85.6785 371.195 2185.84
31.8191 340.482 2078.31
397.004 219.737 1855.45
136.295 -881.312 2410.05
588.905 362.672 1555.72
131.12 -41.8344 2183.2
140.153 -482.292 2260.6
149.317 309.769 1970.78
51.8871 157.721 2156.88
FRAME: 213
-78.6965 564.765 1981.21
-115.216 230.919 2380.53
88.9784 -789.52 2644.44
-364.983 50.6764 2470.99
7.94514 -6.07596 2294.63
-21.3765 -431.232 2423.14
-84.9074 373.342 2187.57
32.5234 340.893 2079.3
390.83 216.123 1854.04
134.81 -877.654 2435.8
588.377 310.807 1576.5
132.212 -43.2038 2184.04
141.765 -483.498 2269.15
149.954 308.444 1971.04
51.301 158.127 2159.32
FRAME: 214
-74.8645 566.035 1988.61
-112.133 226.594 2372.46
87.632 -793.421 2609.1
-364.728 43.7795 2450.16
6.24051 -9.83694 2290.74
-35.5559 -428.383 2425.14
-86.9094 376.147 2187.37
31.9238 342.878 2080.41
393.927 216.495 1857.22
133.062 -881.523 2411.16
584.519 302.575 1581.6
128.277 -46.7563 2181.24
136.801 -479.367 2257.22
150.757 309.609 1973.45
49.5914 157.291 2158.2
FRAME: 215
-75.284 566.308 1983.39
-117.309 218.48 2373.12
80.1973 -786.883 2643.85
-362.347 50.88 2464.43
1.84887 -13.7174 2291.84
-23.0201 -441.019 2413.57
-91.0229 374.169 2182.29
33.5877 340.863 2076.51
393.451 215.165 1856.15
138.504 -874.398 2419.62
589.497 301.09 1564.35
133.719 -50.9933 2179.25
134.968 -485.776 2258.98
158.198 307.556 1970.72
50.6857 154.254 2156.02
FRAME: 216
-72.7213 568.346 1989.07
-114.121 216.406 2366.44
83.2863 -793.907 2629.19
-360.216 48.5959 2452.32
5.1993 -16.9528 2295.41
-29.6024 -444.935 2410.85
-85.0795 375.316 2185.54
33.3906 340.984 2077.87
391.438 208.301 1853.28
134.963 -880.731 2418.63
608.7 278.262 1620.66
132.986 -55.3129 2179.62
136.966 -480.282 2263.92
151.861 306.651 1970.19
51.2416 152.425 2157.69
FRAME: 217
-70.8865 568.119 1984.57
-100.854 209.746 2367.56
88.2656 -797.676 2630.03
-340.615 47.9523 2462.59
4.12485 -13.6435 2300.02
-22.6329 -439.815 2425.17
-73.6707 366.406 2187.63
34.4666 337.974 2081.83
379.507 213.794 1848.37
130.159 -870.853 2413.05
575.89 312.06 1567.92
117.198 -37.4822 2176.45
127.592 -467.192 2254.71
142.604 309.541 1976.02
47.5641 156.205 2160.03
FRAME: 218
-69.0501 567.8 1983.02
-114.795 216.278 2369.27
84.3411 -792.523 2629.35
-356.453 56.6777 2467.21
-0.926081 -14.4935 2303.97
-28.3989 -434.035 2421.98
-87.676 374.184 2191.12
32.6506 338.464 2082.16
393.27 204.522 1848.06
136.179 -874.562 2414.88
598.52 298.751 1579.23
135.504 -55.6602 2180.85
133.19 -478.414 2257.09
152.977 302.745 1973.2
49.9697 151.694 2162.29
FRAME: 219
-66.1866 568.183 1983.16
-115.614 215.29 2369.3
85.3122 -791.55 2634.97
-356.969 53.1451 2469.87
-1.97604 -15.9894 2303.2
-30.8189 -433.671 2423.73
-87.31 375.326 2189.82
33.0926 340.089 2081.79
390.942 203.228 1846.99
135.945 -886.171 2420.27
592.262 296.939 1561.52
134.904 -56.9628 2180.03
139.068 -487.174 2258.93
153.495 304.851 1973.76
49.7784 151.806 2161.7
FRAME: 220
-66.0963 568.453 1982.93
-115.452 201.998 2367.74
87.089 -791.055 2660.05
-359.118 52.422 2478.8
3.88346 -21.8409 2294.26
-30.0077 -443.759 2420.8
-86.1682 372.395 2190.4
32.9463 339.811 2082.24
392.719 207.836 1847.74
131.421 -879.201 2414.94
596.335 302.524 1568.23
132.907 -57.5072 2176.92
132.351 -486.801 2254.14
152.061 307.226 1974.07
50.6708 150.068 2158.92
FRAME: 221
-64.9976 569.098 1989.14
-115.708 203.596 2365.98
91.7052 -801.117 2620.78
-353.529 52.4851 2456.95
0.834766 -22.3197 2296.71
-32.2589 -445.294 2415.57
-84.8463 372.294 2189.41
32.7215 339.651 2081.73
388.969 206.756 1854.9
132.295 -880.078 2403.69
602.798 271.91 1597.85
134.523 -59.5392 2174.16
132.161 -483.245 2254.95
150.289 307.009 1974.05
50.2001 149.361 2158.58
FRAME: 222
-64.833 568.46 1984.16
-115.738 206.315 2373.84
91.6498 -805.488 2647.04
-348.93 54.0007 2468.77
2.83483 -25.7458 2296.4
-29.3807 -445.881 2428.43
-84.9769 371.604 2191.28
33.9369 338.859 2084.14
389.091 207.298 1847.01
126.617 -873.187 2424.74
589.292 288.959 1562.26
131.754 -61.2425 2180.15
132.501 -483.906 2256.01
152.851 306.113 1977
50.6157 147.682 2161.21
FRAME: 223
-63.145 569.058 1982.69
-114.345 204.894 2372.05
92.8698 -804.115 2657.39
-348.235 55.2049 2465.03
0.368005 -22.0478 2300
-28.7893 -441.551 2431.08
-84.6933 373.356 2190.86
33.9857 338.774 2082.52
387.74 206.446 1845.88
127.518 -871.729 2427.11
590.338 285.149 1558.85
132.697 -60.7028 2179.2
132.153 -481.989 2255.98
152.665 304.191 1974.18
50.2591 148.699 2161.06
FRAME: 224
-62.4356 568.722 1981.4
-114.547 205.796 2376.18
93.5156 -798.764 2658.76
-351.02 54.5251 2474.71
-0.0273815 -25.2143 2297.16
-31.3622 -439.624 2427.72
-84.1926 371.014 2189.79
33.1971 336.718 2080.79
387.421 203.757 1841.89
127.936 -871.867 2432.15
588.19 284.254 1542.71
131.692 -64.0148 2175.12
134.058 -484.776 2258.52
150.587 302.422 1971.79
49.5146 146.052 2158.46
FRAME: 225
-61.5694 568.687 1980.31
-110.212 202.827 2373.41
89.0317 -801.587 2647.58
-348.054 51.9997 2472.57
0.507534 -22.4089 2294.1
-30.5937 -443.855 2416.91
-83.7398 371.486 2190.88
33.7486 337.205 2080.65
385.901 201.871 1840.03
135.946 -882.442 2413.63
588.079 288.245 1549.69
131.214 -60.6883 2171.64
137.785 -482.876 2258.63
151.237 302.925 1970.42
49.8047 147.828 2156.76
FRAME: 226
-62.8021 568.639 1980.68
-109.405 202.433 2381.52
94.8674 -802.889 2650.34
-343.314 50.7413 2476.35
-1.51628 -27.2386 2296
-33.2187 -442.926 2421.94
-82.5855 370.314 2191.56
33.0708 335.018 2079.44
392.298 198.575 1835.21
136.141 -873.641 2411.74
589.734 313.661 1539.03
129.322 -67.1766 2169.31
137.05 -480.587 2260.9
148.727 299.722 1967.32
48.4868 143.905 2156.05
FRAME: 227
-59.3768 570.147 1981.02
-101.408 198.87 2376.7
91.9317 -809.34 2604.99
-346.927 40.8028 2468.69
12.5093 -29.145 2280.16
-27.7026 -446.217 2407.05
-82.2839 366.889 2191.25
34.9947 336.953 2079.41
391.773 202.315 1833.33
137.462 -871.595 2406.83
591.611 294.918 1546.76
132.94 -60.8039 2164.09
135.2 -476.469 2249.08
152.273 307.017 1967.58
53.8598 145.989 2150.77
FRAME: 228
-59.2102 570.037 1985.13
-98.9864 199.966 2367.73
96.0943 -813.504 2579.7
-349.23 42.6193 2450.72
6.64861 -19.1042 2291.14
-25.4161 -443.829 2393.21
-82.4945 372.071 2188.76
36.0889 337.505 2078.68
397.85 194.44 1840.18
135.116 -877.489 2402.21
612.011 343.617 1554.61
131.626 -55.8544 2174.08
137.745 -478.607 2242.17
154.672 302.94 1968.6
52.6132 150.013 2155.65

