FRAME: 0
0 0 0
0 0 0
0 0 0
0 0 0
0 0 0
0 0 0
0 0 0
0 0 0
0 0 0
0 0 0
0 0 0
0 0 0
0 0 0
0 0 0
0 0 0
FRAME: 1
0 0 0
0 0 0
0 0 0
0 0 0
0 0 0
0 0 0
0 0 0
0 0 0
0 0 0
0 0 0
0 0 0
0 0 0
0 0 0
0 0 0
0 0 0
FRAME: 2
0 0 0
0 0 0
0 0 0
0 0 0
0 0 0
0 0 0
0 0 0
0 0 0
0 0 0
0 0 0
0 0 0
0 0 0
0 0 0
0 0 0
0 0 0
FRAME: 3
0 0 0
0 0 0
0 0 0
0 0 0
0 0 0
0 0 0
0 0 0
0 0 0
0 0 0
0 0 0
0 0 0
0 0 0
0 0 0
0 0 0
0 0 0
FRAME: 4
0 0 0
0 0 0
0 0 0
0 0 0
0 0 0
0 0 0
0 0 0
0 0 0
0 0 0
0 0 0
0 0 0
0 0 0
0 0 0
0 0 0
0 0 0
FRAME: 5
0 0 0
0 0 0
0 0 0
0 0 0
0 0 0
0 0 0
0 0 0
0 0 0
0 0 0
0 0 0
0 0 0
0 0 0
0 0 0
0 0 0
0 0 0
FRAME: 6
0 0 0
0 0 0
0 0 0
0 0 0
0 0 0
0 0 0
0 0 0
0 0 0
0 0 0
0 0 0
0 0 0
0 0 0
0 0 0
0 0 0
0 0 0
FRAME: 7
0 0 0
0 0 0
0 0 0
0 0 0
0 0 0
0 0 0
0 0 0
0 0 0
0 0 0
0 0 0
0 0 0
0 0 0
0 0 0
0 0 0
0 0 0
FRAME: 8
0 0 0
0 0 0
0 0 0
0 0 0
0 0 0
0 0 0
0 0 0
0 0 0
0 0 0
0 0 0
0 0 0
0 0 0
0 0 0
0 0 0
0 0 0
FRAME: 9
0 0 0
0 0 0
0 0 0
0 0 0
0 0 0
0 0 0
0 0 0
0 0 0
0 0 0
0 0 0
0 0 0
0 0 0
0 0 0
0 0 0
0 0 0
FRAME: 10
0 0 0
0 0 0
0 0 0
0 0 0
0 0 0
0 0 0
0 0 0
0 0 0
0 0 0
0 0 0
0 0 0
0 0 0
0 0 0
0 0 0
0 0 0
FRAME: 11
0 0 0
0 0 0
0 0 0
0 0 0
0 0 0
0 0 0
0 0 0
0 0 0
0 0 0
0 0 0
0 0 0
0 0 0
0 0 0
0 0 0
0 0 0
FRAME: 12
0 0 0
0 0 0
0 0 0
0 0 0
0 0 0
0 0 0
0 0 0
0 0 0
0 0 0
0 0 0
0 0 0
0 0 0
0 0 0
0 0 0
0 0 0
FRAME: 13
0 0 0
0 0 0
0 0 0
0 0 0
0 0 0
0 0 0
0 0 0
0 0 0
0 0 0
0 0 0
0 0 0
0 0 0
0 0 0
0 0 0
0 0 0
FRAME: 14
0 0 0
0 0 0
0 0 0
0 0 0
0 0 0
0 0 0
0 0 0
0 0 0
0 0 0
0 0 0
0 0 0
0 0 0
0 0 0
0 0 0
0 0 0
FRAME: 15
0 0 0
0 0 0
0 0 0
0 0 0
0 0 0
0 0 0
0 0 0
0 0 0
0 0 0
0 0 0
0 0 0
0 0 0
0 0 0
0 0 0
0 0 0
FRAME: 16
0 0 0
0 0 0
0 0 0
0 0 0
0 0 0
0 0 0
0 0 0
0 0 0
0 0 0
0 0 0
0 0 0
0 0 0
0 0 0
0 0 0
0 0 0
FRAME: 17
0 0 0
0 0 0
0 0 0
0 0 0
0 0 0
0 0 0
0 0 0
0 0 0
0 0 0
0 0 0
0 0 0
0 0 0
0 0 0
0 0 0
0 0 0
FRAME: 18
0 0 0
0 0 0
0 0 0
0 0 0
0 0 0
0 0 0
0 0 0
0 0 0
0 0 0
0 0 0
0 0 0
0 0 0
0 0 0
0 0 0
0 0 0
FRAME: 19
0 0 0
0 0 0
0 0 0
0 0 0
0 0 0
0 0 0
0 0 0
0 0 0
0 0 0
0 0 0
0 0 0
0 0 0
0 0 0
0 0 0
0 0 0
FRAME: 20
0 0 0
0 0 0
0 0 0
0 0 0
0 0 0
0 0 0
0 0 0
0 0 0
0 0 0
0 0 0
0 0 0
0 0 0
0 0 0
0 0 0
0 0 0
FRAME: 21
0 0 0
0 0 0
0 0 0
0 0 0
0 0 0
0 0 0
0 0 0
0 0 0
0 0 0
0 0 0
0 0 0
0 0 0
0 0 0
0 0 0
0 0 0
FRAME: 22
0 0 0
0 0 0
0 0 0
0 0 0
0 0 0
0 0 0
0 0 0
0 0 0
0 0 0
0 0 0
0 0 0
0 0 0
0 0 0
0 0 0
0 0 0
FRAME: 23
0 0 0
0 0 0
0 0 0
0 0 0
0 0 0
0 0 0
0 0 0
0 0 0
0 0 0
0 0 0
0 0 0
0 0 0
0 0 0
0 0 0
0 0 0
FRAME: 24
0 0 0
0 0 0
0 0 0
0 0 0
0 0 0
0 0 0
0 0 0
0 0 0
0 0 0
0 0 0
0 0 0
0 0 0
0 0 0
0 0 0
0 0 0
FRAME: 25
0 0 0
0 0 0
0 0 0
0 0 0
0 0 0
0 0 0
0 0 0
0 0 0
0 0 0
0 0 0
0 0 0
0 0 0
0 0 0
0 0 0
0 0 0
FRAME: 26
0 0 0
0 0 0
0 0 0
0 0 0
0 0 0
0 0 0
0 0 0
0 0 0
0 0 0
0 0 0
0 0 0
0 0 0
0 0 0
0 0 0
0 0 0
FRAME: 27
0 0 0
0 0 0
0 0 0
0 0 0
0 0 0
0 0 0
0 0 0
0 0 0
0 0 0
0 0 0
0 0 0
0 0 0
0 0 0
0 0 0
0 0 0
FRAME: 28
0 0 0
0 0 0
0 0 0
0 0 0
0 0 0
0 0 0
0 0 0
0 0 0
0 0 0
0 0 0
0 0 0
0 0 0
0 0 0
0 0 0
0 0 0
FRAME: 29
0 0 0
0 0 0
0 0 0
0 0 0
0 0 0
0 0 0
0 0 0
0 0 0
0 0 0
0 0 0
0 0 0
0 0 0
0 0 0
0 0 0
0 0 0
FRAME: 30
0 0 0
0 0 0
0 0 0
0 0 0
0 0 0
0 0 0
0 0 0
0 0 0
0 0 0
0 0 0
0 0 0
0 0 0
0 0 0
0 0 0
0 0 0
FRAME: 31
0 0 0
0 0 0
0 0 0
0 0 0
0 0 0
0 0 0
0 0 0
0 0 0
0 0 0
0 0 0
0 0 0
0 0 0
0 0 0
0 0 0
0 0 0
FRAME: 32
0 0 0
0 0 0
0 0 0
0 0 0
0 0 0
0 0 0
0 0 0
0 0 0
0 0 0
0 0 0
0 0 0
0 0 0
0 0 0
0 0 0
0 0 0
FRAME: 33
0 0 0
0 0 0
0 0 0
0 0 0
0 0 0
0 0 0
0 0 0
0 0 0
0 0 0
0 0 0
0 0 0
0 0 0
0 0 0
0 0 0
0 0 0
FRAME: 34
0 0 0
0 0 0
0 0 0
0 0 0
0 0 0
0 0 0
0 0 0
0 0 0
0 0 0
0 0 0
0 0 0
0 0 0
0 0 0
0 0 0
0 0 0
FRAME: 35
0 0 0
0 0 0
0 0 0
0 0 0
0 0 0
0 0 0
0 0 0
0 0 0
0 0 0
0 0 0
0 0 0
0 0 0
0 0 0
0 0 0
0 0 0
FRAME: 36
0 0 0
0 0 0
0 0 0
0 0 0
0 0 0
0 0 0
0 0 0
0 0 0
0 0 0
0 0 0
0 0 0
0 0 0
0 0 0
0 0 0
0 0 0
FRAME: 37
0 0 0
0 0 0
0 0 0
0 0 0
0 0 0
0 0 0
0 0 0
0 0 0
0 0 0
0 0 0
0 0 0
0 0 0
0 0 0
0 0 0
0 0 0
FRAME: 38
0 0 0
0 0 0
0 0 0
0 0 0
0 0 0
0 0 0
0 0 0
0 0 0
0 0 0
0 0 0
0 0 0
0 0 0
0 0 0
0 0 0
0 0 0
FRAME: 39
0 0 0
0 0 0
0 0 0
0 0 0
0 0 0
0 0 0
0 0 0
0 0 0
0 0 0
0 0 0
0 0 0
0 0 0
0 0 0
0 0 0
0 0 0
FRAME: 40
0 0 0
0 0 0
0 0 0
0 0 0
0 0 0
0 0 0
0 0 0
0 0 0
0 0 0
0 0 0
0 0 0
0 0 0
0 0 0
0 0 0
0 0 0
FRAME: 41
0 0 0
0 0 0
0 0 0
0 0 0
0 0 0
0 0 0
0 0 0
0 0 0
0 0 0
0 0 0
0 0 0
0 0 0
0 0 0
0 0 0
0 0 0
FRAME: 42
0 0 0
0 0 0
0 0 0
0 0 0
0 0 0
0 0 0
0 0 0
0 0 0
0 0 0
0 0 0
0 0 0
0 0 0
0 0 0
0 0 0
0 0 0
FRAME: 43
0 0 0
0 0 0
0 0 0
0 0 0
0 0 0
0 0 0
0 0 0
0 0 0
0 0 0
0 0 0
0 0 0
0 0 0
0 0 0
0 0 0
0 0 0
FRAME: 44
0 0 0
0 0 0
0 0 0
0 0 0
0 0 0
0 0 0
0 0 0
0 0 0
0 0 0
0 0 0
0 0 0
0 0 0
0 0 0
0 0 0
0 0 0
FRAME: 45
0 0 0
0 0 0
0 0 0
0 0 0
0 0 0
0 0 0
0 0 0
0 0 0
0 0 0
0 0 0
0 0 0
0 0 0
0 0 0
0 0 0
0 0 0
FRAME: 46
0 0 0
0 0 0
0 0 0
0 0 0
0 0 0
0 0 0
0 0 0
0 0 0
0 0 0
0 0 0
0 0 0
0 0 0
0 0 0
0 0 0
0 0 0
FRAME: 47
0 0 0
0 0 0
0 0 0
0 0 0
0 0 0
0 0 0
0 0 0
0 0 0
0 0 0
0 0 0
0 0 0
0 0 0
0 0 0
0 0 0
0 0 0
FRAME: 48
0 0 0
0 0 0
0 0 0
0 0 0
0 0 0
0 0 0
0 0 0
0 0 0
0 0 0
0 0 0
0 0 0
0 0 0
0 0 0
0 0 0
0 0 0
FRAME: 49
0 0 0
0 0 0
0 0 0
0 0 0
0 0 0
0 0 0
0 0 0
0 0 0
0 0 0
0 0 0
0 0 0
0 0 0
0 0 0
0 0 0
0 0 0
FRAME: 50
0 0 0
0 0 0
0 0 0
0 0 0
0 0 0
0 0 0
0 0 0
0 0 0
0 0 0
0 0 0
0 0 0
0 0 0
0 0 0
0 0 0
0 0 0
FRAME: 51
0 0 0
0 0 0
0 0 0
0 0 0
0 0 0
0 0 0
0 0 0
0 0 0
0 0 0
0 0 0
0 0 0
0 0 0
0 0 0
0 0 0
0 0 0
FRAME: 52
0 0 0
0 0 0
0 0 0
0 0 0
0 0 0
0 0 0
0 0 0
0 0 0
0 0 0
0 0 0
0 0 0
0 0 0
0 0 0
0 0 0
0 0 0
FRAME: 53
0 0 0
0 0 0
0 0 0
0 0 0
0 0 0
0 0 0
0 0 0
0 0 0
0 0 0
0 0 0
0 0 0
0 0 0
0 0 0
0 0 0
0 0 0
FRAME: 54
0 0 0
0 0 0
0 0 0
0 0 0
0 0 0
0 0 0
0 0 0
0 0 0
0 0 0
0 0 0
0 0 0
0 0 0
0 0 0
0 0 0
0 0 0
FRAME: 55
0 0 0
0 0 0
0 0 0
0 0 0
0 0 0
0 0 0
0 0 0
0 0 0
0 0 0
0 0 0
0 0 0
0 0 0
0 0 0
0 0 0
0 0 0
FRAME: 56
0 0 0
0 0 0
0 0 0
0 0 0
0 0 0
0 0 0
0 0 0
0 0 0
0 0 0
0 0 0
0 0 0
0 0 0
0 0 0
0 0 0
0 0 0
FRAME: 57
0 0 0
0 0 0
0 0 0
0 0 0
0 0 0
0 0 0
0 0 0
0 0 0
0 0 0
0 0 0
0 0 0
0 0 0
0 0 0
0 0 0
0 0 0
FRAME: 58
0 0 0
0 0 0
0 0 0
0 0 0
0 0 0
0 0 0
0 0 0
0 0 0
0 0 0
0 0 0
0 0 0
0 0 0
0 0 0
0 0 0
0 0 0
FRAME: 59
0 0 0
0 0 0
0 0 0
0 0 0
0 0 0
0 0 0
0 0 0
0 0 0
0 0 0
0 0 0
0 0 0
0 0 0
0 0 0
0 0 0
0 0 0
FRAME: 60
0 0 0
0 0 0
0 0 0
0 0 0
0 0 0
0 0 0
0 0 0
0 0 0
0 0 0
0 0 0
0 0 0
0 0 0
0 0 0
0 0 0
0 0 0
FRAME: 61
0 0 0
0 0 0
0 0 0
0 0 0
0 0 0
0 0 0
0 0 0
0 0 0
0 0 0
0 0 0
0 0 0
0 0 0
0 0 0
0 0 0
0 0 0
FRAME: 62
0 0 0
0 0 0
0 0 0
0 0 0
0 0 0
0 0 0
0 0 0
0 0 0
0 0 0
0 0 0
0 0 0
0 0 0
0 0 0
0 0 0
0 0 0
FRAME: 63
0 0 0
0 0 0
0 0 0
0 0 0
0 0 0
0 0 0
0 0 0
0 0 0
0 0 0
0 0 0
0 0 0
0 0 0
0 0 0
0 0 0
0 0 0
FRAME: 64
0 0 0
0 0 0
0 0 0
0 0 0
0 0 0
0 0 0
0 0 0
0 0 0
0 0 0
0 0 0
0 0 0
0 0 0
0 0 0
0 0 0
0 0 0
FRAME: 65
0 0 0
0 0 0
0 0 0
0 0 0
0 0 0
0 0 0
0 0 0
0 0 0
0 0 0
0 0 0
0 0 0
0 0 0
0 0 0
0 0 0
0 0 0
FRAME: 66
0 0 0
0 0 0
0 0 0
0 0 0
0 0 0
0 0 0
0 0 0
0 0 0
0 0 0
0 0 0
0 0 0
0 0 0
0 0 0
0 0 0
0 0 0
FRAME: 67
0 0 0
0 0 0
0 0 0
0 0 0
0 0 0
0 0 0
0 0 0
0 0 0
0 0 0
0 0 0
0 0 0
0 0 0
0 0 0
0 0 0
0 0 0
FRAME: 68
0 0 0
0 0 0
0 0 0
0 0 0
0 0 0
0 0 0
0 0 0
0 0 0
0 0 0
0 0 0
0 0 0
0 0 0
0 0 0
0 0 0
0 0 0
FRAME: 69
0 0 0
0 0 0
0 0 0
0 0 0
0 0 0
0 0 0
0 0 0
0 0 0
0 0 0
0 0 0
0 0 0
0 0 0
0 0 0
0 0 0
0 0 0
FRAME: 70
0 0 0
0 0 0
0 0 0
0 0 0
0 0 0
0 0 0
0 0 0
0 0 0
0 0 0
0 0 0
0 0 0
0 0 0
0 0 0
0 0 0
0 0 0
FRAME: 71
0 0 0
0 0 0
0 0 0
0 0 0
0 0 0
0 0 0
0 0 0
0 0 0
0 0 0
0 0 0
0 0 0
0 0 0
0 0 0
0 0 0
0 0 0
FRAME: 72
0 0 0
0 0 0
0 0 0
0 0 0
0 0 0
0 0 0
0 0 0
0 0 0
0 0 0
0 0 0
0 0 0
0 0 0
0 0 0
0 0 0
0 0 0
FRAME: 73
0 0 0
0 0 0
0 0 0
0 0 0
0 0 0
0 0 0
0 0 0
0 0 0
0 0 0
0 0 0
0 0 0
0 0 0
0 0 0
0 0 0
0 0 0
FRAME: 74
0 0 0
0 0 0
0 0 0
0 0 0
0 0 0
0 0 0
0 0 0
0 0 0
0 0 0
0 0 0
0 0 0
0 0 0
0 0 0
0 0 0
0 0 0
FRAME: 75
0 0 0
0 0 0
0 0 0
0 0 0
0 0 0
0 0 0
0 0 0
0 0 0
0 0 0
0 0 0
0 0 0
0 0 0
0 0 0
0 0 0
0 0 0
FRAME: 76
0 0 0
0 0 0
0 0 0
0 0 0
0 0 0
0 0 0
0 0 0
0 0 0
0 0 0
0 0 0
0 0 0
0 0 0
0 0 0
0 0 0
0 0 0
FRAME: 77
0 0 0
0 0 0
0 0 0
0 0 0
0 0 0
0 0 0
0 0 0
0 0 0
0 0 0
0 0 0
0 0 0
0 0 0
0 0 0
0 0 0
0 0 0
FRAME: 78
0 0 0
0 0 0
0 0 0
0 0 0
0 0 0
0 0 0
0 0 0
0 0 0
0 0 0
0 0 0
0 0 0
0 0 0
0 0 0
0 0 0
0 0 0
FRAME: 79
0 0 0
0 0 0
0 0 0
0 0 0
0 0 0
0 0 0
0 0 0
0 0 0
0 0 0
0 0 0
0 0 0
0 0 0
0 0 0
0 0 0
0 0 0
FRAME: 80
0 0 0
0 0 0
0 0 0
0 0 0
0 0 0
0 0 0
0 0 0
0 0 0
0 0 0
0 0 0
0 0 0
0 0 0
0 0 0
0 0 0
0 0 0
FRAME: 81
0 0 0
0 0 0
0 0 0
0 0 0
0 0 0
0 0 0
0 0 0
0 0 0
0 0 0
0 0 0
0 0 0
0 0 0
0 0 0
0 0 0
0 0 0
FRAME: 82
0 0 0
0 0 0
0 0 0
0 0 0
0 0 0
0 0 0
0 0 0
0 0 0
0 0 0
0 0 0
0 0 0
0 0 0
0 0 0
0 0 0
0 0 0
FRAME: 83
0 0 0
0 0 0
0 0 0
0 0 0
0 0 0
0 0 0
0 0 0
0 0 0
0 0 0
0 0 0
0 0 0
0 0 0
0 0 0
0 0 0
0 0 0
FRAME: 84
0 0 0
0 0 0
0 0 0
0 0 0
0 0 0
0 0 0
0 0 0
0 0 0
0 0 0
0 0 0
0 0 0
0 0 0
0 0 0
0 0 0
0 0 0
FRAME: 85
0 0 0
0 0 0
0 0 0
0 0 0
0 0 0
0 0 0
0 0 0
0 0 0
0 0 0
0 0 0
0 0 0
0 0 0
0 0 0
0 0 0
0 0 0
FRAME: 86
0 0 0
0 0 0
0 0 0
0 0 0
0 0 0
0 0 0
0 0 0
0 0 0
0 0 0
0 0 0
0 0 0
0 0 0
0 0 0
0 0 0
0 0 0
FRAME: 87
0 0 0
0 0 0
0 0 0
0 0 0
0 0 0
0 0 0
0 0 0
0 0 0
0 0 0
0 0 0
0 0 0
0 0 0
0 0 0
0 0 0
0 0 0
FRAME: 88
0 0 0
0 0 0
0 0 0
0 0 0
0 0 0
0 0 0
0 0 0
0 0 0
0 0 0
0 0 0
0 0 0
0 0 0
0 0 0
0 0 0
0 0 0
FRAME: 89
0 0 0
0 0 0
0 0 0
0 0 0
0 0 0
0 0 0
0 0 0
0 0 0
0 0 0
0 0 0
0 0 0
0 0 0
0 0 0
0 0 0
0 0 0
FRAME: 90
0 0 0
0 0 0
0 0 0
0 0 0
0 0 0
0 0 0
0 0 0
0 0 0
0 0 0
0 0 0
0 0 0
0 0 0
0 0 0
0 0 0
0 0 0
FRAME: 91
0 0 0
0 0 0
0 0 0
0 0 0
0 0 0
0 0 0
0 0 0
0 0 0
0 0 0
0 0 0
0 0 0
0 0 0
0 0 0
0 0 0
0 0 0
FRAME: 92
0 0 0
0 0 0
0 0 0
0 0 0
0 0 0
0 0 0
0 0 0
0 0 0
0 0 0
0 0 0
0 0 0
0 0 0
0 0 0
0 0 0
0 0 0
FRAME: 93
0 0 0
0 0 0
0 0 0
0 0 0
0 0 0
0 0 0
0 0 0
0 0 0
0 0 0
0 0 0
0 0 0
0 0 0
0 0 0
0 0 0
0 0 0
FRAME: 94
0 0 0
0 0 0
0 0 0
0 0 0
0 0 0
0 0 0
0 0 0
0 0 0
0 0 0
0 0 0
0 0 0
0 0 0
0 0 0
0 0 0
0 0 0
FRAME: 95
0 0 0
0 0 0
0 0 0
0 0 0
0 0 0
0 0 0
0 0 0
0 0 0
0 0 0
0 0 0
0 0 0
0 0 0
0 0 0
0 0 0
0 0 0
FRAME: 96
0 0 0
0 0 0
0 0 0
0 0 0
0 0 0
0 0 0
0 0 0
0 0 0
0 0 0
0 0 0
0 0 0
0 0 0
0 0 0
0 0 0
0 0 0
FRAME: 97
0 0 0
0 0 0
0 0 0
0 0 0
0 0 0
0 0 0
0 0 0
0 0 0
0 0 0
0 0 0
0 0 0
0 0 0
0 0 0
0 0 0
0 0 0
FRAME: 98
0 0 0
0 0 0
0 0 0
0 0 0
0 0 0
0 0 0
0 0 0
0 0 0
0 0 0
0 0 0
0 0 0
0 0 0
0 0 0
0 0 0
0 0 0
FRAME: 99
0 0 0
0 0 0
0 0 0
0 0 0
0 0 0
0 0 0
0 0 0
0 0 0
0 0 0
0 0 0
0 0 0
0 0 0
0 0 0
0 0 0
0 0 0
FRAME: 100
0 0 0
0 0 0
0 0 0
0 0 0
0 0 0
0 0 0
0 0 0
0 0 0
0 0 0
0 0 0
0 0 0
0 0 0
0 0 0
0 0 0
0 0 0
FRAME: 101
0 0 0
0 0 0
0 0 0
0 0 0
0 0 0
0 0 0
0 0 0
0 0 0
0 0 0
0 0 0
0 0 0
0 0 0
0 0 0
0 0 0
0 0 0
FRAME: 102
0 0 0
0 0 0
0 0 0
0 0 0
0 0 0
0 0 0
0 0 0
0 0 0
0 0 0
0 0 0
0 0 0
0 0 0
0 0 0
0 0 0
0 0 0
FRAME: 103
0 0 0
0 0 0
0 0 0
0 0 0
0 0 0
0 0 0
0 0 0
0 0 0
0 0 0
0 0 0
0 0 0
0 0 0
0 0 0
0 0 0
0 0 0
FRAME: 104
0 0 0
0 0 0
0 0 0
0 0 0
0 0 0
0 0 0
0 0 0
0 0 0
0 0 0
0 0 0
0 0 0
0 0 0
0 0 0
0 0 0
0 0 0
FRAME: 105
0 0 0
0 0 0
0 0 0
0 0 0
0 0 0
0 0 0
0 0 0
0 0 0
0 0 0
0 0 0
0 0 0
0 0 0
0 0 0
0 0 0
0 0 0
FRAME: 106
-97.648 617.525 2431.41
-275.685 178.236 2678.49
-124.976 -571.373 2769.41
-221.169 -48.2458 2442.7
-154.703 45.0399 2682.36
-177.257 -276.506 2718.05
-236.896 411.611 2614.11
-74.5081 388.905 2529.3
110.139 77.9715 2447.74
-63.6362 -452.365 2973.71
-31.5161 -222.244 2402.2
18.7132 20.7922 2591.79
77.4055 -223.182 2846.43
87.8802 366.199 2444.49
-71.2515 210.911 2583.19
FRAME: 107
-75.6698 629.397 2456.24
-268.947 178.685 2714.64
-132.08 -578.545 2770.2
-224.194 -64.6286 2486.73
-144.15 46.6085 2683.95
-163.802 -264.091 2717.58
-228.506 416.317 2626.41
-62.1334 394.709 2543.02
111.63 83.2036 2450.98
-55.5294 -451.615 2980.9
-13.6981 -202.562 2396.42
25.3099 24.5999 2599.01
79.5886 -226.917 2850.1
104.239 373.101 2459.63
-60.7769 215.157 2592.25
FRAME: 108
-58.4592 641.277 2483.76
-262.175 181.874 2714.03
-124.422 -698.413 2847.3
-233.036 -77.7623 2520.13
-142.902 36.4563 2714.52
-150.765 -327.61 2749.09
-228.709 411.14 2611.58
-51.7093 396.828 2558.12
152.918 122.388 2505.24
-66.4912 -412.905 2957.13
31.1159 -154.573 2456.16
52.6557 21.1274 2657.02
34.1188 -267.025 2671.71
125.29 382.517 2504.66
-48.4162 212.81 2621.95
FRAME: 109
-45.4131 648.307 2502.73
-249.326 196.732 2743.14
-124.561 -714.605 2845.39
-231.002 -72.7149 2561.22
-133.372 44.6168 2722.27
-135.641 -330.144 2727.16
-212.189 421.465 2634.32
-33.0043 399.633 2575.3
206.603 140.6 2580.94
-128.873 -668.17 2816.72
42.0881 -152.849 2464.67
53.6462 21.8196 2660.62
-69.8798 -298.343 2647.75
146.181 377.801 2516.28
-36.4336 216.426 2633.37
FRAME: 110
-30.7542 656.253 2522.54
-242.423 205.654 2756.61
-130.225 -727.793 2848.46
-228.787 -73.7365 2608.05
-128.604 47.0879 2727.45
-121.405 -342.054 2730.71
-198.246 433.275 2645.12
-19.1402 411.713 2596.99
210.409 142.344 2591.6
-132.439 -699.223 2831.15
49.2723 -164.65 2502.06
56.6415 24.8041 2677.6
-92.9101 -350.096 2790.23
159.965 390.151 2548.87
-27.5609 223.829 2649.76
FRAME: 111
-8.18941 671.69 2557.01
-230.725 215.326 2789.21
-65.1516 -571.783 2832.36
-224.099 -59.1945 2671.99
-105.611 67.4666 2744.26
-93.2631 -307.545 2750.12
-162.997 452.443 2673.96
7.71585 430.629 2628.45
194.929 169.384 2620.82
-56.9652 -522.56 2771.59
75.3501 -86.7601 2511.36
75.36 44.4445 2695.92
-34.7518 -305.765 2744.36
178.429 408.815 2582.93
-3.70489 243.292 2674.27
FRAME: 112
2.59315 677.975 2576.62
-222.559 216.462 2793.21
-65.3651 -561.555 2771.65
-216.732 -65.5961 2697.93
-93.8228 63.219 2761.52
-85.1012 -314.233 2774.19
-154.185 454.353 2682.72
18.5883 434.916 2651.15
203.126 176.367 2652.13
-54.465 -517.37 2780.97
125.609 -73.8594 2634.42
80.6335 43.5662 2729.59
-29.4184 -305.668 2741.29
191.361 415.479 2619.59
5.99682 244.154 2698.35
FRAME: 113
10.1843 683.143 2594.1
-206.485 211.698 2801.29
-77.6203 -573.307 2776.17
-211.182 -71.005 2724.81
-87.4395 60.9823 2768.81
-80.9879 -316.77 2783.85
-147.287 456.529 2690.35
24.2087 438.482 2664.5
204.901 169.973 2674.02
-56.8944 -522.917 2786.87
131.068 -75.0913 2645.29
82.894 43.0054 2743.09
-38.3819 -300.277 2748
195.705 420.435 2638.65
10.968 245.238 2710.23
FRAME: 114
17.4211 685.623 2611.71
-195.63 210.302 2804.32
-82.7853 -590.735 2778.26
-201.227 -81.1542 2746.3
-79.2368 56.9971 2772.69
-77.3665 -330.77 2779.86
-141.567 456.83 2696.13
28.5881 440.416 2674.05
209.072 170.814 2700.01
-63.7384 -560.206 2794.92
133.694 -87.8342 2664.54
84.2636 41.177 2751.44
-41.0515 -318.704 2744.38
198.743 424.002 2651.97
15.5507 244.751 2718.06
FRAME: 115
23.6714 687.102 2621.87
-187.239 207.517 2802.95
-120.003 -734.539 2856.01
-198.663 -120.602 2739.11
-78.0489 47.8994 2772.86
-74.3624 -350.988 2769.83
-137.295 455.964 2697.65
31.6007 441.254 2680.85
211.419 171.847 2727.58
-112.582 -737.105 2871.53
138.156 -84.5838 2685.25
88.7614 33.037 2756.13
-37.0625 -325.825 2740.95
200.497 426.545 2664.05
18.4784 240.861 2722.67
FRAME: 116
29.4168 687.838 2628.87
-181.411 200.857 2801.34
-124.268 -739.137 2872
-195.107 -136.152 2727.36
-69.1243 45.6333 2773.24
-68.7181 -365.708 2749.24
-133.689 452.71 2700.32
35.015 440.994 2688.11
243.566 186.517 2799.95
-114.737 -736.415 2864.42
138.402 -80.0438 2696.66
95.741 33.7794 2761.38
-36.7905 -325.76 2745.84
203.719 429.279 2675.9
24.1617 240.35 2727.71
FRAME: 117
32.6139 687.688 2633.01
-178.252 197.111 2798.52
-124.362 -746.838 2881.99
-183.951 -134.597 2745.69
-70.5082 44.9639 2775.65
-70.5012 -372.965 2756.67
-129.674 452.443 2701.06
37.4999 442.222 2694.03
239.052 188.297 2809.97
-119.746 -744.119 2840.22
141.295 -85.3329 2705.76
103.025 34.3528 2768.67
-43.969 -340.734 2779.04
204.674 432.002 2687
26.8791 240.94 2733.09
FRAME: 118
33.8619 687.531 2634.31
-173.465 195.355 2799.38
-126.535 -747.554 2866.88
-173.043 -125.139 2745.44
-76.4888 51.1944 2783.01
-71.4352 -373.479 2757.69
-127.522 455.321 2703.88
38.2395 443.719 2700.17
234.19 192.039 2818.74
-108.706 -737.978 2829.18
128.525 -93.4189 2680.95
100.883 38.9124 2779.14
-37.5212 -344.03 2782.79
204.001 432.117 2696.46
25.2184 244.386 2740.62
FRAME: 119
32.9301 686.283 2633.25
-172.63 196.683 2796.31
-131.544 -767.016 2823.27
-155.318 -121.138 2727.31
-76.5172 54.3996 2784.81
-67.8582 -369.216 2760.41
-127.668 456.489 2699.32
37.5371 443.736 2702.11
234.423 190.033 2819.38
-112.148 -748.04 2824.57
127.921 -86.2856 2721.18
88.0137 42.0151 2787.97
-29.7167 -342.884 2782.81
202.742 430.983 2704.9
21.6427 245.972 2744.25
FRAME: 120
31.2542 683.981 2632.25
-174.972 196.546 2781.73
-129.476 -757.185 2824.34
-145.597 -99.9792 2717.86
-75.6539 55.8643 2786.6
-63.7872 -362.456 2762.18
-127.423 453.909 2691.38
37.1052 442.568 2701.17
238.791 195.594 2830.87
-97.2968 -719.587 2872.37
128.454 -70.2668 2719.4
84.8899 44.702 2795.99
-25.0406 -335.495 2782.1
201.633 431.227 2710.97
20.8616 246.426 2746.24
FRAME: 121
27.2303 676.77 2626.46
-175.554 195.578 2777.55
-123.959 -750.432 2825.07
-143.061 -83.5973 2713.99
-75.2686 56.4484 2783.81
-54.1319 -356.611 2766.04
-127.323 449.778 2681
36.2721 438.954 2696.64
233.344 191.341 2836.14
-89.6978 -737.02 2870.6
106.245 -86.6899 2729.82
77.8681 46.2357 2798.24
-25.1474 -337.743 2787.84
199.867 428.13 2712.29
18.7859 245.148 2743.84
FRAME: 122
21.472 674.11 2613.43
-178.36 202.016 2773.1
-110.827 -697.125 2826.39
-144.943 -74.2776 2709.63
-78.5006 60.5388 2774.78
-52.563 -332.49 2754.35
-128.119 449.44 2669.38
34.4517 439.255 2687.04
207.975 193.072 2823.22
-74.3641 -698.158 2884.3
114.186 -92.0803 2750.25
77.8869 50.7853 2791.66
29.2069 -284.416 2865.8
197.023 429.07 2704.71
17.0724 247.459 2735.13
FRAME: 123
18.5896 664.349 2612.72
-165.305 176.128 2745.65
-140.537 -748.139 2836.84
-142.606 -84.8284 2683.98
-95.262 61.349 2780.21
-79.3784 -353.914 2756.9
-126.08 429.294 2648.84
27.711 426.077 2683.91
191.577 180.852 2849.7
-72.2044 -739.898 2926.31
94.7643 -88.7614 2734.71
61.8649 58.0718 2815.92
11.6599 -331.123 2861.9
181.502 422.86 2718.97
5.50621 242.894 2740.99
FRAME: 124
13.3116 664.468 2598.23
-189.348 177.815 2752.33
-105.357 -727.108 2824.16
-147.587 -112.808 2702.71
-76.1324 44.1841 2764.43
-53.7402 -348.564 2740.8
-142.502 426.317 2666.16
18.4933 422.289 2669.21
196.097 191.988 2813.47
-66.3913 -682.341 2809.89
113.62 -84.94 2688.87
91.2008 39.8854 2767.69
9.60847 -296.831 2819.11
179.489 418.261 2672.27
13.0137 232.162 2717.64
FRAME: 125
10.3982 654.95 2589.65
-188.701 173.466 2709.07
-120.516 -773.317 2840.97
-142.478 -131.568 2678.29
-81.1279 44.9123 2770.65
-59.4409 -367.883 2754.06
-140.739 419.747 2647.11
15.3622 411.438 2670.36
187.128 181.222 2837.8
-76.2655 -713.346 2883.78
101.434 -85.7772 2725.94
36.2001 38.8078 2784.76
-40.6731 -363.546 2796.47
171.463 403.129 2693.6
-3.55084 226.649 2724.03
FRAME: 126
5.88493 649.383 2580.76
-187.469 171.23 2703.33
-110.416 -733.532 2843.17
-143.77 -122.304 2673.39
-86.4284 38.3896 2757.25
-57.2342 -370.924 2732.97
-141.119 413.544 2637.53
12.3318 405.972 2662.92
185.049 178.528 2831.65
-86.2059 -723.347 2828.3
87.2298 -86.3907 2688.5
38.4369 32.1566 2776.92
-51.1203 -359.65 2770.05
165.783 398.401 2688.32
-5.83195 220.623 2715
FRAME: 127
3.64328 649.299 2581.69
-188.053 178.112 2696.14
-88.4248 -627.927 2827.03
-144.549 -123.202 2618.56
-90.0034 47.293 2737.62
-70.6221 -321.7 2710.51
-137.023 420.453 2627.6
12.284 410.372 2655.71
190.035 180.822 2817.04
-63.0844 -651.045 2800.3
90.6925 -87.4811 2702.48
30.0173 39.1968 2760.23
-59.2084 -320.517 2739.67
161.591 400.292 2683.81
-8.85452 226.809 2702.32
FRAME: 128
2.63741 641.23 2578.28
-204.276 102.845 2660.07
-167.49 -758.807 2889.71
-158.965 -220.341 2561.33
-125.77 15.1876 2779.03
-121.971 -391.778 2759.28
-148.869 346.066 2615.41
10.4811 335.718 2654.02
209.522 276.724 2810.3
-16.0174 -679.373 2710.86
81.3391 164.872 2663.43
36.0761 4.62653 2817.99
-25.2698 -308.278 2651.23
169.831 325.37 2692.63
-17.1828 172.813 2726.27
FRAME: 129
2.66524 640.97 2584.56
-166.977 116.137 2627.36
-142.607 -722.11 2855.01
-122.35 -199.835 2464.12
-109.579 11.041 2785.7
-128.66 -398.382 2829.67
-122.513 362.452 2598.84
12.5908 374.507 2661.15
189.9 233.761 2849
-40.593 -672.881 2767.72
39.7251 94.7058 2659.62
37.7773 26.6382 2857.39
-38.4844 -290.778 2664.51
147.694 386.562 2723.46
-11.655 196.673 2741.35
FRAME: 130
3.23796 642.886 2588.55
-157.654 151.15 2612.73
-134.353 -728.659 2825.66
-91.1993 -142.769 2342.28
-100.53 7.36725 2767
-121.679 -396.804 2816.48
-112.697 387.863 2596.06
10.8169 403.329 2667.07
171.536 201.757 2850.37
-54.6421 -705.167 2804.56
49.1428 181.631 2692.18
36.8311 28.5015 2852.98
-35.8192 -305.491 2681.93
134.331 418.796 2738.07
-10.5162 210.632 2738.53
FRAME: 131
1.92032 645.668 2601.21
-147.893 164.537 2570.52
-116.947 -725.254 2791.93
-61.5651 149.385 2280.53
-86.1301 18.7816 2752.37
-97.8826 -387.57 2795.84
-121.189 399.036 2609.6
7.17302 407.494 2671.61
173.827 191.102 2844.45
-72.3937 -714.726 2813.63
62.8051 158.318 2696.96
35.1631 28.0158 2813.56
-44.0738 -338.49 2701.91
135.536 415.952 2733.62
-9.15524 215.446 2727.29
FRAME: 132
-4.14543 648.474 2632.85
-92.1196 265.762 2412.49
-96.5091 -765.497 2784.26
-36.1381 116.581 2310.38
-79.4686 7.39549 2748.07
-65.4334 -416.599 2719.38
-124.787 395.818 2617.21
0.367276 406.238 2684.26
127.449 201.424 2790.23
-83.9917 -731.685 2793.36
116.06 -32.1367 2693.33
39.3436 18.0454 2812.64
28.023 -384.359 2827.69
125.522 416.657 2751.31
-9.84762 209.479 2732.31
FRAME: 133
-3.38162 649.086 2636.19
-77.9598 345.827 2377.04
-81.9312 -784.191 2789.43
-17.6613 279.404 2188.41
-76.1883 0.0706889 2741.44
-56.7715 -422.387 2709.74
-127.531 391.495 2620.51
-7.72401 402.112 2689.71
116.011 197.849 2792.58
-56.1871 -686.713 2828.7
146.745 -94.7093 2690.04
33.5832 9.77135 2804.78
34.3189 -389.407 2833.92
112.083 412.73 2758.92
-14.5133 203.517 2731.41
FRAME: 134
-6.06148 641.257 2632.71
-76.716 381.446 2330.2
-81.1962 -814.234 2789.84
-1.10814 295.624 2231.01
-75.856 -5.81409 2738.08
-53.195 -451.775 2710.75
-129.013 392.934 2606.27
-10.7192 407.073 2687.85
110.512 179.86 2848.89
-63.0243 -703.9 2819.42
174.861 -93.2174 2710.67
29.96 6.68979 2810.62
93.0079 -391.755 2917.64
107.574 421.212 2769.44
-16.8336 203.755 2731.1
FRAME: 135
-6.5652 644.479 2631.05
-62.7137 432.414 2332.19
-70.011 -824.407 2787.53
28.0568 718.671 2154.07
-78.9635 -4.91401 2733.67
-58.6015 -455.028 2712.26
-127.186 404.968 2605.02
-10.4146 417.836 2688.93
101.172 188.591 2849.74
-62.4251 -701.731 2809.06
179.327 -80.2972 2722.92
27.8988 6.72155 2809.81
105.028 -391.476 2916.54
106.357 430.703 2772.83
-17.9735 209.37 2730.33
FRAME: 136
-7.2413 647.292 2632.75
-59.5342 461.648 2340.14
-71.6059 -836.572 2774.58
37.9406 729.041 2170.48
-81.6362 -6.86127 2731.59
-54.3365 -458.565 2711.2
-126.259 410.717 2609.12
-11.0285 422.232 2693.24
95.2937 193.44 2857.17
-95.4665 -737.289 2793.45
174.155 -73.8372 2743.28
28.695 3.98779 2811.22
105.533 -408.154 2914.3
104.202 433.747 2777.36
-18.7495 210.398 2732.32
FRAME: 137
-7.72978 649.788 2636.07
-60.7366 477.842 2349.76
-72.6474 -846.178 2783.43
42.3734 748.831 2194.89
-79.1263 -9.95064 2733.75
-50.6408 -458.162 2709.15
-124.576 407.506 2610.37
-12.3195 420.176 2696.62
89.4253 190.534 2874.83
-38.4576 -785.995 2882.79
178.701 -82.7371 2755.69
29.9275 2.06509 2816.09
110.794 -417.518 2912.59
99.9372 432.845 2782.88
-18.4594 208.117 2735.77
FRAME: 138
-7.08795 658.042 2649.89
-64.2293 486.626 2364.43
-74.4776 -855.459 2785.77
39.7012 763.53 2195.65
-77.3965 -16.402 2735.41
-53.5986 -464.307 2701.62
-125.048 406.347 2613.96
-12.9731 419.988 2705.39
86.1803 187.751 2888.48
23.3728 -790.853 3007.74
177.858 -95.2137 2769
33.4612 -3.03615 2824.85
116.367 -426.032 2924.13
99.1018 433.63 2796.81
-17.4704 205.135 2742.76
FRAME: 139
-8.56972 659.197 2663.42
-61.9401 488.571 2381.85
-75.5321 -847.157 2784.75
46.7464 753.313 2195.28
-79.4718 -17.1408 2736.6
-55.2113 -465.173 2702.2
-120.74 404.004 2627.61
-10.2052 414.963 2717.5
86.6801 185.192 2893.34
74.4627 -810.618 3111.93
189.952 -88.0399 2761.9
35.4313 -6.20151 2828.9
131.578 -423.822 2930.86
100.33 425.923 2807.38
-16.1127 201.646 2750.12
FRAME: 140
-9.74514 657.877 2670.64
-62.1859 483.234 2389.7
-77.4297 -858.868 2785.13
41.2028 745.237 2186.86
-79.888 -15.9042 2747.13
-53.5498 -466.735 2701.63
-124.653 399.566 2636.54
-9.35699 411.296 2731.02
99.2276 180.359 2896.96
53.4762 -794.333 3117.93
200.025 -86.5991 2759.98
38.6608 -4.51217 2842.32
132.301 -431.233 2940.8
105.939 423.025 2825.5
-14.9853 200.544 2762.87
FRAME: 141
-10.0377 655.323 2677.25
-56.3788 476.138 2402.71
-75.6851 -858.443 2787.82
47.0013 718.104 2171.83
-79.8897 -28.3372 2753.83
-55.18 -463.687 2702.88
-120.29 398.052 2653.16
-8.55595 408.791 2746.08
113.726 167.893 2903.71
55.9129 -788.497 3132.09
226.55 -84 2761.63
45.2942 -16.7188 2856.35
133.374 -452.435 2943.76
103.178 419.53 2839
-12.9268 193.131 2775.58
FRAME: 142
-10.0032 635.545 2689.12
-55.252 454.699 2430.88
-74.1139 -860.013 2783.45
54.4235 637.248 2164.75
-93.5119 -43.7783 2763.45
-31.4927 -505.168 2682.73
-124.773 394.595 2669.18
-11.3435 404.098 2758.37
140.243 155.543 2914.71
63.745 -792.562 3164.65
268.274 -68.9354 2752.59
48.6276 -32.0834 2874.69
133.455 -460.64 2945.6
102.085 413.6 2847.56
-16.8928 183.083 2788.72
FRAME: 143
-11.9167 619.256 2687.33
-55.8743 444.322 2447.55
-75.8818 -858.638 2788.06
57.0141 599.759 2165.48
-92.1282 -47.4644 2766.29
-32.5301 -502.152 2680.86
-125.854 395.273 2688.41
-14.6711 402.781 2778.79
157.918 168.891 2927.5
66.2654 -804.288 3171.14
290.685 -33.9067 2760.04
49.5026 -38.1536 2881.14
138.567 -469.793 2943.48
96.5119 410.289 2869.18
-17.9919 179.986 2801.26
FRAME: 144
6.58989 608.863 2686.56
-49.3516 440.294 2435.15
-46.9418 -805.795 2774.95
64.0349 598.911 2126.99
-90.272 -45.6265 2770.49
-46.6627 -478.531 2682.3
-123.317 390.675 2703.95
-15.1858 395.241 2799.36
178.391 166.349 2950.97
93.1509 -784.461 3161.92
369.093 26.3811 2755.18
44.3034 -40.1179 2888.53
149.995 -456.038 2961.62
92.9449 399.807 2894.78
-19.0851 176.185 2814.44
FRAME: 145
1.9193 609.852 2687.64
-59.3908 419.67 2451.41
-80.2558 -869.774 2796.6
65.8574 558.112 2112.55
-83.8817 -56.6637 2764.79
-38.4108 -506.357 2682.12
-124.994 389.827 2718.97
-13.6311 389.222 2825.82
226.366 198.132 2988.39
98.3529 -791.615 3174.12
397.607 83.5419 2770.22
49.1775 -57.3434 2892.32
159.769 -482.551 2972.86
97.7313 388.617 2932.67
-15.4916 166.109 2827.19
FRAME: 146
12.3389 599.91 2692.52
-54.0844 400.662 2441.83
-56.6188 -824.558 2788.81
64.6846 512.724 2095.96
-70.4321 -55.4903 2763.18
-48.8465 -484.831 2683.13
-116.756 387.273 2717.83
-15.3686 388.259 2825.85
246.863 226.069 2996.84
101.891 -803.689 3148.93
439.111 163.15 2767.44
49.052 -54.3111 2889.58
174.013 -473.559 2966.76
86.0191 389.244 2933.86
-13.0293 166.679 2826.12
FRAME: 147
-2.08598 541.406 2707.15
-63.5557 348.892 2452.23
-87.6135 -885.815 2807.9
72.4946 473.728 2157.78
-61.1197 -104.721 2770.3
-44.5798 -533.248 2689.63
-114.647 372.383 2722.09
-16.0692 372.036 2842.46
288.717 277.137 3014.86
75.9635 -847.314 3153.03
480.813 254.223 2798.77
44.7113 -105.083 2899.24
174.479 -504.777 2973.04
82.5084 371.689 2962.84
-12.1367 133.567 2838.62
FRAME: 148
-4.01917 518.205 2690.74
-71.6197 354.403 2428.18
-74.8474 -868.906 2816.03
48.3934 441.314 2125.41
-66.8381 -96.8312 2761.24
-31.9737 -525.626 2673.96
-115.277 369.028 2731.98
-16.3507 361.814 2856.12
280.612 321.45 3057.19
76.8103 -845.997 3182.72
515.378 416.859 2878.61
39.6759 -104.61 2894.99
167.602 -506.556 2977.52
82.5757 354.6 2980.25
-14.9659 130.547 2842.12
FRAME: 149
4.16376 496.809 2669.42
-82.1061 359.362 2433.16
-73.1463 -871.007 2810.62
37.4167 425.461 2128.51
-67.3481 -99.2322 2760.29
-23.018 -525.716 2657.3
-111.147 365.108 2729.33
-17.6696 356.664 2858.75
277.061 375.762 3085.96
63.4611 -858.255 3185.73
515.735 486.929 2912.76
32.3961 -107.919 2898.89
162.536 -522.878 2981.82
75.8078 348.221 2988.18
-17.5728 126.544 2844.17
FRAME: 150
24.4691 466.829 2681.96
-80.3753 357.631 2440.74
-78.0957 -859.932 2800.12
39.2288 391.806 2149.94
-60.3848 -104.769 2757.02
-19.0763 -533.43 2656.84
-109.829 356.013 2717.14
-22.771 350.368 2848.97
262.71 397.855 3089.5
74.7143 -861.116 3166.74
503.877 574.823 2980.46
30.1717 -110.153 2895.45
170.097 -528.747 2979.24
64.287 344.723 2980.8
-18.9388 121.454 2837.6
FRAME: 151
23.6615 471.747 2693.17
-86.6212 349.554 2443.16
-70.3012 -850.573 2799.53
18.2979 364.122 2142.82
-61.1651 -104.064 2754.16
-19.1316 -536.712 2646.75
-116.412 357.29 2716.3
-25.569 352.353 2847.92
242.941 422.463 3104.39
73.8409 -865.177 3161.79
472.974 637.23 2993.53
34.9963 -108.7 2894.32
173.988 -532.368 2977.71
65.2741 347.417 2979.53
-19.3267 122.986 2836.08
FRAME: 152
23.8234 476.543 2704.13
-91.859 333.572 2451.77
-69.9445 -869.018 2807.64
-10.2628 327.263 2124.92
-55.2263 -117.008 2746.15
-14.2625 -556.174 2636
-92.7423 347.493 2710.58
-11.3974 343.551 2838.71
222.254 431.73 3105.08
57.5703 -861.412 3166.17
423.992 694.914 3054.56
36.0822 -120.765 2894.69
173.309 -523.806 2980.28
69.9476 339.608 2966.84
-10.4847 112.332 2829.57
FRAME: 153
0.404815 464.706 2719.97
-92.0328 307.377 2454.09
-76.4311 -875.422 2801.55
-84.279 258.855 2136.59
-58.0157 -125.861 2736.37
-20.0038 -563.234 2624.64
-105.626 337.045 2702.25
-17.0831 334.38 2827.3
193.406 440.459 3121.47
57.2895 -849.751 3159.78
320.233 751.912 3153.87
47.1298 -128.749 2885.87
182.905 -523.448 2970.6
71.4594 331.715 2952.35
-11.263 103.538 2819.21
FRAME: 154
-51.9792 455.597 2701.29
-100.859 295.089 2455.75
-74.8018 -895.46 2776.16
-170.407 240.985 2158.89
-57.7611 -129.75 2709.51
-36.6549 -566.558 2599.54
-94.6163 340.77 2694.38
-15.1521 335.786 2812.89
165.596 425.002 3104.97
55.4087 -833.364 3181.3
229.035 747.816 3180.87
50.6847 -135.158 2870.87
186.305 -526.689 2965.71
64.3122 330.802 2931.41
-9.34512 101.666 2801.54
FRAME: 155
-66.7412 459.101 2652.97
-165.92 280.637 2467.98
-77.4728 -911.622 2736.23
-224.236 233.825 2165
-70.9412 -127.223 2694.69
-46.7454 -556.192 2577.71
-93.6947 345.362 2678.06
-14.6449 339.97 2784.59
144.937 387.045 3066.47
54.0732 -816.848 3203
206.382 684.93 3165.35
40.8734 -132.777 2841.71
181.219 -521.303 2965.94
64.4048 334.578 2891.12
-14.8394 104.985 2776.39
FRAME: 156
-70.1278 469.5 2639.3
-202.245 283.131 2468.31
-87.2247 -918.151 2723.94
-278.522 218.126 2174.36
-83.8106 -123.772 2686.11
-58.2394 -555.52 2554.84
-105.102 339.809 2657.4
-21.4335 340.124 2748.32
125.037 365.97 3025.94
62.8607 -801.448 3217.79
215.826 627.546 3171.7
40.6232 -122.033 2820.94
181.728 -512.745 2970.73
62.2355 340.439 2839.24
-21.5136 108.611 2750.92
FRAME: 157
-50.3711 501.451 2637.07
-274.694 295.245 2472.58
-92.6953 -913.388 2711.46
-344.299 215.523 2188.12
-93.5749 -119.013 2679.07
-65.4713 -550.534 2546.11
-116.304 342.129 2640.59
-24.7869 343.461 2728.94
124.906 366.207 2990.8
64.0581 -789.475 3206.79
204.265 611.13 3139.8
38.3608 -116.276 2806.11
177.226 -506.312 2959.75
66.7301 344.793 2817.29
-26.197 112.908 2735.76
FRAME: 158
-35.8138 551.528 2672.47
-309.098 304.556 2464.64
-99.6905 -918.127 2702.55
-426.625 203.552 2177.03
-105.156 -120.558 2671.99
-70.5822 -550.916 2543.25
-161.061 338.954 2621.49
-50.0188 346.584 2714.4
138.837 400.748 2965.6
64.7523 -788.95 3186.19
186.333 618.699 3090.3
40.7358 -109.884 2793.61
168.866 -499.826 2947.05
61.0233 354.213 2807.31
-41.1145 115.681 2723.6
FRAME: 159
-9.40224 581.166 2723.38
-326.217 320.59 2461.84
-108.141 -910.866 2709.4
-456.402 233.715 2203.62
-110.307 -110.649 2661.81
-73.7595 -543.284 2545.65
-176.688 357.362 2612.44
-52.8216 365.553 2702.55
133.661 375.752 2950.82
66.7912 -791.334 3187.92
170.489 626.515 3059.73
43.9147 -100.187 2774.7
154.097 -499.099 2929.16
71.0453 373.744 2792.65
-43.0088 130.068 2710.4
FRAME: 160
-15.5879 598.444 2722.88
-397.67 351.394 2468.03
-106.851 -901.493 2708.48
-528.778 256.842 2203.53
-112.869 -97.8115 2649.63
-76.8502 -529.854 2553.57
-194.935 366.15 2591.89
-59.241 376.663 2683.77
158.636 398.55 2924.6
69.3781 -796.015 3140.91
175.053 612.39 3019.46
43.5716 -85.5427 2755.76
132.994 -486.848 2892.28
76.4535 387.175 2775.65
-46.9447 142.493 2693.23
FRAME: 161
-26.1877 621.554 2701.92
-409.032 368.504 2477.2
-115.807 -908.778 2722.95
-538.055 280.298 2240.73
-118.795 -80.7797 2641.36
-85.2944 -529.888 2565.33
-197.175 383.832 2586.06
-52.1677 393.311 2666.11
130.368 287.809 2880.12
69.8378 -765.784 3143.79
187.913 470.553 2942.68
53.1781 -69.4767 2736.18
118.079 -484.182 2856.89
92.8395 402.79 2746.16
-42.488 159.091 2677.44
FRAME: 162
-40.4889 638.477 2676.31
-435.069 362.946 2463.82
-123.454 -911.524 2734.62
-558.584 282.727 2230.06
-125.269 -79.4785 2646.01
-96.9191 -528.94 2586.2
-211.007 385.383 2577.68
-55.9403 399.742 2644.68
131.014 312.481 2878.03
73.8614 -757.96 3130.1
142.257 539.508 2948.6
65.2398 -61.6538 2728.32
110.179 -473.147 2848.95
99.1263 414.101 2711.67
-42.9774 164.588 2665.92
FRAME: 163
-64.0972 662.152 2645.04
-458.485 368.992 2467.24
-127.703 -912.838 2749.45
-567.573 313.814 2164.97
-131.245 -60.219 2652.15
-111.608 -510.854 2618.51
-228.714 393.722 2571.58
-58.2541 411.458 2623.35
133.534 375.733 2838.81
75.2878 -760.751 3130.34
168.334 534.985 2916.24
74.7233 -38.7914 2714.54
103.161 -454.253 2838.62
112.206 429.194 2675.13
-43.2574 180.976 2653.35
FRAME: 164
-81.5139 677.347 2610.84
-481.868 379.679 2444.13
-130.774 -896.591 2761.81
-493.961 365.966 2132.04
-136.066 -42.6601 2661.61
-118.747 -492.813 2640.38
-251.435 410.446 2568.68
-73.9474 433.799 2603.03
152.725 372.082 2786.77
75.4214 -762.452 3115.05
153.371 479.332 2948.4
79.7953 -14.2607 2703.2
98.4193 -435.406 2830.19
103.54 457.153 2637.39
-51.0413 202.669 2642.72
FRAME: 165
-103.786 690.536 2571.22
-491.045 396.661 2441.31
-135.023 -882.851 2772.44
-387.801 444.83 2138.67
-141.191 -14.7308 2677.48
-125.5 -468.858 2661.01
-264.221 427.793 2571.67
-87.5544 452.766 2582.1
139.788 347.48 2710.19
73.634 -762.017 3104.53
153.199 503.553 2868.15
81.53 16.7279 2690.72
91.9121 -409.795 2821.96
89.1117 477.739 2592.52
-58.6926 226.882 2633.1
FRAME: 166
-115.525 694.735 2542.47
-490.769 389.812 2442.46
-138.62 -878.789 2783.7
-313.284 477.07 2180.83
-142.258 -1.46836 2687.32
-131.378 -461.76 2675.3
-264.529 431.87 2571.83
-92.2472 456.934 2572.97
129.758 393.346 2590.14
69.9433 -759.961 3086.56
143.243 508.296 2814.88
84.5024 31.4804 2688.86
90.6526 -402.722 2822.91
80.035 481.999 2574.1
-60.5626 235.97 2630.53
FRAME: 167
-129.191 696.77 2517.93
-476.117 369.272 2439.6
-144.565 -867.252 2806.4
-254.411 494.78 2222.22
-141.461 2.99311 2704.28
-139.059 -453.548 2701.12
-268.094 427.073 2581.38
-105.281 449.747 2561.75
91.9335 550.817 2337.71
74.6669 -745.57 3080.04
91.7974 642.977 2522.01
83.6129 34.3661 2677.48
93.8963 -394.329 2814.9
57.5325 472.421 2542.11
-67.1025 234.213 2626.31
FRAME: 168
-133.732 697.301 2512.09
-442.683 339.665 2439.89
-145.964 -864.53 2821.09
-225.269 499.239 2254.97
-137.76 9.65427 2724.99
-140.242 -449.755 2730.45
-270.645 424.028 2593.56
-111.33 440.104 2551.06
50.9952 543.285 2285.12
79.7815 -744.958 3070.09
35.9432 668.49 2336.18
80.9728 31.9028 2667.07
94.8332 -392.344 2808.76
47.9856 456.18 2508.55
-69.8617 230.441 2623.54
FRAME: 169
-132.462 698.493 2508.55
-405.36 317.351 2429.76
-147.911 -855.907 2834.09
-219.284 505.232 2265.44
-135.486 16.2937 2733.19
-138.478 -440.414 2738.39
-267.792 429.694 2596.57
-112.821 442.136 2546.05
24.2796 530.752 2240.22
78.3751 -732.651 3070.43
-34.7563 653.369 2136.28
80.7917 33.7086 2662.54
95.986 -394.084 2802.71
42.1491 454.578 2495.53
-70.0843 233.569 2621.96
FRAME: 170
-144.618 677.63 2509.28
-378.215 291.254 2419.21
-146.448 -851.437 2841.11
-220.851 456.554 2265.02
-133.054 11.4949 2742.53
-136.039 -436.527 2747.17
-269.29 416.66 2594.16
-118.518 426.03 2535.4
6.6 449.985 2255.15
86.2494 -737.362 3068.21
-55.0477 482.338 2094.06
79.9264 24.7287 2658.53
106.285 -390.579 2802.19
32.2542 435.4 2476.64
-72.5408 222.071 2617.97
FRAME: 171
-155.291 650.954 2501.89
-260.849 219.411 2371.11
-144.023 -862.054 2841.79
-214.127 229.604 1947.5
-131.562 2.89762 2738.6
-135.571 -441.247 2744.69
-238.088 375.92 2563.83
-98.6393 383.959 2521.17
-1.45344 401.817 2267.92
102.259 -742.131 3073.59
-53.4181 413.999 2165.7
82.6679 16.8174 2675.51
114.666 -391.144 2812.51
40.809 391.997 2478.5
-61.5431 196.908 2614.11
FRAME: 172
-172.081 616.499 2493.59
-282.911 208.504 2396.22
-140.49 -868.027 2848.1
-224.781 205.662 2065.62
-125.52 2.18362 2750.87
-129.284 -450.797 2753.81
-234.682 375.837 2567.21
-94.1822 372.365 2511.07
-17.8914 260.026 2313.71
114.982 -732.784 3066.15
-85.2062 402.852 2143.12
80.6773 -1.78444 2669.15
114.973 -402.707 2815.43
46.3179 368.893 2454.94
-58.3017 186.282 2610.54
FRAME: 173
-176.482 622.92 2486.24
-307.354 197.31 2440.63
-133.278 -868.429 2852.74
-214.026 254.092 2184.57
-118.031 -0.598065 2749.46
-122.874 -454.824 2756.26
-237.136 367.107 2577.78
-105.953 361.702 2508.98
-77.091 228.791 2257.09
116.481 -713.375 3057.58
-129.03 284.867 2190.58
76.6421 -8.47241 2648.06
119.602 -407.158 2812.07
25.2304 356.298 2440.19
-63.3236 178.584 2603.87
FRAME: 174
-183.365 613.695 2483.39
-314.579 187.483 2501.62
-128.89 -879.158 2859.1
-253.491 332.207 2347.2
-116.876 -11.7497 2742.76
-117.995 -464.377 2760.87
-247.149 368.893 2582.18
-118.932 364.635 2505.68
-91.4357 161.664 2310.43
119.464 -719.36 3060.26
-139.851 92.3408 2228.23
71.5135 -18.1791 2629.65
120.023 -413.741 2803.36
9.28577 360.377 2429.19
-70.8066 174.835 2595.94
FRAME: 175
-190.484 604.876 2474.83
-330.582 164.71 2537.26
-121.032 -887.314 2863.13
-268.923 296.094 2344.15
-112.603 -14.3143 2746.49
-110.28 -470.869 2761.93
-252.463 362.73 2587.91
-133.438 356.071 2501.59
-107.942 121.178 2329.65
121.349 -715.525 3055.82
-203.977 -93.8934 2243.19
64.5095 -24.9493 2617.14
119.886 -420.452 2790.28
-14.4129 349.412 2415.26
-78.7422 168.22 2591.7
FRAME: 176
-193.568 593.32 2469.1
-336.213 144.407 2544.56
-120.147 -888.288 2869.26
-258.587 302.524 2354.73
-107.238 -18.8517 2741.05
-113.205 -470.437 2762.26
-257.156 343.37 2589.36
-134.977 339.928 2503.75
-102.949 114.747 2356.54
121.717 -714.567 3039.31
-182.018 -66.0263 2293.6
65.5181 -24.1238 2619.17
123.434 -419.283 2782.03
-12.7977 336.486 2418.15
-77.9184 159.22 2591.93
FRAME: 177
-196.11 583.025 2466.86
-340.119 135.723 2544.8
-118.96 -894.877 2865.61
-275.494 236.423 2398.69
-104.055 -20.9757 2739.92
-109.168 -475.9 2753.78
-256.707 338.995 2594.08
-138.95 334.019 2505.52
-94.9108 82.7303 2396.96
115.214 -713.505 3037
-174.278 -146.715 2350.8
57.5964 -27.7455 2618.55
123.273 -428.117 2783.79
-21.1926 329.043 2416.96
-81.0898 154.829 2592.38
FRAME: 178
-195.374 572.871 2464.05
-342.15 112.69 2567.33
-120.583 -893.796 2860.86
-270.766 219.409 2424.77
-92.5298 -30.575 2733.77
-107.016 -478.547 2751.17
-257.141 332.515 2600.67
-142.615 327.064 2507.29
-81.6657 65.2367 2419.02
111.442 -751.003 3030.31
-153.299 -171.399 2405.79
48.9565 -37.0212 2619.69
124.384 -449.56 2788.67
-28.0895 321.612 2413.92
-82.2009 146.633 2592.01
FRAME: 179
-195.103 563.584 2462.26
-330.67 108.196 2570.86
-125.426 -895.47 2843.98
-275.392 228.85 2459.56
-84.9495 -39.9864 2723.47
-106.253 -485.902 2738.12
-250.983 332.853 2611.19
-144.782 320.672 2509.73
-63.5739 44.4097 2433.55
117.353 -757.567 3047.26
-148.731 -216.981 2406.39
21.6718 -52.0136 2623.13
117.307 -457.066 2803.97
-38.5814 308.491 2408.27
-88.2105 137.336 2591.51
FRAME: 180
-195.361 558.028 2465.33
-314.49 98.5613 2589.72
-125.655 -900.001 2830.17
-269.271 231.931 2508.35
-82.0076 -41.042 2729.87
-107.538 -492.695 2731.76
-249.659 324.799 2619.82
-145.686 309.099 2515.78
-52.3722 25.2445 2441.91
112.992 -767.734 3062.8
-142.594 -265.62 2406.8
13.8363 -55.6006 2635.44
115.375 -451.216 2821.46
-41.713 293.4 2411.75
-89.8859 130.389 2599.22
FRAME: 181
-196.123 555.193 2466.44
-301.082 92.1822 2583.56
-126.287 -905.004 2825.31
-227.933 214.182 2435.9
-76.6367 -44.5249 2734.32
-104.221 -495.054 2729.88
-244.657 324.132 2626.57
-144.512 305.953 2521.34
-46.1442 8.79414 2442.89
108.904 -756.681 3068.03
-136.311 -279.061 2423
9.61325 -60.4917 2644.43
112.372 -443.035 2826.18
-44.3672 287.773 2416.1
-89.0119 126.722 2605.36
FRAME: 182
-195.726 558.777 2471.19
-300.94 94.8472 2593.04
-126.255 -905.277 2818.46
-206.919 205.171 2418.05
-83.0864 -42.9996 2735.77
-104.222 -494.284 2718.47
-244.936 331.827 2628.81
-144.207 313.348 2524.01
-20.3177 22.016 2435.77
80.251 -747.793 3051.96
-119.329 -273.646 2410.03
5.48562 -59.4918 2643.95
94.7559 -418.335 2817.31
-43.4772 294.868 2419.21
-91.5036 131.051 2606.94
FRAME: 183
-188.887 565.992 2480.59
-294.432 101.748 2605.76
-126.398 -905.672 2818.17
-184.033 187.889 2375.89
-91.104 -40.4407 2738.24
-104.608 -494.995 2717.02
-244.351 338.749 2631.26
-138.122 324.659 2531.9
17.0997 40.9183 2434
78.8256 -724.129 3067.96
-92.5639 -262.557 2408.09
11.5635 -54.3852 2642.36
86.7652 -414.268 2822.75
-31.8922 310.568 2432.54
-88.946 138.623 2611.1
FRAME: 184
-175.697 580.378 2494.03
-292.769 114.888 2631.1
-130.871 -906.55 2819.56
-170.924 141.224 2354.88
-104.867 -34.4995 2741
-111.084 -476.596 2714.6
-244.951 356.057 2630.93
-125.614 347.333 2543.74
52.5319 62.9961 2442.78
77.8051 -718.659 3075.38
-49.7036 -226.573 2400.07
20.2551 -43.7874 2649.74
91.1635 -408.713 2827.12
-6.27825 338.61 2456.56
-83.9601 154.095 2619.56
FRAME: 185
-167.254 592.143 2500.73
-290.885 118.735 2655.4
-131.448 -896.395 2820.29
-169.196 96.4704 2344.98
-125.054 -26.4726 2739.27
-123.111 -462.837 2717.56
-248.901 368.59 2629.62
-118.665 360.942 2548.48
79.0423 77.5638 2460.33
80.015 -718.467 3069.8
-24.6565 -208.905 2400.8
22.5977 -35.1444 2647.63
93.8196 -401.342 2825.45
11.5711 353.294 2467.34
-84.9466 165.067 2620.96
FRAME: 186
-156.813 603.526 2505.11
-291.625 118.88 2663.87
-133.774 -887.59 2823.91
-163.705 46.4517 2374.06
-130.745 -20.3131 2744.09
-125.813 -452.62 2720.52
-253.554 376.117 2628.2
-112.084 368.222 2550.91
96.7763 86.2403 2474.5
79.1442 -717.82 3073.79
-3.54676 -208.5 2415.52
28.7289 -28.9329 2656.91
95.1988 -398.834 2829.12
29.3856 360.327 2473.61
-81.5462 171.8 2625.7
FRAME: 187
-144.33 612.199 2514.54
-286.852 122.364 2682.52
-134.264 -885.807 2828.48
-164.916 -1.52614 2386.2
-132.802 -18.1844 2740.83
-126.514 -452.387 2725.53
-254.363 380.346 2625.55
-107.484 376.197 2555.2
127.495 111.635 2495.74
75.6603 -716.777 3070.99
28.3935 -178.306 2428.62
36.0768 -22.7205 2659.96
101.074 -389.955 2843.27
39.3946 372.049 2484.86
-77.9235 177.872 2627.8
FRAME: 188
-134.031 618.648 2524.24
-279.824 119.936 2690.49
-132.659 -879.766 2834.19
-162.706 -45.1836 2416.84
-136.452 -13.2002 2743.7
-128.219 -447.111 2730.82
-255.752 382.973 2626.08
-101.794 381.147 2562.77
156.611 118.886 2534.62
73.8261 -714.307 3065.4
45.0571 -172.976 2451.38
43.0343 -15.1789 2669.88
96.656 -389.997 2831.64
52.1645 379.32 2499.46
-74.2514 183.479 2634.78
FRAME: 189
-124.602 625.379 2532.71
-269.474 115.855 2700.82
-136.326 -867.299 2829.99
-161.362 -107.202 2466.49
-140.737 -13.3508 2749.17
-127.844 -440.036 2737.06
-254.062 382.381 2627.82
-95.055 384.049 2573.98
171.099 123.705 2556.95
75.5949 -724.761 3063.37
61.1441 -172.16 2474.8
55.0182 -11.1466 2683.25
94.8558 -394.856 2826.6
63.9515 385.716 2520.14
-68.9572 185.9 2645.1
FRAME: 190
-110.102 631.857 2544.4
-259.532 125.554 2720.5
-141.475 -853.083 2830.19
-172.214 -117.96 2594.21
-139.624 -7.74873 2741.92
-128.182 -429.149 2737.65
-245.654 388.746 2637.42
-82.7189 390.528 2590.71
191.6 135.41 2595.12
-154.296 -871.026 2800.89
93.7826 -164.085 2529.81
53.6599 -5.62055 2686.66
-78.7997 -425.78 2726.13
80.2163 392.31 2544
-62.8506 191.922 2652.5
FRAME: 191
-96.453 634.049 2556.12
-257.103 140.354 2737.15
-142.437 -857.574 2827.07
-161.071 -91.6883 2581.39
-137.261 -0.590061 2739.59
-127.226 -425.138 2740.86
-237.405 392.688 2645.97
-71.381 392.84 2604.82
200.732 130.864 2623.08
-148.858 -869.455 2808.58
112.6 -149.779 2568.35
50.7122 -0.382643 2693.11
-97.4161 -426.92 2719.93
94.6425 392.993 2563.68
-57.3277 196.177 2660.59
FRAME: 192
-89.4365 636.507 2563.97
-254.393 145.525 2742.39
-143.576 -858.281 2826.75
-151.951 -88.3222 2594.98
-135.562 4.25343 2742.95
-122.78 -423.537 2750.19
-228.806 396.616 2649.84
-61.1577 394.601 2617.06
201.229 132.798 2666.2
-150.171 -862.621 2813.7
124.706 -137.286 2602.25
46.7108 2.08665 2707.43
-87.0464 -422.142 2744.16
106.49 392.585 2584.29
-52.7916 198.885 2671.13
FRAME: 193
-80.8476 635.66 2571.79
-246.89 142.835 2738.72
-146.116 -855.815 2832.59
-170.33 -154.352 2634.4
-131.597 7.01726 2751.16
-115.986 -420.654 2757.19
-223.361 397.177 2648.77
-53.5603 395.835 2627.52
202.412 134.78 2705.61
-151.648 -859.825 2811.53
136.795 -125.623 2641.34
46.6984 5.58891 2729.02
-91.4294 -422.299 2738.82
116.24 394.492 2606.27
-48.0047 201.069 2683.8
FRAME: 194
-75.5104 637.055 2576.52
-239.969 136.894 2733.27
-156.208 -863.452 2837.59
-182.049 -188.558 2674.52
-130.656 1.60216 2758.4
-111.293 -424.598 2764.17
-219.185 398.012 2648.87
-47.8097 397.444 2638.02
202.944 132.806 2735.26
-155.361 -858.972 2813.71
142.278 -130.125 2684.15
47.2259 0.975299 2747.29
-70.9433 -432.859 2757.5
123.566 396.875 2627.18
-44.7623 199.366 2695.43
FRAME: 195
-69.4064 637.78 2582.09
-227.895 120.504 2728.45
-167.421 -865.684 2838.13
-194.591 -215.808 2661.61
-121.356 -14.9219 2767.16
-106.331 -433.366 2766.08
-205.928 391.97 2647.8
-37.2354 394.857 2649.85
198.938 126.726 2779.32
-161.82 -860.427 2830.18
158.832 -143.038 2746.51
58.6499 -11.7805 2769.63
-64.3248 -436.252 2773.48
131.457 397.744 2651.9
-34.2942 190.753 2709.12
FRAME: 196
-58.8756 636.425 2593.59
-211.122 110.228 2710.78
-172.967 -868.465 2837.17
-188.95 -236.114 2572.96
-110.993 -24.1534 2767.37
-105.37 -448.728 2763.94
-192.568 383.538 2645.81
-28.2617 390.507 2659.49
190.416 122.01 2804.69
-163.122 -862.076 2846.26
178.828 -136.728 2789.46
70.6429 -16.3764 2782.58
-65.2162 -439.092 2783.43
136.044 397.476 2673.17
-24.2183 185.121 2717.23
FRAME: 197
-47.8974 637.166 2608.07
-194.188 101.99 2679.19
-177.617 -883.492 2838.68
-181.415 -220.375 2486.18
-98.8343 -31.8356 2766.04
-101.269 -469.68 2763.29
-182.542 374.49 2643.84
-21.4868 386.773 2668.02
185.238 124.459 2830.67
-166.725 -860.225 2851.16
194.239 -123.414 2800.23
86.2612 -17.558 2793.74
-67.1434 -438.642 2789.25
139.569 399.055 2692.2
-13.8867 181.038 2723.96
FRAME: 198
-40.0914 638.419 2620.39
-181.876 117.861 2643.88
-179.81 -897.896 2842.05
-164.244 -162.926 2384.08
-91.5822 -36.8929 2756.07
-99.5386 -484.936 2763.84
-174.894 375.407 2643.67
-17.4783 389.255 2675.61
181.374 128.782 2841.33
-172.569 -854.52 2853.59
204.532 -100.347 2781.95
91.1874 -20.566 2793.14
-59.251 -438.845 2796.94
139.937 403.102 2707.55
-8.83783 180.263 2725.11
FRAME: 199
-35.679 639.928 2629.22
-164.177 128.604 2598.98
-182.702 -901.054 2844.6
-134.782 -101.384 2357.73
-89.0103 -35.7217 2752.94
-103.1 -486.722 2768.05
-165.786 379.639 2640.62
-14.2197 395.576 2684.38
180.232 143.873 2855.14
-168.868 -855.825 2856.76
224.631 -82.404 2807.81
94.6741 -16.2354 2806.17
-46.2545 -435.841 2817.09
137.347 411.513 2728.14
-5.69389 184.799 2731.97
FRAME: 200
-34.945 642.757 2637.07
-161.251 151.395 2564.56
-183.08 -899.761 2845.05
-102.031 -31.2847 2323.57
-93.8498 -27.8122 2758.8
-103.155 -480.932 2766.86
-159.673 390.626 2643.4
-12.61 405.735 2694.93
178.619 165.87 2869.49
-169.452 -861.436 2864.62
240.931 -69.8824 2810.92
88.8762 -8.95337 2822.9
8.719 -438.954 2845.12
134.453 420.844 2746.46
-7.54839 193.676 2742.89
FRAME: 201
-33.4902 649.045 2653.44
-151.992 171.571 2550.88
-179.539 -905.222 2839.84
-105.985 56.4379 2379.64
-101.793 -24.0934 2771.59
-101.608 -483.504 2759.79
-154.517 394.833 2651.55
-11.414 408.839 2707.56
188.153 170.934 2883.56
-170.755 -842.559 2869.61
262.428 -53.9162 2805.62
83.1329 -5.99376 2843.93
62.8871 -436.966 2900.05
131.689 422.845 2763.56
-10.372 196.898 2757.66
FRAME: 202
-34.6401 653.555 2646.89
-103.645 363.139 2401.74
-175.647 -904.674 2832.95
-83.8217 272.645 2264.18
-103.246 -20.6159 2771.12
-100.694 -481.4 2749.69
-141.922 406.158 2649.04
-6.53986 418.414 2717.62
199.843 196.927 2896
-166.195 -843.352 2870.09
324.228 35.9155 2803.19
69.8179 -4.90927 2858.68
64.8052 -429.934 2918.69
128.842 430.67 2786.21
-11.627 202.826 2766.26
FRAME: 203
-32.8739 656.381 2646.39
-104.763 423.699 2383.44
-169.818 -901.945 2823.62
-37.1655 644.737 2147.55
-108.644 -16.7781 2769.59
-104.904 -477.97 2740.18
-137.976 412.354 2644.54
-9.37184 424.862 2722.87
208.492 223.129 2916.98
-147.712 -834.346 2892.47
336.08 71.7626 2796.73
56.4508 -0.584526 2870.08
81.4942 -424.367 2944.49
119.233 437.371 2801.2
-17.7341 208.09 2771.35
FRAME: 204
-34.4539 666.859 2653.11
-100.739 471.48 2385.86
-165.346 -906.31 2821.76
-30.2311 750.69 2184.02
-108.209 -15.2667 2767.95
-96.0454 -485.667 2731.56
-133.366 418.199 2645.37
-9.94512 429.031 2730.53
208.689 236.161 2935.45
-75.748 -812.338 2973.28
343.441 94.9505 2798.83
42.9561 -1.8484 2872.12
113.669 -426.054 2949.87
113.475 439.863 2815.69
-21.2859 210.237 2775.28
FRAME: 205
-37.5007 662.806 2662.23
-92.514 496.142 2398.22
-163.826 -911.989 2820.04
-48.1904 780.758 2227.92
-112.161 -15.1501 2770
-79.0965 -497.161 2717.04
-133.684 425.746 2650.16
-12.3511 435.438 2739.01
211.881 241.137 2944.26
-34.9378 -816.453 3043.39
364.935 117.44 2812.07
35.3576 -3.39363 2877.66
110.23 -429.289 2947.08
108.982 445.129 2827.85
-25.3764 213.083 2781.42
FRAME: 206
-36.7463 657.367 2674.21
-86.213 521.731 2416.64
-161.821 -916.872 2817.62
-58.5127 812.768 2266.09
-106.922 -19.2344 2768.9
-72.2095 -504.888 2708.29
-130.552 421.758 2654.78
-16.1445 431.691 2748.56
209.85 245.145 2959.63
-41.87 -809.086 3071.3
393.461 135.236 2842.68
29.1856 -7.39085 2879.93
121.647 -430.246 2940.12
98.2632 441.624 2842.35
-27.5064 209.189 2786.49
FRAME: 207
-41.6223 652.616 2692.17
-83.0078 537.265 2434.45
-156.873 -923.94 2816.42
-49.5284 820.406 2302.97
-106.494 -26.538 2765.89
-64.0967 -520.445 2701.86
-130.806 418.109 2660.14
-21.2415 427.379 2759.18
202.893 255.806 2994.08
-0.213926 -818.226 3094.67
419.343 176.082 2876.66
24.4507 -15.4577 2883.61
138.368 -442.55 2950.76
88.3233 436.649 2858.23
-31.1316 203.191 2791.97
FRAME: 208
-39.9716 646.027 2709.13
-83.1373 543.843 2452.99
-155.739 -919.831 2815.2
-65.8574 829.846 2306.52
-99.0462 -32.2368 2759.84
-62.3038 -521.44 2700.35
-124.176 423.617 2673.32
-24.8647 430.042 2778.24
191.181 266.784 3018.13
22.0728 -814.767 3121.86
433.52 198.335 2906.34
19.8594 -24.3837 2884.97
150.292 -457.109 2957.69
74.4462 436.468 2883.15
-32.2291 200.866 2800.32
FRAME: 209
-40.0788 647.542 2722.24
-84.8497 542.437 2462.44
-152.392 -920.19 2813.3
-56.7314 823.141 2297.81
-95.8148 -35.5267 2759.68
-58.6044 -524.834 2700.06
-122.571 424.708 2678.61
-27.3971 430.331 2786.69
189.169 283.804 3036.46
27.0909 -815.146 3139.15
454.489 226.568 2918.85
17.2232 -28.5598 2887.7
153.083 -463.066 2960.55
67.7764 435.955 2894.78
-33.3465 199.144 2805.19
FRAME: 210
-37.3639 650.622 2734.07
-86.396 538.103 2465.41
-151.798 -920.144 2811.63
-47.0595 808.715 2275.24
-94.7845 -37.6555 2763.21
-56.3772 -526.9 2699.45
-123.181 426.594 2683.27
-30.2669 432.106 2792.5
192.861 315.922 3055.11
29.5663 -819.51 3137.4
466.469 275.915 2931.8
13.2783 -30.9252 2890.52
151.573 -467.478 2963.38
62.6475 437.617 2901.73
-35.51 198.908 2809.68
FRAME: 211
-34.3695 654.336 2745.96
-89.1423 540.708 2466.37
-150.049 -920.366 2811.55
-28.3762 796.151 2273.13
-88.7296 -37.0111 2765.17
-55.1716 -525.401 2700.9
-123.872 432.444 2686.62
-32.5385 437.905 2797.86
198.071 337.037 3070.68
38.1366 -831.766 3141.42
488.48 320.196 2942.19
13.3129 -30.6609 2889.85
155.345 -474.604 2960.96
58.7953 443.366 2909.1
-35.1235 202.034 2812.69
FRAME: 212
-31.4913 658.524 2757.13
-95.5438 541.286 2466.19
-147.576 -912.308 2811.41
-3.00853 781.985 2265.76
-84.8624 -38.6208 2765.97
-52.6779 -518.767 2695.19
-122.36 439.308 2697.7
-32.5035 442.259 2809.85
216.81 363.161 3083.21
43.6718 -836.944 3165.93
503.149 379.11 2981.02
13.2643 -35.147 2888.95
154.326 -480.352 2959.82
57.3528 445.209 2922
-34.1513 202.688 2818.66
FRAME: 213
-29.4563 665.469 2762.34
-104.653 540.432 2474.04
-146.192 -909.044 2810.67
19.4465 754.11 2224.91
-80.315 -37.189 2763.74
-49.6171 -514.35 2692.53
-120.043 443 2702.63
-33.2745 443.912 2821.79
225.277 408.382 3090.12
51.024 -846.446 3160.1
508.668 464.104 3001.17
12.2497 -36.1709 2890.93
153.167 -486.238 2959.51
53.494 444.825 2940.96
-33.6536 203.616 2824.57
FRAME: 214
-25.872 671.031 2766.01
-120.187 525.458 2474.88
-144.405 -905.056 2809.72
36.8253 636.76 2213.32
-77.8159 -39.6156 2756.46
-49.4387 -510.625 2686.68
-120.678 443.735 2711.4
-35.2458 442.08 2829.87
211.055 443.077 3129
63.7125 -849.749 3190.21
465.706 605.844 3052.3
15.7237 -41.3757 2885.86
153.433 -494.212 2960.78
50.1867 440.425 2948.34
-33.1459 200.792 2825.52
FRAME: 215
-18.2613 655.347 2757.45
-126.308 492.861 2482.03
-151.421 -909.706 2816.71
53.6574 563.553 2202.14
-71.8595 -47.4474 2751.89
-47.4383 -516.973 2682.57
-114.869 446.013 2721.08
-35.8146 442.168 2836.75
176.845 453.896 3181.4
70.5721 -858.179 3182.56
428.724 660.764 3049.45
15.2895 -51.6593 2879.06
162.267 -505.229 2964.31
43.2396 438.322 2952.42
-32.0498 196.307 2826.11
FRAME: 216
0.554475 600.808 2722.31
-137.604 481.575 2474.84
-145.783 -905.417 2808.98
35.2811 492.613 2203.06
-67.7036 -46.6731 2745.79
-48.3405 -515.669 2686.28
-111.8 439.794 2717.33
-36.8997 434.822 2839.19
149.858 453.141 3190.31
61.2004 -860.216 3181.48
359.043 687.439 3106.13
15.5016 -52.2732 2881.63
154.422 -504.192 2964.31
38.0007 429.851 2961.04
-31.5003 192.675 2826.45
FRAME: 217
2.03237 577.887 2746.34
-140.36 443.098 2477.82
-149.86 -921.6 2811.2
20.7604 407.723 2212.26
-64.5037 -64.7939 2740.52
-43.1905 -539.633 2670.34
-109.298 424.329 2715.66
-36.1791 420.651 2836.53
123.039 463.252 3188.05
55.9749 -875.173 3156.76
323.079 753.111 3140.49
21.644 -69.3909 2883.23
166.88 -508.273 2966.09
36.9399 416.974 2957.4
-28.8045 176.78 2824.2
FRAME: 218
-27.0065 543.151 2752.55
-141.406 415.675 2484.04
-149.375 -929.687 2809.96
-22.4873 363.889 2202.34
-60.4968 -69.4138 2733.76
-38.5766 -548.787 2652.44
-101.108 422.705 2708.3
-31.9794 418.311 2831.92
91.3412 435.898 3188.07
49.8452 -889.815 3141.82
258.431 750.399 3171.55
21.8179 -74.337 2881.84
170.759 -524.869 2965.86
37.1494 413.917 2955.55
-25.6594 173.218 2819.86
FRAME: 219
-23.8417 546.108 2802.65
-134.37 390.724 2483.89
-145.131 -940.877 2810.42
-79.817 305.016 2217.78
-59.7453 -78.0184 2732.28
-33.3116 -563.732 2644.77
-97.8755 415.961 2702.71
-34.0196 413.034 2828.95
89.9752 430.16 3168.93
44.684 -896.662 3133.26
197.405 772.367 3186.16
19.5264 -81.7275 2888.96
176.98 -530.76 2967.11
29.8363 410.106 2955.19
-27.0645 166.58 2819.78
FRAME: 220
-27.9152 535.253 2793.21
-143.809 386.835 2482.23
-146.157 -942.545 2802.47
-182.72 248.622 2245.22
-67.991 -96.5158 2712.55
-27.9277 -574.697 2627.77
-119.509 385.071 2663.1
-44.161 387.835 2799.66
-18.5838 225.618 3002.48
38.9108 -891.293 3148.32
-63.0198 161.423 2886.04
22.1282 -94.4382 2874.95
184.912 -536.62 2953.98
31.1869 390.599 2936.23
-33.5462 146.179 2796.71
FRAME: 221
-40.9551 512.942 2764.25
-160.49 359.714 2480.76
-144.21 -947.017 2794.7
-282.377 192.576 2243.74
-74.572 -105.587 2701.16
-25.0627 -585.35 2619.68
-125.689 377.846 2643.7
-47.6813 382.446 2775.96
-18.8937 227.56 2997.64
39.805 -898.791 3129.01
-41.3173 128.595 2897.3
21.8888 -99.9125 2863.12
180.71 -540.208 2945.28
30.3268 387.047 2908.22
-37.0114 139.848 2779.05
FRAME: 222
-29.6216 493.425 2749.52
-220.456 335.185 2484.76
-144.578 -938.299 2784.15
-328.928 182.474 2261.68
-76.6872 -115.664 2688.58
-26.6895 -584.747 2615.46
-122.263 375.891 2639.29
-45.6782 379.551 2764.89
-24.7539 225.09 2996.22
38.6826 -909.814 3119.23
-29.7739 75.0367 2897.17
24.5747 -110.138 2852.25
174.386 -552.988 2929.93
30.9063 383.211 2890.49
-35.8672 133.325 2767.65
FRAME: 223
-10.107 519.946 2765.96
-285.892 322.596 2495.8
-145.929 -945.115 2781.32
-397.813 167.121 2261.56
-81.2817 -119.469 2675.12
-33.9792 -589.727 2613.28
-126.878 364.304 2634.93
-45.8845 368.201 2743.67
-25.7909 232.935 2998.18
40.5655 -909.804 3119.41
-18.4578 116.587 2927.1
31.5492 -113.405 2825.83
169.456 -553.741 2917.74
35.1093 372.098 2852.4
-35.3754 125.882 2747.07
FRAME: 224
2.06109 560.26 2763.69
-344.054 334.721 2502.65
-150.277 -954.271 2782.88
-451.301 161.52 2255.27
-94.3569 -123.717 2676.24
-44.3662 -595.489 2617.95
-136.915 355.043 2627.36
-43.3227 362.173 2713.63
-21.4118 252.351 2997.96
47.0159 -898.226 3113.99
32.0538 259.875 3009.78
41.3831 -113.187 2801.05
168.559 -542.819 2901
50.2697 369.302 2799.91
-34.9048 121.86 2726.14
FRAME: 225
-8.25186 592.811 2744.75
-388.115 341.921 2509.91
-151.716 -956.956 2776.45
-483.271 177.789 2319.73
-100.583 -117.637 2667.97
-55.0128 -590.013 2608.35
-155.822 364.711 2618.34
-46.364 371.831 2702.4
-2.19448 260.835 2975.65
55.2669 -857.401 3118.18
71.9 408.913 2977.74
43.7871 -108.173 2778.62
151.699 -538.58 2886.17
63.0943 378.951 2786.45
-37.381 129.463 2712.85
FRAME: 226
-24.6786 613.568 2718.48
-398.611 343.193 2528.62
-153.802 -966.268 2770.26
-532.235 215.205 2312.8
-107.304 -108.612 2657.44
-76.0591 -586.734 2607.87
-171.593 381.379 2612.56
-52.4423 389.672 2691.02
39.8334 306.891 2942.82
78.4235 -810.377 3124.38
96.8498 475.013 2951.35
49.3011 -97.651 2760.44
133.097 -528.128 2874.23
66.7081 397.965 2769.48
-40.7219 143.27 2699.98
FRAME: 227
-65.9079 662.273 2659.98
-453.044 345.231 2551.28
-160.104 -932.458 2765.77
-537.383 277.275 2281.53
-114.963 -71.9899 2657.05
-104.019 -541.556 2617.19
-203.935 412.479 2607.44
-58.9788 425.109 2666.45
59.5184 367.712 2896.46
78.085 -798.709 3108.78
100.29 470.773 2903.38
64.293 -56.2245 2729.95
116.531 -511.306 2859.05
85.978 437.739 2725.46
-42.1569 180.501 2679.97
FRAME: 228
-82.498 675.686 2635.77
-480.546 339.632 2542.19
-161.332 -929.53 2774.59
-495.317 304.947 2239.12
-122.426 -53.7887 2667.19
-120.33 -521.275 2635.58
-229.657 422.108 2596.25
-66.3877 439.672 2626.63
115.628 454.324 2795.98
81.6436 -775.136 3095.52
99.7154 516.842 2888.97
75.7013 -32.2568 2704.73
110.207 -474.605 2841.41
96.8812 457.235 2657
-44.8752 198.324 2656.3
FRAME: 229
-102.776 690.596 2607.55
-485.505 354.898 2539.55
-164.442 -917.258 2784.25
-422.892 392.488 2222.14
-127.903 -30.8388 2680.84
-128.379 -494.446 2656.45
-243.092 434.221 2593.62
-74.6329 454.416 2602.16
110.683 368.724 2737.9
89.8097 -765.855 3084.17
98.6948 456.403 2837.22
84.2361 -5.32101 2691.3
103.736 -443.179 2831.8
93.8264 474.612 2610.69
-48.2331 218.168 2644.11
FRAME: 230
-114.199 696.612 2583.84
-503.359 358.169 2530.49
-163.957 -911.777 2788.76
-319.568 453.646 2234.62
-131.73 -14.0813 2690.32
-135.223 -480.103 2670.59
-254.607 435.279 2600.03
-86.0723 458.024 2597.98
116.849 377.411 2675.34
98.1926 -750.889 3070.26
94.3713 476.007 2787.47
85.5935 15.3129 2687.55
102.998 -419.064 2826.02
82.4629 480.769 2595.93
-54.5703 229.32 2643.46
FRAME: 231
-125.829 707.312 2563.18
-490.62 353.704 2520.75
-164.503 -896.25 2799.24
-264.565 484.25 2274.57
-133.048 1.01451 2703.2
-142.328 -465.292 2689.39
-257.515 437.505 2611.85
-94.4513 460.449 2596.28
114.871 459.8 2516.73
112.007 -747.987 3058.23
80.1082 479.766 2745.28
88.8471 32.3503 2681.73
106.929 -404.123 2821.15
68.6126 483.393 2580.71
-58.2759 238.566 2644.38
FRAME: 232
-130.693 707.614 2551.1
-458.378 343.083 2513.97
-160.886 -886.776 2811.08
-232.019 497.477 2304.85
-132.48 11.0197 2714.6
-142.05 -454.537 2703.47
-254.985 441.272 2628.82
-98.7891 462.919 2601.24
85.1136 488.058 2451.7
119.585 -747.09 3045.14
40.4782 649.533 2450.24
91.4214 42.1948 2674.79
116.885 -388.773 2815.17
57.4063 484.566 2573.66
-59.6592 244.763 2647.97
FRAME: 233
-132.837 706.041 2527.08
-388.175 323.341 2495.61
-152.261 -878.055 2824.49
-190.303 530.612 2303.05
-129.967 18.3107 2725.76
-135.988 -443.93 2721.63
-253.39 441.841 2631.8
-102.902 460.161 2589.78
53.5174 511.72 2340.53
128.856 -753.238 3041.37
-30.2931 653.112 2242.57
91.4973 45.3904 2663.82
119.562 -392.045 2809.49
47.586 478.48 2547.77
-61.0684 246.006 2642.29
FRAME: 234
-152.543 678.26 2515.74
-232.089 254.755 2516.18
-130.266 -869.448 2847.4
-248.029 274.827 2026.22
-121.891 21.7737 2751.52
-124.51 -437.148 2747.46
-256.583 424.361 2628.34
-114.592 434.433 2559.99
5.55198 428.499 2271.58
136.161 -746.17 3040.54
-104.04 369.292 2148.2
87.9824 36.6208 2651.34
118.564 -401.841 2795.58
27.4 444.505 2491.63
-65.7729 231.815 2630.71
FRAME: 235
-168.068 662.592 2506.86
-244.547 235.28 2489.98
-116.895 -870.655 2850.61
-260.58 186.904 2039.15
-113.532 31.0963 2754.09
-120.23 -436.178 2745.84
-256.456 425.325 2610.64
-121.014 427.71 2531.28
-24.3598 331.625 2253.38
139.463 -726.943 3035.06
-145.763 218.497 2117.13
80.9156 34.3633 2640.56
121.6 -399.166 2795.53
14.4277 430.094 2451.91
-68.6612 230.22 2614.3
FRAME: 236
-183.304 642.427 2496.8
-249.72 218.913 2507.31
-107.29 -870.816 2861.88
-243.3 163.105 2222.4
-109.403 29.4114 2756.89
-113.492 -436.708 2756.33
-254.927 412.998 2609.87
-126.687 411.114 2524.18
-78.3907 218.665 2287.42
133.832 -717.658 3034.79
-169.962 149.134 2104.06
75.1887 26.6782 2633.63
119.457 -400.5 2786.5
1.55306 409.229 2438.48
-71.8969 219.579 2609.72
FRAME: 237
-196.717 623.44 2493.96
-255.924 200.223 2516.57
-98.8887 -884.242 2870.75
-242.593 124.55 2260.59
-106.655 16.7254 2758.58
-104.242 -455.226 2766.78
-256.254 389.983 2613.4
-138.794 388.236 2525.45
-87.4364 153.93 2356.44
133.954 -729.268 3044.95
-184.926 -13.9616 2179.55
70.253 14.5369 2626.82
120.735 -399.626 2786.98
-21.3338 386.49 2437.5
-78.4975 201.934 2609.08
FRAME: 238
-207.29 601.858 2487.76
-272.172 170.828 2510.09
-92.7345 -896.329 2883.52
-252.217 88.8103 2333.47
-105.518 -4.14891 2756.78
-96.2275 -479.545 2777.2
-261.669 362.107 2612.84
-146.557 362.786 2524.52
-82.3689 123.103 2397.27
134.816 -728.781 3054.16
-194.263 -128.91 2293.69
70.0021 -2.71668 2622.77
125.124 -406.794 2785
-31.4455 363.465 2436.21
-82.1577 179.677 2607.15
FRAME: 239
-216.48 566.964 2475.03
-285.691 141.614 2535.22
-93.7037 -912.587 2886.22
-261.829 95.0408 2349.14
-98.9801 -19.0036 2752.89
-93.9986 -492.267 2775.9
-263.269 346.208 2620.32
-154.364 346.038 2527.25
-64.3345 96.6665 2443.81
121.407 -714.731 3056.69
-175.033 -167.774 2401.67
59.1284 -19.0008 2618.36
124.877 -418.097 2786.2
-45.4602 345.868 2434.19
-87.1452 163.518 2606.44
FRAME: 240
-218.499 547.023 2467.88
-294.605 104.011 2586.19
-96.9316 -918.886 2881.8
-271.999 138.756 2370.24
-92.1725 -30.7021 2747.4
-95.0108 -500.657 2774.13
-263.532 336.248 2624.95
-159.307 331.716 2526.03
-51.9826 65.4056 2462.55
117.232 -713.813 3070.37
-161.812 -196.797 2454.13
41.6165 -35.9914 2621.46
124.655 -429.5 2803.28
-55.0823 327.184 2427.11
-92.2925 149.185 2605.23
FRAME: 241
-219.391 538.584 2462.54
-297.905 97.1686 2601.92
-105.055 -930.87 2875.57
-268.15 127.081 2387.42
-84.8569 -36.2887 2747.95
-97.7731 -505.441 2768.62
-261.738 334.159 2633.34
-159.345 326.122 2529.25
-51.3158 48.6819 2472.03
119.195 -724.074 3075.88
-161.166 -234.125 2497.86
31.7306 -44.9038 2630.66
126.123 -433.922 2813.96
-56.952 318.084 2425.16
-92.9542 142.763 2609.28
FRAME: 242
-217.373 534.728 2455.18
-301.23 91.4287 2651.99
-104.081 -924.739 2869.36
-257.862 96.5247 2383.88
-80.1838 -38.8137 2745.29
-97.0326 -504.799 2763.91
-262.115 332.273 2633.14
-160.023 324.621 2528.28
-12.0695 49.9641 2471.95
117.154 -733.674 3082.75
-141.152 -230.639 2518.03
31.2434 -46.5065 2632.34
129.203 -433.31 2826.17
-57.93 316.97 2423.43
-92.2465 140.98 2608.55
FRAME: 243
-215.593 536.721 2456.5
-302.446 87.3695 2678.06
-107.486 -926.296 2857.56
-245.95 75.6194 2393.38
-85.3954 -41.0437 2738.09
-100.005 -504.496 2754.84
-262.243 332.684 2636.02
-158.969 324.855 2529.64
-15.2566 41.7754 2474.6
123.301 -737.952 3092.13
-122.241 -244.88 2538.56
22.8805 -48.7336 2627.8
130.345 -427.5 2840.24
-55.694 317.025 2423.25
-95.113 139.983 2606.29
FRAME: 244
-208.818 543.496 2459.11
-299.917 87.5706 2687.48
-111.179 -925.302 2848.81
-243.108 49.9131 2379.51
-86.3285 -42.2944 2735.93
-103.026 -502.323 2753.73
-258.23 336.522 2639.38
-149.303 330.565 2533.53
-10.7657 39.1985 2476.18
131.244 -739.647 3102.61
-101.263 -232.69 2535.23
28.2199 -48.1693 2625.82
130.698 -416.944 2851.99
-40.3767 324.609 2427.68
-89.1789 142.667 2607.2
FRAME: 245
-186.356 569.177 2466.06
-294.81 97.2592 2698.53
-113.354 -916.351 2839.01
-250.363 -21.863 2430.61
-96.6785 -39.2357 2738.61
-106.141 -496.58 2745.24
-253.379 357.635 2640.77
-129.227 350.431 2541.91
29.1136 46.4401 2487.21
142.8 -733.376 3110.2
-56.1865 -228.091 2517.96
27.3482 -46.236 2640.02
135.979 -394.771 2867.42
-5.07413 343.227 2443.04
-81.9459 153.848 2615.61
FRAME: 246
-166.21 584.666 2476.11
-288.558 103.289 2703.72
-115.452 -910.25 2836.87
-258.554 -61.3533 2478.38
-108.783 -30.3162 2742.94
-108.271 -493.646 2741.05
-252.916 376.282 2640.75
-118.757 367.171 2546.88
53.5449 66.7895 2497.32
135.691 -719.668 3107.09
-33.3398 -217.118 2483.05
24.9955 -39.2543 2649.19
135.795 -381.688 2868.25
15.4021 358.059 2453.02
-80.3253 166.193 2621.47
FRAME: 247
-132.903 604.23 2494.15
-274.96 112.817 2711.03
-111.476 -910.033 2840.39
-276.075 -114.584 2534.57
-116.196 -24.7061 2741.28
-109.394 -480.789 2744.41
-240.957 387.361 2644.33
-97.562 378.549 2559.4
77.6808 70.0367 2501.81
128.86 -721.315 3103.71
3.4116 -201.981 2462.28
32.3887 -34.0931 2652.63
138.634 -382.932 2865.66
45.8327 369.737 2474.48
-69.7328 174.575 2628.18
FRAME: 248
-108.316 621.186 2511.74
-266.613 124.202 2714.68
-107.994 -887.227 2853.61
-289.551 -157.858 2601.54
-117.152 -12.0546 2746.05
-120.534 -460.258 2744.37
-227.898 400.797 2649.92
-81.7701 392.094 2569.84
97.5835 76.3441 2499.59
125.874 -710.221 3110.82
24.7975 -196.222 2453.88
44.5014 -21.9074 2656.73
136.099 -384.171 2860.82
64.3578 383.391 2489.77
-59.0478 187.557 2635.61
FRAME: 249
-74.0142 635.705 2538.92
-260.893 118.697 2715.51
-114.93 -878.484 2857.69
-297.919 -179.619 2688.22
-121.37 -8.13481 2742.28
-129.884 -454.276 2749.95
-211.616 407.792 2655.38
-61.2578 398.86 2584.02
127.265 91.0449 2499.88
123.894 -715.843 3115.13
54.0131 -185.022 2428.62
50.2446 -18.5967 2660.63
132.439 -380.449 2867.89
89.1004 389.927 2512.66
-48.4101 192.747 2642.74
FRAME: 250
-58.0645 659.024 2558.48
-253.758 135.827 2725.11
-119.374 -873.423 2856.61
-303.645 -165.945 2760.03
-122.782 4.73142 2743.76
-131.428 -443.956 2756.08
-204.69 423.251 2657.26
-49.0395 415.328 2598.43
170.562 126.631 2516.69
118.329 -728.542 3111.02
89.3654 -163.858 2413.54
61.0632 -4.77457 2674.26
136.271 -382.658 2875.05
106.611 407.405 2539.6
-39.9494 207.653 2653.72
FRAME: 251
-30.4936 657.994 2580.16
-242.183 144.499 2736.65
-120.973 -870.013 2858.68
-301.336 -120.854 2805.95
-120.832 4.70591 2745.75
-130.926 -442.172 2763.66
-185.282 427.752 2673.46
-28.1076 417.833 2616.44
189.867 130.299 2518.91
117.685 -724.694 3113.37
125.992 -149.673 2406.99
73.5276 -7.2668 2676.02
136.128 -385.189 2866.39
129.067 407.914 2559.41
-25.8799 208.276 2663.66
FRAME: 252
1.86578 666.66 2614.26
-231.497 165.636 2754.95
-121.248 -864.035 2859.56
-282.368 -83.088 2830.04
-115.617 10.285 2749.83
-128.705 -438.37 2768.74
-162.266 442.528 2689.79
2.64955 430.542 2652.62
248.568 156.131 2558.58
119.32 -793.693 3016.73
203.17 -97.7552 2404.13
88.6582 -4.16433 2704.47
127.966 -421.699 2847.54
167.565 418.556 2615.44
-5.41497 216.801 2689.89
FRAME: 253
27.8685 667.642 2645.03
-218.055 173.792 2772.15
-122.02 -858.018 2870.39
-263.897 -95.3816 2856.46
-105.086 14.7866 2764.67
-120.149 -437.118 2787.27
-139.284 444.019 2704.63
24.3106 431.268 2677.89
271.833 167.241 2569.55
79.7398 -825.263 2973.67
245.248 -86.3636 2403.16
102.491 -1.10424 2731.77
133.881 -433.821 2847.18
187.905 418.517 2651.14
11.5064 219.055 2713.05
FRAME: 254
45.0826 685.239 2672.22
-210.093 179.3 2790.77
-120.55 -865.138 2879.69
-251.499 -95.5029 2857.16
-90.4134 16.8746 2780.78
-111.899 -437.576 2798.44
-131.031 448.768 2713.26
33.9448 441.178 2700.33
300.048 189.739 2613.06
68.2691 -850.143 2952.27
307.877 -47.5647 2407.79
120.897 7.42139 2765.72
133.155 -436.116 2835.76
198.921 433.588 2687.4
24.5932 226.663 2736.79
FRAME: 255
56.7503 672.755 2701.36
-198.886 178.045 2812.01
-118.271 -867.621 2891.62
-237.374 -104.277 2842.55
-81.6898 4.50262 2798.81
-107.674 -451.418 2814.88
-121.38 440.456 2737.56
44.3711 433.593 2727.93
321.503 189.552 2639.85
86.7731 -789.735 3174.4
345.529 -34.1749 2429.72
129.159 -3.83477 2788.15
144.762 -426.226 2954.34
210.122 426.73 2718.3
34.0529 216.963 2760.71
FRAME: 256
81.5069 677.529 2734.31
-187.194 186.046 2830.81
-105.787 -875.194 2906.04
-231.265 -97.8716 2838.35
-78.5323 -0.325221 2813.48
-94.862 -466.241 2829.27
-108.788 441.842 2751.5
56.9535 433.427 2752.2
341.737 194.195 2700.88
97.724 -823.919 3134.38
390.306 -5.6673 2486.6
137.499 -10.9112 2815.81
152.03 -433.847 2953.83
222.695 425.013 2752.9
43.2185 213.905 2783.42
FRAME: 257
90.5128 678.747 2762.35
-179.104 186.841 2842.26
-104.561 -892.478 2902.19
-215.2 -101.491 2810.48
-64.7925 -2.09643 2828.94
-81.7817 -472.156 2844.29
-96.2785 441.361 2769.79
70.0588 433.714 2777.54
355.132 191.688 2745.56
104.902 -817.4 3194.62
428.218 9.42753 2535.3
150.438 -11.7056 2840.33
160.815 -439.544 3000.47
236.396 426.067 2785.28
56.4407 213.407 2806.09
FRAME: 258
102.268 679.754 2792.33
-162.517 182.149 2853.41
-101.781 -903.368 2908.79
-187.552 -106.432 2790.65
-39.8755 -11.6368 2856.87
-66.8991 -479.038 2865.14
-82.6632 432.779 2797.1
81.6173 430.081 2809.54
378.476 193.986 2847.05
112.963 -819.413 3219.39
487.133 27.5869 2662.04
171.749 -15.1071 2874.25
168.491 -440.466 3024.14
245.898 427.384 2821.98
73.777 208.355 2837.55
FRAME: 259
115.291 671.641 2821.55
-146.397 168.12 2856.95
-101.21 -906.579 2909.84
-168.77 -122.779 2793.72
-27.7164 -15.214 2874.08
-54.1989 -483.701 2879.89
-69.4233 427.618 2817.77
92.6501 424.843 2831.9
380.596 197.441 2880.91
116.902 -819.854 3233.61
519.776 13.4893 2735.97
179.883 -18.8926 2893.38
178.723 -443.449 3044.76
254.724 422.068 2846.02
84.3667 203.895 2857.81
FRAME: 260
125.122 670.53 2843.87
-132.568 158.695 2856.78
-101.398 -910.979 2914.56
-137.417 -134.766 2796.44
-16.0341 -18.0033 2890.18
-47.2767 -484.944 2888.83
-57.3025 423.842 2831.41
103.206 422.636 2850.83
382.427 199.609 2922.75
119.552 -821.376 3246.28
535.172 -6.26256 2819.26
192.335 -19.8788 2916.87
183.48 -447.944 3066.24
263.715 421.431 2870.25
95.6785 201.848 2877.18
FRAME: 261
134.442 667.093 2862.11
-121.513 153.811 2857.81
-101.837 -917.535 2925.13
-116.204 -141.336 2806.72
-7.05325 -21.953 2907.18
-46.1154 -485.432 2900.11
-44.4069 419.761 2842.34
113.052 419.594 2868.13
385.087 197.42 2971.52
118.296 -828.264 3258
542.097 -5.53758 2903.52
201.209 -22.8514 2943.53
188.948 -453.544 3088.92
270.511 419.427 2893.93
105.065 198.596 2896.74
FRAME: 262
140.11 662.925 2877.82
-106.705 153.062 2856.82
-100.692 -923.813 2925.9
-96.18 -154.599 2809.64
6.20502 -27.5575 2920.5
-46.6174 -490.54 2911.11
-30.8678 419.591 2851.7
123.733 420.805 2881.91
387.954 197.073 3002.59
119.153 -841.942 3266.38
554.288 -9.26811 2992.04
209.503 -26.8214 2962.46
189.515 -460.149 3108.62
278.334 422.018 2912.12
115.794 196.808 2911.7
FRAME: 263
146.279 663.927 2888.9
-89.9407 148.952 2857.01
-102.758 -923.621 2928.46
-67.2269 -153.472 2806.72
13.5792 -28.1732 2924.58
-46.749 -490.052 2914.96
-21.4257 420.499 2855.5
131.205 421.686 2894.68
384.987 201.546 3040.41
113.173 -843.878 3275.07
555.076 -14.8422 3082.09
212.239 -27.4451 2977.56
189.728 -459.036 3124.23
283.835 422.874 2933.86
122.057 196.939 2922.87
FRAME: 264
153.97 664.101 2900.88
-74.1217 151.526 2860.81
-105.706 -913.967 2934.88
-36.8139 -145.201 2803.81
20.8777 -27.6754 2932.73
-46.1053 -484.561 2919.34
-13.7526 421.878 2860.52
137.145 422.632 2907.43
378.902 206.944 3078.31
108.955 -847.86 3282.35
546.85 -4.12409 3159.61
210.987 -27.2551 2992.86
189.825 -458.873 3136.92
288.043 423.386 2954.34
126.539 197.583 2935.11
FRAME: 265
157.056 657.426 2911.28
-49.6665 141.354 2854.8
-105.557 -906.391 2945.05
14.9128 -122.112 2795.09
26.7894 -26.3829 2945.42
-41.6504 -481.937 2933.01
-9.89547 417.261 2866.1
140.61 418.532 2922.32
365.877 216.842 3147.72
107.616 -837.634 3292.7
504.889 2.35837 3208.76
208.883 -25.0488 3013.7
191.791 -450.872 3152.85
291.115 419.803 2978.54
129.223 196.408 2950.94
FRAME: 266
166.167 651.738 2919.81
-29.1945 152.489 2853.47
-107.639 -902.465 2941.25
38.1829 -121.28 2789.14
29.856 -26.9913 2949.6
-32.404 -479.957 2941.52
-0.337762 412.486 2865.5
145.365 413.915 2933.29
356.856 230.774 3190.27
108.329 -834.65 3295.68
494.889 14.2389 3281.36
207.178 -25.2563 3032.47
193.546 -452.042 3161.05
291.067 415.344 3001.08
131.941 193.896 2962.16
FRAME: 267
172.216 655.016 2928.43
-12.9381 157.865 2850.27
-98.2076 -898.55 2951.48
79.8983 -101.95 2765.39
32.6393 -26.8579 2960.75
-23.4598 -482.95 2944.38
11.9686 413.532 2871.25
151.772 415.322 2943.59
350.916 232.193 3213.35
109.553 -839.934 3302.57
465.835 31.8001 3302.18
205.751 -24.9937 3051.05
198.46 -454.555 3174.65
291.576 417.111 3015.93
135.484 194.698 2974.75
FRAME: 268
170.156 641.292 2930.24
7.07935 147.82 2837.58
-97.9332 -899.273 2955.49
107.689 -100.418 2750.91
42.9883 -34.4096 2967.49
-20.0916 -486.165 2950.4
15.6884 401.587 2872.85
152.918 406.939 2950.57
351.399 253.562 3231.13
111.572 -840.642 3309.32
453.613 44.1306 3321.74
210.274 -28.1313 3062.67
201.832 -457.937 3187.6
290.147 412.29 3028.3
139.774 187.834 2982.83
FRAME: 269
174.322 627.564 2934.17
27.6224 147.526 2833.57
-100.693 -897.028 2949.36
151.094 -89.3499 2771.69
47.4109 -38.7242 2976.12
-18.2433 -487.624 2958.9
23.3064 391.965 2878.27
156.783 398.876 2959.77
348.536 269.093 3240.45
104.378 -840.351 3318.4
425.029 51.2668 3345.45
210.446 -30.6744 3076.2
200.023 -458.676 3201.79
290.26 405.788 3041.28
142.856 182.088 2992.97
FRAME: 270
181.921 635.735 2938.44
42.6699 151.154 2833.32
-91.4212 -905.023 2941.05
175.776 -85.7769 2781.12
52.4722 -31.684 2976.63
-17.793 -483.317 2966.25
31.1628 401.642 2879.33
161.446 408.559 2965.12
340.557 234.497 3225
96.9646 -845.931 3314.72
401.119 5.14639 3302.16
210.803 -23.5237 3081.33
198.497 -455.339 3207.67
291.729 415.475 3050.9
146.542 190.478 2997.05
FRAME: 271
205.497 695.528 2958.14
62.1301 136.753 2834.09
-96.7673 -899.713 2939.54
184.25 -87.0944 2791.41
52.2093 -31.9406 2979.13
-14.9899 -479.829 2974.55
29.103 395.519 2885.43
159.333 402.927 2972.72
328.365 186.415 3210.22
91.9708 -843.025 3305.52
392.037 -62.6312 3274.07
210.028 -23.2432 3085.35
204.561 -450.518 3217.38
289.562 410.335 3060.01
145.226 187.668 3002.48
FRAME: 272
219.118 689.706 2953.76
81.1234 168.29 2829.62
-94.3299 -892.656 2932.79
223.083 -66.1853 2804.08
55.0249 10.5621 2968.37
-14.3703 -472.689 2975.83
51.6359 442.72 2874.59
177.088 443.275 2976.23
343.192 222.044 3217.82
84.2709 -828.967 3315.25
399.996 -31.1593 3284.83
204.857 11.2876 3090.09
203.189 -442.395 3224.58
302.541 443.83 3077.87
153.515 227.1 3002.73
FRAME: 273
225.808 684.625 2952.77
93.9792 176.699 2838.06
-85.4392 -885.284 2940.14
234.533 -64.7606 2824.91
55.1236 29.1013 2961.85
-10.4819 -459.04 2976.12
60.4685 459.641 2871.47
186.026 455.828 2974.69
341.704 207.732 3204.99
99.1016 -795.109 3303.17
390.284 -46.5062 3265.82
204.02 24.7414 3084.56
226.017 -405.647 3230.72
311.583 452.015 3077.9
157.799 241.375 2998.95
FRAME: 274
252.255 718.876 2956.82
99.006 184.69 2845.9
-72.2394 -898.263 2953.74
239.825 -68.1581 2841.53
56.1114 46.5572 2963.62
-0.00386357 -435.713 2974.19
71.8694 479.108 2871.74
191.673 473.218 2981.96
335.462 203.884 3189.29
96.9661 -783.366 3309.71
386.166 -59.5312 3239.26
196.528 39.7365 3091.91
225.724 -390.665 3225.81
311.477 467.328 3092.18
158.997 258.182 3004.86
FRAME: 275
264.68 715.866 2964.35
107.431 200.317 2854.94
-58.5263 -883.519 2959.95
238.325 -55.1557 2894.63
53.2774 69.8876 2961.9
14.0341 -409.809 2963.2
85.6073 500.888 2875.85
202.63 488.869 2989.59
337.935 211.023 3200
106.926 -777.268 3306.55
376.266 -55.9761 3258.13
189.468 55.7629 3092.89
221.062 -385.398 3209.3
319.652 476.849 3103.33
162.001 275.847 3008.49
FRAME: 276
286.072 726.879 2962.99
109.332 208.633 2854.64
-43.1414 -881.31 2975.35
250.917 -40.7722 2896.02
42.2833 104.752 2949.74
25.6082 -387.31 2958.65
95.4417 525.394 2870.36
215.15 506.493 2985.17
351.176 209.963 3171
115.865 -744.74 3308.27
395.824 -61.5486 3221.62
184.489 82.4261 3086.29
233.825 -347.854 3212.75
334.858 487.592 3099.99
164.268 300.041 3001.59
FRAME: 277
285.6 714.778 2967.93
111.771 222.538 2867.86
-13.6366 -881.962 2989.67
229.088 -42.2926 2937.36
48.802 92.7432 2957.62
52.752 -392.116 2966.62
101.918 519.329 2876.16
215.84 501.613 2991.97
339.265 207.032 3182.71
119.408 -764.444 3301.95
371.265 -67.6429 3237.19
182.492 71.8585 3093.32
226.138 -361.218 3197.46
329.762 483.897 3107.78
165.743 291.957 3008.72
FRAME: 278
290.011 703.816 2954.02
110.663 228.417 2873.14
5.62029 -878.859 3013.87
217.93 -39.1555 2943.89
40.8991 92.6247 2967.84
64.6584 -380.795 2965.75
102.305 514.398 2871.91
218.26 498.486 2984.03
339.956 202.892 3165.83
122.598 -767.042 3297.22
368.489 -75.5854 3220.27
179.158 73.852 3101.51
220.856 -363.457 3185.04
334.215 482.574 3096.16
164.144 290.862 3009.36
FRAME: 279
314.816 714.758 2955.39
121.332 249.909 2862.21
35.101 -865.072 3011.69
221.4 -18.5404 2914.39
28.2506 131.266 2945.7
78.0614 -323.352 2967.98
123.354 541.27 2853.38
238.523 514.302 2978.17
361.644 200.713 3138.92
121.489 -732.535 3293.59
394.351 -82.6658 3152.29
167.797 98.9832 3097.72
216.382 -336.808 3182.92
353.693 487.334 3102.97
168.273 314.713 2999.94

