FRAME: 0
0 0 0
0 0 0
0 0 0
0 0 0
0 0 0
0 0 0
0 0 0
0 0 0
0 0 0
0 0 0
0 0 0
0 0 0
0 0 0
0 0 0
0 0 0
FRAME: 1
0 0 0
0 0 0
0 0 0
0 0 0
0 0 0
0 0 0
0 0 0
0 0 0
0 0 0
0 0 0
0 0 0
0 0 0
0 0 0
0 0 0
0 0 0
FRAME: 2
0 0 0
0 0 0
0 0 0
0 0 0
0 0 0
0 0 0
0 0 0
0 0 0
0 0 0
0 0 0
0 0 0
0 0 0
0 0 0
0 0 0
0 0 0
FRAME: 3
0 0 0
0 0 0
0 0 0
0 0 0
0 0 0
0 0 0
0 0 0
0 0 0
0 0 0
0 0 0
0 0 0
0 0 0
0 0 0
0 0 0
0 0 0
FRAME: 4
0 0 0
0 0 0
0 0 0
0 0 0
0 0 0
0 0 0
0 0 0
0 0 0
0 0 0
0 0 0
0 0 0
0 0 0
0 0 0
0 0 0
0 0 0
FRAME: 5
0 0 0
0 0 0
0 0 0
0 0 0
0 0 0
0 0 0
0 0 0
0 0 0
0 0 0
0 0 0
0 0 0
0 0 0
0 0 0
0 0 0
0 0 0
FRAME: 6
0 0 0
0 0 0
0 0 0
0 0 0
0 0 0
0 0 0
0 0 0
0 0 0
0 0 0
0 0 0
0 0 0
0 0 0
0 0 0
0 0 0
0 0 0
FRAME: 7
0 0 0
0 0 0
0 0 0
0 0 0
0 0 0
0 0 0
0 0 0
0 0 0
0 0 0
0 0 0
0 0 0
0 0 0
0 0 0
0 0 0
0 0 0
FRAME: 8
0 0 0
0 0 0
0 0 0
0 0 0
0 0 0
0 0 0
0 0 0
0 0 0
0 0 0
0 0 0
0 0 0
0 0 0
0 0 0
0 0 0
0 0 0
FRAME: 9
0 0 0
0 0 0
0 0 0
0 0 0
0 0 0
0 0 0
0 0 0
0 0 0
0 0 0
0 0 0
0 0 0
0 0 0
0 0 0
0 0 0
0 0 0
FRAME: 10
0 0 0
0 0 0
0 0 0
0 0 0
0 0 0
0 0 0
0 0 0
0 0 0
0 0 0
0 0 0
0 0 0
0 0 0
0 0 0
0 0 0
0 0 0
FRAME: 11
0 0 0
0 0 0
0 0 0
0 0 0
0 0 0
0 0 0
0 0 0
0 0 0
0 0 0
0 0 0
0 0 0
0 0 0
0 0 0
0 0 0
0 0 0
FRAME: 12
0 0 0
0 0 0
0 0 0
0 0 0
0 0 0
0 0 0
0 0 0
0 0 0
0 0 0
0 0 0
0 0 0
0 0 0
0 0 0
0 0 0
0 0 0
FRAME: 13
0 0 0
0 0 0
0 0 0
0 0 0
0 0 0
0 0 0
0 0 0
0 0 0
0 0 0
0 0 0
0 0 0
0 0 0
0 0 0
0 0 0
0 0 0
FRAME: 14
0 0 0
0 0 0
0 0 0
0 0 0
0 0 0
0 0 0
0 0 0
0 0 0
0 0 0
0 0 0
0 0 0
0 0 0
0 0 0
0 0 0
0 0 0
FRAME: 15
0 0 0
0 0 0
0 0 0
0 0 0
0 0 0
0 0 0
0 0 0
0 0 0
0 0 0
0 0 0
0 0 0
0 0 0
0 0 0
0 0 0
0 0 0
FRAME: 16
0 0 0
0 0 0
0 0 0
0 0 0
0 0 0
0 0 0
0 0 0
0 0 0
0 0 0
0 0 0
0 0 0
0 0 0
0 0 0
0 0 0
0 0 0
FRAME: 17
0 0 0
0 0 0
0 0 0
0 0 0
0 0 0
0 0 0
0 0 0
0 0 0
0 0 0
0 0 0
0 0 0
0 0 0
0 0 0
0 0 0
0 0 0
FRAME: 18
0 0 0
0 0 0
0 0 0
0 0 0
0 0 0
0 0 0
0 0 0
0 0 0
0 0 0
0 0 0
0 0 0
0 0 0
0 0 0
0 0 0
0 0 0
FRAME: 19
0 0 0
0 0 0
0 0 0
0 0 0
0 0 0
0 0 0
0 0 0
0 0 0
0 0 0
0 0 0
0 0 0
0 0 0
0 0 0
0 0 0
0 0 0
FRAME: 20
0 0 0
0 0 0
0 0 0
0 0 0
0 0 0
0 0 0
0 0 0
0 0 0
0 0 0
0 0 0
0 0 0
0 0 0
0 0 0
0 0 0
0 0 0
FRAME: 21
0 0 0
0 0 0
0 0 0
0 0 0
0 0 0
0 0 0
0 0 0
0 0 0
0 0 0
0 0 0
0 0 0
0 0 0
0 0 0
0 0 0
0 0 0
FRAME: 22
0 0 0
0 0 0
0 0 0
0 0 0
0 0 0
0 0 0
0 0 0
0 0 0
0 0 0
0 0 0
0 0 0
0 0 0
0 0 0
0 0 0
0 0 0
FRAME: 23
0 0 0
0 0 0
0 0 0
0 0 0
0 0 0
0 0 0
0 0 0
0 0 0
0 0 0
0 0 0
0 0 0
0 0 0
0 0 0
0 0 0
0 0 0
FRAME: 24
0 0 0
0 0 0
0 0 0
0 0 0
0 0 0
0 0 0
0 0 0
0 0 0
0 0 0
0 0 0
0 0 0
0 0 0
0 0 0
0 0 0
0 0 0
FRAME: 25
0 0 0
0 0 0
0 0 0
0 0 0
0 0 0
0 0 0
0 0 0
0 0 0
0 0 0
0 0 0
0 0 0
0 0 0
0 0 0
0 0 0
0 0 0
FRAME: 26
0 0 0
0 0 0
0 0 0
0 0 0
0 0 0
0 0 0
0 0 0
0 0 0
0 0 0
0 0 0
0 0 0
0 0 0
0 0 0
0 0 0
0 0 0
FRAME: 27
0 0 0
0 0 0
0 0 0
0 0 0
0 0 0
0 0 0
0 0 0
0 0 0
0 0 0
0 0 0
0 0 0
0 0 0
0 0 0
0 0 0
0 0 0
FRAME: 28
0 0 0
0 0 0
0 0 0
0 0 0
0 0 0
0 0 0
0 0 0
0 0 0
0 0 0
0 0 0
0 0 0
0 0 0
0 0 0
0 0 0
0 0 0
FRAME: 29
0 0 0
0 0 0
0 0 0
0 0 0
0 0 0
0 0 0
0 0 0
0 0 0
0 0 0
0 0 0
0 0 0
0 0 0
0 0 0
0 0 0
0 0 0
FRAME: 30
0 0 0
0 0 0
0 0 0
0 0 0
0 0 0
0 0 0
0 0 0
0 0 0
0 0 0
0 0 0
0 0 0
0 0 0
0 0 0
0 0 0
0 0 0
FRAME: 31
0 0 0
0 0 0
0 0 0
0 0 0
0 0 0
0 0 0
0 0 0
0 0 0
0 0 0
0 0 0
0 0 0
0 0 0
0 0 0
0 0 0
0 0 0
FRAME: 32
0 0 0
0 0 0
0 0 0
0 0 0
0 0 0
0 0 0
0 0 0
0 0 0
0 0 0
0 0 0
0 0 0
0 0 0
0 0 0
0 0 0
0 0 0
FRAME: 33
0 0 0
0 0 0
0 0 0
0 0 0
0 0 0
0 0 0
0 0 0
0 0 0
0 0 0
0 0 0
0 0 0
0 0 0
0 0 0
0 0 0
0 0 0
FRAME: 34
0 0 0
0 0 0
0 0 0
0 0 0
0 0 0
0 0 0
0 0 0
0 0 0
0 0 0
0 0 0
0 0 0
0 0 0
0 0 0
0 0 0
0 0 0
FRAME: 35
0 0 0
0 0 0
0 0 0
0 0 0
0 0 0
0 0 0
0 0 0
0 0 0
0 0 0
0 0 0
0 0 0
0 0 0
0 0 0
0 0 0
0 0 0
FRAME: 36
0 0 0
0 0 0
0 0 0
0 0 0
0 0 0
0 0 0
0 0 0
0 0 0
0 0 0
0 0 0
0 0 0
0 0 0
0 0 0
0 0 0
0 0 0
FRAME: 37
0 0 0
0 0 0
0 0 0
0 0 0
0 0 0
0 0 0
0 0 0
0 0 0
0 0 0
0 0 0
0 0 0
0 0 0
0 0 0
0 0 0
0 0 0
FRAME: 38
0 0 0
0 0 0
0 0 0
0 0 0
0 0 0
0 0 0
0 0 0
0 0 0
0 0 0
0 0 0
0 0 0
0 0 0
0 0 0
0 0 0
0 0 0
FRAME: 39
0 0 0
0 0 0
0 0 0
0 0 0
0 0 0
0 0 0
0 0 0
0 0 0
0 0 0
0 0 0
0 0 0
0 0 0
0 0 0
0 0 0
0 0 0
FRAME: 40
0 0 0
0 0 0
0 0 0
0 0 0
0 0 0
0 0 0
0 0 0
0 0 0
0 0 0
0 0 0
0 0 0
0 0 0
0 0 0
0 0 0
0 0 0
FRAME: 41
0 0 0
0 0 0
0 0 0
0 0 0
0 0 0
0 0 0
0 0 0
0 0 0
0 0 0
0 0 0
0 0 0
0 0 0
0 0 0
0 0 0
0 0 0
FRAME: 42
0 0 0
0 0 0
0 0 0
0 0 0
0 0 0
0 0 0
0 0 0
0 0 0
0 0 0
0 0 0
0 0 0
0 0 0
0 0 0
0 0 0
0 0 0
FRAME: 43
0 0 0
0 0 0
0 0 0
0 0 0
0 0 0
0 0 0
0 0 0
0 0 0
0 0 0
0 0 0
0 0 0
0 0 0
0 0 0
0 0 0
0 0 0
FRAME: 44
0 0 0
0 0 0
0 0 0
0 0 0
0 0 0
0 0 0
0 0 0
0 0 0
0 0 0
0 0 0
0 0 0
0 0 0
0 0 0
0 0 0
0 0 0
FRAME: 45
0 0 0
0 0 0
0 0 0
0 0 0
0 0 0
0 0 0
0 0 0
0 0 0
0 0 0
0 0 0
0 0 0
0 0 0
0 0 0
0 0 0
0 0 0
FRAME: 46
0 0 0
0 0 0
0 0 0
0 0 0
0 0 0
0 0 0
0 0 0
0 0 0
0 0 0
0 0 0
0 0 0
0 0 0
0 0 0
0 0 0
0 0 0
FRAME: 47
0 0 0
0 0 0
0 0 0
0 0 0
0 0 0
0 0 0
0 0 0
0 0 0
0 0 0
0 0 0
0 0 0
0 0 0
0 0 0
0 0 0
0 0 0
FRAME: 48
0 0 0
0 0 0
0 0 0
0 0 0
0 0 0
0 0 0
0 0 0
0 0 0
0 0 0
0 0 0
0 0 0
0 0 0
0 0 0
0 0 0
0 0 0
FRAME: 49
0 0 0
0 0 0
0 0 0
0 0 0
0 0 0
0 0 0
0 0 0
0 0 0
0 0 0
0 0 0
0 0 0
0 0 0
0 0 0
0 0 0
0 0 0
FRAME: 50
0 0 0
0 0 0
0 0 0
0 0 0
0 0 0
0 0 0
0 0 0
0 0 0
0 0 0
0 0 0
0 0 0
0 0 0
0 0 0
0 0 0
0 0 0
FRAME: 51
0 0 0
0 0 0
0 0 0
0 0 0
0 0 0
0 0 0
0 0 0
0 0 0
0 0 0
0 0 0
0 0 0
0 0 0
0 0 0
0 0 0
0 0 0
FRAME: 52
0 0 0
0 0 0
0 0 0
0 0 0
0 0 0
0 0 0
0 0 0
0 0 0
0 0 0
0 0 0
0 0 0
0 0 0
0 0 0
0 0 0
0 0 0
FRAME: 53
0 0 0
0 0 0
0 0 0
0 0 0
0 0 0
0 0 0
0 0 0
0 0 0
0 0 0
0 0 0
0 0 0
0 0 0
0 0 0
0 0 0
0 0 0
FRAME: 54
0 0 0
0 0 0
0 0 0
0 0 0
0 0 0
0 0 0
0 0 0
0 0 0
0 0 0
0 0 0
0 0 0
0 0 0
0 0 0
0 0 0
0 0 0
FRAME: 55
0 0 0
0 0 0
0 0 0
0 0 0
0 0 0
0 0 0
0 0 0
0 0 0
0 0 0
0 0 0
0 0 0
0 0 0
0 0 0
0 0 0
0 0 0
FRAME: 56
0 0 0
0 0 0
0 0 0
0 0 0
0 0 0
0 0 0
0 0 0
0 0 0
0 0 0
0 0 0
0 0 0
0 0 0
0 0 0
0 0 0
0 0 0
FRAME: 57
0 0 0
0 0 0
0 0 0
0 0 0
0 0 0
0 0 0
0 0 0
0 0 0
0 0 0
0 0 0
0 0 0
0 0 0
0 0 0
0 0 0
0 0 0
FRAME: 58
0 0 0
0 0 0
0 0 0
0 0 0
0 0 0
0 0 0
0 0 0
0 0 0
0 0 0
0 0 0
0 0 0
0 0 0
0 0 0
0 0 0
0 0 0
FRAME: 59
0 0 0
0 0 0
0 0 0
0 0 0
0 0 0
0 0 0
0 0 0
0 0 0
0 0 0
0 0 0
0 0 0
0 0 0
0 0 0
0 0 0
0 0 0
FRAME: 60
0 0 0
0 0 0
0 0 0
0 0 0
0 0 0
0 0 0
0 0 0
0 0 0
0 0 0
0 0 0
0 0 0
0 0 0
0 0 0
0 0 0
0 0 0
FRAME: 61
-85.0987 160.753 2151
-192.675 -213.502 2732.66
-63.213 -989.876 2906.04
-263.393 -405.483 2747.93
-43.6302 -432.529 2813.21
-35.5376 -763.98 2829.98
-194.016 -31.8225 2456.5
-59.8982 -45.6264 2404.51
100.782 -234.19 2567.99
-15.6182 -948.084 2942.62
-47.0144 -283.008 2395.04
122.8 -448.348 2750.64
94.0686 -698.896 2843.43
74.2195 -59.4304 2352.53
-10.1565 -243.033 2593.22
FRAME: 62
-84.9016 155.726 2138.69
-200.649 -210.09 2747.97
-62.0014 -994.472 2907.48
-264.764 -398.64 2773.96
-41.4966 -434.257 2818.44
-36.6104 -767.067 2831.66
-199.346 -29.0795 2477.01
-60.631 -51.8703 2413.97
94.8032 -241.208 2580.65
-74.9741 -985.15 2982.93
-65.974 -321.364 2441.06
117.417 -459.536 2747.44
35.408 -722.645 2875.95
78.0837 -74.6612 2350.92
-11.3353 -249.383 2598.45
FRAME: 63
-84.7098 151.526 2128.39
-201.27 -213.339 2762.33
-61.1345 -999.307 2909.2
-290.604 -390.504 2840.98
-39.916 -440.856 2819.93
-36.0187 -772.374 2832.27
-199.798 -28.9282 2476
-62.5285 -56.1859 2409.95
89.6081 -252.312 2576.14
-71.9335 -987.904 2953.49
-72.2257 -355.774 2507.86
110.407 -470.055 2748.91
20.8755 -713.914 2847.37
74.7407 -83.4437 2343.91
-13.6416 -255.821 2597.19
FRAME: 64
-84.2737 148.585 2121.57
-208.042 -199.191 2753.34
-74.8668 -969.495 2893.67
-295.05 -380.989 2832.03
-56.3952 -417.424 2803.21
-48.1686 -747.406 2818.56
-204.718 -20.5316 2463.68
-63.5186 -52.2476 2396.46
93.2596 -254.01 2565.25
-40.596 -1037.47 3001.08
-70.1181 -383.469 2571.68
105.994 -454.616 2728.13
56.7751 -772.382 2897.9
77.6807 -83.9637 2329.23
-19.3596 -244.134 2581.06
FRAME: 65
-83.1023 143.985 2124.66
-207.371 -209.454 2752.38
-65.9754 -975.946 2882.13
-295.061 -393.815 2794.2
-46.8624 -420.054 2796.61
-41.0197 -749.645 2806.96
-199.018 -26.1012 2462.82
-62.6449 -52.8816 2400.06
89.2771 -255.109 2561.62
-8.50104 -993.679 2963.48
-42.1216 -405.853 2657.99
104.96 -442.606 2733.03
93.9268 -761.416 2882.61
73.7284 -79.662 2337.3
-16.798 -242.106 2582.44
FRAME: 66
-80.2037 145.321 2118.05
-210.76 -227.045 2759.64
-65.5137 -976.856 2886.3
-314.519 -396.99 2824.29
-51.2323 -435.179 2800.26
-40.174 -755.206 2810.84
-198.414 -22.865 2445.56
-62.6636 -47.1799 2387.36
92.7938 -239.625 2562.42
-14.1749 -993.668 2936.34
-9.7708 -388.959 2654.26
105.422 -456.849 2738.55
89.3273 -740.261 2874.2
73.0868 -71.4949 2329.17
-17.7843 -246.597 2578.38
FRAME: 67
-77.1437 146.127 2118.48
-213.629 -223.672 2734.61
-81.9054 -955.749 2870.65
-301.719 -384.305 2828.12
-69.898 -418.003 2783.27
-52.7235 -733.023 2793.12
-196.582 -22.7469 2443.53
-61.6851 -46.0297 2389.34
97.0118 -233.076 2561.39
-2.66986 -1017.14 2942.3
-7.8419 -387.147 2662.34
100.24 -444.69 2718.24
102.916 -762.647 2877.42
73.2117 -69.3125 2335.15
-23.2571 -238.688 2570.05
FRAME: 68
-74.0243 148.12 2117.95
-216.777 -228.159 2728.15
-81.6365 -961.223 2881.21
-308.045 -393.302 2765.99
-79.7274 -417.567 2774.97
-52.9247 -743.416 2801.73
-197.584 -20.9838 2441.84
-60.5642 -41.6099 2390.71
106.004 -214.944 2554.04
-6.1015 -1012.5 2923.68
-5.80396 -393.596 2671.03
99.291 -442.207 2710.89
104.51 -763.242 2871.47
76.456 -62.2359 2339.57
-25.3912 -235.748 2566.82
FRAME: 69
-70.1104 151.422 2133.75
-216.57 -236.264 2733.02
-84.8973 -969.494 2873.92
-306.085 -409.489 2659.16
-82.2464 -419.887 2759.84
-55.1133 -742.573 2788.94
-192.278 -24.3983 2444.27
-58.7375 -42.0224 2397.01
102.731 -218.389 2554.02
-7.90583 -1024.89 2909.32
-34.7085 -409.336 2665.03
91.0835 -439.982 2702.04
102.617 -766.963 2860.23
74.8034 -59.6465 2349.75
-27.1595 -235.979 2563.98
FRAME: 70
-60.7525 161.779 2196.57
-212.483 -232.633 2710.02
-72.9145 -1022.78 2860.77
-308.759 -451.773 2649.62
-66.8555 -430.871 2750.94
-39.3917 -766.345 2768.65
-182.854 -21.8735 2459.06
-57.1438 -34.1879 2417.18
83.5222 -240.578 2548.61
-22.8966 -1014.27 2880.86
39.1101 -404.245 2696.11
78.1007 -443.728 2704.6
75.2664 -753.851 2805.01
68.5659 -46.5023 2375.3
-25.7606 -235.744 2572.48
FRAME: 71
-55.3019 167.846 2221.68
-215.504 -223.165 2698.72
-70.5639 -1033.84 2864.96
-299.183 -448.047 2580.4
-60.3836 -430.434 2746.63
-37.689 -776.862 2778.73
-181.207 -9.90663 2464.28
-54.4581 -23.5139 2419.09
87.1459 -246.521 2546.41
-28.4128 -1038.35 2826.9
31.3711 -412.625 2669.51
74.9493 -444.704 2699.11
69.5226 -736.9 2796.99
72.2908 -37.1211 2373.9
-23.5876 -230.541 2570.98
FRAME: 72
-50.6193 171.698 2226.83
-209.797 -228.416 2687.95
-79.9762 -1016.18 2848.17
-279.203 -443.193 2559.63
-62.524 -421.254 2741.69
-49.7202 -722.175 2746.59
-165.189 -11.9509 2471.83
-46.2643 -26.645 2428.98
87.3233 -243.658 2539.94
-20.6356 -1029.53 2846.5
22.0027 -404.254 2669.09
68.3001 -435.217 2698.03
65.8206 -735.012 2799.67
72.6602 -41.3392 2386.12
-21.6881 -227.44 2574.42
FRAME: 73
-46.0751 177.932 2234.25
-209.355 -225.647 2681.73
-77.8717 -1016.88 2847.56
-264.057 -446.579 2556.08
-63.277 -422.934 2737.78
-42.0421 -742.137 2754.25
-162.482 -5.6122 2474.32
-41.591 -20.9262 2433.12
107.037 -243.537 2556.26
-35.4525 -1014.37 2859.64
26.8934 -410.59 2672.85
61.8784 -437.818 2697.24
64.6091 -732.118 2810.29
79.2996 -36.2402 2391.91
-21.1452 -225.651 2575.31
FRAME: 74
-41.0411 185.646 2242.02
-206.88 -219.638 2671.45
-81.4161 -1014.04 2854.92
-240.225 -432.204 2535.29
-64.9796 -426.613 2741.26
-40.9205 -753.909 2768.29
-162.032 2.5726 2468.66
-36.3766 -4.67733 2438.62
108.865 -229.368 2555.34
-34.6183 -1011.99 2863.38
24.2612 -399.217 2640.42
68.1485 -432.535 2712.77
65.8791 -736.812 2811.52
89.2787 -11.9273 2408.59
-17.396 -217.126 2582.82
FRAME: 75
-21.3726 209.376 2313.15
-195.74 -221.543 2667.44
-86.3573 -1031.38 2827.9
-238.298 -443.432 2556.36
-67.0371 -420.619 2723.19
-43.1655 -753.592 2752.35
-153.345 11.2155 2487.61
-26.0701 8.17336 2471.25
114.114 -229.678 2569.35
-51.5425 -1035.21 2839.97
19.0036 -401.605 2584.63
46.8923 -421.26 2711.23
54.1976 -736.068 2791.26
101.205 5.13126 2454.89
-18.0712 -206.383 2594.23
FRAME: 76
-3.54799 218.746 2384.1
-189.983 -231.012 2661.03
-84.818 -1058.41 2815.28
-221.099 -457.956 2552.97
-63.786 -407.617 2711.65
-44.7135 -754.405 2738.35
-144.926 10.907 2505.13
-20.8288 10.8108 2498.39
125.747 -218.705 2590.04
-64.8411 -1036.13 2812.16
-5.89571 -378.301 2575.01
39.4625 -405.725 2708.79
35.2548 -725.615 2771.63
103.269 10.7146 2491.65
-16.4952 -197.93 2604.31
FRAME: 77
10.0189 230.81 2447.25
-181.367 -240.771 2651.26
-95.9427 -1057.02 2791.53
-202.339 -465.216 2558.78
-68.7774 -391.24 2715.17
-44.5939 -729.445 2709.15
-134.862 16.6664 2517.5
-15.4498 14.6359 2515.41
138.256 -221.555 2599.66
-57.1385 -1057.43 2818.05
-16.3867 -372.171 2565.51
34.8256 -393.584 2712.34
33.9184 -732.17 2758.72
103.962 12.6054 2513.32
-16.2128 -188.888 2614.58
FRAME: 78
12.0333 233.618 2460.38
-173.605 -250.319 2641.75
-95.9431 -1060.14 2793.72
-197.085 -468.84 2552.31
-61.9432 -384.356 2711.63
-43.7749 -728.57 2712.48
-117.441 16.6691 2528.24
-5.05669 14.4157 2531.3
150.96 -228.987 2606.07
-66.9436 -1080.33 2814.02
-51.2124 -367.381 2543.26
29.4711 -387.003 2713.16
31.9508 -718.782 2757.98
107.328 12.1623 2534.36
-10.6464 -185.632 2621.84
FRAME: 79
16.9879 236.841 2472.13
-175.297 -252.849 2621.32
-97.6527 -1055.02 2791.09
-187.839 -467.004 2546.42
-64.1786 -380.197 2712.36
-41.0154 -723.628 2705.79
-113.209 17.9175 2529.51
-5.34439 19.1318 2542.72
155.54 -210.903 2628.11
-67.4282 -1042.61 2821.11
-21.9877 -305.785 2565.32
22.2418 -379.85 2723.46
30.7727 -701.303 2755.83
102.521 20.3462 2555.92
-13.1564 -180.446 2630.31
FRAME: 80
27.3206 235.989 2493.69
-83.8069 -238.05 2638.14
-98.5406 -1068.03 2768.08
-179.463 -462.946 2537.44
-69.7545 -356.879 2751.11
-42.1492 -725.71 2684.79
-92.7476 25.5041 2560.06
6.27484 20.0733 2568.74
160.539 -219.814 2622.27
-70.1737 -1042.1 2819.73
-4.32041 -332.207 2555.4
21.0225 -367.348 2750.79
28.3893 -695.375 2776.01
105.297 14.6425 2577.41
-9.04557 -171.02 2659.84
FRAME: 81
38.2097 236.983 2504.62
-129.876 -228.563 2621.03
-97.282 -1061.25 2780.16
-171.854 -459.931 2546.37
-65.2773 -353.584 2744.03
-35.0672 -718.68 2690.68
-79.4997 24.4061 2553.97
11.1877 25.8535 2579.67
160.594 -207.108 2658.98
-63.4539 -1039.84 2824.79
29.8827 -300.446 2588.67
15.8111 -357.056 2758.67
26.6106 -697.253 2775.58
101.875 27.301 2605.38
-6.77271 -164.733 2665.51
FRAME: 82
44.9841 239.154 2513.94
-134.261 -232.553 2606.48
-92.2147 -1064.2 2794.26
-171.734 -478.918 2464.57
-60.7676 -358.791 2726.13
-26.9298 -714.405 2702.15
-69.782 20.9712 2546.46
15.1773 29.3238 2589.54
159.309 -195.845 2690.82
-61.65 -1050.64 2815.69
2.19689 -366.158 2579.48
8.99332 -352.447 2761.89
20.9014 -704.696 2763.12
100.137 37.6764 2632.62
-5.35492 -163.148 2666.78
FRAME: 83
54.6193 239.914 2532.09
-125.657 -238.521 2606.36
-94.215 -1071.08 2797.17
-142.399 -471.138 2500.21
-56.9016 -353.869 2736.3
-25.1472 -719.826 2702.89
-54.8481 28.4812 2560.41
19.5466 39.8624 2613.08
154.106 -181.233 2719.94
-62.5516 -1044.54 2817.18
3.58596 -371.475 2587.45
9.30989 -342.984 2785.46
24.3817 -706.212 2766.27
93.9413 51.2436 2665.75
-2.12465 -154.282 2686.98
FRAME: 84
63.3059 241.255 2545.28
-118.479 -235.33 2606.5
-95.0141 -1068.61 2796.04
-132.561 -477.354 2459.92
-63.4693 -348.674 2741.62
-19.5228 -719.755 2708.42
-41.7608 36.8989 2573.07
27.5459 48.8292 2634.84
150.454 -170.067 2740.84
-62.0928 -1028.46 2826.88
11.0999 -374.126 2607.67
6.30163 -335.429 2806.29
33.5981 -689.835 2782.18
96.8526 60.7594 2696.6
-0.518963 -146.611 2704.4
FRAME: 85
69.6138 243.231 2556.3
-109.999 -241.182 2606.65
-101.977 -1071.31 2799.33
-112.351 -500.585 2504.4
-62.1026 -343.084 2747.88
-22.8532 -716.935 2715.66
-33.8405 35.1447 2579.43
33.3503 49.3204 2650.49
138.602 -168.224 2759.84
-33.1383 -1024.58 2937.64
-3.46506 -364.148 2599.41
8.23204 -326.985 2822.56
40.2084 -706.003 2824.98
100.541 63.496 2721.55
3.2075 -142.857 2717.86
FRAME: 86
76.0936 252.294 2569.69
-108.072 -246.587 2603.1
-103.625 -1069.99 2799.85
-92.2587 -472.155 2506.35
-59.0047 -345.153 2747.78
-22.9598 -716.953 2717.38
-27.8057 29.8853 2585.38
37.7408 45.1952 2667.81
129.876 -166.119 2770.17
-34.4499 -1018.6 2941.56
-1.78956 -334.182 2571.89
9.10119 -328.475 2832.03
39.471 -710.893 2826.04
103.287 60.505 2750.24
6.39451 -145.809 2728.86
FRAME: 87
78.5637 255.552 2578.58
-107.972 -237.079 2603.18
-103.599 -1052.3 2792.97
-80.126 -464.636 2509.79
-52.1043 -362.527 2749.07
-18.6274 -710.893 2716.67
-24.8363 32.8928 2588.87
38.3678 48.7637 2675.09
126.844 -174.468 2776.22
-50.2613 -1033.6 2912.19
5.09496 -347.814 2591.68
12.9505 -345.808 2837.09
34.0164 -716.896 2828.22
101.572 64.6346 2761.32
9.39545 -152.702 2734.09
FRAME: 88
80.0639 258.41 2585.21
-108.371 -235.686 2599.3
-103.175 -1056.55 2794.33
-80.331 -470.84 2506.8
-47.8275 -364.943 2753.69
-18.4917 -711.569 2718.62
-23.9822 32.4022 2590.7
36.6203 49.9635 2681.33
119.899 -174.162 2788.48
-34.4039 -1019.45 2960.01
8.78696 -344.37 2578.09
12.3844 -347.697 2842.01
24.5605 -707.882 2820.17
97.2228 67.5247 2771.95
9.44937 -153.178 2739.59
FRAME: 89
82.6352 259.661 2591.85
-107.751 -233.841 2597.85
-99.2618 -1054.38 2788.66
-65.3492 -468.077 2511.12
-59.4571 -357.006 2743.98
-17.4428 -710.461 2714.54
-26.3538 39.0972 2597.2
36.3334 51.8751 2689.78
121.159 -178.974 2787.34
-34.7142 -1014.85 2983.72
25.5126 -356.404 2636.3
5.7411 -347.577 2834.45
9.29622 -707.078 2829.49
99.0206 64.653 2782.36
4.7377 -150.208 2739.5
FRAME: 90
84.4013 264.926 2594.52
-105.469 -232.479 2591.54
-104.271 -1060.64 2792.43
-52.9717 -503.628 2612.43
-52.0067 -351.227 2746.74
-16.2857 -713.93 2715.76
-20.8256 39.3765 2596.05
38.4406 52.6992 2690.11
121.738 -178.112 2786.23
-43.731 -1011.76 2971.76
20.1571 -356.756 2605.57
2.02013 -339.73 2828.75
17.3541 -709.313 2840.27
97.7067 66.0218 2784.16
6.72364 -146.39 2738.93
FRAME: 91
87.0759 268.536 2601.58
-100.934 -230.602 2585.82
-106.673 -1058.26 2791.8
-72.8678 -536.919 2649.65
-55.8806 -348.351 2733.79
-26.2703 -712.633 2714.25
-18.111 39.8833 2594.73
39.4914 51.1062 2690.06
116.545 -181.45 2791.34
-61.8462 -1025.7 2884.75
30.9245 -345.839 2614.68
-0.65585 -337.353 2822.56
1.11979 -704.057 2818.2
97.0938 62.329 2785.39
5.61161 -145.873 2734.12
FRAME: 92
89.9652 273.941 2606.94
-104.208 -214.405 2579.39
-101.322 -1060.57 2787.16
-76.4615 -515.039 2631.63
-82.4351 -343.948 2710.21
-27.6198 -710.993 2708.59
-22.7928 49.4977 2595.18
38.4645 51.8578 2686.36
124.297 -193.826 2793.37
-83.5054 -1034.34 2867.22
21.3719 -361.086 2588.01
-19.266 -341.613 2802.56
-14.0302 -700.208 2795.54
99.7219 54.2178 2777.55
-6.193 -145.461 2721.37
FRAME: 93
91.4146 275.134 2610.86
-100.678 -208.558 2581.64
-102.752 -1063.14 2787.44
-84.253 -514.433 2619.96
-72.2505 -343.363 2715.11
-31.5323 -706.808 2705.84
-22.1301 50.9255 2595.9
37.8278 53.015 2690.54
119.089 -194.484 2795.53
-85.4068 -1031.62 2848.51
21.0327 -386.638 2592.78
-19.8269 -341.811 2792.68
-20.2472 -700.298 2786.83
97.7856 55.1045 2785.18
-4.10546 -144.786 2722.21
FRAME: 94
94.4864 277.941 2614.93
-99.4926 -206.369 2578.7
-103.771 -1060.86 2785.04
-84.2967 -510.256 2623.94
-72.4249 -341.279 2718.11
-33.4342 -703.502 2703.44
-21.8683 51.3082 2596.18
39.3851 52.9526 2693.59
113.295 -194.079 2801.26
-90.3064 -1022.52 2835.34
48.0259 -389.265 2615.55
-22.9676 -339.86 2792.41
-29.3469 -681.39 2761.23
100.639 54.597 2791
-4.15556 -143.808 2724.43
FRAME: 95
98.3077 279.617 2620.03
-97.8453 -202.513 2571.14
-110.755 -1049.5 2781.91
-78.1598 -525.04 2618.33
-68.439 -337.256 2720.61
-36.8336 -698.786 2704.08
-13.0119 53.288 2595.65
41.9667 57.2611 2694.6
119.894 -189.729 2798.63
-96.1992 -1033.57 2789.14
49.7924 -372.38 2628.53
-22.9552 -333.154 2799.76
-34.1584 -666.155 2735.53
96.9452 61.2343 2793.55
-1.86522 -138.972 2727.39
FRAME: 96
100.976 280.256 2623.91
-101.983 -181.719 2572.4
-99.6085 -1054.35 2774.79
-97.8231 -472.173 2579.82
-100.938 -324.117 2692.1
-32.0191 -697.507 2692.67
-19.0325 63.4665 2602.61
40.8613 57.0314 2698.01
114.25 -201.382 2809.67
-105.817 -1025.68 2795.71
69.4878 -338.72 2623.02
-33.861 -332.86 2795.07
-55.0912 -656.466 2706.07
100.755 50.5964 2793.41
-13.269 -135.729 2720.8
FRAME: 97
104.052 278.718 2627.12
-100.622 -208.447 2571.66
-101.567 -1048.91 2770.75
-102.348 -512.311 2587.43
-93.2937 -340.304 2721.02
-39.3656 -692.888 2686.66
-21.2145 49.2799 2604.66
39.9069 49.2507 2698.38
119.247 -201.616 2811.99
-96.6363 -1019.88 2802.88
39.0078 -320.305 2583.07
-31.7447 -342.158 2817.63
-39.0566 -652.792 2732.03
101.028 49.2215 2792.1
-11.3061 -145.99 2733.85
FRAME: 98
110.531 277.776 2634.19
-99.6068 -226.427 2549.41
-107.741 -1057.44 2780
-112.766 -433.61 2410.74
-80.6384 -343.19 2728.24
-50.1013 -695.323 2700.81
-13.5872 38.2441 2600.27
39.7153 45.0627 2699.11
102.196 -198.441 2840.19
-96.5315 -1013.57 2785.75
59.2676 -338.621 2632.47
-28.134 -336.546 2828.59
-42.7555 -647.773 2720.78
93.0178 51.8812 2797.95
-7.33543 -147.402 2738.76
FRAME: 99
120.967 276.342 2647.13
-95.6592 -231.537 2532.35
-103.41 -1053.37 2782.7
-123.291 -440.564 2394.41
-77.655 -345.44 2731.03
-47.487 -698.787 2709.66
-2.87932 29.0574 2594.02
45.4878 40.1409 2700.56
98.4881 -186.112 2871.2
-101.313 -1012.91 2777.8
64.2762 -380.534 2668.29
-28.5848 -334.118 2842.19
-47.2718 -642.082 2704.11
93.8549 51.2243 2807.11
-3.81607 -149.819 2743.59
FRAME: 100
128 272.543 2654.87
-95.2759 -226.656 2529.69
-101.156 -1055.73 2783.87
-105.318 -430.044 2382.72
-72.0893 -344.434 2732.06
-45.1253 -702.167 2713.39
1.24562 27.5902 2592.39
42.8361 42.4292 2712.67
-3.48823 -136.229 2968.82
-108.759 -1011.69 2772.55
-44.574 -331.681 2993
-29.531 -329.559 2854.29
-54.8536 -648.208 2700.37
84.4267 57.2682 2832.95
-3.987 -147.284 2752.92
FRAME: 101
135.934 268.17 2663.98
-96.5179 -231.903 2531.75
-99.9931 -1057.04 2784.11
-89.8968 -428.036 2402.24
-67.9593 -348.456 2735.06
-43.826 -706.749 2714.93
5.27525 20.005 2592.83
42.7632 36.8647 2717.02
-1.15321 -138.65 2962.42
-112.136 -1020.41 2778.85
-41.3164 -333.756 2988.23
-30.8518 -331.322 2858.32
-59.458 -652.804 2702.08
80.2512 53.7244 2841.21
-3.32118 -151.512 2756.85
FRAME: 102
139.202 262.422 2670.8
-98.8384 -232.947 2531.91
-101.324 -1061.89 2788.33
-61.0763 -431.546 2410.92
-67.6504 -351.573 2733.64
-45.6779 -717.489 2718.62
7.71275 16.1478 2592.39
42.7389 34.0104 2718.33
-2.74894 -139.324 2958.71
-118.989 -1026.74 2781.75
-39.2206 -354.041 2874.09
-32.1939 -333.327 2861.64
-50.1226 -673.646 2733.17
77.7651 51.8731 2844.26
-3.59162 -154.22 2757.98
FRAME: 103
140.073 259.669 2673.47
-94.8359 -228.278 2526.56
-97.4594 -1069.57 2784.47
-34.3977 -424.683 2403.28
-73.9723 -350.649 2719.74
-47.4372 -724.575 2709.01
13.3941 16.5126 2592.11
46.8214 30.2831 2718.28
-1.23503 -150.525 2944.26
-96.6847 -1027 2873.23
-29.1708 -355.757 2890.67
-38.8996 -335.93 2853.71
-40.7727 -677.998 2779.33
80.2486 44.0537 2844.45
-4.80728 -156.503 2752.5
FRAME: 104
141.611 255.934 2680.29
-91.0437 -224.035 2528.45
-98.8745 -1068.5 2784.55
-5.18505 -419.021 2411.46
-70.9672 -352.052 2702.99
-44.6564 -735.044 2700.65
19.5054 16.8586 2591.8
46.3338 29.1998 2719.6
-4.74117 -151.21 2952.08
-82.7775 -1031.05 2910.9
-30.611 -357.448 2936.77
-39.91 -337.587 2851.24
-29.215 -691.785 2921.18
73.1622 41.5409 2847.4
-4.5524 -157.81 2748.36
FRAME: 105
142.008 252.701 2685.98
-79.9418 -222.108 2525.02
-103.958 -1081.71 2784.08
28.6085 -424.896 2407.54
-64.7318 -356.189 2686.11
-37.0297 -742.19 2694.63
26.9685 17.076 2590.7
46.6441 28.0181 2720.02
-10.2829 -151.938 2946.69
-77.4276 -1035.1 2910.77
-22.5897 -353.053 2949.43
-40.0296 -342.367 2847.87
-27.8948 -698.759 2913.88
66.3196 38.9601 2849.34
-2.86831 -160.63 2743.5
FRAME: 106
136.751 251.718 2699.8
-56.3424 -205.101 2517.07
-91.3409 -1096.49 2786.07
79.5192 -418.845 2418.21
-56.8628 -357.959 2677.58
-25.6391 -747.219 2693.24
33.9962 15.804 2591.46
47.0434 26.2 2721.44
-18.9199 -157.598 2946.27
-67.2842 -1046.22 2915.86
-24.195 -359.418 2965.21
-39.9452 -344.503 2844.74
-22.9311 -708.236 2904.03
60.0905 36.5961 2851.42
-0.680333 -162.515 2741.3
FRAME: 107
132.517 251.961 2711.27
-29.6213 -215.519 2519.35
-87.0904 -1100.68 2777.33
88.8598 -428.49 2448.53
-49.3109 -360.728 2672.79
-10.3472 -752.795 2690.57
40.5731 14.0481 2593.14
47.4047 24.3139 2723.3
-28.6594 -165.319 2943.72
-60.8736 -1066.65 2842.31
-15.9557 -361.198 2982.34
-40.2923 -347.239 2843.08
-16.8713 -717.169 2898.42
54.2364 34.5796 2853.46
1.30157 -164.835 2740.62
FRAME: 108
123.612 254.491 2723.2
-13.3487 -220.23 2529.48
-76.3058 -1101.36 2771.41
103.691 -439.982 2454.66
-42.6746 -362.092 2671.45
2.79112 -754.621 2688.22
45.8232 12.9591 2598.26
47.6482 22.6134 2726.95
-32.5082 -170.505 2935.99
-61.7335 -1074.52 2800.17
-7.16187 -364.454 2986.24
-40.2182 -349.3 2841.5
-12.5987 -722.409 2891.75
49.4732 32.2677 2855.65
3.10092 -166.541 2741.71
FRAME: 109
113.92 256.016 2732.65
1.44101 -215.234 2537.17
-71.0445 -1108.13 2770.63
140.431 -431.155 2459.38
-32.5601 -368.535 2671.24
18.7346 -762.061 2684.09
46.1219 17.3411 2601.07
47.7803 23.8344 2729.17
-14.6786 -181.929 2878.79
-61.2541 -1081.9 2802.95
25.2296 -377.603 2894.22
-31.6385 -359.692 2826.24
-10.1677 -717.234 2925.98
49.4388 30.3276 2857.28
7.84052 -170.14 2738.96
FRAME: 110
105.041 260.357 2740.12
15.4226 -213.589 2541.06
-64.6073 -1108.72 2773.06
174.259 -436.007 2475.82
-29.8918 -365.167 2670.44
28.2791 -758.533 2685.13
48.6441 21.1805 2603.96
47.1455 26.7449 2731.77
15.2386 -183.26 2803.77
-53.6037 -1078.62 2818.1
93.3967 -367.399 2736.53
-32.3304 -357.113 2823.15
-3.229 -713.812 2924.29
45.6469 32.3092 2859.58
8.01719 -167.198 2739.28
FRAME: 111
97.0057 264.401 2745.52
33.2358 -209.574 2545.88
-61.4838 -1107 2769.99
215.17 -391.647 2442.83
-21.4865 -362.331 2668.81
33.8286 -758.684 2685.06
51.8975 27.7491 2610.25
46.703 31.2308 2736.34
6.23631 -173.906 2831.31
-46.7283 -1071.19 2814.88
89.8927 -353.807 2782.53
-27.9601 -356.152 2818.31
2.29495 -715.803 2915.67
41.5085 34.7125 2862.42
10.9898 -164.005 2739.95
FRAME: 112
91.9384 267.208 2749.76
50.3216 -207.341 2558.39
-64.3455 -1106.31 2773.92
219.255 -410.759 2471.97
-18.1279 -355.278 2668.13
40.0858 -757.647 2684.54
55.0999 32.5396 2615.27
46.2261 36.251 2740.1
23.4248 -165.97 2799.57
-31.7114 -1042.56 2788.76
130.843 -354.877 2664.45
-29.5527 -348.892 2824.03
4.14421 -716.635 2918.08
37.3524 39.9623 2864.93
11.1929 -157.917 2743.09
FRAME: 113
88.1492 271.219 2750.48
60.017 -202.75 2557.41
-65.1616 -1101.33 2766.84
253 -379.513 2461.93
-13.9851 -351.114 2668.59
44.0754 -756.876 2681.46
57.2945 39.5842 2619.34
45.1879 42.9092 2743.47
30.1623 -146.097 2783.25
-27.2791 -1040.41 2807.06
171.311 -350.175 2599.35
-29.4087 -345.429 2825.48
9.1052 -718.219 2950.66
33.0812 46.2342 2867.6
11.7455 -152.681 2745.25
FRAME: 114
79.631 278.563 2751.79
75.4995 -198.004 2551.24
-65.9874 -1096.71 2764.17
241.984 -383.328 2475.08
-7.91778 -346.135 2666.27
45.5123 -753.738 2679.1
57.9271 45.7661 2621.03
42.6799 48.9711 2745.5
30.5006 -141.012 2769.48
-28.2481 -1047.68 2809.08
203.155 -327.663 2579
-27.7867 -341.312 2829.4
13.7631 -719.22 2947.59
27.4326 52.1762 2869.97
12.4138 -147.376 2746.67
FRAME: 115
67.8833 283.972 2752.06
80.4118 -196.394 2548.39
-63.5163 -1074.94 2759.4
265.5 -349.402 2461.56
-0.922805 -346.577 2663.51
52.5711 -751.672 2673.12
57.395 49.5276 2620.91
39.1915 52.2752 2746.16
15.4648 -130.21 2797.14
-1.9501 -1037.77 2871.01
212.342 -301.127 2577.63
-24.982 -342.36 2830.19
17.3466 -720.548 2945.7
20.9879 55.0228 2871.41
13.1195 -146.097 2746.51
FRAME: 116
55.7415 290.379 2753.04
89.2065 -194.425 2545.28
-66.0933 -1067.04 2759.16
287.914 -309.75 2438.85
2.39148 -345.367 2662.82
60.0283 -750.228 2668.83
55.3239 54.0102 2621.41
35.6007 56.3967 2747.14
-41.6751 -73.3507 2869.87
8.10113 -1017.8 2852.11
217.506 -279.648 2572.48
-23.8591 -341.764 2831.08
20.4077 -720.285 2944.34
15.8775 58.7831 2872.88
12.4335 -143.584 2747.05
FRAME: 117
54.1205 293.63 2752.05
98.9268 -192.233 2540.14
-62.8642 -1060.15 2751.96
287.14 -316.452 2452.32
4.31946 -346.198 2663.02
71.3991 -749.848 2665.02
53.6695 59.1953 2622.41
32.6064 60.7749 2748.19
-91.4418 -40.0163 2916.56
-1.68854 -1023.1 2839.26
6.60739 -160.824 2889.5
-23.2699 -343.82 2828.8
22.8416 -720.942 2941.67
11.5432 62.3546 2873.97
11.5656 -142.117 2747.05
FRAME: 118
48.6762 298.469 2748.95
93.5876 -185.579 2533.33
-58.458 -1066.71 2750.67
280.548 -311.206 2440.14
6.53307 -343.405 2662.17
75.3095 -747.9 2664.5
53.9103 61.2436 2619.83
30.9502 63.5539 2746.89
-111.599 -16.3407 2949
-1.46978 -1031.46 2874.43
-7.56005 -137.539 2935.24
-23.9599 -340.068 2831.35
24.9446 -720.059 2940.09
7.99007 65.8642 2873.94
11.1184 -139.091 2746.82
FRAME: 119
43.9839 302.144 2748.64
90.0235 -177.241 2519.32
-56.6053 -1075.78 2747.4
277.199 -299.487 2431.65
10.8381 -341.384 2661.25
87.1472 -745.418 2660.32
50.5117 70.3065 2615.65
22.3587 73.4443 2745.15
-170.924 62.2392 3014.99
-7.31291 -1031.7 2897.63
43.5625 -177.183 2897.56
-27.0165 -337.054 2835.99
24.2471 -717.362 2938.76
-5.79427 76.5821 2874.66
7.13478 -132.887 2746.89
FRAME: 120
43.5853 300.687 2746.09
58.2095 -156.205 2585.62
-62.5695 -1073.12 2760.43
158.282 -222.132 2549.16
8.66402 -341.023 2678.8
81.1089 -742.85 2677.84
37.64 67.0596 2643.09
19.2267 67.0178 2736.94
-112.525 29.7035 2943.45
4.41937 -1046.61 2891.7
-15.048 -100.029 2936.75
-19.0693 -340.017 2812.24
42.0326 -719.529 2885.85
0.813431 66.9759 2830.78
7.01205 -136.751 2741.23
FRAME: 121
39.8235 300.917 2742.82
49.7208 -153.53 2578.24
-52.7722 -1065.4 2758.63
160.415 -217.924 2539.67
8.28981 -340.707 2679.36
83.3903 -743.087 2676.39
35.3824 68.3898 2637.34
18.3251 69.1741 2734.39
-140.221 45.721 2965.75
7.81651 -1043.61 2884.51
-108.915 29.2422 3031.67
-16.6582 -338.931 2811.97
46.6612 -718.476 2875.02
1.26776 69.9584 2831.45
7.07045 -135.322 2740.03
FRAME: 122
36.389 298.016 2735.09
48.9932 -156.138 2569.75
-52.6503 -1062.77 2760.1
171.771 -197.78 2478.18
8.08463 -340.189 2679.42
89.1222 -744.297 2675.14
29.1916 67.8807 2625.12
12.8727 70.5889 2726.12
-143.502 69.2174 2961.78
13.0336 -1014.6 2823.1
-54.9954 12.5261 2929.75
-13.3845 -336.519 2807.62
49.2206 -713.803 2863.92
-3.44617 73.2971 2827.12
5.1114 -133.882 2734.82
FRAME: 123
31.9355 290.421 2719.37
18.1686 -112.121 2644.22
-54.7745 -1065.61 2775.95
93.6921 -118.383 2543.69
2.86646 -338.794 2702.8
83.8328 -747.185 2689.19
11.1507 71.8586 2646.92
5.18481 74.2746 2714.96
-143.611 114.561 2946.76
18.527 -1014.19 2787.83
-52.8867 23.3858 2920.19
-5.01924 -335.661 2784.1
56.7129 -712.588 2840.03
-0.781062 76.6906 2783
2.05421 -131.476 2729.2
FRAME: 124
25.053 286.549 2703.5
-28.0131 -15.2747 2731.14
-62.9387 -1058.88 2775.9
50.0356 -72.7809 2539.03
7.65772 -328.738 2707.64
85.342 -742.063 2687.19
3.95652 80.5792 2657.65
-0.75694 78.311 2709.07
-130.151 93.7514 2927.96
40.706 -1022.17 2749.5
12.0906 -31.9339 2760.88
2.52469 -329.673 2759.59
57.5828 -717.216 2823.47
-5.4704 76.0428 2760.49
2.16713 -125.447 2721.34
FRAME: 125
22.4132 283.633 2692.6
-36.0898 14.8342 2727.23
-51.9354 -1061.6 2767.02
-5.97066 -37.1699 2585.73
11.5107 -334.299 2694.14
94.2828 -748.775 2673.46
11.5932 73.7792 2631.43
2.47561 76.8343 2692.2
-133.993 105.846 2890.38
33.4829 -1047.63 2767.07
-34.8249 25.1022 2828.9
0.397054 -329.925 2765.13
55.3532 -701.468 2719.2
-6.64198 79.8893 2752.98
4.21474 -127.639 2710.92
FRAME: 126
19.2519 276.451 2670.27
8.29301 -29.7488 2620.1
-46.2663 -1064.79 2775.38
37.0275 -77.2504 2532.7
18.136 -334.985 2692.95
91.8336 -754.844 2671.85
15.0793 72.2959 2622.62
-0.601766 75.4702 2681.65
-25.5783 -15.9841 2791.7
32.2686 -1048.92 2754.97
7.60114 -41.6338 2786.5
1.45843 -331.089 2754.38
60.0152 -700.577 2639.07
-16.2829 78.6445 2740.69
4.59772 -128.783 2702.66
FRAME: 127
14.4674 271.568 2649.71
21.383 -73.5007 2583.22
-55.7681 -1068.21 2774.27
125.815 -235.206 2339.11
18.019 -340.819 2688.86
96.0475 -763.213 2664.7
11.0604 63.785 2611.89
-1.06602 68.7661 2666.12
9.09787 -138.587 2758.31
21.8717 -1044.13 2781.94
113.69 -233.184 2554.51
4.79764 -333.44 2747.75
59.9754 -702.631 2623.08
-13.1924 73.7472 2720.36
5.17115 -134.182 2692.22
FRAME: 128
-1.54487 267.006 2622.44
29.4638 -183.453 2471.44
-48.5912 -1074.7 2740.28
115.828 -382.421 2257.32
16.1287 -355.603 2650.79
81.751 -769.624 2624.99
-3.32473 38.8124 2529.81
-7.26566 58.1083 2650.71
-7.93451 -124.741 2803.37
6.13557 -1048.98 2834.6
72.3186 -238.74 2856.87
11.9522 -332.914 2784.67
62.4354 -712.888 2760.26
-11.2066 77.4042 2771.62
3.38738 -143.075 2684.22
FRAME: 129
-13.9531 267.326 2603.06
-2.51718 -208.658 2440.09
-52.657 -1094.74 2719.46
67.0592 -384.051 2237.83
13.2405 -358.332 2634.39
74.1213 -767.063 2613.52
-16.7183 35.1948 2503.65
-13.3557 60.0338 2639.41
-18.7585 -118.235 2830.41
-3.59098 -1069.43 2875.67
62.2321 -224.119 2910.35
17.0003 -329.085 2791.47
73.2441 -717.312 2793.98
-9.99315 84.8727 2775.17
0.882344 -141.837 2676.17
FRAME: 130
-24.7224 274.053 2585.3
-36.3945 -201.397 2461.51
-53.5352 -1114.92 2717.27
13.752 -393.351 2245.95
9.13883 -350.773 2639.49
54.8787 -761.128 2619.27
-30.046 40.2407 2499.46
-16.0466 67.0246 2626.41
-11.4298 -112.945 2821.35
3.45883 -1065.46 2870.34
66.1204 -187.809 2918.29
24.1647 -320.646 2778.1
76.9659 -703.347 2785.72
-2.04706 93.8085 2753.36
0.302614 -134.342 2667.6
FRAME: 131
-37.1097 279.93 2548.8
-88.1652 -193.56 2497.27
-47.6263 -1103.73 2706.48
-127.462 -404.14 2275.94
8.41933 -341.412 2625.23
44.9495 -739.691 2607.36
-70.8955 53.4188 2498.27
-29.0066 73.9617 2617.02
35.9555 -54.0063 2762.59
-29.6521 -1054.83 2875.52
79.7785 -101.958 2825.57
42.4128 -323.752 2716.77
83.9729 -699.915 2789.71
12.8822 94.5045 2735.76
-1.79527 -129.31 2644.01
FRAME: 132
-50.2639 279.716 2508.47
-120.427 -182.29 2502.66
-68.1831 -1068.93 2723.18
-187.059 -396.551 2311.31
-7.5831 -324.467 2619.13
18.0776 -713.813 2616.08
-110.138 81.8924 2496.61
-23.2415 105.601 2570.62
206.837 177.647 2398.06
-28.9478 -1031.98 2885.64
96.974 415.211 2411.14
68.7889 -303.844 2679.46
98.0803 -696.836 2781.94
63.6548 129.31 2644.63
3.68071 -104.277 2609.96
FRAME: 133
-66.9369 276.735 2482.24
-147.314 -177.326 2519.48
-75.0919 -1049.18 2737.56
-249.883 -389.12 2344.46
-25.3973 -317.556 2622.43
0.342913 -697.419 2628.19
-121.591 93.3632 2505.08
-17.1607 115.072 2555.57
199.859 133.576 2382.01
-10.2049 -1033.38 2897.22
109.174 345.623 2261.95
75.9305 -296.246 2670.85
106.034 -690.329 2780.34
87.2695 136.78 2606.06
4.05294 -95.9145 2601.11
FRAME: 134
-78.5218 254.84 2459.98
-177.522 -185.373 2561.33
-70.774 -1034.29 2750.09
-334.459 -390.253 2443.64
-31.8842 -321.737 2634.62
-11.2606 -692.443 2642.52
-138.576 78.3781 2527.35
-27.5065 100.776 2569.19
151.931 7.95191 2397.77
7.90751 -1031.5 2914.56
93.693 76.0159 2060.89
77.7772 -299.302 2675.95
113.372 -683.521 2791.49
83.5624 123.173 2611.03
-2.28004 -104.872 2612.24
FRAME: 135
-83.9829 243.148 2446.14
-186.916 -208.518 2584.83
-73.5011 -1028.88 2772.25
-342.546 -418.928 2503.91
-35.1318 -331.747 2665.64
-21.9001 -689.208 2663.89
-148.298 43.6519 2537.69
-39.0229 63.3107 2544.56
110.601 -96.7355 2422.36
29.8772 -1033.25 2921.25
73.306 32.0971 2193.29
87.0753 -309.65 2671.96
121.622 -686.279 2788.93
70.2518 82.9694 2551.44
-6.52556 -128.694 2606.68
FRAME: 136
-87.6205 231.792 2427.94
-203.904 -212.401 2607.11
-65.824 -1026.55 2776.93
-363.955 -431.112 2544.28
-33.9686 -313.812 2691.27
-21.3722 -679.494 2673.94
-163.014 36.8628 2540.13
-52.1364 49.3471 2514.32
86.3718 -153.744 2363.93
38.4221 -1020.87 2927.21
29.6749 -166.154 2131.58
86.4605 -299.826 2663.76
121.584 -665.829 2788.53
58.7413 61.8315 2488.52
-12.9452 -128.736 2595.92
FRAME: 137
-89.736 221.846 2415.18
-207.339 -209.667 2627.96
-54.4308 -1028.27 2784.25
-381.89 -438.968 2600.03
-31.9572 -301.308 2698.93
-16.4023 -673.505 2673
-169.383 30.1464 2543.66
-63.2261 34.8672 2498.44
82.5455 -166.302 2355.13
32.7588 -1009.13 2926.72
-36.0332 -396.506 2187.11
83.0756 -296.09 2649.66
113.709 -646.632 2790.17
42.9309 39.5879 2453.22
-18.8334 -131.916 2586.36
FRAME: 138
-88.5205 209.332 2400.73
-207.128 -204.716 2658.91
-46.9888 -1035.61 2792.59
-375.962 -439.958 2634.74
-32.1686 -295.238 2701.41
-13.7759 -679.944 2680.39
-174.157 16.7382 2544.77
-72.8942 14.4566 2486.71
60.7279 -200.477 2353.66
28.633 -1005.93 2922.92
-69.3568 -447.961 2268.57
79.8225 -297.635 2637.26
111.253 -641.696 2782.01
28.3687 12.175 2428.65
-24.5336 -140.99 2578.02
FRAME: 139
-89.2479 197.201 2387.37
-208.631 -199.666 2666.8
-47.8786 -1032.06 2797.33
-392.138 -458.807 2670.74
-37.2062 -297.635 2716.81
-16.2003 -681.41 2682.14
-172.302 7.12547 2541.27
-75.0159 -1.70123 2479.72
55.4659 -233.883 2359.6
30.244 -1006.04 2927.83
-87.876 -479.154 2327.81
81.6273 -308.274 2642.17
108.254 -660.725 2761.03
22.2703 -10.5279 2418.17
-26.4027 -152.328 2579.6
FRAME: 140
-88.0255 182.095 2375.59
-213.605 -207.414 2661.01
-50.4452 -1029.48 2790.46
-391.303 -455.06 2687.65
-40.0079 -298.204 2726.33
-16.9075 -682.834 2675.38
-171.984 -0.869365 2536.51
-78.8884 -16.0933 2472.87
53.739 -238.91 2388.24
31.5322 -1006.34 2930.17
-91.9543 -474.537 2379.88
76.7301 -317.051 2647.21
107.847 -670.108 2766.62
14.2077 -31.3173 2409.22
-30.2636 -161.86 2579.82
FRAME: 141
-85.9144 160.205 2349.74
-211.439 -209.96 2656.74
-52.0154 -1031.55 2788.72
-376.854 -453.606 2728.02
-41.9412 -302.026 2731.2
-16.2634 -686.221 2672.45
-168.025 -9.29466 2527.08
-79.4211 -29.971 2464.54
47.0046 -269.432 2412.19
32.5691 -1007.71 2935.81
-108.28 -484.851 2456.3
69.2795 -328.134 2652.57
106.891 -682.614 2771.32
9.18279 -50.6473 2402.01
-32.876 -172.525 2578.22
FRAME: 142
-84.1832 148.397 2338.03
-208.65 -209.438 2675.75
-52.3512 -1036.88 2788
-363.884 -457.106 2746.36
-42.8048 -308.276 2739.92
-19.0504 -692.153 2673.66
-165.034 -15.6054 2527.84
-78.9468 -42.8688 2462.76
41.8055 -284.852 2412.45
27.2425 -1013.77 2928.21
-109.34 -468.348 2475.21
62.7593 -341.927 2659.94
98.6036 -705.675 2763.33
7.14026 -70.1322 2397.68
-34.4848 -183.985 2581.34
FRAME: 143
-83.0525 140.737 2330.92
-202.611 -208.64 2690.48
-53.6984 -1039.76 2786.99
-354.917 -458.229 2740.59
-44.8981 -313.515 2743.06
-21.4126 -695.38 2672.3
-165.316 -21.2559 2528.22
-79.4196 -51.1572 2461.75
38.207 -295.7 2413.27
29.8908 -1010.83 2931.47
-116.4 -468.013 2492.83
60.5551 -350.375 2661.43
94.5657 -713.753 2762.65
6.47698 -81.0586 2395.28
-35.7955 -191.551 2582
FRAME: 144
-82.0484 136.065 2329.02
-201.895 -207.167 2704.8
-55.2998 -1041.69 2784.7
-343.195 -452.676 2737.82
-46.3877 -315.521 2747.22
-23.3516 -697.979 2673.79
-163.31 -23.6541 2531
-76.7344 -56.9582 2463.06
35.6244 -307.8 2405.06
31.3337 -1009.83 2932.13
-118.437 -457.163 2502.38
58.7276 -355.911 2664.94
98.0869 -715.546 2760.6
9.84139 -90.2624 2395.12
-35.2822 -196.337 2584.57
FRAME: 145
-81.3511 133.3 2325.1
-197.793 -202.347 2709.75
-53.5668 -1049.16 2788.51
-329.866 -449.253 2735.9
-47.9624 -314.362 2748.15
-27.3828 -704.188 2683.89
-162.408 -25.4349 2530.85
-74.4468 -60.1875 2462.67
36.4665 -311.003 2405.22
31.9374 -1014.13 2949.89
-121.311 -444.852 2524.18
59.2127 -356.58 2665.22
105.492 -717.416 2773.73
13.5146 -94.9401 2394.5
-34.4108 -197.829 2584.68
FRAME: 146
-79.998 132.468 2323.46
-188.802 -189.235 2721.06
-55.649 -1052.2 2790.45
-320.329 -445.553 2723.82
-48.9475 -319.784 2752.05
-35.7888 -712.93 2693.05
-159.893 -25.3425 2530.83
-71.8966 -62.4399 2460.77
36.4534 -316.741 2402.76
28.8851 -1006.75 2945.65
-119.059 -433.397 2531.87
62.3155 -366.541 2663.57
105.836 -725.001 2754.7
16.1002 -99.5374 2390.71
-32.6063 -202.801 2584.29
FRAME: 147
-77.8071 131.858 2322.55
-184.414 -187.622 2723.53
-57.2483 -1054.56 2791.88
-305.828 -432.302 2712.69
-48.5221 -322.158 2753.65
-35.583 -715.161 2687.97
-157.355 -24.8991 2532.35
-68.8553 -62.0014 2461.81
34.5415 -299.07 2394.9
27.3004 -1006.72 2948.37
-136.176 -369.119 2501.64
65.9391 -369.929 2662.58
95.8996 -732.401 2757.69
19.6448 -99.1037 2391.27
-30.0734 -204.022 2584.96
FRAME: 148
-75.8531 133.723 2319.85
-190.328 -192.319 2716.7
-57.3599 -1054.58 2792.76
-305.539 -443.448 2706.53
-46.8936 -325.877 2752.39
-32.0063 -717.015 2686.7
-156.257 -19.1265 2532.69
-65.7082 -56.6477 2460.21
25.6406 -318.596 2411.95
28.8245 -1005.48 2952.14
-147.294 -376.265 2534.6
67.4269 -373.436 2660.74
100.396 -730.921 2765.83
24.8404 -94.1689 2387.74
-27.7208 -203.152 2583.39
FRAME: 149
-68.744 139.335 2317.73
-196.103 -199.91 2707
-56.3718 -1054.51 2794.59
-287.614 -434.73 2677.33
-47.0334 -328.156 2746.35
-28.0678 -717.364 2683.94
-154.126 -17.224 2529.01
-61.8592 -52.8796 2458.26
30.6051 -324.516 2421.7
24.9735 -1004.1 2960.04
-126.448 -383.841 2535.51
67.4929 -372.939 2658.15
100.303 -731.719 2769.59
30.4073 -88.5353 2387.52
-25.8147 -201.713 2580.26
FRAME: 150
-61.1012 147.246 2317.07
-196.943 -205.002 2702.08
-56.1776 -1051.14 2793.3
-295.993 -455.726 2672
-44.1448 -333.004 2740.09
-25.9214 -718.929 2684.08
-149.516 -13.6096 2527.6
-56.5061 -47.4786 2457.87
26.7787 -319.436 2426.32
23.9446 -1004.45 2962.17
-118.581 -361.003 2527.17
68.2647 -374.579 2655.39
104.469 -727.007 2771.14
36.5039 -81.3476 2388.14
-22.2231 -200.635 2577.8
FRAME: 151
-52.046 156.889 2319.87
-198.259 -206.607 2693.4
-53.2911 -1054.56 2795.05
-294.43 -464.323 2684.57
-42.7588 -337.958 2729.71
-24.1042 -721.009 2685.21
-145.977 -7.67435 2524.23
-51.4217 -38.4746 2457.18
36.004 -306.594 2431.17
24.0262 -1009.93 2965.7
-104.612 -367.029 2545.01
65.5669 -373.64 2652.58
104.991 -721.397 2774.09
43.1336 -69.2749 2390.12
-20.0088 -197.137 2574.16
FRAME: 152
-45.7132 166.848 2325.02
-202.324 -212.863 2681.39
-47.7202 -1058.32 2803.83
-272.388 -437.35 2634.65
-42.2596 -341.984 2704.68
-18.6126 -722.173 2693.86
-148.249 -7.24801 2518.06
-47.2432 -29.9079 2456.95
87.6851 -272.744 2462.29
18.6424 -1006.68 2950.11
-106.003 -384.775 2540.41
63.5262 -365.748 2640.61
103.927 -710.19 2766
53.7626 -52.5678 2395.85
-18.305 -191.887 2564.8
FRAME: 153
-31.8437 187.267 2337.96
-201.428 -212.524 2672.95
-47.9011 -1064.58 2807.02
-281.597 -441.181 2591.39
-42.9655 -343.799 2694.46
-19.5004 -724.242 2695.88
-147.142 -1.00597 2513.11
-41.1422 -18.3549 2459.15
106 -257.206 2461.64
15.8065 -1008.28 2945.33
-89.3747 -380.189 2551.78
63.2456 -361.228 2640.28
99.2183 -707.688 2763.55
64.8576 -35.7037 2405.19
-15.501 -185.434 2563.26
FRAME: 154
-22.5558 200.832 2348.06
-201.283 -214.178 2663.66
-48.1318 -1066.94 2813.62
-274.258 -455.154 2606.96
-46.6938 -345.207 2687.42
-21.7708 -725.651 2701.22
-147.162 1.5141 2507.15
-36.8567 -9.91906 2462.09
118.455 -243.251 2492.61
7.24874 -1009.08 2928.17
-82.29 -380.728 2549.55
67.081 -356.993 2640.95
95.2449 -707.98 2757.25
73.4488 -21.3522 2417.04
-13.3315 -180.509 2563.14
FRAME: 155
-16.2435 207.231 2356.22
-199.529 -215.478 2658.63
-50.3598 -1071.35 2816.04
-270.396 -465.284 2570.06
-52.1144 -346.031 2680.45
-28.4926 -730.885 2704.51
-146.035 3.05749 2505.89
-32.3992 -5.07875 2467.26
136.61 -232.462 2507.82
0.62112 -1014.78 2910.69
-73.1897 -385.473 2545.11
68.7174 -354.597 2639.56
88.8386 -701.822 2760.33
81.2362 -13.215 2428.63
-12.0489 -177.696 2563.63
FRAME: 156
-9.80175 225.181 2382.23
-192.48 -214.157 2643.67
-53.2241 -1069.66 2814.41
-240.516 -436.425 2533.77
-54.2066 -349.095 2672.19
-31.6184 -731.476 2702.27
-142.231 9.97369 2506.64
-23.8965 6.29095 2478.46
142.02 -215.88 2534.38
-18.9413 -1016.86 2902.3
-64.093 -385.962 2500.39
69.2787 -352.783 2643.09
81.0428 -697.417 2767.65
94.4378 2.60821 2450.27
-8.1802 -172.324 2568.05
FRAME: 157
-2.61817 234.524 2397.18
-185.887 -214.642 2630.16
-55.5576 -1066.64 2813.33
-225.084 -474.332 2522.96
-54.3518 -348.389 2669.48
-33.8652 -730.828 2699.91
-139.253 16.7012 2508.67
-18.9533 15.5855 2489.68
148.825 -203.412 2550.88
-30.5273 -1021.83 2894.27
-45.6321 -384.854 2514.4
63.7461 -349.274 2650.96
65.7747 -694.588 2770.83
101.346 14.4699 2470.69
-7.12809 -166.623 2574.95
FRAME: 158
3.43174 241.025 2407.17
-180.515 -213.568 2621.02
-57.3493 -1066.19 2813.24
-217.139 -476.654 2539.44
-53.5854 -347.153 2670.33
-36.2725 -730.512 2700.62
-136.637 20.6877 2509.53
-15.7165 22.4309 2499.02
147.494 -203.56 2559.46
-42.7315 -1026.33 2879.42
-34.0097 -397.361 2506.64
61.9065 -345.309 2660.46
54.9182 -695.639 2771.6
105.204 24.1741 2488.51
-5.77795 -161.9 2582.21
FRAME: 159
8.46216 245.237 2418.11
-174.92 -215.536 2610.68
-61.289 -1065 2816.87
-200.825 -482.933 2506.17
-55.0652 -342.288 2673.79
-37.9739 -727.445 2705.04
-133.15 23.4892 2507.32
-11.7497 27.0968 2505.91
149.707 -198.382 2571.9
-44.1458 -1030.99 2858.21
-23.9109 -398.664 2548.31
56.9967 -338.717 2672.76
50.6431 -696.245 2765.35
109.65 30.7045 2504.51
-5.39197 -156.703 2589.59
FRAME: 160
13.1747 248.62 2428.87
-171.12 -217.485 2603.73
-68.7966 -1062.62 2818.01
-187.258 -461.643 2499.2
-62.0903 -337.353 2677.88
-39.3788 -723.79 2706.72
-128.304 25.3992 2506.24
-7.49496 30.3883 2512.68
155.388 -200.634 2589.64
-46.9551 -1029.21 2846.72
-17.5142 -396.893 2528.54
58.1785 -332.193 2684.54
46.7909 -695.68 2770.45
113.314 35.3773 2519.13
-4.72541 -152.192 2596.95
FRAME: 161
19.316 250.392 2441.24
-166.541 -221.76 2599.1
-72.8638 -1067.27 2817.05
-182.452 -481.185 2486.84
-62.2364 -332.699 2677.97
-42.387 -724.375 2708.35
-123.513 25.108 2507.2
-2.76211 31.6177 2521.13
154.31 -203.435 2609.29
-46.2656 -1037.71 2847.99
-13.5289 -387.823 2538.71
56.6973 -326.087 2691.99
46.4608 -692.141 2780.33
117.989 38.1274 2535.05
-2.76583 -148.888 2603.05
FRAME: 162
27.8941 252.621 2455.21
-164.753 -223.266 2598.5
-88.0234 -1064.04 2814.01
-156.908 -457.679 2470.14
-58.3005 -328.925 2678.9
-45.9138 -714.748 2709.72
-116.242 25.3251 2507.8
2.66896 31.6727 2528.05
161.716 -187.902 2630.62
-57.7306 -1043.31 2819.58
-32.1923 -342.876 2535.24
46.662 -323.241 2697.36
42.2656 -686.799 2778.63
121.579 38.0204 2548.3
-1.57513 -147.205 2608.09
FRAME: 163
34.6684 252.821 2468.66
-158.901 -225.199 2597.38
-91.796 -1056.68 2808.46
-156.517 -462.487 2487.31
-60.0796 -325.864 2678.53
-49.2729 -703.99 2708.4
-105.66 25.617 2511.14
7.39972 32.1955 2539.68
161.479 -181.55 2640.59
-64.0399 -1038.51 2796.06
-5.39893 -251.537 2541.62
38.8508 -320.01 2704.22
39.1753 -675.545 2774.62
120.459 38.7739 2568.22
-1.60734 -145.371 2615.53
FRAME: 164
41.4501 254.077 2479.03
-152.924 -220.454 2594.88
-92.7771 -1057.48 2802.73
-150.767 -478.104 2484.77
-63.1116 -319.311 2681.6
-46.282 -700.307 2708.11
-92.8037 28.3303 2519.39
12.5217 34.8801 2553.98
163.294 -174.074 2647.81
-68.9258 -1027 2781.36
12.7223 -142.452 2528.34
35.9484 -312.766 2715.23
33.4615 -664.784 2791.53
117.847 41.4299 2588.56
-0.529936 -140.579 2626.2
FRAME: 165
46.4581 255.242 2484.43
-147.038 -217.76 2592.4
-99.9134 -1041.34 2793.39
-148.551 -464.479 2482.97
-59.4816 -324.909 2687.77
-43.6994 -685.846 2711.31
-87.8157 29.1854 2521.88
11.4805 39.4852 2564.81
156.224 -173.054 2670.95
-64.0966 -1013.69 2777.37
33.4088 -135.16 2542.16
32.1146 -314.807 2729.47
33.3811 -668.326 2782.29
110.777 49.7849 2607.74
-1.10152 -140.186 2636.71
FRAME: 166
59.9916 257.348 2499.42
-139.85 -212.409 2591.45
-107.099 -1024.75 2786.03
-146.287 -454.109 2480.27
-61.2758 -328.722 2691.16
-36.4234 -674.837 2712.24
-77.6351 37.1645 2530.98
16.4135 48.5192 2584.42
152.458 -169.362 2694.8
-63.3723 -1002.15 2773.94
23.0134 -131.344 2545.86
31.6345 -317.131 2744.77
32.8358 -664.806 2795.22
110.462 59.8738 2637.86
0.79645 -137.204 2651.2
FRAME: 167
73.9369 256.521 2515.54
-126.543 -206.098 2593.29
-112.496 -1019.64 2775.39
-160.205 -441.299 2480.82
-61.8815 -324.195 2706.41
-38.8804 -670.554 2699.95
-66.2163 43.1 2548.66
20.004 54.724 2601.7
145.7 -172.654 2713.96
-60.3404 -1008.38 2783.7
5.69977 -209.516 2563.26
33.9013 -311.259 2764.17
35.9028 -667.612 2795.97
106.224 66.348 2654.73
3.00695 -131.501 2668.49
FRAME: 168
82.7888 257.115 2526.18
-118.685 -199.292 2591.34
-116.807 -1010.88 2773.28
-163.848 -442.003 2473.09
-63.8888 -328.094 2713.4
-44.4988 -662.61 2694.18
-57.9727 42.2596 2555.22
22.6172 54.4267 2610.67
144.046 -173.53 2732.9
-59.6353 -1006.45 2789.1
11.9159 -265.954 2603.94
31.6152 -313.287 2780.99
41.0336 -671.032 2801.1
103.207 66.5938 2666.12
3.24019 -133.132 2678.93
FRAME: 169
91.0524 256.627 2537.32
-107.195 -205.87 2600.45
-112.577 -1009.27 2775.63
-174.173 -441.737 2481.67
-70.3385 -329.813 2718.79
-43.5341 -657.959 2700.97
-53.9334 42.0311 2561.55
24.669 51.7789 2617.19
140.992 -175.896 2747.25
-64.8447 -1008.01 2783.91
6.62426 -314.272 2604.81
19.0844 -317.979 2785.47
36.8589 -676.36 2801.12
103.271 61.5267 2672.83
-0.479058 -136.059 2684.66
FRAME: 170
98.319 252.214 2549.29
-115.412 -216.352 2600.95
-109.421 -1007.47 2774.74
-182.147 -430.239 2482.89
-74.2057 -329.613 2721.59
-38.8497 -651.771 2700.02
-50.199 38.5179 2570.23
28.1959 45.5296 2627.49
136.68 -181.632 2768.04
-67.6159 -1008.44 2818.05
11.5207 -319.674 2586.99
10.3534 -321.558 2786.4
30.3445 -681.826 2806.35
106.591 52.5412 2684.75
-1.86511 -140.028 2690.74
FRAME: 171
100.868 250.867 2554.42
-120.908 -224.624 2601.86
-106.646 -1010.84 2772.64
-207.588 -436.668 2424.44
-80.4153 -339.272 2729.13
-34.6512 -652.871 2697.75
-42.9718 33.2015 2574.45
34.1306 38.8934 2634.75
137.599 -185.702 2774.34
-74.5144 -1023.77 2827.06
42.7849 -390.73 2632.62
4.04301 -333.223 2795.94
19.6326 -701.491 2818.43
111.233 44.5853 2695.06
-2.02781 -148.677 2698.65
FRAME: 172
102.398 252.106 2561.25
-122.556 -222.347 2606.8
-107.275 -1019.21 2773.54
-160.639 -469.304 2480.9
-87.7597 -328.407 2752.26
-38.5778 -665.587 2718.61
-35.2538 34.2219 2584.59
40.7293 41.2407 2648.55
138.58 -184.308 2781.65
-55.8285 -927.457 2940.18
43.6033 -374.836 2651.42
-1.15295 -319.854 2827.05
14.3551 -682.948 2821.72
116.713 48.2595 2712.52
-1.86349 -141.445 2719.1
FRAME: 173
105.254 253.373 2569.12
-104.86 -206.968 2618.38
-109.749 -1027.45 2786.77
-124.087 -476.183 2506.22
-95.7836 -324.104 2747.87
-35.9519 -672.391 2715.41
-27.1727 32.3237 2578.57
43.4546 43.6657 2650.04
133.77 -178.842 2794.07
-53.4625 -979.3 3051.15
49.5368 -380.81 2665.73
-2.71404 -307.178 2845.17
15.2466 -694.027 2858.29
114.082 55.0078 2721.51
-2.8971 -135.988 2723.28
FRAME: 174
107.418 256.834 2577.36
-120.17 -211.609 2605.39
-107.366 -1031.03 2786.3
-124.778 -486.945 2512.73
-103.302 -315.844 2753.26
-34.8355 -676.051 2723.37
-29.955 34.2851 2582.3
41.6783 45.9996 2654.72
132.175 -177.027 2801.63
-52.1241 -963.47 3037.95
50.9479 -377.131 2664.36
-3.01677 -298.461 2856.81
22.5464 -686.512 2895.52
113.312 57.7141 2727.13
-5.74059 -130.577 2729.88
FRAME: 175
110.871 259.533 2591.51
-124.844 -212.83 2596.96
-109.055 -1032.15 2788
-147.714 -428.529 2436.22
-106.299 -314.697 2746.75
-34.5885 -678.677 2725.5
-27.1972 34.7792 2582
41.6808 46.2797 2656.62
125.777 -175.112 2809.08
-54.1535 -971.258 3009.25
30.0434 -373.832 2636.37
-6.5012 -297.625 2855.98
30.9008 -689.91 2909.67
110.559 57.7803 2731.25
-7.35971 -129.941 2729
FRAME: 176
112.985 261.981 2600.2
-131.043 -210.923 2609.71
-109.524 -1036.56 2792.09
-123.954 -456.259 2500.1
-107.938 -307.678 2741.97
-33.9153 -682.327 2726.94
-25.4049 32.4369 2584.2
41.4984 44.3504 2661.71
123.571 -177.968 2806.92
-60.3223 -972.77 2997.93
16.2371 -389.033 2637.97
-7.75293 -289.753 2858.32
22.8798 -671.977 2893.82
108.402 56.2639 2739.21
-8.17353 -127.183 2730.92
FRAME: 177
114.811 264.667 2611.61
-123.13 -212.678 2616.01
-113.941 -1041.16 2794.5
-94.0304 -466.997 2570.32
-91.7803 -306.797 2747.32
-37.6336 -685.682 2732.58
-20.1754 27.6897 2586.1
42.191 44.4077 2667.19
118.195 -180.956 2802.77
-50.263 -972.212 3007.74
8.38243 -384.248 2635.44
-1.99261 -282.653 2864.44
24.0909 -661.116 2881.88
104.557 61.1256 2748.29
-2.34774 -125.159 2736.54
FRAME: 178
117.131 267.572 2618.42
-122.507 -212.21 2621.57
-114.658 -1045.58 2798.98
-69.8624 -470.401 2648.91
-87.3212 -303.486 2751.66
-36.4984 -686.578 2738.62
-19.574 26.2464 2588.82
42.4165 43.8495 2672.92
114.475 -179.887 2797.88
-54.3373 -973.568 3011.93
4.12105 -391.793 2636.44
-3.71226 -279.708 2865.08
26.5601 -653.796 2876.81
104.407 61.4526 2757.03
-1.55013 -123.874 2740.65
FRAME: 179
120.124 269.072 2624.4
-124.931 -210.558 2609.21
-113.67 -1047.17 2802.29
-78.6945 -476.111 2620.33
-89.9123 -306.572 2751.96
-34.102 -687.785 2740.42
-19.4968 26.2903 2590.64
43.631 42.7881 2676.61
110.792 -186.54 2801.11
-52.8578 -982.971 3032.52
52.9628 -383.259 2624.41
-5.83564 -284.598 2866.53
23.3226 -663.208 2877
106.759 59.2859 2762.58
-2.12148 -126.399 2742.93
FRAME: 180
123.863 270.627 2632.06
-119.823 -204.532 2581.4
-115.491 -1051.73 2807.2
-130.496 -430.807 2488.01
-87.6248 -307.118 2749.93
-35.9701 -691.147 2737.76
-18.3141 23.9766 2595.89
45.6926 38.8522 2688.13
100.269 -202.18 2819.76
-53.6767 -980.47 3039.25
5.34264 -379.953 2619.52
-7.41885 -288.483 2865.45
20.623 -671.038 2877.57
109.699 53.7278 2780.36
-0.914607 -129.474 2747.91
FRAME: 181
128.937 269.989 2643.82
-117.837 -200.341 2579.84
-116.048 -1052.39 2806.95
-171.881 -382.225 2382.73
-82.1847 -302.912 2750.54
-41.5275 -688.711 2739.41
-12.6978 29.5612 2606.87
47.3989 42.7252 2703.82
100.812 -200.649 2833.18
-67.4651 -998.042 2905.92
51.3129 -372.015 2641.86
-11.0147 -285.695 2866.31
-1.34829 -663.157 2864.41
107.496 55.8891 2800.77
0.399603 -125.789 2756.12
FRAME: 182
133.618 267.63 2660.19
-114.321 -195.266 2583.76
-115.79 -1054.62 2806.09
-174.254 -391.312 2403.16
-77.0426 -302.52 2752.58
-43.4614 -690.641 2739.06
-3.95544 31.2222 2613.58
50.1564 44.696 2710.47
96.4162 -190.133 2871.09
-84.1759 -996.737 2850.57
67.3635 -335.47 2675.6
-11.8392 -284.865 2869.76
-13.0677 -652.502 2846.12
104.268 58.1698 2807.36
2.85773 -124.498 2760.82
FRAME: 183
134.848 266.724 2672.07
-112.569 -195.614 2583.2
-111.859 -1057.9 2803.75
-145.572 -401.183 2431.09
-72.1312 -305.585 2751.37
-42.7359 -695.315 2736.39
-1.01813 34.8993 2618.62
49.2306 48.1551 2725.73
89.6715 -183.638 2891.16
-95.8536 -1005.77 2868.6
94.6905 -345.222 2758.92
-14.812 -289.673 2873.62
-13.8448 -665.295 2879.65
99.4794 61.4109 2832.83
2.87953 -124.737 2769.11
FRAME: 184
134.661 266.546 2678.14
-109.113 -191.77 2580.39
-110.001 -1063.9 2803.86
-123.615 -393.001 2421.87
-69.8853 -309.013 2748.78
-41.3589 -698.688 2736.27
2.52236 40.0549 2622.49
48.0798 53.1104 2734.76
67.4175 -158.219 2922.78
-97.9665 -1016.59 2868.53
123.674 -381.538 2834.62
-17.7059 -293.336 2877.95
-19.6547 -668.753 2885.86
93.6373 66.1658 2847.02
2.14209 -124.032 2774.06
FRAME: 185
134.721 265.981 2684.16
-105.023 -196.746 2577.11
-108.007 -1066.6 2806.12
-96.6203 -406.798 2429
-66.7908 -315.618 2746.05
-40.1304 -701.4 2735.82
5.90653 40.7473 2624.93
46.389 54.0711 2741.72
46.9128 -151.738 2949.89
-98.4977 -1029.34 2888.8
123.385 -393.467 2924.79
-20.0547 -299.385 2882.17
-13.7865 -682.756 2918.15
86.8715 67.3949 2858.52
1.48313 -126.715 2777.92
FRAME: 186
134.825 266.271 2688.63
-95.8472 -204.258 2570.12
-108.992 -1073.42 2807.03
-68.6981 -445.828 2497.13
-66.9269 -322.7 2741.68
-41.4749 -709.471 2737.65
7.04547 37.7878 2625.12
45.3939 50.6936 2742.85
16.171 -142.847 2987.37
-88.3149 -1026.21 2942.97
41.045 -336.554 3172.8
-21.2235 -306.634 2882.84
-12.1865 -691.634 2930.25
83.7423 63.5995 2860.59
0.659339 -131.987 2777.56
FRAME: 187
135.992 267.24 2692.78
-91.349 -202.623 2567.04
-108.91 -1074.96 2805.86
-26.4335 -410.813 2456.67
-65.8688 -323.934 2736.93
-43.3477 -713.934 2733.03
8.00076 36.7925 2623.64
43.6453 50.1477 2743.31
13.2879 -141.32 2989.21
-82.8403 -1031.23 2955.24
34.4043 -340.468 3152.82
-22.4083 -307.05 2883.92
-5.88811 -691.815 2965.3
79.2898 63.503 2862.97
-0.24663 -132.672 2776.86
FRAME: 188
136.34 270.494 2698.99
-83.1616 -202.213 2565.18
-106.354 -1078.93 2803.04
11.3716 -414.925 2446.53
-62.4241 -329.796 2727.59
-43.5169 -718.564 2728.8
12.9947 37.1463 2623.85
43.4075 49.4992 2745.28
5.86612 -144.07 2995.33
-85.9792 -1032.95 2950.07
27.007 -348.173 3164.75
-23.9214 -313.822 2882
-4.43778 -695.639 2979.76
73.8204 61.8521 2866.7
0.117388 -136.155 2775.04
FRAME: 189
135.847 273.274 2704.98
-73.7672 -199.5 2557.9
-104.941 -1083.5 2799.96
35.1399 -411.51 2443.25
-57.8098 -333.216 2715.76
-38.3435 -726.108 2721.53
19.4994 38.1888 2622.09
44.4474 49.2249 2745.46
-2.73934 -147.84 3000.01
-86.108 -1026.7 2919.49
32.7484 -349.576 3164.44
-25.2172 -318.69 2877.02
-1.88456 -696.475 2980.74
69.3953 60.261 2868.84
1.46695 -138.364 2770.93
FRAME: 190
134.355 275.199 2710.07
-58.3793 -207.435 2555.2
-103.435 -1083.83 2796.69
62.8974 -409.869 2448.68
-55.0029 -335.12 2708.81
-33.4103 -727.53 2717.39
21.4451 35.937 2619.79
41.8422 47.1978 2745.71
-7.3298 -149.923 2994.51
-81.0378 -1042.33 2899.57
20.0224 -357.836 3151.11
-27.8842 -320.013 2876.47
-7.25238 -700.196 2971.95
62.2394 58.4586 2871.63
0.199358 -140.184 2769.18
FRAME: 191
132.608 277.405 2715.1
-46.0771 -209.319 2544.02
-99.2763 -1083.21 2795.98
89.491 -407.966 2462.42
-49.0197 -336.705 2701.16
-23.0484 -729.599 2713.6
27.3608 34.5048 2614.2
42.5136 46.8603 2743.11
-11.1775 -149.609 2991.11
-77.7895 -1042.53 2875.22
22.9943 -353.896 3148.61
-28.3305 -319.739 2876.06
-7.31785 -702.566 2973.15
57.6664 59.2157 2872.03
1.91925 -140.681 2765.86
FRAME: 192
127.831 281.184 2721.76
-39.3676 -209.198 2541.42
-94.3559 -1085.7 2792.06
102.529 -406.757 2459.67
-45.5909 -338.615 2697.32
-13.3081 -734.643 2709.97
28.2656 34.3343 2613.35
40.5978 46.9833 2742.69
-20.6843 -148.971 2989.38
-72.4431 -1050.41 2870.49
24.9838 -352.329 3141.55
-28.4438 -320.927 2876.57
-7.27787 -704.993 2973.01
52.93 59.6323 2872.04
1.79021 -141.394 2764.82
FRAME: 193
102.113 287.606 2742.22
-24.9718 -200.689 2543.92
-90.7359 -1087.55 2792.08
110.375 -415.861 2471.51
-40.4255 -339.342 2693.85
-7.25395 -736.171 2709.04
30.3548 36.3522 2613.85
38.7235 48.9805 2743.28
-22.1329 -143.342 2982.3
-58.4352 -1052.83 2879.25
26.569 -351.683 3123.89
-28.6009 -321.472 2875.88
-7.07384 -706.765 2970.62
47.0923 61.6087 2872.71
2.10519 -140.713 2764.07
FRAME: 194
88.087 293.379 2751.06
-7.9727 -194.362 2545.74
-90.1944 -1088.81 2792.49
126.446 -405.346 2465.16
-33.1525 -338.349 2690.77
0.30356 -737.322 2708.68
35.1314 40.828 2615.17
38.9159 53.087 2744.1
-18.7571 -140.07 2956.9
-57.6004 -1065.97 2884.53
36.4323 -355.1 3058.63
-27.7965 -320.827 2874
-5.14967 -708.792 2966.12
42.7004 65.346 2873.03
4.2207 -138.25 2763.25
FRAME: 195
79.3201 299.096 2753.43
7.60584 -188.147 2547.58
-86.958 -1090.05 2790.4
165.084 -389.334 2442.06
-26.5926 -336.598 2687.49
9.44798 -737.766 2704.63
38.4708 46.3291 2615.8
38.5896 58.143 2744.55
-21.2553 -137.077 2960.51
-55.5876 -1067.36 2899.22
41.215 -351.78 3054.26
-26.4972 -319.57 2872.4
-3.09387 -710.398 2974.64
38.7084 69.9569 2873.31
6.02237 -134.97 2762.25
FRAME: 196
73.5711 303.212 2754.24
25.565 -180.664 2543.52
-79.9509 -1090.56 2786.15
192.434 -369.854 2428.3
-21.325 -334.743 2686.75
17.9303 -737.161 2701.58
39.7607 52.9577 2615.94
36.7085 64.7197 2744.8
-21.441 -132.89 2958.17
-48.1314 -1059.45 2921.18
48.4607 -346.968 3048.69
-25.7215 -317.863 2871.3
-3.19401 -710.386 2972.92
33.6563 76.4817 2873.67
6.5926 -130.792 2761.91
FRAME: 197
67.6286 308.024 2755.3
40.4314 -177.108 2541.7
-74.0394 -1094.56 2783.65
220.865 -340.467 2394.73
-17.1519 -333.122 2686.34
24.8162 -737.623 2698.78
39.8547 62.3248 2617.46
34.4161 73.5012 2746.19
-26.3881 -119.253 2962.36
-43.5576 -1057.31 2939.22
42.1873 -306.607 3066.38
-24.9379 -317.086 2870.54
-1.90841 -710.51 2971.93
28.9776 84.6777 2874.92
6.68561 -125.801 2762.32
FRAME: 198
64.7667 310.132 2753.98
50.7886 -174.628 2536.59
-71.9729 -1095.09 2777.67
229.734 -335.947 2389.24
-13.4404 -332.91 2685.52
34.1868 -738.343 2691.89
39.3219 65.7968 2615.77
31.7039 77.1161 2745.58
-62.6846 -71.583 2996.3
-42.1443 -1061.85 2959.57
13.595 -269.163 3139.96
-24.2182 -316.791 2869.8
0.446733 -710.523 2970.79
24.0859 88.4353 2875.38
6.43729 -123.867 2761.62
FRAME: 199
62.1594 311.874 2752.46
55.3854 -170.591 2530.31
-65.7052 -1093.51 2770.97
232.962 -341.696 2414.68
-6.91185 -331.713 2684.87
43.4406 -738.703 2685.96
38.8297 70.0402 2612.44
26.8969 81.9493 2743.63
-101.505 -5.73448 3027.71
-37.0144 -1063.09 2974.47
-22.4063 -184.881 3170.83
-23.5665 -314.964 2868.78
1.54246 -708.112 2970.72
14.9641 93.8585 2874.82
5.82887 -120.694 2760.23
FRAME: 200
58.0133 314.007 2750.05
60.5472 -164.397 2519.98
-68.7055 -1085.26 2768.37
224.673 -341.447 2423.13
-2.90898 -327.437 2680.9
53.1286 -734.208 2677.73
37.8972 77.1589 2613.17
23.2644 86.7103 2743.43
-132.775 68.4907 3034.82
-39.3133 -1064 2974.34
-43.9456 -114.511 3172.35
-22.9991 -313.191 2859.14
3.25773 -711.328 2969.26
8.6317 96.2617 2873.69
5.15521 -116.802 2756.72
FRAME: 201
54.4577 314.7 2747.71
51.8797 -147.603 2539.56
-71.3765 -1086.51 2778.25
198.468 -307.302 2459.27
-2.35102 -327.132 2688.02
50.9318 -735.079 2687.67
32.9582 75.9659 2619.87
21.3345 84.9712 2740.48
-149.333 96.0202 3051.64
-31.0466 -1065.68 2986.75
-134.005 46.6052 3242.92
-17.8669 -314.525 2851.67
8.79136 -710.494 2959.4
9.71084 93.9764 2861.08
5.61277 -117.929 2755.16
FRAME: 202
48.2528 313.109 2741.13
51.9163 -147.171 2539.47
-68.9671 -1085.07 2780.92
194.346 -305.941 2451.4
1.09941 -326.822 2685.97
54.772 -736.395 2686.58
32.1497 74.845 2614.48
17.8971 84.5459 2735.06
-149.69 134.906 3035.31
-30.4332 -1064.5 2972.17
-163.841 154.515 3277.74
-17.7834 -313.477 2848.07
9.97685 -709.16 2956.28
3.64444 94.2467 2855.64
4.77754 -117.802 2751.04
FRAME: 203
43.2677 311.312 2734.97
50.7309 -147.039 2534.61
-67.1173 -1081.89 2780.62
185.501 -296.165 2448.3
3.54611 -326.514 2685.8
58.4165 -736.461 2685.08
31.2324 72.2907 2608.24
15.1154 82.9499 2728.36
-135.768 113.402 3020.79
-32.5958 -1058.38 2963.37
-131.485 123.459 3220.8
-17.2944 -312.303 2842.88
9.56369 -706.67 2952.38
-1.00155 93.6092 2848.48
4.12063 -118.229 2746.35
FRAME: 204
40.8571 309.403 2725.78
64.0012 -168.679 2493.02
-59.1487 -1085.57 2762.99
216.275 -323.334 2376.47
7.73386 -329.735 2672.76
63.4016 -739.598 2672.41
33.9088 70.6279 2583.29
12.5131 85.0053 2720.98
-154.143 133.158 3036.44
-36.7607 -1057.69 2998.36
-174.231 191.586 3194.35
-19.3915 -311.121 2848.81
7.69537 -705.354 2959.51
-8.88262 99.3828 2858.67
3.34213 -117.711 2740.89
FRAME: 205
37.7007 307.219 2712.74
58.8623 -158.365 2512.61
-59.6402 -1086.05 2766.78
209.566 -310.388 2338.62
7.01614 -325.581 2672.64
64.0765 -737.194 2670.04
32.825 72.531 2599.75
9.649 85.3814 2717.19
-140.401 134.617 2994.7
-34.84 -1060.66 3003.43
-197.597 221.892 3156.84
-20.1384 -309.352 2824.7
7.14676 -707.728 2918.77
-13.527 98.2318 2834.64
1.54394 -116.043 2732.93
FRAME: 206
31.8328 305.542 2699.13
59.5102 -170.863 2494.16
-64.3748 -1091.18 2759.28
200.007 -316.427 2312.92
7.93803 -328.372 2669
64.6186 -740.924 2664.79
30.0963 69.9268 2582.02
8.16458 84.8255 2707.66
-102.522 123.45 2978.72
-33.0814 -1069.12 3004.73
-112.072 125.499 3126.82
-17.3886 -309.966 2827.15
11.9842 -706.833 2919.35
-13.7671 99.7242 2833.3
1.71965 -117.172 2727.86
FRAME: 207
22.3745 299.635 2671.99
39.8116 -149.894 2499.22
-67.4619 -1092.63 2760.81
156.388 -303.482 2321.44
10.6854 -327.717 2662.26
65.1125 -744.884 2665.68
22.3728 69.1191 2581.6
3.95934 80.96 2695.92
-55.7426 19.4044 2920.07
-31.7304 -1071.78 3005.18
-15.8834 -57.4407 3036.25
-11.7635 -312.326 2812.56
17.842 -709.23 2886.44
-14.4542 92.8008 2810.25
1.71014 -119.531 2716.67
FRAME: 208
13.9364 293.586 2654.39
31.7558 -159.226 2479.91
-70.1549 -1099.87 2755.92
140.239 -320.528 2304.1
12.7443 -331.551 2645.87
63.0287 -747.376 2657.21
16.3405 58.0173 2545.48
0.865759 73.1252 2681.03
-45.9263 -26.0893 2935.05
-21.9273 -1078.66 2966.25
45.699 -193.216 2963.01
-6.16373 -312.655 2811.74
23.6662 -712.147 2868.06
-14.609 88.233 2816.58
2.07801 -124.489 2704.91
FRAME: 209
7.59561 289.502 2631.9
28.3793 -189.651 2447.87
-76.2848 -1114.86 2745.72
127.203 -364.505 2256.74
13.019 -338.362 2630.77
62.1066 -754.217 2645.38
9.95935 48.4357 2517.24
-3.29293 67.5353 2672.23
-45.2755 -65.5338 2947.06
-20.8329 -1079.16 2965.17
50.3575 -214.984 2986.07
-2.99056 -315.119 2812.26
26.2466 -715.787 2840.04
-16.5452 86.6349 2827.22
0.860656 -129.603 2696.87
FRAME: 210
1.23273 284.994 2619.64
0.971124 -188.159 2432.58
-81.1468 -1110.5 2748.22
84.851 -384.198 2253.39
10.5564 -339.339 2625.78
44.847 -757.677 2632.95
-3.24327 44.7382 2509.18
-7.55478 63.706 2656.33
-36.1781 -87.3222 2922.46
-10.2099 -1074.05 2844.43
46.3283 -231.501 2955.94
3.94505 -315.551 2789.62
29.2504 -712.299 2826.68
-11.8663 82.6738 2803.48
-0.152036 -131.869 2682.01
FRAME: 211
-5.13933 286.595 2615.52
-17.5121 -184.329 2432.31
-78.5225 -1108.38 2750.57
34.0924 -396.321 2255.49
8.30723 -337.923 2623.51
43.3149 -754.45 2631.86
-9.83043 44.5034 2504.53
-9.54843 66.4011 2648.42
-44.2679 -78.1854 2935.42
-9.62167 -1064.24 2847.54
54.0359 -250.539 2992.85
7.20779 -310.675 2793.27
31.5357 -711.175 2819.55
-9.26643 88.2989 2792.32
-0.895463 -128.949 2678.41
FRAME: 212
-13.5392 285.265 2600.46
-43.9646 -186.696 2448.7
-71.723 -1111.96 2742.84
-27.1044 -396.6 2248.3
-1.06221 -334.143 2631.89
32.3055 -753.352 2634.72
-28.3571 51.3474 2506.73
-12.982 74.4128 2633.9
-28.8662 -56.1415 2918.74
-3.28521 -1057.13 2866.07
50.1158 -178.038 2958.89
14.6273 -305.298 2775.88
48.6406 -709.561 2773.96
2.39304 97.4782 2761.06
-3.09974 -122.654 2668.89
FRAME: 213
-24.4748 287.215 2574.19
-75.0095 -175.424 2472.43
-63.9291 -1090.62 2738.06
-110.129 -392.441 2260.72
-1.48959 -325.485 2625.36
33.1899 -740.775 2627.54
-50.6964 61.9428 2503.14
-10.5761 85.5926 2602.83
69.5041 93.3094 2777.77
-2.3794 -1053.22 2907.41
76.4891 116.458 2828.08
41.6287 -296.865 2740.27
88.5431 -693.854 2801.18
29.5443 109.242 2702.52
4.74675 -112.791 2642.82
FRAME: 214
-37.8227 290.956 2543.29
-113.412 -167.708 2493.61
-60.3365 -1067.13 2744.27
-175.914 -394.819 2282.79
-19.2848 -318.702 2618.24
24.6216 -721.474 2625.76
-84.3497 84.2319 2510.44
-20.4727 104.105 2583.38
170.702 213.153 2575.93
-14.7649 -1064.54 2859.57
87.6778 378.142 2601
54.0367 -295.037 2701.84
90.6913 -696.862 2790.5
43.4043 123.978 2656.33
-1.5484 -101.382 2621.71
FRAME: 215
-49.0926 285.46 2516.66
-146.895 -167.206 2515.35
-62.191 -1053.11 2753.61
-250.064 -379.438 2327.04
-30.1776 -317.669 2623.37
10.3107 -707.684 2635.46
-108.82 83.2838 2517.4
-27.1462 103.702 2572.57
195.006 204.207 2449.74
-6.15135 -1065.39 2882.51
103.107 403.54 2473.71
65.6432 -293.804 2688.18
105.227 -699.861 2794.68
54.5278 124.121 2627.74
-4.7067 -101.017 2614.17
FRAME: 216
-60.5841 283.513 2492.26
-187.749 -176.683 2546.75
-63.2438 -1042.91 2777.9
-360.105 -378.328 2418.81
-38.557 -314.994 2640.27
-4.46163 -699.692 2660.62
-127.723 73.0716 2516
-27.9573 94.4363 2551.91
144.805 84.3996 2324.15
14.1225 -1046.3 2915.5
93.8598 253.165 2213.95
74.2239 -290.872 2681.1
119.058 -692.198 2797.21
71.8082 115.801 2587.82
-5.0619 -104.248 2606.3
FRAME: 217
-72.7957 269.587 2474.38
-204.357 -185.412 2577.65
-59.2771 -1035.11 2789.65
-379.642 -393.955 2487.49
-41.8605 -321.18 2670.28
-11.4872 -693.249 2672.17
-133.765 57.38 2524.14
-32.1564 77.999 2543.73
133.664 57.0775 2313.94
19.9258 -1046.24 2923.11
71.7262 135.955 2084.84
82.4409 -295.996 2693.81
124.429 -691.531 2804.36
69.4528 98.618 2563.32
-5.93308 -115.295 2612.89
FRAME: 218
-79.5425 258.038 2460.98
-214.396 -197.744 2610.25
-51.367 -1036.57 2802.42
-396.196 -408.533 2551.99
-44.2749 -328.293 2687.69
-15.4543 -704.466 2687.55
-138.377 43.2043 2534.43
-34.8332 64.1038 2549.26
103.995 15.4586 2333.32
20.5185 -1035.25 2945.89
42.2455 130.568 2220.02
86.1336 -301.926 2706.09
122.082 -692.134 2810.3
68.7108 85.0033 2564.09
-6.9519 -125.503 2623.08
FRAME: 219
-82.6005 251.016 2453.1
-222.083 -190.363 2616.83
-49.1521 -1032.31 2817.26
-402.201 -403.724 2570.78
-48.6645 -312.316 2723.63
-23.5615 -692.304 2703.41
-152.339 48.7449 2535.52
-51.3833 54.2454 2510.89
82.9086 -113.102 2324.91
25.8259 -1037.66 2948.49
16.3029 -48.6479 2172.55
83.1303 -305.256 2693.37
120.274 -693.394 2803.56
49.5729 59.746 2486.25
-17.0752 -127.27 2609.69
FRAME: 220
-83.2641 235.247 2427.94
-226.255 -196.21 2637.61
-41.3555 -1034.25 2822.04
-397.84 -413.976 2656.91
-43.0237 -308.549 2725.6
-24.6273 -687.473 2704.73
-158.118 36.8304 2543.27
-59.2166 35.2474 2500.07
69.4531 -189.703 2367.94
43.5126 -1033.24 2965
-86.7758 -407.24 2258.3
86.805 -311.173 2669.26
114.008 -692.685 2805.59
39.6843 33.6644 2456.88
-18.663 -137.307 2598.75
FRAME: 221
-83.6848 223.332 2408.61
-227.798 -197.773 2656.07
-35.9532 -1040.98 2825.11
-399.42 -422.698 2704.03
-38.024 -306.445 2726.34
-21.8512 -691.262 2707.77
-161.72 26.9131 2546.78
-62.7713 22.8355 2496.57
61.8671 -214.049 2396.94
38.294 -1030.27 2961.43
-97.694 -433.12 2334.76
86.6423 -312.003 2662.87
110.951 -686.378 2806.69
36.1771 18.7579 2446.36
-19.231 -143.194 2595.59
FRAME: 222
-83.3671 212.766 2396.26
-226.209 -199.716 2672.77
-31.8386 -1051.8 2825.49
-398.326 -426.656 2723.67
-37.529 -304.808 2732.97
-17.7556 -695.746 2707.53
-169.325 19.7412 2548.55
-70.2996 11.8055 2492.33
50.6804 -232.642 2406.83
36.8694 -1030.88 2962.11
-110.875 -445.398 2405.22
80.9779 -314.602 2665.45
110.707 -687.157 2815.95
28.7262 3.86974 2436.12
-24.2876 -148.95 2595.77
FRAME: 223
-82.407 202.447 2384.86
-218.195 -186.685 2696.57
-32.3289 -1050.76 2821.35
-395.262 -425.654 2750.07
-44.2904 -301.402 2742.36
-17.0404 -696.24 2700.18
-164.672 19.0832 2548.3
-70.8236 4.72953 2490.21
44.7948 -249.891 2424.78
40.6616 -1024 2971.7
-116.522 -444.464 2443.13
73.2563 -319.669 2669.64
115.388 -681.332 2823.82
23.0247 -9.62414 2432.11
-28.1703 -152.903 2598.1
FRAME: 224
-81.0485 190.801 2371.12
-217.365 -190.428 2707.94
-33.9905 -1052.87 2818.93
-381.28 -424.152 2769.08
-43.2749 -301.02 2747.53
-14.9108 -699.058 2698.16
-167.051 9.12015 2549.96
-74.3172 -10.0262 2486.76
42.365 -260.056 2434.43
44.0728 -1015.5 2987.62
-105.41 -426.49 2483.51
71.762 -324.974 2669.2
116.087 -680.326 2824.64
18.4162 -29.1726 2423.55
-30.0368 -161.512 2597.56
FRAME: 225
-80.311 179.898 2361.4
-215.147 -191.944 2715.85
-34.9107 -1053.26 2818.09
-373.483 -425.834 2784.67
-45.1451 -305.61 2750.51
-15.3712 -700.583 2700.22
-170.925 3.42962 2551.3
-77.167 -18.2694 2485.01
45.2994 -264.278 2441.13
46.9164 -1017.7 2992.65
-124.057 -435.335 2519.71
70.0896 -332.505 2669.03
118.329 -685.665 2825.52
16.5908 -39.9684 2418.72
-32.3474 -168.663 2597.39
FRAME: 226
-79.1393 171.524 2353.07
-212.982 -194.603 2725.61
-33.3547 -1057.65 2821.04
-357.018 -430.995 2793.72
-42.1023 -310.685 2753.08
-16.6617 -709.72 2706.03
-172.519 1.49296 2554.63
-78.2513 -21.4723 2485.55
41.703 -272.472 2444.46
46.1063 -1013.92 2996.53
-120.799 -422.857 2540.31
70.339 -338.168 2670.74
114.658 -687.98 2826.13
16.0163 -44.4376 2416.46
-32.0665 -172.95 2598.73
FRAME: 227
-78.1636 164.879 2344.78
-207.425 -193.429 2733.97
-34.7078 -1060.24 2820.56
-331.034 -432.935 2774.45
-42.7225 -310.814 2755.63
-18.2269 -711.458 2704.62
-171.934 -0.900802 2556.06
-78.7418 -27.1474 2485.09
40.8507 -279.109 2443.73
48.591 -1011.25 3010.58
-118.419 -413.844 2558.5
66.2836 -341.484 2672.76
114.766 -690.549 2825.68
14.4501 -53.394 2414.11
-33.4806 -176.648 2599.64
FRAME: 228
-77.042 163.319 2338.63
-206.877 -191.292 2734.45
-34.3222 -1067.28 2825.85
-322.984 -428.854 2768.91
-36.622 -314.653 2753.04
-18.2903 -715.934 2709.1
-170.492 0.121219 2556.74
-77.0863 -26.5485 2484.06
44.3648 -280.388 2444.89
47.541 -1017.18 3021.16
-95.5667 -358.779 2537.65
66.2461 -344.422 2672.88
117.297 -701.67 2823.62
16.319 -53.2181 2411.38
-31.1371 -178.043 2598.51
FRAME: 229
-75.6286 163.26 2337.26
-207.136 -187.386 2729.44
-32.587 -1065.81 2830.82
-309.986 -428.297 2745.49
-37.2028 -315.107 2745.45
-16.4761 -713.583 2712.85
-171.144 -1.74255 2552.91
-75.705 -25.3183 2481.69
86.363 -260.722 2474.04
44.5486 -1016.99 3016.27
16.5898 -397.57 2631.9
69.764 -341.583 2665.63
115.767 -707.799 2809.54
19.7342 -48.8941 2410.48
-29.7122 -176.832 2593.62
FRAME: 230
-74.5288 165.996 2336.9
-204.805 -182.415 2728.49
-33.4031 -1064.62 2834.22
-303.333 -422.3 2724.58
-40.0353 -317.076 2738.8
-16.3805 -717.948 2718.17
-172.185 0.731077 2549.01
-74.047 -20.336 2479.53
92.1835 -253.122 2476.45
42.5331 -1008.43 3014.24
14.487 -395.603 2613.52
70.9334 -340.921 2660.12
114.385 -706.168 2795.2
24.0912 -41.4032 2410.05
-29.299 -174.667 2589.5
FRAME: 231
-73.1564 168.614 2339.15
-207.256 -186.088 2722.68
-36.0974 -1067.99 2837.81
-304.33 -427.967 2720.21
-41.1975 -315.663 2730.63
-18.5327 -718.721 2722.42
-173.267 -2.33102 2546.75
-72.6845 -18.733 2478.9
105.546 -244.297 2480.75
40.4884 -1008.14 3010.06
64.7068 -391.638 2614.48
80.0632 -335.418 2648.55
111.99 -701.726 2784.25
27.8975 -35.1349 2411.06
-26.6258 -172.137 2584.25
FRAME: 232
-69.197 175.427 2343.2
-208.462 -186.701 2719.44
-34.5216 -1069.35 2839.95
-298.952 -418.475 2704.84
-41.0386 -316.874 2727.53
-17.5538 -718.04 2725
-173.904 -1.55864 2545.14
-71.8596 -16.6706 2478.88
129.37 -230.709 2489.14
42.0262 -1000.56 2997.19
51.5665 -395.227 2608.71
78.271 -334.403 2649.93
112.185 -698.767 2778.78
30.1846 -31.7825 2412.61
-26.6217 -171.155 2583.8
FRAME: 233
-65.0168 183.96 2348.68
-208.522 -187.452 2718
-34.991 -1066.94 2842.83
-287.004 -398.917 2693.77
-43.9156 -316.068 2719.56
-18.2614 -717.523 2728.76
-175.404 3.46899 2543.92
-70.4186 -9.38085 2478.95
137.387 -220.832 2493.24
39.262 -997.746 2999.92
93.4246 -394.406 2610.45
77.3381 -330.84 2644.47
111.931 -696.774 2774.25
34.5664 -22.2307 2413.97
-26.8537 -166.417 2580.48
FRAME: 234
-58.977 193.859 2357.65
-208.247 -182.736 2713.85
-37.9333 -1064.65 2840.27
-290.235 -416.295 2656.81
-46.9027 -319.448 2717.68
-20.3037 -719.241 2727.08
-173.969 8.12502 2543.67
-67.3128 -3.32156 2481.85
140.46 -221.728 2495.57
40.1669 -993.186 3001.08
85.8752 -384.717 2615.41
75.2894 -332.475 2646.97
111.515 -695.144 2776.33
39.3439 -14.7681 2420.04
-26.5597 -164.642 2582.09
FRAME: 235
-54.1169 202.983 2365.04
-208.901 -182.958 2710.45
-38.0926 -1065.34 2839.68
-285.618 -430.446 2646.68
-50.1376 -322.105 2713.42
-23.5503 -719.607 2726.07
-173.67 12.2453 2542.89
-64.1246 4.1044 2485.27
142.967 -220.133 2499.79
40.6116 -995.911 3001.03
116.97 -398.082 2618.97
77.396 -331.501 2646.44
111.737 -699.163 2773.53
45.4211 -4.03648 2427.65
-25.2477 -161.349 2582.6
FRAME: 236
-47.8234 213.397 2373.24
-210.723 -186.711 2703.3
-38.293 -1064.14 2842.1
-267.073 -431.266 2623.21
-53.3436 -323.684 2707.97
-26.1498 -719.175 2727.03
-171.972 14.2889 2540.64
-61.1881 7.64156 2485.91
145.58 -213.024 2504.1
39.459 -1002.73 2996.03
120.441 -407.327 2609.41
78.0687 -331.517 2643.1
110.957 -703.591 2757.91
49.5961 0.994251 2431.18
-24.4128 -159.979 2580.72
FRAME: 237
-43.0907 223.171 2382.47
-209.549 -188.465 2691.49
-39.7667 -1065.97 2840
-263.915 -441.724 2604.96
-56.867 -329.461 2697.79
-29.2976 -721.416 2725.87
-167.142 19.1068 2538.59
-51.6418 17.0191 2493.05
141.657 -203.553 2524.66
40.8778 -999.592 2994.88
147.585 -413.697 2626.41
81.1156 -331.914 2643.45
111.361 -710.055 2755.55
63.8581 14.9314 2447.52
-19.7588 -156.834 2581.84
FRAME: 238
-37.7666 231.646 2391.92
-209.932 -190.718 2682.42
-40.2872 -1069.68 2842.49
-263.117 -436.803 2594.43
-59.8414 -330.298 2692.5
-33.7147 -722.473 2726.04
-166.46 21.1118 2537.18
-49.6706 20.7192 2494.78
152.406 -199.189 2541.43
41.3578 -997.659 2993.07
144.619 -415.943 2624.96
83.2628 -330.758 2640.58
109.819 -707.54 2744.91
67.1189 20.3266 2452.38
-18.9799 -154.904 2580.66
FRAME: 239
-32.9267 242.14 2401.98
-207.494 -187.12 2674.37
-41.6002 -1067.48 2841.04
-252.225 -439.348 2569.88
-64.3173 -329.262 2687.3
-56.3872 -727.642 2729.19
-166.653 26.3104 2537.76
-47.4507 27.1717 2498.67
152.603 -184.952 2556.36
41.7401 -989.582 2990.42
145.81 -410.07 2623.09
82.5034 -328.153 2639.19
108.746 -701.967 2729.46
71.7517 28.033 2459.59
-19.1788 -150.768 2580.96
FRAME: 240
-30.198 254.123 2413.5
-206.212 -183.775 2670.61
-43.7322 -1065.81 2837.79
-237.555 -450.045 2551.57
-73.0853 -317.94 2679.69
-70.7613 -721.213 2725.88
-166.487 35.1268 2537.81
-44.4912 35.4195 2502.98
152.009 -196.853 2560.58
43.0714 -993.307 2987.63
150.753 -427.053 2629.81
74.6505 -317.447 2637.57
105.584 -695.862 2721.66
77.5046 35.7122 2468.15
-21.8543 -141.137 2580.8
FRAME: 241
-26.9319 262.353 2422.02
-203.607 -180.712 2666.02
-45.4633 -1067.95 2836.5
-240.495 -423.803 2547.78
-74.799 -316.371 2674.77
-71.8817 -720.012 2722.44
-165.804 39.9656 2538.77
-42.6778 41.8941 2507.85
153.113 -193.939 2564.23
41.3691 -998.305 2984.35
133.523 -422.137 2613.24
75.0562 -313.923 2637.2
104.113 -694.51 2717.54
80.4484 43.8227 2476.92
-21.2746 -136.627 2581.92
FRAME: 242
-24.1964 269.763 2435.66
-201.385 -181.492 2659.69
-48.0204 -1069.03 2836.03
-145.689 -397.523 2518.05
-78.0515 -320.35 2671.06
-68.5454 -720.284 2717.32
-165.367 40.6542 2539.79
-41.6496 44.6391 2513.71
159.12 -182.212 2574.6
38.2146 -993.615 2979.44
134.422 -426.713 2605.32
77.586 -315.324 2638.25
94.2415 -700.771 2698.19
82.0675 48.6241 2487.63
-20.9412 -136.599 2584.18
FRAME: 243
-21.0877 275.519 2456.83
-198.903 -195.73 2643.51
-51.7806 -1067.58 2828.97
-188.2 -407.415 2481.87
-79.4227 -324.594 2666.11
-71.7215 -719.088 2709.42
-163.902 41.0592 2543.31
-41.3467 46.4765 2521.45
157.521 -185.344 2579.94
29.9637 -993.2 2970.4
143.18 -434.922 2603.98
76.0134 -317.699 2638.43
87.0794 -710.041 2683.4
81.2085 51.8938 2499.59
-21.5257 -137.335 2586.86
FRAME: 244
-18.5633 278.395 2473.3
-194.049 -203.173 2637.12
-55.4161 -1066.74 2817.85
-193.549 -396.484 2482.98
-79.2577 -332.525 2660.34
-72.4887 -719.769 2702.92
-161.692 44.2222 2549.75
-39.9404 49.7168 2531.06
145.397 -187.899 2583.92
28.3037 -991.851 2963.95
147.543 -439.821 2600.97
69.8793 -325.757 2637.51
83.4358 -721.949 2674.57
81.8113 55.2114 2512.38
-22.3148 -139.712 2590
FRAME: 245
-15.9558 280.376 2484.12
-190.622 -204.794 2636.47
-56.4139 -1073.89 2811.71
-187.744 -400.569 2461.81
-81.0917 -347.058 2653.69
-74.5319 -728.698 2696.35
-159.47 46.3046 2556.62
-37.0772 51.6567 2539.88
140.497 -186.552 2594.42
27.2295 -987.185 2954.92
134.656 -441.33 2595.12
69.8753 -340.423 2633.09
82.1724 -722.953 2674.53
85.3154 57.0088 2523.14
-21.3427 -146.042 2591.63
FRAME: 246
-14.8219 282.629 2492
-187.239 -207.745 2633.16
-57.9467 -1079.17 2806.1
-207.284 -390.855 2442.49
-81.0599 -352.353 2649.62
-74.7328 -732.745 2693.53
-157.718 46.3656 2561.18
-34.7295 51.3451 2546.14
140.728 -175.157 2605.45
27.6519 -987.477 2942.52
80.1205 -404.496 2566.58
67.0343 -346.3 2631.54
80.8905 -718.364 2672.65
88.2588 56.3245 2531.09
-20.8711 -148.991 2593.36
FRAME: 247
-12.6021 285.681 2501.52
-187.299 -209.277 2633.89
-60.0897 -1080.47 2798.03
-175.46 -398.479 2437.52
-81.5058 -356.365 2646.65
-76.561 -736.621 2688.53
-156.709 46.479 2565.75
-32.7224 51.5981 2553.81
139.605 -172.227 2623.29
28.7183 -990.705 2935.82
78.2737 -403.661 2560.31
65.9249 -350.208 2632.5
80.682 -721.858 2672.98
91.2637 56.7171 2541.86
-20.2564 -150.844 2596.69
FRAME: 248
-10.6602 285.951 2508.64
-188.673 -208.177 2631.86
-59.6423 -1076.45 2796.68
-163.747 -382.319 2419.38
-81.8146 -353.28 2645.59
-79.8538 -732.995 2685.51
-156.29 47.1084 2568.88
-31.8009 52.1625 2559.1
137.742 -175.902 2634.62
29.8032 -993.949 2930.42
52.2714 -378.851 2532.39
63.5963 -347.337 2634.17
82.7107 -721.23 2672.07
92.6877 57.2165 2549.32
-20.455 -149.073 2599.49
FRAME: 249
-7.98542 288.643 2516.24
-189.405 -209.747 2627.65
-59.1937 -1079.35 2797.91
-149.195 -378.485 2402.3
-77.1126 -341.514 2641.53
-83.0848 -727.841 2684.54
-155.512 46.1366 2569.95
-29.7978 53.0435 2567.63
133.539 -173.443 2663.29
37.4947 -993.392 2906.06
67.1047 -378.994 2538.28
63.1477 -333.814 2638.77
87.3526 -707.548 2663.75
95.9163 59.9504 2565.32
-18.3901 -142.31 2603.89
FRAME: 250
-6.38672 289.099 2520.2
-189.704 -208.454 2622.41
-59.3006 -1074.65 2796.85
-120.099 -364.591 2402.59
-78.1619 -337.696 2639.88
-83.6015 -725.874 2683.19
-153.234 48.3155 2573.91
-27.2627 54.6204 2577.13
135.344 -183.461 2673.17
36.1983 -997.289 2897.1
72.7158 -381.025 2526.7
59.303 -330.751 2643.43
93.7258 -700.244 2661.7
98.7086 60.9253 2580.34
-18.3461 -139.801 2609.39
FRAME: 251
-4.60207 290.337 2525.67
-185.077 -205.883 2616.95
-59.2154 -1074.46 2799.43
-107.777 -376.286 2395.21
-76.8165 -335.646 2642.52
-85.393 -723.495 2684.47
-148.604 51.0334 2577.55
-25.2973 57.0471 2582.84
132.398 -173.99 2671.12
38.6008 -997.564 2885.56
33.6126 -336.472 2494.83
58.8839 -328.955 2648.38
97.7575 -693.394 2656.81
98.0093 63.0609 2588.13
-17.1318 -137.627 2614.15
FRAME: 252
-2.91523 291.47 2530.2
-181.787 -200.02 2619.68
-58.9975 -1070.99 2799.41
-69.6029 -369.921 2410.25
-73.4388 -328.93 2645.76
-86.6038 -718.288 2682.69
-146.507 53.4734 2579.57
-24.7072 59.8971 2588.36
130.963 -171.72 2675.55
45.4384 -1004.78 2877.91
29.7257 -328.509 2481.28
55.5155 -322.073 2655.12
102.993 -691.793 2656.28
97.0922 66.3208 2597.15
-16.8344 -132.802 2619.4
FRAME: 253
-1.50102 292.523 2534.14
-178.495 -200.973 2622.4
-59.2707 -1066.43 2800.56
-44.921 -369.392 2412.58
-72.6105 -324.653 2650.89
-86.5574 -714.676 2682.81
-143.721 53.1311 2578.93
-22.6746 60.5992 2592.18
132.291 -171.484 2680.76
61.8828 -1016.51 2859.33
34.5452 -359.825 2501.32
59.7595 -316.385 2665.43
108.331 -688.093 2657.94
98.3723 68.0674 2605.42
-14.55 -129.96 2625.17
FRAME: 254
0.994386 292.64 2538.43
-177.785 -206.145 2627.54
-59.4189 -1062.9 2798.29
-32.1658 -380.43 2434.06
-68.707 -321.616 2655.88
-86.7324 -705.871 2679.28
-140.486 52.4013 2581.05
-20.0479 60.8211 2595.17
133.16 -170.74 2678.86
81.4522 -1031.92 2845.66
30.2182 -343.482 2468.88
65.3542 -312.246 2671.71
114.365 -686.381 2663.26
100.39 69.2408 2609.3
-10.8621 -128.055 2629.49
FRAME: 255
4.0506 292.683 2542.97
-171.475 -208.002 2628.66
-59.5815 -1059.95 2792.13
-17.9188 -380.355 2441.58
-68.6223 -321.13 2657.75
-87.4234 -704.237 2673.54
-134.41 54.9657 2586.36
-14.2361 61.5743 2600.63
153.644 -166.56 2687.44
98.6082 -1047.39 2835.66
24.1779 -357.761 2468
66.31 -313.74 2673.72
117.786 -685.748 2674.49
105.938 68.1829 2614.9
-7.69613 -127.93 2633.18
FRAME: 256
7.91366 293.608 2548
-164.861 -205.185 2626.43
-59.576 -1056.44 2790.32
-18.3454 -397.799 2472.62
-67.8073 -323.752 2657.91
-84.9187 -698.271 2668.72
-128.473 55.2301 2586.75
-7.64868 60.7244 2604.77
158.747 -171.869 2689.05
102.533 -1049.45 2832.8
9.37594 -367.676 2456.28
68.2481 -317.592 2678.18
119.563 -688.518 2684.47
113.176 66.2186 2622.8
-3.71413 -129.974 2636.41
FRAME: 257
20.4614 294.08 2555.88
-155.094 -198.331 2620.09
-57.8517 -1055.33 2792.94
-5.97732 -404.01 2470.13
-62.8356 -328.64 2660.48
-77.7791 -697.779 2667.3
-110.693 58.894 2588.87
6.75376 62.0883 2609.68
161.658 -178.179 2711.46
103.614 -1045.25 2833.91
31.6955 -375.612 2452.3
74.8944 -324.94 2684.94
119.675 -688.006 2698.34
124.2 65.2825 2630.5
6.39158 -132.351 2641.2
FRAME: 258
32.2654 295.351 2559.94
-139.284 -198.28 2617.94
-56.9057 -1056.21 2797.54
8.1139 -410.482 2485.2
-58.4058 -331.641 2662.59
-73.2457 -699.383 2670.1
-97.1185 60.0346 2588.48
17.6935 62.3275 2613.26
169.221 -183.824 2720.89
101.334 -1038.21 2836.4
54.6318 -381.104 2513.34
81.5604 -328.823 2692.77
118.644 -680.915 2706.4
132.506 64.6203 2638.04
14.6354 -133.952 2645.47
FRAME: 259
42.5014 296.951 2562.11
-130.425 -198.47 2616.19
-55.6732 -1058.44 2800.82
-9.82215 -404.047 2502.78
-44.1669 -333.539 2665.19
-69.0642 -700.963 2674.34
-85.9599 56.9463 2585.48
25.7951 61.4898 2612.97
171.033 -189.776 2726.16
100.141 -1032.36 2838.37
73.458 -369.702 2498.06
93.2848 -328.005 2699.07
119.316 -675.139 2715.04
137.55 66.0333 2640.45
25.177 -134.641 2647.55
FRAME: 260
51.6385 297.667 2563.72
-119.357 -201.56 2629.85
-53.625 -1059.48 2808.42
-8.86917 -404.555 2502.55
-32.0226 -345.483 2673.67
-67.0953 -706.315 2681.39
-77.1199 54.9215 2587.4
33.5808 61.11 2614.98
174.864 -183.619 2736.02
100.311 -1031.51 2844.41
79.5156 -398.208 2508.68
106.371 -337.771 2708.11
118.078 -679.23 2719.73
144.281 67.2985 2642.55
35.3775 -140.259 2652.93
FRAME: 261
65.1493 299.118 2566.85
-104.931 -201.13 2635.23
-50.4982 -1065.09 2817.5
-0.527624 -400.554 2483.89
-20.3119 -348.648 2681.95
-53.034 -723.877 2697.68
-66.6413 58.22 2589.07
44.1235 63.9557 2617.9
183.62 -176.643 2740.84
101.979 -1035.67 2851.84
74.2539 -387.522 2517.77
108.846 -341.863 2715.57
117.787 -694.986 2730.38
154.888 69.6913 2646.73
44.1952 -140.65 2658.33
FRAME: 262
80.6461 300.633 2572.01
-92.9745 -203.238 2629.45
-46.2543 -1072.61 2823.47
18.9683 -372.972 2473.07
-17.5335 -347.762 2687.53
-39.7967 -735.381 2705.17
-57.495 61.9232 2592.9
53.0903 65.8336 2621.75
195.069 -177.172 2743.75
103.892 -1043.2 2858.3
100.632 -381.206 2526.81
109.735 -343.191 2720.75
119.778 -706.998 2743.24
163.676 69.744 2650.6
49.5955 -139.821 2662.95
FRAME: 263
87.255 300.807 2572.87
-86.2756 -204.339 2634.16
-45.3968 -1072.37 2825.69
22.3492 -416.812 2503.41
-13.9239 -347.299 2692.08
-28.8566 -741.04 2713.51
-50.3076 64.0877 2597.7
61.1908 66.1183 2626.24
203.382 -179.65 2747.22
104.329 -1050.33 2865.05
107.835 -395.448 2523.57
109.386 -345.015 2723.67
121.043 -716.029 2752.91
172.689 68.1488 2654.78
54.4608 -140.019 2667.06
FRAME: 264
95.7875 301.177 2574.58
-79.1608 -202.521 2641.18
-45.4653 -1076.8 2831.65
44.4973 -384.388 2481.49
-5.90926 -346.417 2696.16
-19.7649 -747.052 2720.73
-43.6232 64.8684 2599.79
71.5818 66.0769 2631.22
213.435 -182.003 2748.92
105.424 -1056.09 2868.32
86.9919 -389.193 2500.51
113.389 -345.14 2728.92
122.878 -721.642 2758.53
186.787 67.2854 2662.65
62.6607 -139.851 2671.88
FRAME: 265
104.178 302.336 2578.85
-71.3371 -202.704 2651.34
-44.1196 -1081.44 2832.22
36.6937 -416.078 2534.25
2.65302 -344.733 2696.66
-19.3424 -748.809 2722.38
-34.0897 65.8326 2605.63
79.4652 66.8371 2634.34
229.526 -181.603 2748.92
105.76 -1054.75 2873.7
80.7749 -392.724 2533.79
124.027 -343.58 2727.32
123.044 -721.653 2762.8
193.02 67.8416 2663.06
71.4026 -138.66 2673.17
FRAME: 266
110.778 302.185 2581.02
-71.5605 -207.662 2653.87
-43.0317 -1078.52 2833.87
-8.68648 -394.224 2510.58
5.30905 -349.31 2697.31
-14.3758 -746.19 2721.52
-33.0524 62.109 2609.59
85.4568 63.2588 2637.59
239.022 -184.222 2752.7
104.904 -1051.86 2870.85
88.0731 -384.378 2545.19
137.859 -347.956 2728.4
123.331 -717.326 2764.75
203.966 64.4086 2665.59
78.5205 -142.687 2675.22
FRAME: 267
116.868 301.773 2585.21
-61.9236 -209.976 2656.9
-40.5834 -1076.01 2831.57
56.2915 -444.552 2539.99
16.3101 -346.877 2708.51
-14.2928 -737.821 2720.8
-23.7106 64.4733 2619.3
94.0554 64.0093 2642.14
241.472 -183.157 2750.45
104.326 -1057.38 2881.74
120.012 -423.071 2552.55
138.308 -346.935 2732.62
125.611 -718.292 2768.73
211.821 63.5453 2664.98
85.6822 -141.448 2681.35

