FRAME: 0
0 0 0
0 0 0
0 0 0
0 0 0
0 0 0
0 0 0
0 0 0
0 0 0
0 0 0
0 0 0
0 0 0
0 0 0
0 0 0
0 0 0
0 0 0
FRAME: 1
0 0 0
0 0 0
0 0 0
0 0 0
0 0 0
0 0 0
0 0 0
0 0 0
0 0 0
0 0 0
0 0 0
0 0 0
0 0 0
0 0 0
0 0 0
FRAME: 2
0 0 0
0 0 0
0 0 0
0 0 0
0 0 0
0 0 0
0 0 0
0 0 0
0 0 0
0 0 0
0 0 0
0 0 0
0 0 0
0 0 0
0 0 0
FRAME: 3
0 0 0
0 0 0
0 0 0
0 0 0
0 0 0
0 0 0
0 0 0
0 0 0
0 0 0
0 0 0
0 0 0
0 0 0
0 0 0
0 0 0
0 0 0
FRAME: 4
0 0 0
0 0 0
0 0 0
0 0 0
0 0 0
0 0 0
0 0 0
0 0 0
0 0 0
0 0 0
0 0 0
0 0 0
0 0 0
0 0 0
0 0 0
FRAME: 5
0 0 0
0 0 0
0 0 0
0 0 0
0 0 0
0 0 0
0 0 0
0 0 0
0 0 0
0 0 0
0 0 0
0 0 0
0 0 0
0 0 0
0 0 0
FRAME: 6
0 0 0
0 0 0
0 0 0
0 0 0
0 0 0
0 0 0
0 0 0
0 0 0
0 0 0
0 0 0
0 0 0
0 0 0
0 0 0
0 0 0
0 0 0
FRAME: 7
0 0 0
0 0 0
0 0 0
0 0 0
0 0 0
0 0 0
0 0 0
0 0 0
0 0 0
0 0 0
0 0 0
0 0 0
0 0 0
0 0 0
0 0 0
FRAME: 8
0 0 0
0 0 0
0 0 0
0 0 0
0 0 0
0 0 0
0 0 0
0 0 0
0 0 0
0 0 0
0 0 0
0 0 0
0 0 0
0 0 0
0 0 0
FRAME: 9
0 0 0
0 0 0
0 0 0
0 0 0
0 0 0
0 0 0
0 0 0
0 0 0
0 0 0
0 0 0
0 0 0
0 0 0
0 0 0
0 0 0
0 0 0
FRAME: 10
0 0 0
0 0 0
0 0 0
0 0 0
0 0 0
0 0 0
0 0 0
0 0 0
0 0 0
0 0 0
0 0 0
0 0 0
0 0 0
0 0 0
0 0 0
FRAME: 11
0 0 0
0 0 0
0 0 0
0 0 0
0 0 0
0 0 0
0 0 0
0 0 0
0 0 0
0 0 0
0 0 0
0 0 0
0 0 0
0 0 0
0 0 0
FRAME: 12
0 0 0
0 0 0
0 0 0
0 0 0
0 0 0
0 0 0
0 0 0
0 0 0
0 0 0
0 0 0
0 0 0
0 0 0
0 0 0
0 0 0
0 0 0
FRAME: 13
0 0 0
0 0 0
0 0 0
0 0 0
0 0 0
0 0 0
0 0 0
0 0 0
0 0 0
0 0 0
0 0 0
0 0 0
0 0 0
0 0 0
0 0 0
FRAME: 14
0 0 0
0 0 0
0 0 0
0 0 0
0 0 0
0 0 0
0 0 0
0 0 0
0 0 0
0 0 0
0 0 0
0 0 0
0 0 0
0 0 0
0 0 0
FRAME: 15
0 0 0
0 0 0
0 0 0
0 0 0
0 0 0
0 0 0
0 0 0
0 0 0
0 0 0
0 0 0
0 0 0
0 0 0
0 0 0
0 0 0
0 0 0
FRAME: 16
0 0 0
0 0 0
0 0 0
0 0 0
0 0 0
0 0 0
0 0 0
0 0 0
0 0 0
0 0 0
0 0 0
0 0 0
0 0 0
0 0 0
0 0 0
FRAME: 17
0 0 0
0 0 0
0 0 0
0 0 0
0 0 0
0 0 0
0 0 0
0 0 0
0 0 0
0 0 0
0 0 0
0 0 0
0 0 0
0 0 0
0 0 0
FRAME: 18
0 0 0
0 0 0
0 0 0
0 0 0
0 0 0
0 0 0
0 0 0
0 0 0
0 0 0
0 0 0
0 0 0
0 0 0
0 0 0
0 0 0
0 0 0
FRAME: 19
0 0 0
0 0 0
0 0 0
0 0 0
0 0 0
0 0 0
0 0 0
0 0 0
0 0 0
0 0 0
0 0 0
0 0 0
0 0 0
0 0 0
0 0 0
FRAME: 20
0 0 0
0 0 0
0 0 0
0 0 0
0 0 0
0 0 0
0 0 0
0 0 0
0 0 0
0 0 0
0 0 0
0 0 0
0 0 0
0 0 0
0 0 0
FRAME: 21
0 0 0
0 0 0
0 0 0
0 0 0
0 0 0
0 0 0
0 0 0
0 0 0
0 0 0
0 0 0
0 0 0
0 0 0
0 0 0
0 0 0
0 0 0
FRAME: 22
0 0 0
0 0 0
0 0 0
0 0 0
0 0 0
0 0 0
0 0 0
0 0 0
0 0 0
0 0 0
0 0 0
0 0 0
0 0 0
0 0 0
0 0 0
FRAME: 23
0 0 0
0 0 0
0 0 0
0 0 0
0 0 0
0 0 0
0 0 0
0 0 0
0 0 0
0 0 0
0 0 0
0 0 0
0 0 0
0 0 0
0 0 0
FRAME: 24
0 0 0
0 0 0
0 0 0
0 0 0
0 0 0
0 0 0
0 0 0
0 0 0
0 0 0
0 0 0
0 0 0
0 0 0
0 0 0
0 0 0
0 0 0
FRAME: 25
0 0 0
0 0 0
0 0 0
0 0 0
0 0 0
0 0 0
0 0 0
0 0 0
0 0 0
0 0 0
0 0 0
0 0 0
0 0 0
0 0 0
0 0 0
FRAME: 26
0 0 0
0 0 0
0 0 0
0 0 0
0 0 0
0 0 0
0 0 0
0 0 0
0 0 0
0 0 0
0 0 0
0 0 0
0 0 0
0 0 0
0 0 0
FRAME: 27
0 0 0
0 0 0
0 0 0
0 0 0
0 0 0
0 0 0
0 0 0
0 0 0
0 0 0
0 0 0
0 0 0
0 0 0
0 0 0
0 0 0
0 0 0
FRAME: 28
0 0 0
0 0 0
0 0 0
0 0 0
0 0 0
0 0 0
0 0 0
0 0 0
0 0 0
0 0 0
0 0 0
0 0 0
0 0 0
0 0 0
0 0 0
FRAME: 29
0 0 0
0 0 0
0 0 0
0 0 0
0 0 0
0 0 0
0 0 0
0 0 0
0 0 0
0 0 0
0 0 0
0 0 0
0 0 0
0 0 0
0 0 0
FRAME: 30
0 0 0
0 0 0
0 0 0
0 0 0
0 0 0
0 0 0
0 0 0
0 0 0
0 0 0
0 0 0
0 0 0
0 0 0
0 0 0
0 0 0
0 0 0
FRAME: 31
0 0 0
0 0 0
0 0 0
0 0 0
0 0 0
0 0 0
0 0 0
0 0 0
0 0 0
0 0 0
0 0 0
0 0 0
0 0 0
0 0 0
0 0 0
FRAME: 32
0 0 0
0 0 0
0 0 0
0 0 0
0 0 0
0 0 0
0 0 0
0 0 0
0 0 0
0 0 0
0 0 0
0 0 0
0 0 0
0 0 0
0 0 0
FRAME: 33
0 0 0
0 0 0
0 0 0
0 0 0
0 0 0
0 0 0
0 0 0
0 0 0
0 0 0
0 0 0
0 0 0
0 0 0
0 0 0
0 0 0
0 0 0
FRAME: 34
0 0 0
0 0 0
0 0 0
0 0 0
0 0 0
0 0 0
0 0 0
0 0 0
0 0 0
0 0 0
0 0 0
0 0 0
0 0 0
0 0 0
0 0 0
FRAME: 35
0 0 0
0 0 0
0 0 0
0 0 0
0 0 0
0 0 0
0 0 0
0 0 0
0 0 0
0 0 0
0 0 0
0 0 0
0 0 0
0 0 0
0 0 0
FRAME: 36
0 0 0
0 0 0
0 0 0
0 0 0
0 0 0
0 0 0
0 0 0
0 0 0
0 0 0
0 0 0
0 0 0
0 0 0
0 0 0
0 0 0
0 0 0
FRAME: 37
0 0 0
0 0 0
0 0 0
0 0 0
0 0 0
0 0 0
0 0 0
0 0 0
0 0 0
0 0 0
0 0 0
0 0 0
0 0 0
0 0 0
0 0 0
FRAME: 38
0 0 0
0 0 0
0 0 0
0 0 0
0 0 0
0 0 0
0 0 0
0 0 0
0 0 0
0 0 0
0 0 0
0 0 0
0 0 0
0 0 0
0 0 0
FRAME: 39
0 0 0
0 0 0
0 0 0
0 0 0
0 0 0
0 0 0
0 0 0
0 0 0
0 0 0
0 0 0
0 0 0
0 0 0
0 0 0
0 0 0
0 0 0
FRAME: 40
0 0 0
0 0 0
0 0 0
0 0 0
0 0 0
0 0 0
0 0 0
0 0 0
0 0 0
0 0 0
0 0 0
0 0 0
0 0 0
0 0 0
0 0 0
FRAME: 41
0 0 0
0 0 0
0 0 0
0 0 0
0 0 0
0 0 0
0 0 0
0 0 0
0 0 0
0 0 0
0 0 0
0 0 0
0 0 0
0 0 0
0 0 0
FRAME: 42
0 0 0
0 0 0
0 0 0
0 0 0
0 0 0
0 0 0
0 0 0
0 0 0
0 0 0
0 0 0
0 0 0
0 0 0
0 0 0
0 0 0
0 0 0
FRAME: 43
0 0 0
0 0 0
0 0 0
0 0 0
0 0 0
0 0 0
0 0 0
0 0 0
0 0 0
0 0 0
0 0 0
0 0 0
0 0 0
0 0 0
0 0 0
FRAME: 44
0 0 0
0 0 0
0 0 0
0 0 0
0 0 0
0 0 0
0 0 0
0 0 0
0 0 0
0 0 0
0 0 0
0 0 0
0 0 0
0 0 0
0 0 0
FRAME: 45
0 0 0
0 0 0
0 0 0
0 0 0
0 0 0
0 0 0
0 0 0
0 0 0
0 0 0
0 0 0
0 0 0
0 0 0
0 0 0
0 0 0
0 0 0
FRAME: 46
0 0 0
0 0 0
0 0 0
0 0 0
0 0 0
0 0 0
0 0 0
0 0 0
0 0 0
0 0 0
0 0 0
0 0 0
0 0 0
0 0 0
0 0 0
FRAME: 47
0 0 0
0 0 0
0 0 0
0 0 0
0 0 0
0 0 0
0 0 0
0 0 0
0 0 0
0 0 0
0 0 0
0 0 0
0 0 0
0 0 0
0 0 0
FRAME: 48
0 0 0
0 0 0
0 0 0
0 0 0
0 0 0
0 0 0
0 0 0
0 0 0
0 0 0
0 0 0
0 0 0
0 0 0
0 0 0
0 0 0
0 0 0
FRAME: 49
0 0 0
0 0 0
0 0 0
0 0 0
0 0 0
0 0 0
0 0 0
0 0 0
0 0 0
0 0 0
0 0 0
0 0 0
0 0 0
0 0 0
0 0 0
FRAME: 50
0 0 0
0 0 0
0 0 0
0 0 0
0 0 0
0 0 0
0 0 0
0 0 0
0 0 0
0 0 0
0 0 0
0 0 0
0 0 0
0 0 0
0 0 0
FRAME: 51
0 0 0
0 0 0
0 0 0
0 0 0
0 0 0
0 0 0
0 0 0
0 0 0
0 0 0
0 0 0
0 0 0
0 0 0
0 0 0
0 0 0
0 0 0
FRAME: 52
0 0 0
0 0 0
0 0 0
0 0 0
0 0 0
0 0 0
0 0 0
0 0 0
0 0 0
0 0 0
0 0 0
0 0 0
0 0 0
0 0 0
0 0 0
FRAME: 53
0 0 0
0 0 0
0 0 0
0 0 0
0 0 0
0 0 0
0 0 0
0 0 0
0 0 0
0 0 0
0 0 0
0 0 0
0 0 0
0 0 0
0 0 0
FRAME: 54
0 0 0
0 0 0
0 0 0
0 0 0
0 0 0
0 0 0
0 0 0
0 0 0
0 0 0
0 0 0
0 0 0
0 0 0
0 0 0
0 0 0
0 0 0
FRAME: 55
0 0 0
0 0 0
0 0 0
0 0 0
0 0 0
0 0 0
0 0 0
0 0 0
0 0 0
0 0 0
0 0 0
0 0 0
0 0 0
0 0 0
0 0 0
FRAME: 56
0 0 0
0 0 0
0 0 0
0 0 0
0 0 0
0 0 0
0 0 0
0 0 0
0 0 0
0 0 0
0 0 0
0 0 0
0 0 0
0 0 0
0 0 0
FRAME: 57
0 0 0
0 0 0
0 0 0
0 0 0
0 0 0
0 0 0
0 0 0
0 0 0
0 0 0
0 0 0
0 0 0
0 0 0
0 0 0
0 0 0
0 0 0
FRAME: 58
0 0 0
0 0 0
0 0 0
0 0 0
0 0 0
0 0 0
0 0 0
0 0 0
0 0 0
0 0 0
0 0 0
0 0 0
0 0 0
0 0 0
0 0 0
FRAME: 59
0 0 0
0 0 0
0 0 0
0 0 0
0 0 0
0 0 0
0 0 0
0 0 0
0 0 0
0 0 0
0 0 0
0 0 0
0 0 0
0 0 0
0 0 0
FRAME: 60
0 0 0
0 0 0
0 0 0
0 0 0
0 0 0
0 0 0
0 0 0
0 0 0
0 0 0
0 0 0
0 0 0
0 0 0
0 0 0
0 0 0
0 0 0
FRAME: 61
0 0 0
0 0 0
0 0 0
0 0 0
0 0 0
0 0 0
0 0 0
0 0 0
0 0 0
0 0 0
0 0 0
0 0 0
0 0 0
0 0 0
0 0 0
FRAME: 62
0 0 0
0 0 0
0 0 0
0 0 0
0 0 0
0 0 0
0 0 0
0 0 0
0 0 0
0 0 0
0 0 0
0 0 0
0 0 0
0 0 0
0 0 0
FRAME: 63
0 0 0
0 0 0
0 0 0
0 0 0
0 0 0
0 0 0
0 0 0
0 0 0
0 0 0
0 0 0
0 0 0
0 0 0
0 0 0
0 0 0
0 0 0
FRAME: 64
0 0 0
0 0 0
0 0 0
0 0 0
0 0 0
0 0 0
0 0 0
0 0 0
0 0 0
0 0 0
0 0 0
0 0 0
0 0 0
0 0 0
0 0 0
FRAME: 65
0 0 0
0 0 0
0 0 0
0 0 0
0 0 0
0 0 0
0 0 0
0 0 0
0 0 0
0 0 0
0 0 0
0 0 0
0 0 0
0 0 0
0 0 0
FRAME: 66
0 0 0
0 0 0
0 0 0
0 0 0
0 0 0
0 0 0
0 0 0
0 0 0
0 0 0
0 0 0
0 0 0
0 0 0
0 0 0
0 0 0
0 0 0
FRAME: 67
0 0 0
0 0 0
0 0 0
0 0 0
0 0 0
0 0 0
0 0 0
0 0 0
0 0 0
0 0 0
0 0 0
0 0 0
0 0 0
0 0 0
0 0 0
FRAME: 68
0 0 0
0 0 0
0 0 0
0 0 0
0 0 0
0 0 0
0 0 0
0 0 0
0 0 0
0 0 0
0 0 0
0 0 0
0 0 0
0 0 0
0 0 0
FRAME: 69
0 0 0
0 0 0
0 0 0
0 0 0
0 0 0
0 0 0
0 0 0
0 0 0
0 0 0
0 0 0
0 0 0
0 0 0
0 0 0
0 0 0
0 0 0
FRAME: 70
0 0 0
0 0 0
0 0 0
0 0 0
0 0 0
0 0 0
0 0 0
0 0 0
0 0 0
0 0 0
0 0 0
0 0 0
0 0 0
0 0 0
0 0 0
FRAME: 71
0 0 0
0 0 0
0 0 0
0 0 0
0 0 0
0 0 0
0 0 0
0 0 0
0 0 0
0 0 0
0 0 0
0 0 0
0 0 0
0 0 0
0 0 0
FRAME: 72
0 0 0
0 0 0
0 0 0
0 0 0
0 0 0
0 0 0
0 0 0
0 0 0
0 0 0
0 0 0
0 0 0
0 0 0
0 0 0
0 0 0
0 0 0
FRAME: 73
0 0 0
0 0 0
0 0 0
0 0 0
0 0 0
0 0 0
0 0 0
0 0 0
0 0 0
0 0 0
0 0 0
0 0 0
0 0 0
0 0 0
0 0 0
FRAME: 74
-234.684 521.078 2624.24
-175.991 172.911 3026.71
-130.863 -819.692 3092.08
-247.686 -49.699 3069.15
-60.9343 -23.3061 2990.52
-105.708 -443.419 2988.06
-228.294 325.212 2845.39
-141.814 313.15 2741.39
-116.906 32.9461 2730.21
249.035 -800.372 3256.53
-280.904 -185.96 2894.45
78.4083 -42.741 2822.96
168.112 -462.071 2991.09
-55.3331 301.088 2637.4
-66.5384 140.063 2824.07
FRAME: 75
0 0 0
0 0 0
0 0 0
0 0 0
0 0 0
0 0 0
0 0 0
0 0 0
0 0 0
0 0 0
0 0 0
0 0 0
0 0 0
0 0 0
0 0 0
FRAME: 76
-246.609 510.06 2621.3
-172.881 158.028 3017.97
-130.71 -815.16 3095.42
-309.508 -146.069 2893.04
-53.4387 -43.0828 2983.48
-100.222 -467.71 2995.97
-229.422 318.925 2846.4
-143.092 307.937 2741.84
-114.425 32.0641 2721.1
246.021 -784.066 3249.35
-249.557 -123.496 2990.36
74.094 -59.3142 2829.02
163.267 -474.69 2988.48
-56.7615 296.95 2637.28
-66.382 128.369 2824.05
FRAME: 77
-257.513 486.35 2602.15
-177.92 138.673 3007.96
-131.147 -812.368 3101.15
-298.657 -166.215 2954.85
-59.9851 -54.3497 2966.06
-100.295 -475.136 3004.27
-234.065 309.834 2844.08
-144.616 304.886 2740.94
-100.033 53.4043 2730.23
245.288 -786.006 3242.27
-244.929 -100.426 2920.45
72.9847 -61.7059 2812.72
160.724 -469.028 2982.42
-55.1683 299.938 2637.79
-69.0583 123.429 2815.16
FRAME: 78
0 0 0
0 0 0
0 0 0
0 0 0
0 0 0
0 0 0
0 0 0
0 0 0
0 0 0
0 0 0
0 0 0
0 0 0
0 0 0
0 0 0
0 0 0
FRAME: 79
-261.622 476.242 2600.25
-172.067 116.261 2999.26
-133.071 -827.343 3095.58
-304.6 -210.632 2891.86
-61.7083 -54.9788 2967.73
-101.405 -474.41 2994.17
-228.558 297.266 2846.23
-137.087 288.531 2740.17
74.6841 73.0231 2769.53
241.974 -772.629 3255.01
-226.273 -96.9987 2895.97
70.5881 -67.6117 2814.33
160.926 -467.674 2990.1
-45.6166 279.797 2634.1
-66.3237 113.618 2815.6
FRAME: 80
-265.801 472.272 2596.25
-173.113 109.52 2976.71
-134.648 -835.434 3091.75
-297.441 -202.05 2914.45
-65.5158 -56.3916 2968.27
-100.822 -473.237 2987.53
-232.447 295.336 2839.43
-142.221 286.394 2735.31
56.8899 47.5083 2606.37
236.181 -791.264 3242.78
-189.525 -41.0826 2857.06
69.5701 -69.7803 2812.38
164.846 -468.139 2994.97
-51.9953 277.451 2631.19
-70.0969 111.654 2812.82
FRAME: 81
-268.5 471.79 2590.5
-176.295 104.438 2965.64
-137.071 -833.777 3090.1
-292.342 -150.411 3078.76
-73.8158 -60.6454 2967.2
-100.836 -468.879 2983.22
-238.048 295.593 2834.29
-146.798 287.151 2731.14
52.3572 42.1906 2606.34
233.543 -789.157 3246.29
-154.43 19.8804 2828.64
67.6169 -73.7302 2807.32
155.926 -467.398 2976.21
-55.547 278.709 2627.99
-74.9485 109.982 2809.2
FRAME: 82
-270.32 471.333 2588.33
-179.208 95.8432 2952.52
-139.741 -828.352 3087.98
-262.385 -119.511 3016.6
-82.3797 -68.0005 2967.75
-102.507 -463.14 2979.84
-243.516 292.704 2829.39
-150.453 284.972 2728.12
51.7276 40.598 2607.53
234.793 -789.128 3248.77
-171.126 -26.3558 2798.99
66.7401 -80.3908 2805.48
160.123 -472.071 2983.45
-57.3904 277.239 2626.85
-79.1365 105.388 2807.37
FRAME: 83
-270.122 470.775 2588.86
-179.785 90.0375 2946.48
-138.059 -825.093 3085.39
-250.154 -131.676 2999.24
-82.9088 -70.4573 2965.64
-100.793 -467.079 2976.79
-245.39 291.403 2826.76
-153.361 282.732 2724.8
14.9097 89.5571 2586.38
238.351 -785.101 3253.65
-167.291 25.6907 2811.4
62.958 -84.1997 2804.03
161.296 -475.105 2990.15
-61.3324 274.062 2622.84
-81.6683 102.702 2804.82
FRAME: 84
-270.818 471.386 2587.18
-182.563 81.7034 2940.09
-137.19 -827.609 3085.79
-225.247 -113.196 2949.43
-85.8161 -82.8982 2963.52
-101.758 -470.193 2976.74
-248.448 289.24 2820.49
-155.983 280.901 2720.79
7.92176 89.0045 2598.91
241.107 -782.695 3253.11
-42.767 -86.0016 2818.32
60.458 -96.0898 2805.79
162.128 -472.245 2992.22
-63.5178 272.563 2621.08
-84.3308 95.7037 2802.72
FRAME: 85
-271.678 473.7 2579.55
-185.189 84.5303 2938.51
-137.918 -827.433 3084.77
-228.432 -61.6187 2892.71
-86.7356 -80.4199 2963.17
-103.241 -471.094 2977.8
-251.1 287.915 2815.9
-158.029 280.927 2718.69
25.5664 101.529 2619.96
243.148 -781.575 3251.95
-37.0257 -66.4909 2827.39
62.9649 -91.6587 2806.82
158.478 -477.801 2988.35
-64.9583 273.94 2621.49
-84.9573 97.444 2801.85
FRAME: 86
-272.737 475.839 2575.19
-177.174 52.5979 2958.03
-138.888 -816.608 3080.83
-258.348 -164.727 2787.96
-91.5063 -83.3803 2961.03
-105.558 -471.639 2976.34
-255.371 286.533 2810.03
-160.955 279.939 2714.29
36.7953 104.948 2650.1
246.184 -781.386 3251.99
-11.7757 -75.6285 2814.97
61.3382 -94.0542 2806.04
153.699 -487.038 2986.74
-66.539 273.346 2618.55
-88.0196 95.611 2798.92
FRAME: 87
0 0 0
0 0 0
0 0 0
0 0 0
0 0 0
0 0 0
0 0 0
0 0 0
0 0 0
0 0 0
0 0 0
0 0 0
0 0 0
0 0 0
0 0 0
FRAME: 88
-269.734 478.339 2578.39
-187.428 83.8592 2942.56
-139.527 -820.44 3082.61
-233.084 -43.1062 2848.18
-96.1452 -84.8823 2958.86
-121.753 -462.936 2965.13
-274.687 286.032 2813.15
-174.505 282.913 2714.24
10.3353 140.362 2623.05
246.047 -745.581 3244.18
-3.31756 -63.786 2801.55
57.4274 -89.6642 2807.22
124.427 -483.239 2946.55
-74.3235 279.793 2615.32
-96.9321 97.8198 2798.64
FRAME: 89
-267.459 480.81 2573.91
-179.521 69.9488 2959.92
-138.729 -829.57 3084.52
-255.288 -169.431 2818.9
-107.702 -73.4674 2956.62
-127.271 -463.238 2964.85
-274.987 289.089 2799.31
-176.445 286.128 2708.4
67.1991 36.9537 2652.91
248.369 -749.292 3246.62
69.6708 -222.937 2776.93
53.6846 -78.3158 2807.73
112.579 -475.487 2933.61
-77.9021 283.168 2617.49
-101.727 105.118 2795.29
FRAME: 90
0 0 0
0 0 0
0 0 0
0 0 0
0 0 0
0 0 0
0 0 0
0 0 0
0 0 0
0 0 0
0 0 0
0 0 0
0 0 0
0 0 0
0 0 0
FRAME: 91
-256.79 492.124 2570.47
-187.152 108.045 2951.17
-144.121 -829.052 3075.03
-337.799 -55.7846 3058.59
-123.046 -59.2994 2952.41
-133.905 -468.827 2959.82
-269.192 297.43 2791.18
-167.11 295.838 2711.93
54.9707 33.8214 2665.9
229.762 -706.051 3223.95
12.1147 -222.407 2791.73
48.0177 -61.9687 2819.6
111.375 -474.884 2932.27
-65.0284 294.245 2632.67
-102.312 117.602 2798.97
FRAME: 92
-249.047 498.262 2569.26
-191.608 125.284 2956.16
-145.437 -827.297 3073.56
-376.993 -7.33336 3073.85
-130.735 -51.2111 2949.57
-142.461 -464.41 2958.54
-274.655 315.129 2791.03
-164.351 314.536 2713.31
47.7421 47.1236 2680.2
226.854 -705.394 3257.96
28.1611 -207.25 2816.04
44.1826 -52.1513 2826.33
108.327 -470.598 2935.69
-54.0464 313.943 2635.6
-103.814 131.428 2800.63
FRAME: 93
-223.519 525.804 2563.03
-200.588 127.481 2967.23
-143.258 -827.092 3081.35
-382.954 -38.5967 2941.33
-146.113 -20.4898 2952.51
-152.712 -453.136 2970.88
-294.334 346.969 2806.82
-168.427 342.255 2720.63
46.4837 66.8302 2682.65
220.12 -712.687 3264.68
41.5698 -179.817 2833.22
21.0121 -26.7477 2838.1
105.764 -440.327 2945.19
-42.5197 337.54 2634.44
-115.489 159.318 2807.97
FRAME: 94
-208.602 542.775 2566.84
-285.991 202.614 3016.3
-140.409 -816.698 3092.19
-392.898 -57.519 2932.75
-148.844 -5.46465 2952.06
-157.327 -435.711 2980.13
-295.098 364.776 2817.91
-165.856 357.45 2727.34
49.7767 121.178 2701.99
215.097 -722.62 3258.69
36.3919 -82.9926 2812.94
11.6277 -14.5605 2839.61
103.152 -423.39 2954.32
-36.6139 350.124 2636.77
-117.232 173.719 2811.59
FRAME: 95
-199.713 561.316 2571.22
-317.031 191.338 3007.05
-142.344 -820.19 3091.21
-377.587 -70.25 2880.25
-152.651 -1.46631 2947.46
-160.598 -430.846 2981.22
-295.192 372.053 2820.13
-161.986 367.396 2734.54
68.9216 103.899 2732.19
196.279 -703.612 3263.45
-26.3027 -143.02 2848.11
9.40464 -7.13171 2843.33
100.045 -420.677 2955.95
-28.7801 362.739 2648.95
-116.805 181.548 2814.97
FRAME: 96
-190.319 569.577 2574.51
-338.564 193.012 2985.63
-146.588 -828.41 3085.31
-381.52 -85.8561 2839.5
-157.634 -0.431503 2941.75
-163.412 -438.004 2977.38
-296.825 379.577 2818.73
-160.193 378.242 2739.31
76.2534 121.415 2750.92
187.633 -696.211 3262.51
-52.4102 -130.124 2811.74
8.90393 -2.05879 2844.94
89.7423 -413.112 2951.5
-23.5618 376.907 2659.89
-117.279 188.499 2816.33
FRAME: 97
-171.88 580.491 2579.62
-350.827 189.173 2971.66
-147.65 -834.997 3085.53
-341.029 -86.1611 2820.65
-162.649 0.812515 2936.34
-167.325 -442.884 2973.83
-301.638 386.12 2811.61
-158.97 388.311 2740.22
83.8735 150.261 2756.93
155.451 -667.848 3279.39
-136.161 13.3372 2784.74
9.67682 3.45827 2850.11
92.4533 -406.15 2953.95
-16.3031 390.501 2668.84
-117.728 195.223 2816.72
FRAME: 98
-154.567 596.178 2586.44
-359.407 181.598 2952.3
-151.098 -840.881 3080.54
-317.123 -98.3421 2770.94
-165.241 2.4565 2930.19
-168.516 -443.067 2972.33
-301.638 390.44 2806.71
-153.396 396.021 2744.86
93.7489 158.682 2772.06
122.313 -650.406 3292.22
-127.08 8.9877 2769.91
11.6834 9.11714 2856.37
95.0407 -400.149 2956.4
-5.15421 401.602 2683.01
-115.088 200.904 2819.07
FRAME: 99
-140.825 611.229 2599.35
-360.828 173.656 2931.83
-154.227 -845.95 3076.73
-301.897 -95.1822 2772.77
-170.381 5.151 2919.29
-171.018 -443.158 2968.56
-298.505 396.839 2804.28
-145.88 407.674 2757.94
96.6629 163.64 2780.5
97.0085 -656.054 3306.1
-153.402 -19.8364 2775.44
15.6708 18.3598 2862.8
92.4776 -395.613 2960.6
6.74492 418.51 2711.6
-111.618 209.715 2824.49
FRAME: 100
-117.944 633.274 2637.4
-354.734 164.095 2906.25
-155.73 -825.007 3078.25
-219.553 -107.52 2713.89
-175.838 22.8046 2920.85
-175.586 -424.38 2965.88
-293.585 404.484 2797.04
-131.383 418.968 2779.96
120.666 178.488 2888.75
60.8327 -659.19 3319.44
-134.644 -67.8826 2764.48
9.95241 39.3954 2901.28
83.2364 -382.694 2982.2
30.8193 433.453 2762.88
-107.163 225.034 2845.51
FRAME: 101
-100.985 651.386 2672.97
-341.407 150.273 2891.11
-157.847 -814.636 3079.09
-195.157 -87.1525 2733.38
-178.798 27.5831 2922.48
-175.125 -410.446 2961
-289.687 404.73 2791.04
-123.225 421.372 2790.79
123.07 172.678 2894.12
45.2352 -663.5 3319.36
-94.3841 -85.8304 2730.16
9.60856 46.4187 2922.19
78.7211 -370.557 2996.4
43.2373 438.013 2790.53
-103.91 229.186 2856.56
FRAME: 102
-92.2391 655.429 2689.89
-324.458 156.035 2882.49
-159.566 -803.756 3068.75
-134.585 -81.0759 2730.59
-197.9 24.3535 2938.33
-176.068 -402.07 2953.06
-277.533 413.237 2788.65
-113.555 418.039 2803.79
127.069 149.222 2922
33.5258 -673.469 3330.82
-57.3101 -108.48 2736.09
-32.5499 29.1959 2953.6
76.5618 -368.792 3023.74
50.4216 422.841 2818.93
-114.39 222.407 2874.88
FRAME: 103
-84.2956 660.394 2700.22
-299.161 139.098 2860.44
-158.955 -808.682 3071.29
-102.387 -89.9594 2736.6
-197.897 13.5441 2951.45
-174.214 -410.216 2955.2
-259.979 406.255 2791.28
-102.484 416.745 2818.56
127.303 158.583 2950.68
20.3406 -680.296 3354.86
-29.7033 -123.856 2720.33
-6.00581 26.3252 2984.69
79.5574 -358.529 3060.97
55.0108 427.235 2845.84
-102.218 218.34 2893.32
FRAME: 104
-65.8344 664.785 2736.51
-267.024 131.988 2853.79
-155.984 -811.395 3074.54
-51.2311 -98.1997 2749.16
-193.577 10.2054 2954.18
-174.644 -434.079 2969.08
-239.283 406.052 2794.73
-87.3149 417.012 2833.68
128.414 150.486 2984.07
15.0413 -683.389 3366.64
17.2709 -139.226 2738.16
2.00079 24.3109 3004.3
58.4062 -372.787 3075.1
64.653 427.973 2872.63
-91.5515 217.135 2906.46
FRAME: 105
-51.5248 669.956 2753.27
-244.419 127.32 2856.3
-148.015 -825.713 3088.96
-19.2694 -100.308 2761.62
-168.925 1.32907 2969.15
-164.206 -445.935 2992.62
-217.886 406.131 2803.41
-71.4178 418.771 2849.44
128.048 152.528 2997.41
11.7701 -688.509 3375.1
45.0234 -136.045 2757.81
4.48645 16.2941 3023.64
40.8224 -395.276 3098.89
75.0507 431.411 2895.47
-76.8186 213.791 2922.92
FRAME: 106
-24.8999 679.694 2786.17
-195.74 144.235 2888.51
-143.208 -825.811 3092.57
63.2784 -121.35 2822.54
-140.639 1.04323 2985.53
-155.507 -445.067 2995.6
-179.549 418.886 2830.9
-42.8938 426.379 2879.93
131.362 155.173 3021.48
6.70724 -695.769 3397.19
126.264 -97.7759 2899.83
6.34408 9.10167 3038.27
35.4505 -415.947 3118.69
93.7615 433.871 2928.97
-55.0206 215.725 2945.92
FRAME: 107
-10.0962 686.009 2802.91
-169.791 148.718 2901.53
-139.574 -830.253 3086.9
56.2728 -103.667 2890.51
-134.497 3.3181 2995.68
-146.222 -446.904 3006.61
-158.664 427.804 2848.27
-29.0281 431.649 2896.19
136.798 157.069 3034.91
10.1093 -715.312 3438.61
112.679 -139.077 2883.37
8.62257 7.56288 3048.58
33.0332 -445.441 3135.35
100.607 435.494 2944.1
-45.9825 218.545 2959.16
FRAME: 108
14.6671 698.758 2830.89
-164.474 160.494 2911.58
-136.675 -831.027 3081.15
32.3089 -114.082 2882.36
-140.543 11.9051 3000.86
-135.769 -442.418 3013.01
-144.63 443.313 2866.49
-20.663 442.636 2913
150.992 154.523 3069.25
10.3379 -719.871 3460.27
133.658 -140.701 2945.63
7.71281 11.0957 3056.48
59.6681 -399.057 3290.48
103.304 441.96 2959.51
-43.5389 227.068 2970.84
FRAME: 109
26.1687 702.505 2848.59
-155.942 165.015 2939.35
-132.587 -836.57 3084.83
33.4273 -110.498 2892.96
-132.845 19.4058 3019.1
-124.805 -446.321 3020.54
-117.831 442.831 2879.17
-0.596079 443.746 2936.21
163.686 165.485 3105.66
7.22317 -713.713 3470.78
146.497 -131.514 2997.43
21.1454 20.6069 3094.02
56.1847 -390.631 3295.35
116.639 444.66 2993.25
-28.2229 231.876 2996.38
FRAME: 110
35.9927 700.033 2869.86
-156.08 169.856 2948.41
-131.913 -837.884 3083.3
41.4192 -105.227 2911.41
-129.443 31.8914 3041.39
-115.765 -437.61 3029.88
-93.419 445.787 2903.96
13.0736 441.396 2955.87
168.778 163.25 3109.5
9.65703 -710.373 3479.73
171.061 -114.268 3023.03
6.02681 26.3053 3107.42
56.2762 -385.585 3299.06
119.566 437.004 3007.78
-24.3174 235.247 3015.14
FRAME: 111
49.4691 699.435 2886.35
-158.135 192.002 3040.53
-129.912 -840.74 3091.87
25.2599 -107.166 2909.06
-122.171 36.6004 3059.63
-108.958 -431.81 3042.44
-79.5003 443.875 2916.54
21.8087 441.778 2969.25
153.515 186.958 3142.63
11.164 -711.446 3473.43
191.617 -97.9988 3061.08
17.1746 33.717 3132.14
66.5333 -367.069 3302.81
123.118 439.682 3021.97
-15.3448 238.469 3032.57
FRAME: 112
65.9018 701.571 2899.14
-151.273 184.946 3040.26
-127.565 -841.294 3097.06
-0.45842 -87.3664 2974.97
-116.128 42.9804 3069.31
-101.904 -420.639 3048.55
-64.1593 443.854 2930.1
36.6008 442.471 2983.92
170.275 180.613 3163.31
11.2367 -711.893 3470.5
207.528 -98.8156 3127.34
42.0033 40.8097 3153.77
70.4402 -355.82 3305.84
137.361 441.088 3037.73
-0.23081 242.183 3047.73
FRAME: 113
89.3498 686.005 2922.52
-149.722 184.762 3035.85
-115.098 -846.519 3109.88
-7.06859 -76.7408 3001.7
-101.072 40.6064 3100.34
-92.5619 -417.641 3048.81
-50.8994 436.578 2953.32
49.6025 437.198 3012.55
178.751 176.253 3198.06
10.9758 -710.524 3470.55
215.711 -109.578 3149.27
49.4088 41.5337 3189.03
74.9121 -351.142 3311.58
150.104 437.817 3071.79
11.8855 239.134 3078.62
FRAME: 114
100.584 679.574 2937.94
-140.288 174.6 3001.11
-109.964 -846.305 3105.72
-27.1619 -68.1336 3012.65
-92.7207 30.9117 3102.44
-76.951 -418.848 3051.76
-48.6355 429.046 2958.51
55.4738 430.406 3029.52
179.184 174.621 3217.75
16.5256 -714.885 3469.19
227.891 -111.368 3169.12
48.9179 32.8055 3198.97
80.6102 -357.419 3315.77
159.583 431.765 3100.53
16.7862 231.132 3090.11
FRAME: 115
109.251 675.159 2949.09
-139.558 171.287 3019.1
-106.128 -844.543 3114.86
-17.4316 -39.0532 3062.68
-79.2717 25.9615 3109.17
-65.1478 -421.161 3052.87
-33.8725 424.551 2967.02
64.563 428.675 3043.74
185.795 172.553 3239.32
20.4252 -724.916 3465.46
251.456 -111.026 3216.28
57.2198 31.747 3215.36
88.9062 -360.674 3321.55
162.999 432.799 3120.47
26.7686 228.765 3103.01
FRAME: 116
115.208 673.839 2965.03
-133.503 176.535 3032.49
-102.219 -847.243 3115.65
-73.2698 -54.1216 3113.86
-66.2624 17.7682 3110.75
-58.7844 -426.427 3052.67
-24.3978 417.757 2974.36
69.2769 423.154 3052.18
189.099 169.111 3247.3
22.7004 -731.61 3467.22
227.843 -109.688 3147.12
64.2436 25.3139 3218.76
107.487 -378.59 3317.57
162.952 428.552 3129.99
34.1338 222.348 3108.46
FRAME: 117
116.514 676.242 2985.44
-101.677 161.107 3033.97
-101.056 -852.268 3123.31
63.2393 -58.823 3060.98
-53.3077 6.27992 3119.01
-55.8358 -434.382 3058.51
-16.9976 410.405 2978.4
71.1654 419.851 3061.37
187.371 170.464 3252.12
31.7461 -734.673 3458.23
250.074 -130.688 3111.78
67.874 19.3918 3232.8
124.241 -395.649 3306.29
159.328 429.297 3144.34
39.2243 216.343 3118.64
FRAME: 118
116.782 696.215 3015.7
-5.36518 138.688 2982.64
-100.854 -856.275 3128.88
239.401 -69.4475 2884.57
-40.2464 -1.87074 3120.23
-51.3084 -441.47 3063.02
-9.13234 413.749 2989.92
73.6544 425.324 3074.31
189.269 170.193 3253.65
32.6931 -733.215 3451.64
287.64 -62.5656 3111.2
83.8275 15.5706 3246.17
134.405 -395.799 3308.24
156.441 436.899 3158.7
47.7225 216.087 3128.76
FRAME: 119
114.748 719.976 3033.96
33.973 177.627 2915.62
-100.329 -855.203 3128.96
256.663 92.53 2653.66
-31.8715 -0.0143345 3116.74
-44.1561 -439.885 3069.02
-5.28969 422.547 2983.65
71.6582 437.569 3072.59
180.597 186.341 3255.06
29.2909 -730.174 3452.03
310.505 -45.5158 3175.47
85.5369 22.8593 3251.2
131.295 -393.136 3307.65
148.606 452.592 3161.53
49.2454 224.496 3128.28
FRAME: 120
111.931 733.666 3046.95
73.2599 218.302 2861.16
-92.5158 -856.889 3126.33
214.225 171.636 2673.78
-20.3576 2.84183 3110.35
-32.4721 -437.963 3071.24
-2.56998 434.531 2970.26
67.9913 454.842 3067.97
194.737 202.281 3249.83
22.445 -730.888 3453.52
327.025 -24.9578 3199.52
87.0882 33.6078 3258.1
121.024 -388.817 3312.46
138.553 475.153 3165.69
50.6783 236.533 3126.1
FRAME: 121
107.499 749.822 3056.89
75.7418 277.858 2817.73
-87.4531 -847.985 3124.46
200.814 304.957 2607.34
-14.5071 11.2423 3106.54
-23.045 -426.598 3076.57
-2.38271 446.352 2970.96
70.6007 466.072 3069.15
203.887 224.312 3270.8
19.7685 -732.504 3455.82
325.61 -3.55363 3218.02
95.6629 41.0191 3254.3
115.939 -381.503 3316.69
143.584 485.791 3167.35
55.5893 246.101 3124.79
FRAME: 122
106.062 762.368 3063.89
92.4066 389.743 2754.4
-86.4588 -842.757 3127.03
163.489 444.88 2605.24
-11.9294 17.7579 3105.53
-22.5507 -419.875 3080.39
-8.15778 465.132 2970.18
69.1185 484.637 3067.85
192.131 251.781 3287.59
19.6409 -731.573 3451.36
343.42 34.1253 3334.67
102.107 46.4494 3249.25
110.12 -367.512 3316.43
146.395 504.142 3165.52
57.1037 258.37 3122.62
FRAME: 123
111.324 775.352 3069.89
95.802 450.074 2738.57
-83.937 -833.204 3128.53
160.664 565.622 2536.68
-10.4503 26.4694 3105.09
-22.3877 -411.86 3080.27
-6.66481 480.385 2968.22
71.3253 499.484 3066.97
173.56 275.857 3302.03
14.4328 -737.689 3445.14
329.779 82.2134 3353.22
102.458 54.1017 3247.52
109.143 -368.024 3316.19
149.315 518.583 3165.72
58.6645 269.885 3121.63
FRAME: 124
110.631 785.894 3071.98
104.951 531.487 2729.43
-81.8189 -830.115 3128.25
146.269 654.52 2541.61
-1.94692 48.5758 3109.12
-20.6542 -401.456 3085.76
-0.701984 500.843 2970.59
71.4911 520.371 3068.33
151.685 310.291 3311.13
9.27792 -733.763 3441.22
347.827 54.9331 3373.48
100.27 76.0184 3245.96
109.014 -354.542 3312.63
143.684 539.899 3166.07
60.3263 291.334 3122.94
FRAME: 125
103.346 800.068 3079.5
92.1515 592.425 2740.88
-81.792 -819.754 3129.01
134.868 803.448 2569.6
4.19612 62.4249 3099.88
-20.2014 -391.722 3088.13
2.02636 517.221 2968.39
67.1636 537.094 3072.43
138.629 312.213 3318.66
6.33352 -743.492 3439.64
339.24 82.164 3444.31
95.0108 90.0703 3243.7
110.093 -357.993 3312.57
132.301 556.968 3176.48
58.3835 306.671 3122.11
FRAME: 126
102.707 800.132 3080.09
83.783 620.879 2747.81
-80.1382 -818.784 3129.49
164.942 883.229 2634.28
7.8043 71.4602 3096.54
-19.8064 -389.712 3089.16
2.88304 522.796 2964.56
67.1496 543.086 3072.32
139.753 315.326 3317.93
0.889156 -743.465 3428.48
334.973 70.2859 3464.11
93.9728 98.7077 3240.42
104.905 -348.647 3309.89
131.416 563.377 3180.08
59.0191 314.085 3120.4
FRAME: 127
95.9793 805.359 3077.1
63.6642 653.407 2759.28
-77.8603 -817.348 3132.29
122.408 930.802 2629.79
8.78051 78.1596 3089.38
-17.4297 -389.388 3091.1
3.38642 527.159 2960.29
65.2541 547.39 3071.07
130.685 320.184 3321.42
4.11986 -746.227 3430.96
331.169 90.1013 3469.89
91.3495 105.235 3236.99
103.359 -349.858 3310.41
127.122 567.621 3181.86
57.6596 319.543 3117.13
FRAME: 128
92.1947 814.807 3071.51
59.3705 667.267 2768.04
-78.5437 -817.755 3138.17
126.607 939.693 2673.38
15.9094 85.1762 3087.36
-17.4693 -388.697 3096.72
5.84343 531.639 2958.37
64.1346 552.238 3070.94
123.599 323.65 3323.64
7.85024 -747.911 3432.8
303.793 142.832 3524.27
91.2324 111.799 3232.51
111.137 -352.124 3310.23
122.426 572.838 3183.5
58.8528 325.363 3115.44
FRAME: 129
89.9778 823.21 3067.24
52.9631 678.318 2772.44
-76.6692 -815.81 3138.51
124.295 944.097 2697.31
17.9915 86.432 3086.88
-16.2214 -385.322 3096.44
3.12637 536.207 2959.38
61.3852 556.872 3073.16
121.885 319.709 3323.16
7.88623 -747.828 3434.37
337.025 74.7954 3491.27
92.6746 112.899 3232.4
112.743 -351.553 3312.17
119.644 577.536 3186.95
58.3591 328.269 3116.4
FRAME: 130
86.4236 829.62 3064.27
45.9363 697.578 2784.78
-76.2535 -813.319 3139.4
123.923 947.964 2724.37
20.3309 87.0005 3087.17
-13.5981 -381.59 3097.26
4.13804 541.521 2963.62
60.1439 561.513 3076.46
115.517 321.714 3322.92
6.19134 -744.88 3431.65
313.152 87.7536 3477.81
93.1317 112.863 3233.3
113.891 -351.97 3311.82
116.15 581.506 3189.31
58.4376 330.723 3118.35
FRAME: 131
82.6003 832.15 3062.35
37.557 709.763 2784.36
-75.3795 -815.386 3139.11
128.916 928.965 2745.48
20.0975 88.6541 3088.7
-9.03071 -381.945 3097.43
6.94043 546.887 2962.9
60.584 566.217 3077.1
109.494 326.717 3323.01
5.84312 -744.506 3433.41
230.634 88.6632 3418.74
86.8567 112.735 3230.24
110.801 -342.998 3319.76
114.227 585.547 3191.31
57.0305 333.456 3118.29
FRAME: 132
79.8113 833.144 3062.76
27.7463 716.183 2777.96
-71.6191 -817.372 3135.66
126.46 940.016 2753.99
14.1329 95.2006 3089.94
0.963906 -377.41 3088.46
5.4551 557.358 2962.78
61.2026 574.885 3076.99
109.065 332.493 3321.16
2.45938 -734.866 3436.43
221.542 89.9578 3410.63
79.273 115.797 3222.95
110.226 -326.683 3326.92
116.95 592.412 3191.19
53.9528 340.192 3116.72
FRAME: 133
78.5535 834.465 3063.8
22.6957 722.471 2771.88
-71.567 -818.844 3135.62
157.691 1010.74 2795.7
16.3078 103.433 3086.97
7.31913 -369.541 3076.96
7.85076 563.953 2967.58
61.0086 579.987 3079.73
108.187 353.943 3307.69
1.30263 -729.305 3431.04
202.29 121.975 3436.89
78.8652 122.383 3218.96
113.135 -321.552 3326.53
114.166 596.021 3191.88
54.2976 346.448 3116.35
FRAME: 134
79.1141 834.608 3064.13
22.6957 723.899 2770.59
-71.9129 -816.445 3135.28
186.854 1039.35 2756.23
14.3292 102.487 3083.97
10.2422 -365.104 3067.42
5.54291 566.273 2969.92
57.889 581.007 3082.35
96.8142 341.636 3319.76
1.42902 -731.173 3426.28
197.887 120.512 3439.01
75.6963 119.874 3215.86
115.003 -319.986 3322.74
110.235 595.742 3194.79
51.4509 346.094 3116.13
FRAME: 135
77.9789 834.74 3064.67
20.0605 726.357 2772.41
-73.5612 -815.606 3128.38
179.081 997.014 2696.56
15.7449 101.247 3083.13
11.9794 -366.411 3056.11
6.3048 567.155 2970.69
56.8373 581.193 3083.89
90.3901 339.442 3321.85
1.77893 -730.51 3421.69
188.83 112.374 3443.75
73.5284 117.452 3212.81
115.627 -320.308 3319.34
107.37 595.23 3197.09
50.737 345.271 3115.93
FRAME: 136
75.5549 836.367 3066.61
12.1347 725.268 2774.17
-75.0546 -816.308 3121.4
183.797 994.643 2646.27
17.7816 100.085 3078.82
13.3409 -367.174 3049.26
5.47316 568.677 2971.18
54.6807 582.218 3084.95
84.3585 341.156 3319.47
1.55977 -731.243 3418.62
180.804 110.933 3441.22
75.0526 115.981 3211.53
113.483 -320.73 3316.49
103.888 595.758 3198.72
50.5489 345.125 3115.06
FRAME: 137
73.4906 839.957 3070.78
-12.4794 718.337 2772.55
-85.645 -805.96 3112.51
120.186 921.492 2554.87
17.2178 102.619 3075.91
12.9719 -365.901 3041.68
4.53508 571.413 2972.04
52.5158 584.384 3085.85
76.6225 342.228 3315.77
0.370318 -732.84 3418.56
171.449 95.7541 3436.59
73.7343 118.035 3210.2
105.904 -321.444 3309.55
100.496 597.354 3199.67
48.9959 347.355 3114.45
FRAME: 138
70.2256 835.892 3071.76
-29.7031 698.398 2761.73
-92.1172 -795.334 3109.72
65.1273 893.477 2506.04
14.454 109.088 3072.37
12.4026 -360.622 3034.46
2.7674 574.723 2968.77
50.3133 585.823 3083.87
75.8266 356.856 3309.6
0.592206 -735.962 3419.07
167.861 143.071 3416.7
65.3042 121.202 3195.37
101.555 -325.355 3296.83
97.8592 596.923 3198.97
45.0962 350.484 3108.87
FRAME: 139
64.5098 838.919 3068.74
-42.066 688.838 2752.23
-95.8416 -775.671 3108.44
-4.03946 862.893 2474.78
9.91264 113.517 3065.94
10.225 -355.251 3025.76
4.69353 580.753 2967.75
51.5066 590.387 3077.46
78.1166 382.86 3264.44
2.30622 -740.268 3418.02
155.706 199.183 3377.21
62.9443 124.747 3187.79
106.023 -328.711 3282.43
98.3196 600.021 3187.17
43.9675 354.759 3102.16
FRAME: 140
78.6585 812.273 3076.47
-74.1488 651.998 2740.94
-99.4606 -771.155 3109.85
-60.1225 818.313 2462.3
-0.807518 114.343 3054.84
3.37491 -352.889 3012.81
3.09512 578.178 2966.71
50.6264 585.51 3059.19
75.8854 400.305 3251.21
8.51724 -741.065 3409.75
145.891 224.734 3346.55
64.8734 125.671 3172.72
118.867 -328.624 3251.3
98.1576 592.841 3151.68
41.3297 352.758 3086.49
FRAME: 141
86.2966 801.128 3080.95
-131.586 639.687 2735.42
-95.8487 -764.979 3121.1
-168.405 774.82 2416.93
-16.7124 107.991 3044.86
-1.13798 -357.188 2998.44
-22.4812 580.859 2958.27
44.3893 585.878 3036.88
77.7195 417.81 3207.82
10.4101 -742.105 3408.89
126.957 307.769 3289.6
77.106 114.859 3145.8
121.261 -325.866 3251.33
111.26 590.896 3115.48
37.2931 348.651 3066.1
FRAME: 142
99.8603 771.906 3076.3
-180.543 611.624 2755.27
-98.8091 -772.742 3102.21
-264.968 721.698 2437.04
-19.8107 100.651 3037.57
-1.193 -368.917 2981.55
-28.4121 576.884 2963.48
44.7581 580.968 3035.82
68.0056 440.54 3152.48
11.6201 -732.769 3414.17
135.535 354.036 3241.46
80.2598 106.581 3132.73
120.73 -326.384 3250.85
117.928 585.052 3108.17
37.4913 342.292 3060.49
FRAME: 143
103.924 764.501 3077.52
-233.204 572.867 2786.36
-101.604 -767.016 3085.78
-366.091 662.368 2466.01
-19.2661 83.7227 3031.03
-2.37306 -370.043 2961.19
-25.7516 577.013 2965.66
44.8692 578.914 3036.44
56.8356 434.71 3140.85
12.3771 -735.52 3406.72
93.3891 358.807 3192.49
73.4426 86.5772 3119.17
117.343 -333.921 3249.66
115.49 580.814 3107.21
35.9787 332.032 3055.77
FRAME: 144
101.471 750.208 3073.83
-275.86 537.869 2831.04
-109.628 -788.169 3072.08
-451.399 576.679 2549.3
-24.3624 69.6906 3027.01
-14.5798 -386.758 2950.41
-33.3016 564.648 2965.47
39.8288 565.244 3025.95
44.8784 448.705 3098.87
15.4096 -740.177 3401.76
58.2335 427.239 3137
75.4264 71.0646 3103.01
118.774 -350.095 3236.02
112.959 565.839 3086.43
32.6804 317.811 3045.48
FRAME: 145
92.8777 742.177 3068.04
-356.427 454.336 2928.96
-118.867 -796.401 3059.71
-609.262 411.272 2665.49
-33.5413 54.345 3016.3
-24.4644 -396.82 2942.34
-52.6532 548.425 2961.29
29.5281 551.429 3016.1
53.174 440.55 3077.82
19.972 -739.109 3404.47
94.0278 444.25 3220.49
87.0362 59.0583 3093.03
122.296 -366.667 3221.52
111.709 554.433 3070.91
28.1378 304.065 3035.38
FRAME: 146
85.7347 737.728 3055.05
-376.289 425.317 2964.58
-122.942 -804.12 3050.04
-643.279 322.193 2771.06
-41.3116 33.5041 3002.33
-31.1415 -411.067 2931.37
-84.6313 528.744 2965.47
13.4061 533.465 3024.42
116.149 420.553 3196.33
21.8663 -738.49 3404.76
112.055 495.619 3235.56
98.0639 40.443 3084.76
123.825 -393.965 3202.41
111.443 538.185 3083.37
20.8911 285.219 3033.98
FRAME: 147
73.7362 727.625 3029.89
-374.411 377.965 3009.68
-125.601 -809.876 3046.87
-667.132 207.678 2899.34
-47.3916 25.7449 2992.77
-34.3563 -420.112 2926.45
-101.669 507.957 2966.65
11.8184 512.849 3026.05
190.06 426.757 3236.26
23.6213 -736.97 3398.33
186.189 555.542 3319.9
107.544 32.5342 3073.94
133.684 -401.342 3187.79
125.306 517.741 3085.45
20.9474 270.994 3029.7
FRAME: 148
53.0236 726.596 3006.76
-366.765 342.091 3051.89
-128.027 -812.805 3047.49
-648.076 126.293 3007.96
-58.4281 8.13925 2992.17
-45.7559 -433.392 2924.29
-119.391 495.577 2968.56
4.73671 502.999 3019.12
286.125 434.815 3210.81
28.4892 -740.126 3399.53
255.782 645.14 3319.38
119.743 18.7381 3064.81
143.124 -420.042 3178.42
128.865 510.422 3069.68
17.6971 258.219 3023.8
FRAME: 149
21.9883 719.238 2975.27
-345.288 303.768 3073.72
-134.329 -811.537 3056.07
-608.853 58.8978 3071.46
-75.6843 -4.43775 2995.24
-61.3762 -436.523 2932.91
-134.212 482.098 2969.6
2.69387 490.08 3005.5
338.85 479.165 3136.43
41.858 -736.362 3384.84
300.363 692.113 3274.72
130.002 7.5361 3049.35
152.888 -430.861 3145.72
139.599 498.062 3041.41
14.9263 245.815 3013.9
FRAME: 150
-3.1479 722.669 2965.88
-335.642 269.866 3093.75
-137.398 -816.051 3065.65
-581.553 14.9609 3130.7
-84.3271 -8.45504 3000.76
-78.3479 -443.508 2946.91
-160.882 467.6 2970.89
-8.76225 478.656 2988.03
368.308 481.47 3083.24
58.8352 -722.882 3370.78
342.078 698.301 3224.21
131.277 7.23627 3025.29
156.585 -426.537 3109.48
143.358 489.713 3005.17
7.3563 239.023 3000.53
FRAME: 151
-26.4104 718.748 2947.93
-321.383 250.516 3101.49
-136.37 -819.691 3076.12
-543.118 -9.77683 3151.55
-87.2029 -12.599 3008.71
-91.4727 -444.356 2958.06
-179.243 457.806 2965.15
-25.3877 472.066 2959.79
371.315 524.441 2958.12
71.2332 -710.439 3356.16
367.18 710.899 3181.7
128.448 7.42443 3001.16
152.385 -431.24 3070.25
128.468 486.326 2954.43
-2.38264 234.74 2982.36
FRAME: 152
-82.5802 725.245 2895.64
-276.993 249.188 3115.19
-137.322 -819.244 3079.03
-472.515 4.80145 3198.1
-97.3453 -1.89278 3006.34
-115.382 -437.269 2969.18
-194.975 470.404 2964.17
-42.7698 483.53 2935.43
279.438 562.041 2720.48
113.46 -686.045 3346.47
379.269 766.931 2896.12
113.757 16.3572 2966.26
138.648 -431.142 3034.72
109.435 496.656 2906.7
-17.2821 245.381 2960.87
FRAME: 153
-100.95 720.913 2873.51
-247.331 238.743 3112.7
-137.219 -822.301 3083.42
-453.781 -1.00337 3189.9
-105.108 4.75025 3008.78
-127.375 -435.278 2979.02
-195.848 468.518 2965.58
-58.635 479.601 2921.13
216.146 565.289 2678.23
124.52 -672.781 3329.18
277.438 724.893 2522.87
99.0854 21.269 2942.24
121.374 -423.545 3004.97
78.5777 490.684 2876.67
-30.8231 246.305 2948.32
FRAME: 154
-116.326 723.313 2854.5
-215.018 250.481 3109.22
-142.002 -827.83 3089.15
-422.34 20.3318 3203.35
-108.687 13.6759 3009.08
-132.186 -431.683 2985.72
-192.046 481.765 2968.37
-63.4638 489.015 2909.32
170.741 557.705 2619.06
147.953 -690.441 3297.9
255.131 782.972 2251.52
86.087 24.6629 2919.41
117.819 -418.798 2980.87
65.1182 496.265 2850.27
-37.3818 254.092 2936.78
FRAME: 155
-130.562 720.174 2832.45
-210.625 241.228 3105.8
-137.981 -819.273 3093.37
-408.244 21.8347 3207.84
-105.344 24.8217 3016.38
-132.218 -422.697 2994.87
-194.461 479.187 2968.11
-78.0396 484.573 2894.56
114.085 529.132 2576.65
183.414 -725.678 3252.4
150.788 660.73 2294.46
74.3666 33.1811 2902.88
114.601 -416.246 2958.57
38.3815 489.958 2821.01
-46.7641 256.787 2927.09
FRAME: 156
-145.905 703.687 2818.4
-202.692 230.496 3109.32
-135.971 -822.153 3098.49
-395.496 6.15231 3187.13
-100.932 25.2181 3021.41
-130.04 -421.885 3002.71
-192.227 468.738 2964.44
-81.0134 471.158 2882.91
29.931 485.548 2533.36
185.341 -725.634 3244.55
31.7754 503.913 2167.31
69.6148 28.8904 2896.59
111.486 -415.544 2959.34
30.1998 473.577 2801.38
-48.3361 249.106 2920.96
FRAME: 157
-174.325 669.672 2789.22
-205.286 230.371 3070.01
-129.558 -817.364 3105.17
-364.317 12.2206 3123.58
-86.9753 24.7398 3029.37
-121.758 -417.053 3013.75
-176.483 433.95 2946.03
-78.2333 424.928 2850.52
-44.6815 288.028 2541.36
190.865 -739.564 3232.77
-79.5328 302.524 2319.94
62.8521 10.7692 2884.76
102.146 -425.889 2949.94
20.0163 415.907 2755.01
-45.1474 221.341 2903.79
FRAME: 158
-187.177 647.345 2772.5
-206.563 207.694 3058.49
-127.113 -823.962 3105.87
-344.006 12.7713 3103.24
-76.1606 17.3924 3026.77
-115.719 -422.724 3013.62
-182.062 416.707 2946.64
-90.1248 404.634 2838.86
-88.2045 228.225 2565.25
196.357 -744.928 3225.17
-119.941 216.43 2349.36
53.4398 0.0386766 2875.48
98.412 -431.392 2945.61
1.81202 392.561 2731.08
-50.7426 206.675 2895
FRAME: 159
-198.393 629.815 2759.76
-200.091 168.147 3055.71
-122.077 -823.825 3106.83
-345.414 -0.694417 3092.03
-65.0791 4.94651 3020.8
-109.748 -425.378 3015.4
-186.688 405.562 2949.99
-107.626 392.865 2833.4
-92.3943 155.35 2624.55
206.977 -750.197 3224.54
-163.932 119.637 2413.53
41.7232 -12.5462 2863.7
94.7325 -441.275 2939.43
-28.5636 380.167 2716.82
-59.6519 194.533 2887.83
FRAME: 160
-210.281 608.665 2747.63
-192.987 139.674 3007.94
-119.553 -821.017 3105.04
-334.327 -29.4058 3073.28
-60.2097 -12.7069 3019.75
-107.792 -433.936 3011.42
-187.073 393.477 2951.96
-111.452 380.507 2830.44
-95.1313 126.625 2661.95
212.597 -754.752 3228.12
-241.125 -65.3608 2549.75
42.3536 -30.5087 2855.58
99.9519 -465.473 2938.97
-35.8317 367.538 2708.92
-60.1903 179.45 2884.05
FRAME: 161
-219.621 587.968 2738.8
-196.198 115.402 2989.47
-118.066 -821.204 3104.16
-349.845 -128.671 2956.14
-57.6093 -36.309 3015.77
-100.917 -465.503 3012.25
-190.084 378.845 2950.61
-115.674 367.463 2827.07
-101.786 109.305 2686.71
228.225 -766.52 3225.99
-250.376 -114.703 2677.55
44.3732 -52.0175 2847.47
112.501 -483.55 2946.28
-41.2641 356.08 2703.53
-61.146 161.65 2879.34
FRAME: 162
-229.02 568.773 2728.54
-216.245 43.2839 2900.72
-117.846 -822.867 3101.6
-354.498 -291.99 2806.5
-52.3505 -53.0681 3008.5
-100.555 -485.661 3010.05
-188.525 359.729 2936.26
-118.619 350.116 2817.23
-108.411 69.9873 2706.43
238.099 -770.083 3224.63
-214.463 -54.0957 2707.79
49.6617 -65.68 2845.07
120.943 -492.968 2951.65
-48.7117 340.502 2698.2
-59.9815 145.371 2872.01
FRAME: 163
-237.204 554.479 2716.31
-229.011 -3.6488 2862.73
-115.414 -827.393 3101.67
-332.269 -285.51 2878.71
-48.7281 -66.2849 3007.66
-101.036 -504.572 3007.83
-188.615 350.174 2934.44
-121.921 340.233 2813.75
-112.54 51.069 2732.47
249.958 -779.393 3219.03
-219.963 -107.176 2787.82
50.617 -79.7643 2840.86
127.221 -505.506 2946.91
-55.2267 330.293 2693.05
-60.4883 133.604 2869
FRAME: 164
-245.155 540.633 2706.85
-231.798 -19.2575 2861.99
-120.39 -829.822 3092.77
-317.394 -246.903 2924.12
-53.577 -74.2923 3001.7
-106.009 -509.585 3001.21
-188.1 326.241 2906.51
-123.174 318.161 2799.2
-106.126 23.6665 2735.67
253.785 -776.946 3227.32
-197.579 -145.461 2877.61
56.9181 -84.398 2845.4
132.647 -508.745 2950.91
-58.2492 310.08 2691.89
-60.7519 119.408 2861.38
FRAME: 165
-254.635 527.134 2693.82
-221.843 12.7107 2882.22
-114.443 -821.135 3096.93
-316.204 -243.243 3022.81
-54.7495 -75.068 3002.4
-98.5447 -506.377 3019.37
-199.439 322.771 2918.37
-129.401 314.314 2802.54
-35.594 63.4151 2737.12
252.145 -784.033 3215.83
-119.341 -118.754 2822.17
55.3523 -87.0617 2830.7
119.938 -516.803 2929.79
-59.3622 305.858 2686.71
-64.5497 116.625 2859.55
FRAME: 166
-258.739 521.315 2686.78
-217.67 18.0285 2896.72
-111.179 -816.489 3097.96
-315.45 -246.61 3039.29
-56.463 -68.3058 3002.51
-87.406 -495.157 3024.26
-202.613 327.607 2920.41
-131.986 317.671 2800.09
-29.7939 66.5412 2729.75
250.361 -790.058 3199.04
-93.7007 -112.454 2822.8
53.258 -82.9424 2823.08
109.009 -510.1 2919.1
-61.3597 307.734 2679.76
-66.7944 121.023 2856.44
FRAME: 167
-263.543 515.857 2677.99
-211.668 25.7999 2908.67
-111.117 -813.564 3094.75
-323.195 -227.864 3067.1
-61.3176 -68.8323 3006.17
-85.6916 -478.278 3019.46
-211.08 324.507 2911.24
-136.773 313.248 2792.45
-13.5098 65.4893 2731.34
251.341 -792.596 3198.94
-74.8364 -75.623 2807.71
54.704 -85.6112 2826.74
110.395 -505.209 2916.2
-62.4654 301.989 2673.66
-70.0399 118.013 2854.45
FRAME: 168
-268.672 516.415 2666.58
-210.47 31.1904 2903.57
-109.89 -810.771 3095.2
-251.792 -19.5164 2934.79
-64.904 -73.3104 2993.94
-83.0187 -467.386 3017.24
-218.512 324.949 2903.14
-140.789 315.149 2782.43
-12.1496 62.4353 2732.82
245.576 -798.035 3197.32
-52.0705 -64.4801 2820.94
53.8938 -87.4968 2814.21
113.508 -509.49 2911.08
-63.0667 305.349 2661.73
-73.1473 117.373 2843.25
FRAME: 169
-271.635 513.147 2652.64
-204.387 49.6945 2895.04
-108.998 -813.508 3095.4
-244.653 2.36657 2930.38
-68.2456 -75.2741 2984.88
-81.9314 -469.228 3014.83
-221.69 321.292 2898.32
-142.909 312.303 2776.83
-9.75702 66.7952 2728.11
250.667 -799.504 3188.22
-41.265 -70.2 2813.81
50.9668 -88.1946 2804.95
113.64 -514.805 2907.65
-64.1284 303.314 2655.34
-75.7744 115.284 2835.87
FRAME: 170
-272.129 509.878 2643.71
-200.82 68.4085 2872.65
-109.472 -822.606 3092.85
-247.79 108.586 2794.94
-69.9272 -84.3304 2972.9
-83.0611 -469.194 2999.04
-220.81 319.997 2894.95
-145.391 311.44 2773.33
-10.3668 65.8364 2724.65
253.976 -793.895 3186.67
-44.3477 -62.92 2804.06
41.3569 -96.6247 2795.89
117.409 -506.419 2913.78
-69.9727 302.883 2651.71
-79.8382 110.481 2828.86
FRAME: 171
-272.674 512.251 2629.31
-182.016 66.8515 2894.92
-114.506 -833.013 3089.57
-225.694 98.7628 2826.64
-75.7513 -89.6279 2957.38
-88.5941 -464.888 2987.27
-232.833 316.784 2873.37
-155.843 310.258 2759.13
-19.8254 48.2517 2727.52
268.715 -799.081 3163.48
-40.3887 -104.899 2833.51
35.102 -98.5062 2795.85
117.166 -503.41 2902.09
-78.8528 303.731 2644.89
-88.0839 108.095 2817.87
FRAME: 172
-271.792 513.399 2623.79
-173.152 73.7674 2902.64
-117.705 -829.446 3086.42
-198.211 29.6807 2850.64
-79.7987 -85.6535 2950.84
-93.977 -470.221 2984.47
-243.108 312.569 2852.14
-163.531 307.805 2746.03
-17.4579 43.1628 2729.61
276.028 -799.88 3157.62
-26.3111 -104.871 2843.56
37.5808 -92.0872 2797.14
117.223 -501.988 2907.32
-83.9534 303.041 2639.92
-92.3197 109.467 2810.01
FRAME: 173
-269.428 515.81 2621.96
-171.768 80.5023 2908.3
-120.3 -833.845 3085.44
-201.152 -15.5502 2913.93
-84.2327 -84.5781 2948.06
-96.8585 -459.944 2975.3
-250.739 312.667 2839.02
-169.163 308.237 2737.13
-26.1087 36.2168 2718.38
277.635 -794.777 3156.44
5.13742 -141.479 2830.84
37.2643 -90.7189 2798.27
115.034 -498.022 2910.62
-87.5864 303.808 2635.23
-96.3235 110.294 2805.15
FRAME: 174
-268.346 520.098 2612.52
-170.724 74.2846 2909.13
-124.048 -826.881 3080.01
-174.487 -47.0754 2922.62
-88.1264 -85.5796 2945.81
-105.892 -457.143 2967.14
-265.636 311.654 2812.28
-180.544 310.145 2720.37
-24.4538 42.9022 2715.52
282.967 -794.382 3160.25
25.7821 -155.791 2849.67
44.567 -87.8556 2802.81
121.673 -495.672 2916.75
-95.4517 308.637 2628.45
-101.162 111.714 2797.34
FRAME: 175
-263.102 518.888 2600.6
-170.887 88.999 2917.16
-124.536 -832.545 3081.14
-204.084 12.5465 2917.15
-93.1381 -83.3009 2945.69
-105.948 -459.731 2967.21
-266.234 315.098 2806.78
-179.017 313.564 2716.85
7.34141 56.2074 2709.43
279.891 -789.431 3164.33
11.6014 -158.96 2839.8
45.332 -85.6416 2803.24
124.776 -497.474 2920.06
-91.8001 312.03 2626.92
-101.46 114.547 2795.66
FRAME: 176
-258.275 522.787 2585.98
-174.733 91.3807 2922.88
-125.086 -826.956 3078.22
-192.107 -38.3207 2937.99
-98.9012 -82.4485 2942.27
-109.447 -455.394 2962.41
-270.409 318.547 2799.17
-180.505 317.375 2711.14
26.7251 63.8457 2707.06
273.136 -771.832 3172.18
30.8071 -165.024 2811.61
43.4827 -84.2394 2803.06
123.789 -501.431 2920.98
-90.6017 316.202 2623.12
-104.107 117.015 2791.9
FRAME: 177
-252.896 531.061 2573.47
-182.235 95.6545 2924.69
-126.779 -820.683 3073.51
-192.41 -54.7543 2902.83
-105.369 -81.0295 2942.92
-114.757 -459.919 2964.74
-272.322 322.724 2793.92
-180.573 321.157 2707.66
43.172 71.3893 2704.75
255.148 -728.942 3178.03
24.1631 -152.179 2814.39
42.312 -83.5238 2804.21
119.086 -507.324 2919.02
-88.8251 319.59 2621.41
-106.051 119.44 2790.61
FRAME: 178
-244.659 540.397 2565.01
-205.115 103.807 2933.9
-126.354 -826.577 3071.94
-216.998 -47.0158 2908.23
-122.747 -69.1739 2935.9
-120.571 -465.506 2966.75
-275.935 332.296 2791.11
-178.628 332.431 2708.21
48.5279 79.9974 2705.53
248.82 -708.103 3167.88
26.6927 -153.474 2809.85
38.0231 -68.9334 2799.11
113.923 -493.802 2911.73
-81.3206 332.567 2625.32
-110.495 131.689 2787.86
FRAME: 179
-236.879 546.339 2561.99
-223.654 111.753 2941.06
-126.706 -838.07 3074.77
-277.324 -76.4427 2960.15
-136.25 -56.4209 2927.76
-128.591 -462.381 2966.26
-277.24 336.627 2790.65
-175.242 338.376 2710.59
54.0718 83.6443 2704.62
251.471 -712.484 3174.71
34.8538 -172.071 2794.05
35.0572 -53.4592 2793.6
114.476 -476.246 2909.44
-73.2437 340.125 2630.53
-112.919 141.718 2785.64
FRAME: 180
-225.034 552.305 2562.15
-262.371 127.699 2962.71
-127.957 -840.437 3070.15
-332.772 -91.6179 2961.02
-143.35 -46.3434 2922.62
-142.629 -456.584 2960.71
-278.194 344.176 2791.31
-170.858 347.007 2713.03
43.5922 82.8373 2694.12
243.84 -687.001 3176.43
37.4979 -169.199 2795.42
34.0074 -41.6721 2793.38
110.534 -466.102 2908.12
-63.5221 349.839 2634.75
-112.765 151.5 2785.51
FRAME: 181
-209.155 567.94 2563.7
-279.692 157.012 2976.97
-131.066 -840.531 3066.1
-356.037 -65.3611 2932.22
-146.952 -32.8293 2919.38
-149.211 -454.403 2957.46
-282.599 355.087 2795.76
-170.025 357.608 2716.05
40.4819 88.4967 2688.97
223.769 -683.779 3186.96
19.9054 -166.777 2790.69
25.7162 -28.9572 2797.23
107.142 -450.694 2907.56
-57.4508 360.128 2636.34
-115.321 163.357 2787.18
FRAME: 182
-195.157 579.393 2569.45
-301.476 171.612 2985.56
-132.973 -837.959 3064.89
-390.849 -64.1176 2887.35
-150.733 -17.8676 2917.76
-155.178 -446.369 2954.5
-284.997 361.759 2797.58
-167.643 362.404 2717.72
43.2468 88.4164 2690.08
195.286 -664.764 3207.71
7.44486 -170.449 2783.78
15.1146 -16.8696 2804.88
101.516 -442.285 2906.41
-50.2904 363.048 2637.87
-117.726 172.517 2789.52
FRAME: 183
-183.574 586.02 2573.89
-331.251 186.998 2979.44
-135.89 -833.827 3064.9
-379.264 -75.52 2822.86
-155.958 -13.1932 2914.71
-157.511 -442.411 2954.33
-289.104 367.797 2799.2
-163.855 369.337 2722.45
53.8041 97.5904 2698.53
191.979 -675.533 3214.76
-6.68477 -145.905 2799.71
10.9731 -11.0228 2812.49
99.6309 -434.214 2912.38
-38.6067 370.877 2645.7
-118.174 178.614 2793.03
FRAME: 184
-163.13 600.621 2585.03
-360.276 183.444 2941.54
-140.84 -832.726 3060.18
-371.749 -90.2928 2760.77
-166.028 -6.78592 2909.33
-166.186 -440.667 2948.68
-289.378 379.565 2799.13
-147.186 380.952 2730.99
63.1084 98.6527 2709.93
167.586 -731.456 3216.26
-67.8956 -142.501 2771.67
10.2143 -4.99725 2824.7
97.4826 -435.431 2912.21
-4.99384 382.339 2662.85
-112.546 187.53 2799
FRAME: 185
-143.684 614.719 2599.33
-359.473 185.065 2929.94
-142.902 -833.938 3052.78
-330.903 -100.328 2719.72
-172.114 -4.39573 2904.58
-173.498 -440.936 2939.11
-284.15 390.409 2797.69
-136.161 392.231 2738.99
62.7599 117.211 2713.92
144.38 -713.84 3228.14
-171.06 -71.0216 2730.95
12.1389 -2.05993 2831.52
95.748 -430.296 2913.62
11.8278 394.053 2680.3
-108.074 194.502 2803.52
FRAME: 186
-128.418 625.004 2611.32
-350.707 188.804 2902.6
-143.734 -835.745 3048.02
-346.962 -79.6717 2701.66
-175.994 -1.418 2899.01
-176.352 -441.979 2930.26
-277.912 400.982 2792.47
-127.643 404.19 2745.59
78.7161 136.567 2722.82
110.715 -683.937 3233.81
-204.689 -69.4669 2698.89
15.1039 2.72093 2839.5
92.7041 -423.802 2916.66
22.6255 407.397 2698.7
-104.044 202.42 2807.42
FRAME: 187
-116.499 631.387 2625.98
-345.329 173.842 2878.42
-145.094 -831.718 3047.69
-302.512 -104.879 2651.05
-178.099 5.40371 2899.72
-179.551 -433.409 2928.29
-272.469 405.604 2786.15
-117.656 410.526 2754.47
113.522 155.081 2770.53
86.8992 -681.028 3229.59
-189.418 -86.1868 2664.96
19.4578 11.6815 2859.38
88.2322 -414.659 2925.54
37.1578 415.448 2722.79
-98.4881 209.534 2817.01
FRAME: 188
-103.55 640.358 2643.78
-331.487 150.726 2858.87
-146.994 -828.01 3043.01
-226.45 -93.513 2611.54
-177.632 3.72464 2903.52
-180.505 -427.331 2924.17
-264.713 402.811 2782.66
-107.906 408.335 2763.47
118.299 149.871 2793.7
85.7678 -687.448 3251.96
-128.88 -87.8204 2664.53
21.0178 10.7622 2879.33
92.5125 -403.966 2949.49
48.9018 413.859 2744.28
-93.1064 207.789 2827.45
FRAME: 189
-89.5579 645.507 2656.07
-311.518 137.594 2841.55
-146.876 -814.131 3040.41
-170.381 -82.51 2595.73
-174.913 -0.620427 2901.85
-179.364 -424.474 2921.04
-254.443 406.653 2779.53
-95.0233 411.636 2771.37
134.249 146.388 2825.4
84.566 -697.459 3289.49
-84.8604 -94.8871 2648.33
23.0654 5.61359 2891.83
98.6108 -393.264 2985.42
64.3966 416.619 2763.2
-85.4736 207.066 2834.1
FRAME: 190
-71.0788 657.148 2674.42
-291.091 134.141 2840.28
-146.217 -808.285 3041.82
-108.579 -90.4916 2618.74
-167.317 -4.46202 2902.29
-177.311 -418.491 2918.11
-245.726 407.251 2781.15
-84.0036 413.313 2782.77
151.979 150.706 2853.89
77.0151 -690.912 3298.09
-34.6411 -101.89 2655.7
27.8481 2.85751 2904.35
103.539 -388.067 3006.07
77.7189 419.374 2784.39
-76.8691 206.255 2843.05
FRAME: 191
-35.6582 673.771 2715.99
-243.922 144.89 2858.17
-142.053 -803.726 3035.79
-57.0508 -50.8542 2711.37
-153.458 4.59942 2910.68
-156.489 -413.61 2922.19
-209.729 424.129 2800.17
-53.117 423.295 2809.69
166.911 146.907 2884.07
67.2504 -688.181 3314
25.2537 -131.875 2637.3
30.2052 3.60787 2921.83
103.578 -380.144 3038.61
103.495 422.46 2819.2
-57.3718 213.699 2862.97
FRAME: 192
-20.4632 680.605 2735.87
-211.319 145.797 2847.87
-133.203 -805.113 3051.93
12.6926 -58.1946 2744.77
-140.67 4.60229 2927.63
-145.421 -417.306 2937.85
-186.382 428.415 2807.32
-36.4637 429.324 2831.71
172.566 145.915 2914.1
60.1782 -683.591 3326.96
72.4887 -136.034 2687.93
36.5765 5.64767 2956.42
105.877 -385.704 3065.98
113.454 430.233 2856.1
-44.2553 217.224 2886.87
FRAME: 193
-4.90279 686.99 2756.6
-185.397 163.181 2858.73
-129.063 -805.102 3057.22
75.0652 -92.8105 2729.34
-131.354 2.40931 2934.62
-134.808 -420.082 2949.95
-165.896 434.232 2822.82
-18.9595 432.274 2852.17
180.485 142.348 2940.48
55.1243 -683.412 3353.24
143.945 -132.45 2770.65
41.8304 0.0918178 2969.1
104.85 -392.245 3095.4
127.977 430.317 2881.51
-31.8606 216.762 2902.01
FRAME: 194
12.9785 694.824 2777.57
-165.762 171.801 2872.2
-123.96 -805.658 3061.87
60.7769 -46.4516 2788.2
-119.759 -6.29641 2950.97
-124.639 -425.263 2964.43
-139.333 437.2 2838.95
0.508816 433.99 2868.67
196.671 145.101 2979.99
50.3513 -691.434 3383.37
160.684 -138.903 2826.79
57.5167 -10.3711 2988.62
106.498 -409.987 3124.27
140.351 430.78 2898.39
-15.3061 212.828 2919.23
FRAME: 195
32.9272 701.806 2802.03
-139.54 182.384 2888.61
-118.933 -809.567 3069.78
57.0078 -47.0667 2784.14
-114.155 -5.6319 2965.66
-118.154 -425.835 2975.43
-114.824 445.273 2852.83
17.6212 440.704 2885.39
197.588 151.475 3006.93
48.2831 -696.507 3394.11
185.874 -110.46 2870.82
67.8998 -11.8944 3010.41
106.428 -419.396 3146.09
150.067 436.135 2917.95
-2.7532 215.971 2936.71
FRAME: 196
51.954 706.444 2827.14
-122.233 180.505 2907.13
-115.157 -809.596 3079.52
46.6773 -55.2494 2787.72
-102.704 -6.53345 2986.69
-108.005 -431.057 2988.07
-88.6908 451.723 2872.46
39.3605 445.367 2908.86
207.194 161.434 3040.57
51.3352 -707.049 3412.39
209.519 -86.3412 2910.92
77.1563 -15.3403 3037.91
108.89 -427.868 3172.11
167.412 439.011 2945.25
13.2933 217.215 2960.58
FRAME: 197
67.9111 707.365 2847.17
-105.201 182.476 2927.98
-112.583 -806.557 3078.55
45.6263 -57.4159 2812.77
-93.907 0.623226 3001.45
-98.2502 -426.661 2992.86
-65.7342 455.824 2890.41
55.7004 446.857 2925.67
210.758 166.855 3057.86
54.8248 -726.519 3428.38
239.042 -72.5881 2944.77
79.7477 -12.2275 3051.8
109.334 -419.136 3200.57
177.135 437.89 2960.94
24.3104 220.527 2976.15
FRAME: 198
95.9488 699.021 2878.61
-98.3503 188.289 2964.23
-108.873 -816.89 3079.41
31.3283 -42.2371 2849.07
-68.8617 2.21493 3029.43
-79.1312 -426.281 2993.48
-44.4418 437.061 2907.5
69.4943 431.93 2946.55
219.481 161.699 3088.15
64.2809 -740.703 3444
285.191 -75.1048 3028.9
92.6883 -5.14202 3084.81
127.493 -400.624 3247.69
183.43 426.799 2985.59
40.7038 215.233 3001.83
FRAME: 199
112.086 696.789 2900.61
-94.52 190.018 2973.94
-101.358 -823.959 3085.54
24.951 -44.6291 2875.88
-53.883 9.49985 3046.78
-66.3139 -420.842 2999.19
-17.9452 441.227 2917.81
91.4482 436.568 2965.4
226.197 165.607 3114.45
64.6177 -743.391 3448.65
305.204 -94.443 3103.2
100.197 2.69398 3113.48
133.385 -386.093 3268.6
200.842 431.908 3012.99
57.3026 221.332 3022.76
FRAME: 200
125.85 693.581 2921.95
-89.4833 192.186 2976.88
-96.0456 -831.111 3091.87
2.79315 -52.7889 2918.82
-46.1093 20.6712 3058.18
-59.4859 -417.679 3004.02
-0.292284 443.901 2925.74
105.946 440.144 2981.49
229.847 170.72 3150.48
67.2342 -742.683 3446.56
296.679 -88.3245 3103.24
105.755 15.2797 3137.77
137.046 -373.769 3279.06
212.184 436.387 3037.25
67.8842 229.06 3039.73
FRAME: 201
137.217 690.961 2938.56
-77.3614 183.494 2980.35
-89.1873 -835.421 3103.2
14.6278 -65.5269 2929.56
-36.1586 24.551 3070.5
-52.8523 -419.537 3013.8
16.2012 439.473 2937.02
115.898 437.624 2999.4
229.962 168.802 3169.52
69.6075 -743.029 3445.63
276.492 -128.808 3056.58
107.16 21.8584 3160.12
141.302 -372.44 3282.7
215.595 435.774 3061.77
75.6994 230.414 3057.35
FRAME: 202
149.723 688.044 2955.1
-49.2583 163.687 2989
-86.7607 -840.217 3114.54
115.912 -63.9867 2969.16
-31.3653 22.7184 3078.83
-46.2615 -421.099 3021.77
27.5971 428.32 2944.36
120.612 430.249 3013.37
228.035 178.348 3187.36
73.115 -741.803 3440.87
290.365 -127.435 3020.47
112.976 25.6812 3185.75
147.288 -372.728 3281.74
213.626 432.178 3082.38
80.7086 227.225 3072.83
FRAME: 203
163.919 704.067 2986.31
37.9851 161.459 2926.9
-86.1726 -838.54 3124.73
143.864 -68.5915 2875.84
-2.36849 26.0243 3083.82
-39.1535 -419.668 3031.38
47.9027 438.667 2946.3
131.422 447.13 3032.96
214.81 204.124 3220.36
76.3587 -743.026 3434.8
326.017 -62.6583 3108.58
117.305 37.9618 3206.88
152.46 -375.833 3277.37
214.942 455.593 3119.62
94.4454 239.561 3089.16
FRAME: 204
167.096 714.454 3004.63
59.3822 163.532 2905.12
-82.8865 -839.894 3124.63
165.555 -39.7463 2821.87
4.63652 31.1209 3083.49
-29.9345 -419.89 3030.54
52.9291 443.367 2955.32
129.069 454.2 3049.28
203.968 210.389 3239.86
76.22 -741.411 3433.42
293.511 -41.7165 3161.94
117.388 47.0642 3221.94
155.719 -372.026 3277.21
205.209 465.034 3143.24
95.0406 246.646 3101
FRAME: 205
166.409 723.745 3018.83
86.7856 196.285 2867.39
-76.3741 -840.291 3126.78
152.078 59.3592 2789.53
10.1816 34.3477 3087.24
-19.4164 -419.958 3031.58
54.8623 449.034 2954.83
121.937 465.463 3054.27
204.86 217.06 3241.03
74.054 -732.5 3429.67
325.153 2.0963 3331.5
114.085 59.8739 3240.95
155.434 -364.597 3270.38
189.013 481.892 3153.71
92.0353 256.287 3109.18
FRAME: 206
164.808 733.097 3031.59
100.114 250.012 2826.96
-68.9616 -837.518 3125.69
189.302 156.833 2670.51
14.5498 35.4115 3087.86
-9.97159 -417.234 3031.08
52.3881 452.634 2955.83
120.72 469.829 3058.94
209.701 219.258 3234.59
69.4053 -731.705 3435.41
347.639 30.6709 3329.88
117.989 61.4816 3243.56
151.079 -363.927 3276.43
189.052 487.025 3162.05
93.4947 259.138 3112.32
FRAME: 207
166.37 742.712 3040
117.92 305.856 2786.17
-65.5208 -831.953 3126.37
212.925 241.317 2607.49
23.4061 38.9134 3087.2
1.64221 -411.391 3034.71
52.0062 457.599 2949.12
120.936 477.455 3055.95
210.154 233.548 3262.81
66.2353 -731.047 3435.95
359.732 32.0428 3340.64
124.308 67.9779 3243.3
149.09 -363.004 3279.73
189.865 497.311 3162.78
97.3964 265.45 3110.6
FRAME: 208
171.786 756.807 3048.93
118.057 403.642 2718.41
-61.1329 -820.68 3128.35
203.097 410.214 2553.35
27.8361 45.9218 3086.41
8.15033 -402.643 3036.97
51.3855 463.978 2939.22
119.797 486.48 3048.97
200.956 258.861 3267.56
62.3105 -732.494 3432.85
333.275 82.5105 3352.76
124.303 77.7741 3241.02
146.169 -352.699 3281.34
188.208 508.983 3158.72
97.9332 274.164 3106.34
FRAME: 209
169.968 779.778 3066.72
141.039 552.396 2721.63
-60.1029 -806.814 3129.42
204.882 494.366 2575.34
34.4221 57.5256 3082.59
12.5687 -390.457 3039.24
54.8435 477.058 2938.1
119.232 499.782 3049.07
195.353 267.238 3272.13
60.6957 -739.398 3429.74
346.572 90.9837 3408.98
124.724 89.4759 3237.76
139.811 -347.243 3284.95
183.619 522.507 3160.05
99.4022 286.642 3104.62
FRAME: 210
154.645 785.861 3055.32
120.584 578.231 2726.59
-57.5737 -805.598 3130.77
180.285 773.926 2584.76
44.9267 63.7421 3076.79
21.4626 -387.326 3041.88
57.5917 492.687 2940.17
119.932 512.423 3051.49
188.925 274.658 3272.17
57.836 -736.255 3427.32
251.397 125.379 3335.22
125.719 89.3674 3220.53
138.947 -339.081 3285.97
182.273 532.159 3162.82
102.628 294.489 3100.08
FRAME: 211
151.13 786.615 3052.47
105.191 605.559 2733.95
-55.2119 -808.008 3132.69
182.188 867.531 2632.57
52.3436 73.9131 3070.34
31.8018 -385.102 3045.75
56.9689 500.892 2940.56
118.356 518.35 3052.32
180.492 285.068 3275.52
53.6114 -727.807 3424.45
243.781 128.158 3349.18
125.537 94.811 3203.07
141.451 -329.421 3282.81
179.743 535.808 3164.08
103.648 301.356 3094.51
FRAME: 212
148.48 789.232 3051.11
101.64 639.504 2736.49
-52.9298 -809.032 3132.24
159.437 933.231 2630.79
54.9223 82.1675 3068.32
39.9864 -381.005 3045.4
58.3703 513.746 2938.47
118.761 530.024 3051.84
174.573 298.656 3279.12
52.4431 -726.908 3425.74
242.598 129.333 3358.59
122.178 100.367 3194.23
141.188 -326.619 3284.1
179.152 546.302 3165.22
103.656 310.646 3091.56
FRAME: 213
144.038 793.2 3051.87
95.4075 659.889 2748.02
-53.4401 -810.744 3134.22
149.382 956.642 2635.68
54.7754 95.1098 3069.55
46.489 -376.103 3044.97
60.0206 521.1 2937.78
117.623 537.034 3052.5
171.555 337.31 3245.42
51.9666 -721.837 3420.84
226.682 214.044 3290.72
115.066 111.802 3189.33
144.482 -316.907 3283.4
175.225 552.969 3167.23
101.272 320.245 3090.97
FRAME: 214
136.148 798.829 3050.84
91.1769 676.457 2753.65
-54.097 -810.082 3135.55
162.023 959.151 2667.61
53.6401 100.753 3070.64
54.4729 -368.667 3037.96
60.1599 527.75 2931.69
115.153 545.199 3050.14
167.749 389.879 3251.88
52.1164 -720.711 3415.76
222.27 276.704 3270.32
108.939 118.359 3189.69
148.162 -311.184 3282.57
170.146 562.647 3168.6
98.2213 327.377 3090.15
FRAME: 215
127.287 809.81 3048.41
89.6782 688.897 2755.99
-54.5519 -813.777 3130.18
152.774 975.722 2651.83
54.606 101.71 3069.23
58.5699 -368.226 3031.95
56.4979 535.979 2928.47
112.451 553.575 3048.48
165.727 435.988 3228.56
51.1769 -720.755 3415.4
217.989 312.287 3260.52
109.347 118.955 3186.45
147.822 -309.497 3284.64
168.405 571.172 3168.48
97.2139 331.954 3088.16
FRAME: 216
121.716 819.735 3047.28
82.9549 712.515 2754.17
-55.7659 -816.7 3118.58
140.45 968.434 2620.77
54.365 104.175 3066.66
59.8638 -369.98 3022.93
54.36 542.211 2928.04
110.164 558.953 3048.07
163.373 459.438 3227.22
49.3631 -716.898 3412.14
209.658 354.243 3241.61
107.834 120.214 3181.51
149.438 -303.53 3285.96
165.969 575.696 3168.1
95.632 335.574 3086.08
FRAME: 217
116.953 827.173 3046.33
59.322 726.931 2751.25
-56.9209 -807.312 3101.58
122.67 964.807 2626.38
56.599 114.942 3057.87
59.4354 -362.705 3010.19
50.6329 550.498 2928.13
108.284 563.145 3047.42
162.906 473.956 3227.79
45.1808 -720.78 3414.08
211.55 387.31 3238.65
104.882 125.608 3157.65
151.492 -305.398 3290.82
165.935 575.793 3166.71
94.5122 341.71 3077.59
FRAME: 218
117.044 826.786 3047.56
31.4778 724.46 2742.61
-56.5216 -801.798 3094.5
91.7 959.684 2574.61
51.7649 117.023 3046.89
55.537 -363.826 3002.89
46.8197 558.261 2929.54
105.944 567.751 3047.8
162.511 481.672 3220.22
42.9642 -716.089 3413.81
211.658 388.667 3238.98
102.896 125.264 3148.93
158.148 -301.223 3284.23
165.069 577.241 3166.07
91.6375 344.447 3072.86
FRAME: 219
122.634 810.973 3049.89
6.6904 709.931 2724.83
-62.5228 -797.769 3087.08
41.7217 949.744 2531.7
47.7287 110.824 3036.38
47.5668 -363.889 2988.65
44.6741 565.665 2930.08
110.204 572.34 3035.37
164.835 507.294 3140.03
46.3256 -713.928 3417.17
185.445 440.339 3176.58
114.709 117.751 3138.5
161.736 -300.902 3283.1
175.734 579.015 3140.67
95.7114 343.314 3061.41
FRAME: 220
123.758 797.07 3049.79
-21.0686 698.033 2715.66
-62.5083 -795.555 3080.58
1.65099 938.433 2533.68
46.5656 106.753 3024.54
44.9037 -365 2977.21
38.4066 569.105 2931.61
107.125 574.241 3034.04
163.143 513.739 3054.13
45.872 -712.872 3419.33
185.478 416.734 3156.55
119.707 112.301 3129.16
163.258 -301.329 3282.33
175.844 579.378 3136.48
95.1308 341.884 3055.45
FRAME: 221
128.592 782.803 3050.28
-121.934 646.958 2703.88
-64.7444 -788.432 3079.22
-165.147 856.366 2446.03
44.668 95.3832 3014.38
43.3352 -366.748 2969.27
29.2438 566.242 2930.63
100.816 570.803 3025.87
126.157 508.745 2983.46
50.4468 -726.043 3410.41
161.981 423.234 3137.47
124.292 100.645 3115.55
164.527 -323.808 3265.56
172.387 575.365 3121.12
92.6478 334.409 3045.42
FRAME: 222
131.47 773.665 3048.68
-204.923 578.012 2742.92
-75.084 -786.183 3068.94
-329.03 708.046 2460.7
33.101 95.2859 3002.47
29.9108 -373.074 2937.57
-1.92644 561.963 2929.84
80.1604 567.626 3002.48
114.291 501.979 2965.68
64.4937 -735.637 3408.08
120.246 473.484 3087.17
132.522 102.788 3086.12
170.971 -334.96 3243.41
162.247 573.288 3075.13
81.486 333.331 3023.39
FRAME: 223
129.085 759.043 3038.01
-244.929 534.557 2780.43
-80.13 -788.616 3040.74
-420.414 602.693 2490.04
24.0488 73.2268 2989.45
19.0309 -381.842 2914.31
-11.1437 549.628 2937.82
75.0101 553.934 2994.04
105.781 492.218 2945.1
69.529 -732.579 3406.91
57.0958 539.782 2986.51
140.447 79.3639 3062.57
175.62 -349.257 3219.58
161.164 558.241 3050.27
78.6291 315.115 3010.03
FRAME: 224
129.568 743.071 3042.56
-308.332 474.464 2907.22
-89.0186 -802.116 3040.69
-488.854 478.826 2602.29
11.6168 44.4076 2976.35
3.10433 -400.917 2910.06
-23.1754 539.58 2941.55
66.5334 542.914 2989.41
94.0466 485.725 2946.95
70.0628 -727.174 3383.19
13.3433 512.739 2982.54
141.357 49.77 3043.49
171.19 -389.583 3181.93
156.242 546.247 3037.27
71.5103 295.001 2999.66
FRAME: 225
128.69 727.859 3045.71
-305.338 434.79 2942.76
-98.4113 -830.223 3054.43
-530.651 358.561 2656.96
3.74341 16.9615 2981.69
-10.8822 -430.945 2925.96
-45.6549 510.93 2966.6
51.7539 517.217 2999.85
58.0267 473.895 2953.72
73.6108 -728.657 3377.83
-1.69537 544.278 3003.39
158.064 27.1035 3031.22
168.217 -399.433 3163.14
149.163 523.504 3033.11
66.3287 269.625 3003.15
FRAME: 226
120.959 722.333 3037.36
-302.408 383.53 2967.89
-100.712 -836.168 3049.1
-555.809 229.265 2779.54
-2.01469 4.18534 2969.39
-13.3074 -442.388 2916.91
-58.4889 487.492 2948.32
52.9009 494.571 2993.6
110.469 468.81 3001.12
66.9719 -731.714 3367.79
104.435 574.588 3129.57
165.14 15.2016 3036.13
176.496 -413.02 3148.77
164.291 501.649 3038.89
67.2318 252.132 2998.18
FRAME: 227
107.345 717.876 3018.2
-301.952 306.252 2999.39
-104.856 -835.235 3051.91
-551.378 97.1731 2895.83
-8.98133 -20.2381 2966.93
-22.6827 -449.175 2915.26
-70.9972 469.617 2941.5
52.6963 477.846 2986.67
320.999 468.047 3172.52
66.9212 -750.312 3372.08
225.832 674.802 3303.87
173.496 -7.88577 3032.89
183.53 -452.533 3137.33
176.39 486.075 3031.84
67.4769 231.892 2993.29
FRAME: 228
84.9351 719.187 2987.88
-289.378 272.25 3029.51
-107.855 -843.447 3058.38
-522.067 27.8913 2977.6
-14.8341 -21.6835 2970.12
-33.2663 -460.371 2922.71
-84.0061 467.297 2939.91
50.5684 477.113 2978.9
347.788 444.312 3149.96
78.5666 -741.874 3371.93
284.568 668.745 3271.78
177.986 -7.55066 3025.78
185.286 -445.064 3126.85
185.143 486.929 3017.88
66.0723 231.248 2988.42
FRAME: 229
66.9435 721.126 2970.3
-274.84 259.395 3039.09
-111.513 -849.039 3064.98
-467.26 -26.5336 3045.39
-23.6389 -23.6703 2974.61
-44.2859 -465.32 2934.79
-98.3877 460.513 2939.21
45.2939 471.843 2968.66
381.203 465.034 3095.34
88.3584 -734.98 3378.49
318.656 632.706 3211.43
180.644 -7.51246 3016.32
194.419 -451.665 3106.12
188.976 483.172 2998.11
61.8983 228.126 2982.06
FRAME: 230
43.9608 722.71 2954.87
-252.925 236.767 3057.3
-113.145 -850.973 3073.1
-427.755 -55.3881 3099.93
-32.0082 -19.6846 2983.58
-55.4208 -465.817 2946.34
-116.359 453.043 2946.15
36.8085 465.201 2957.13
375.712 501.513 3028.75
106.47 -726.222 3365.44
325.768 629.208 3211.46
176.619 -3.08221 2998.57
200.209 -437.385 3076.33
189.976 477.358 2968.12
54.5569 226.909 2974.1
FRAME: 231
11.7756 730.064 2929.14
-221.196 225.872 3081.17
-115.557 -846.749 3074.89
-375.789 -56.5588 3132.35
-40.4489 -9.60093 2987.72
-80.5949 -451.621 2956.05
-128.796 457.247 2960.56
26.8418 467.495 2950.23
266.275 475.789 2894.8
158.62 -705.264 3359.24
295.355 541.165 2996.34
160.715 3.64361 2974.27
187.715 -431.222 3052.08
182.48 477.744 2939.9
43.4875 232.258 2965.61
FRAME: 232
-7.30551 734.958 2908.4
-200.853 221.267 3090.07
-114.466 -844.255 3077.76
-362.411 -57.7045 3156.83
-46.7746 -1.23578 2992.83
-91.7225 -438.917 2967.8
-132.869 466.166 2967.75
15.26 475.808 2940.19
233.1 391.358 2893.48
180.015 -703.167 3343.39
225.744 487.816 2804.17
152.717 11.7513 2955.48
179.513 -425.4 3026.57
163.389 485.449 2912.64
34.1155 240.533 2957.18
FRAME: 233
-21.239 739.764 2889.73
-173.11 226.046 3092.81
-112.573 -838.094 3080.76
-346.818 -43.5372 3140.79
-51.5204 12.7882 2999.8
-94.9464 -426.056 2981.19
-130.12 481.61 2969.98
5.42613 488.972 2927.71
198.415 475.43 2789.78
214.672 -693.804 3320.08
192.172 523.425 2668.04
140.925 23.2451 2939.45
174.943 -420.281 3003.65
140.973 496.333 2885.45
25.0641 253.494 2948.67
FRAME: 234
-33.3838 743.375 2875.44
-160.85 243.832 3094.84
-107.276 -829.497 3086.86
-328.561 -21.6344 3135.73
-52.0034 26.8381 3007.6
-94.4442 -417.589 2995.52
-130.703 498.731 2971.39
-3.56497 503.751 2913.72
188.817 498.818 2718.63
222.022 -700.269 3303.77
199.189 684.646 2484.01
131.351 34.0684 2924.24
171.279 -408.169 2993.13
123.573 508.771 2856.04
18.0544 267.102 2939.82
FRAME: 235
-47.8361 736.329 2846.21
-144.506 240.387 3101.41
-97.9464 -822.76 3099.73
-330.142 -18.3469 3127.65
-46.8848 32.1483 3020.87
-87.3463 -413.625 3012.4
-129.894 498.595 2981.38
-14.7505 501.846 2906.52
139.789 551.537 2619.67
241.81 -698.807 3288.24
105.335 639.823 2379.46
121.62 36.8283 2911.43
164.714 -404.169 2981.65
100.393 505.097 2831.66
11.3086 268.167 2936.33
FRAME: 236
-57.6145 719.937 2831.32
-139.899 232.674 3100.73
-91.7681 -819.61 3106.03
-329.068 -16.6054 3102.49
-43.1987 33.4558 3031.29
-82.0945 -413.369 3023.03
-123.734 481.386 2971.96
-21.496 480.298 2889.96
76.6304 432.436 2554.48
254.731 -704.966 3290.32
18.1282 482.14 2309.31
115.215 31.7402 2905.21
161.517 -413.394 2978.6
80.742 479.209 2807.95
7.25597 256.448 2929.1
FRAME: 237
-88.0459 699.486 2813.64
-145.988 228.991 3090.29
-88.4071 -813.197 3108.63
-322.395 -21.7114 3098.13
-38.0761 31.0864 3035.48
-77.064 -406.393 3027.55
-122.116 467.268 2964.47
-24.4534 461.962 2875.07
38.3096 366.811 2538.22
252.551 -705.167 3276.12
-63.5252 365.394 2333.87
111.103 23.1768 2901.27
160.83 -421.215 2975.96
73.209 456.656 2785.67
6.03001 244.547 2921.72
FRAME: 238
-102.437 687.419 2804.25
-144.238 218.868 3070.14
-83.438 -812.829 3111.64
-336.404 -27.0045 3107.5
-32.5474 33.4629 3038.93
-72.3176 -403.407 3030.78
-124.463 457.594 2958.23
-30.5202 447.506 2859.25
-9.98076 280.253 2587.3
259.142 -719.057 3265.63
-99.1944 290.732 2392.45
105.417 18.4256 2894.8
155.221 -426.468 2971.05
63.423 437.418 2760.26
2.95738 236.725 2913.06
FRAME: 239
-119.872 672.094 2788.3
-137.633 206.465 3071.03
-78.7432 -816.737 3112.56
-301.815 -20.968 3104.43
-28.9439 29.971 3039.25
-67.4827 -407.489 3031
-133.301 448.347 2953.72
-45.3134 434.961 2846.98
-43.4584 207.701 2621.33
255.347 -721.795 3260.68
-148.102 169.659 2448.48
95.3284 11.0803 2889.3
149.7 -427.68 2966.47
42.6742 421.576 2740.24
-6.06061 227.744 2905.63
FRAME: 240
-137.66 652.961 2773.54
-133.929 185.747 3084.24
-69.2927 -826.849 3115.58
-256.813 -43.5803 3133.08
-20.6416 12.4557 3040.4
-59.6057 -423.772 3034.43
-139.321 433.015 2959.58
-64.7775 415.222 2840.1
-63.3657 134.42 2668.69
249.95 -725.92 3260.43
-201.349 47.7647 2556.31
78.8552 -11.4128 2881.13
142.485 -440.551 2967.72
9.7661 397.429 2720.61
-17.8354 207.872 2900.43
FRAME: 241
-167.247 623.592 2756.62
-133.338 169.293 3072.59
-69.5363 -833.085 3112.8
-270.217 -67.6939 3101.16
-18.7631 -6.5054 3036.25
-59.3683 -432.029 3031.27
-160.458 402.388 2947.07
-87.9337 389.466 2832.34
-85.7641 117.842 2705.04
254.679 -738.246 3265.03
-264.933 -108.785 2704.44
81.7376 -24.2188 2878.32
147.198 -456.761 2970.95
-15.409 376.544 2717.62
-28.2232 187.052 2894.81
FRAME: 242
-192.794 592.199 2736.64
-160.113 111.826 3019.45
-67.3945 -838.644 3105.58
-308.842 -155.195 3008.17
-19.6086 -28.1575 3026.66
-56.0644 -452.357 3026.37
-168.192 378.938 2935.47
-96.5229 371.929 2830.9
-85.3802 99.9613 2728.04
255.006 -741.467 3268.54
-245.161 -118.472 2798.14
80.2165 -38.4138 2879.64
151.702 -474.422 2976.38
-24.8536 364.921 2726.34
-33.1095 169.322 2892.03
FRAME: 243
-215.081 569.013 2718.81
-195.759 31.8434 2949.04
-66.9246 -841.511 3102.69
-341.214 -222.522 2961.42
-14.6899 -41.3235 3023.74
-50.1218 -454.863 3027.2
-175.126 371.032 2935.67
-106.047 362.735 2822.91
-97.0855 90.5495 2739.77
261.247 -755.416 3259.6
-233.738 -121.161 2890.84
78.817 -51.789 2873.52
146.229 -484.627 2970.68
-36.9673 354.438 2710.14
-36.9916 158.089 2885.77
FRAME: 244
-244.832 541.727 2703.66
-209.284 19.9824 2947.35
-76.3132 -857.507 3101.15
-332.837 -238.96 2985.93
-18.278 -56.733 3016.02
-50.9556 -473.416 3029.7
-189.805 353.982 2925.09
-119.973 348.516 2812.71
-106.562 78.3076 2737.09
273.374 -767.907 3261.06
-209.797 -103.975 2917.77
76.9074 -62.3261 2869.18
148.798 -496.333 2972.65
-50.1411 343.05 2700.33
-45.3291 144.493 2877.66
FRAME: 245
-264.287 522.72 2689.02
-218.724 0.506817 2933.73
-78.602 -867.183 3100.76
-329.739 -260.511 2997.53
-19.7551 -60.4057 3007.54
-50.5454 -481.71 3031.19
-206.328 338.731 2911.84
-135.6 337.173 2802.06
-103.113 71.9795 2738.34
273.441 -778.762 3251.97
-193.081 -94.7222 2907.82
75.3174 -60.4379 2866.75
145.109 -491.17 2969
-64.8718 335.615 2692.29
-53.9094 138.376 2869.61
FRAME: 246
-278.071 508.899 2675.4
-211.357 -0.281905 2924.68
-76.7871 -871.742 3102
-261.165 -190.06 3045.45
-21.6302 -60.3009 3009.79
-48.5703 -483.783 3032.3
-215.273 332.24 2915.38
-146.836 325.765 2795
-106.327 61.9928 2735.78
266.039 -786.832 3235.6
-117.511 -99.7507 2848.87
67.848 -65.7723 2861.43
142.061 -489.982 2956.59
-78.3982 319.291 2674.62
-61.8633 131.364 2865.3
FRAME: 247
-286.674 488.748 2654.59
-222.203 -2.99719 2896.13
-74.239 -879.441 3105.34
-270.289 -189.007 2984.23
-22.9625 -64.3007 2995.17
-48.6805 -486.506 3029.74
-224.913 310.056 2884.22
-151.664 314.716 2780.6
-91.9224 65.3249 2719.74
259.007 -789.98 3226.79
-106.531 -90.8479 2843.26
71.9958 -54.6644 2870.49
137.874 -479.647 2956.91
-78.4142 319.376 2676.99
-63.5735 127.617 2856.72
FRAME: 248
-295.513 469.564 2633.33
-234.54 -16.2598 2875.65
-79.2931 -888.684 3102.74
-288.353 -218.503 2938.6
-29.0138 -64.4801 2987.66
-49.303 -487.561 3027.03
-239.947 287.817 2854.4
-161.577 301.948 2761.97
-94.2223 57.9663 2703.36
257.653 -797.188 3231.14
-110.47 -104.434 2820.02
72.9531 -41.2396 2879.1
137.1 -470.509 2953.45
-83.2057 316.079 2669.54
-69.8034 124.544 2847.68
FRAME: 249
-293.779 475.479 2631.9
-219.61 8.58347 2890.57
-75.1308 -885.707 3100.44
-264.368 -189.109 2950.97
-23.4058 -61.0717 2985.61
-47.5282 -486.037 3025.44
-234.68 292.526 2859.24
-162.231 300.901 2759.74
-77.5507 57.0469 2700.03
249.916 -799.009 3215.05
-66.8844 -124.343 2816.38
69.5767 -45.5429 2869.6
127.737 -478.019 2934.46
-89.781 309.277 2660.25
-69.5725 123.797 2843.67
FRAME: 250
-293.626 472.294 2624.19
-213.68 26.7454 2865.07
-78.6963 -884.449 3098.91
-268.562 -132.731 2890.57
-28.7252 -63.8267 2979.99
-50.8039 -487.208 3020.78
-246.759 279.339 2836.15
-168.38 292.469 2745.18
-77.5837 53.1185 2691.65
252.028 -799.93 3205.06
-47.3767 -102.337 2804.55
75.0841 -43.0248 2867.88
132.047 -476.221 2928.94
-90.0006 305.599 2654.2
-72.6001 119.522 2834.55
FRAME: 251
-289.099 478.548 2619.19
-216.762 33.7234 2868.12
-78.3288 -877.683 3107.6
-279.662 -100.199 2863.33
-43.3801 -68.4252 2970.84
-54.8383 -483.41 3026.66
-254.148 283.705 2830.4
-167.985 297.957 2740.28
-57.1558 60.2638 2691.01
248.424 -803.376 3188.76
-35.8108 -137.05 2784.25
73.5339 -47.202 2853.66
129.089 -480.888 2914.48
-81.8216 312.209 2650.15
-76.454 120.072 2826.27
FRAME: 252
-280.778 487.559 2613.4
-208.746 48.5028 2873.76
-81.9515 -873.473 3108.23
-275.056 -79.0325 2856.55
-53.4489 -62.3153 2966.31
-65.6387 -480.15 3020.05
-265.048 289.844 2809.05
-175.2 301.56 2725.7
-51.298 56.9572 2688.89
253.689 -805.102 3186.67
-31.6975 -153.093 2784.22
74.2909 -45.4685 2848.8
128.837 -476.341 2914.74
-85.3521 313.277 2642.36
-82.3894 123.834 2816.63
FRAME: 253
-271.601 498.146 2610.34
-201.707 64.0175 2880.3
-81.7094 -868.77 3103.11
-262.551 -78.4428 2858.29
-56.4453 -56.3549 2966.73
-72.1243 -473.124 3007.77
-264.037 303.371 2809.53
-176.376 308.055 2722.28
-46.701 46.4366 2692.23
254.41 -798.438 3179.67
-37.5514 -157.779 2776.79
69.2796 -49.8206 2841.32
128.528 -472.589 2913.93
-88.716 312.74 2635.03
-84.9796 127.484 2813.15
FRAME: 254
-262.218 509.294 2608.04
-192.395 77.7305 2894.71
-79.9114 -858.718 3098.95
-248.696 -70.9702 2886.86
-59.5393 -57.621 2966.31
-75.9084 -470.476 3000.67
-259.866 311.608 2810.17
-172.349 313.04 2721.23
-25.1713 49.7681 2700.51
254.509 -795.494 3178.27
-28.3924 -190.06 2786.78
66.5022 -55.49 2837.97
134.957 -481.646 2914.4
-84.8325 314.473 2632.29
-84.4339 128.242 2811.68
FRAME: 255
-257.182 516.891 2608.45
-196.3 91.3105 2907.11
-83.1543 -857.02 3094.8
-252.872 -73.2806 2897.33
-68.182 -55.3588 2969.61
-85.062 -473.587 2998.1
-262.657 323.65 2820.89
-173.128 316.808 2721.86
-11.2571 50.0472 2692.58
258.511 -793.272 3176
-12.3395 -188.985 2757.12
60.3917 -64.6978 2827.71
136.62 -482.796 2917.23
-83.5987 309.967 2622.84
-88.5115 128.39 2810.26
FRAME: 256
-244.301 523.349 2601.5
-192.679 86.8062 2900.24
-86.9299 -855.133 3092.52
-245.611 -97.3611 2910
-70.5699 -55.7417 2965.47
-90.2033 -470.811 2995.12
-256.733 324.985 2810.12
-166.639 321.742 2718.49
5.12648 57.8621 2697.17
262.655 -800.142 3175.14
-15.1315 -190.227 2765.14
61.3804 -60.2149 2831.21
141.098 -481.979 2921.65
-76.5456 318.499 2626.86
-85.617 131.882 2808.42
FRAME: 257
-232.042 531.75 2596.75
-190.742 94.516 2907.26
-88.4469 -853.87 3088.41
-234.374 -107.584 2922.57
-77.6875 -53.3258 2963.46
-92.977 -466.328 2990.41
-253.793 334.208 2810.82
-162.251 328.214 2717.45
12.3465 57.9334 2692.66
270.367 -800.316 3169.21
1.60829 -197.845 2769.8
58.8205 -61.256 2825.18
147.743 -479.33 2925.89
-70.7095 322.219 2624.08
-85.8425 135.461 2805.89
FRAME: 258
-236.024 540.771 2578.77
-194.206 104.257 2905.85
-90.9843 -853.035 3091.01
-236.174 -101.414 2920.85
-85.1008 -48.289 2964.06
-96.0978 -462.497 2986.4
-251.729 344.066 2809.9
-157.683 334.762 2715.67
15.5632 58.4514 2683.62
273.798 -809.49 3171.15
0.820363 -191.52 2778.05
55.0528 -61.0853 2824.19
151.103 -476.853 2933.84
-63.6369 325.457 2621.43
-86.3536 140.037 2804.9
FRAME: 259
-231.724 543.934 2566.27
-200.069 110.696 2904.52
-90.3364 -846.359 3089.45
-236.805 -105.645 2934.81
-95.3342 -33.1737 2961.13
-98.1032 -455.513 2983.19
-261.414 354.27 2796.38
-161.365 344.991 2705.5
22.6488 68.0798 2680.17
275.536 -798.408 3167.56
10.9605 -184.536 2775.99
55.0938 -45.7968 2824.82
152.724 -468.568 2939.44
-61.317 335.712 2614.63
-90.7428 152.753 2799.24
FRAME: 260
-225.591 547.051 2562.77
-204.252 112.705 2901.4
-90.4561 -836.407 3085.85
-244.575 -109.599 2935.76
-99.7341 -25.9264 2960.44
-101.293 -446.434 2974.39
-263.683 360.876 2794.52
-160.707 350.633 2703.1
31.0309 74.5972 2669.31
273.082 -791.793 3172.28
28.1222 -184.613 2770.28
53.5477 -39.8125 2824.75
149.746 -462.235 2937.16
-57.731 340.39 2611.68
-91.9001 158.882 2797.85
FRAME: 261
-220.259 551.112 2560.41
-211.523 124.809 2893.36
-91.7109 -831.704 3081.31
-237.828 -102.678 2928.42
-104.892 -21.236 2958.07
-103.887 -439.454 2969.26
-265.595 364.774 2790.55
-159.545 354.931 2700.46
37.6927 79.0782 2663.94
270.078 -778.657 3178.43
32.1671 -179.865 2771.16
53.1971 -34.5556 2824.05
143.736 -457.783 2929.51
-53.4955 345.089 2610.37
-92.6965 163.518 2795.76
FRAME: 262
-213.798 552.315 2553.22
-212.881 129.056 2890.5
-89.4874 -824.046 3081.68
-238.037 -102.73 2931.6
-107.823 -13.7295 2956.66
-104.889 -431.212 2968.99
-264.079 369.233 2784.87
-155.619 358.302 2696.52
45.6687 81.167 2659.65
265.1 -768.606 3183.87
36.2991 -183.587 2759.41
53.7943 -28.5793 2825.23
142.828 -453.025 2930.84
-47.1577 347.371 2608.16
-91.3165 168.574 2793.73
FRAME: 263
-204.81 557.17 2549.92
-220.96 129.248 2885.36
-89.2573 -821.022 3077.63
-234.403 -117.623 2917.95
-108.002 -10.3292 2954.23
-106.962 -426.852 2959.87
-262.283 372.446 2782.51
-151.742 361.311 2694.59
52.6704 83.9385 2657.44
268.86 -780.274 3179.03
43.3678 -183.575 2755.2
54.8748 -25.5386 2824.79
142.837 -448.894 2928.32
-41.201 350.176 2606.67
-89.1528 171.689 2792.05
FRAME: 264
-198.63 561.326 2548.2
-227.837 132.078 2884.46
-91.3017 -821.518 3079.73
-237.124 -118.132 2914.56
-111.619 -2.47669 2951.16
-111.298 -425.813 2958.11
-261.739 376.633 2781.48
-149.394 364.715 2693.56
52.7176 84.6906 2652.53
264.807 -777.213 3172.23
40.6643 -182.333 2749.13
51.9462 -18.8552 2823.24
138.199 -441.006 2923.07
-37.0483 352.797 2605.63
-89.6149 177.024 2790.38
FRAME: 265
-191.733 564.875 2548.93
-229.178 133.2 2890.48
-93.1383 -824.145 3077
-231.007 -118.5 2923.16
-112.644 -5.11007 2949.21
-113.071 -426.477 2956.12
-260.749 378.802 2781.65
-147.961 367.361 2694.33
58.6246 89.1805 2655.04
262.847 -775.427 3164.24
48.3567 -182.624 2743.24
51.0135 -20.885 2822.56
137.912 -438.661 2923.13
-35.1725 355.92 2607.01
-89.388 177.182 2790.11
FRAME: 266
-186.403 571.132 2547.47
-228.515 135.716 2886.55
-94.3418 -822.458 3076.95
-231.735 -120.395 2916.46
-115.151 2.35166 2948.27
-117.015 -422.163 2953.28
-258.023 385.649 2777.99
-144.3 372.874 2691.99
56.0824 89.6863 2650.52
264.892 -771.96 3163.87
48.4379 -179.858 2742.56
49.9704 -15.3253 2823.54
138.469 -429.619 2922.89
-30.5769 360.099 2605.98
-88.4449 183.194 2788.95
FRAME: 267
-182.658 577.057 2551.15
-232.402 138.317 2892.3
-94.8627 -829.237 3075.43
-233.469 -108.769 2900.36
-118.226 1.79884 2944.68
-119.176 -428.077 2951.64
-260.681 388.9 2782.94
-144.608 377.828 2695.46
55.7646 94.5156 2652.61
261.203 -763.261 3154.91
58.0586 -177.81 2740.57
48.4605 -13.5398 2819.2
134.256 -427.847 2916.64
-28.5352 366.756 2607.97
-89.7454 185.979 2788.7
FRAME: 268
-174.258 589.615 2555.67
-240.714 147.51 2896.97
-96.6844 -830.851 3077.02
-244.301 -107.074 2889.45
-124.274 6.7254 2942.23
-124.082 -428.971 2950.24
-259.725 397.138 2784.86
-141.063 386.379 2697.93
56.9498 100.828 2655.78
258.889 -756.864 3157.49
49.2314 -175.332 2736.76
46.9038 -8.17191 2816.93
133.276 -422.88 2913.66
-22.4013 375.62 2611
-89.8742 192.828 2788.75
FRAME: 269
-163.381 602.356 2560.2
-250.505 153.137 2888.38
-96.7433 -828.312 3076.52
-251.179 -106.307 2897.32
-130.02 4.52204 2937.81
-126.788 -426.787 2950.63
-256.759 402.653 2783.27
-135.487 392.473 2700.61
56.3632 104.308 2665.56
262.836 -755.206 3159.04
49.545 -175.256 2736.78
46.5205 -9.46987 2817.8
129.963 -426.782 2918.29
-14.2148 382.293 2617.95
-88.6183 195 2789.21
FRAME: 270
-155.466 612.04 2568.53
-252.77 158.836 2894.63
-99.417 -828.149 3072.47
-259.826 -100.222 2892.58
-133.042 6.03762 2934.85
-132.889 -427.16 2945.35
-254.557 412.875 2786.27
-131.366 402.883 2704.98
54.0086 111.999 2673.7
262.337 -761.522 3162.12
45.4354 -168.876 2735.19
43.4687 -7.78844 2818.6
125.381 -423.864 2921.15
-8.17413 392.891 2623.69
-88.0763 201.004 2790.85
FRAME: 271
-147.443 621.919 2576.09
-260.842 166.279 2898.46
-97.7895 -827.956 3075.45
-281.078 -100.447 2910.38
-137.918 8.64477 2932.74
-132.034 -427.165 2945.52
-254.101 424.226 2788.99
-128.229 414.382 2708.54
54.4322 123.077 2683.54
258.432 -752.238 3162.91
46.0707 -161.211 2736.65
41.6519 -5.05182 2818.12
111.951 -427.39 2917.96
-2.35723 404.539 2628.09
-88.181 208.089 2791.99
FRAME: 272
-139.807 630.442 2582.06
-265.231 177.178 2899.93
-97.5744 -831.214 3074.03
-302.666 -99.2215 2908.58
-141.371 12.5372 2929.9
-133.331 -426.434 2943.74
-253.452 431.873 2788.56
-124.48 422.624 2711.18
50.1362 126.12 2681.65
257.547 -766.504 3176.78
30.8018 -158.263 2729.02
40.9851 -0.334657 2820.58
110.8 -429.458 2916.95
4.49166 413.374 2633.8
-87.3368 214.363 2793.21
FRAME: 273
-132.448 636.724 2589.98
-266.862 185.499 2904.9
-99.7121 -840.445 3070.81
-315.803 -97.916 2899.43
-146.884 11.578 2927.57
-134.271 -428.602 2944.82
-252.459 436.332 2792.58
-120.131 428.114 2719.06
43.1803 126.111 2676.57
235.084 -769.177 3184.88
11.7182 -155.502 2722.67
40.8562 0.182221 2823.41
108.172 -433.784 2909.7
12.1978 419.897 2645.54
-86.5722 216.997 2797.28
FRAME: 274
-125.187 640.855 2595.14
-274.892 186.954 2903.63
-98.6751 -846.65 3069.95
-316.689 -95.8483 2876.38
-152.411 12.2626 2924.82
-135.567 -429.301 2948.39
-251.124 438.943 2794.46
-115.842 431.031 2724.03
37.3271 126.479 2669.98
220.827 -758.492 3185.64
-1.06884 -148.905 2715.81
39.9709 1.28769 2824.78
96.8612 -440.868 2888.96
19.4407 423.118 2653.6
-86.0308 218.903 2799.41
FRAME: 275
-109.525 642.284 2625.53
-277.836 177.734 2908.93
-100.834 -855.89 3067.81
-317.105 -107.977 2872.98
-165.437 -6.27622 2911.64
-142.037 -436.203 2947.29
-248.249 431.664 2803.49
-109.771 425.297 2737.58
43.5942 124.884 2686.06
203.844 -766.74 3161.06
-35.9053 -129.712 2711.83
31.315 -15.0502 2818.08
84.4163 -447.222 2866.53
28.7076 418.929 2671.68
-88.4159 207.317 2801.22
FRAME: 276
-98.3726 641.586 2646.43
-285.866 172.536 2910.26
-101.408 -860.044 3069.46
-312.433 -105.7 2855.46
-175.741 -16.7626 2900.03
-140.851 -452.641 2948.88
-246.118 425.542 2810.95
-104.453 419.46 2749.51
57.5918 126.846 2696
185.081 -758.929 3156.37
-51.4402 -104.079 2708.57
23.4291 -25.1909 2813.66
82.8453 -461.888 2866.38
37.2124 413.377 2688.08
-90.3044 199.241 2803.18
FRAME: 277
-91.4696 641.991 2659.53
-290.263 171.155 2914.24
-98.1115 -860.029 3070.91
-315.433 -110.408 2844.53
-177.941 -26.6559 2891.15
-133.181 -461.92 2953.33
-246.958 419.614 2815.32
-102.459 415.366 2756.46
74.8896 130.698 2706.79
163.629 -738.866 3155.05
-89.5933 -80.1172 2697.46
23.2239 -32.512 2809.2
88.4425 -469.523 2859.9
42.0401 411.118 2697.6
-89.9087 192.891 2803.32
FRAME: 278
-84.8159 641.697 2674.46
-298.317 162.711 2911.92
-96.2258 -859.71 3067.72
-312.441 -117.407 2817.73
-177.966 -29.4125 2889.6
-128.803 -458.891 2967.46
-244.05 417.806 2819.37
-98.4244 413.545 2762.15
88.2138 133.655 2713.75
160.746 -766.942 3145.4
-86.6277 -72.6985 2701.43
23.2514 -35.465 2810.49
89.1062 -475.057 2861.23
47.2014 409.284 2704.93
-87.891 190.553 2806.1
FRAME: 279
-80.593 643.921 2682.51
-300.321 162.004 2903.23
-95.5502 -861.442 3067.23
-311.209 -115.421 2789.38
-174.905 -32.2153 2886.38
-130.101 -462.598 2966.23
-242.125 416.335 2820.1
-94.3379 413.236 2766.42
99.1922 136.704 2719.62
157.463 -772.564 3169.35
-97.5091 -83.1183 2701.03
27.2619 -36.6999 2812.95
91.057 -480.342 2859.99
53.4495 410.137 2712.73
-84.0797 189.389 2808.04
FRAME: 280
-73.5372 648.391 2692.95
-294.369 159.062 2886.55
-96.7143 -858.422 3066.17
-282.389 -111.915 2752.78
-172.986 -33.1492 2882.43
-129.821 -463.501 2966.12
-239.276 416.046 2820.77
-89.046 413.546 2771.95
111.362 134.472 2736.01
150.976 -764.765 3162.61
-66.689 -74.6634 2695.78
29.8374 -36.8559 2816.68
87.39 -477.653 2850
61.1844 411.045 2723.13
-80.3103 189.272 2810.75
FRAME: 281
-71.0136 652.022 2699.74
-285.817 158.029 2877.73
-95.9633 -854.691 3065.78
-250.677 -101.534 2719.51
-169.997 -35.7003 2876.27
-129.625 -464.916 2960.58
-237.643 416.275 2819.62
-84.3613 415.461 2778.91
130.373 144.04 2762.66
155.235 -764.912 3163.43
-50.7146 -63.4661 2694.64
33.4933 -37.1886 2822.5
83.6608 -469.54 2839.21
68.9204 414.648 2738.19
-76.3065 189.508 2814.15
FRAME: 282
-69.2003 655.986 2706.72
-280.799 143.034 2863.35
-96.0302 -853.912 3061.62
-242.622 -97.4872 2690.2
-163.894 -39.9272 2870.47
-127.385 -463.546 2958.98
-235.513 415.389 2818.7
-80.2862 416.354 2783.88
139.734 146.556 2774.5
153.544 -763.363 3157.85
-37.0817 -54.3471 2708.09
37.7286 -39.0848 2825.68
86.3728 -461.793 2831.77
74.9402 417.318 2749.05
-71.6846 188.424 2815.98
FRAME: 283
-67.9608 659.49 2711.96
-272.563 134.8 2859.73
-93.4908 -851.37 3061.5
-193.069 -79.0162 2668.18
-156.774 -42.3717 2867.26
-125.677 -462.066 2956.89
-234.239 415.438 2819.02
-76.193 418.124 2788.92
143.62 146.77 2780.02
160.496 -758.415 3147.04
-15.585 -51.032 2697.18
42.6506 -39.2364 2830.02
88.1686 -461.501 2829.81
81.8534 420.809 2758.81
-66.6273 188.66 2818.78
FRAME: 284
-65.4752 660.815 2719.13
-265.529 129.893 2855.47
-94.2531 -848.213 3064.53
-168.675 -67.8304 2654.59
-149.705 -43.2955 2869.4
-122.735 -458.357 2958.66
-230 414.557 2818.52
-71.5419 418.129 2792.57
146.565 148.991 2793.53
169.412 -766.413 3144.92
3.45639 -50.1608 2695.6
47.5233 -38.9203 2838.03
88.9603 -462.879 2830.03
86.9164 421.701 2766.62
-61.3164 188.511 2823.15
FRAME: 285
-63.3405 662.607 2722.25
-257.322 127.154 2843.34
-93.2603 -848.223 3062.1
-146.783 -59.0807 2648
-141.717 -41.632 2871.82
-115.777 -457.112 2966.82
-226.439 413.862 2817.89
-67.3501 418.968 2795.45
150.879 152.752 2802.61
173.232 -766.895 3148.18
19.8111 -43.7127 2701.21
54.2456 -35.065 2845.4
90.2093 -461.362 2829.86
91.7393 424.073 2773
-55.543 190.31 2827.03
FRAME: 286
-60.7586 663.703 2726.15
-251.513 126.731 2833.1
-94.9214 -851.53 3057.88
-135.37 -45.6962 2637.21
-134.515 -40.9363 2872.87
-112.062 -457.469 2974.15
-223.124 412.153 2817.25
-63.1226 418.687 2798.11
155.585 154.434 2813.09
189.403 -768.312 3156.37
33.3981 -43.6833 2698.1
60.9757 -32.3876 2850.78
92.504 -461.416 2827.11
96.8792 425.221 2778.96
-49.9461 191.012 2829.97
FRAME: 287
-54.6922 665.069 2724.71
-241.865 128.233 2821.73
-95.5421 -853.405 3057.49
-117.671 -40.9548 2642.6
-129.025 -39.7356 2875.94
-115.226 -461.012 2965.25
-217.946 412.283 2817.22
-58.7424 418.641 2798.22
159.566 152.911 2816.69
207.467 -770.583 3156.82
1.51825 -47.3385 2675.16
63.8875 -31.2741 2854.55
100.142 -460.354 2842.79
100.461 425 2779.22
-45.6556 191.568 2831.74
FRAME: 288
-44.3296 664.934 2725.95
-225.715 133.448 2806.7
-94.2106 -852.416 3058.46
-80.6962 -35.6614 2625.62
-121.457 -35.5187 2878.96
-111.361 -460.998 2966.55
-208.228 412.409 2814.16
-50.7259 418.866 2798.34
166.381 158.716 2825.25
233.005 -773.383 3154.39
14.2836 -49.2825 2663.23
70.7458 -26.7832 2861.19
110.023 -450.827 2843.9
106.776 425.323 2782.51
-38.0407 193.857 2834.21
FRAME: 289
-31.6611 665.774 2727.18
-208.49 134.721 2799.07
-95.8238 -853.942 3057.33
-52.1982 -27.1689 2626.83
-112.543 -35.1119 2880.72
-109.977 -462.307 2962.99
-195.281 413.373 2809.86
-40.2311 419.364 2798.64
169.251 160.076 2836.3
250.531 -782.686 3153.4
59.8741 -42.6501 2690.57
77.4482 -26.9221 2868.59
135.714 -452.368 2869.52
114.819 425.356 2787.43
-28.8892 194.174 2836.65
FRAME: 290
-17.0436 667.589 2727.27
-195.135 137.16 2796.89
-94.1175 -851.956 3058.27
-38.289 -41.4619 2633.9
-101.936 -33.5669 2884.68
-102.237 -459.416 2967.5
-181.571 414.077 2805.84
-28.3458 420.302 2798.8
177.909 164.363 2841.53
271.333 -797.481 3144.09
64.1517 -39.8321 2682.71
88.8075 -25.0483 2877.39
159.221 -441.417 2891.48
124.88 426.527 2791.76
-17.455 195.497 2839.92
FRAME: 291
-1.9305 670.769 2728.84
-187.644 136.166 2795.13
-94.5207 -853.016 3055.01
-28.6399 -26.8082 2627.9
-90.9822 -30.4602 2885.61
-94.8878 -455.825 2972.75
-170.343 415.927 2801.32
-16.1221 422.981 2799.27
182.276 162.378 2843.95
286.553 -808.626 3136.28
57.9755 -39.7024 2680.9
102.354 -20.9822 2884.5
181.765 -441.64 2903.9
138.099 430.034 2797.22
-5.21798 198.63 2842.16
FRAME: 292
9.46506 672.28 2730.23
-180.787 134.037 2794.18
-93.1841 -856.925 3064.53
-21.0818 -33.4769 2626.51
-70.6676 -28.5944 2883.2
-89.9399 -457.533 2969.86
-162.045 414.283 2798.02
-5.62942 424.225 2799.71
190.443 164.565 2853.97
298.889 -808.763 3132.47
66.5635 -47.2988 2680.04
114.585 -16.1756 2887.02
209.25 -435.666 2919.23
150.786 434.166 2801.41
8.16457 200.92 2842.41
FRAME: 293
24.7952 671.734 2734.65
-164.194 130.406 2791.74
-93.6371 -857.209 3065.45
-1.7414 -37.1132 2638.84
-60.5397 -31.2947 2882.36
-80.2927 -457.258 2976.68
-149.093 414.117 2795.58
8.38755 424.289 2799.93
201.088 160.982 2858.38
313.132 -816.27 3118.74
80.3775 -51.8201 2680.92
130.447 -18.363 2888.99
229.138 -436.657 2932.36
165.868 434.46 2804.28
21.6705 199.73 2842.8
FRAME: 294
40.7036 671.184 2737.88
-157.118 129.835 2791.11
-90.7413 -859.537 3066.79
10.9947 -39.2769 2632.64
-49.8453 -34.2361 2881.14
-69.5574 -461.233 2977.28
-131.311 412.738 2793.49
25.8394 422.252 2801.34
214.058 151.544 2859.78
322.015 -821.793 3110.21
91.1 -54.4554 2677.96
147.119 -21.6795 2891.83
240.017 -442.22 2948.04
182.99 431.766 2809.2
37.2381 197.147 2843.91
FRAME: 295
70.3905 668.799 2742.67
-134.23 125.011 2793.58
-88.2625 -861.743 3072.62
29.4847 -52.1219 2625.77
-21.5472 -37.1856 2883.13
-45.5688 -462.219 2976.16
-108.765 404.793 2791.67
48.3455 418.784 2802.7
237.44 150.131 2855.16
331.589 -832.942 3101.8
107.375 -41.9242 2690.27
184.788 -18.5521 2898.12
247.776 -442.886 2961.68
205.456 432.776 2813.72
64.983 195.458 2846.66

