FRAME: 0
0 0 0
0 0 0
0 0 0
0 0 0
0 0 0
0 0 0
0 0 0
0 0 0
0 0 0
0 0 0
0 0 0
0 0 0
0 0 0
0 0 0
0 0 0
FRAME: 1
0 0 0
0 0 0
0 0 0
0 0 0
0 0 0
0 0 0
0 0 0
0 0 0
0 0 0
0 0 0
0 0 0
0 0 0
0 0 0
0 0 0
0 0 0
FRAME: 2
0 0 0
0 0 0
0 0 0
0 0 0
0 0 0
0 0 0
0 0 0
0 0 0
0 0 0
0 0 0
0 0 0
0 0 0
0 0 0
0 0 0
0 0 0
FRAME: 3
0 0 0
0 0 0
0 0 0
0 0 0
0 0 0
0 0 0
0 0 0
0 0 0
0 0 0
0 0 0
0 0 0
0 0 0
0 0 0
0 0 0
0 0 0
FRAME: 4
0 0 0
0 0 0
0 0 0
0 0 0
0 0 0
0 0 0
0 0 0
0 0 0
0 0 0
0 0 0
0 0 0
0 0 0
0 0 0
0 0 0
0 0 0
FRAME: 5
0 0 0
0 0 0
0 0 0
0 0 0
0 0 0
0 0 0
0 0 0
0 0 0
0 0 0
0 0 0
0 0 0
0 0 0
0 0 0
0 0 0
0 0 0
FRAME: 6
0 0 0
0 0 0
0 0 0
0 0 0
0 0 0
0 0 0
0 0 0
0 0 0
0 0 0
0 0 0
0 0 0
0 0 0
0 0 0
0 0 0
0 0 0
FRAME: 7
0 0 0
0 0 0
0 0 0
0 0 0
0 0 0
0 0 0
0 0 0
0 0 0
0 0 0
0 0 0
0 0 0
0 0 0
0 0 0
0 0 0
0 0 0
FRAME: 8
0 0 0
0 0 0
0 0 0
0 0 0
0 0 0
0 0 0
0 0 0
0 0 0
0 0 0
0 0 0
0 0 0
0 0 0
0 0 0
0 0 0
0 0 0
FRAME: 9
0 0 0
0 0 0
0 0 0
0 0 0
0 0 0
0 0 0
0 0 0
0 0 0
0 0 0
0 0 0
0 0 0
0 0 0
0 0 0
0 0 0
0 0 0
FRAME: 10
0 0 0
0 0 0
0 0 0
0 0 0
0 0 0
0 0 0
0 0 0
0 0 0
0 0 0
0 0 0
0 0 0
0 0 0
0 0 0
0 0 0
0 0 0
FRAME: 11
0 0 0
0 0 0
0 0 0
0 0 0
0 0 0
0 0 0
0 0 0
0 0 0
0 0 0
0 0 0
0 0 0
0 0 0
0 0 0
0 0 0
0 0 0
FRAME: 12
0 0 0
0 0 0
0 0 0
0 0 0
0 0 0
0 0 0
0 0 0
0 0 0
0 0 0
0 0 0
0 0 0
0 0 0
0 0 0
0 0 0
0 0 0
FRAME: 13
0 0 0
0 0 0
0 0 0
0 0 0
0 0 0
0 0 0
0 0 0
0 0 0
0 0 0
0 0 0
0 0 0
0 0 0
0 0 0
0 0 0
0 0 0
FRAME: 14
0 0 0
0 0 0
0 0 0
0 0 0
0 0 0
0 0 0
0 0 0
0 0 0
0 0 0
0 0 0
0 0 0
0 0 0
0 0 0
0 0 0
0 0 0
FRAME: 15
0 0 0
0 0 0
0 0 0
0 0 0
0 0 0
0 0 0
0 0 0
0 0 0
0 0 0
0 0 0
0 0 0
0 0 0
0 0 0
0 0 0
0 0 0
FRAME: 16
0 0 0
0 0 0
0 0 0
0 0 0
0 0 0
0 0 0
0 0 0
0 0 0
0 0 0
0 0 0
0 0 0
0 0 0
0 0 0
0 0 0
0 0 0
FRAME: 17
0 0 0
0 0 0
0 0 0
0 0 0
0 0 0
0 0 0
0 0 0
0 0 0
0 0 0
0 0 0
0 0 0
0 0 0
0 0 0
0 0 0
0 0 0
FRAME: 18
0 0 0
0 0 0
0 0 0
0 0 0
0 0 0
0 0 0
0 0 0
0 0 0
0 0 0
0 0 0
0 0 0
0 0 0
0 0 0
0 0 0
0 0 0
FRAME: 19
0 0 0
0 0 0
0 0 0
0 0 0
0 0 0
0 0 0
0 0 0
0 0 0
0 0 0
0 0 0
0 0 0
0 0 0
0 0 0
0 0 0
0 0 0
FRAME: 20
0 0 0
0 0 0
0 0 0
0 0 0
0 0 0
0 0 0
0 0 0
0 0 0
0 0 0
0 0 0
0 0 0
0 0 0
0 0 0
0 0 0
0 0 0
FRAME: 21
0 0 0
0 0 0
0 0 0
0 0 0
0 0 0
0 0 0
0 0 0
0 0 0
0 0 0
0 0 0
0 0 0
0 0 0
0 0 0
0 0 0
0 0 0
FRAME: 22
0 0 0
0 0 0
0 0 0
0 0 0
0 0 0
0 0 0
0 0 0
0 0 0
0 0 0
0 0 0
0 0 0
0 0 0
0 0 0
0 0 0
0 0 0
FRAME: 23
0 0 0
0 0 0
0 0 0
0 0 0
0 0 0
0 0 0
0 0 0
0 0 0
0 0 0
0 0 0
0 0 0
0 0 0
0 0 0
0 0 0
0 0 0
FRAME: 24
0 0 0
0 0 0
0 0 0
0 0 0
0 0 0
0 0 0
0 0 0
0 0 0
0 0 0
0 0 0
0 0 0
0 0 0
0 0 0
0 0 0
0 0 0
FRAME: 25
0 0 0
0 0 0
0 0 0
0 0 0
0 0 0
0 0 0
0 0 0
0 0 0
0 0 0
0 0 0
0 0 0
0 0 0
0 0 0
0 0 0
0 0 0
FRAME: 26
0 0 0
0 0 0
0 0 0
0 0 0
0 0 0
0 0 0
0 0 0
0 0 0
0 0 0
0 0 0
0 0 0
0 0 0
0 0 0
0 0 0
0 0 0
FRAME: 27
0 0 0
0 0 0
0 0 0
0 0 0
0 0 0
0 0 0
0 0 0
0 0 0
0 0 0
0 0 0
0 0 0
0 0 0
0 0 0
0 0 0
0 0 0
FRAME: 28
0 0 0
0 0 0
0 0 0
0 0 0
0 0 0
0 0 0
0 0 0
0 0 0
0 0 0
0 0 0
0 0 0
0 0 0
0 0 0
0 0 0
0 0 0
FRAME: 29
0 0 0
0 0 0
0 0 0
0 0 0
0 0 0
0 0 0
0 0 0
0 0 0
0 0 0
0 0 0
0 0 0
0 0 0
0 0 0
0 0 0
0 0 0
FRAME: 30
0 0 0
0 0 0
0 0 0
0 0 0
0 0 0
0 0 0
0 0 0
0 0 0
0 0 0
0 0 0
0 0 0
0 0 0
0 0 0
0 0 0
0 0 0
FRAME: 31
0 0 0
0 0 0
0 0 0
0 0 0
0 0 0
0 0 0
0 0 0
0 0 0
0 0 0
0 0 0
0 0 0
0 0 0
0 0 0
0 0 0
0 0 0
FRAME: 32
0 0 0
0 0 0
0 0 0
0 0 0
0 0 0
0 0 0
0 0 0
0 0 0
0 0 0
0 0 0
0 0 0
0 0 0
0 0 0
0 0 0
0 0 0
FRAME: 33
0 0 0
0 0 0
0 0 0
0 0 0
0 0 0
0 0 0
0 0 0
0 0 0
0 0 0
0 0 0
0 0 0
0 0 0
0 0 0
0 0 0
0 0 0
FRAME: 34
0 0 0
0 0 0
0 0 0
0 0 0
0 0 0
0 0 0
0 0 0
0 0 0
0 0 0
0 0 0
0 0 0
0 0 0
0 0 0
0 0 0
0 0 0
FRAME: 35
0 0 0
0 0 0
0 0 0
0 0 0
0 0 0
0 0 0
0 0 0
0 0 0
0 0 0
0 0 0
0 0 0
0 0 0
0 0 0
0 0 0
0 0 0
FRAME: 36
0 0 0
0 0 0
0 0 0
0 0 0
0 0 0
0 0 0
0 0 0
0 0 0
0 0 0
0 0 0
0 0 0
0 0 0
0 0 0
0 0 0
0 0 0
FRAME: 37
0 0 0
0 0 0
0 0 0
0 0 0
0 0 0
0 0 0
0 0 0
0 0 0
0 0 0
0 0 0
0 0 0
0 0 0
0 0 0
0 0 0
0 0 0
FRAME: 38
0 0 0
0 0 0
0 0 0
0 0 0
0 0 0
0 0 0
0 0 0
0 0 0
0 0 0
0 0 0
0 0 0
0 0 0
0 0 0
0 0 0
0 0 0
FRAME: 39
0 0 0
0 0 0
0 0 0
0 0 0
0 0 0
0 0 0
0 0 0
0 0 0
0 0 0
0 0 0
0 0 0
0 0 0
0 0 0
0 0 0
0 0 0
FRAME: 40
0 0 0
0 0 0
0 0 0
0 0 0
0 0 0
0 0 0
0 0 0
0 0 0
0 0 0
0 0 0
0 0 0
0 0 0
0 0 0
0 0 0
0 0 0
FRAME: 41
0 0 0
0 0 0
0 0 0
0 0 0
0 0 0
0 0 0
0 0 0
0 0 0
0 0 0
0 0 0
0 0 0
0 0 0
0 0 0
0 0 0
0 0 0
FRAME: 42
0 0 0
0 0 0
0 0 0
0 0 0
0 0 0
0 0 0
0 0 0
0 0 0
0 0 0
0 0 0
0 0 0
0 0 0
0 0 0
0 0 0
0 0 0
FRAME: 43
0 0 0
0 0 0
0 0 0
0 0 0
0 0 0
0 0 0
0 0 0
0 0 0
0 0 0
0 0 0
0 0 0
0 0 0
0 0 0
0 0 0
0 0 0
FRAME: 44
0 0 0
0 0 0
0 0 0
0 0 0
0 0 0
0 0 0
0 0 0
0 0 0
0 0 0
0 0 0
0 0 0
0 0 0
0 0 0
0 0 0
0 0 0
FRAME: 45
0 0 0
0 0 0
0 0 0
0 0 0
0 0 0
0 0 0
0 0 0
0 0 0
0 0 0
0 0 0
0 0 0
0 0 0
0 0 0
0 0 0
0 0 0
FRAME: 46
0 0 0
0 0 0
0 0 0
0 0 0
0 0 0
0 0 0
0 0 0
0 0 0
0 0 0
0 0 0
0 0 0
0 0 0
0 0 0
0 0 0
0 0 0
FRAME: 47
0 0 0
0 0 0
0 0 0
0 0 0
0 0 0
0 0 0
0 0 0
0 0 0
0 0 0
0 0 0
0 0 0
0 0 0
0 0 0
0 0 0
0 0 0
FRAME: 48
0 0 0
0 0 0
0 0 0
0 0 0
0 0 0
0 0 0
0 0 0
0 0 0
0 0 0
0 0 0
0 0 0
0 0 0
0 0 0
0 0 0
0 0 0
FRAME: 49
0 0 0
0 0 0
0 0 0
0 0 0
0 0 0
0 0 0
0 0 0
0 0 0
0 0 0
0 0 0
0 0 0
0 0 0
0 0 0
0 0 0
0 0 0
FRAME: 50
0 0 0
0 0 0
0 0 0
0 0 0
0 0 0
0 0 0
0 0 0
0 0 0
0 0 0
0 0 0
0 0 0
0 0 0
0 0 0
0 0 0
0 0 0
FRAME: 51
0 0 0
0 0 0
0 0 0
0 0 0
0 0 0
0 0 0
0 0 0
0 0 0
0 0 0
0 0 0
0 0 0
0 0 0
0 0 0
0 0 0
0 0 0
FRAME: 52
0 0 0
0 0 0
0 0 0
0 0 0
0 0 0
0 0 0
0 0 0
0 0 0
0 0 0
0 0 0
0 0 0
0 0 0
0 0 0
0 0 0
0 0 0
FRAME: 53
0 0 0
0 0 0
0 0 0
0 0 0
0 0 0
0 0 0
0 0 0
0 0 0
0 0 0
0 0 0
0 0 0
0 0 0
0 0 0
0 0 0
0 0 0
FRAME: 54
0 0 0
0 0 0
0 0 0
0 0 0
0 0 0
0 0 0
0 0 0
0 0 0
0 0 0
0 0 0
0 0 0
0 0 0
0 0 0
0 0 0
0 0 0
FRAME: 55
0 0 0
0 0 0
0 0 0
0 0 0
0 0 0
0 0 0
0 0 0
0 0 0
0 0 0
0 0 0
0 0 0
0 0 0
0 0 0
0 0 0
0 0 0
FRAME: 56
0 0 0
0 0 0
0 0 0
0 0 0
0 0 0
0 0 0
0 0 0
0 0 0
0 0 0
0 0 0
0 0 0
0 0 0
0 0 0
0 0 0
0 0 0
FRAME: 57
0 0 0
0 0 0
0 0 0
0 0 0
0 0 0
0 0 0
0 0 0
0 0 0
0 0 0
0 0 0
0 0 0
0 0 0
0 0 0
0 0 0
0 0 0
FRAME: 58
0 0 0
0 0 0
0 0 0
0 0 0
0 0 0
0 0 0
0 0 0
0 0 0
0 0 0
0 0 0
0 0 0
0 0 0
0 0 0
0 0 0
0 0 0
FRAME: 59
0 0 0
0 0 0
0 0 0
0 0 0
0 0 0
0 0 0
0 0 0
0 0 0
0 0 0
0 0 0
0 0 0
0 0 0
0 0 0
0 0 0
0 0 0
FRAME: 60
0 0 0
0 0 0
0 0 0
0 0 0
0 0 0
0 0 0
0 0 0
0 0 0
0 0 0
0 0 0
0 0 0
0 0 0
0 0 0
0 0 0
0 0 0
FRAME: 61
0 0 0
0 0 0
0 0 0
0 0 0
0 0 0
0 0 0
0 0 0
0 0 0
0 0 0
0 0 0
0 0 0
0 0 0
0 0 0
0 0 0
0 0 0
FRAME: 62
0 0 0
0 0 0
0 0 0
0 0 0
0 0 0
0 0 0
0 0 0
0 0 0
0 0 0
0 0 0
0 0 0
0 0 0
0 0 0
0 0 0
0 0 0
FRAME: 63
0 0 0
0 0 0
0 0 0
0 0 0
0 0 0
0 0 0
0 0 0
0 0 0
0 0 0
0 0 0
0 0 0
0 0 0
0 0 0
0 0 0
0 0 0
FRAME: 64
0 0 0
0 0 0
0 0 0
0 0 0
0 0 0
0 0 0
0 0 0
0 0 0
0 0 0
0 0 0
0 0 0
0 0 0
0 0 0
0 0 0
0 0 0
FRAME: 65
268.866 636.476 2615.14
-3.78847 325.906 2776.92
91.6233 -697.009 3251.69
60.5754 242 2404.51
-7.84546 25.8554 2923.92
-17.9875 -354.088 3016.96
26.1767 397.893 2766.42
163.779 372.198 2769.02
305.198 132.779 2901.25
156.644 -791.781 3046.79
392.965 -166.153 2888.19
188.457 -10.4451 2928.75
163.503 -411.679 2955.59
301.382 346.503 2771.62
127.043 189.952 2847.68
FRAME: 66
274.248 624.251 2596.78
21.5669 291.886 2606.22
82.9859 -710.275 3285.66
111.049 137.779 2328.55
-8.66758 32.5785 2895.74
-20.1337 -368.228 3018.34
34.6516 404.491 2707.37
170.954 386.138 2734.53
295.313 165.152 2854.32
148.088 -798.897 3046.53
339.515 -35.5251 2677.89
175.125 7.26828 2931.65
156.202 -413.836 2953
307.256 367.784 2761.68
127.091 203.03 2824.11
FRAME: 67
278.126 610.997 2581.18
77.5408 196.514 2507.34
71.7367 -714.81 3248.69
216.696 -14.5052 2239.49
1.12954 20.9813 2853.81
-24.0268 -375.681 3009.69
53.5351 381.825 2670.26
174.923 371.099 2716.69
288.269 167.198 2822.19
155.617 -808.39 3042.18
354.541 -46.1492 2740.62
177.02 5.07688 2922.21
158.767 -408.946 2952.71
296.31 360.373 2763.13
131.999 192.064 2802.35
FRAME: 68
283.144 579.835 2553.23
106.051 121.47 2540.83
84.6028 -712.692 3219.72
258.484 -165.258 2400.48
10.9894 6.41012 2854.45
-12.8065 -376.825 3011.15
73.5446 366.262 2650.88
188.816 361.83 2709.17
297.601 171.721 2857.97
147.137 -810.047 3043.48
392.877 -34.7495 2883.6
168.607 -1.12646 2931.21
149.982 -416.479 2955.75
304.087 357.397 2767.45
139.307 182.236 2801
FRAME: 69
291.26 561.321 2515.59
112.121 99.6922 2548.7
88.1533 -711.957 3249.15
217.076 -123.215 2473.8
10.2926 1.34803 2847.36
-13.2049 -385.61 3032.36
78.5076 351.712 2633.42
194.813 350.415 2701.71
320.812 173.861 2957.19
142.976 -820.83 3047.09
388.492 -9.51186 2913.69
165.941 -2.33169 2934.26
153.307 -418.811 2955.73
311.118 349.118 2770
141.465 174.962 2796.26
FRAME: 70
292.798 546.556 2503.41
122.833 87.9426 2558.56
81.7773 -711.506 3262.57
272.902 -195.116 2476.83
12.7916 -3.14506 2849.42
-15.0525 -391.064 3039.3
85.7824 339.811 2626.69
198.982 341.091 2698.55
313.248 169.409 2965.69
141.267 -819.314 3041.14
394.979 -0.294511 2987.67
161.866 -2.63893 2941.28
151.321 -419.202 2950.17
312.182 342.371 2770.4
143.156 169.099 2796.95
FRAME: 71
295.575 533.41 2494.36
124.105 86.6085 2566.56
84.9983 -695.851 3260.55
269.061 -197.102 2493.02
5.61141 15.0644 2851.88
-15.121 -383.644 3031.42
86.0448 339.003 2624.3
206.47 332.545 2686.7
308.55 161.857 2967.37
138.012 -815.522 3035.79
399.817 -24.5066 3103.96
161.139 6.57709 2932.53
147.538 -416.387 2941.81
326.894 326.087 2749.1
144.922 171.683 2789.45
FRAME: 72
295.419 533.928 2498.97
119.994 76.688 2581.56
82.6044 -712.355 3265.71
257.595 -206.211 2500.47
8.94161 9.7905 2865.32
-12.9358 -385.044 3039.66
88.853 330.821 2627.39
204.896 329.576 2690.81
303.506 163.208 2935.6
138.978 -811.871 3031.96
370.248 10.2306 3087.37
160.141 8.21079 2947.83
146.13 -415.231 2935.14
320.939 328.331 2754.23
144.719 169.288 2798.69
FRAME: 73
295.75 535.554 2491.04
117.084 80.8308 2591.84
49.09 -702.305 3328.64
253.236 -204.011 2500.24
8.2656 11.2022 2866.17
-13.5051 -393.202 3033.31
91.0879 336.322 2615.83
209.733 333.952 2677.31
298.948 166.634 2948.42
139.199 -819.281 3030.33
374.71 2.56086 3089.19
163.001 8.14243 2946
147.291 -418.35 2933.92
328.379 331.582 2738.78
147.683 171.812 2791.69
FRAME: 74
294.811 539.93 2488.06
100.181 90.8555 2608.19
47.597 -704.666 3334.76
250.693 -224.423 2486.48
24.5849 10.049 2868.36
6.06578 -396.062 3022.14
78.4765 346.464 2618.85
204.014 343.471 2672.74
297.898 175.586 2946.91
143.48 -825.279 3020.76
366.265 -5.71641 3095.43
173.492 6.62685 2931.92
151.535 -423.056 2923.41
329.552 340.479 2726.64
151.526 175.905 2786.44
FRAME: 75
289.782 555.132 2494.55
76.5462 103.206 2627.08
70.252 -728.693 3283.64
223.98 -203.185 2490.18
35.6217 10.6092 2871.82
3.04631 -388.661 3026.5
71.9365 354.302 2621.32
200.957 352.866 2670.66
317.22 156.2 2924.99
146.995 -830.895 3010.11
352.052 -2.75749 3113.89
184.178 9.01957 2928.2
158.096 -421.107 2910.29
329.977 351.43 2720.01
155.428 181.34 2785.34
FRAME: 76
284.826 576.231 2497.63
57.1514 120.891 2644.3
76.2115 -713.873 3280.23
209.018 -173.502 2502.44
40.0147 16.1827 2865.95
9.32395 -383.773 3016.92
69.5584 363.984 2615.44
200.746 364.882 2658.93
323.583 172.469 2894.12
147.243 -835.385 3009.85
364.736 -18.18 3099.15
210.424 17.5396 2922.45
161.011 -420.161 2905.44
331.933 365.779 2702.41
162.983 190.871 2776.56
FRAME: 77
280.127 588.65 2509.93
47.2068 113.979 2654.25
79.6308 -710.562 3286.71
187.507 -162.405 2494.22
43.9192 15.1895 2866.08
-10.6903 -380.55 3022.47
67.4911 372.217 2624.07
199.692 371.999 2663.32
329.763 151.923 2876.19
157.433 -834.138 2981.06
366.042 -74.3863 3055.21
218.411 15.0913 2917.92
170.565 -415.537 2888.57
331.893 371.781 2702.57
165.429 193.57 2777.66
FRAME: 78
277.908 599.549 2510.88
39.6462 110.786 2660.23
80.7214 -715.062 3269.29
175.165 -162.203 2493.84
49.3507 11.0172 2856.49
-12.5634 -376.678 3024.41
65.0421 372.125 2622.14
198.956 375.24 2663
339.085 152.407 2868.42
168.576 -830.936 2966.8
356.741 -83.9183 2994.42
233.715 15.1331 2912.44
176.419 -412.037 2875.97
332.87 378.355 2703.86
170.245 194.158 2773.73
FRAME: 79
276.636 608.601 2519.19
36.1522 107.681 2658.53
92.4854 -694.213 3262.91
158.57 -149.951 2475.78
49.7286 8.34326 2838.82
-8.79354 -364.536 3023.06
60.758 376.211 2622.12
196.556 379.54 2665.47
347.484 146.485 2866.65
169.371 -835.605 2967.5
367.353 -87.2246 2960.39
235.256 12.9142 2898.27
185.838 -415.419 2870.95
332.355 382.869 2708.81
169.524 195.084 2767.01
FRAME: 80
269.377 625.427 2526.06
22.3912 119.65 2669.94
87.3715 -675.002 3257.12
141.996 -139.179 2498.43
46.0662 16.4832 2838.47
4.0804 -360.275 3002.5
57.1126 386.86 2628.5
196.01 384.08 2665.81
351.598 144.039 2852.88
124.027 -613.378 2760.9
369.584 -123.459 2839.86
228.834 12.7531 2887.43
194.403 -406.608 2852.43
334.907 381.301 2703.11
166.73 199.349 2764.38
FRAME: 81
261.127 646.675 2543.08
2.64974 140.784 2692.65
67.1783 -604.093 3100.75
101.922 -110.143 2508.61
46.5252 27.6845 2837.04
2.85966 -352.189 2954.65
52.3792 412.283 2647.92
194.582 402.822 2671.41
361.305 163.601 2828.06
196.861 -594.166 2890.5
360.889 -103.097 2733.18
235.564 14.8385 2867.69
205.161 -382.853 2851.43
336.786 393.36 2694.9
167.814 212.042 2761.89
FRAME: 82
254.586 657.898 2560.76
-7.80484 153.188 2704.22
106.827 -552.912 2875.55
80.8406 -90.4677 2507.28
41.5135 39.4331 2834.15
3.05472 -373.308 2929.96
47.428 432.027 2666.66
188.962 416.974 2679.3
367.216 170.184 2807.87
201.002 -680.042 2957.48
365.017 -124.928 2666.2
225.035 19.8797 2849.89
205.63 -376.312 2851
330.495 401.922 2691.93
161.118 223.315 2760.66
FRAME: 83
249.196 668.207 2574.47
-20.4146 174.428 2731.4
70.1442 -477.077 2925.82
53.8061 -64.1906 2520.78
38.6885 48.0829 2839.66
6.24096 -371.765 2904.94
43.012 443.724 2684.6
187.19 424.744 2689.37
372.848 175.884 2802.93
193.543 -708.192 2977.54
348.717 -104.642 2615
224.14 23.6514 2845.22
209.624 -371.765 2855.33
331.368 405.765 2694.14
159.302 230.306 2765.91
FRAME: 84
244.235 678.557 2585.07
-28.0948 179.566 2754.09
128.017 -557.858 2888.61
37.138 -59.1164 2538.03
43.0543 51.9843 2842.15
14.0105 -375.18 2908.5
37.6494 452.912 2701.74
183.713 433.129 2697.32
377.526 178.151 2792.99
193.553 -713.355 2987.78
333.142 -99.4597 2578.35
226.694 27.1775 2836.51
214.377 -368.805 2859.22
329.777 413.346 2692.9
159.294 236.355 2768.33
FRAME: 85
235.232 692.936 2605.19
-27.8222 184.678 2785.23
137.455 -613.263 2954.22
17.066 -53.9769 2594.07
61.215 51.7605 2849.11
27.0381 -374.892 2900.15
31.7084 457.146 2723.26
181.563 440.315 2708.93
380.79 184.529 2774.93
193.321 -723.477 2999.72
317.683 -90.7417 2556.38
238.469 31.8841 2831.76
212.843 -373.922 2876.79
331.418 423.485 2694.6
165.703 241.069 2774.68
FRAME: 86
221.926 706.506 2636.47
-28.4329 183.179 2803.95
146.037 -657.333 3184.15
-6.84808 -43.1793 2615.17
71.3139 48.9898 2855.21
29.5379 -398.32 2909.52
23.9735 463.439 2756.44
173.15 449.46 2731.84
379.697 187.508 2772.42
191.347 -715.185 2989.61
298.865 -84.7801 2548.78
234.572 33.5575 2828.29
215.927 -370.23 2872.14
322.327 435.481 2707.24
163.046 245.367 2786.79
FRAME: 87
209.413 712.708 2653.57
-30.6143 186.919 2839.15
150.174 -675.696 3179.35
-44.9614 -32.3439 2668.33
71.6656 45.0842 2870.74
40.0299 -391.621 2952.25
21.6353 474.4 2795.28
168.817 459.011 2752.74
376.113 188.038 2758.38
190.464 -715.542 2997.48
255.683 -74.4032 2528.65
232.48 28.1879 2824.2
208.556 -376.318 2879.16
315.999 443.622 2710.2
160.445 247.824 2800.1
FRAME: 88
199.471 723.321 2676.78
-35.1622 206.86 2894
149.527 -694.057 3181.47
-56.4429 -30.9994 2712.4
70.0812 42.2344 2890.1
37.2381 -382.907 2998.57
18.825 480.728 2823.96
164.311 464.756 2771.09
368.385 187.512 2754.87
189.436 -711.813 2994.94
237.547 -77.4317 2549.31
229.3 24.6708 2832.19
203.895 -386.063 2882.21
309.797 448.783 2718.22
157.001 249.104 2816.12
FRAME: 89
193.052 731.753 2697.04
-37.2765 219.283 2924.23
148.428 -694.497 3208.99
-72.1321 -13.9232 2751.21
64.399 44.7024 2909.97
34.4416 -381.921 3018.65
18.47 488.84 2849.14
161.264 471.827 2789.95
356.522 190.942 2762.16
187.915 -712.35 2995.67
212.472 -75.5238 2571.39
225.75 25.347 2842.89
204.16 -390.122 2889.68
304.057 454.814 2730.75
153.169 253.426 2833.19
FRAME: 90
183.972 744.043 2725.88
-30.5852 232.778 2954.47
156.032 -704.694 3214.56
-84.2346 -22.3675 2798.8
55.2072 55.3515 2938.45
25.6355 -369.229 3041.74
19.7117 503.905 2878.35
158.132 483.959 2810.2
345.076 194.44 2768.44
187.679 -712.134 2997.05
201.877 -80.9261 2605.05
220.689 31.3444 2856.76
203.931 -386.837 2894.71
296.552 464.014 2742.06
148.04 263.654 2853.9
FRAME: 91
177.101 747.542 2741.64
-24.1581 241.178 2982.54
178.78 -670.756 3211.77
-90.0534 -15.771 2835.49
49.2851 63.7809 2964.82
21.8151 -351.576 3059.67
21.8749 512.053 2904.16
155.081 489.707 2829.12
335.777 199.473 2770.62
186.387 -704.949 2995.73
182.573 -88.0525 2633.39
214.518 35.7738 2871.39
204.623 -386.303 2899.83
288.287 467.362 2754.09
143.491 269.742 2873.61
FRAME: 92
166.168 753.621 2756.27
-15.8382 247.081 3014.2
183.422 -672.205 3229.42
-98.6184 -9.57651 2878.56
50.7047 71.4053 2982.75
23.8663 -338.035 3079.38
24.6794 515.892 2926.83
152.697 493.827 2847.83
325.528 202.42 2780.33
182.658 -704.327 2996.18
176.064 -85.6763 2659.43
210.952 43.5947 2883.15
198.39 -380.907 2911.54
280.714 471.761 2768.83
141.763 275.663 2890.39
FRAME: 93
156.787 759.202 2776.7
-11.4299 254.862 3035.59
190.503 -658.091 3230.04
-99.472 -10.6017 2905.74
54.6232 79.4871 3000.36
26.857 -335.571 3089.37
29.3212 524.423 2949.03
152.343 501.592 2861.8
316.074 212.147 2786.96
178.963 -702.128 2995.44
158.781 -97.2759 2681.77
208.4 51.0333 2891.12
187.629 -370.688 2919.45
275.365 478.762 2774.57
141.927 283.426 2903.77
FRAME: 94
141.608 767.472 2809.58
3.37314 273.671 3070.13
189.435 -657.591 3236.18
-100.913 -9.49097 3004.46
56.1637 85.8948 3021.91
24.3107 -329.894 3112.14
32.8911 534.034 2979.29
150.656 510.138 2882.07
304.6 221.734 2807.86
173.794 -701.685 2996.78
154.404 -83.2647 2741.39
200.614 56.5218 2902.73
174.065 -360.703 2925.55
268.421 486.242 2784.86
139.522 290.673 2922.2
FRAME: 95
132.18 769.648 2827.66
13.1268 277.835 3096.24
190.055 -652.68 3236.99
-112.16 -23.1766 3035.15
57.1338 88.3517 3041.11
17.4584 -320.792 3137.01
38.3004 539.391 3003.12
150.446 513.906 2898.12
299.141 224.001 2820.55
166.961 -704.844 2999.14
152.82 -82.3967 2766.53
193.073 57.533 2913.55
161.744 -354.464 2929.03
262.592 488.422 2793.13
137.775 293.424 2937.73
FRAME: 96
126.742 773.056 2838.19
15.1469 281.261 3117.51
188.012 -657.541 3229.43
-112.397 -17.4219 3081.87
56.7443 91.8356 3050.19
15.0398 -315.313 3152.6
41.2873 540.157 3018.32
150.257 515.058 2911
302.35 230.153 2829.08
160.964 -703.494 2999.38
164.99 -69.8012 2786.94
189.472 61.3845 2919.32
148.933 -346.202 2928.25
259.226 489.959 2803.68
136.682 295.834 2947.88
FRAME: 97
123.501 776.222 2846.09
20.8922 287.521 3144.33
175.045 -639.591 3276.47
-104.303 -34.0047 3091.52
56.1939 92.5278 3063.82
10.9997 -314.416 3167.02
44.7828 542.258 3030.11
149.779 516.164 2920.84
298.447 233.126 2830.89
158.743 -703.177 3001.58
150.792 -87.3269 2789.77
184.697 60.5975 2930.19
141.916 -344.302 2932.64
254.775 490.07 2811.57
135.112 296.363 2958.92
FRAME: 98
120.878 777.831 2855.56
23.0849 291.663 3154.42
187.364 -655.276 3255.7
-100.013 -21.5731 3112.77
58.7619 95.8194 3077.74
8.69706 -311.472 3182.45
46.5159 545.165 3043.05
149.329 517.916 2930.38
296.858 237.441 2841.23
155.893 -701.586 2999.35
150.727 -75.029 2801.03
182.522 62.9294 2942.1
136.231 -341.756 2934.17
252.142 490.667 2817.7
134.986 298.645 2970.15
FRAME: 99
120.507 780.019 2860.47
21.4094 293.53 3155.01
188.114 -648.951 3274.92
-104.374 -28.6171 3146.42
53.1205 96.0799 3088.42
7.90447 -310.685 3200.05
48.2043 546.759 3045.6
148.726 516.941 2931.67
290.098 234.44 2845.15
155.262 -711.231 3005.66
186.409 -64.2123 2826.08
178.423 58.735 2946.24
132.226 -349.151 2940.67
249.248 487.124 2817.73
132.249 297.174 2974.5
FRAME: 100
120.326 781.299 2866.36
18.4915 294.418 3154.87
188.459 -647.631 3278.62
-89.6753 -35.0573 3186.99
53.4499 96.1897 3091.6
10.3878 -312.098 3218.04
46.3625 546.231 3044.34
146.298 515.62 2932.92
287.867 232.026 2845.91
151.784 -724.064 3009.02
180.285 -76.9845 2821.87
174.646 58.9022 2956.22
129.474 -353.592 2949.6
246.234 485.009 2821.49
130.173 296.583 2978.41
FRAME: 101
120.63 783.153 2873.01
17.9294 293.445 3155.58
186.153 -647.488 3280.92
-101.833 -29.9039 3185.68
52.3306 96.3396 3094.89
11.4661 -311.954 3210.02
46.0265 545.096 3042.95
144.408 514.234 2932.53
283.918 228.954 2847.59
149.559 -717.764 3006.8
192.748 -30.2183 2853.33
174.078 58.1491 2957.8
124.776 -352.526 2955.74
242.789 483.372 2822.11
128.806 295.739 2979.44
FRAME: 102
121.068 782.764 2875.96
14.7236 293.536 3155.48
182.905 -647.651 3280.38
-118.58 -5.12299 3195.28
53.506 98.4399 3095.62
14.9302 -317.416 3205.72
44.5629 543.38 3042.19
140.55 513.522 2933.39
283.134 233.135 2855.46
148.631 -716.123 3007.83
188.574 -50.8375 2844.37
173.065 61.2837 2959.86
123.354 -352.374 2958.39
236.537 483.664 2824.6
126.918 296.692 2980.57
FRAME: 103
121.302 782.796 2876.03
11.963 291.935 3156.92
181.809 -649.228 3283.57
-108.91 -19.3801 3209.7
52.2881 98.2296 3101.49
16.4981 -320.11 3202.43
43.7934 544.614 3044.38
139.044 514.267 2935.8
279.909 233.512 2859.26
147.939 -714.839 3008.41
191.692 -17.0579 2841.2
172.081 60.1886 2964.66
118.806 -354.689 2964.35
234.295 483.92 2827.22
125.614 296.738 2984.44
FRAME: 104
121.991 782.175 2877.88
9.28704 287.705 3160.97
175.489 -656.127 3273.8
-109.102 -16.7733 3235.34
51.8673 97.9759 3101.51
17.2822 -320.523 3209.21
42.1881 544.347 3048
137.097 515.289 2939.29
280.827 241.769 2862.16
146.697 -713.53 3007.6
183.604 1.07544 2849.23
171.429 61.4188 2964.41
118.486 -352.24 2964.28
232.006 486.231 2830.58
124.373 297.493 2986.12
FRAME: 105
122.332 781.246 2878.81
6.98673 284.686 3168.2
173.417 -669.586 3267.88
-113.122 0.639385 3232.74
52.1923 97.438 3102.23
17.8589 -325.845 3212.21
39.911 543.479 3051.85
134.723 515.181 2941.97
279.125 248.59 2866.46
146.236 -715.357 3007.86
178.702 -13.1977 2861.45
170.531 62.1838 2964.95
117.907 -353.736 2965.3
229.536 486.883 2832.08
123.042 297.496 2987.78
FRAME: 106
122.94 780.454 2878.94
7.832 288.883 3172.37
171.106 -669.176 3298.91
-122.955 11.7584 3224.97
50.76 96.2121 3105.63
16.086 -324.054 3214.13
39.1733 542.88 3055.17
134.354 514.907 2945.67
283.565 247.268 2873.74
144.358 -714.849 3007.93
178.105 -20.6777 2866.42
171.225 60.8616 2967.04
118.252 -350.592 2964.24
229.535 486.933 2836.17
122.673 296.722 2991
FRAME: 107
123.713 779.579 2881.44
4.26904 291.097 3183.02
169.734 -671.283 3308.47
-143.025 14.8625 3227.11
48.9363 94.6257 3111.96
11.222 -320.218 3221.51
36.862 542.68 3058.11
132.233 514.146 2947.97
275.749 245.744 2870.38
143.905 -720.566 3009.73
105.152 -52.885 2809.05
170.831 58.2327 2971.22
118.271 -352.507 2965.4
227.603 485.612 2837.82
121.058 295.288 2994.78
FRAME: 108
124.765 779.376 2884.32
0.0873733 292.787 3190.78
166.974 -674.505 3314.7
-141.088 16.8569 3245.15
47.9789 94.6968 3116.85
10.2787 -316.085 3222
37.2324 543.559 3060.47
130.523 514.838 2949.92
268.646 239.326 2865.95
142.884 -724.069 3010.68
75.2403 -49.4248 2755.06
169.262 57.4295 2973.16
117.172 -353.722 2967.41
223.814 486.116 2839.37
119.572 295.45 2997.46
FRAME: 109
127.049 779.678 2889.98
-3.09675 294.545 3198.95
166.358 -675.305 3320.35
-156.321 18.9284 3228.19
47.9415 94.8692 3119.88
10.8366 -318.015 3221.24
37.5052 546.712 3067.59
130.805 517.287 2954.03
256.1 235.755 2866.65
143.325 -722.794 3010.19
28.7313 -27.4133 2674.97
165.654 57.7929 2976.64
115.346 -355.737 2969.84
224.104 487.862 2840.48
118.801 296.809 3001.14
FRAME: 110
129.229 780.021 2895.45
-9.63342 286.543 3195.82
169.192 -677.759 3323.82
-174.734 24.2599 3218.68
45.6649 89.9011 3116.58
12.8851 -333.518 3208.57
34.574 546.43 3070.03
130.237 518.259 2957.65
243.406 226.824 2859.8
138.476 -720.824 3002.32
-20.1998 12.0251 2623.32
163.494 55.1887 2977.86
112.191 -359.131 2967.5
225.901 490.088 2845.27
117.408 295.402 3002.44
FRAME: 111
131.494 780.257 2898.92
-11.5097 287.284 3196.38
167.684 -676.855 3332.99
-181.4 33.2802 3215.07
47.7198 84.673 3114.03
13.3944 -338.434 3212.79
32.2293 544.365 3076.74
129.334 517.247 2962.38
222.999 215.738 2831.09
139.22 -723.836 3001.72
-55.1062 76.634 2590.07
160.799 53.1665 2980.65
108.964 -360.555 2963.36
226.44 490.13 2848.02
116.797 293.084 3004.86
FRAME: 112
134.219 781.413 2908.35
-13.9083 278.875 3187.12
169.163 -676.489 3339.38
-199.3 49.2101 3186.17
46.275 84.7932 3114.59
12.988 -337.216 3214.25
35.5716 545.305 3079.65
130.835 517.984 2964.2
200.186 212.332 2812.42
138.281 -726.892 3003.01
-94.2238 142.895 2558.73
158.234 52.7952 2978.96
109.438 -361.073 2964
226.098 490.663 2848.74
116.545 293.389 3005.49
FRAME: 113
137.011 781.939 2916.55
-13.813 280.262 3180.74
170.317 -677.209 3343.51
-278.45 112.111 3195.58
47.7851 87.1106 3114.1
12.291 -337.103 3209.73
41.0973 544.161 3084.63
133.284 517.56 2967.53
176.218 233.349 2789.92
134.703 -732.439 3005.32
-147.566 281.829 2546.83
157.196 55.5545 2974.99
108.629 -360.294 2960.97
225.471 490.96 2850.43
117.887 294.446 3006.04
FRAME: 114
139.644 783.291 2924.82
-9.6299 290.131 3187.85
172.056 -680.164 3341.3
-313.578 182.521 3219.39
53.7235 89.6784 3117.03
10.1565 -336.808 3209.57
56.0133 542.675 3089.39
138.823 516.465 2970.75
128.722 256.809 2755.54
131.72 -731.252 3002.33
-154.514 290.506 2602.34
154.738 57.5802 2971.72
107.976 -359.219 2957.1
221.633 490.255 2852.1
121.527 295.047 3007.56
FRAME: 115
142.433 786.41 2935.57
-17.8974 302.963 3202.81
170.135 -670.197 3349.92
-325.326 225.058 3226.28
56.112 83.0849 3116.71
4.01209 -331.087 3210.92
64.8883 535.049 3092.17
143.671 509.138 2971.08
82.3256 274.166 2703.14
133.497 -738.504 3000.32
-175.711 371.05 2561.91
153.424 51.1368 2967.65
107.697 -366.641 2953.08
222.453 483.227 2849.99
124.219 288.124 3006.63
FRAME: 116
143.723 787.614 2940.46
-24.7191 304.999 3207.61
172.331 -672.91 3335.55
-375.849 256.597 3213.97
56.3699 85.1084 3119.79
6.13958 -335.082 3215.99
75.0822 535.837 3096.82
149.352 509.467 2972.58
70.1178 281.022 2681.39
132.408 -741.141 2997.09
-184.569 409.049 2571.38
151.496 51.7629 2962.9
100.766 -365.588 2946.35
223.622 483.097 2848.34
126.643 288.951 3006.96
FRAME: 117
147.379 789.628 2952.68
-42.2737 314.492 3216.22
176.43 -671.172 3330.59
-383.15 316.751 3247.88
56.5281 79.1794 3123.7
5.79053 -338.765 3215.54
83.4129 533.154 3100.72
150.606 506.341 2972.95
49.173 290.149 2665.39
126.526 -739.88 2995.56
-193.57 427.53 2585.32
143.391 44.7175 2959.97
94.0335 -367.088 2942.78
217.799 479.528 2845.18
125.283 284.145 3007.39
FRAME: 118
151.448 789.783 2970.07
-45.3845 315.485 3227.9
175.493 -673.845 3302.15
-390.954 374.2 3258.33
62.8897 73.2704 3132.13
7.11936 -341.036 3210.44
97.8443 535.632 3112.52
154.95 508.489 2978.72
42.1601 298.881 2667.5
121.38 -743.349 2992.37
-199.581 438.035 2606.85
135.848 38.5474 2961.41
82.3351 -365.131 2939.56
212.056 481.347 2844.92
127.16 282.199 3012.75
FRAME: 119
157.054 789.275 2987
-53.6545 326.158 3248.19
174.166 -671.718 3299.4
-375.785 417.344 3317.51
61.0613 70.9806 3133.91
7.17131 -339.649 3213.84
102.711 534.163 3119.43
158.666 506.802 2982.04
41.9913 302.979 2669.72
119.098 -745.815 2994.94
-207.541 442.267 2628.84
132.034 36.3715 2959.81
80.1325 -370.889 2937.89
214.621 479.441 2844.64
127.607 280.239 3014.45
FRAME: 120
160.73 789.434 2999.39
-47.2578 325.935 3248.53
171.957 -678.688 3263.65
-269.035 509.436 3186.2
59.9526 71.3849 3130.29
2.08305 -341.19 3206.29
106.363 533.634 3123.71
159.92 507.507 2984.25
38.1338 306.164 2674.59
117.493 -744.004 2993.87
-216.908 431.502 2644.85
126.796 38.8125 2956.35
77.8742 -364.314 2933.23
213.477 481.38 2844.8
126.647 281.303 3013.79
FRAME: 121
162.834 789.302 3006.55
-41.6426 320.631 3242.49
168.084 -685.785 3259.21
-256.924 494.292 3174.6
58.6494 75.3832 3123.62
0.624829 -341.395 3191.33
107.987 531.485 3125.89
160.881 507.437 2986.03
40.9523 308.319 2689.67
113.625 -738.498 2989.78
-219.5 416.45 2666.14
124.439 45.4831 2949.57
73.0917 -355.628 2925.48
213.775 483.388 2846.16
126.213 283.935 3011.31
FRAME: 122
164.785 787.398 3011.91
-32.9536 315.05 3232.39
164.874 -686.282 3252.53
-221.798 452.621 3179.62
52.1554 71.0198 3114.37
0.145731 -347.768 3184.32
109.794 529.504 3126.73
160.998 507.283 2986.29
45.5346 307.743 2698.78
110.655 -731.898 2984.04
-225.622 371.857 2665.77
114.34 44.0336 2943.78
62.5403 -358.576 2912.66
212.202 485.061 2845.85
122.123 282.405 3007.68
FRAME: 123
167.266 781.674 3018.53
-29.4651 310.349 3231.56
160.684 -692.798 3247.98
-222.284 457.357 3182.27
47.6973 61.065 3109.03
1.49234 -366.206 3181.01
111.561 526.377 3127.72
160.543 505.969 2986.55
57.5996 303.009 2699.91
110.119 -727.514 2980.19
-226.79 349.069 2672.74
106.815 36.4103 2938.46
52.9562 -369.013 2905.37
209.525 485.562 2845.38
118.899 277.353 3005.15
FRAME: 124
169.787 778.843 3023.09
-19.4198 302.445 3227.42
157.312 -694.635 3242.92
-203.061 427 3139.82
45.7352 55.5191 3103.33
-2.3491 -374.176 3177.39
113.084 523.836 3128.5
160.579 505.196 2986.83
84.9115 298.661 2708.7
109.978 -727.036 2978.43
-214.55 322.522 2676.18
102.564 33.137 2933.53
48.4101 -370.868 2899.96
208.075 486.555 2845.16
117.365 274.762 3002.63
FRAME: 125
172.199 775.406 3027.05
-10.6286 294.432 3223.53
155.245 -697.109 3240.73
-189.718 412.045 3177.3
42.1596 51.8334 3094.74
-6.24847 -375.565 3174.61
114.086 520.808 3129.25
160.584 504.242 2986.58
91.8871 291.279 2708.7
107.035 -726.683 2970.25
-182.078 293.683 2681.78
96.9777 32.2603 2926.37
44.597 -367.184 2890.63
207.082 487.676 2843.91
115.076 273.145 2998.57
FRAME: 126
173.432 772.771 3030.21
-10.0127 285.585 3217.55
151.932 -705.453 3231.11
-164.641 420.595 3235.2
41.4226 47.8737 3087.87
-13.3415 -380.207 3174.77
114.148 515.894 3129.78
160.532 500.73 2985.35
100.052 273.465 2707
107.715 -732.523 2954.73
-162.963 264.062 2672.85
95.2518 30.2894 2920.26
40.4849 -374.184 2878.8
206.917 485.567 2840.91
114.435 269.906 2994.71
FRAME: 127
176.118 767.856 3034.44
-3.63492 273.588 3201
148.034 -709.837 3238.96
-162.3 404.653 3230.77
41.2606 43.806 3081.9
-22.462 -383.112 3157.36
112.082 507.07 3129.81
161.067 491.493 2980.6
105.34 271.377 2701.45
108.975 -730.377 2947.16
-138.148 227.342 2641.04
96.7604 26.0833 2912.91
43.1538 -373.893 2871.49
210.053 475.916 2831.4
115.039 263.219 2989
FRAME: 128
176.335 765.191 3035.26
-3.53048 268.436 3198.1
148.096 -717.981 3259.51
-151.697 371.907 3268.12
40.0512 38.6815 3074.7
-27.1591 -388.023 3142.89
113.039 501.945 3128.75
162.426 487.655 2978.17
110.619 265.285 2696.05
109.321 -733.544 2946.32
-117.247 188.171 2625.67
95.684 22.5638 2905.12
48.3947 -375.209 2866.04
211.814 473.364 2827.58
115.147 259.139 2984.04
FRAME: 129
171.945 758.676 3035.06
-9.80278 259.273 3166.61
140.781 -712.43 3244
-130.852 416.016 3282.48
35.7355 36.6846 3069.24
-37.3402 -384.155 3118.02
104.832 493.138 3113.35
159.892 478.995 2966.72
126.396 241.651 2695.09
114.516 -743.259 2947.38
-40.8592 121.586 2602.8
105.183 19.4814 2899.75
58.1242 -379.533 2862.62
214.951 464.851 2820.09
115.175 253.539 2975.61
FRAME: 130
172.781 756.769 3032.89
-10.3878 260.89 3169.14
138.139 -732.504 3206.41
-110.805 469.13 3306.73
41.7575 34.6897 3065.87
-29.4444 -389.332 3098.51
111.626 495.283 3120
161.918 484.72 2970.87
154.792 239.493 2695.19
111.929 -739.362 2939.78
-14.0934 100.295 2570.23
104.967 20.9855 2881.57
54.4347 -375.233 2849.38
212.211 474.157 2821.74
117.64 256.279 2972.3
FRAME: 131
172.706 758.716 3032.98
9.63134 271.326 3181.07
139.008 -732.678 3208.28
-64.9344 523.468 3272.83
48.6637 37.8508 3027.17
-19.2878 -385.523 3038.55
116.322 489.016 3064.48
158.399 480.715 2958.04
145.107 250.328 2769.13
107.784 -741.313 2955.8
27.3703 105.325 2615.11
104.272 26.8847 2884.14
50.0807 -373.146 2859.75
200.475 472.415 2851.6
117.433 256.541 2956.85
FRAME: 132
173.3 754.096 3029.77
20.4937 303.022 3192.26
124.162 -740.645 3181.09
-45.7597 491.146 3380.64
44.9965 36.4767 3024.72
-13.9828 -376.437 3038.55
104.258 484.737 3072.33
151.752 478 2951.89
183.123 224.951 2722.95
109.004 -739.148 2936.65
66.9716 75.8263 2585.94
110.386 27.4564 2863.66
59.3159 -370.45 2839.8
199.245 471.263 2831.44
114.721 254.983 2948.04
FRAME: 133
172.469 745.673 3010.55
29.094 306.998 3191.02
114.27 -733.589 3200.25
-4.36201 480.772 3371.96
44.5585 44.0532 3031.03
-8.82362 -380.6 3057.06
91.397 492.353 3079.06
145.32 483.612 2938.12
211.311 218.522 2691.39
113.119 -746.457 2930.06
130.523 -6.26895 2512.41
115.234 33.0268 2845.59
68.1788 -373.517 2831.46
199.243 474.872 2797.17
112.608 261.076 2938.21
FRAME: 134
172.458 742.66 2995.13
19.4452 320.513 3204.54
110.814 -734.682 3184.72
-42.8762 532.682 3348.59
40.4874 41.9657 3026.15
-26.772 -383.301 3042.59
84.2116 494.656 3072.55
139.832 486.228 2925
228.709 221.073 2687.18
115.595 -743.279 2930.8
188.223 -27.9115 2513.18
114.529 30.5242 2827.87
66.8586 -378.167 2822.64
195.453 477.801 2777.45
108.67 261.237 2926
FRAME: 135
172.908 741.95 2970.29
-4.33913 378.185 3200.98
123.394 -732.933 3173.34
-63.0651 606.846 3346.01
27.1111 37.8522 3002.17
-31.8771 -385.905 3035.78
64.8315 491.817 3048.72
133.937 482.14 2912.71
246.943 215.504 2686.65
115.425 -751.604 2928.62
248.49 -56.2211 2519.26
117.113 25.1072 2824.16
62.5663 -386.364 2812.62
203.042 472.463 2776.69
103.024 256.81 2912.94
FRAME: 136
170.98 744.09 2949.37
-22.6211 401.445 3194.34
130.339 -733.197 3120.22
-101.715 627.503 3315.38
20.8234 36.1445 2982.7
-32.9864 -388.611 3030.95
47.4336 489.107 3037.5
132.349 480.627 2908.19
268.472 213.585 2692.57
117.794 -758.881 2919.33
285.677 -78.1587 2536.88
128.719 25.3188 2818.09
62.2179 -393.988 2807.81
217.264 472.148 2778.88
103.56 255.679 2904.29
FRAME: 137
175.451 743.607 2927.14
-66.0964 465.312 3164.14
124.068 -717.154 3157.43
-81.3382 694.424 3308.87
13.5503 38.1143 2976.43
-37.7451 -390.356 3029.32
32.7952 493.919 3018.16
129.663 480.994 2894.92
284.451 210.873 2696.43
120.699 -765.99 2920.24
323.623 -86.0009 2549.33
135.361 21.8268 2821.48
68.7924 -402.258 2808.37
226.53 468.068 2771.68
102.059 255.482 2896.94
FRAME: 138
195.604 753.032 2841.68
-87.0984 506.674 3081.82
115.85 -688.484 3181.48
-129.745 701.425 3170.26
-7.39341 55.3461 2960.49
-45.4236 -382.568 3023.39
16.5454 515.249 2946.61
129.623 491.636 2851.71
307.861 203.304 2715.83
128.204 -758.965 2925.08
362.397 -78.2117 2600.42
148.289 22.6029 2830.26
85.8394 -399.641 2819.45
242.701 468.022 2756.8
100.036 265.305 2873.54
FRAME: 139
202.759 753.304 2817.86
-138.979 597.476 2968.96
124.796 -682.989 3171.04
-134.165 711.421 3101.15
-13.7282 62.2846 2953.06
-47.7607 -376.336 3014.87
4.24874 516.64 2914.99
127.852 489.536 2832.31
320.072 200.932 2734.17
135.235 -752.174 2927.86
382.891 -107.784 2633.23
157.468 24.5463 2838.71
98.7418 -392.944 2825.35
251.456 462.432 2749.63
99.8612 266.476 2864.1
FRAME: 140
210.938 751.077 2791.62
-136.84 598.604 2862.98
118.504 -679.458 3174.56
-137.279 745.174 3015.1
-19.5474 69.742 2942.31
-46.8961 -361.448 3003.52
-3.87748 518.642 2890.76
126.922 490.088 2817.79
328.529 199.48 2752.29
138.341 -751.966 2937.59
384.9 -115.015 2654.99
162.332 29.7595 2840.93
110.6 -384.709 2837.6
257.722 461.534 2744.81
99.1572 269.919 2854.7
FRAME: 141
217.427 745.093 2773.15
-125.367 602.877 2705.37
111.319 -681.753 3180.95
-141.678 784.304 2873.25
-20.4203 73.9865 2929.98
-45.0365 -350.93 2996.15
-9.44821 516.328 2860.46
126.259 487.8 2800.4
328.971 203.335 2771.62
141.595 -745.259 2941.08
385.217 -121.357 2675.82
166.835 34.5403 2847.32
118.222 -373.393 2850.07
261.967 459.272 2740.34
99.7334 271.032 2844.53
FRAME: 142
221.79 738.891 2757.1
-82.5913 544.318 2620.95
103.505 -686.14 3187.16
-131.272 795.22 2770.38
-23.7066 72.8165 2921.44
-43.0342 -354.971 3001.74
-18.3453 508.503 2837.58
123.689 481.168 2789.94
325.322 196.899 2798.91
145.233 -740.054 2954.24
386.421 -119.515 2712.5
171.876 35.1788 2856.08
126.191 -368.239 2863.51
265.724 453.832 2742.31
98.8869 267.583 2839.35
FRAME: 143
224.705 735.009 2737.37
-52.8826 506.04 2587.29
94.0102 -684.711 3185.91
-57.9061 748.114 2495.17
-26.2707 71.2529 2918.72
-40.8681 -352.048 2993.66
-16.3237 504.152 2818.65
125.689 476.972 2780.93
312.424 195.88 2821.05
149.525 -738.887 2969.94
377.734 -129.767 2738.98
173.006 33.0485 2865.84
135.551 -367.931 2880.98
267.702 449.792 2743.2
99.5283 264.562 2836.6
FRAME: 144
225.907 726.259 2716.5
-18.5517 445.699 2561.14
94.9121 -684.294 3196.43
-13.287 611.383 2420.78
-26.8093 63.3383 2911.7
-37.5368 -359.968 3003.55
-11.8213 490.303 2799.91
129.14 465.383 2775.9
305.099 187.244 2832.7
149.223 -744.751 2988.29
383.344 -146.42 2780.32
173.267 27.7162 2877.12
139.463 -372.261 2895.71
270.102 440.462 2751.88
101.184 255.455 2835.15
FRAME: 145
223.601 721.47 2705.2
6.04294 414.059 2525.91
92.9397 -686.137 3197.9
51.4553 497.892 2252.46
-26.1472 59.1352 2906.11
-41.8373 -365.359 2997.68
-5.06318 470.994 2774
132.25 447.922 2761.36
300.303 172.454 2846.03
151.415 -748.729 3001.68
373.824 -142.631 2817.19
172.537 25.2737 2886.61
142.747 -374.947 2913.08
269.564 424.85 2748.73
102.723 245.063 2828.86
FRAME: 146
225.52 700.168 2687.87
13.4362 363.069 2559.01
87.0962 -685.702 3218.35
67.4549 311.598 2446.73
-26.1519 52.6041 2899.52
-47.483 -364.905 2992.85
7.52226 442.589 2752.21
138.292 420.813 2752.64
303.334 163.449 2858.34
155.905 -750.65 3020.81
399.507 -128.947 2855.62
169.923 19.4763 2899.66
144.417 -380.801 2931.03
269.063 399.038 2753.07
105.089 228.427 2826.12
FRAME: 147
229.816 689.789 2669.19
29.4334 282.213 2573.77
87.6986 -694.156 3201.42
130.527 269.908 2341.29
-26.5563 57.1073 2884.16
-50.7315 -364.919 2971.55
15.7492 441.939 2711.91
144.725 422.67 2732.74
296.571 173.809 2835.09
150.777 -744.69 3031.1
412.675 -105.76 2893.49
164.651 29.0437 2914.35
142.448 -372.642 2945.36
273.701 403.401 2753.57
106.886 232.873 2816
FRAME: 148
232.382 675.286 2648.32
65.514 240.1 2558.35
78.2829 -688.26 3230.7
228.506 16.9637 2362.94
-25.53 45.5638 2881.57
-51.972 -372.343 2976.48
22.3973 435.636 2703.51
147.102 422.627 2731.06
286.326 168.434 2834.16
149.413 -746.113 3038.51
360.95 -39.2981 2767.73
163.666 25.3781 2922.67
142.138 -373.769 2951.05
271.806 409.618 2758.61
108.085 229.049 2816.59
FRAME: 149
232.727 662.819 2631.42
81.5108 204.434 2572.18
78.8872 -693.859 3243.19
280.484 -74.2661 2419.98
-21.8037 41.9495 2878.18
-46.8773 -379.275 2984.29
28.27 425.798 2690
149.367 416.236 2725.8
283.112 170.889 2843.93
144.672 -747.062 3038.07
370.912 -53.8009 2774.45
159.944 26.7011 2929.97
139.096 -374.412 2950.16
270.464 406.674 2761.6
109.219 225.281 2814.93
FRAME: 150
229.41 635.314 2605.14
112.469 134.484 2639.33
75.8313 -688.238 3239.69
315.172 -120.966 2624.19
-19.454 33.7764 2878.84
-44.2228 -377.692 2979.13
34.3277 410.898 2684.91
151.067 404.612 2727.02
283.021 156.865 2877.23
141.341 -749.223 3041.06
382.331 -88.1078 2734.7
153.94 23.5431 2939.51
136.563 -375.192 2953.11
267.806 398.326 2769.12
109.155 216.636 2818.1
FRAME: 151
227.556 616.982 2590.84
108.489 136.723 2655.26
76.0054 -684.137 3237.9
293.775 -80.9968 2661.66
-19.5983 25.6234 2880.74
-40.222 -373.612 2979.07
37.2197 397.316 2682.25
152.658 391.157 2725.02
284.934 148.474 2899.87
139.74 -752.91 3040.19
389.664 -82.5171 2814.61
151.34 15.7784 2942.57
134.194 -377.198 2950.91
268.097 384.997 2767.79
109.265 205.929 2818.34
FRAME: 152
227.54 602.462 2580.16
71.9124 148.956 2689.62
73.7155 -689.368 3244.17
294.181 -59.2772 2689.33
-20.9096 19.6805 2883.72
-36.7383 -370.115 2979.61
30.5507 383.769 2679.42
150.485 376.928 2720.4
283.939 145.205 2913.27
141 -754.737 3040.52
393.804 -70.7813 2866.06
153.925 8.69058 2941.5
134.717 -378.299 2951
270.42 370.088 2761.38
108.497 195.557 2816.51
FRAME: 153
228.204 591.724 2567.41
67.7305 146.701 2696.08
72.9248 -687.577 3244.79
322.279 -93.0217 2731.76
-21.2783 17.1085 2889.15
-35.371 -372.132 2984.67
27.5167 375.579 2678.04
151.352 365.004 2711.29
281.094 151.103 2927.04
144.241 -750.61 3035.07
400.547 -52.4821 2931.98
155.557 1.5601 2935.96
137.662 -382.056 2948.44
275.188 354.428 2744.54
109.246 187.169 2811.92
FRAME: 154
227.847 590.338 2560.92
60.6321 143.72 2705.53
72.3664 -687.865 3249.15
319.83 -90.5963 2751.96
-22.4593 15.275 2888.9
-34.6708 -370.912 2988.03
32.3539 372.815 2670.98
155.056 361.407 2703.96
276.559 156.834 2936.17
144.064 -754.374 3036.37
390.853 -56.1169 2917.51
154.9 -1.49013 2936.18
136.898 -384.061 2946.33
277.759 350 2736.94
110.638 184.15 2808.25
FRAME: 155
227.937 591.194 2556.86
50.9651 143.315 2713.23
67.1362 -681.577 3255.16
323.716 -79.1195 2756.75
-18.3265 14.0229 2886.11
-32.2762 -371.994 2988.65
36.3186 371.777 2664.53
158.937 360.71 2698.4
275.867 165.101 2938.98
144.063 -755.985 3035.36
398.743 -42.4831 3020.92
155.042 -1.82878 2933.88
137.617 -386.56 2944.61
281.556 349.643 2732.28
113.647 183.404 2804.2
FRAME: 156
228.214 594.524 2555.85
39.414 144.504 2723.41
64.0662 -688.157 3254.71
276.32 -52.5883 2755.25
-19.1394 16.2905 2883.49
-30.9359 -376.617 2985.45
34.484 375.708 2657.2
159.577 364.941 2692.69
277.267 171.635 2935.95
145.778 -751.026 3037.45
391.301 -15.8734 3019.36
154.859 1.30966 2932.88
139.122 -383.617 2944.68
284.671 354.175 2728.19
113.719 186.871 2800.44
FRAME: 157
225.313 600.093 2554.77
15.0256 146.158 2733.39
64.7665 -690.151 3250.88
230.344 -41.8056 2764.91
-20.3376 20.4407 2886.66
-30.2678 -378.273 2980.87
28.5041 387.152 2656.81
157.047 374.735 2687.5
284.03 180.629 2926.5
148.706 -751.825 3036.69
374.757 -40.9258 2982.87
159.043 3.02982 2929.3
141.162 -383.37 2942.59
285.589 362.318 2718.2
113.2 193.235 2797.74
FRAME: 158
214.097 622.041 2561.46
-15.3834 153.322 2757.74
64.9268 -696.25 3247.28
213.383 -34.3817 2747.26
-18.996 32.0895 2892.02
-29.8869 -378.27 2975.48
23.4533 405.836 2668.62
155.467 389.035 2689.75
292.189 175.379 2905.35
153.285 -746.89 3033.54
346.662 -50.8279 2898.72
166.736 8.32414 2921.52
145.364 -378.239 2938.82
287.481 372.234 2710.88
114.669 204.621 2798.26
FRAME: 159
207.258 638.29 2570.13
-11.9165 147.868 2755.5
74.6926 -698.508 3248.34
231.407 -40.703 2718.77
-2.77802 30.3546 2890.85
-25.0453 -379.22 2971.9
21.411 410.102 2674.13
154.931 396.055 2693.67
307.144 171.101 2889.23
154.425 -744.942 3026.06
330.306 -46.9992 2838.02
172.561 11.7965 2916.36
146.35 -376.317 2930.61
288.451 382.009 2713.21
119.911 208.565 2798.64
FRAME: 160
203.066 649.413 2579.26
-14.7521 149.142 2753.98
84.9687 -692.133 3249.57
237.806 -32.8725 2711.04
5.91218 32.5389 2893.02
-19.7559 -376.213 2967.34
20.5062 416.079 2679.07
156.524 404.176 2698.53
320.923 161.356 2874.89
154.063 -745.184 3022.26
320.826 -39.0241 2825.41
181.695 17.0708 2918.01
147.729 -375.132 2926.32
292.542 392.273 2717.99
125.164 214.491 2802.02
FRAME: 161
195.275 661.779 2594.87
-24.0132 160.304 2759.51
99.0744 -691.227 3232.14
220.378 -28.0327 2698.26
11.7583 34.0149 2897.48
-13.6596 -366.755 2970.46
14.3013 421.525 2692.05
153.641 411.503 2707.98
331.243 157.398 2871.73
154.807 -741.774 3014.11
307.93 -33.5869 2784.38
194.337 20.7566 2918.17
148.769 -371.467 2917.79
292.981 401.481 2723.9
128.345 219.444 2807.9
FRAME: 162
188.687 674.585 2612.93
-33.2862 168.958 2768.04
115.672 -696.896 3221.81
196.823 -36.7919 2684.62
16.5118 37.4791 2902.14
-10.2183 -366.572 2981.9
8.22535 431.953 2714.97
150.376 420.922 2722.36
340.54 158.546 2868.67
156.093 -739.711 3004.73
313.586 -23.3288 2785.58
204.316 22.7466 2911.56
151.551 -365.109 2907.9
292.527 409.891 2729.76
130.395 225.518 2814.61
FRAME: 163
183.414 686.424 2623.68
-44.4987 175.564 2775.45
117.8 -694.807 3226.09
169.438 -29.1883 2689.52
20.5829 41.316 2903.44
-5.72807 -358.428 2995.15
2.76735 439.411 2726.97
147.33 428.061 2730.37
351.493 177.754 2863.35
157.74 -737.668 2999.19
346.713 -26.7974 2798.61
204.377 26.7022 2907.46
154.546 -356.89 2899.24
291.893 416.712 2733.77
129.905 231.035 2817.91
FRAME: 164
175.099 697.281 2635.48
-51.7262 177.644 2785.7
127.563 -690.577 3233.45
166.647 -30.2411 2693.53
24.7963 40.2972 2906.69
4.8689 -354.948 3021.51
-5.36222 450.641 2745.71
143.176 438.834 2742.73
356.834 193.84 2862.14
158.897 -738.565 2993.29
372.337 -34.9351 2807.89
203.966 25.9465 2902.97
156.223 -353.14 2895.02
291.713 427.027 2739.74
128.778 235.978 2823.78
FRAME: 165
168.662 708.755 2652.82
-60.0962 181.85 2803.4
134.713 -684.5 3234.94
123.337 -30.5092 2649.35
26.9814 41.2483 2913.98
7.56698 -352.033 3031.69
-8.97182 464.168 2770.4
140.949 451.039 2758.46
361.178 205.204 2863.27
159.327 -738.765 2986.1
375.689 -25.2956 2777.25
205.643 25.5052 2899.64
157.76 -346.908 2892.49
290.87 437.91 2746.52
128.631 242.208 2832.64
FRAME: 166
164.625 722.333 2682.7
-73.4399 195.356 2837.11
144.82 -684.685 3244.55
79.6351 -7.97319 2664.09
30.8997 41.5607 2920.92
10.7129 -351.358 3046.08
-15.3416 475.375 2804.11
135.629 462.418 2781.06
364.713 209.438 2863.61
158.838 -743.046 2983.77
349.815 -23.5003 2706.79
205.63 26.4982 2894.17
159.38 -347.549 2894.24
286.599 449.461 2758.02
126.947 248.224 2844.3
FRAME: 167
164.47 731.529 2702.2
-83.8267 213.53 2890.92
157.654 -699.109 3221.41
53.4465 -5.7766 2694.25
32.12 50.5871 2938.45
11.1936 -352.398 3049.99
-15.4998 484.097 2833.57
133.22 470.245 2799.69
365.46 211.058 2854.51
161.046 -736.642 2989.74
331.713 -41.199 2674.68
209.031 34.0953 2898.1
164.258 -341.023 2904.41
281.94 456.393 2765.81
126.898 256.293 2858.98
FRAME: 168
163.345 737.798 2718.66
-85.634 222.842 2921.54
156.873 -695.295 3224.54
15.6857 17.1996 2711.14
33.9982 59.3252 2961.93
12.4566 -350.705 3060.28
-16.3364 488.876 2860.27
130.636 475.453 2818.57
364.6 210.252 2855.79
162.969 -733.211 2991.53
311.882 -45.4553 2657.78
216.731 42.627 2910.03
168.853 -335.277 2912.18
277.608 462.029 2776.87
128 263.214 2877.27
FRAME: 169
161.91 740.346 2738.6
-84.8522 232.801 2954.57
182.427 -648.442 3226.05
1.62469 17.5726 2746.88
35.3863 61.9692 2969.54
14.2292 -350.207 3066.33
-16.6081 493.122 2884.95
129.141 479.591 2835.3
364.392 211.403 2855.86
164.084 -732.11 2996.28
284.309 -53.7122 2632.04
214.67 45.3046 2908.37
169.819 -334.69 2915.19
274.889 466.061 2785.65
127.084 266.614 2887.13
FRAME: 170
159.571 743.623 2758.33
-88.2668 237.663 2978.7
188.978 -636.024 3212.33
-18.5467 32.1069 2783.58
37.6746 63.3238 2982.15
16.2309 -350.443 3068.04
-16.0954 495.934 2910.3
127.454 482.673 2852.03
362.61 213.252 2855.71
167.015 -730.061 3003.55
273.627 -49.9621 2643.07
215.1 46.9054 2910.05
173.893 -336.134 2924.37
271.004 469.412 2793.75
126.921 268.894 2899.06
FRAME: 171
158.423 750.238 2779.32
-72.6634 246.761 3006.83
193.233 -636.388 3200.82
-32.6358 33.8643 2809.67
42.3258 63.5062 2988.19
21.4078 -344.254 3082.88
-13.653 501.239 2932.08
127.471 489.555 2868.68
358.365 219.782 2856.46
169.752 -726.003 3008.21
263.505 -47.2834 2664.46
213.87 49.2898 2911.1
174.659 -333.813 2931.48
268.596 477.871 2805.27
127.785 272.976 2909.16
FRAME: 172
157.758 753.487 2801.67
-65.7277 250.311 3032.59
188.143 -642.266 3211.3
-77.0014 2.24676 2826.15
42.3377 63.647 3002.92
24.2742 -337.914 3098.71
-8.95872 506.305 2959.26
128.254 494.891 2889.24
352.931 220.147 2857.79
173.952 -718.684 3012.91
267.263 -32.849 2684.2
212.755 49.3913 2915.77
175.191 -327.694 2936.55
265.467 483.477 2819.23
127.9 275.705 2924.29
FRAME: 173
158.356 755.639 2813.62
-54.6367 258.975 3054.86
187.796 -642.63 3216.79
-64.3924 42.36 2880.41
44.3761 63.75 3014.69
20.0363 -339.406 3115.24
-2.5609 511.069 2982.17
131.465 499.032 2905.62
344.652 219.164 2860.91
177.22 -720.868 3021.58
246.908 -36.4591 2692.31
209.341 48.9128 2920.42
172.749 -335.359 2955.35
265.491 486.995 2829.07
129.162 277.682 2936.59
FRAME: 174
159.93 760.097 2834.54
-45.6535 280.933 3100.46
184.85 -652.952 3228.76
-85.25 23.993 2940.13
43.659 62.9798 3038.55
9.91309 -337.894 3132.82
3.8999 518.873 3013.43
134.38 504.042 2928.12
331.623 217.3 2870.34
176.808 -710.645 3019.65
219.864 -69.2126 2732.29
199.847 45.0718 2936.19
168.984 -330.333 2962.04
264.861 489.211 2842.8
128.067 279.034 2957.75
FRAME: 175
159.497 763.455 2853.63
-42.8304 280.614 3124.71
183.106 -659.516 3242.11
-81.7611 26.1862 2937.86
37.2509 63.8131 3057.06
-0.179492 -339.459 3152.37
5.78468 522.979 3041.3
134.834 506.852 2951.92
319.08 217.601 2884.45
176.101 -709.393 3023.88
217.155 -81.5143 2750.13
190.549 44.5274 2950.82
165.821 -329.858 2969.33
263.883 490.723 2862.55
124.367 280.511 2977.93
FRAME: 176
159.726 764.748 2867.06
-37.0632 282.13 3139.48
181.902 -662.893 3251.36
-88.8631 25.3171 2947.93
32.2964 64.574 3076.26
-3.51006 -336.787 3162.59
10.2552 528.251 3058.34
134.744 510.03 2967.86
307.158 213.525 2893.18
177.18 -707.195 3025.23
213.688 -83.4858 2765.03
181.978 42.5192 2967
162.544 -328.859 2974.07
259.233 491.81 2877.38
120.94 281.788 2994.74
FRAME: 177
158.996 767.691 2877.66
-29.541 284.705 3152.44
182.102 -662.449 3257.7
-85.2798 26.447 3001.65
32.7097 68.5371 3094.66
-4.29806 -330.993 3174.95
15.2392 533.574 3071.69
136.543 513.402 2978.75
296.813 211.059 2895.56
177.184 -710.266 3028.86
207.575 -93.6914 2766.75
179.624 44.0231 2981.53
158.969 -329.735 2979.2
257.847 493.23 2885.82
121.355 284.841 3008.42
FRAME: 178
160.102 770.472 2885.87
-18.3014 288.777 3169.37
182.452 -652.081 3261.95
-92.4728 33.7682 3028.34
30.9518 73.7431 3107.26
-6.62397 -319.265 3184.21
18.8248 538.903 3082.11
137.843 517.163 2987.28
292.554 212.566 2897.33
175.726 -717.462 3032.86
207.448 -99.2284 2787.6
176.535 47.0858 2990.85
155.079 -335.003 2984.85
256.861 495.424 2892.44
120.793 288.789 3018.17
FRAME: 179
162.316 772.383 2895.85
-14.2072 288.445 3177.07
183.375 -648.696 3268.91
-100.383 17.9302 3059.51
31.6589 78.979 3114.66
-4.57072 -315.81 3193.56
24.4514 542.552 3090.52
140.119 520.133 2993.57
291.744 216.973 2900.62
175.132 -718.363 3033.45
187.597 -93.878 2812.03
174.674 51.2454 2994.55
152.046 -334.92 2987.15
255.787 497.714 2896.61
121.643 292.623 3024.09
FRAME: 180
164.932 772.718 2904.91
-8.1728 289.787 3185.53
185.126 -648.936 3277.98
-96.0292 30.7188 3076
32.6895 83.0411 3118.38
-2.49952 -316.416 3200.97
28.9173 544.497 3097.71
141.966 522.122 2998.82
292.227 219.948 2904.86
173.443 -717.958 3033.89
213.487 -78.8167 2810.86
173.514 55.1617 2995.07
150.014 -335.149 2988.63
255.016 499.746 2899.92
122.534 295.612 3027.77
FRAME: 181
165.923 772.833 2908.38
-4.81317 287.981 3192.42
187.701 -650.511 3286.18
-109.448 19.7752 3099.08
33.9172 85.2993 3121.1
-0.0838096 -318.77 3209.84
32.3462 544.575 3106.33
143.875 522.699 3004.57
292.469 223.271 2908.77
171.944 -716.076 3036.27
195.22 -117.693 2831.51
173.45 57.8854 2993.65
149.326 -336.231 2989.17
255.404 500.823 2902.8
123.779 297.146 3030.97
FRAME: 182
167.453 773.769 2912.37
0.0398349 288.326 3197.23
188.031 -649.88 3290.88
-105.865 17.868 3130.97
33.6274 89.265 3129.9
-0.618179 -315.419 3211.95
37.0888 546.562 3110.77
144.962 523.784 3006.5
287.627 228.869 2910.13
172.986 -718.23 3040.15
206.891 -93.65 2838.44
174.151 59.5555 2994.02
149.589 -337.242 2992.95
252.835 501.006 2902.24
124.426 299.097 3034.23
FRAME: 183
168.659 773.717 2913.66
3.6146 288.418 3200.58
188.84 -649.683 3296.83
-100.93 17.6815 3140.22
34.2512 90.5063 3129.87
-0.14473 -312.831 3215.52
39.4898 547.197 3111.24
146.067 524.518 3006.71
286.149 232.886 2911.3
171.31 -722.171 3041.55
207.069 -61.4657 2839.82
174.197 60.6415 2992.48
148.95 -338.092 2994.37
252.644 501.838 2902.17
125.145 300.046 3033.94
FRAME: 184
169.635 773.178 2914.61
5.07266 290.819 3206.31
188.258 -646.988 3308.3
-110.657 12.6369 3153.33
35.1612 93.6683 3131.88
-2.75781 -304.314 3216.37
41.1728 549.732 3114.04
146.036 527.655 3008.91
283.822 245.856 2907.94
170.992 -721.904 3040.73
190.118 -73.8163 2836.07
174.757 64.1628 2991.76
148.353 -339.239 2993.88
250.899 505.578 2903.78
125.497 303.285 3035.37
FRAME: 185
170.183 772.99 2915.56
5.03594 289.779 3203.99
187.558 -645.295 3313.02
-100.147 17.2736 3171.1
37.3792 93.0264 3131.37
-3.96805 -304.296 3216.56
43.302 551.246 3114.27
145.94 530.131 3009.81
282.143 250.603 2909.86
169.452 -721.804 3038.97
192.124 -72.8234 2830.65
174.457 64.799 2991.83
148.007 -338.386 2992.92
248.579 509.016 2905.35
125.929 304.522 3035.7
FRAME: 186
170.575 772.637 2913.28
6.05024 291.652 3206.72
185.126 -645.071 3312.16
-105.027 3.52598 3179.5
36.6523 94.0146 3131.06
-0.0591943 -303.726 3214.45
44.7529 551.441 3113.73
146.075 529.762 3006.72
280.409 249.766 2903.47
168.368 -723.039 3038.05
178.705 -89.7543 2799.25
173.531 64.6787 2986.37
147.621 -338.145 2991.17
247.397 508.084 2899.7
125.583 304.555 3032.71
FRAME: 187
170.719 772.279 2914.17
6.01783 290.166 3200.65
189.916 -646.484 3302.4
-101.078 19.762 3170.77
40.6752 94.4139 3127.66
-2.47393 -304.136 3213.26
47.1299 552.434 3112.44
145.776 531.979 3006.11
279.515 245.128 2906.5
166.815 -720.384 3033.4
190.465 -126.343 2815.13
172.635 67.0093 2985.36
147.051 -335.698 2985.08
244.422 511.524 2899.77
126.215 306.345 3031.31
FRAME: 188
170.003 771.981 2910.63
6.05326 288.329 3202.53
170.329 -616.284 3321.96
-106.384 2.16705 3162
37.7307 95.3629 3126.67
-2.08649 -304.399 3213.31
48.2825 551.246 3104.96
147.099 528.928 2998.83
278.025 248.17 2901.05
166.157 -722.135 3036.21
192.287 -63.5597 2833.51
172.935 64.7195 2981.4
146.469 -336.737 2986.53
245.915 506.609 2892.69
126.216 304.484 3026.43
FRAME: 189
169.537 771.812 2907.77
6.67458 293.044 3200.22
178.983 -628.312 3317.39
-100.169 12.0956 3157.77
37.4974 99.5175 3127.04
-4.55095 -302.562 3210.69
51.1422 552 3097.32
149.271 527.265 2991.4
276.202 245.585 2898.94
164.57 -725.973 3035.62
204.705 -14.4922 2856.84
172.664 65.4262 2981.11
145.711 -340.088 2984.38
247.4 502.531 2885.48
127.176 304.869 3022.74
FRAME: 190
166.858 769.925 2899.93
7.21224 294.016 3197.38
185.369 -631.969 3304.39
-107.246 3.43824 3167.72
36.6916 98.727 3123.15
-6.96186 -308.179 3207.21
51.6292 550.704 3086.98
149.09 524.305 2981.5
275.303 238.79 2893.66
162.433 -726.667 3033.47
197.79 -44.2743 2849.71
171.056 62.3753 2977.71
143.997 -341.84 2982.87
246.551 497.905 2876.03
126.482 302.428 3015.97
FRAME: 191
159.986 765.478 2887.21
6.82878 293.69 3196.44
181.718 -644.036 3310.29
-102.978 3.06568 3146.93
34.0397 97.5262 3120.19
-11.5795 -317.804 3200.99
49.241 547.05 3073.57
146.993 519.111 2970.73
269.848 230.343 2884.48
157.58 -735.154 3029.61
186.718 -7.17975 2846.84
171.293 58.3676 2975.82
141.525 -346.914 2979.57
244.745 491.173 2867.88
124.83 298.529 3009.37
FRAME: 192
152.356 760.774 2875.61
5.85156 291.049 3188.89
175.999 -645.303 3308.03
-103.625 3.86584 3158.41
27.583 90.6141 3118.16
-13.0347 -322.472 3195.46
45.5878 541.054 3062.47
142.826 512.15 2961.09
268.375 226.892 2879.54
149.206 -747.403 3022.43
175.681 -0.478749 2842.49
169.426 48.5493 2970.24
134.403 -356.292 2971.05
240.065 483.246 2859.71
120.666 290.866 3002.65
FRAME: 193
148.09 756.991 2866.36
4.77857 288.781 3185.19
174.603 -652.544 3301.65
-103.303 -5.23621 3179.05
27.2969 80.9545 3111.07
-16.3504 -336.843 3187.82
45.6366 536.399 3059.34
143.887 508.318 2957.45
269.778 232.029 2872
145.052 -753.208 3016.12
175.506 67.5916 2841.71
170.37 40.0077 2962.83
130.16 -369.031 2963.43
242.137 480.237 2855.55
121.36 284.4 2997.2
FRAME: 194
145.552 755.06 2864.6
4.6368 283.059 3182.2
173.433 -649.788 3310.16
-99.0055 -18.8145 3183.33
27.6455 72.4249 3102.32
-16.7041 -343.911 3182.93
44.9327 533.85 3059.16
142.527 507.391 2955.33
274.066 236.51 2868.93
144.605 -747.995 3014.32
172.064 35.0842 2810.32
166.869 34.5951 2953.99
126.982 -374.47 2956.18
240.122 480.932 2851.5
119.892 280.451 2991.74
FRAME: 195
143.629 753.851 2863.72
6.18722 280.522 3182.4
170.006 -656.86 3314.95
-113.679 -16.1159 3179.6
28.5657 71.4705 3100.61
-15.7261 -348.378 3181.93
46.1346 532.529 3059.39
142.607 506.488 2954.08
273.321 236.293 2864.48
142.887 -747.37 3010.84
155.615 36.2268 2793.8
167.058 34.0733 2949.37
125.771 -376.238 2950.17
239.079 480.446 2848.76
120.209 279.63 2989.53
FRAME: 196
143.086 752.744 2865.63
6.67882 276.197 3184.43
167.106 -665.058 3318.91
-128.194 2.34656 3183.35
30.6304 74.3116 3100.17
-14.9079 -350.314 3179.85
46.015 529.73 3060.78
141.8 503.865 2953.56
263.119 219.879 2849.11
143.15 -740.533 3009.45
125.593 8.30361 2760.57
167.608 37.3263 2946.81
126.944 -368.947 2944.9
237.585 478 2846.33
120.46 279.842 2988.52
FRAME: 197
142.783 754.306 2865.42
6.95546 278.115 3185.92
169.976 -668.706 3315.4
-130.939 4.59122 3188
28.0317 70.4592 3100.97
-17.2173 -353.304 3184.54
47.38 527.904 3060.08
141.969 500.864 2950.48
255.589 214.319 2841.89
145.299 -756.45 3011.76
101.343 -49.8738 2648.17
164.305 31.4031 2942.96
123.963 -386.961 2941.06
236.558 473.825 2840.88
119.069 275.898 2986.22
FRAME: 198
145.363 756.195 2871.48
3.53476 272.292 3185.03
171.097 -673.544 3309.43
-143.181 3.16881 3188.25
29.8968 71.8353 3102.12
-11.7362 -352.673 3182.96
46.667 526.935 3062.54
140.486 499.305 2950.95
255.108 207.933 2841.31
143.696 -748.76 3011.19
64.7551 -6.20716 2565.74
161.335 33.1241 2945.8
123.048 -382.695 2939.21
234.304 471.675 2839.36
118.051 275.892 2987.46
FRAME: 199
143.501 759.547 2874.51
2.3002 275.712 3190.17
171.04 -673.73 3314.74
-155.171 21.5261 3178.81
33.5417 74.3444 3097.51
-14.1085 -348.751 3184.75
44.6445 525.657 3063.9
140.279 498.924 2952.17
235.965 194.257 2818.92
142.302 -746.904 3006.61
37.3198 67.1964 2522.81
162.55 38.0674 2946.69
122.475 -377.905 2935.7
235.914 472.191 2840.43
119.163 277.565 2987.13
FRAME: 200
145.391 765.455 2884.12
9.59279 279.058 3187.2
173.447 -665.633 3290.35
-157.223 42.8445 3185.33
37.964 71.3838 3097.26
-9.43827 -351.113 3168.94
47.1512 527.835 3061.18
140.638 501.131 2949.74
220.038 208.658 2776.9
141.907 -753.125 3009.4
-17.8356 117.705 2509.54
162.489 35.7387 2948.94
122.561 -382.744 2939.81
234.124 474.427 2838.29
120.432 277.346 2986.42
FRAME: 201
146.553 769.961 2890.48
8.98724 272.931 3180.26
176.368 -669.526 3294.78
-180.81 61.1209 3191.4
42.5947 74.6273 3090.5
-9.41249 -347.639 3167.92
49.2299 525.25 3062.76
142.194 499.467 2950.36
179.912 217.388 2737.12
142.839 -749.876 3007.64
-33.9829 197.424 2528.11
161.787 41.4503 2946.27
123.607 -380.806 2937.45
235.159 473.684 2837.96
122.193 278.753 2984.37
FRAME: 202
150.617 776.536 2899.34
8.22916 281.955 3179.89
175.232 -669.313 3282.4
-188.568 90.8571 3188.79
47.4334 74.6333 3092.45
-6.33639 -342.787 3157.05
63.5047 530.231 3064.62
149.239 504.1 2950.74
179.446 224.63 2725.94
139.956 -749.144 3006.36
-33.2636 292.055 2470.66
158.748 40.5218 2944.56
122.118 -377.648 2938.62
234.974 477.969 2836.86
126.165 280.839 2984.62
FRAME: 203
154.954 783.593 2913.81
15.7106 290.242 3194.79
177.391 -668.433 3260.21
-231.877 150.453 3238.16
55.2378 72.5984 3095.22
-8.06082 -339.575 3152.94
75.4558 527.034 3073.52
155.345 501.137 2955.17
171.562 239.295 2709
139.453 -751.651 3006.52
-28.8293 396.311 2477.63
157.578 39.3321 2943.89
122.005 -376.952 2937.1
235.235 475.24 2836.82
130.877 278.551 2987.36
FRAME: 204
157.214 789.772 2936.92
11.525 292.566 3212.75
177.191 -668.743 3249.4
-266.261 184.946 3238.9
60.7427 70.9534 3098.97
-6.52056 -342.355 3157.85
85.4349 525.897 3087.54
160.919 500.831 2962.74
163.157 267.791 2690.07
136.237 -747.011 3003.51
-27.7812 432.78 2494.2
155.992 39.2241 2942.11
119.823 -372.653 2934.64
236.403 475.764 2837.95
134.643 277.96 2991.64
FRAME: 205
157.917 790.299 2952.9
4.32334 295.59 3230.78
183.272 -663.178 3267.03
-409.461 189.356 3242.28
62.476 64.9558 3105.56
-3.30736 -341.889 3161.41
93.8475 522.739 3095.83
164.07 497.772 2966.69
148.259 284.639 2669.38
133.799 -753.407 3004.59
-50.4612 458.626 2501.19
152.542 32.8492 2940.25
119.026 -377.909 2935.19
234.292 472.805 2837.56
135.789 273.337 2994.8
FRAME: 206
157.933 790.056 2967.13
0.082654 297.975 3243.73
186.779 -662.021 3263.52
-414.76 258.038 3245.83
63.2884 60.4247 3112.5
3.26067 -348.099 3172.29
99.3883 514.941 3104.27
166.961 488.734 2971.48
142.742 284.088 2665.3
132.022 -755.421 3002.51
-63.7395 465.369 2518.06
148.624 27.3072 2944.3
116.237 -379.907 2933.11
234.534 462.527 2838.7
136.458 266.3 2999.94
FRAME: 207
160.846 786.164 2981.05
-5.4211 309.026 3258.32
185.178 -669.649 3248.17
-407.977 321.591 3288.47
64.7641 53.9462 3115.67
7.83657 -356.479 3178.34
101.555 512.276 3109.92
166.684 487.209 2975.77
133.667 300.187 2662.76
131.548 -755.082 3001.82
-66.1903 472.162 2568.99
147.502 22.2104 2945.58
113.203 -381.566 2931.92
231.814 462.143 2841.62
136.409 262.644 3003.2
FRAME: 208
161.166 786.293 2990.27
-14.2087 311.395 3262.88
186.052 -665.795 3249.71
-342.893 381.714 3317.86
64.7266 52.5451 3120.36
3.36834 -358.082 3185.83
105.016 515.377 3113.64
168.001 490.806 2978.13
104.841 323.297 2647.61
129.85 -754.238 2996.48
-97.0171 466.134 2571.04
147.111 20.3448 2943.41
109.376 -383.818 2929.24
230.986 466.235 2842.63
136.96 263.626 3005.01
FRAME: 209
164.961 783.074 2999.12
-21.0478 313.6 3275.79
180.239 -675.996 3178.15
-335.425 426.901 3308.69
68.7097 46.4646 3118.55
8.08354 -361.021 3183.41
110.375 514.414 3117.72
169.945 491.164 2981.97
104.063 322.749 2649.48
127.945 -745.816 2994.12
-140.403 469.096 2592.6
144.002 17.1289 2947.35
101.353 -388.759 2924.05
229.515 467.915 2846.22
138.151 261.48 3007.46
FRAME: 210
164.812 783.469 3003.59
-32.5532 334.12 3284.11
169.152 -659.973 3198
-337.219 489.89 3367
67.248 40.6752 3120.4
2.67331 -362.664 3189.63
109.688 505.828 3123.78
168.425 483.186 2984.52
95.6791 324.557 2642.56
126.673 -745.274 3003.23
-162.083 452.052 2615.28
142.137 11.9486 2943.96
101.039 -383.398 2921.77
227.163 460.544 2845.27
136.559 254.749 3008.35
FRAME: 211
171.964 781.554 3016.9
-38.0514 341.547 3283.34
177.892 -680.97 3198.8
-211.302 476.857 3207.79
67.3227 41.4908 3117.29
0.571864 -361.089 3189.76
110.24 504.385 3125.73
168.637 482.954 2986.73
83.9064 322.789 2658.69
127.632 -747.687 2995.37
-179.539 406.253 2655.56
140.9 14.5473 2943.09
96.1769 -380.765 2914.25
227.033 461.524 2847.74
136.374 255.487 3008.46
FRAME: 212
180.547 778.838 3030.78
-35.4666 337.978 3258.96
176.096 -684.934 3182.08
-210.425 482.332 3198.99
66.1684 38.4405 3114.32
0.451637 -364.086 3185.39
116.769 492.08 3134.41
172.366 472.227 2991.5
84.7953 304.714 2671.65
125.57 -746.37 2989.53
-188.637 345.771 2680.98
134.738 13.9954 2939.63
93.4778 -379.154 2910.09
227.964 452.374 2848.59
136.41 249.222 3009.24
FRAME: 213
188.68 771.138 3039.44
-44.7639 340.305 3238.76
175.499 -688.99 3197.64
-206.165 487.251 3201.88
63.3556 35.5794 3107.72
-1.95173 -367.331 3179.05
119.025 490.564 3135.66
174.303 472.595 2993.15
92.1714 302.504 2683.2
125.904 -747.895 2982.5
-187.616 334.206 2684.58
130.901 13.6428 2934.72
90.4131 -376.699 2903.53
229.582 454.626 2850.65
135.716 248.603 3007.19
FRAME: 214
192.848 768.391 3048.44
-47.3057 344.763 3227.07
173.04 -691.57 3192.28
-205.701 490.303 3220.07
54.921 31.9703 3098.4
-6.6992 -369.104 3172.85
105.834 487.486 3127.3
168.048 470.224 2989.5
96.15 297.383 2689.55
125.412 -745.503 2977.76
-185.487 301.642 2694.01
129.135 11.2632 2933.49
86.928 -375.696 2894.26
230.261 452.963 2851.71
130.038 245.921 3002.72
FRAME: 215
194.535 765.502 3052.49
-50.6688 349.834 3224.94
165.419 -700.968 3178.68
-199.083 473.795 3208.3
49.7149 24.0335 3095.04
-4.78751 -375.567 3169
94.9403 479.536 3122.26
161.909 462.542 2987.23
85.2134 292.002 2687.87
126.308 -750.227 2973.92
-140.176 304.687 2721.29
130.339 3.45073 2932.37
83.1449 -379.635 2888.68
228.878 445.547 2852.19
125.968 238.142 3000.47
FRAME: 216
193.666 757.491 3053.19
-51.7561 336.725 3199.1
167.664 -699.038 3188.55
-182.09 487.56 3229.98
40.5677 16.3612 3085.06
-13.6093 -387.235 3157.88
85.1514 473.863 3111.45
157.339 456.273 2981.21
87.3978 277.605 2687.53
122.667 -750.555 2965.82
-60.4119 306.913 2751.49
126.194 -4.46901 2931.12
80.726 -386.824 2883.03
229.526 438.683 2850.97
120.36 231.109 2994.65
FRAME: 217
188.427 755.489 3052.52
-66.0143 331.414 3190.71
163.492 -702.265 3163.2
-160.282 471.584 3232.86
40.528 17.5042 3076.61
-20.1565 -389.271 3135.38
92.2394 476.965 3116.02
161.004 463.335 2984.7
89.3536 274.336 2696.48
121.719 -745.286 2960.22
-109.134 303.506 2735.95
122.728 1.13907 2919.57
74.1972 -378.987 2875.96
229.768 449.705 2853.38
121.316 236.328 2991.4
FRAME: 218
190.281 749.137 3059.22
-39.7184 312.429 3169.06
160.827 -717.307 3109.81
-134.359 474.58 3295.8
37.6515 10.9247 3071.12
-23.5548 -391.072 3138.64
91.8916 469.178 3117.1
159.619 456.67 2983.21
90.5912 270.227 2696.86
122.884 -743.816 2957.08
-120.591 274.46 2699.05
119.647 -4.23846 2910.67
73.5215 -384.961 2874.59
227.347 444.162 2849.32
119.134 230.007 2987.05
FRAME: 219
185.688 751.362 3055.36
-37.6843 309.349 3170.33
157.437 -721.849 3120.53
-76.5056 437.032 3226.95
38.576 10.6518 3062.46
-20.1149 -411.959 3121.52
97.0004 468.427 3116.78
162.666 458.388 2984.04
96.8615 264.739 2697.79
122.94 -744.704 2955.39
-112.184 258.838 2681.6
117.244 -1.43637 2902.61
74.8661 -392.963 2869.43
228.333 448.349 2851.29
120.288 231.498 2983.28
FRAME: 220
184.628 742.433 3053.77
-46.9984 312.84 3128.74
132.992 -703.373 3168.98
-82.0805 376.397 3113.27
26.2393 -4.69838 3050.16
-31.863 -409.721 3097.92
59.0315 449.375 3091.26
139.597 440.109 2968.97
106.986 235.526 2695.01
129.235 -760.419 2964.9
-71.4007 228.054 2676.92
124.197 -16.1222 2901.1
87.19 -402.035 2869.77
220.162 430.844 2846.68
107.407 214.849 2972.3
FRAME: 221
183.096 740.119 3051.84
31.9524 374.044 3148.57
132.512 -705.806 3153.78
-54.1964 433.013 3238.91
27.3494 -1.04445 3039.03
-22.5297 -422.122 3094.62
81.1878 461.088 3092.51
154.344 452.699 2970.67
128.309 234.414 2697.2
125.65 -755.796 2952.8
-92.3566 161.077 2587.57
116.601 -11.456 2890.62
81.5337 -405.79 2858.93
227.5 444.31 2848.83
113.16 223.224 2967.75
FRAME: 222
181.011 730.327 3045.63
47.3494 408.666 3176.5
131.66 -716.546 3145.63
-54.9746 432.935 3172.45
24.543 -1.97131 3027.13
-25.3695 -415.17 3064.25
68.1334 446.571 3072.99
147.393 437.853 2956.73
148.265 222.563 2688.42
131.985 -762.702 2952.91
-51.3892 120.91 2571.42
122.193 -12.9644 2888.59
83.6839 -407.508 2856.7
226.653 429.134 2840.47
110.381 215.192 2957.3
FRAME: 223
184.598 733.482 3047.27
66.8961 370.612 3157.18
133.097 -713.997 3153.43
-55.955 457.508 3231.51
35.7504 9.8257 3024.05
-13.5039 -416.727 3085.73
108.881 461.757 3074.44
170.286 452.586 2954.19
189.561 218.481 2703.56
123.152 -756.437 2936.2
-6.81454 134.586 2578.85
115.45 -3.74091 2877.07
70.5275 -402.323 2836.54
231.692 443.415 2833.93
122.943 227.814 2952.37
FRAME: 224
182.497 726.744 3035.38
73.9386 378.603 3158.51
135.291 -723.597 3101.76
-15.4702 338.301 3199.82
44.4787 6.38557 3009.57
-13.9719 -413.695 3062.63
100.029 449.228 3070.86
164.037 441.415 2946.85
196.916 204.046 2689.59
122.576 -754.304 2927.03
-0.177647 44.2673 2518.26
118.967 -4.73187 2872.28
67.8264 -399.217 2829.34
228.045 433.602 2822.84
122.88 221.121 2943.89
FRAME: 225
184.901 727.624 3009.65
68.9808 355.224 3179.94
136.631 -738.728 3101.97
-32.6837 316.321 3233.81
51.4805 11.3072 3003.22
-3.99487 -405.381 3054.43
104.089 462.613 3057.57
161.499 453.619 2928.62
218.966 197.179 2684.23
119.743 -753.838 2924.06
103.771 -2.3856 2493.68
117.642 -0.143476 2858.01
63.7412 -398.282 2824.51
218.91 444.625 2799.67
123.03 229.6 2929.62
FRAME: 226
186.187 735.374 2979.08
60.835 352.307 3179.48
137.973 -732.66 3071.34
-31.7586 410.287 3273.78
49.8253 14.3443 2987.36
0.219706 -399.493 3044.07
82.6008 476.577 3047.09
148.017 467.9 2916.02
239.489 200.122 2699.54
114.743 -751.424 2916.36
154.995 -28.6294 2511.89
121.084 4.3651 2845.38
70.7493 -399.403 2820.12
213.433 459.224 2784.95
116.736 238.627 2916.19
FRAME: 227
194.669 737.207 2942.7
56.8252 391.165 3183.35
140.97 -730.509 3080.92
-21.6872 478.771 3280.62
37.5092 18.9528 2989.49
-9.79453 -397.782 3042.87
69.1284 487.255 3039.83
144.298 477.006 2909.75
258.254 203.921 2707.4
113.661 -745.61 2906.91
211.156 -55.1782 2526.84
127.535 6.55208 2834.02
70.2556 -399.398 2816.07
219.468 466.756 2779.67
113.41 244.879 2910.75
FRAME: 228
196.427 740.243 2924.63
27.6334 411.395 3169.88
139.013 -713.062 3083.55
-46.993 535.794 3262.39
20.209 28.848 2975.52
-14.6266 -391.725 3032.33
51.6391 498.415 3019.94
141.027 487.426 2899.22
277.631 205.921 2717.44
111.302 -746.276 2904.94
253.688 -66.092 2529.51
138.119 14.2445 2816.52
73.2959 -393.985 2809.66
230.415 476.436 2778.49
110.096 254.486 2897.62
FRAME: 229
199.707 746.842 2895.18
-41.5659 464.653 3128.03
129.911 -700.745 3094.12
-46.5811 620.238 3233.1
9.72657 37.8588 2959.05
-20.6023 -391.949 3021
37.1705 512.608 2970.56
137.868 496.486 2870.51
277.937 210.513 2714.01
118.48 -743.741 2907.49
278.616 -81.8309 2540.4
151.224 15.1186 2819.02
77.4315 -393.33 2812.6
238.566 480.363 2770.45
109.172 261.487 2879.77
FRAME: 230
206.341 747.518 2868.22
-125.108 573.616 3063.82
131.441 -700.563 3149.1
-102.573 724.974 3155.95
5.13551 48.2915 2950.2
-28.3726 -385.918 3009.49
27.3121 522.322 2950.86
141.319 502.774 2856.77
287.859 215.367 2712.03
125.979 -743.572 2912.47
301.357 -97.8725 2559.15
163.721 21.0263 2819.61
83.6334 -387.77 2811.8
255.326 483.227 2762.68
112.874 268.717 2870.83
FRAME: 231
208.52 750.772 2843.78
-197.396 675.197 2923.51
123.641 -689.678 3172.33
-119.287 758.529 3082.22
0.0316606 59.5829 2938.34
-33.011 -372.48 2999.21
23.5734 527.806 2919.22
144.197 505.232 2839.56
291.583 220.544 2720.36
129.082 -744.589 2917.13
306.154 -72.0412 2585.05
171.232 27.4663 2825.39
103.899 -382.98 2823.08
264.82 482.658 2759.9
114.914 274.378 2860.71
FRAME: 232
216.025 753.731 2814.79
-183.238 677.862 2838.31
105.02 -672.76 3221.36
-125.755 791.1 2999.26
-5.31585 63.661 2928.89
-36.6986 -370.892 2995.8
17.5097 531.649 2891.27
144.465 506.672 2821.46
300.27 229.877 2728.4
133.986 -746.847 2923.76
320.596 -73.1564 2597.14
175.943 27.9982 2829.31
117.111 -382.813 2831.41
271.421 481.695 2751.65
114.89 276.251 2850.28
FRAME: 233
225.186 754.973 2777.45
-83.9154 606.147 2629.54
96.0541 -676.138 3229.41
-138.93 799.304 2971.42
-8.1966 64.8216 2918.97
-37.4435 -368.354 2988.64
11.8512 525.608 2858.89
144.799 499.18 2802.16
304.04 218.49 2750.69
146.017 -751.435 2942.47
331.774 -77.4902 2631.57
181.931 27.0399 2838.14
136.74 -387.248 2848.81
277.746 472.752 2745.43
115.833 272.555 2840.36
FRAME: 234
228.669 753.986 2757.55
-63.3362 580.767 2594.21
65.9713 -666.513 3254.47
-126.551 803.834 2882.58
-12.6554 66.5145 2907.6
-38.4349 -366.292 2985.64
8.31266 520.998 2824.85
146.101 493.719 2782.23
310.226 215.759 2765.25
155.576 -746.63 2959.13
351.691 -106.959 2653.33
186.001 27.1719 2846.61
148.167 -385.823 2862.93
283.889 466.44 2739.61
116.387 270.281 2829.67
FRAME: 235
227.258 744.235 2728.53
-12.9195 486.064 2524.13
57.5408 -661.225 3246.97
-33.0882 703.343 2449.41
-13.3812 67.8873 2889.89
-36.5827 -362.464 2970
7.26974 513.331 2780.17
147.313 488.436 2755.47
312.316 218.54 2776.82
163.053 -738.902 2970.98
368.889 -109.642 2680.45
189.529 31.8087 2854.93
154.206 -377.767 2872
287.357 463.54 2730.77
117.694 269.142 2813.94
FRAME: 236
232.669 731.489 2715.31
3.9567 438.413 2494.54
56.2016 -671.748 3234.39
62.4356 595.985 2289.17
-13.014 61.6687 2879.4
-31.3017 -360.431 2955.49
7.11914 494.718 2752.94
147.587 473.072 2742.55
310.605 205.326 2792.7
164.916 -739.508 2980.67
378.396 -131.115 2713.52
190.71 30.1378 2864.18
161.116 -376.393 2883.67
288.055 451.427 2732.16
118.218 259.488 2807.17
FRAME: 237
228.18 707.699 2691.62
28.9974 400.461 2510.39
27.124 -662.556 3246.12
70.6427 405.33 2240.07
-11.2536 60.0879 2879.19
-33.2948 -358.268 2955.45
19.97 471.897 2750.84
151.89 449.283 2742.89
309.836 184.1 2814.37
166.413 -740.325 2982.47
391.27 -137.676 2749.26
190.291 25.5033 2866.91
166.548 -380.008 2886.94
283.811 426.669 2734.94
120.704 246.039 2807.97
FRAME: 238
237.736 699.391 2663.56
26.5322 348.853 2516.91
29.2305 -693.096 3173.92
143.337 278.666 2252.15
-9.22473 59.9519 2853.4
-31.7126 -361.728 2931.74
35.4322 473.031 2698.94
163.141 457.81 2720.9
266.334 249.391 2831.87
164.072 -738.164 3004.11
231.907 157.421 2587.69
185.997 36.1708 2885.85
165.652 -373.014 2908.06
290.85 442.59 2742.86
125.764 252.936 2795.27
FRAME: 239
241.676 690.696 2639.44
36.6083 255.15 2524.02
32.7801 -702.405 3139.5
196.555 72.678 2255.17
-6.45419 55.0294 2843.2
-29.0294 -363.216 2918.24
41.3329 462.576 2668.14
167.921 452.777 2705.55
281.056 225.253 2790
164.101 -734.888 3017.92
283.881 76.0812 2542.53
186.465 39.2877 2898.16
166.481 -366.307 2922.76
294.508 442.978 2742.96
128.963 249.968 2788.11
FRAME: 240
247.443 679.925 2616.74
60.7313 203.767 2543.99
29.1568 -706.182 3168.25
233.861 -56.8997 2365.17
2.65839 48.2802 2836.25
-26.5283 -371.849 2918.62
53.1092 444.508 2653.47
174.086 438.724 2697.66
296.589 195.996 2807.13
162.555 -736.713 3024.25
292.742 90.2339 2683.65
184.722 39.1148 2901.88
166.021 -365.368 2928.17
295.064 432.941 2741.85
133.888 241.211 2783.37
FRAME: 241
250.853 668.517 2600.02
91.1005 149.439 2571.27
26.2611 -697.604 3206.38
274.207 -138.667 2477.95
15.5902 37.095 2839.66
-21.111 -377.143 2929.71
64.1516 427.69 2643.56
180.414 426.298 2693.36
317.009 169.86 2815.02
161.485 -739.833 3018.39
314.883 70.1749 2723.44
185.836 33.5353 2909.92
165.476 -367.874 2918.6
296.677 424.905 2743.17
140.564 230.806 2784.08
FRAME: 242
258.015 629.78 2555.55
77.2719 125.162 2617.88
20.0351 -694.591 3236.22
289.794 -156.986 2625.53
11.0029 9.79967 2838.29
-21.1443 -384.459 2950.26
62.7889 399.056 2629.08
180.394 398.551 2681.03
316.216 162.688 2855.29
161.602 -743.207 3016.14
333.184 40.1402 2780.27
179.155 8.05863 2910.47
163.253 -383.733 2917.94
298 398.046 2732.98
137.737 203.74 2777.7
FRAME: 243
259.858 613.198 2532.37
78.1207 123.709 2631.44
6.77117 -690.624 3266.82
267.525 -117.763 2659.95
5.18109 -9.04132 2835.47
-20.6561 -392.512 2957.13
64.4623 383.468 2618.44
182.559 383.338 2673.8
317.007 153.173 2868.61
158.766 -745.267 3023.46
354.445 33.9174 2805.63
172.416 -9.77768 2912.86
162.267 -389.152 2924.2
300.656 383.208 2729.16
135.679 186.964 2773.98
FRAME: 244
261.626 598.482 2512.09
61.347 123.985 2641.15
3.20217 -688.537 3273.23
311.996 -163.952 2701.23
7.30995 -15.8167 2831.23
-23.6932 -398.19 2966.54
70.2682 374.332 2605.82
185.844 374.967 2661.76
310.896 157.11 2875.58
157.799 -751.606 3020.72
359.562 21.1084 2852.21
168.87 -15.3463 2908.59
165.957 -401.878 2925.22
301.419 375.603 2717.7
136.967 179.693 2765.84
FRAME: 245
262.308 589.215 2495.81
60.561 130.177 2653.37
11.3082 -682.688 3263.32
282.38 -122.441 2711.62
8.79 -16.5555 2827.73
-27.7167 -401.196 2963.85
79.2037 367.685 2594.9
192.506 368.82 2652.23
307.744 159.848 2881.51
157.244 -751.87 3019.26
359.796 7.22832 2865.18
167.888 -15.7021 2906.84
165.69 -405.982 2925.24
305.809 369.955 2709.56
140.423 176.346 2759.76
FRAME: 246
262.594 583.914 2484.85
56.6871 122.544 2654.02
4.92448 -689.143 3286.64
274.058 -116.933 2727.23
19.8561 -19.8006 2818.95
-29.0052 -404.833 2964.43
83.5958 359.54 2577.23
196.465 365.777 2642.33
306.06 165.341 2885.86
156.519 -749.812 3012.4
357.372 44.8875 2883.34
165.519 -12.9598 2901.02
163.188 -399.325 2917.91
309.335 372.015 2707.42
144.577 174.698 2751.16
FRAME: 247
261.987 581.762 2476.3
47.3517 127.086 2662.22
-10.2094 -688.632 3277.61
246.139 -89.9162 2752.11
15.2824 -7.06925 2815.1
-36.8062 -398.742 2959.98
74.6888 362.691 2571.97
191.683 365.509 2630.17
303.343 172.351 2884.65
160.208 -747.824 3010.41
379.793 56.6519 3006.17
167.263 -4.83404 2888.18
166.552 -393.625 2912.69
308.678 368.327 2688.37
141.478 179.779 2740.9
FRAME: 248
259.15 583.471 2470.25
17.0521 135.244 2684.53
-28.169 -686.647 3243.1
204.272 -53.8395 2756.56
4.34059 -1.9589 2814
-41.074 -391.734 2939.39
61.3502 370.384 2574.24
184.984 366.791 2624.23
303.6 171.539 2876.4
162.392 -752.091 3015.52
376.623 47.1015 2996.94
167.077 -7.80178 2878.01
166.461 -392.635 2914.77
308.618 363.198 2674.23
135.347 180.955 2735.12
FRAME: 249
252.839 590.027 2461.05
-5.04395 137.417 2696.22
-34.5263 -685.523 3230.76
107.022 -19.4718 2811.15
2.58821 8.20944 2805.01
-43.6124 -396.628 2927.36
51.4723 382.266 2575.71
179.874 373.526 2615.1
307.321 183.647 2857.95
166.509 -754.415 3015.22
387.292 21.0277 3035.45
174.137 -3.79318 2857.23
171.418 -395.336 2913.11
308.276 364.785 2654.49
134.118 187.867 2723.11
FRAME: 250
238.312 607.357 2464.69
-13.3456 139.615 2672.37
-50.8367 -689.453 3185.26
115.758 -17.4518 2789.38
1.75224 21.5491 2795.88
-44.4844 -392.502 2897.89
41.0962 392.205 2573.5
172.61 381.773 2605.02
308.984 193.749 2842.97
168.677 -757.941 3011.51
397.069 -17.836 3004.36
183.34 7.18253 2839.39
176.181 -397.243 2897.97
304.124 371.341 2636.55
132.578 198.07 2711.33
FRAME: 251
223.878 619.941 2471.26
-16.4725 136.97 2660.89
-50.8211 -723.492 3162.98
123.201 -32.2261 2756.17
4.22526 27.3111 2792.3
-39.5628 -393.243 2873.71
35.0624 396.148 2570.65
167.736 387.5 2601.04
313.68 188.301 2820.06
170.522 -753.448 2997.38
388.038 -29.3307 2957.01
186.349 15.6151 2834.05
175.901 -392.156 2878.2
300.41 378.852 2631.43
131.512 204.482 2707.11
FRAME: 252
210.981 632.921 2479.45
-25.3156 137.21 2658.62
-51.7 -743.815 3124.18
177.384 -71.4407 2630.96
4.39822 33.4098 2788.05
-39.7112 -393.825 2846.14
23.1094 402.943 2576.66
160.273 394.091 2603.58
325.36 172.82 2796.18
171.129 -752.555 2989.99
378.529 -45.8054 2853.13
189.275 21.51 2824.28
177.301 -390.146 2866.52
297.436 385.238 2630.51
128.555 210.775 2704.87
FRAME: 253
196.179 646.345 2484.37
-38.4863 144.259 2651.63
-51.1439 -757.216 3085.83
165.927 -91.2003 2622.12
0.364896 39.1562 2784.66
-40.5381 -387.076 2833.34
13.4418 412.777 2581.5
152.698 403.292 2605.24
333.1 169.627 2770.65
170.667 -755.028 2982.19
400.873 -90.0651 2834.31
187.761 26.3906 2816.55
178.229 -387.721 2853.1
291.955 393.807 2628.98
123.381 218.033 2702.92
FRAME: 254
183.946 654.214 2489.16
-45.599 145.459 2658.25
-52.2834 -774.764 3041.15
152.308 -85.508 2584.15
-2.78732 34.3039 2783.72
-42.1391 -385.933 2828.58
2.69238 417.956 2589.3
146.288 407.072 2609.45
334.164 165.475 2770.47
170.32 -758.502 2977.5
408.033 -120.398 2786.96
185.139 20.1258 2810.1
178.598 -390.954 2846.96
289.884 396.187 2629.61
118.732 217.143 2703.18
FRAME: 255
173.469 660.364 2492.89
-61.0373 149.873 2656.57
-61.1234 -790.033 3009.23
126.796 -68.3447 2551.12
-9.1263 31.1155 2781.75
-45.8332 -393.448 2817.43
-8.92901 424.37 2597.39
138.304 411.928 2612.98
337.452 164.963 2763.02
168.994 -770.601 2968.65
398.087 -120.927 2726.98
182.144 14.9721 2801.95
178.937 -396.307 2836.1
285.538 399.486 2628.56
112.407 217.486 2702.41
FRAME: 256
166.685 665.387 2496.47
-73.3117 162.771 2669.93
-69.5817 -804.422 2975.06
111.119 -51.4586 2548.82
-12.7121 33.8185 2780.85
-50.1523 -392.27 2815.46
-21.9947 439.126 2610.33
125.717 424.923 2613.61
337.713 173.211 2746.96
171.611 -766.922 2968.26
395.814 -120.101 2660.45
179.179 15.3083 2785.12
180.442 -391.77 2836.17
273.428 410.719 2616.89
104.475 224.743 2698.3
FRAME: 257
152.541 676.559 2501.55
-85.1633 166.689 2670.22
-73.1127 -810.069 2960.37
77.5731 -22.6195 2505.23
-17.4422 34.2256 2782.8
-59.3033 -396.888 2811.12
-32.9127 450.469 2618.92
113.378 436.774 2614.04
335.356 189.161 2735.47
170.887 -768.855 2957.91
380.476 -90.7581 2605.4
177.846 15.9421 2776.33
178.91 -391.77 2825.62
259.669 423.079 2609.16
96.7901 230.929 2696.8
FRAME: 258
135.653 684.35 2509.03
-96.2965 169.956 2665.79
-74.1858 -811.305 2956.3
56.9587 -19.6293 2484.19
-28.0142 33.1777 2780.81
-64.6441 -396.326 2812.8
-50.5137 456.113 2627.75
99.2754 443.405 2618.44
330.312 198.018 2722.24
167.809 -775.968 2945.92
338.121 -74.8744 2510.3
174.576 15.9676 2768.35
178.765 -392.232 2812.8
249.064 430.698 2609.13
86.2781 233.989 2696.51
FRAME: 259
118.028 688.42 2517.49
-113.55 171.766 2675.79
-76.184 -816.243 2949.89
42.0634 4.99664 2484.57
-31.7394 31.8984 2781.72
-69.9995 -397.235 2813.4
-64.3751 457.781 2637.01
87.6967 447.927 2625.66
325.51 198.991 2707.44
169.102 -763.66 2930.98
310.017 -62.3941 2473.12
174.402 18.5401 2766.4
181.97 -375.158 2793.66
239.769 438.073 2614.31
79.514 236.573 2699.86
FRAME: 260
105.377 696.288 2526.65
-135.627 183.09 2686.34
-77.3097 -818.46 2948.36
18.1442 12.0655 2476.27
-40.0749 36.3867 2780.93
-71.4398 -397.858 2813.24
-77.534 461.992 2643.07
75.521 453.181 2628.64
314.6 205.63 2695.92
168.7 -772.873 2928.69
281.181 -44.9966 2462.31
169.34 24.3852 2761.35
172.644 -369.169 2785.56
228.576 444.371 2614.21
70.0768 241.784 2699.89
FRAME: 261
97.8522 703.377 2532.96
-147.13 181.515 2695.1
-79.9433 -824.846 2946.88
9.40454 23.746 2467.67
-47.3269 38.583 2780.66
-74.5188 -402.448 2812.13
-91.7643 463.294 2652.43
64.0876 456.2 2635.39
304.756 197.118 2687.3
167.406 -771.732 2929.42
247.069 -20.6229 2436.71
166.213 28.8939 2757.46
176.888 -367.089 2786.81
219.94 449.106 2618.36
61.7653 244.969 2702.23
FRAME: 262
88.7136 708.244 2542.4
-156.06 188.762 2705.17
-83.3779 -830.126 2944.12
11.2657 44.5422 2493.22
-57.8071 38.1737 2772.91
-79.6213 -404.235 2807.19
-106.857 466.45 2660.86
51.8722 460.632 2642.56
288.814 193.565 2692.29
166.949 -767.572 2925.76
224.988 -5.97321 2439.87
156.2 30.42 2748.28
174.643 -365.144 2790.98
210.602 454.813 2624.25
50.5343 247.464 2701.58
FRAME: 263
79.641 712.001 2550.64
-161.625 188.145 2713.25
-85.98 -832.497 2940.54
11.2613 45.5007 2476.06
-59.1738 39.5526 2767.43
-89.5013 -408.484 2801.81
-115.287 467.805 2667.32
42.7188 463.388 2647.92
272.698 189.1 2686.04
164.761 -765.043 2928.09
190.555 -1.42667 2458.87
146.84 33.7963 2742.2
177.646 -363.675 2793.74
200.725 458.97 2628.52
43.2759 250.031 2701.37
FRAME: 264
66.9107 719.989 2559.55
-182.795 194.757 2732.87
-86.6572 -831.921 2943.14
10.3435 44.3347 2489.29
-63.5611 45.2566 2764.06
-89.9899 -404.238 2803.44
-126.949 470.076 2669.38
34.1383 466.919 2653.61
259.112 190.786 2695.14
163.338 -762.428 2925.04
150.288 6.17675 2483.54
135.008 41.4823 2744.64
175.638 -365.871 2791.33
195.225 463.762 2637.83
34.9308 255.144 2703.98
FRAME: 265
56.117 724.439 2565.12
-189.77 187.937 2730.37
-86.9586 -827.15 2947.02
2.84709 59.9139 2463.46
-69.0582 50.8301 2764.14
-92.4415 -398.288 2806.33
-135.041 469.806 2668.16
25.7329 468.335 2658.26
238.637 194.247 2712.59
160.609 -766.531 2921.87
113.694 19.4191 2520.46
125.137 49.078 2752.23
172.343 -365.53 2786.35
186.507 466.864 2648.36
26.886 259.145 2708.22
FRAME: 266
41.1638 726.513 2569.74
-197.751 190.632 2735.62
-88.7106 -827.743 2948.64
-6.78261 62.3664 2480.62
-78.1211 51.0478 2763.4
-103.488 -396.032 2805.03
-147.505 470.909 2669.8
12.3543 470.723 2664.2
220.138 196.52 2721.78
150.464 -760.575 2919.1
60.6988 32.5183 2528.4
108.853 51.0893 2756.84
152.354 -364.396 2775.85
172.213 470.537 2658.6
13.8601 260.896 2712.16
FRAME: 267
23.1716 728.715 2575.98
-203.953 186.509 2740.49
-90.4401 -828.761 2946.09
-13.9769 36.9166 2516.62
-83.791 47.5971 2758.19
-110.958 -396.289 2802.28
-160.018 468.748 2672.6
-0.51737 471.897 2669.16
203.606 202.549 2729.68
139.272 -763.087 2915.7
46.0514 13.9476 2530.75
102.997 51.3961 2754.11
132.56 -369.143 2770.45
158.984 475.047 2665.71
4.54277 260.697 2712.65
FRAME: 268
13.3189 728.554 2578.43
-216.146 191.978 2751.08
-91.9125 -824.872 2941.04
-51.9254 18.2544 2492.17
-95.592 39.9912 2765.32
-121.897 -395.61 2800.34
-170.637 471.268 2676.61
-10.747 472.285 2670.2
189.666 206.437 2738.16
127.418 -775.245 2914.3
24.1643 36.2204 2495.34
87.1803 41.2143 2757.73
115.257 -383.55 2771.66
149.143 473.302 2663.79
-7.4764 256.444 2715.87
FRAME: 269
5.59415 728.832 2580.76
-223.536 187.826 2755.36
-92.9325 -828.545 2937.64
-54.8464 -15.9549 2513.08
-104.635 31.9044 2767.72
-128.803 -403.747 2798.52
-179.948 469.201 2683.92
-21.5756 468.529 2673
169.886 192.835 2724.73
109.929 -792.273 2921.66
13.5599 22.1931 2477.99
70.3722 31.1417 2755.52
104.388 -389.26 2777.39
136.797 467.857 2662.07
-19.3535 250.026 2717.31
FRAME: 270
-5.20954 726.43 2583.1
-226.546 186.65 2762.17
-95.9996 -828.182 2932.88
-70.3471 -91.2488 2609.68
-111.012 25.3345 2769.74
-137.679 -406.788 2800.31
-187.825 467.022 2690.36
-31.1162 466.329 2674.87
169.793 194.175 2726.13
90.443 -801.023 2923.53
-2.9169 13.0986 2481.47
62.2307 24.4884 2752.67
90.77 -395.607 2779.57
125.592 465.637 2659.37
-27.7535 245.62 2718.04
FRAME: 271
-9.93927 725.986 2585.58
-232.698 185.318 2754.94
-94.9485 -825.006 2935.73
-77.4763 -48.9082 2588.69
-112.5 20.978 2765.31
-143.219 -411.794 2802.9
-194.102 465.233 2688.73
-36.3225 466.035 2676.12
160.023 195.85 2731.84
72.2191 -808.335 2916.58
-11.7837 5.70199 2473.85
57.8807 21.7692 2751.59
73.5196 -403.928 2771.67
121.457 466.838 2663.52
-31.816 243.704 2717.29
FRAME: 272
-16.4355 725.891 2587.49
-232.418 182.384 2755.96
-96.9428 -828.499 2937.67
-88.099 -47.4777 2598.95
-112.671 20.259 2763.88
-151.669 -421.836 2809.92
-201.208 461.606 2688.67
-44.317 464.001 2675.6
153.013 193.69 2730.31
55.7786 -822.73 2909.91
-5.97714 -2.86643 2476.23
51.3702 22.7059 2750.16
60.9884 -409.131 2765.02
112.574 466.396 2662.53
-37.4837 242.742 2716.31
FRAME: 273
-25.4229 728.494 2590.71
-241.199 176.68 2757.24
-95.3336 -828.454 2942.26
-75.979 -70.3644 2590.45
-116.543 20.9683 2766.99
-157.832 -424.173 2815.8
-205.655 455.034 2692.39
-55.1149 456.421 2673.95
155.424 199.351 2722.08
42.0146 -829.962 2898.24
-2.7691 27.8793 2473.3
46.4854 22.316 2746.55
48.5755 -414.871 2752.36
95.4255 457.809 2655.52
-45.0718 239.032 2715.36
FRAME: 274
-31.5146 728.169 2593.39
-252.751 177.331 2742.19
-98.2948 -831.847 2939.97
-74.3973 -17.5313 2549.1
-129.89 18.935 2763.82
-167.219 -431.127 2811.48
-219.092 454.297 2688.08
-62.067 458.485 2673.66
152.616 198.217 2725.35
33.4633 -853.02 2867.35
0.245324 32.8483 2476.1
45.8414 23.6848 2746.89
36.1277 -426.569 2742.21
94.9582 462.672 2659.25
-52.0457 239.897 2714.51
FRAME: 275
-35.7061 728.542 2596.92
-266.379 182.572 2731.62
-97.8262 -828.725 2950.51
-67.2961 -11.0051 2520.35
-148.341 14.1462 2749.84
-171.545 -440.254 2805.02
-226.897 460.056 2680.74
-66.3874 463.838 2675.16
144.562 198.32 2735.07
20.4136 -883.188 2833.86
5.77025 37.215 2482.32
41.1819 18.3743 2743.34
21.7349 -447.92 2730.09
94.1223 467.621 2669.57
-59.9835 240.049 2710.87

