FRAME: 0
0 0 0
0 0 0
0 0 0
0 0 0
0 0 0
0 0 0
0 0 0
0 0 0
0 0 0
0 0 0
0 0 0
0 0 0
0 0 0
0 0 0
0 0 0
FRAME: 1
0 0 0
0 0 0
0 0 0
0 0 0
0 0 0
0 0 0
0 0 0
0 0 0
0 0 0
0 0 0
0 0 0
0 0 0
0 0 0
0 0 0
0 0 0
FRAME: 2
0 0 0
0 0 0
0 0 0
0 0 0
0 0 0
0 0 0
0 0 0
0 0 0
0 0 0
0 0 0
0 0 0
0 0 0
0 0 0
0 0 0
0 0 0
FRAME: 3
0 0 0
0 0 0
0 0 0
0 0 0
0 0 0
0 0 0
0 0 0
0 0 0
0 0 0
0 0 0
0 0 0
0 0 0
0 0 0
0 0 0
0 0 0
FRAME: 4
0 0 0
0 0 0
0 0 0
0 0 0
0 0 0
0 0 0
0 0 0
0 0 0
0 0 0
0 0 0
0 0 0
0 0 0
0 0 0
0 0 0
0 0 0
FRAME: 5
0 0 0
0 0 0
0 0 0
0 0 0
0 0 0
0 0 0
0 0 0
0 0 0
0 0 0
0 0 0
0 0 0
0 0 0
0 0 0
0 0 0
0 0 0
FRAME: 6
0 0 0
0 0 0
0 0 0
0 0 0
0 0 0
0 0 0
0 0 0
0 0 0
0 0 0
0 0 0
0 0 0
0 0 0
0 0 0
0 0 0
0 0 0
FRAME: 7
0 0 0
0 0 0
0 0 0
0 0 0
0 0 0
0 0 0
0 0 0
0 0 0
0 0 0
0 0 0
0 0 0
0 0 0
0 0 0
0 0 0
0 0 0
FRAME: 8
0 0 0
0 0 0
0 0 0
0 0 0
0 0 0
0 0 0
0 0 0
0 0 0
0 0 0
0 0 0
0 0 0
0 0 0
0 0 0
0 0 0
0 0 0
FRAME: 9
0 0 0
0 0 0
0 0 0
0 0 0
0 0 0
0 0 0
0 0 0
0 0 0
0 0 0
0 0 0
0 0 0
0 0 0
0 0 0
0 0 0
0 0 0
FRAME: 10
0 0 0
0 0 0
0 0 0
0 0 0
0 0 0
0 0 0
0 0 0
0 0 0
0 0 0
0 0 0
0 0 0
0 0 0
0 0 0
0 0 0
0 0 0
FRAME: 11
0 0 0
0 0 0
0 0 0
0 0 0
0 0 0
0 0 0
0 0 0
0 0 0
0 0 0
0 0 0
0 0 0
0 0 0
0 0 0
0 0 0
0 0 0
FRAME: 12
0 0 0
0 0 0
0 0 0
0 0 0
0 0 0
0 0 0
0 0 0
0 0 0
0 0 0
0 0 0
0 0 0
0 0 0
0 0 0
0 0 0
0 0 0
FRAME: 13
0 0 0
0 0 0
0 0 0
0 0 0
0 0 0
0 0 0
0 0 0
0 0 0
0 0 0
0 0 0
0 0 0
0 0 0
0 0 0
0 0 0
0 0 0
FRAME: 14
0 0 0
0 0 0
0 0 0
0 0 0
0 0 0
0 0 0
0 0 0
0 0 0
0 0 0
0 0 0
0 0 0
0 0 0
0 0 0
0 0 0
0 0 0
FRAME: 15
0 0 0
0 0 0
0 0 0
0 0 0
0 0 0
0 0 0
0 0 0
0 0 0
0 0 0
0 0 0
0 0 0
0 0 0
0 0 0
0 0 0
0 0 0
FRAME: 16
0 0 0
0 0 0
0 0 0
0 0 0
0 0 0
0 0 0
0 0 0
0 0 0
0 0 0
0 0 0
0 0 0
0 0 0
0 0 0
0 0 0
0 0 0
FRAME: 17
0 0 0
0 0 0
0 0 0
0 0 0
0 0 0
0 0 0
0 0 0
0 0 0
0 0 0
0 0 0
0 0 0
0 0 0
0 0 0
0 0 0
0 0 0
FRAME: 18
0 0 0
0 0 0
0 0 0
0 0 0
0 0 0
0 0 0
0 0 0
0 0 0
0 0 0
0 0 0
0 0 0
0 0 0
0 0 0
0 0 0
0 0 0
FRAME: 19
0 0 0
0 0 0
0 0 0
0 0 0
0 0 0
0 0 0
0 0 0
0 0 0
0 0 0
0 0 0
0 0 0
0 0 0
0 0 0
0 0 0
0 0 0
FRAME: 20
0 0 0
0 0 0
0 0 0
0 0 0
0 0 0
0 0 0
0 0 0
0 0 0
0 0 0
0 0 0
0 0 0
0 0 0
0 0 0
0 0 0
0 0 0
FRAME: 21
0 0 0
0 0 0
0 0 0
0 0 0
0 0 0
0 0 0
0 0 0
0 0 0
0 0 0
0 0 0
0 0 0
0 0 0
0 0 0
0 0 0
0 0 0
FRAME: 22
0 0 0
0 0 0
0 0 0
0 0 0
0 0 0
0 0 0
0 0 0
0 0 0
0 0 0
0 0 0
0 0 0
0 0 0
0 0 0
0 0 0
0 0 0
FRAME: 23
0 0 0
0 0 0
0 0 0
0 0 0
0 0 0
0 0 0
0 0 0
0 0 0
0 0 0
0 0 0
0 0 0
0 0 0
0 0 0
0 0 0
0 0 0
FRAME: 24
0 0 0
0 0 0
0 0 0
0 0 0
0 0 0
0 0 0
0 0 0
0 0 0
0 0 0
0 0 0
0 0 0
0 0 0
0 0 0
0 0 0
0 0 0
FRAME: 25
0 0 0
0 0 0
0 0 0
0 0 0
0 0 0
0 0 0
0 0 0
0 0 0
0 0 0
0 0 0
0 0 0
0 0 0
0 0 0
0 0 0
0 0 0
FRAME: 26
0 0 0
0 0 0
0 0 0
0 0 0
0 0 0
0 0 0
0 0 0
0 0 0
0 0 0
0 0 0
0 0 0
0 0 0
0 0 0
0 0 0
0 0 0
FRAME: 27
0 0 0
0 0 0
0 0 0
0 0 0
0 0 0
0 0 0
0 0 0
0 0 0
0 0 0
0 0 0
0 0 0
0 0 0
0 0 0
0 0 0
0 0 0
FRAME: 28
0 0 0
0 0 0
0 0 0
0 0 0
0 0 0
0 0 0
0 0 0
0 0 0
0 0 0
0 0 0
0 0 0
0 0 0
0 0 0
0 0 0
0 0 0
FRAME: 29
0 0 0
0 0 0
0 0 0
0 0 0
0 0 0
0 0 0
0 0 0
0 0 0
0 0 0
0 0 0
0 0 0
0 0 0
0 0 0
0 0 0
0 0 0
FRAME: 30
0 0 0
0 0 0
0 0 0
0 0 0
0 0 0
0 0 0
0 0 0
0 0 0
0 0 0
0 0 0
0 0 0
0 0 0
0 0 0
0 0 0
0 0 0
FRAME: 31
0 0 0
0 0 0
0 0 0
0 0 0
0 0 0
0 0 0
0 0 0
0 0 0
0 0 0
0 0 0
0 0 0
0 0 0
0 0 0
0 0 0
0 0 0
FRAME: 32
0 0 0
0 0 0
0 0 0
0 0 0
0 0 0
0 0 0
0 0 0
0 0 0
0 0 0
0 0 0
0 0 0
0 0 0
0 0 0
0 0 0
0 0 0
FRAME: 33
0 0 0
0 0 0
0 0 0
0 0 0
0 0 0
0 0 0
0 0 0
0 0 0
0 0 0
0 0 0
0 0 0
0 0 0
0 0 0
0 0 0
0 0 0
FRAME: 34
0 0 0
0 0 0
0 0 0
0 0 0
0 0 0
0 0 0
0 0 0
0 0 0
0 0 0
0 0 0
0 0 0
0 0 0
0 0 0
0 0 0
0 0 0
FRAME: 35
0 0 0
0 0 0
0 0 0
0 0 0
0 0 0
0 0 0
0 0 0
0 0 0
0 0 0
0 0 0
0 0 0
0 0 0
0 0 0
0 0 0
0 0 0
FRAME: 36
0 0 0
0 0 0
0 0 0
0 0 0
0 0 0
0 0 0
0 0 0
0 0 0
0 0 0
0 0 0
0 0 0
0 0 0
0 0 0
0 0 0
0 0 0
FRAME: 37
0 0 0
0 0 0
0 0 0
0 0 0
0 0 0
0 0 0
0 0 0
0 0 0
0 0 0
0 0 0
0 0 0
0 0 0
0 0 0
0 0 0
0 0 0
FRAME: 38
0 0 0
0 0 0
0 0 0
0 0 0
0 0 0
0 0 0
0 0 0
0 0 0
0 0 0
0 0 0
0 0 0
0 0 0
0 0 0
0 0 0
0 0 0
FRAME: 39
0 0 0
0 0 0
0 0 0
0 0 0
0 0 0
0 0 0
0 0 0
0 0 0
0 0 0
0 0 0
0 0 0
0 0 0
0 0 0
0 0 0
0 0 0
FRAME: 40
0 0 0
0 0 0
0 0 0
0 0 0
0 0 0
0 0 0
0 0 0
0 0 0
0 0 0
0 0 0
0 0 0
0 0 0
0 0 0
0 0 0
0 0 0
FRAME: 41
0 0 0
0 0 0
0 0 0
0 0 0
0 0 0
0 0 0
0 0 0
0 0 0
0 0 0
0 0 0
0 0 0
0 0 0
0 0 0
0 0 0
0 0 0
FRAME: 42
0 0 0
0 0 0
0 0 0
0 0 0
0 0 0
0 0 0
0 0 0
0 0 0
0 0 0
0 0 0
0 0 0
0 0 0
0 0 0
0 0 0
0 0 0
FRAME: 43
0 0 0
0 0 0
0 0 0
0 0 0
0 0 0
0 0 0
0 0 0
0 0 0
0 0 0
0 0 0
0 0 0
0 0 0
0 0 0
0 0 0
0 0 0
FRAME: 44
0 0 0
0 0 0
0 0 0
0 0 0
0 0 0
0 0 0
0 0 0
0 0 0
0 0 0
0 0 0
0 0 0
0 0 0
0 0 0
0 0 0
0 0 0
FRAME: 45
0 0 0
0 0 0
0 0 0
0 0 0
0 0 0
0 0 0
0 0 0
0 0 0
0 0 0
0 0 0
0 0 0
0 0 0
0 0 0
0 0 0
0 0 0
FRAME: 46
0 0 0
0 0 0
0 0 0
0 0 0
0 0 0
0 0 0
0 0 0
0 0 0
0 0 0
0 0 0
0 0 0
0 0 0
0 0 0
0 0 0
0 0 0
FRAME: 47
0 0 0
0 0 0
0 0 0
0 0 0
0 0 0
0 0 0
0 0 0
0 0 0
0 0 0
0 0 0
0 0 0
0 0 0
0 0 0
0 0 0
0 0 0
FRAME: 48
0 0 0
0 0 0
0 0 0
0 0 0
0 0 0
0 0 0
0 0 0
0 0 0
0 0 0
0 0 0
0 0 0
0 0 0
0 0 0
0 0 0
0 0 0
FRAME: 49
0 0 0
0 0 0
0 0 0
0 0 0
0 0 0
0 0 0
0 0 0
0 0 0
0 0 0
0 0 0
0 0 0
0 0 0
0 0 0
0 0 0
0 0 0
FRAME: 50
0 0 0
0 0 0
0 0 0
0 0 0
0 0 0
0 0 0
0 0 0
0 0 0
0 0 0
0 0 0
0 0 0
0 0 0
0 0 0
0 0 0
0 0 0
FRAME: 51
0 0 0
0 0 0
0 0 0
0 0 0
0 0 0
0 0 0
0 0 0
0 0 0
0 0 0
0 0 0
0 0 0
0 0 0
0 0 0
0 0 0
0 0 0
FRAME: 52
0 0 0
0 0 0
0 0 0
0 0 0
0 0 0
0 0 0
0 0 0
0 0 0
0 0 0
0 0 0
0 0 0
0 0 0
0 0 0
0 0 0
0 0 0
FRAME: 53
0 0 0
0 0 0
0 0 0
0 0 0
0 0 0
0 0 0
0 0 0
0 0 0
0 0 0
0 0 0
0 0 0
0 0 0
0 0 0
0 0 0
0 0 0
FRAME: 54
0 0 0
0 0 0
0 0 0
0 0 0
0 0 0
0 0 0
0 0 0
0 0 0
0 0 0
0 0 0
0 0 0
0 0 0
0 0 0
0 0 0
0 0 0
FRAME: 55
0 0 0
0 0 0
0 0 0
0 0 0
0 0 0
0 0 0
0 0 0
0 0 0
0 0 0
0 0 0
0 0 0
0 0 0
0 0 0
0 0 0
0 0 0
FRAME: 56
0 0 0
0 0 0
0 0 0
0 0 0
0 0 0
0 0 0
0 0 0
0 0 0
0 0 0
0 0 0
0 0 0
0 0 0
0 0 0
0 0 0
0 0 0
FRAME: 57
0 0 0
0 0 0
0 0 0
0 0 0
0 0 0
0 0 0
0 0 0
0 0 0
0 0 0
0 0 0
0 0 0
0 0 0
0 0 0
0 0 0
0 0 0
FRAME: 58
0 0 0
0 0 0
0 0 0
0 0 0
0 0 0
0 0 0
0 0 0
0 0 0
0 0 0
0 0 0
0 0 0
0 0 0
0 0 0
0 0 0
0 0 0
FRAME: 59
0 0 0
0 0 0
0 0 0
0 0 0
0 0 0
0 0 0
0 0 0
0 0 0
0 0 0
0 0 0
0 0 0
0 0 0
0 0 0
0 0 0
0 0 0
FRAME: 60
0 0 0
0 0 0
0 0 0
0 0 0
0 0 0
0 0 0
0 0 0
0 0 0
0 0 0
0 0 0
0 0 0
0 0 0
0 0 0
0 0 0
0 0 0
FRAME: 61
0 0 0
0 0 0
0 0 0
0 0 0
0 0 0
0 0 0
0 0 0
0 0 0
0 0 0
0 0 0
0 0 0
0 0 0
0 0 0
0 0 0
0 0 0
FRAME: 62
0 0 0
0 0 0
0 0 0
0 0 0
0 0 0
0 0 0
0 0 0
0 0 0
0 0 0
0 0 0
0 0 0
0 0 0
0 0 0
0 0 0
0 0 0
FRAME: 63
0 0 0
0 0 0
0 0 0
0 0 0
0 0 0
0 0 0
0 0 0
0 0 0
0 0 0
0 0 0
0 0 0
0 0 0
0 0 0
0 0 0
0 0 0
FRAME: 64
54.441 538.515 2348.93
-293.343 44.3215 2466.2
-103.407 -994.72 2344.23
-404.007 -37.586 2169.16
-128.554 -164.82 2463.13
-116.188 -570.745 2316.39
-148.976 283.38 2402.69
1.81212 283.565 2434.84
247.701 24.7751 2505.51
15.6214 -879.464 2867.75
402.662 -39.9049 2157.95
110.351 -164.526 2514.08
115.048 -582.051 2617.96
152.6 283.75 2467
-3.64485 59.4459 2461.72
FRAME: 65
34.1711 502.492 2317
-305.943 13.5476 2425.11
-106.6 -996.087 2339.27
-390.226 -74.1139 2118.92
-129.519 -190.02 2418.22
-94.9924 -613.069 2227.03
-167.685 256.079 2359.34
-14.7773 259.009 2391.05
243.102 24.051 2485.94
12.0005 -886.053 2837.49
207.193 30.9479 1923.89
96.1189 -185.697 2465.01
118.769 -612.147 2515.59
138.131 261.938 2422.76
-15.7388 35.5749 2416.33
FRAME: 66
21.5541 466.367 2279.01
-311.778 -13.6141 2408.52
-113.395 -1025.6 2323.28
-395.134 -81.9089 2089.57
-141.935 -235.403 2369.81
-92.2999 -661.344 2200.78
-201.97 189.731 2307.59
-42.4501 187.686 2303.03
191.626 -19.0518 2269.58
-72.7207 -1032.18 2562.27
112.595 113.954 2034
49.8162 -237.861 2364.33
116.585 -603.451 2520.63
117.07 185.641 2298.47
-44.2547 -24.4732 2335.05
FRAME: 67
16.0212 401.006 2173.17
-326.419 -43.4189 2358.38
-110.496 -1023.55 2333.69
-400.769 -74.6732 2050.02
-147.737 -247.988 2355.78
-98.1004 -667.28 2104.67
-209.366 165.374 2292
-52.6882 167.522 2290.53
123.932 -6.826 2113.26
-68.6575 -1029.84 2554.7
10.0914 122.883 1804.11
54.9209 -245.209 2353.89
108.661 -627.116 2520.83
103.989 169.671 2289.06
-49.5481 -39.538 2322.68
FRAME: 68
-12.7571 422.117 2168.02
-314.831 -76.2963 2330.63
-114.222 -1001.76 2342.47
-407.56 -83.5983 2016.98
-156.486 -257.962 2337.35
-97.9972 -638.802 2092.56
-216.307 174.955 2268.35
-58.0329 178.653 2272
112.684 5.8422 2083.58
-61.4929 -926.335 2725.97
-20.7496 137.646 1824.53
56.7771 -253.055 2342.74
118.831 -635.581 2513.5
100.241 182.351 2275.65
-53.9436 -38.4279 2306.02
FRAME: 69
-13.2872 407.451 2135
-337.264 -66.6675 2306.54
-72.713 -942.344 2367.42
-408.838 -70.0779 2002.48
-152.803 -273.76 2308.61
-104.206 -654.35 2080.3
-240.887 150.78 2249.41
-76.6811 160.006 2241.38
122.2 -31.563 2067.06
-32.2965 -929.682 2708.15
-46.1668 132.948 1824.97
52.6404 -262.39 2298.61
118.138 -657.599 2497.49
87.5246 169.233 2233.34
-63.3811 -54.0343 2272.49
FRAME: 70
-14.9057 386.388 2101.4
-352.094 -82.3183 2283.65
-92.2104 -988.589 2347.55
-414.036 -71.634 1994.54
-148.118 -300.865 2283.15
-111.093 -667.657 2061.93
-246.605 127.089 2234.54
-83.4408 136.584 2217.16
113.589 -43.3125 2025.17
-22.2588 -944.545 2711.31
-57.7044 131.483 1814.39
43.0855 -289.832 2263.16
117.67 -662.52 2493.37
79.724 146.079 2199.78
-67.9784 -79.3822 2245.16
FRAME: 71
-18.194 372.368 2087.25
-362.959 -86.7959 2270.47
-94.943 -966.043 2340.89
-416.23 -65.9079 1978.43
-152.689 -305.572 2265.56
-112.11 -656.878 2033.73
-249.632 119.261 2223.34
-84.8051 127.434 2204.9
112.527 -61.9498 2016.6
-22.7332 -948.819 2711.41
-62.7839 115.554 1804.35
35.9977 -296.259 2244.51
117.554 -671.872 2488.59
80.0215 135.607 2186.45
-71.5753 -86.7408 2229.97
FRAME: 72
-21.6081 361.626 2074.51
-364.147 -95.6538 2244.62
-95.432 -966.2 2342.45
-425.636 -82.4892 1946.95
-156.299 -310.991 2253.09
-118.735 -652.635 2017.59
-248.004 113.032 2206
-85.7097 120.613 2190.2
107.687 -73.4211 2011.55
-6.66708 -946.369 2701.52
-68.447 83.1304 1783.29
34.6368 -302.095 2234.59
117.448 -680.283 2480.11
76.5841 128.195 2174.41
-73.2703 -92.9651 2217.02
FRAME: 73
-37.8657 364.136 2055.08
-360.654 -102.684 2230.63
-83.7188 -954.475 2348.09
-415.478 -96.794 1945.5
-156.962 -308.58 2243.19
-121.009 -658.993 2014.37
-247.557 114.347 2191.24
-86.3279 121.218 2177.13
101.635 -81.9153 2007.39
-19.6462 -879.737 2692.08
-73.2567 72.3986 1768.6
30.6746 -300.589 2226.82
116.655 -679.829 2471.43
74.9009 128.089 2163.02
-74.7359 -91.6832 2206.06
FRAME: 74
-42.1177 357.425 2045.18
-361.804 -103.386 2221.12
-92.6331 -964.338 2330.75
-406.237 -103.383 1936.26
-159.055 -314.617 2238.31
-129.151 -667.524 2022.87
-248.555 111.86 2188.92
-87.5854 115.491 2170.96
101.09 -100.746 2008.53
15.7169 -863.074 2697.33
-70.4397 32.7997 1763.21
16.3357 -310.651 2218.69
117.336 -684.156 2465.94
73.384 119.122 2153
-79.4725 -98.5713 2199.73
FRAME: 75
-50.5555 357.128 2044.98
-319.845 -53.2583 2146.87
-59.9001 -902.676 2342.56
-389.904 -119.67 1931.79
-157.754 -307.426 2236.81
-126.872 -663.957 2017.83
-240.343 103.633 2176.59
-82.323 105.645 2162.1
93.9766 -107.178 2008.25
7.43788 -878.506 2684.77
-63.9948 -24.406 1772.26
15.1211 -305.174 2220.99
109.421 -686.692 2428.01
75.697 107.656 2147.61
-76.8198 -100.328 2195.5
FRAME: 76
-64.6969 346.17 2005.34
-309.311 -36.2282 2086.9
-81.8142 -954.895 2292.62
-367.444 -140.395 1927.08
-151.288 -311.567 2193.39
-121.379 -668.264 1994.52
-216.678 105.82 2078.02
-74.9106 118.129 2096.29
102.535 -101.99 2001.23
-8.9654 -862.621 2685.72
-65.01 -30.7785 1743.62
11.5364 -294.784 2219.95
104.929 -667.936 2441.63
66.8563 130.438 2114.57
-72.3932 -92.5234 2151.48
FRAME: 77
-54.3393 356.918 2037.14
-269.544 -62.6697 2101.56
-60.9989 -921.075 2321.54
-232.523 -91.0007 1842.52
-149.256 -306.869 2215.06
-124.652 -668.944 2007.33
-187.67 116.728 2110.22
-58.6581 120.774 2121.94
85.0601 -129.989 2016.58
6.11578 -877.836 2679.83
-98.8193 -122.085 1730.12
22.4546 -302.751 2228.43
108.902 -675.46 2437.4
70.3539 124.82 2133.67
-61.0295 -92.018 2171.85
FRAME: 78
-48.6884 386.202 2071.6
-269.809 -80.4409 2177.08
-46.6688 -876.582 2364.74
-261.68 -210.505 1953.53
-144.673 -290.147 2227.46
-130.277 -676.189 2034.41
-203.284 134.457 2158.69
-55.6156 136.26 2169.09
100.126 -131.088 2104.82
5.15676 -873.105 2667.23
-67.6516 -221.047 1918.89
36.0969 -287.781 2240.79
114.675 -660.827 2445.04
92.0529 138.062 2179.49
-54.9518 -76.3521 2201.61
FRAME: 79
-46.7233 400.008 2088.55
-264.511 -90.9897 2220.59
-21.2329 -849.009 2397.37
-202.851 -285.759 2067.07
-127.97 -272.306 2260.43
-126.441 -667.009 2055.67
-209.864 148.28 2177.88
-54.2739 154.576 2185.1
148.428 -87.1502 2235.48
0.838608 -876.809 2664.11
-48.9263 -212.864 1979.91
48.0573 -265.134 2269.04
116.855 -646.763 2469.99
101.316 160.871 2192.32
-47.115 -57.0723 2224.92
FRAME: 80
-40.3435 413.985 2104.96
-257.891 -81.9053 2238.24
4.19555 -802.871 2444.64
-166.079 -266.236 2044.68
-119.524 -258.762 2280.05
-126.246 -653.152 2071.45
-212.467 160.128 2195.26
-51.6823 168.212 2203.84
161.622 -72.2652 2260.96
11.6539 -899.498 2622.14
-8.88268 -221.031 2071.5
50.9967 -250.212 2289.27
122.332 -625.859 2483.58
109.102 176.297 2212.41
-42.9729 -43.1372 2244.25
FRAME: 81
-31.5844 428.858 2127.07
-248.382 -77.6691 2258.15
22.6334 -769.859 2480.2
-144.074 -290.562 2078.27
-117.399 -245.67 2292.92
-118.971 -643.081 2139.65
-205.407 176.812 2211.95
-41.2766 183.45 2226.73
177.167 -59.7171 2305.53
29.9006 -883.67 2668.79
-13.1297 -227.531 2150.25
56.1521 -238.664 2308.55
127.517 -623.656 2492.07
122.854 190.087 2241.52
-35.95 -29.3586 2263.73
FRAME: 82
-21.1374 453.008 2158.51
-225.347 -72.2296 2285.54
36.2274 -738.559 2527.38
-87.3207 -308.811 2162.34
-103.997 -232.695 2315.21
-114.632 -631.464 2165.35
-196.362 189.263 2235.82
-32.9713 199.115 2254.82
195.048 -37.1 2351.6
20.013 -883.187 2672.25
2.99811 -225.468 2190.54
72.6479 -222.056 2335.78
131.158 -615.589 2500.85
130.42 208.967 2273.82
-24.3228 -14.1303 2290.16
FRAME: 83
-1.09565 492.744 2230.4
-204.777 -22.4473 2370.36
24.9529 -751.983 2513.78
-168.456 -270.492 2342.53
-96.2676 -211.962 2340.35
-107.367 -629.919 2212.54
-174.274 225.698 2284
-8.53039 230.466 2309.93
218.131 -10.5496 2430.72
8.15337 -894.385 2661.94
58.8838 -202.56 2278.64
90.8985 -206.55 2369.51
133.348 -608.929 2512.43
157.213 235.234 2335.86
-5.60747 10.605 2332.43
FRAME: 84
8.82742 518.93 2262.22
-198.408 -5.81064 2403.04
8.52013 -788.366 2498.24
-168.094 -300.588 2354.55
-83.9542 -188.681 2376.93
-98.4732 -605.044 2251.61
-161.224 245.778 2320.23
3.03525 252.333 2343.15
226.981 17.4608 2458.46
15.0071 -885.851 2715.61
132.554 -176.304 2308.87
111.708 -180.761 2404.36
133.332 -593.562 2523.99
167.294 258.889 2366.08
8.45618 33.8062 2366.9
FRAME: 85
16.3957 535.654 2288.12
-190.764 11.1527 2444.47
-32.5855 -863.402 2444.99
-166.085 -282.075 2394.18
-77.9424 -172.5 2409.09
-95.8275 -607.305 2302.56
-152.283 268.392 2357.28
13.6146 273.268 2376.1
239.716 33.3039 2491.72
14.3043 -879.776 2742.5
88.7606 -178.693 2346.68
121.178 -166.605 2431.78
137.383 -589.751 2549.52
179.512 278.143 2394.92
17.6161 51.8576 2398.27
FRAME: 86
27.1024 550.995 2314.89
-188.06 31.3583 2467.45
-75.8047 -938.221 2387.82
-180.376 -273.879 2379.34
-73.704 -154.87 2441.94
-99.9728 -597.134 2351.7
-140.576 290.814 2391.92
24.6737 293.442 2406.99
248.634 46.8933 2505.03
25.9632 -871.828 2769.46
62.195 -144.946 2350.69
129.587 -151.632 2460.67
142.294 -581.728 2580.81
189.923 296.07 2422.07
26.3076 70.0956 2429.15
FRAME: 87
37.315 563.448 2338.65
-192.015 60.1533 2511.47
-79.3763 -948.379 2380.79
-194.731 -257.395 2399.34
-76.1998 -147.571 2470.79
-102.024 -590.406 2394.72
-131.771 314.463 2429.33
35.5165 313.535 2441.13
269.422 68.3685 2536.55
35.3316 -871.044 2872.48
62.8081 -110.663 2371.48
136.754 -148.753 2486.14
143.907 -586.06 2618.33
202.803 312.606 2452.91
32.8967 82.6863 2459.8
FRAME: 88
49.5782 575.195 2368.33
-168.187 63.9749 2537.21
-96.597 -967.914 2425.41
-136 -216.443 2471.91
-66.2983 -138.606 2503.4
-99.7556 -586.649 2423.77
-117.904 326.361 2460.28
47.175 324.562 2469.09
286.599 79.2341 2563.41
23.6924 -878.971 2891.93
83.8465 -107.791 2398.13
146.254 -140.896 2514.87
149.773 -589.512 2638.58
212.254 322.762 2477.91
43.5764 92.4054 2489.11
FRAME: 89
74.7069 599.476 2430
-143.652 69.4968 2584.11
-90.6207 -970.616 2495.48
-90.6876 -180.604 2486.64
-49.8056 -117.274 2557.84
-89.3795 -559.248 2488.57
-105.742 342.83 2505.91
62.6695 341.771 2511.43
302.978 89.49 2595.26
41.8715 -886.368 2898.88
95.2894 -74.2786 2422.57
164.927 -118.525 2565.66
156.769 -580.726 2666.5
231.081 340.711 2516.94
60.115 111.935 2536.59
FRAME: 90
83.6732 607.717 2457.93
-137.901 86.5105 2624.49
-105.377 -993.635 2546.39
-79.1659 -70.7514 2430.87
-41.0969 -106.965 2581.09
-83.4735 -557.181 2504.19
-97.2354 357.119 2534.38
71.8477 353.662 2535.73
313.465 98.4263 2616.08
48.4213 -891.248 2903.52
88.274 -44.2977 2465.19
165.023 -111.138 2582.87
159.076 -567.688 2688.84
240.931 350.205 2537.08
66.9054 122.305 2558.86
FRAME: 91
89.8623 620.105 2481.09
-138.389 105.307 2666.89
-107.547 -1013.79 2586.82
-66.7603 -14.0361 2426.88
-38.0943 -100.078 2608.63
-73.0408 -561.974 2548.35
-92.9611 369.506 2561.85
77.4258 364.665 2560.76
315.844 100.349 2632.61
45.6767 -899.599 2906.62
73.0991 -14.7324 2475.55
166.872 -105.854 2607.68
158.372 -566.358 2701.48
247.813 359.823 2559.68
70.9074 130.849 2584.46
FRAME: 92
90.6523 628.934 2492.35
-137.271 111.805 2679.66
-103.996 -1026.5 2631.32
-72.4309 29.0307 2439.94
-34.0959 -94.3455 2630.46
-67.4842 -562.255 2576.77
-89.3206 382.372 2586.44
82.3039 376.078 2580.9
321.228 112.581 2641.41
53.0636 -908.12 2915.66
69.8618 11.9829 2500.48
166.884 -101.725 2624.04
155.355 -565.931 2717.79
253.928 369.783 2575.36
74.3489 139.021 2604.07
FRAME: 93
93.2585 636.227 2503.24
-122.094 139.425 2702.83
-109.83 -1006.42 2669.09
-96.7083 52.2405 2449.76
-29.3152 -89.6828 2648.21
-65.2438 -564.035 2609.24
-83.1286 393.807 2606.63
87.6914 386.166 2597.17
323.848 130.692 2656.64
71.2048 -916.142 2929.75
69.8389 41.328 2519.81
166.719 -98.4667 2637.38
153.707 -563.569 2732.09
258.511 378.525 2587.71
78.1967 146.046 2619.98
FRAME: 94
96.9906 643.448 2514.17
-107.061 172.767 2722.32
-99.6693 -973.95 2762.03
-55.1949 68.8962 2476.25
-30.8461 -75.0981 2662.11
-64.4552 -545.837 2641.33
-80.6677 405.262 2616.81
89.4079 396.688 2608.46
324.648 148.622 2664.27
75.3055 -935.014 2939.1
63.6327 51.0108 2548.27
166.409 -85.0064 2652.49
149.524 -564.095 2740.86
259.483 388.113 2600.12
78.5946 158.318 2632.88
FRAME: 95
101.638 650.483 2524.34
-112.853 169.892 2742.85
-107.317 -945.017 2798.75
-48.6936 74.0444 2494.29
-33.4546 -58.9854 2684.55
-62.7393 -538.714 2665.09
-77.6235 417.226 2632.47
91.9013 406.606 2621.52
322.979 155.094 2674.23
73.7037 -931.519 2936
59.2827 70.6993 2570.28
165.45 -71.4497 2671.72
146.505 -551.362 2754.05
261.426 395.986 2610.56
78.9496 170.694 2649.83
FRAME: 96
101.347 655.108 2533.71
-114.583 169.667 2762.1
-113.619 -928.949 2877.51
-58.2732 47.3077 2519.03
-37.2654 -50.2399 2711.64
-71.4182 -536.576 2717.07
-78.3867 429.18 2653.26
90.9774 416.976 2637.57
324.128 170.394 2701.46
75.0673 -927.509 2940.7
84.0965 131.549 2593.48
162.868 -64.6746 2693.12
140.185 -544.204 2775.42
260.342 404.772 2621.88
76.8892 179.759 2669.98
FRAME: 97
100.432 658.944 2535.99
-105.385 169.309 2773.58
-98.7415 -928.521 2899.17
-50.0394 64.2277 2534.42
-42.9952 -40.8145 2731.49
-74.1813 -525.301 2745.42
-80.8629 439.595 2671.62
89.0403 426.649 2651.39
323.85 172.755 2708.93
76.0752 -925.329 2933.86
84.5639 133.459 2594.58
164.831 -56.6673 2706.79
136.475 -534.109 2787.75
258.943 413.703 2631.16
74.9791 188.954 2685.26
FRAME: 98
98.6485 660.259 2541.31
-104.862 170.656 2783.78
-94.9695 -934.077 2926.76
-62.8725 57.6427 2574.84
-47.8547 -32.5575 2747.06
-82.1855 -515.622 2784.42
-82.4485 448.256 2684.65
87.2141 434.228 2662.62
326.176 185.651 2718.36
78.5165 -925.118 2933.04
85.7041 146.869 2606.92
162.039 -49.9192 2719.8
134.727 -526.117 2793.81
256.877 420.201 2640.59
72.1533 196.495 2698.03
FRAME: 99
95.5869 661.353 2545.69
-107.072 173.268 2785.4
-93.8198 -932.701 2947.6
-43.4698 74.9787 2593.83
-51.96 -25.299 2759.52
-86.4054 -511.281 2804.17
-84.0321 453.717 2695.25
85.1946 439.029 2671.7
326.701 187.939 2717.85
79.4666 -924.054 2936.48
81.4444 144.853 2611.42
160.398 -43.7181 2729.92
131.47 -519.436 2804.64
254.421 424.342 2648.16
69.7069 202.26 2708.21
FRAME: 100
91.3239 662.542 2550.13
-113.217 184.136 2801.87
-90.8998 -932.212 2971.38
-39.5447 80.8803 2602.53
-56.9185 -19.7566 2773.85
-92.8234 -504.743 2828.89
-85.6911 457.522 2704.01
82.5941 441.387 2678.72
325.525 188.771 2719.03
80.4483 -920.255 2943.82
73.2518 120.654 2615.67
155.441 -40.0886 2741.89
127.3 -511.475 2820.08
250.879 425.252 2653.42
65.9277 205.732 2718.29
FRAME: 101
88.8126 663.853 2554.07
-118.609 189.204 2812.59
-87.056 -928.783 2998.19
-35.9308 88.5985 2602.69
-61.056 -10.6291 2789.29
-95.8449 -495.736 2857.73
-90.036 460.753 2715.66
78.1309 443.59 2686.57
323.65 192.765 2714.32
78.8421 -919.602 2949.14
59.5396 144.403 2616.15
151.413 -32.3086 2752.45
123.406 -507.888 2826.26
246.298 426.426 2657.48
61.6547 211.06 2728.72
FRAME: 102
78.7662 665.74 2564.41
-122.191 194.045 2830.21
-91.6635 -923.254 3009.14
-42.1816 100.09 2634.96
-68.4758 -4.99189 2806.66
-105.849 -490.611 2883.35
-99.2871 462.582 2729.36
69.0786 444.927 2697.38
320.65 189.946 2714.36
79.1312 -917.894 2951.74
40.3715 158.166 2630.94
143.616 -27.2453 2766.3
119.199 -503.488 2833.47
237.444 427.273 2665.41
53.3243 214.404 2741.93
FRAME: 103
66.7812 665.748 2577.67
-131.255 194.33 2842.06
-97.1651 -918.818 3015.34
-48.3861 113.532 2632.55
-72.8026 -1.46962 2816.43
-110.206 -484.782 2897.29
-106.297 464.531 2740.21
59.7884 448.423 2707.89
316.78 193.823 2716.19
76.4791 -911.785 2956.44
33.3117 164.25 2618.33
137.295 -21.8242 2775.36
115.584 -498.615 2838.33
225.874 432.315 2675.58
46.0173 218.388 2751.89
FRAME: 104
57.6774 667.704 2587.56
-133.585 194.855 2849.4
-101.791 -915.316 3013.69
-57.1043 133.048 2619.49
-78.8817 -1.66582 2827.52
-117.626 -482.263 2905.94
-114.024 466.251 2750.67
50.8911 451.149 2715.91
312.478 202.214 2716.59
75.1656 -909.821 2958.96
40.0217 183.073 2619.16
133.432 -21.0997 2782.67
108.033 -492.152 2841.22
215.806 436.046 2681.14
39.083 219.883 2760.5
FRAME: 105
52.8159 670.296 2594.13
-141.69 198.377 2855.83
-103.981 -910.826 3017.57
-76.4672 145.367 2625.92
-83.5899 -1.7245 2837.79
-121.518 -481.216 2912.16
-118.752 468.626 2758.28
45.9086 452.85 2720.49
304.482 200.201 2720.54
74.3774 -910.677 2958.72
71.8469 266.49 2636.56
128.883 -22.1216 2788.88
105.283 -495.344 2842.31
210.57 437.074 2682.7
34.2777 220.463 2766.91
FRAME: 106
43.5741 674.845 2606.21
-154.188 208.385 2863.82
-108.937 -922.214 3023.41
-134.62 197.046 2631.14
-91.3298 -6.04389 2846.57
-127.765 -489.957 2917.39
-133.949 472.575 2769.7
33.6605 458.126 2729.1
285.232 210.431 2728.58
73.0851 -911.873 2959.04
116.887 288.39 2662.17
121.366 -24.3676 2794.95
98.6384 -496.262 2845.38
201.27 443.677 2688.5
24.3393 221.46 2774.93
FRAME: 107
33.1959 681.323 2615.77
-158.485 209.96 2865.1
-102.545 -922.099 3029.9
-115.732 176.793 2629.23
-96.4805 -4.60532 2851.15
-129.842 -485.643 2918.41
-139.371 473.99 2773.57
27.3215 460.181 2732.94
279.357 216.003 2737.11
68.7032 -909.144 2961.21
69.9392 301.11 2641.71
117.422 -22.3143 2798.97
95.3233 -492.549 2847.51
194.014 446.372 2692.32
18.8961 223.361 2779
FRAME: 108
29.2289 682.807 2621.76
-163.285 218.26 2864.56
-104.781 -926.472 3030.61
-97.6432 176.479 2624.64
-99.1731 -4.53659 2853.24
-130.07 -485.823 2917.22
-143.311 474.325 2775.13
23.2466 461.055 2734.95
267.144 214.108 2747.29
65.4048 -904.777 2962.83
81.4048 342.209 2652.87
114.724 -21.5792 2801.62
92.7244 -490.971 2847.79
189.804 447.784 2694.78
15.5111 223.998 2781.19
FRAME: 109
24.4022 683.905 2628.9
-167.743 216.037 2859.5
-106.754 -928.743 3029.11
-123.632 191.104 2620.86
-99.37 -1.15413 2852.75
-129.899 -483.187 2915.33
-146.287 474.006 2775.1
18.6917 461.57 2736.54
261.31 213.941 2742.14
64.9022 -904.95 2961.74
84.0132 361.343 2660.26
108.667 -16.8278 2804.12
89.7109 -489.683 2847.32
183.67 449.134 2697.98
11.6701 226.29 2782.49
FRAME: 110
18.5449 687.22 2636.96
-171.362 220.146 2863.38
-106.487 -923.393 3026.33
-146.818 193.311 2606.21
-101.094 0.0603005 2853.57
-130.503 -481.584 2914.01
-148.708 472.986 2774.79
15.7737 461.024 2737.51
258.54 212.242 2753.68
63.2435 -904.743 2961.31
64.3552 328.003 2650.79
106.393 -15.0298 2806.51
86.2758 -488.182 2844.96
180.256 449.061 2700.23
9.21148 226.769 2783.77
FRAME: 111
15.7878 688.82 2640.73
-169.554 215.232 2812.72
-106.853 -908.393 3019.93
-109.273 174.833 2609.01
-101.029 2.88581 2851.35
-130.942 -476.462 2911.42
-151.293 471.606 2774.47
12.7424 460.83 2738.66
252.872 226.67 2767.8
62.4684 -904.077 2959.93
39.8047 272.233 2646.62
104.864 -10.6292 2806.4
86.0999 -483.98 2843.85
176.777 450.053 2702.85
7.32986 228.479 2783.77
FRAME: 112
11.8016 695.461 2644.71
-189.082 226.753 2833.3
-110.048 -905.862 3014.97
-148.144 180.259 2599.59
-103.766 3.12914 2847.84
-131.77 -476.586 2908.18
-154.385 472.492 2774.02
8.60797 463.078 2740.5
242.602 221.45 2773.96
63.7893 -903.121 2958.52
36.4845 267.582 2641.92
102.661 -8.77141 2805.39
86.5107 -483.457 2844.94
171.601 453.663 2706.97
4.02774 230.128 2783.56
FRAME: 113
11.8962 696.795 2645.7
-187.916 221.641 2844.71
-111.178 -900.658 3012
-80.9902 140.529 2620.17
-106.397 0.816644 2846.02
-133.328 -476.802 2906.54
-158.491 470.654 2771.83
5.73174 461.941 2740.35
237.805 210.627 2776.57
63.7013 -899.638 2957.37
23.577 222.318 2641.91
101.247 -10.1947 2806.21
85.8004 -481.492 2844.13
169.955 453.228 2708.88
1.57841 228.626 2783.23
FRAME: 114
10.4798 698.535 2646.79
-199.788 220.697 2858.58
-115.268 -905.302 3012.01
-182.537 132.463 2569.76
-108.8 -0.208152 2843.78
-133.301 -477.671 2903.93
-163.296 469.746 2768.36
2.17417 461.967 2739.3
225.898 216.11 2782.03
62.9157 -900.102 2958.49
13.4439 178.993 2634.36
99.5822 -9.98769 2807.17
85.7448 -481.248 2845.79
167.644 454.188 2710.25
-1.21748 228.435 2782.39
FRAME: 115
9.59382 701.493 2649.66
-212.855 216.376 2863.88
-115.876 -905.074 3011.25
-113.529 101.482 2597.61
-109.018 -3.10734 2842.35
-134.33 -480.381 2902.34
-165.759 467.515 2766.77
0.362087 460.136 2738.5
225.909 215.707 2790.52
62.7365 -897.328 2957.99
2.45614 152.569 2621.37
97.6436 -12.2661 2807.17
85.4856 -479.138 2846.3
166.483 452.756 2710.24
-2.66266 226.224 2781.63
FRAME: 116
9.03202 703.382 2650.74
-247.43 207.864 2841.77
-115.534 -899.367 3002.97
-263.426 149.217 2529.89
-113.907 -7.28484 2835.88
-135.218 -477.42 2891.15
-171.221 466.83 2763.5
-3.48492 459.916 2737.93
219.637 211.856 2794.76
60.4969 -899.87 2959.29
24.5531 157.023 2629.17
93.1386 -15.8085 2804.33
85.203 -479.636 2847.22
164.252 453.002 2712.36
-6.93445 224.185 2779.02
FRAME: 117
8.95116 705.832 2652.78
-226.207 199.829 2829.75
-114.792 -899.047 3001.41
-135.703 63.6567 2590.51
-112.959 -10.7544 2833.55
-135.814 -479.198 2886.4
-172.069 465.68 2763.17
-4.24772 459.51 2739.93
207.575 204.72 2793.06
61.0653 -894.124 2960.51
23.7732 114.887 2613.25
91.6488 -18.2612 2805.25
85.1979 -476.71 2848.02
163.574 453.34 2716.68
-7.45131 222.501 2779.66
FRAME: 118
9.26457 707.595 2654.97
-218.326 187.748 2825.66
-111.503 -926.103 3000.11
-145.099 75.3643 2579.77
-112.79 -16.1311 2832.14
-135.349 -487.444 2888.66
-173.805 463.505 2759.47
-6.07416 458.612 2738.17
203.72 197.32 2795.76
62.2326 -896.81 2960.97
35.0303 77.5271 2625.38
93.4052 -22.111 2805.96
87.0307 -479.354 2849.36
161.657 453.719 2716.88
-7.88341 219.745 2778.61
FRAME: 119
11.8296 710.27 2654.33
-216.798 189.554 2808.33
-102.179 -929.753 2998.24
-140.895 74.3401 2540.05
-109.96 -19.1576 2825.19
-133.182 -491.488 2883.74
-172.979 462.464 2749.86
-5.7497 459.143 2734.83
204.301 195.013 2806.66
63.0258 -898.586 2960.23
149.05 32.0801 2637.34
93.9932 -23.1745 2806.92
87.7037 -479.752 2848.86
161.479 455.822 2719.8
-6.86645 218.989 2775.44
FRAME: 120
13.7916 712.148 2653.8
-213.025 186.444 2796.11
-100.317 -922.413 2995.78
-167.826 86.0125 2503.05
-104.283 -21.9474 2812
-127.22 -492.681 2876.24
-169.37 459.499 2739.5
-3.05335 458.26 2733.45
210.014 183.998 2824.63
62.8809 -895.717 2957.19
255.806 -32.5054 2667.89
96.4732 -23.4315 2804.73
88.7026 -481.05 2846.5
163.263 457.02 2727.41
-3.4792 217.785 2770.91
FRAME: 121
19.8318 714.337 2652.85
-211.085 179.855 2778.63
-100.248 -920.827 2990.17
-173.583 87.428 2491.22
-102.011 -22.3305 2805.48
-118.12 -494.836 2864.48
-164.617 458.507 2729.03
-0.482341 458.181 2728.89
209.466 187.725 2832.19
64.3347 -894.639 2957.36
329.737 -22.7963 2718.38
99.3663 -22.7465 2805.29
89.2707 -480.395 2847.85
163.653 457.856 2728.76
-0.902209 217.821 2767.14
FRAME: 122
26.7949 715.896 2650.64
-205.082 171.989 2754.14
-101.092 -925.149 2987.04
-177.797 94.7163 2457.71
-101.984 -25.8704 2795.97
-114.893 -497.043 2858.29
-158.849 454.857 2717.71
3.02277 454.658 2725.52
211.218 195.272 2849.13
65.4227 -899.873 2958.56
366.752 17.3491 2765.89
99.7473 -26.1329 2805.67
90.5649 -484.74 2847.91
164.895 454.46 2733.33
0.9523 214.328 2763.17
FRAME: 123
33.0382 718.135 2648.74
-203.211 175.654 2733.14
-100.553 -942.587 2982.08
-182.531 89.8118 2463.83
-98.8971 -30.9493 2785.09
-111.564 -508.386 2852.44
-152.281 452.625 2706.25
6.92766 453.119 2721.83
216.308 196.182 2856.07
67.9698 -910.399 2958.89
384.326 42.0135 2784.88
101.53 -30.3442 2804.69
91.8484 -491.18 2847.47
166.137 453.613 2737.4
4.12212 211.236 2758.36
FRAME: 124
39.589 717.829 2641.63
-206.036 184.308 2731.93
-97.463 -942.932 2980.88
-170.519 93.6829 2498.85
-97.8367 -28.9872 2780.04
-108.698 -509.827 2843.81
-145.143 452.778 2698.64
11.1764 452.905 2717.68
222.161 203.292 2859.24
68.3944 -910.215 2964.7
444.795 89.5259 2854.26
102.802 -28.8318 2804.46
94.1379 -489.546 2850.01
167.496 453.033 2736.73
6.82947 211.998 2754.97
FRAME: 125
49.3915 714.889 2636.88
-211.93 185.216 2731.72
-97.5035 -940.653 2977.3
-238.859 139.656 2411.71
-95.4551 -28.5459 2769.04
-104.76 -513.003 2822.49
-136.971 452.179 2688.91
15.6534 452.854 2712.82
228.368 210.255 2862.68
69.3473 -912.446 2968.54
497.98 141.907 2938.86
108.312 -27.6566 2800.92
96.5733 -492.316 2852.2
168.278 453.528 2736.72
11.041 212.376 2748.9
FRAME: 126
65.2279 707.76 2623.3
-230.532 198.262 2708.75
-94.7058 -941.647 2972.18
-304.856 182.638 2378.15
-87.7319 -33.0853 2748.08
-95.6075 -520.538 2810.12
-126.434 449.299 2670.22
21.6924 450.864 2702.93
233.063 232.165 2882.55
70.3034 -910.939 2970.22
496.492 243.946 3052.42
111.631 -30.9938 2792.14
102.198 -498.844 2849.74
169.819 452.429 2735.64
16.8211 209.412 2736.52
FRAME: 127
74.6016 703.64 2617.39
-240.067 207.471 2699.34
-90.4842 -935.507 2959.5
-323.268 200.213 2376.9
-79.2419 -38.6599 2728.69
-82.4914 -524.512 2772.58
-113.73 447.913 2656.71
30.541 448.631 2693.7
235.962 249.97 2896.08
68.4553 -906.589 2968.58
475.924 283.527 3075.12
114.498 -37.694 2778.37
109.392 -501.913 2844.11
174.812 449.349 2730.69
24.0845 205.227 2723.61
FRAME: 128
81.3341 701.937 2611.78
-250.376 214.958 2689.46
-89.0503 -935.239 2935.32
-344.668 217.709 2370.83
-75.8776 -46.3776 2715.93
-79.948 -528.516 2729.53
-112.821 444.478 2647.15
32.3493 445.74 2687.42
232.147 266.517 2893.86
72.8165 -911.022 2970.32
461.776 304.38 3103.32
118.265 -44.6914 2769.82
118.241 -510.486 2837.8
177.52 447.001 2727.68
26.7715 200.102 2715.15
FRAME: 129
92.2617 695.004 2602.78
-260.807 225.91 2682.7
-88.8732 -913.662 2895.59
-362.341 238.699 2374.32
-70.4379 -50.1035 2701.02
-74.5367 -522.875 2699.91
-112.424 437.837 2636.7
33.6767 439.729 2681.34
235.429 276.015 2895.68
73.7587 -907.987 2966.16
421.264 311.698 3086.17
120.45 -47.6334 2759.43
123.498 -508.437 2827.8
179.778 441.621 2725.98
29.3415 195.43 2705.78
FRAME: 130
99.1991 688.313 2595.4
-267.939 232.549 2678.91
-96.8585 -898.267 2837.71
-364.566 244.658 2375.21
-68.0008 -50.78 2688.88
-70.1486 -513.494 2673.51
-106.782 433.193 2624.83
39.1406 433.84 2671.87
238.277 281.254 2889.68
72.9567 -898.909 2962.96
389.969 304.401 3051.03
120.008 -49.9217 2749.4
132.083 -504.366 2813.76
185.063 434.486 2718.92
32.5721 191.745 2695.51
FRAME: 131
103.532 680.528 2591.66
-270.696 226.887 2660.75
-113.348 -920.131 2801.12
-369.696 234.416 2371.55
-67.2591 -54.5632 2676.31
-69.8217 -517.999 2652.7
-100.222 427.457 2614.73
44.2524 426.808 2664.73
227.82 270.995 2886.05
70.4341 -895.057 2961.78
395.861 307.665 3050.86
121.64 -55.405 2741.54
134.874 -509.709 2804.25
188.727 426.159 2714.72
35.7214 185.912 2686.83
FRAME: 132
110.192 671.368 2582.81
-259.054 216.81 2642.9
-121.137 -935.193 2742.35
-369.578 229.276 2348.39
-68.086 -56.2139 2658.29
-71.9946 -515.966 2607.14
-88.9197 420.58 2592.2
54.3815 417.644 2646.43
222.732 258.154 2868.97
69.2041 -895.508 2961.04
409.13 287.144 3014.39
122.097 -60.077 2730.22
135.244 -515.157 2792.54
197.683 414.709 2700.65
40.6936 179.749 2670.34
FRAME: 133
115.745 661.322 2566.12
-256.021 208.728 2632.52
-131.636 -951.1 2645.45
-360.802 212.622 2345.77
-67.6513 -63.6003 2639.22
-73.9387 -516.645 2556.96
-87.0612 409.92 2570.02
57.7703 406.767 2626.9
240.505 220.301 2817.74
65.6461 -906.783 2951.62
406.251 272.563 2973.61
123.79 -67.7606 2714.27
135.524 -520.49 2783.03
202.602 403.615 2683.77
42.9199 170.544 2651.82
FRAME: 134
115.806 651.777 2548.21
-254.851 197.289 2612.89
-118.923 -953.525 2633.7
-362.307 193.299 2321.23
-69.392 -65.5499 2616.9
-76.1023 -514.012 2521.55
-85.5339 401.71 2552.72
58.3164 397.315 2609.03
255.097 193.416 2796.45
63.5157 -913.919 2939.57
436.091 237.617 2952.24
122.14 -71.3836 2691.88
137.267 -527.018 2768.88
202.167 392.919 2665.33
42.3453 164.424 2631.71
FRAME: 135
114.8 645.766 2531.3
-257.32 176.042 2587.36
-119.299 -984.784 2581.53
-351.82 175.708 2308.73
-70.164 -79.194 2601.2
-80.0657 -525.862 2491.1
-85.6228 395.92 2533.35
58.7405 392.584 2588.02
254.524 175.04 2767.77
58.1119 -921.231 2943.66
507.786 188.558 2915.9
128.002 -83.7165 2676.16
141.694 -541.047 2753.6
203.104 389.248 2642.7
43.8298 155.564 2613.35
FRAME: 136
107.236 640.225 2512.51
-266.232 154.339 2567.13
-109.304 -1005.2 2506.71
-353.874 150.177 2272.17
-77.7132 -90.9777 2586.09
-86.2683 -532.995 2475.4
-91.046 379.258 2519.62
57.5594 375.522 2563.24
272.015 147.252 2726.01
49.1586 -909.337 2930.25
554.678 151.241 2816.56
137.792 -96.4947 2648.75
143.449 -548.246 2733.49
206.165 371.787 2606.86
43.7995 140.893 2590.33
FRAME: 137
99.7588 635.713 2492.75
-270.386 142.372 2549.53
-97.9423 -995.13 2473.42
-350.899 129.107 2243.61
-77.9692 -99.2588 2570.35
-90.1271 -534.965 2452.33
-100.825 369.07 2505.22
52.0288 366.892 2544.18
290.979 120.447 2657.23
46.1473 -911.878 2932.91
583.842 87.9796 2687.88
140.968 -102.382 2625.97
143.3 -556.005 2715.85
204.882 364.713 2583.14
41.7642 133.036 2571.17
FRAME: 138
90.2653 629.425 2472.93
-262.502 132.506 2539.24
-95.9868 -983.443 2469.69
-336.904 117.408 2233.83
-77.1724 -107.16 2550.11
-90.7287 -539.052 2425.08
-110.435 363.152 2486.34
45.1029 362.075 2522.1
282.16 98.2382 2587.95
49.5078 -909.964 2910.38
505.92 83.5733 2549.72
136.512 -108.513 2599.38
142.753 -557.797 2699.69
200.641 360.998 2557.87
37.3863 127.119 2548.42
FRAME: 139
65.0085 613.744 2421.93
-254.938 103.286 2499.82
-105.008 -988.174 2429.58
-302.83 80.2763 2175.4
-83.6651 -116.548 2522.54
-94.2235 -540.849 2399.11
-133.646 341.967 2445.19
27.394 344.939 2471.9
276.071 97.8024 2536.53
43.2693 -903.92 2887.91
452.985 72.5642 2334.27
133.899 -112.46 2558.71
133.651 -558.791 2656.47
188.434 347.91 2498.61
26.2554 115.217 2506.26
FRAME: 140
54.6611 596.38 2389.84
-254.725 90.4369 2473.65
-106.614 -992.578 2406.76
-289.512 73.9505 2143.36
-90.1348 -131.679 2489.78
-93.88 -547.238 2353.79
-146.789 327.217 2416.07
17.3161 331.741 2444.38
276.578 89.1245 2516.06
43.158 -900.77 2872.67
354.741 94.7582 2144.73
128.154 -125.546 2527.67
127.646 -568.41 2621.98
181.422 336.265 2472.7
18.1628 101.564 2476.55
FRAME: 141
41.5736 576.117 2361.36
-256.983 61.857 2430.17
-104.866 -995.73 2395.1
-294.406 60.8471 2114.7
-97.16 -150.893 2464.19
-95.1954 -563.18 2308.99
-155.279 310.273 2388.25
6.8628 315.443 2412.55
267.03 87.3176 2475.07
34.5141 -888.922 2864.02
276.894 119.557 2070.96
120.172 -143.883 2497
125.198 -575.723 2600.19
169.005 320.613 2436.86
9.18438 84.0277 2446.57
FRAME: 142
27.2995 550.411 2330.05
-268.215 38.6956 2377.56
-106.893 -1010.32 2358.86
-291.986 70.2669 2086.53
-105.584 -174.425 2428.12
-90.949 -594.328 2237.91
-166.134 293.291 2366.7
-1.26278 294.612 2380.9
247.41 75.1745 2373.22
13.3876 -913.353 2838
225.226 144.16 1979.77
100.323 -172.731 2445.87
120.096 -610.09 2557.05
163.609 295.933 2395.1
-1.94661 60.5171 2408.95
FRAME: 143
12.2779 523.114 2293.84
-275.681 32.0924 2336.87
-102.006 -1008.76 2367.06
-277.263 50.3784 2081.98
-111.236 -195.371 2383.88
-85.7517 -615.226 2205.66
-178.528 270.637 2341.8
-14.1658 271.807 2348.27
187.46 63.7831 2228.63
-4.53603 -934.672 2792.06
180.562 176.482 1948.52
86.0839 -193.919 2391.7
111.535 -630.372 2508.47
150.197 272.977 2354.74
-13.3709 38.5809 2368.03
FRAME: 144
2.63641 498.294 2260.96
-280.62 10.7353 2299.67
-100.463 -1005.51 2369.5
-281.326 60.8792 2068.23
-117.053 -219.064 2360.44
-84.0132 -629.317 2181.51
-189.497 243.003 2324.38
-25.1742 245.953 2323.82
161.95 58.047 2130.8
-14.0416 -933.54 2778.81
127.965 246.988 1880.05
83.4351 -215.423 2359.87
112.005 -638.044 2488.86
139.149 248.903 2323.26
-20.9915 14.3548 2341.99
FRAME: 145
-7.79054 461.488 2229.69
-289.511 -16.7466 2279.63
-101.659 -1004.79 2358.58
-301.663 24.9218 2021.48
-127.913 -242.778 2330.26
-85.9189 -645.182 2145.34
-201.483 216.047 2298.05
-34.0679 218.101 2292.67
148.76 47.2371 2102.61
-35.2624 -942.897 2751.22
67.4118 272.446 1856.08
72.8623 -240.311 2323.95
108.783 -648.768 2480.5
133.348 220.154 2287.29
-30.7967 -11.722 2309.89
FRAME: 146
-16.9266 439.845 2207.49
-294.225 -30.3607 2252.89
-99.1258 -1004.57 2353.59
-312.914 20.8828 2000.96
-135.652 -255.311 2308.61
-87.6452 -656.807 2109.65
-212.025 199.881 2276.55
-41.4645 202.093 2270.45
141.618 36.0623 2080.64
-37.601 -950.956 2740.54
47.8179 272.189 1848.69
66.7992 -252.711 2301.41
109.417 -648.269 2483.73
129.096 204.306 2264.36
-37.9453 -25.959 2287.73
FRAME: 147
-24.9338 422.484 2191.76
-297.847 -45.7706 2235.66
-75.6077 -963.086 2362.56
-320.962 20.1699 2001.28
-139.015 -269.696 2294.88
-90.9861 -658.628 2087.87
-218.701 186.583 2262.67
-47.8114 188.714 2252.91
140.48 22.1785 2063.35
-33.7005 -956.235 2680.84
34.0449 260.656 1837.27
58.6912 -267.267 2283.51
107.08 -654.691 2462.46
123.078 190.846 2243.14
-43.9865 -39.8836 2271.05
FRAME: 148
-29.0811 414.362 2180.18
-305.396 -61.0675 2213.43
-77.7421 -966.427 2354.67
-322.676 13.1717 1992.25
-143.428 -280.075 2282.24
-93.5176 -658.5 2067.18
-220.928 175.291 2242.36
-51.5862 176.934 2233.2
137.992 2.21972 2039.43
-20.4304 -971.687 2626.94
25.3792 247.409 1829.41
53.6352 -278.215 2271.61
106.672 -657.774 2447.62
117.756 178.576 2224.03
-48.2414 -51.1057 2255.06
FRAME: 149
-33.8942 406.566 2169.35
-306.112 -80.285 2206.36
-99.6062 -1014.1 2340.4
-330.278 14.9009 1992.53
-146.727 -287.357 2265.14
-93.1403 -669.103 2057.36
-225.158 165.072 2223.04
-56.9619 166.602 2213.48
132.706 -7.71113 2018.98
-24.9791 -967.259 2630.89
14.0535 237.367 1808.39
46.2287 -285.66 2254.25
108.388 -657.977 2442.14
111.234 168.131 2203.93
-53.6054 -59.9534 2236.59
FRAME: 150
-32.5115 412.863 2138.12
-302.376 -73.705 2202.55
-92.1468 -1004 2341.92
-337.199 -13.7665 1968.12
-148.869 -289.865 2251.16
-89.4375 -669.339 2046.06
-226.604 157.967 2208.28
-60.6016 158.431 2193.61
126.196 -19.8224 2001.45
-24.0571 -971.345 2609.35
0.346456 178.599 1777.6
39.086 -289.397 2234.55
104.577 -659.023 2429.17
105.401 158.896 2178.93
-57.7466 -65.5998 2218.23
FRAME: 151
-38.3567 422.947 2087.24
-285.08 -59.8381 2194.68
-109.282 -1018.09 2321.09
-327.03 -74.2871 1936.19
-149.3 -268.53 2237.13
-90.7054 -662.62 2037.94
-196.396 177.393 2185.88
-45.7945 171.854 2172.45
121.047 -39.4035 2001.95
-6.55733 -945.064 2631.26
-19.0799 103.828 1762.98
29.5762 -275.881 2221.81
106.126 -651.086 2419.47
104.806 166.316 2159.02
-52.8283 -50.1756 2200.96
FRAME: 152
-43.7012 428.218 2063.03
-265.731 -36.8187 2164.23
-110.984 -1015.33 2317.88
-314.033 -117.32 1915.51
-147.554 -258.458 2230.28
-90.014 -655.586 2041.86
-183.275 164.944 2169.37
-37.9738 157.722 2164.33
107.497 -43.6734 2006.73
-17.4933 -949.85 2619
-31.1164 108.071 1733.79
30.1819 -267.625 2224.69
110.12 -642.507 2422.12
107.328 150.501 2159.29
-48.33 -52.6596 2195.91
FRAME: 153
-49.5761 418.718 2070.29
-256.641 -37.9713 2141.97
-117.876 -1025.27 2303.22
-301.872 -160.188 1910.45
-145.013 -252.926 2223.45
-93.4621 -657.044 2051.4
-159.321 166.096 2139.09
-19.4353 155.328 2152.75
96.6343 -46.7865 2019.44
-19.2496 -940.497 2625.05
-46.1705 42.3516 1778.5
26.3938 -265.929 2239.83
114.809 -641.478 2422.48
120.451 144.559 2166.41
-39.3724 -52.05 2192.2
FRAME: 154
-49.5598 407.262 2086.06
-233.776 -79.0472 2132.68
-111.149 -1031.15 2301.8
-231.187 -91.639 1901.12
-140.297 -265.029 2220.93
-95.586 -675.161 2054.39
-149.416 143.64 2139.42
-14.2543 134.765 2158.22
88.9422 -68.9048 2031.42
-21.4673 -889.271 2656.8
-74.2005 -38.4048 1819.49
36.9383 -276.246 2245.86
112.027 -638.043 2425.14
120.907 125.89 2177.03
-32.9668 -67.9361 2195.81
FRAME: 155
-50.0626 414.381 2085.94
-242.556 -93.5808 2144.45
-106.593 -1035.22 2322.95
-223.579 -44.8963 1910.47
-138.415 -267.611 2228.43
-102.245 -686.335 2093.79
-178.059 154.33 2160.44
-31.564 149.504 2168.79
97.5392 -73.4632 2082.95
-28.8253 -885.359 2660.97
-82.1305 -92.4337 1871.66
39.8517 -273.477 2239.32
106.284 -641.888 2416.92
114.931 144.678 2177.15
-40.4228 -60.5198 2201.33
FRAME: 156
-49.0877 418.771 2097.92
-259.535 -109.225 2181.87
-106.876 -1029.64 2323.71
-247.981 -178.399 1906.51
-133.635 -262.753 2230.94
-102.921 -681.495 2109.36
-188.675 162.055 2169.85
-38.6542 161.134 2178.54
112.777 -86.2587 2135.28
-20.0898 -903.571 2663.07
-73.8325 -144.332 1902.88
44.4764 -263.743 2241.44
107.78 -636.756 2419.21
111.367 160.212 2187.24
-41.6168 -51.0573 2207.37
FRAME: 157
-41.2166 434.457 2126.06
-251.089 -102.588 2216.19
-102.393 -1016.96 2338.31
-194.656 -366.543 1993.19
-127.901 -258.715 2250.82
-110.373 -686.346 2135.27
-201.264 174.142 2195.2
-39.6378 176.202 2207.24
157.13 -77.1745 2259.09
-9.08681 -901.396 2674.89
-58.0657 -204.601 2059.68
53.4433 -256.322 2265.14
111.18 -629.346 2438.65
121.988 178.262 2219.29
-38.4332 -40.6582 2232.61
FRAME: 158
-35.0946 449.314 2152.15
-245.669 -95.6857 2247.96
-95.4515 -1007.48 2351.43
-175.574 -347.639 1995.49
-118.872 -253.484 2271.82
-112.928 -689.362 2148.1
-203.94 183.512 2214.38
-38.7243 188.64 2229.5
170.688 -69.2119 2290.02
-6.77042 -905.247 2663.61
-42.1016 -223.295 2127.28
60.096 -247.99 2288.48
116.506 -627.18 2448.57
126.492 193.767 2244.62
-34.0561 -31.0488 2254.83
FRAME: 159
-28.8174 460.935 2174.59
-232.23 -88.7282 2276.89
-103.07 -1038.52 2326.25
-137.846 -328.214 2087.32
-107.285 -244.104 2300.69
-110.323 -668.816 2159.33
-199.602 195.433 2239.23
-34.1744 201.575 2250
184.525 -53.5871 2321.12
-0.428835 -916.559 2683.32
-36.0738 -215.587 2164.56
64.9526 -237.73 2312.05
124.371 -617.113 2488.05
131.253 207.716 2260.76
-27.6704 -19.6711 2278.18
FRAME: 160
-19.1852 473.825 2196.08
-220.291 -57.1439 2327.11
-87.5081 -997.507 2336.39
-117.95 -350.188 2157.22
-97.7576 -228.124 2331.7
-99.4764 -652.843 2230.03
-191.737 208.696 2268.3
-25.0985 214.369 2275.32
192.98 -37.2843 2351.55
-0.803912 -928.378 2688.74
-13.0424 -209.964 2211.25
73.156 -222.124 2339.68
124.638 -613.677 2510.01
141.54 220.043 2282.34
-18.6996 -5.37733 2305.51
FRAME: 161
-7.9767 485.174 2217.97
-214.949 -52.0837 2364
-100.646 -1023.33 2326.88
-120.084 -321.208 2208.91
-87.433 -220.645 2356.99
-100.511 -635.217 2236.51
-181.209 217.404 2289.81
-15.0476 224.031 2299.26
205.604 -29.7897 2378.37
-5.09203 -908.785 2719.3
57.5565 -179.322 2297.11
86.3278 -213.711 2366.99
123.66 -611.688 2518.76
151.114 230.658 2308.71
-7.80011 3.42646 2330.63
FRAME: 162
8.90646 508.056 2267.18
-198.318 -22.0633 2415.11
-77.1069 -986.781 2367.4
-141.836 -284.514 2350.81
-79.6825 -207.165 2382.04
-96.4758 -627.364 2275.14
-165.594 240.73 2330.33
1.81081 246.881 2345.42
234.618 -0.247141 2438.3
5.64635 -899.037 2755.47
80.484 -197.97 2319.42
109.032 -200.262 2398.97
132.862 -615.16 2527.58
169.216 253.031 2360.52
8.24279 21.5835 2367.96
FRAME: 163
36.3286 536.908 2321.73
-176.87 13.1597 2467.68
-84.7384 -1010.33 2378.74
-140.278 -259.78 2355.16
-67.1881 -178.774 2436.03
-89.8438 -604.281 2354.97
-132.869 287.323 2411.92
33.7846 286.714 2424.79
259.675 28.3219 2494.78
13.6922 -898.211 2837.29
86.8771 -169.748 2314.7
129.482 -179.422 2451.78
145.809 -615.058 2563.27
200.438 286.105 2437.66
32.4657 53.8081 2434.35
FRAME: 164
48.4032 548.217 2351.38
-165.278 21.3565 2507.56
-90.6036 -1021.62 2378.04
-128.346 -213.87 2353.01
-58.9193 -167.792 2478.24
-87.0408 -599.592 2387.22
-126.024 296.48 2439.2
42.3417 296.256 2446.02
273.387 42.2121 2519.7
26.198 -893.835 2891.68
86.5247 -140.528 2341.74
139.799 -168.036 2486.38
152.352 -604.415 2607.25
210.707 296.033 2452.84
41.3907 64.1712 2464.17
FRAME: 165
56.8339 556.92 2373.28
-162.623 40.9065 2549.72
-91.9816 -1012.41 2387.16
-109.021 -201.953 2415.97
-59.5662 -160.283 2509.54
-88.1053 -595.886 2432.26
-117.366 308.516 2460.64
51.6992 306.453 2469.13
282.685 43.5075 2544.32
34.4879 -906.985 2901.27
83.1518 -120.781 2371.23
147.194 -162.76 2519.96
154.714 -603.438 2638.1
220.765 304.39 2477.61
47.7566 72.4657 2491.94
FRAME: 166
65.3261 566.854 2396.05
-152.907 49.3175 2576.02
-98.5462 -1012.45 2407.6
-97.7964 -138.708 2383.49
-58.0488 -150.562 2541.44
-89.164 -594.597 2459.04
-110.314 320.451 2489.01
58.6452 316.548 2492.47
291.487 52.0193 2565.84
35.5887 -915.177 2912.55
73.076 -87.7106 2400.01
151.806 -155.374 2545.88
157.52 -600.985 2663.45
227.604 312.645 2495.94
52.7618 81.79 2518.07
FRAME: 167
74.3916 575.23 2417.39
-137.499 60.9378 2608.43
-101.07 -1011.44 2436.12
-108.279 -89.4929 2385.47
-55.231 -140.051 2567.32
-90.3243 -589.126 2490.96
-99.1907 333.045 2515.45
68.6645 327.036 2516.75
300.612 61.8585 2580.85
39.3418 -924.834 2930.25
61.0588 -63.3486 2424.23
157.826 -147.578 2569.2
158.192 -602.491 2683.28
236.52 321.026 2518.05
59.9809 91.6104 2542.5
FRAME: 168
81.9621 588.323 2437.32
-133.095 72.7021 2635.11
-106.81 -1019.71 2489.27
-103.412 -50.2118 2400.9
-45.293 -137.193 2592.22
-83.2673 -591.467 2526.42
-94.2668 346.927 2545.9
75.2222 341.378 2542.73
306.008 71.9823 2602.11
30.8018 -927.025 2942.37
70.875 -7.51831 2467.24
165.915 -144.079 2588.22
160.956 -604.806 2706.06
244.711 335.829 2539.57
67.7666 100.371 2566.48
FRAME: 169
93.7638 601.197 2467.17
-124.395 93.6364 2663.36
-108.342 -1042.27 2580.79
-55.9949 -10.0111 2450.11
-37.3716 -128.53 2622.17
-77.1606 -595.369 2570.34
-84.9589 365.123 2577.04
83.7453 358.597 2570.25
314.872 95.6571 2630.65
29.8841 -953.482 2948.45
81.2827 13.4181 2485.49
171.104 -136.548 2613.76
160.567 -609.331 2732.68
252.45 352.071 2563.47
75.3058 113.029 2594.11
FRAME: 170
98.8888 610.341 2481.25
-129.544 116.057 2691.23
-115.958 -1043.13 2640.14
-102.612 22.4158 2450.31
-38.0398 -113.785 2642.14
-77.5989 -585.009 2606.06
-79.7061 383.304 2595.82
88.1434 375.718 2587.36
323.814 115.454 2653.3
42.7134 -976.057 2939.58
96.4924 33.2259 2499.38
174.651 -123.389 2631.43
157.443 -604.417 2742.07
255.993 368.133 2578.9
78.2245 128.566 2612.07
FRAME: 171
101.802 612.344 2496.5
-123.751 123.471 2700.08
-118.311 -1010.71 2700.45
-65.9348 40.5737 2477.07
-37.004 -88.3829 2674.44
-71.1863 -566.603 2641.3
-75.3173 398.662 2618.88
91.8669 387.878 2605.61
318.895 119.902 2665.96
58.6049 -971.108 2935.1
99.6558 37.4394 2532.22
168.382 -101.552 2658.17
154.682 -582.917 2758.85
259.051 377.095 2592.34
78.778 146.455 2635.96
FRAME: 172
108.239 619.296 2513.27
-122.236 127.643 2709.15
-113.877 -981.409 2768.81
-41.7254 46.5617 2516.41
-38.5816 -75.1631 2692.21
-66.4934 -555.473 2656.1
-72.3413 408.318 2633.11
94.3351 394.791 2618.07
323.495 131.938 2675.05
59.5561 -958.214 2941.15
81.5036 38.4785 2539.09
161.354 -91.2907 2674.27
149.426 -574.451 2770.64
261.012 381.263 2603.04
77.8606 155.782 2650.66
FRAME: 173
110.411 638.125 2526.71
-117.04 147.73 2727.44
-100.876 -953.566 2812.46
-92.9986 84.6309 2507.53
-40.0511 -57.9361 2707.35
-72.9899 -536.79 2689.77
-70.2556 423.002 2643.54
95.5368 408.865 2630.8
321.644 140.397 2681.81
66.4492 -937.976 2942.1
99.0064 103.524 2542.51
160.511 -74.9994 2692.02
148.105 -564.046 2772.14
261.329 394.728 2618.06
77.8833 171.199 2665.24
FRAME: 174
109.631 645.745 2530.03
-112.08 161.134 2750.37
-95.5786 -943.928 2875.83
-79.291 98.8193 2540.96
-46.0902 -51.2351 2724.91
-78.4284 -532.136 2733.32
-69.9132 436.378 2659.98
95.767 420.367 2643.5
316.954 155.288 2689.83
65.9563 -935.267 2941.91
97.9793 130.207 2581.57
158.633 -71.0183 2704.58
143.83 -553.659 2787.43
261.447 404.355 2627.01
76.0191 179.62 2679.12
FRAME: 175
108.719 647.427 2539.92
-114.225 170.231 2757.32
-82.4868 -923.985 2934.35
-87.1616 96.9583 2557.29
-47.7091 -33.4172 2754.76
-81.8781 -515.936 2777.64
-73.9032 451.379 2682.56
92.9669 433.962 2659.25
314.388 172.683 2694.54
67.4545 -926.082 2947.17
101.625 165.481 2577.53
155.98 -54.685 2726.36
137.961 -534.381 2801.12
259.837 416.544 2635.93
73.5512 194.955 2699.9
FRAME: 176
106.603 649.961 2550.84
-116.351 178.28 2779.45
-86.0036 -927.663 2951.38
-46.6327 88.981 2593.74
-53.5006 -24.303 2778.41
-87.4933 -509.521 2811.86
-81.3151 459.475 2698.99
86.7932 441.025 2671.33
314.395 179.657 2698.29
71.0887 -922.609 2945.36
91.8636 168.531 2587.84
150.986 -46.7632 2744.78
135.311 -523.281 2810.84
254.901 422.575 2643.67
67.768 202.746 2716.46
FRAME: 177
104.086 649.094 2557.64
-119.099 182.174 2795.15
-89.3593 -930.807 2963.33
-71.2637 102.054 2602.19
-58.3509 -19.5552 2794.71
-94.4137 -506.204 2837.01
-86.7686 461.883 2710.86
80.5512 443.386 2680.18
311.233 181.981 2698.04
74.865 -922.542 2949.75
83.1832 179.29 2612.94
148.305 -42.4164 2756.81
129.688 -516.152 2821.07
247.871 424.89 2649.5
62.7642 206.2 2727.97
FRAME: 178
99.9984 648.571 2567.82
-122.623 182.281 2812.88
-94.6204 -937.769 2980.13
-32.4934 117.619 2612.47
-61.858 -16.9532 2807.49
-99.4781 -505.118 2859.15
-95.8134 462.277 2721.93
72.7317 444.185 2687.9
307.337 181.082 2698.61
77.5262 -927.781 2956.35
87.5208 228.975 2608.2
144.251 -39.0887 2765.88
124.653 -514.713 2828.31
241.277 426.093 2653.86
56.964 208.082 2737.29
FRAME: 179
94.5895 647.057 2579.66
-129.871 183.744 2826.01
-91.786 -952.717 3005.77
-6.17128 128.214 2618.37
-70.0201 -23.6866 2809.92
-106.128 -513.23 2879.27
-99.6505 461.012 2732.61
65.6972 443.682 2696.11
304.257 180.356 2697.67
81.3267 -936.974 2956.75
94.9112 284.451 2620.7
140.991 -45.811 2763.33
120.674 -525.138 2832.95
231.045 426.352 2659.61
50.5912 204.467 2741.37
FRAME: 180
87.727 647.953 2582.21
-137.161 184.109 2828.99
-92.8634 -948.331 3015.15
-118.389 141.412 2603.33
-70.2683 -16.5238 2822.47
-108.719 -506.076 2892.62
-105.529 461.823 2737.7
60.0573 445.516 2700.95
291.12 182.92 2694.26
78.0593 -917.996 2961.35
103.345 297.867 2625.46
139.323 -37.1729 2775.84
117.376 -513.903 2834.35
225.643 429.208 2664.2
47.2922 209.334 2750.05
FRAME: 181
73.1583 653.357 2592.52
-142.874 192.883 2846.52
-100.525 -945.528 3018.05
-140.145 164.105 2609.51
-75.7256 -15.0918 2832.61
-116.102 -503.379 2902.96
-113.945 462.49 2745.66
51.2808 446.323 2708.23
283.566 187.647 2698.29
78.0741 -918.325 2962.47
109.213 331.048 2622.96
130.465 -35.2615 2785.84
110.702 -512.241 2836.3
216.506 430.157 2670.81
39.3252 210.573 2758.73
FRAME: 182
62.464 652.891 2602.17
-145.753 193.569 2850.95
-104.91 -946.48 3015.02
-126.363 163.033 2619.26
-80.6947 -13.6321 2838.66
-116.265 -503.394 2908.66
-119.911 463.856 2752.53
45.1074 447.957 2713.74
280.165 185.668 2706.73
76.2606 -917.836 2967.68
111.761 336.574 2622.01
126.307 -33.5923 2789.94
107.936 -510.939 2838.46
210.126 432.058 2674.94
33.9568 212.172 2764.02
FRAME: 183
56.4436 656.349 2609.96
-155.575 191.7 2850.34
-112.374 -950.249 3016.84
-85.0599 164.454 2625.46
-84.5134 -19.4621 2835.46
-118.236 -511.66 2913.55
-125.256 463.959 2761.09
39.7124 448.829 2720.96
276.563 189.902 2715.04
74.948 -928.569 2968.53
100.825 366.112 2622.83
119.772 -38.226 2785.72
102.439 -521.415 2842.44
204.681 433.7 2680.82
28.6707 209.993 2765.77
FRAME: 184
52.4216 659.814 2612.25
-157.631 194.307 2852.88
-113.693 -938.94 3018.4
-97.8988 143.666 2644.78
-87.7869 -8.79964 2846.55
-121.674 -499.191 2914.65
-130.927 466.981 2761.69
35.1731 451.979 2722.3
270.087 193.143 2711.94
68.9533 -923.308 2971.37
71.5812 289.452 2611.96
119.457 -27.5199 2797.34
95.5205 -508.249 2841.94
201.274 436.977 2682.91
25.5042 216.91 2772.12
FRAME: 185
49.8103 663 2615.64
-161.234 197.18 2856.11
-115.55 -941.177 3021.53
-99.7471 153.84 2644.59
-90.4142 -8.85218 2848
-123.023 -497.768 2915.41
-134.173 468.04 2764.55
30.9911 453.603 2724.83
263.942 190.736 2716.23
68.6559 -921.407 2969.64
45.4003 258.779 2621.91
116.668 -26.9338 2798.18
92.6265 -506.609 2842.34
196.156 439.166 2685.11
22.0589 217.855 2773.96
FRAME: 186
45.1622 667.071 2619.52
-165.086 200.063 2857.59
-108.782 -926.953 3020.09
-93.7037 170.208 2640.77
-91.589 -8.23534 2847.83
-123.253 -494.148 2913.85
-135.49 469.264 2764.48
27.5477 455.789 2726.18
259.681 192.887 2719.09
69.9472 -922.919 2967.82
34.1857 245.357 2625.19
114.094 -25.2096 2799.51
92.4383 -506.49 2841.75
190.585 442.315 2687.88
19.4001 219.533 2774.93
FRAME: 187
36.6616 670.315 2630.75
-166.988 201.194 2864.18
-103.079 -932.219 3017.37
-146.92 219.236 2632.38
-94.6373 -17.444 2842.62
-123.273 -502.624 2913.35
-137.616 468.712 2766.54
22.9268 456.591 2729.25
257.858 196.372 2720.69
70.8614 -927.197 2962.62
19.356 265.75 2628.2
109.371 -32.8339 2795.3
90.3235 -514.109 2840.82
183.47 444.469 2691.97
15.1468 215.726 2774.11
FRAME: 188
28.0815 673.689 2634.16
-168.611 200.743 2858.21
-101.036 -930.78 3021.32
-161.408 190.079 2630.92
-94.2819 -11.4719 2850.37
-122.983 -495.631 2912.31
-142.094 470.705 2766.79
19.1019 459.35 2730.45
252.842 202.486 2719.57
68.4232 -923.951 2963.82
24.6281 230.718 2630.7
108.334 -25.7211 2804.71
87.8514 -504.545 2838.62
180.298 447.994 2694.12
13.064 220.377 2779
FRAME: 189
19.7105 681.292 2643.41
-172.623 200.284 2860.99
-100.98 -939.695 3020.81
-130.179 187.957 2644.46
-96.7452 -13.3902 2849.15
-123.017 -498.48 2910.1
-145.615 471.195 2769.97
15.5073 460.787 2733.48
246.948 195.885 2730.85
69.1453 -922.055 2962.37
30.9866 247.358 2626.72
106.64 -26.5292 2803.08
86.4811 -504.448 2838.09
176.629 450.379 2696.99
10.2273 220.414 2779.8
FRAME: 190
17.1626 687.45 2647.19
-180.51 198.663 2862.86
-98.8063 -942.293 3023.07
-219.598 167.6 2588.65
-98.65 -14.0409 2848.93
-123.166 -500.133 2909.18
-149.225 471.76 2771.86
12.1996 462.126 2735.79
234.784 192.566 2744.89
67.2596 -919.822 2963.93
22.1616 222.113 2621.39
104.879 -26.1989 2803.41
85.312 -503.252 2839.16
173.624 452.492 2699.72
7.65711 221.003 2780.98
FRAME: 191
17.2723 693.36 2649.7
-199.538 206.251 2866.74
-99.2989 -938.313 3021.61
-122.065 107.603 2664.72
-99.8783 -12.3673 2847.7
-123.314 -496.649 2907.01
-151.653 471.722 2770.85
10.3079 462.806 2736.41
230.796 192.089 2763.1
65.8348 -919.892 2965.58
18.9664 191.053 2606.8
104.379 -23.6405 2804.2
86.5664 -503.629 2838.9
172.269 453.89 2701.97
6.27919 222.401 2781.18
FRAME: 192
18.2128 696.462 2649.46
-200.919 202.393 2870.51
-99.0341 -931.825 3017.12
-78.0785 68.3496 2624.86
-99.6987 -11.3466 2845.58
-122.723 -493.524 2903.4
-153.941 471.154 2769.03
9.09837 462.662 2736.43
227.586 195.467 2771.98
65.7863 -921.094 2965.78
26.9131 161.384 2611.91
101.958 -21.8665 2805.21
85.8601 -500.74 2838.93
172.138 454.17 2703.84
5.11412 223.028 2780.92
FRAME: 193
19.9516 700.858 2649.13
-196.759 195.215 2853.65
-98.2452 -925.519 3009.13
-163.445 82.0547 2577.35
-98.5563 -9.70711 2838.08
-119.644 -490.683 2893.69
-158.012 467.531 2761.43
6.75565 461.232 2734.45
225.545 190.709 2786.06
66.0913 -920.58 2967.09
54.3122 126.014 2617.5
102.01 -17.4 2805.17
88.757 -492.951 2839.74
171.523 454.933 2707.47
4.24126 223.839 2778.04
FRAME: 194
22.8863 703.902 2645.85
-194.621 189.566 2830.69
-99.2966 -929.356 3001.14
-164.911 36.5401 2547.84
-95.4087 -12.9187 2827.97
-116.755 -493.315 2884.34
-156.551 462.291 2746.03
7.49275 458.251 2727.35
220.783 176.899 2800.92
69.2243 -910.824 2963.6
74.2571 72.5218 2631.03
104.391 -17.8678 2805.17
92.6333 -483.108 2841.58
171.537 454.211 2708.68
5.99208 221.429 2771.96
FRAME: 195
25.8212 704.834 2644.36
-192.4 189.641 2794.08
-100.293 -936.493 2997.89
-175.157 46.5841 2521.11
-94.7406 -12.9527 2820.65
-114.98 -495.579 2875.91
-152.97 458.835 2732.27
10.3072 455.774 2722.04
217.306 175.156 2807.48
71.2061 -902.174 2965.19
155.807 -5.50324 2654.44
105.546 -16.776 2808.01
95.7585 -479.433 2845
173.584 452.712 2711.8
7.85484 220.455 2768.18
FRAME: 196
30.9135 703.431 2639.96
-195.12 187.44 2781.89
-98.1943 -939.605 2986.22
-175.347 62.2001 2490.45
-92.1481 -16.447 2804.36
-110.237 -500.877 2865.4
-150.357 456.727 2722.52
11.9659 454.702 2717.93
216.557 179.827 2819.21
74.0996 -899.955 2958.29
270.72 -42.1741 2690.23
108.915 -18.9503 2798.64
104.804 -476.554 2839.42
174.289 452.678 2713.35
10.1747 218.502 2759.72
FRAME: 197
35.9177 704.34 2626.08
-192.701 185.568 2762.62
-98.7358 -936.635 2987.54
-186.545 55.2783 2477.32
-87.897 -13.0594 2796.04
-103.418 -499.996 2856.86
-148.321 456.51 2704.01
14.1319 457.445 2709.55
217.29 186.629 2824.65
72.7015 -894.277 2966.14
344.806 -44.6934 2768
112.253 -11.9157 2802.87
108.227 -470.581 2838.69
176.585 458.379 2715.1
13.155 222.479 2754.5
FRAME: 198
44.3812 706.953 2621.76
-193.589 175.295 2750.31
-95.282 -941.421 2984.69
-194.981 51.1509 2455.55
-85.0509 -14.597 2782.56
-95.3975 -506.997 2847.41
-143.334 454.311 2690.71
19.2334 457.014 2706.13
221.509 193.195 2846.95
73.121 -902.29 2969.89
388.408 -5.58417 2827.87
119.911 -11.1951 2802.02
115.023 -476.77 2838.92
181.801 459.717 2721.54
18.3318 222.059 2749.21
FRAME: 199
55.0999 704.573 2613.34
-200.088 173.553 2728.21
-89.0237 -940.813 2985.08
-227.849 76.9911 2429.82
-77.8373 -16.5739 2765.94
-85.059 -509.195 2833.35
-132.878 449.678 2673.12
27.1577 453.984 2700.23
235.611 202.736 2867.07
72.7575 -902.042 2970.02
450.93 86.8452 2941.77
126.486 -11.0856 2800.4
119.383 -483.181 2837.16
187.193 458.289 2727.34
25.7412 220.077 2741.7
FRAME: 200
62.4112 703.302 2608.31
-205.472 177.228 2712.78
-86.4904 -940.169 2979.93
-254.425 105.132 2401.34
-73.7034 -21.2389 2750.74
-84.0106 -516.351 2823.49
-124.626 448.619 2663.31
32.8845 453.278 2695.8
244.19 216.641 2876.34
74.0837 -905.245 2976.98
487.174 122.426 3026.54
132.863 -15.1928 2793
124.741 -494.588 2836.88
190.395 457.937 2728.28
31.2322 217.531 2733.83
FRAME: 201
74.2622 700.028 2604.33
-219.108 189.129 2706.64
-69.8812 -946.59 2967.96
-267.618 138.291 2413.12
-70.9464 -33.6757 2733.92
-74.2893 -525.433 2807.89
-117.284 447.201 2659.36
37.3494 451.264 2692.93
253.454 236.139 2887.72
74.8886 -922.071 2973.68
484.357 175.557 3051.7
139.385 -28.3156 2779.14
124.025 -507.309 2833.35
191.983 455.328 2726.51
35.7844 210.134 2724.73
FRAME: 202
80.8962 698.025 2599.64
-222.949 195.889 2698.19
-58.5629 -942.027 2962.58
-302.632 177.757 2366.5
-69.1098 -41.5498 2720.03
-67.4581 -536.02 2802.32
-112.788 445.045 2646.48
40.0612 449.285 2683.81
253.235 247.169 2891.74
74.6181 -934.843 2973.99
465.255 232 3079.54
141.861 -35.9035 2770.85
127.28 -520.536 2833.97
192.911 453.525 2721.14
38.2183 205.279 2714.63
FRAME: 203
89.5596 693.763 2588.26
-229.056 206.289 2668.04
-56.2997 -927.051 2944.4
-324.949 200.389 2354.46
-63.6739 -36.7858 2704.19
-59.5721 -532.433 2772.83
-102.382 442.369 2629.84
46.1216 447.03 2674.51
257.984 270.944 2898.23
71.9756 -931.969 2976.29
471.242 255.653 3089.47
144.717 -30.5211 2765.99
132.894 -513.292 2825.02
194.625 451.691 2719.17
43.3216 206.688 2704.8
FRAME: 204
97.9219 690.005 2582.51
-229.653 215.583 2668.36
-69.3154 -945.713 2927.71
-331.193 220.297 2349.44
-57.6371 -44.1714 2691.53
-61.6499 -540.448 2742.79
-99.3153 442.513 2618.74
49.3636 446.974 2667.73
256.731 284.854 2904.77
76.0088 -941.14 2969.32
422.305 311.524 3082.39
144.116 -38.3046 2757.49
136.305 -526.877 2824.46
198.043 451.435 2716.71
46.3015 202.868 2696.12
FRAME: 205
107.22 685.381 2566.45
-232.015 220.195 2662.54
-72.3166 -929.972 2905.92
-336.437 231.755 2345.7
-53.1822 -50.7793 2679.59
-60.1876 -548.723 2714.2
-94.5658 439.198 2606.7
53.9349 442.417 2656.68
259.332 294.526 2890.38
80.5248 -938.148 2966.75
397.273 333.761 3087.03
141.257 -46.6848 2744.6
137.895 -530.119 2816.9
202.436 445.636 2706.67
48.9862 196.842 2684.39
FRAME: 206
117.574 677.064 2547.53
-232.553 225.388 2651.09
-86.2319 -922.63 2825.7
-345.056 241.527 2334.46
-54.5103 -53.1922 2655.87
-60.0905 -542.711 2656.86
-88.2988 433.551 2584.98
59.2475 435.135 2638.95
256.545 295.362 2881.19
80.3996 -921 2962.45
385.006 355.212 3084.96
141.344 -51.2448 2726.99
142.836 -529.56 2803.14
206.794 436.72 2692.93
51.3322 191.458 2665.19
FRAME: 207
127.094 663.056 2528.23
-233.242 220.552 2627.21
-88.0129 -922.444 2793.36
-345.969 241.511 2337.58
-55.6523 -53.0707 2638.97
-65.4004 -533.595 2600.69
-85.5779 428.386 2568.09
62.9263 428.617 2621.37
252.809 286.764 2865.02
75.5901 -920.214 2956.21
390.313 350.172 3066.37
141.303 -52.9489 2709.25
145.91 -526.999 2788.62
211.43 428.849 2674.65
52.8758 187.804 2647.74
FRAME: 208
130.677 651.408 2514.37
-237.524 222.339 2618.66
-87.3915 -930.679 2745.4
-346.436 230.147 2337.38
-54.7962 -58.3739 2623.1
-64.6052 -540.229 2564.16
-79.5127 416.552 2549.3
68.8652 415.753 2602.42
263.5 287.645 2860.05
73.6885 -914.963 2951.79
388.614 331.124 3037.58
143.338 -59.633 2693.6
148.749 -527.367 2775.85
217.243 414.954 2655.53
56.5681 178.375 2630.38
FRAME: 209
130.452 643.348 2503.27
-248.225 213.917 2606.22
-90.2641 -958.947 2668.68
-350.063 219.473 2326.58
-55.7833 -71.735 2604.52
-72.2247 -547.596 2535.45
-76.6251 406.696 2533.09
70.7322 404.729 2589.1
269.018 278.09 2855.37
60.7252 -927.002 2943.78
400.828 309.202 2987.6
140.679 -74.6088 2678.65
150.067 -544.783 2756.42
218.089 402.763 2645.11
56.59 165.779 2615.34
FRAME: 210
128.405 635.145 2485.38
-262.401 199.321 2584.93
-86.9928 -995.086 2629.82
-352.969 184.667 2330.41
-57.6019 -90.2856 2583.1
-83.4893 -574.424 2501.51
-78.5771 398.966 2524.73
67.8754 395.785 2574.49
263.725 238.541 2787.29
61.9442 -940.897 2933.62
443.591 296.339 2981.19
143.928 -94.6283 2651.36
147.447 -568.362 2742.91
214.328 392.605 2624.25
55.5192 151.664 2595.86
FRAME: 211
124.465 629.086 2468.13
-255.605 168.569 2561.24
-89.6693 -1000.67 2582.5
-363.067 163.088 2296.45
-57.7003 -101.737 2573.39
-92.9694 -565.375 2450.44
-82.2042 379.644 2501.25
67.9732 378.117 2544.05
273.464 184.746 2732.76
52.5238 -932.376 2933.33
479.502 271.904 2926.71
147.172 -104.002 2631.51
147.616 -562.273 2726.5
218.15 376.59 2586.85
56.3546 137.624 2573.25
FRAME: 212
103.124 612.064 2427.53
-249.439 143.52 2540.94
-99.1777 -1008.14 2524.71
-376.118 115.165 2270.51
-68.3308 -119.769 2539.1
-96.9351 -560.493 2408.13
-93.2838 357.256 2467.75
57.5882 356.328 2505.26
307.237 129.729 2650.28
42.2001 -920.969 2907.97
568.335 164.471 2772.06
143.561 -121.352 2591.03
145.885 -578.919 2683.06
208.46 355.4 2542.76
47.6017 117.884 2535.16
FRAME: 213
85.4514 595.862 2392.44
-249.994 108.57 2515.77
-102.351 -1014.55 2507.78
-389.277 80.1783 2244.05
-67.4398 -138.477 2522.35
-94.9976 -572.94 2375.16
-111.893 338.214 2446.86
46.0094 339.563 2473.26
321.167 104.551 2573.66
44.9297 -903.963 2909.72
588.108 122.208 2655.38
142.253 -136.82 2557.07
145.404 -592.334 2668.18
203.911 340.911 2499.67
41.708 100.957 2506.49
FRAME: 214
68.4971 583.306 2373.74
-251.304 81.2681 2494.42
-93.7295 -1025.42 2514.95
-393.666 48.0065 2221.71
-70.5643 -150.961 2498.46
-94.415 -587.528 2351.88
-122.839 321.252 2425.8
37.0019 323.177 2448.83
333.439 78.6982 2502.58
40.8882 -898.876 2915
604.955 52.9187 2483.43
137.489 -148.396 2528.41
136.312 -601.433 2654.55
196.843 325.101 2471.85
35.2323 86.7492 2481.13
FRAME: 215
53.1436 567.637 2350.9
-256.733 69.5994 2463.81
-105.358 -1009.63 2453.43
-396.502 26.7458 2189.6
-82.4153 -156.247 2470.53
-95.3536 -572.361 2296.94
-138.86 307.142 2394.09
24.2254 311.094 2422.61
315.512 66.2218 2430.09
27.5064 -888.587 2910.9
591.122 18.8645 2354.89
128.711 -151.106 2507.26
124.778 -590.775 2625.43
187.311 315.045 2451.13
23.6867 78.7086 2455.75
FRAME: 216
37.0991 549.031 2337.2
-260.964 47.6575 2429.73
-102.351 -1016.54 2432.57
-397.013 1.21738 2159.29
-88.7826 -177.141 2443.98
-91.7915 -599.271 2256.76
-149.627 289.315 2370.48
14.8705 293.078 2395.24
309.481 48.2729 2368.24
24.9509 -888.253 2932.29
555.608 1.33142 2219
120.588 -172.24 2475.31
125.899 -627.177 2587.26
179.368 296.842 2420
15.3866 59.194 2427.44
FRAME: 217
22.4201 519.962 2316.53
-278.149 26.22 2390.48
-109.176 -1020.5 2377.94
-396.205 -18.3784 2131.33
-97.4102 -196.012 2415.96
-95.1333 -611.384 2208.98
-160.084 265.557 2350.21
6.61633 268.461 2369.58
287.978 34.285 2325.59
22.502 -875.541 2932.81
475.088 5.65714 2083.84
113.715 -192.125 2440.28
118.139 -636.966 2565.03
173.317 271.364 2388.94
7.38428 37.1961 2398.85
FRAME: 218
12.946 496.736 2294.95
-283.707 7.54937 2367.46
-106.49 -1018.1 2336.36
-404.351 -40.3429 2088.9
-104.75 -217.937 2385.05
-93.6415 -613.271 2151.71
-169.627 243.18 2324.93
-0.916477 245.821 2342.72
272.567 13.8989 2275.66
30.05 -882.307 2915.85
379.954 23.4554 1993.12
107.476 -214.43 2407.16
115.475 -645.153 2548.02
167.794 248.461 2360.51
0.223303 14.8189 2369.41
FRAME: 219
0.900287 471.006 2252.78
-304.233 -6.99196 2336.64
-107.18 -1006.35 2320.56
-394.451 -50.5672 2044.57
-116.943 -240.578 2324.84
-92.8456 -623.749 2084.81
-184.385 223.865 2286.32
-16.1404 225.277 2295.41
208.248 14.9346 2170.64
31.9325 -909.624 2852.94
235.345 62.3848 1872.4
89.8433 -238.763 2335.69
110.649 -655.233 2510.6
152.104 226.688 2304.49
-14.845 -7.19704 2312.83
FRAME: 220
-2.1382 454.198 2224.67
-320.026 -23.7621 2311.6
-108.97 -1011.88 2287.09
-391.731 -47.1671 2012.15
-122.163 -250.845 2298.84
-95.7094 -633.103 2055.84
-197.202 208.013 2260.45
-25.3098 210.341 2268.15
203.637 0.900764 2138.01
34.8038 -913.461 2833.87
169.245 81.5031 1859.67
82.6417 -248.027 2308.06
109.32 -659.933 2475.07
146.582 212.668 2275.85
-22.5353 -19.5476 2285.8
FRAME: 221
-6.45324 444.657 2194.07
-325.697 -38.8427 2279.71
-106.289 -1006.54 2265.06
-392.732 -47.1262 1983.88
-127.75 -256.902 2279.33
-94.3863 -628.406 2025.27
-205.368 196.469 2234.11
-32.5775 198.702 2234.37
180.96 1.453 2082.96
25.6545 -927.73 2793.1
103.484 115.474 1823.29
78.1397 -254.179 2280.04
107.633 -662.011 2451.82
140.213 200.935 2234.63
-28.6914 -28.4192 2257.03
FRAME: 222
-31.7802 430.134 2145.94
-330.382 -50.4244 2243.04
-110.158 -1012.22 2254.45
-387.434 -39.4407 1960.49
-135.102 -266.732 2256.4
-97.7439 -638.725 1996.42
-211.176 186.945 2212.03
-39.5288 188.397 2208.95
166.058 5.98036 2028.12
32.8036 -924.529 2748.69
56.3988 145.114 1798.89
68.7115 -264.954 2252.97
104.246 -671.005 2420.28
132.118 189.849 2205.86
-36.3619 -38.7231 2231.82
FRAME: 223
-39.7883 417.533 2115.28
-331.894 -57.5047 2224.98
-108.991 -1015.18 2238.86
-376.903 -34.7108 1942.54
-138.334 -274.313 2237.5
-102.878 -653.391 1994.4
-219.833 178.33 2192.11
-47.7704 181.111 2181.06
143.168 12.5298 1988.68
33.8949 -944.75 2695.82
-5.78324 173.794 1781.18
63.7948 -271.319 2224.64
101.052 -680.802 2385.82
124.293 183.893 2170.01
-42.5199 -45.8524 2206.06
FRAME: 224
-44.814 403.623 2088.32
-337.217 -67.2143 2192.42
-111.513 -1018.33 2230.76
-368.144 -28.4491 1926.94
-144.837 -279.839 2231.19
-107.039 -660.721 1981.66
-225.43 169.898 2171.89
-54.9903 171.483 2154.51
118.06 13.6408 1951.33
43.6291 -938.734 2683.72
-63.084 191.022 1783.67
57.7763 -278.075 2210.39
95.2663 -694.693 2354.35
115.449 173.069 2137.12
-49.2604 -53.7367 2187.65
FRAME: 225
-51.1997 392.571 2054.99
-340.856 -64.6995 2162.03
-115.024 -1030.58 2218.67
-351.929 -16.6771 1896.75
-148.987 -284.048 2212.7
-113.637 -669.517 1989.71
-228.14 161.728 2142.31
-60.6247 163.311 2127.44
100.002 9.7997 1916.53
44.3341 -955.309 2666.87
-118.789 193.154 1787.67
51.8877 -282.211 2194.81
93.0713 -701.175 2326.17
106.89 164.894 2112.56
-54.5872 -59.9093 2165.6
FRAME: 226
-54.6466 383.494 2031.92
-343.362 -46.1951 2124.63
-107.4 -1023.36 2186.6
-342.919 -0.901228 1876.22
-149.529 -286.795 2201.8
-113.985 -666.822 1973.95
-225.498 158.29 2126.08
-61.4525 158.335 2109.34
76.5177 11.1397 1896.05
52.3762 -948.431 2656.69
-165.38 200.199 1789.93
46.2866 -286.768 2181.91
96.1204 -700.02 2317.97
102.593 158.38 2092.6
-56.5368 -64.2233 2150.6
FRAME: 227
-57.017 378.471 2021.31
-340.999 -33.7287 2078.19
-91.9157 -1004.04 2141.36
-304.694 39.2493 1884.11
-147.463 -291.506 2191.34
-111.758 -662.57 1957.5
-226.053 155.93 2119.18
-62.8863 155.157 2099.54
66.6431 1.19226 1885.32
60.5123 -946.436 2651.29
-189.484 179.592 1801.55
37.8349 -292.586 2169.2
90.0428 -703.075 2309.02
100.28 154.384 2079.9
-58.8502 -68.4444 2139.9
FRAME: 228
-59.8327 370.721 2011.26
-341.006 -35.3815 2078.84
-80.4828 -994.685 2055.18
-301.816 43.2783 1838.54
-154.501 -291.627 2194.01
-112.436 -664.007 1951.19
-228.481 153.922 2108.85
-63.4441 151.453 2090.74
55.054 -1.27821 1876.52
71.7564 -944.829 2669.09
-193.64 159.747 1792.74
36.1459 -294.656 2173.08
93.9152 -695.943 2329.61
101.593 148.985 2072.62
-61.3108 -70.8442 2137.14
FRAME: 229
-60.8326 370.432 2003.43
-342.164 -11.6538 2033.43
-97.2825 -1034.48 2046.2
-271.841 23.9917 1849.68
-155.802 -280.316 2192
-123.37 -668 2009.29
-245.242 158.197 2093.56
-79.7538 161.506 2075.61
45.9857 -5.20483 1874.68
52.8704 -964.063 2619.07
-207.112 140.138 1780.15
37.539 -275.629 2170.68
89.8774 -685.968 2312.2
85.7347 164.815 2057.66
-69.4426 -58.2336 2128.47
FRAME: 230
-60.669 370.709 2001.38
-341.737 -30.3631 2049.09
-88.8287 -1021.68 2047.16
-319.082 28.3604 1801.33
-155.726 -279.975 2192.15
-124.066 -663.355 2012.97
-243.879 157.454 2097.55
-79.1699 160.073 2078.9
40.5515 -19.5197 1882.69
41.4825 -961.887 2616.35
-225.578 77.6862 1775.03
33.092 -277.09 2170
90.8691 -675.482 2332.44
85.5389 162.692 2060.25
-70.2434 -59.2296 2129.98
FRAME: 231
-59.3399 372.148 2004.76
-320.271 -44.1404 2069.34
-89.2028 -1015.55 2048.03
-287.941 -36.0997 1794.87
-149.844 -274.076 2199.02
-116.663 -661.484 1981.65
-232.006 158.271 2106.32
-71.3783 157.771 2086.94
63.5587 -50.9113 1914.68
36.9999 -938.128 2643.44
-201.367 11.5108 1802.45
33.9981 -275.056 2176.08
83.7077 -671.513 2335.7
89.2491 157.271 2067.56
-64.6508 -58.3974 2137.25
FRAME: 232
-56.6557 378.176 2012.14
-307.432 -64.608 2086.69
-87.9146 -1014.17 2051.6
-195.235 -94.9633 1824.94
-149.654 -273.016 2202.33
-118.436 -661.996 1999.38
-227.624 160.653 2109.98
-65.7968 160.413 2095.75
88.9977 -63.7954 1953.66
41.5047 -952.901 2640.85
-172.438 -25.9125 1826.32
38.1227 -273.393 2185.6
86.2076 -679.641 2338.65
96.0309 160.172 2081.53
-60.7812 -56.3962 2144.86
FRAME: 233
-54.203 385.868 2022.76
-304.814 -71.4136 2107.59
-86.0818 -1021.11 2022.21
-186.657 -118.036 1848.82
-151.787 -270.833 2220.47
-119.565 -663.183 2012.05
-227.842 162.846 2118.01
-60.0702 162.366 2108.51
91.3264 -73.643 1976.65
36.1293 -977.209 2631.21
-155.231 -72.2901 1858.29
43.8506 -271.6 2209.33
82.3527 -681.722 2345.46
107.701 161.886 2099.01
-57.0191 -54.4251 2161.71
FRAME: 234
-49.7223 400.261 2034.84
-292.793 -99.1406 2139.08
-104.27 -1046.1 2093.4
-177.81 -163.692 1874.72
-147.977 -264.625 2221.54
-123.038 -670.762 2047.83
-223.298 168.215 2120.42
-56.8835 169.056 2116.36
116.513 -81.7846 2046.19
30.7045 -943.496 2630.85
-123.177 -117.992 1905.62
46.2638 -263.7 2216.96
83.9738 -683.31 2340.35
109.531 169.897 2112.29
-53.87 -47.5535 2167.8
FRAME: 235
-45.5777 409.308 2053.73
-285.749 -89.7904 2166.07
-99.2448 -1035.39 2073.47
-174.722 -186.784 1910.87
-152.696 -259.673 2238.79
-121.236 -659.754 2051.39
-223.698 175.767 2136.18
-52.7955 174.752 2134.67
119.615 -87.1792 2071.93
44.7682 -960.795 2619.53
-125.179 -141.664 1930.33
45.9297 -261.042 2236.95
80.6995 -679.651 2355.34
118.107 173.736 2133.16
-53.0892 -42.8029 2186.27
FRAME: 236
-39.7753 423.458 2074.49
-262.733 -78.3545 2199.2
-87.7715 -1016.52 2143.4
-161.038 -216.753 1954.14
-147.156 -249.75 2248.99
-109.21 -646.391 2066.39
-218.244 185.429 2152.4
-45.6059 184.625 2156.86
141.62 -84.2193 2128.06
37.3499 -939.392 2643.65
-100.589 -182.722 1989.41
50.0008 -250.929 2253.63
94.8884 -657.513 2397.71
127.032 183.82 2161.33
-47.0918 -32.8577 2204.09
FRAME: 237
-23.6417 447.425 2118.61
-246.264 -79.9027 2229.82
-78.0141 -1001.7 2190.98
-193.137 -300.633 2056.18
-135.534 -235.239 2274.93
-106.298 -636.085 2087.97
-208.398 204.136 2187.45
-35.6272 204.595 2197.93
148.934 -80.4274 2193.49
32.5612 -888.381 2728.85
-26.0405 -180.998 2075.6
58.4496 -235.174 2286.79
96.3609 -629.92 2456.5
137.144 205.054 2208.41
-37.0846 -15.3056 2239.39
FRAME: 238
-10.826 466.362 2153.82
-231.812 -62.5624 2259.68
-64.2085 -975.484 2251.23
-176.937 -316.242 2116.07
-126.005 -226.975 2291.19
-102.375 -638.182 2109.48
-197.323 218.879 2210.57
-26.1369 220.565 2230.4
153.974 -59.6993 2253.78
24.7034 -893.844 2710.04
-22.8145 -200.195 2106.41
68.9176 -225.415 2313.53
102.751 -624.252 2482.65
145.049 222.252 2250.23
-27.3402 -2.81495 2266.38
FRAME: 239
-2.27914 478.123 2186.54
-228.114 -46.0455 2286.71
-54.0774 -974.639 2265.97
-174.844 -310.004 2140.7
-122.715 -212.775 2331.65
-91.0838 -619.876 2137.77
-191.167 234.708 2239.9
-19.7179 237.016 2262.9
167.057 -33.6038 2290.85
42.2719 -909.507 2734.58
7.63652 -191.052 2130.75
75.4782 -210.587 2358.34
103.447 -619.975 2506.12
151.731 239.324 2285.91
-21.6681 12.6676 2303.95
FRAME: 240
7.21605 490.107 2220.01
-216.985 -34.0991 2325.51
-58.1225 -968.907 2302.98
-171.729 -298.677 2203.5
-118.9 -201.084 2362.68
-83.3304 -610.798 2178.7
-182.447 246.223 2273.59
-12.054 248.58 2301.09
180.622 -20.1992 2341.63
29.8548 -858.015 2815.7
41.7761 -194.225 2173.5
83.2737 -198.489 2395.53
108.892 -607.726 2549.5
158.339 250.936 2328.6
-14.9336 24.3967 2340.1
FRAME: 241
19.7485 504.754 2256.74
-206.685 -21.6315 2363.45
-59.4037 -963.562 2335.31
-168.484 -296.398 2276.67
-110.96 -190.988 2389.9
-86.9837 -609.182 2211.3
-172.495 256.198 2310.39
-1.84667 258.249 2336.7
191.284 -18.0145 2390.04
36.4854 -877.611 2830
47.3985 -211.02 2185.46
95.6024 -188.614 2422.09
117.507 -603.817 2561.75
168.802 260.3 2363.01
-4.76283 34.2239 2371.35
FRAME: 242
28.9694 515.13 2293.21
-202.492 -5.36444 2388.04
-68.5987 -964.865 2351.7
-161.718 -281.349 2292.62
-111.654 -179.515 2425.01
-89.9602 -603.641 2249.69
-162.416 274.253 2340.14
7.95913 273.615 2371.81
195.993 -6.46798 2433.94
40.0233 -857.65 2894.59
40.8749 -219.401 2243.44
95.7196 -180.269 2463.77
126.74 -601.533 2603.4
178.334 272.976 2403.48
-0.00404225 46.8615 2408.1
FRAME: 243
48.7289 536.125 2349.38
-189.071 15.5405 2441.97
-85.1776 -978.596 2385.72
-158.963 -269.099 2312.88
-100.146 -157.181 2481.93
-84.4401 -593.767 2355.08
-149.721 299.189 2392.44
21.0091 297.386 2430.77
200.693 -8.09995 2472.34
50.1608 -853.311 2910.97
74.4 -210.216 2297.37
98.2279 -159.326 2526.82
147.171 -591.503 2642.19
191.739 295.583 2469.1
10.025 69.5663 2467.57
FRAME: 244
62.0357 554.159 2387.56
-172.093 32.1415 2490.01
-96.182 -996.751 2386.89
-134.339 -252.739 2377.71
-83.9221 -141.515 2527.02
-84.3053 -582.223 2391.86
-133.595 314.54 2437.06
36.9595 311.92 2473.1
222.769 17.731 2515.74
54.9692 -848.591 2930.05
92.5084 -178.688 2341.81
109.642 -144.446 2568.48
163.466 -578.421 2656.93
207.514 309.3 2509.14
24.9097 84.4695 2510.43
FRAME: 245
74.4936 569.525 2427.95
-164.634 41.5399 2518.35
-98.1701 -998.462 2393.1
-90.7906 -245.009 2414.74
-67.7705 -132.519 2554.7
-84.8748 -575.931 2421.03
-124.996 323.533 2466.08
44.799 322.877 2501.83
243.652 28.6934 2560.95
48.3864 -865.94 2945.69
72.5727 -137.23 2356.63
120.132 -133.612 2595.02
161.85 -575.886 2680.24
214.594 322.221 2537.58
35.4899 94.9057 2538.35
FRAME: 246
81.9506 578.21 2452.38
-151.135 53.3505 2543.38
-108.083 -987.071 2415.81
-89.4794 -243.903 2436.47
-61.8454 -117.25 2583.7
-85.6393 -562.474 2452.37
-118.643 338.143 2491.51
51.0833 336.637 2527.02
246.775 47.4613 2579.14
45.7566 -875.678 2946.17
79.0676 -123.882 2370.53
122.276 -119.452 2622.91
163.768 -572.789 2699.82
220.809 335.131 2562.53
40.6495 109.143 2565.16
FRAME: 247
86.2025 592.68 2484.84
-150.033 66.5608 2567.63
-103.791 -981.165 2448.68
-69.3501 -159.213 2439.03
-63.7597 -110.662 2611.36
-81.1658 -556.144 2479.8
-111.833 352.255 2523.31
57.2442 348.512 2555.77
253.326 45.8222 2605.52
53.9773 -873.029 2953.32
67.5128 -80.3014 2411.73
126.067 -115.138 2648.52
166.533 -573.107 2717.68
226.321 344.77 2588.23
44.199 117.806 2592.86
FRAME: 248
90.5695 608.754 2510.13
-140.143 82.5755 2590.62
-100.304 -987.072 2469.46
-37.1544 -117.573 2434.78
-58.2984 -99.574 2625.96
-78.7912 -554.671 2502.97
-106.445 369.463 2547.21
62.6622 365.917 2580.63
259.371 59.6265 2624.65
46.0275 -885.779 2959.59
87.5115 -70.4764 2440.13
135.25 -103.829 2664.77
162.889 -573.194 2736.58
231.77 362.371 2614.04
50.5689 132.108 2613
FRAME: 249
94.0136 618.44 2527.96
-165.432 96.1642 2601.37
-107.141 -985.023 2505.9
-151.617 -76.8626 2363.23
-62.4788 -88.2788 2639.53
-76.0818 -552.156 2534.75
-106.334 381.911 2565.31
63.9899 376.994 2599.77
264.818 75.0196 2651.8
51.2584 -893.114 2973.39
67.0832 -50.651 2436.66
134.444 -94.0683 2679.96
159.045 -568.611 2748.11
234.314 372.078 2634.22
49.9864 142.91 2629.76
FRAME: 250
98.4331 639.7 2561.93
-189.112 124.011 2633.5
-104.686 -989.358 2559.32
-151.593 -61.4656 2384.57
-60.3056 -74.8136 2662.45
-68.5015 -547.86 2568.14
-105.72 402.146 2596.47
66.6884 396.525 2625.65
264.833 93.7051 2673.95
43.3349 -902.531 2995.99
47.2408 -0.475168 2464.3
139.33 -81.358 2696.8
150.319 -564.107 2755.96
239.097 390.904 2654.83
53.1003 159.22 2652.64
FRAME: 251
102.799 654.114 2581.92
-197.104 133.334 2634.48
-100.749 -976.227 2608.34
-183.623 4.29188 2376.57
-63.8638 -53.5578 2685.47
-64.2701 -522.485 2586.19
-103.882 421.847 2616.1
68.8244 414.84 2644.78
261.35 107.247 2677.48
43.4137 -901.782 2989.73
70.5133 5.07358 2492.67
139.221 -61.8466 2719.72
144.024 -543.118 2763.89
241.531 407.833 2673.46
53.2516 178.569 2673.69
FRAME: 252
107.931 665.63 2596.74
-212.977 131.009 2649.86
-109.741 -982.46 2651.2
-228.513 50.9396 2349.26
-60.536 -50.7257 2694.77
-62.7513 -528.278 2609.71
-103.293 431.322 2632.65
69.1875 424.274 2656.27
268.838 113.549 2698.24
50.5364 -911.592 2976.98
67.2765 19.4524 2510.05
139.913 -58.9865 2722.82
133.105 -541.856 2776.1
241.668 417.225 2679.9
54.4379 184.709 2682.53
FRAME: 253
106.465 674.138 2606.52
-223.362 157.781 2659.02
-114.201 -970.511 2688.7
-199.363 74.4452 2366.56
-64.1985 -31.7844 2714.15
-65.1634 -508.217 2636.51
-101.401 442.659 2640.01
70.6696 436.345 2669.76
264.605 131.882 2705.75
53.508 -897.09 3002.64
51.8697 15.893 2529.69
142.422 -39.3671 2750.1
130.203 -517.519 2793.73
242.741 430.031 2699.52
54.8906 200.385 2700.95
FRAME: 254
106.26 681.878 2614.88
-208.656 180.881 2671.49
-118.824 -955.661 2751.32
-148.193 112.827 2455.96
-60.9673 -34.3067 2717.95
-61.9788 -520.017 2655.5
-98.0337 444.428 2650.11
71.7388 437.721 2677.47
266.347 132.002 2718.61
69.3086 -905.444 3008.12
36.2946 69.9002 2532.4
140.726 -42.1627 2750.75
128.476 -523.718 2792.21
241.511 431.013 2704.83
55.8091 199.743 2705.91
FRAME: 255
105.485 688.084 2624.8
-225.941 196.424 2671.36
-121.264 -938.161 2815.1
-196.127 183.777 2411.61
-61.0566 -22.763 2733.43
-57.6733 -505.715 2681.32
-96.6908 452.224 2660.33
73.6395 445.805 2690.06
263.552 142.779 2728.84
61.672 -891.943 3007.18
46.6027 45.445 2555.28
142.124 -30.3514 2769.09
123.853 -508.667 2804
243.97 439.386 2719.79
57.0865 209.624 2720.66
FRAME: 256
100.726 695.636 2637.77
-248.452 224.574 2676.58
-124.687 -936.955 2880.44
-222.944 237.431 2410.69
-63.0665 -16.0899 2748.2
-67.6557 -500.932 2721.23
-102.085 458.183 2673.45
70.1829 452.673 2700.68
261.292 152.965 2739.84
63.9161 -886.336 2988.05
38.0352 40.307 2573.69
141.468 -22.5662 2780.86
119.473 -498.077 2810.54
242.451 447.163 2727.91
54.6919 216.672 2732.61
FRAME: 257
96.4876 702.353 2650.82
-253.299 256.654 2671.41
-122.535 -926.936 2920.78
-194.136 300.035 2401.14
-66.213 -15.3015 2760.34
-70.034 -498.88 2758.53
-105.291 461.82 2685.12
67.0924 456.858 2711.17
261.922 161.579 2754.83
63.844 -886.959 2986.87
24.8264 39.2266 2590.25
140.298 -21.2009 2791.7
114.442 -496.02 2817.46
239.476 451.896 2737.22
52.0675 219.303 2743.6
FRAME: 258
89.8162 701.896 2664.68
-244.895 228.823 2684.96
-123.6 -911.003 2951.44
-181.745 100.819 2526.82
-68.0449 -8.54542 2769.69
-72.7463 -482.439 2778.66
-108.882 463.394 2692.56
63.6998 459.1 2719.49
257.418 166.231 2759.05
64.9357 -881.161 2984.79
52.9481 19.2921 2600.61
140.485 -13.7416 2802.16
112.545 -480.016 2819.54
236.282 454.806 2746.42
49.96 223.978 2752.71
FRAME: 259
85.333 697.625 2682.58
-221.138 205.878 2717.59
-116.283 -913.107 2963
-141.61 43.1655 2539.31
-70.3655 -17.6639 2763.9
-87.2729 -490.812 2802.3
-110.297 458.047 2705.57
60.3472 450.836 2727.19
257.874 164.538 2766.91
64.3519 -887.462 2978.2
51.5869 9.99045 2609.22
134.048 -26.2477 2789.97
108.636 -490.796 2824.14
230.992 443.625 2748.81
46.0941 214.44 2752.06
FRAME: 260
79.3514 694.996 2695.19
-202.646 196.286 2737.8
-114.868 -902.506 2975.52
-153.642 14.9029 2561.9
-74.7368 -17.7641 2763
-98.4959 -487.356 2825.67
-112.077 457.144 2710.37
57.1256 449.524 2733.73
249.047 160.651 2770.74
60.226 -889.387 2982.55
65.206 0.170007 2619.91
132.073 -27.1356 2791.25
101.789 -493.539 2836.78
226.329 441.904 2757.09
42.897 213.537 2755.43
FRAME: 261
73.7463 696.729 2700.23
-194.56 200.081 2746.48
-117.543 -890.658 2993.39
-145.276 12.3253 2567.21
-87.5855 -16.327 2769.59
-117.225 -483.383 2851.52
-119.317 462.467 2718
49.1514 452.98 2740.03
236.252 163.024 2772.11
53.2512 -884.578 2992.23
44.2341 14.6415 2613.08
121.43 -28.2058 2796.17
92.2334 -495.545 2853.07
217.62 443.493 2762.07
33.0367 215.357 2761.46
FRAME: 262
62.9686 695.997 2705.12
-179.265 219.079 2779.69
-118.599 -900.46 3001.44
-140.132 3.44878 2591.23
-102.475 -16.1207 2776.25
-126.181 -486.122 2862.37
-131.114 466.243 2724.45
36.8086 455.58 2745.97
219.373 161.987 2774.58
48.5922 -886.782 2996.05
30.7609 14.5454 2625.19
106.841 -29.4719 2802.28
82.1711 -498.226 2858.29
204.731 444.917 2767.49
19.496 216.392 2767.62
FRAME: 263
52.3499 694.004 2706.82
-173.268 213.856 2786.54
-117.566 -900.278 3009.23
-151.062 14.8091 2604.74
-115.482 -12.7597 2784.93
-132.586 -484.022 2872.52
-138.163 469.124 2727.77
28.3311 456.764 2748.83
208.75 157.755 2769.65
46.7511 -886.401 3002.8
12.1212 35.5808 2623.74
95.5111 -28.4518 2810.34
74.9057 -499.053 2863.1
194.826 444.404 2769.88
9.17289 218.079 2773.23
FRAME: 264
43.7891 693.701 2708.59
-157.429 227.002 2814.37
-114.464 -906.141 3008.45
-150.933 5.21792 2616.43
-123.626 -11.9756 2791.97
-138.152 -486.901 2875.3
-142.012 471.567 2734.69
20.6571 458.075 2751.09
179.668 150.526 2760.08
49.6043 -891.218 2998.96
-17.8319 48.6731 2630.62
85.3185 -29.2414 2811.69
70.5437 -501.239 2858.87
183.326 444.584 2767.49
0.751747 218.733 2776.46
FRAME: 265
33.5153 694.654 2710.5
-213.915 231.371 2790.34
-119.8 -902.491 3011.02
-175.373 8.2788 2618.74
-133.652 -8.43704 2792.92
-145.658 -483.422 2872.54
-149.586 476.351 2735.03
10.3958 462.982 2751.04
173.588 153.88 2758.63
44.147 -889.918 3001.71
-24.4441 57.968 2613.16
76.412 -25.9023 2811.89
61.6343 -498.044 2856.98
170.377 449.613 2767.06
-9.11206 222.906 2776.72
FRAME: 266
21.5782 699.54 2701.66
-222.02 233.846 2793.37
-119.277 -897.031 3014.67
-176.005 52.8006 2620.49
-142.174 -7.72608 2794.11
-151.193 -488.437 2873.2
-153.582 479.086 2732.8
4.36871 465.454 2747.56
168.917 158.651 2758.82
48.9324 -895.961 3000.34
-31.4818 66.6416 2611.26
66.8398 -25.6435 2811.98
54.9159 -499.753 2855.92
162.32 451.822 2762.31
-16.6492 224.385 2775.3
FRAME: 267
13.3675 699.159 2706.59
-229.616 235.581 2783.19
-119.102 -889.115 3010.9
-180.465 38.6674 2637.88
-146.891 -7.13084 2787.17
-151.332 -481.601 2875.28
-153.908 478.773 2729.79
0.682211 465.107 2748.66
145.958 157.183 2755.98
48.0729 -893.509 3006.81
-42.0318 78.0881 2624.44
60.2275 -25.4985 2810.02
53.3034 -498.168 2864.64
155.273 451.441 2767.53
-21.3249 224.396 2773.63
FRAME: 268
6.96299 696.746 2707.77
-242.246 217.07 2766.34
-118.793 -886.344 3012.63
-191.713 14.1306 2633.58
-150.008 -9.63878 2786.11
-149.653 -481.206 2875.36
-156.804 469.958 2727.58
-3.15792 456.911 2748.09
128.723 163.393 2750.94
50.0387 -889.22 3003.4
-51.7136 79.286 2645.34
57.5312 -27.4167 2810.69
51.7278 -497.894 2871.19
150.488 443.863 2768.6
-24.6983 219.191 2773.25
FRAME: 269
-2.15682 694.977 2707.77
-253.446 222.255 2762.84
-118.033 -894.261 3013.37
-195.259 47.5323 2635.44
-152.155 -10.0046 2784.49
-155.331 -484.732 2876.37
-159.285 463.779 2723.22
-11.2983 453.208 2745.45
115.162 159.306 2742.51
51.9007 -885.111 2993.3
-71.2143 86.5943 2653.72
54.3053 -25.0207 2810.01
49.7688 -495.167 2865.45
136.688 442.637 2767.68
-30.1116 217.848 2771.35
FRAME: 270
-8.91958 693.518 2705.17
-248.695 219.646 2750.33
-114.907 -894.544 3026.57
-192.526 56.0389 2630.27
-152.309 -13.9888 2785.74
-157.241 -488.747 2882.78
-165.644 456.742 2725.19
-18.9658 448.553 2747.88
98.963 161.623 2749.03
58.299 -882.466 2989.01
-94.0699 83.5959 2675.6
51.8572 -25.9177 2810.74
51.1041 -494.056 2860.41
127.712 440.365 2770.57
-34.596 214.3 2773.06
FRAME: 271
-17.5057 691.716 2702.94
-240.512 205.454 2738.59
-117.94 -895.768 3022.21
-203.365 33.2952 2640.14
-156.035 -15.702 2784.23
-162.017 -490.059 2881.96
-176.764 454.184 2722.61
-27.6555 447.484 2746.15
65.8643 156.112 2743.2
56.1474 -880.46 2980.36
-120.386 124.013 2686.09
47.5697 -25.1931 2810.79
51.7811 -491.047 2850.32
121.453 440.784 2769.69
-40.9441 213.518 2771.83
FRAME: 272
-23.979 704.226 2671.11
-239.074 185.356 2737.79
-118.031 -899.12 3021.76
-201.072 28.4078 2629.2
-159.969 -16.2853 2788.77
-165.178 -490.664 2885.63
-190.999 455.929 2716.38
-38.8803 452.154 2738.56
72.5728 159.659 2747.93
57.967 -874.433 2974.07
-96.9294 64.2815 2685.29
43.9466 -21.5409 2814.31
54.1026 -487.764 2850.8
113.238 448.379 2760.74
-48.4458 216.62 2770.05
FRAME: 273
-26.2446 705.442 2666.5
-256.699 184.496 2730.3
-119.753 -890.433 3026.43
-195.636 -5.37384 2621.02
-169.86 -4.22143 2798.01
-167.001 -483.035 2889.66
-211.418 464.943 2706.09
-50.8871 463.744 2732.78
78.0626 162.704 2743.71
63.7788 -869.062 2969.94
-94.0393 46.6176 2676.37
35.5333 -5.62073 2829.61
57.4805 -479.521 2850.54
109.644 462.546 2759.48
-59.0253 229.412 2773.3
FRAME: 274
-26.37 711.418 2652.87
-269.56 187.083 2739.54
-118.835 -896.737 3020.63
-191.751 -41.3792 2627.04
-172.244 1.10368 2801.82
-162.756 -477.236 2879.29
-220.512 468.263 2696.79
-57.7368 469.545 2722.96
109.962 173.176 2768.3
73.8862 -871.89 2961.28
-42.3476 17.2471 2662.78
33.2284 2.9481 2833.32
63.068 -466.967 2839.49
105.038 470.827 2749.13
-63.6223 235.785 2770.27
FRAME: 275
-26.2557 710.874 2643.8
-269.68 189.094 2732.39
-116.908 -904.719 3018.49
-231.857 -75.6637 2603.71
-174.01 1.12042 2800.42
-158.386 -477.391 2869.07
-226.642 466.984 2686.45
-61.2761 469.791 2714.3
120.669 179.301 2783.69
115.059 -888.95 2947.01
53.4256 -42.9892 2696.83
31.4522 4.79927 2834.06
70.209 -466.451 2839.79
104.09 472.597 2742.15
-66.2775 236.375 2765.77
FRAME: 276
-24.1095 710.555 2639.1
-264.746 183.797 2726.95
-118.365 -910.929 3018.28
-219.803 -99.2187 2621.47
-170.785 -4.81078 2795.39
-152.749 -482.221 2863.99
-226.15 462.658 2678.03
-60.46 467.206 2708.67
125.664 183.965 2791.74
159.773 -910.943 2941.84
87.0914 -75.4629 2708.31
34.853 1.01406 2832.52
86.1049 -475.164 2846.33
105.23 471.754 2739.3
-64.2129 232.654 2761.31
FRAME: 277
-20.0916 706.889 2638.4
-257.189 178.838 2714.94
-116.817 -908.61 3018.88
-227.637 -107.497 2624.65
-173.085 -5.49862 2790.58
-151.678 -482.64 2862
-225.422 460.176 2668.77
-59.1953 464.861 2703.76
130.155 181.714 2792.8
174.743 -912.85 2927.48
96.0463 -76.4203 2728.79
34.8282 0.636779 2833.35
93.9793 -479.765 2855.49
107.032 469.546 2738.74
-64.1618 231.215 2757.86

