FRAME: 0
0 0 0
0 0 0
0 0 0
0 0 0
0 0 0
0 0 0
0 0 0
0 0 0
0 0 0
0 0 0
0 0 0
0 0 0
0 0 0
0 0 0
0 0 0
FRAME: 1
0 0 0
0 0 0
0 0 0
0 0 0
0 0 0
0 0 0
0 0 0
0 0 0
0 0 0
0 0 0
0 0 0
0 0 0
0 0 0
0 0 0
0 0 0
FRAME: 2
0 0 0
0 0 0
0 0 0
0 0 0
0 0 0
0 0 0
0 0 0
0 0 0
0 0 0
0 0 0
0 0 0
0 0 0
0 0 0
0 0 0
0 0 0
FRAME: 3
0 0 0
0 0 0
0 0 0
0 0 0
0 0 0
0 0 0
0 0 0
0 0 0
0 0 0
0 0 0
0 0 0
0 0 0
0 0 0
0 0 0
0 0 0
FRAME: 4
0 0 0
0 0 0
0 0 0
0 0 0
0 0 0
0 0 0
0 0 0
0 0 0
0 0 0
0 0 0
0 0 0
0 0 0
0 0 0
0 0 0
0 0 0
FRAME: 5
0 0 0
0 0 0
0 0 0
0 0 0
0 0 0
0 0 0
0 0 0
0 0 0
0 0 0
0 0 0
0 0 0
0 0 0
0 0 0
0 0 0
0 0 0
FRAME: 6
0 0 0
0 0 0
0 0 0
0 0 0
0 0 0
0 0 0
0 0 0
0 0 0
0 0 0
0 0 0
0 0 0
0 0 0
0 0 0
0 0 0
0 0 0
FRAME: 7
0 0 0
0 0 0
0 0 0
0 0 0
0 0 0
0 0 0
0 0 0
0 0 0
0 0 0
0 0 0
0 0 0
0 0 0
0 0 0
0 0 0
0 0 0
FRAME: 8
0 0 0
0 0 0
0 0 0
0 0 0
0 0 0
0 0 0
0 0 0
0 0 0
0 0 0
0 0 0
0 0 0
0 0 0
0 0 0
0 0 0
0 0 0
FRAME: 9
0 0 0
0 0 0
0 0 0
0 0 0
0 0 0
0 0 0
0 0 0
0 0 0
0 0 0
0 0 0
0 0 0
0 0 0
0 0 0
0 0 0
0 0 0
FRAME: 10
0 0 0
0 0 0
0 0 0
0 0 0
0 0 0
0 0 0
0 0 0
0 0 0
0 0 0
0 0 0
0 0 0
0 0 0
0 0 0
0 0 0
0 0 0
FRAME: 11
0 0 0
0 0 0
0 0 0
0 0 0
0 0 0
0 0 0
0 0 0
0 0 0
0 0 0
0 0 0
0 0 0
0 0 0
0 0 0
0 0 0
0 0 0
FRAME: 12
0 0 0
0 0 0
0 0 0
0 0 0
0 0 0
0 0 0
0 0 0
0 0 0
0 0 0
0 0 0
0 0 0
0 0 0
0 0 0
0 0 0
0 0 0
FRAME: 13
0 0 0
0 0 0
0 0 0
0 0 0
0 0 0
0 0 0
0 0 0
0 0 0
0 0 0
0 0 0
0 0 0
0 0 0
0 0 0
0 0 0
0 0 0
FRAME: 14
0 0 0
0 0 0
0 0 0
0 0 0
0 0 0
0 0 0
0 0 0
0 0 0
0 0 0
0 0 0
0 0 0
0 0 0
0 0 0
0 0 0
0 0 0
FRAME: 15
0 0 0
0 0 0
0 0 0
0 0 0
0 0 0
0 0 0
0 0 0
0 0 0
0 0 0
0 0 0
0 0 0
0 0 0
0 0 0
0 0 0
0 0 0
FRAME: 16
0 0 0
0 0 0
0 0 0
0 0 0
0 0 0
0 0 0
0 0 0
0 0 0
0 0 0
0 0 0
0 0 0
0 0 0
0 0 0
0 0 0
0 0 0
FRAME: 17
0 0 0
0 0 0
0 0 0
0 0 0
0 0 0
0 0 0
0 0 0
0 0 0
0 0 0
0 0 0
0 0 0
0 0 0
0 0 0
0 0 0
0 0 0
FRAME: 18
0 0 0
0 0 0
0 0 0
0 0 0
0 0 0
0 0 0
0 0 0
0 0 0
0 0 0
0 0 0
0 0 0
0 0 0
0 0 0
0 0 0
0 0 0
FRAME: 19
0 0 0
0 0 0
0 0 0
0 0 0
0 0 0
0 0 0
0 0 0
0 0 0
0 0 0
0 0 0
0 0 0
0 0 0
0 0 0
0 0 0
0 0 0
FRAME: 20
0 0 0
0 0 0
0 0 0
0 0 0
0 0 0
0 0 0
0 0 0
0 0 0
0 0 0
0 0 0
0 0 0
0 0 0
0 0 0
0 0 0
0 0 0
FRAME: 21
0 0 0
0 0 0
0 0 0
0 0 0
0 0 0
0 0 0
0 0 0
0 0 0
0 0 0
0 0 0
0 0 0
0 0 0
0 0 0
0 0 0
0 0 0
FRAME: 22
0 0 0
0 0 0
0 0 0
0 0 0
0 0 0
0 0 0
0 0 0
0 0 0
0 0 0
0 0 0
0 0 0
0 0 0
0 0 0
0 0 0
0 0 0
FRAME: 23
0 0 0
0 0 0
0 0 0
0 0 0
0 0 0
0 0 0
0 0 0
0 0 0
0 0 0
0 0 0
0 0 0
0 0 0
0 0 0
0 0 0
0 0 0
FRAME: 24
0 0 0
0 0 0
0 0 0
0 0 0
0 0 0
0 0 0
0 0 0
0 0 0
0 0 0
0 0 0
0 0 0
0 0 0
0 0 0
0 0 0
0 0 0
FRAME: 25
0 0 0
0 0 0
0 0 0
0 0 0
0 0 0
0 0 0
0 0 0
0 0 0
0 0 0
0 0 0
0 0 0
0 0 0
0 0 0
0 0 0
0 0 0
FRAME: 26
0 0 0
0 0 0
0 0 0
0 0 0
0 0 0
0 0 0
0 0 0
0 0 0
0 0 0
0 0 0
0 0 0
0 0 0
0 0 0
0 0 0
0 0 0
FRAME: 27
0 0 0
0 0 0
0 0 0
0 0 0
0 0 0
0 0 0
0 0 0
0 0 0
0 0 0
0 0 0
0 0 0
0 0 0
0 0 0
0 0 0
0 0 0
FRAME: 28
0 0 0
0 0 0
0 0 0
0 0 0
0 0 0
0 0 0
0 0 0
0 0 0
0 0 0
0 0 0
0 0 0
0 0 0
0 0 0
0 0 0
0 0 0
FRAME: 29
0 0 0
0 0 0
0 0 0
0 0 0
0 0 0
0 0 0
0 0 0
0 0 0
0 0 0
0 0 0
0 0 0
0 0 0
0 0 0
0 0 0
0 0 0
FRAME: 30
0 0 0
0 0 0
0 0 0
0 0 0
0 0 0
0 0 0
0 0 0
0 0 0
0 0 0
0 0 0
0 0 0
0 0 0
0 0 0
0 0 0
0 0 0
FRAME: 31
0 0 0
0 0 0
0 0 0
0 0 0
0 0 0
0 0 0
0 0 0
0 0 0
0 0 0
0 0 0
0 0 0
0 0 0
0 0 0
0 0 0
0 0 0
FRAME: 32
0 0 0
0 0 0
0 0 0
0 0 0
0 0 0
0 0 0
0 0 0
0 0 0
0 0 0
0 0 0
0 0 0
0 0 0
0 0 0
0 0 0
0 0 0
FRAME: 33
0 0 0
0 0 0
0 0 0
0 0 0
0 0 0
0 0 0
0 0 0
0 0 0
0 0 0
0 0 0
0 0 0
0 0 0
0 0 0
0 0 0
0 0 0
FRAME: 34
0 0 0
0 0 0
0 0 0
0 0 0
0 0 0
0 0 0
0 0 0
0 0 0
0 0 0
0 0 0
0 0 0
0 0 0
0 0 0
0 0 0
0 0 0
FRAME: 35
0 0 0
0 0 0
0 0 0
0 0 0
0 0 0
0 0 0
0 0 0
0 0 0
0 0 0
0 0 0
0 0 0
0 0 0
0 0 0
0 0 0
0 0 0
FRAME: 36
0 0 0
0 0 0
0 0 0
0 0 0
0 0 0
0 0 0
0 0 0
0 0 0
0 0 0
0 0 0
0 0 0
0 0 0
0 0 0
0 0 0
0 0 0
FRAME: 37
0 0 0
0 0 0
0 0 0
0 0 0
0 0 0
0 0 0
0 0 0
0 0 0
0 0 0
0 0 0
0 0 0
0 0 0
0 0 0
0 0 0
0 0 0
FRAME: 38
0 0 0
0 0 0
0 0 0
0 0 0
0 0 0
0 0 0
0 0 0
0 0 0
0 0 0
0 0 0
0 0 0
0 0 0
0 0 0
0 0 0
0 0 0
FRAME: 39
0 0 0
0 0 0
0 0 0
0 0 0
0 0 0
0 0 0
0 0 0
0 0 0
0 0 0
0 0 0
0 0 0
0 0 0
0 0 0
0 0 0
0 0 0
FRAME: 40
0 0 0
0 0 0
0 0 0
0 0 0
0 0 0
0 0 0
0 0 0
0 0 0
0 0 0
0 0 0
0 0 0
0 0 0
0 0 0
0 0 0
0 0 0
FRAME: 41
0 0 0
0 0 0
0 0 0
0 0 0
0 0 0
0 0 0
0 0 0
0 0 0
0 0 0
0 0 0
0 0 0
0 0 0
0 0 0
0 0 0
0 0 0
FRAME: 42
0 0 0
0 0 0
0 0 0
0 0 0
0 0 0
0 0 0
0 0 0
0 0 0
0 0 0
0 0 0
0 0 0
0 0 0
0 0 0
0 0 0
0 0 0
FRAME: 43
0 0 0
0 0 0
0 0 0
0 0 0
0 0 0
0 0 0
0 0 0
0 0 0
0 0 0
0 0 0
0 0 0
0 0 0
0 0 0
0 0 0
0 0 0
FRAME: 44
0 0 0
0 0 0
0 0 0
0 0 0
0 0 0
0 0 0
0 0 0
0 0 0
0 0 0
0 0 0
0 0 0
0 0 0
0 0 0
0 0 0
0 0 0
FRAME: 45
0 0 0
0 0 0
0 0 0
0 0 0
0 0 0
0 0 0
0 0 0
0 0 0
0 0 0
0 0 0
0 0 0
0 0 0
0 0 0
0 0 0
0 0 0
FRAME: 46
0 0 0
0 0 0
0 0 0
0 0 0
0 0 0
0 0 0
0 0 0
0 0 0
0 0 0
0 0 0
0 0 0
0 0 0
0 0 0
0 0 0
0 0 0
FRAME: 47
0 0 0
0 0 0
0 0 0
0 0 0
0 0 0
0 0 0
0 0 0
0 0 0
0 0 0
0 0 0
0 0 0
0 0 0
0 0 0
0 0 0
0 0 0
FRAME: 48
0 0 0
0 0 0
0 0 0
0 0 0
0 0 0
0 0 0
0 0 0
0 0 0
0 0 0
0 0 0
0 0 0
0 0 0
0 0 0
0 0 0
0 0 0
FRAME: 49
0 0 0
0 0 0
0 0 0
0 0 0
0 0 0
0 0 0
0 0 0
0 0 0
0 0 0
0 0 0
0 0 0
0 0 0
0 0 0
0 0 0
0 0 0
FRAME: 50
198.142 267.24 2280.53
-111.296 -204.529 2554.22
-52.9129 -892.308 2543.58
-239.059 -474.543 2546.4
2.36243 -355.061 2501.74
-15.448 -683.097 2459.58
-30.1688 33.0636 2477.37
129.59 24.0901 2482.92
309.112 -232.125 2555.28
158.31 -999.421 2717.28
373.97 -408.17 2300.58
212.535 -366.641 2510.1
227.648 -714.644 2538.25
289.35 15.1166 2488.47
118.52 -168.38 2494.42
FRAME: 51
185.478 243.929 2237.68
-121.645 -216.494 2520.75
-119.439 -822.828 2565.59
-263.691 -496.938 2507
-0.888683 -373.151 2460.01
-2.7647 -720.362 2415.14
-38.4651 3.51449 2419.58
125.57 -10.2086 2400.13
319.678 -238.238 2454.14
137.833 -983.078 2698.11
365.922 -422.921 2246.97
201.504 -389.944 2436.72
215.892 -726.359 2538.74
289.606 -23.9317 2380.68
112.939 -195.878 2424.25
FRAME: 52
175.499 211.564 2187.93
-127.371 -232.945 2468.97
-38.1118 -892.405 2549.14
-272.103 -521.911 2500.44
-4.91345 -402.209 2384.68
-1.4299 -705.714 2398.84
-41.5096 -20.2364 2360.84
118.135 -35.933 2329.46
306.66 -253.474 2285.85
146.767 -967.825 2657.59
339.613 -408.134 2054.93
187.345 -421.185 2346.36
200.448 -742.739 2450.46
277.779 -51.6295 2298.08
104.675 -223.815 2347.49
FRAME: 53
173.08 201.12 2160.48
-128.973 -239.701 2436.63
-61.2695 -902.117 2550.29
-271.785 -533.483 2493.33
-3.94461 -414.686 2345.68
-4.84397 -719.833 2404.83
-38.7222 -28.1878 2323.16
116.455 -41.7118 2298.27
303.536 -268.223 2206.67
154.318 -978.197 2583.82
308.548 -423.182 1887.84
180.763 -430.662 2316.77
189.943 -754.169 2375.97
271.633 -55.2359 2273.39
102.432 -232.193 2314.75
FRAME: 54
172.522 190.505 2132.47
-126.329 -252.119 2412.5
-36.7406 -975.635 2520.24
-261.521 -551.712 2488.63
-10.0424 -419.38 2313.26
-17.9309 -724.786 2394.8
-32.8385 -36.5018 2303.16
115.783 -48.6321 2267.14
285.269 -268.708 2105.88
159.847 -1008.62 2520.66
256.888 -395.816 1809.49
175.505 -431.235 2264.2
191.539 -776.66 2345.74
264.404 -60.7624 2231.12
99.2571 -236.97 2277.93
FRAME: 55
170.126 178.176 2109.7
-125.871 -271.922 2388.51
-46.8562 -964.126 2476.14
-263.138 -568.392 2461.49
-14.3606 -427.681 2288.31
-30.0832 -723.109 2336.05
-32.4902 -47.8387 2281.65
111.994 -58.7745 2239.32
276.604 -271.057 2066.98
146.764 -1038.69 2525.57
229.713 -382.976 1744.59
173.694 -438.495 2227.73
190.019 -790.104 2313.39
256.478 -69.7102 2196.99
95.8303 -245.931 2248.67
FRAME: 56
167.325 165.86 2088.74
-123.793 -286.34 2373.78
-51.825 -979.22 2456.53
-259.998 -582.697 2448.09
-18.4958 -439.889 2264.72
-31.6004 -742.621 2318.99
-31.3949 -58.314 2263.6
109.706 -65.8895 2216.24
259.539 -259.737 2014.91
150.936 -1071.33 2503.39
198.277 -387.496 1690.38
170.897 -439.488 2186.46
185.949 -816.438 2254.03
250.808 -73.465 2168.88
92.9535 -252.789 2220.92
FRAME: 57
165.887 153.883 2068.62
-119.753 -289.774 2359.04
-41.5474 -1014.79 2433.7
-256.544 -598.64 2443.91
-18.4829 -436.996 2247.85
-32.4365 -757.434 2310.89
-30.1848 -59.6965 2250.47
108.869 -72.8636 2194.69
244.474 -254.991 1977.82
149.773 -1076.05 2455.11
185.561 -401.721 1659.36
150.753 -446.412 2167.56
182.826 -808.162 2210.88
247.924 -86.0307 2138.92
87.5023 -257.284 2201.2
FRAME: 58
164.203 142.837 2046.51
-112.571 -305.587 2357.76
-71.722 -1035.55 2437.61
-247.892 -607.015 2439.9
-30.1705 -441.329 2225.22
-39.4746 -772.997 2316.95
-26.492 -72.444 2250.8
107.608 -81.5616 2180.98
227.689 -252.486 1938.92
154.873 -1086.33 2455.16
152.941 -394.282 1614.98
150.647 -439.962 2113.77
191.622 -800.994 2201.82
241.708 -90.679 2111.15
83.9231 -261.103 2175.23
FRAME: 59
163.516 132.106 2035.81
-104.85 -303.559 2348.1
-49.4856 -1043.09 2430.19
-239.879 -611.274 2431.46
-30.3749 -436.021 2223.21
-54.7533 -764.436 2319.77
-19.8337 -80.3504 2235.53
109.095 -94.9756 2156.1
217.87 -260.493 1914.37
158.126 -1080.08 2378.62
152.984 -406.229 1622.23
143.551 -444.042 2100.03
183.139 -805.286 2114.68
238.024 -109.601 2076.67
82.8414 -267.503 2158.86
FRAME: 60
164.815 123.474 2021.26
-92.5836 -304.454 2340.42
-36.0378 -1100.36 2387.4
-229.84 -614.548 2424.14
-34.9318 -442.769 2209.72
-67.9701 -776.279 2287.09
-6.35548 -86.0602 2222.8
113.645 -99.8466 2139.73
213.452 -265.842 1893.73
161.183 -1088.3 2376.38
132.821 -409.49 1586.59
141.196 -445.185 2065.27
180.597 -799.835 2087.62
233.646 -113.633 2056.65
83.3886 -271.912 2138.61
FRAME: 61
163.765 117.04 2009.35
-89.1983 -302.583 2333.07
-51.567 -1082.04 2390.36
-228.229 -609.231 2419.49
-31.884 -438.368 2197.05
-69.2689 -775.918 2279.93
-8.78829 -89.3018 2214.08
108.882 -103.073 2123.47
214.388 -270.292 1882.21
165.068 -1085.02 2335.14
122.76 -412.425 1568.47
139.218 -441.843 2045.57
182.458 -810.977 2068.44
226.552 -116.845 2032.86
81.2745 -271.59 2122.39
FRAME: 62
162.642 106.697 1994.01
-86.9894 -311.088 2325.53
-27.156 -1110.19 2355.89
-236.053 -614.337 2421.9
-33.6183 -442.078 2188.79
-61.7677 -793.949 2222.23
-9.81311 -98.5163 2203.96
107.911 -112.75 2113.05
212.513 -274.779 1868.73
165.37 -1098.79 2314.71
111.126 -428.619 1524.57
140.824 -446.953 2035.23
183.151 -820.047 2062.85
225.635 -126.983 2022.15
80.7569 -278.633 2112.53
FRAME: 63
164.152 92.5662 1980.52
-92.1181 -329.772 2309.93
-32.1707 -1118.71 2324.6
-233.027 -616.129 2412.76
-35.1038 -446.154 2182.51
-64.1702 -782.63 2212.28
-8.23436 -107.292 2191.97
109.132 -123.256 2101.73
207.272 -280.162 1855.38
158.89 -1114.76 2305.2
123.936 -420.01 1563.16
144.325 -455.336 2026
185.861 -827.068 2061.64
226.499 -139.22 2011.49
81.8715 -287.001 2102.99
FRAME: 64
165.882 83.6116 1972.2
-98.3059 -334.927 2299.08
-24.2262 -1151.56 2326.65
-244.747 -618.128 2420.57
-31.2833 -455.237 2181.16
-61.0788 -797.757 2214.66
-13.7382 -112.068 2178.94
107.809 -131.377 2094.71
209.59 -287.904 1849.27
155.582 -1131.64 2287.31
132.099 -431.723 1572.08
143.506 -471.867 2040.07
183.606 -833.142 2057.75
229.356 -150.687 2010.49
81.9603 -297.465 2102.66
FRAME: 65
166.46 77.5664 1967.48
-103.182 -343.544 2296.94
-19.161 -1165.79 2309.11
-255.908 -609.884 2410.62
-29.8038 -463.502 2173.53
-60.7972 -812.053 2213.82
-15.257 -118.986 2176.95
107.612 -137.443 2092.68
212.488 -289.907 1843.48
154.48 -1145.32 2269.67
144.565 -453.366 1527.02
143.81 -479.138 2035.41
179.157 -840.977 2049.11
230.481 -155.9 2008.41
82.3076 -304.381 2098.57
FRAME: 66
167.928 73.4745 1965.16
-107.716 -350.447 2294
-16.8388 -1182.92 2298.76
-273.195 -620.489 2402.21
-28.8356 -472.495 2164.12
-75.7646 -826.432 2230.26
-17.1625 -126.411 2172.49
107.602 -140.595 2092.29
223.672 -301 1848.72
153.216 -1155.73 2259.46
165.474 -453.924 1533.61
150.413 -482.499 2028.39
184.659 -847.274 2049.55
232.366 -154.779 2012.1
84.1952 -309.046 2094.28
FRAME: 67
169.56 75.052 1964.55
-112.765 -349.614 2290.31
-16.335 -1172.99 2292.27
-280.32 -620.876 2385.03
-26.417 -472.494 2159.39
-77.1688 -819.155 2220.46
-18.8398 -127.304 2171.55
108.013 -137.696 2094.5
231.273 -302.34 1858.76
145.931 -1151.2 2243.66
199.351 -470.813 1539.21
159.069 -478.641 2026
173.611 -837.683 2050.08
234.866 -148.088 2017.45
87.1694 -306.632 2093.6
FRAME: 68
171.701 76.7115 1966.74
-119.266 -351.175 2282.55
-3.41286 -1197.31 2281.25
-299.308 -629.342 2357.92
-17.8409 -487.593 2158.19
-65.599 -834.682 2220.2
-21.4016 -130.432 2164.96
111.163 -140.392 2099.38
235.085 -293.588 1863.28
141.303 -1196.38 2244.23
230.284 -479.483 1563.9
166.073 -496.802 2050.54
154.439 -862.56 2084.74
243.728 -150.352 2033.8
92.6397 -316.295 2101.87
FRAME: 69
174.484 83.8831 1974.68
-128.22 -336.55 2269
5.51579 -1196.12 2281.29
-307.235 -614.632 2321.32
-9.42621 -480.283 2163.38
-43.2058 -836.566 2207.33
-26.3944 -119.563 2157.26
112.721 -136.591 2105.69
245.356 -302.889 1879.29
133.788 -1212.9 2225.7
248.908 -503.217 1618.71
160.158 -498.989 2096.35
147.856 -864.81 2106.47
251.837 -153.62 2054.12
94.0436 -313.114 2117.78
FRAME: 70
178.398 102.698 1985.84
-133.844 -327.891 2259.37
-7.29565 -1166.99 2272.2
-317.108 -617.6 2278.57
-6.20674 -480.789 2170.36
-30.209 -840.315 2194.95
-31.5959 -109.505 2153.84
113.213 -126.232 2112.84
260.868 -318.023 1913.25
125.705 -1209.91 2226.69
283.6 -515.106 1666.35
166.092 -499.319 2120.71
135.262 -857.764 2115.53
258.023 -142.958 2071.84
96.5779 -308.143 2129.19
FRAME: 71
182.504 130.783 2007.98
-134.327 -313.394 2253.84
3.23655 -1187.67 2286.75
-308.053 -608.016 2224.37
-3.13516 -470.257 2182.71
-35.8693 -828.89 2217.63
-34.3467 -95.8836 2151.62
115.473 -110.765 2121.44
286.251 -325.742 1971.35
160.504 -1206.28 2165.56
322.693 -536.33 1736.44
176.933 -488.192 2145.82
168.211 -868.287 2151.1
265.292 -125.646 2091.25
101.186 -294.995 2142.85
FRAME: 72
184.354 148.026 2027.59
-133.08 -299.837 2249.86
3.33487 -1173.46 2290.26
-287.12 -597.876 2179.15
1.91326 -457.405 2199.37
-35.0677 -810.723 2232.85
-35.4911 -77.5751 2154.42
117.743 -91.0539 2135.59
306.709 -318.082 2047.64
159.878 -1195.98 2168.68
349.67 -536.41 1821.78
181.219 -473.076 2177.27
176.894 -847.981 2184.9
270.978 -104.533 2116.76
104.655 -278.147 2161.96
FRAME: 73
187.352 183.587 2069.15
-131.361 -275.061 2250.87
4.07224 -1154.92 2294.93
-230.934 -565.43 2094.11
6.12243 -435.76 2224.82
-32.3562 -795.727 2240.61
-28.7142 -47.8941 2181.15
125.979 -58.8163 2177.25
327.022 -306.346 2155.71
163.605 -1159.96 2192.72
406.695 -539.905 1975.75
193.684 -448.941 2220.33
195.363 -813.092 2247.09
280.673 -69.7385 2173.36
112.941 -250.583 2199.91
FRAME: 74
188.998 206.387 2100.59
-125.908 -257.021 2256.8
4.58709 -1141.97 2305.35
-188.229 -539.816 2072.54
9.23425 -417.492 2245.08
-27.0314 -795.141 2266.95
-25.9847 -25.7836 2200.55
129.001 -34.6769 2204.46
336.094 -282.997 2217.5
166.749 -1146.74 2215.93
434.44 -543.189 2062.92
201.932 -428.519 2250.22
210.104 -807.347 2298.77
283.986 -43.5701 2208.37
117.292 -228.841 2226.05
FRAME: 75
191.516 227.661 2134
-115.697 -242.605 2270.45
12.0382 -1140.41 2312.46
-147.058 -513.003 2067.18
23.5361 -401.426 2273.24
-7.79789 -779.95 2274.84
-18.0656 -7.2784 2227.08
134.178 -13.8437 2233.72
341.752 -258.932 2283.5
167.189 -1142.53 2237.62
453.693 -534.719 2141.89
206.739 -409.334 2281.44
215.848 -789.743 2320.4
286.422 -20.409 2240.36
124.658 -209.612 2255.53
FRAME: 76
194.884 251.504 2177.11
-104.301 -228.266 2282.1
26.2259 -1154.14 2321.63
-108.937 -505.693 2091.09
37.4422 -392.735 2302.73
52.3701 -768.592 2297.64
-9.33007 11.3085 2260.02
141.745 7.07347 2273.98
346.556 -239.097 2337.62
172.284 -1149.26 2269.85
469.657 -528.546 2225.42
216.878 -397.723 2319.34
223.882 -777.456 2381.32
292.821 2.83848 2287.94
134.453 -194.078 2292.51
FRAME: 77
195.511 264.445 2207.95
-91.7492 -229.74 2302.89
32.5269 -1145.04 2334.39
-77.0035 -501.553 2123.49
40.1103 -378.969 2334.17
60.1181 -757.512 2293.24
-3.37151 22.2843 2293.95
146.098 18.5248 2308.31
350.894 -219.423 2398.02
164.413 -1170.3 2334.77
474.426 -512.426 2302.58
225.421 -383.687 2352.1
224.248 -766.589 2424.01
295.567 14.7654 2322.66
139.432 -181.402 2325.72
FRAME: 78
199.865 275.976 2243.64
-75.7107 -234.81 2347.9
35.0166 -1136.5 2341.61
-54.9509 -496.087 2180.76
43.992 -378.314 2369.14
80.9171 -748.286 2286.26
0.519252 30.4269 2325.19
151.393 26.9967 2344.37
362.837 -215.148 2449.25
165.679 -1181.03 2363.91
480.975 -517.721 2373.5
231.502 -382.619 2393.11
230.207 -769.437 2455.52
302.267 23.5665 2363.55
144.57 -176.735 2362.75
FRAME: 79
204.127 282.937 2288.44
-58.745 -212.001 2421.9
47.9274 -1133.65 2356.94
-41.824 -504.585 2285.84
46.2234 -358.923 2419.8
86.4612 -725.36 2322.17
9.63684 49.1168 2374.89
159.154 43.1847 2388.82
365.323 -197.349 2495.11
167.357 -1180.31 2379.4
481.814 -504.91 2450.56
233.083 -366.36 2437.2
230.422 -764.854 2483.41
308.672 37.2525 2402.74
149.404 -159.728 2408.66
FRAME: 80
212.957 292.132 2316.83
-45.9847 -201.568 2475.98
52.9959 -1128.35 2391.71
-33.031 -500.801 2354.07
52.4102 -351.844 2463.96
85.5184 -727.742 2357.99
17.7989 60.3126 2414.66
168.91 53.6609 2431.09
369.631 -181.863 2545.77
167.674 -1161.65 2427.42
484.462 -490.852 2513.64
240.276 -360.179 2484.26
238.347 -761.064 2535.4
320.021 47.0091 2447.52
157.627 -151.175 2452.6
FRAME: 81
226.993 313.075 2372.7
-34.8338 -174.766 2572.53
58.0139 -1098.1 2422.47
-52.5973 -508.379 2518.84
61.8658 -334.465 2556.78
78.6029 -713.825 2477
30.4771 87.4096 2493.38
184.361 80.1185 2510.84
370.536 -158.175 2647.24
172.979 -1156.22 2463.65
473.433 -463.173 2647.2
254.543 -343.694 2578.35
255.898 -760.045 2610.24
338.245 72.8274 2528.3
171.283 -129.48 2539.2
FRAME: 82
238.378 329.373 2418.87
-28.7383 -156.557 2632.4
71.6086 -1036.54 2507.08
-66.2497 -478.34 2689.14
63.3506 -317.938 2601.75
86.0228 -681.699 2518
34.9614 106.333 2545.33
190.852 96.9912 2566.11
367.035 -146.864 2701.2
172.745 -1107.84 2591.03
453.115 -452.003 2741.59
255.557 -329.468 2627.47
259.606 -744.811 2671.05
346.743 87.6492 2586.89
175.153 -113.356 2590.36
FRAME: 83
244.176 344.017 2444.94
-24.2039 -143.286 2660.31
77.8132 -1010.72 2579.45
-73.8977 -442.421 2755.3
64.4523 -308.362 2624.27
85.2739 -679.002 2543.84
39.07 122.875 2571.26
194.123 113.115 2594.58
366.914 -132.272 2732.39
157.16 -1047.2 2731.78
438.255 -429.57 2781.03
256.919 -320.49 2653.25
261.229 -736.222 2699.72
349.177 103.355 2617.9
177.404 -100.656 2616.67
FRAME: 84
248.178 357.669 2469.4
-24.983 -126.712 2684.17
78.6768 -1017.05 2639.48
-84.4005 -406.688 2799.46
64.9793 -289.354 2653.2
88.0976 -666.983 2568.81
40.2814 137.446 2593.24
194.215 128.194 2618.8
362.074 -117.552 2764.83
141.537 -991.116 2901.19
424.817 -426.973 2806.24
256.263 -300.853 2684.97
263.953 -719.226 2731.91
348.148 118.942 2644.36
177.418 -83.4549 2643.94
FRAME: 85
249.998 379.783 2507.3
-23.2916 -105.323 2721.08
76.2742 -1005.92 2761.94
-103.564 -373.118 2819.28
67.4549 -267.556 2688.04
91.4321 -651.784 2673.01
37.9226 155.757 2625.63
190.426 148.598 2649.49
349.653 -91.3207 2810.29
139.538 -975.474 2976.67
392.809 -369.68 2864.6
257.539 -276.437 2717.84
270.148 -692.901 2777.24
342.93 141.439 2673.35
176.462 -61.699 2676.21
FRAME: 86
249.155 391.798 2529.5
-27.2898 -91.4683 2736.54
71.012 -1008.73 2810.11
-104.213 -371.583 2809.36
70.0122 -254.338 2711.24
91.0145 -649.028 2703.34
38.9433 166.161 2643.07
191.695 161.771 2670.88
347.419 -83.6511 2842.91
145.028 -965.952 3040.22
391.273 -373.813 2908.51
268.226 -259.976 2747.28
272.716 -669.204 2801.05
344.446 157.381 2698.69
180.407 -47.6928 2700.07
FRAME: 87
246.02 403.777 2549.07
-29.8417 -82.2444 2750.37
63.8282 -997.314 2841.29
-103.993 -376.765 2797.36
71.674 -243.026 2732.64
81.4918 -642.568 2737.31
38.734 174.111 2658.68
192.215 171.221 2688.65
348.213 -79.5009 2860.74
80.7088 -967.213 2955.4
406.4 -360.116 2874.6
272.369 -246.73 2771.86
272.845 -659.727 2837.81
345.697 168.332 2718.62
182.118 -36.8283 2720.45
FRAME: 88
243.953 410.232 2561.58
-31.8717 -75.9103 2761.91
51.1733 -996.064 2877.23
-101.896 -380.808 2778.05
72.9305 -231.397 2751.91
73.621 -635.611 2767.66
38.0458 180.801 2675.33
191.362 178.853 2704.45
338.917 -66.5764 2877.33
58.2687 -904.154 3037.63
383.727 -359.952 2950.17
274.187 -233.863 2790.19
280.047 -651.849 2869.49
344.678 176.904 2733.58
182.46 -26.8887 2737.75
FRAME: 89
240.548 412.537 2573.47
-34.246 -71.8412 2769.27
45.9641 -993.95 2908.89
-99.5912 -399.617 2761.72
69.8049 -220.184 2775.45
65.3955 -627.183 2792.65
38.1485 186.725 2687.82
190.403 185.412 2719.22
334.276 -54.4528 2899.84
65.657 -870.643 3024.39
383.192 -348.868 2914.98
272.235 -221.911 2817.27
282.525 -646.554 2893.15
342.658 184.099 2750.62
180.712 -17.8177 2757.79
FRAME: 90
234.751 415.388 2592.88
-34.842 -69.6119 2771.64
46.366 -999.185 2945.93
-89.1927 -385.112 2722.25
64.3707 -225.958 2791.12
55.813 -625.998 2833.11
34.7409 191.85 2699.74
187.814 189.83 2731.46
331.099 -49.944 2919.89
70.9491 -890.701 3047.24
359.786 -335.756 2924.94
266.547 -228.634 2833.05
278.41 -640.832 2907.4
340.886 187.81 2763.19
176.636 -18.7331 2771.77
FRAME: 91
229.421 422.016 2603.76
-36.5767 -67.043 2773.35
44.5269 -993.205 2966.03
-66.7959 -392.788 2715.05
60.0711 -218.937 2804.01
54.5571 -617.849 2854.23
32.2907 195.746 2708.9
185.063 193.322 2740.1
328.044 -47.7571 2924.43
89.8094 -868.11 3056.16
351.857 -330.034 2964.78
262.15 -222.153 2845.18
269.072 -640.022 2922.65
337.836 190.898 2771.29
173.087 -13.6115 2782.35
FRAME: 92
219.354 428.138 2621.57
-37.1767 -64.6584 2771.74
41.2924 -984.641 2988.24
-18.2624 -362.755 2648.04
53.7315 -214.136 2815.67
46.8488 -608.188 2883.36
26.4529 201.42 2720.21
178.609 199.016 2753.76
323.248 -45.2662 2933.28
100.713 -844.817 3121.01
331.115 -293.345 3014.17
253.521 -217.333 2859.67
264.716 -638.457 2941.39
330.764 196.612 2787.3
166.118 -8.35941 2795.71
FRAME: 93
208.66 433.055 2634.21
-40.9418 -59.7405 2776.6
40.6915 -983.131 3000.16
5.59352 -348.563 2608.08
47.6733 -210.474 2826.06
37.2789 -605.834 2905.9
19.641 205.909 2731.81
170.8 204.437 2764.38
315.2 -44.5397 2935.08
61.2657 -858.448 3090.53
328.11 -299.949 3027.18
249.888 -212.462 2869.69
259.877 -634.509 2954.38
321.959 202.964 2796.96
159.79 -3.51581 2806.13
FRAME: 94
200.537 438.504 2648.72
-42.6148 -60.7408 2781.88
40.6884 -981.476 3005.63
31.1322 -334.284 2591.29
48.5999 -211.143 2839.95
26.9695 -604.847 2924.92
13.8755 207.395 2744.43
164.832 207.563 2774.04
306.228 -45.9217 2935.43
4.11009 -841.85 3082.84
326.366 -290.545 3046.88
248.65 -210.91 2879.24
258.308 -633.81 2964.68
315.789 207.732 2803.65
156.729 -1.73151 2816.82
FRAME: 95
192.517 444.103 2656.84
-46.1865 -57.288 2796.7
41.245 -987.375 3006.87
62.2754 -307.795 2622.09
49.7515 -207.085 2856.27
27.0136 -609.083 2934.36
7.81885 211.252 2759.73
159.396 211.897 2784.61
301.272 -36.6656 2940.89
-0.206871 -824.077 3093
326.533 -291.092 3045.88
243.856 -206.172 2888.16
255.873 -620.178 2984.03
310.973 212.541 2809.49
153.1 2.63414 2828.41
FRAME: 96
184.825 449.206 2665.48
-48.7051 -54.7655 2813.92
40.7011 -990.129 3006.9
66.9016 -299.363 2622.5
53.7071 -205.037 2873.45
27.4185 -609.119 2937.27
3.59564 213.802 2771.6
155.563 215.505 2792.67
296.32 -34.7849 2944.54
19.3203 -795.619 3104.97
326.61 -288.825 3036.69
240.495 -202.74 2899.47
258.716 -614.459 2994.69
307.53 217.208 2813.74
151.332 5.80851 2839.56
FRAME: 97
177.844 453.925 2677.81
-48.2184 -51.1712 2827.48
40.2115 -989.78 3009.16
76.1051 -317.84 2651.26
52.6103 -203.238 2882.5
29.9742 -608.321 2939.76
-0.374826 215.773 2780.49
152.565 217.984 2799.95
294.361 -32.9921 2952.41
77.4876 -788.008 3114.39
322.062 -289.344 3029.88
240.095 -200.217 2906.44
258.672 -612.82 2994.33
305.504 220.194 2819.41
149.459 8.12804 2847.21
FRAME: 98
173.124 460.074 2688.46
-45.3847 -47.6366 2840.07
39.7203 -988.308 3009.67
74.1395 -328.726 2694.65
51.9622 -201.182 2888.1
34.1124 -606.791 2941.14
-1.79165 217.219 2785.11
151.208 220.514 2805.97
291.416 -33.1037 2962.63
83.2098 -788.527 3122.25
318.736 -287.695 3029.92
242.145 -196.717 2914.12
256.42 -609.34 2992.79
304.207 223.808 2826.82
149.131 10.7821 2853.54
FRAME: 99
169.639 465.59 2696.97
-43.4471 -44.8874 2847.67
39.3238 -988.544 3009.81
60.1817 -328.589 2721.91
50.8621 -200.329 2894.86
39.3801 -605.228 2943.14
-2.22876 218.562 2789.47
150.615 222.741 2812.22
294.408 -29.14 2978.94
68.4971 -811.404 3113.12
315.365 -285.658 3011.3
244.037 -194.709 2923.71
259.161 -607.851 2989.78
303.459 226.921 2834.97
149.032 12.6113 2860.75
FRAME: 100
167.031 471.117 2706.03
-41.5893 -42.3372 2854.66
39.1664 -986.939 3008.49
44.7859 -355.384 2759.28
52.1244 -200.1 2898.12
41.4402 -602.594 2942.15
-2.48207 218.859 2793.91
150.488 223.82 2817.07
294.499 -30.0045 2979.43
66.3536 -832.249 3111.75
318.617 -279.397 3009.62
246.766 -193.569 2927.65
252.622 -612.31 2988.01
303.457 228.78 2840.22
149.966 13.4924 2864.97
FRAME: 101
166.007 477.803 2721.62
-38.2165 -41.8127 2859.8
38.3957 -983.33 3009.56
24.0285 -300.646 2765.31
53.5416 -200.523 2896.87
42.4115 -597.703 2942.61
-1.11096 218.848 2796.22
151.027 224.869 2822.32
294.247 -30.6985 2986.73
62.2016 -856.362 3104.57
319.359 -287.242 3007.58
250.271 -192.633 2930.6
246.618 -620.926 2987.6
303.164 230.89 2848.42
151.466 14.1456 2868.03
FRAME: 102
165.784 481.953 2730.04
-35.6668 -41.5186 2858.77
37.7626 -981.522 3011.33
-9.03795 -318.606 2797.07
48.8325 -199.618 2895
41.6338 -595.643 2943.35
0.370962 220.515 2797.51
151.476 226.306 2826.07
294.658 -30.6517 2994.01
60.4822 -876.532 3131.42
322.871 -284.738 3019.05
252.86 -191.745 2933.64
243.219 -630.888 2989.3
302.581 232.098 2854.62
151.161 15.3125 2870.19
FRAME: 103
168.021 485.876 2740.31
-31.6416 -43.2934 2862.57
38.2878 -984.136 3013.44
-5.5315 -318.879 2798.44
46.2855 -200.25 2894.26
42.2043 -598.148 2943.97
1.89596 221.342 2798.68
152.268 227.12 2830.15
297.82 -30.0321 2999.81
62.4611 -875.67 3154.18
322.236 -299.741 3030.94
254.657 -192.204 2937.92
246.797 -631.174 2993.95
302.639 232.898 2861.61
151.369 15.4466 2873.12
FRAME: 104
169.905 487.907 2748.17
-29.5957 -44.1324 2862.66
39.3018 -987.832 3014
-47.2051 -347.79 2821.3
44.4626 -201.83 2893.88
41.9644 -601.083 2944.49
3.35132 221.722 2800.39
153.085 227.148 2832.88
296.6 -30.4413 3006
55.8878 -880.912 3143.01
325.27 -298.383 3018.66
255.962 -194.114 2939.86
244.29 -628.39 2997.81
302.818 232.575 2865.36
151.649 14.5882 2874.88
FRAME: 105
172.184 489.146 2754.94
-29.6437 -45.4056 2862.45
40.6577 -992.775 3014.1
-47.1673 -348.228 2823.3
45.1173 -203.89 2895.96
44.6986 -607.689 2944.63
4.36425 220.99 2801.49
153.911 226.919 2834.61
294.555 -32.2482 3007.19
61.4581 -880.858 3149.27
334.798 -305.428 3005.51
258.504 -195.334 2943.36
243.578 -630.435 3000.17
303.457 232.849 2867.73
152.861 13.6539 2877.14
FRAME: 106
175.394 489.437 2760.31
-27.6723 -51.33 2860.11
41.1894 -993.584 3012.08
-43.637 -391.283 2821.98
44.7844 -205.233 2893.62
47.7451 -609.876 2940.16
5.99866 220.466 2801.64
155.277 226.129 2836.59
293.264 -34.277 3010.71
47.4345 -902.064 3125.7
342.718 -310.119 3032.11
259.483 -197.027 2944
252.143 -638.571 3005.24
304.556 231.793 2871.54
153.705 12.4996 2877.7
FRAME: 107
178.511 489.919 2763.64
-27.7935 -50.7984 2859.2
42.3462 -995.996 3009.09
-42.5073 -396.156 2800.64
48.8338 -207.247 2894.24
52.8066 -614.983 2926.63
8.31423 220.398 2803.39
157.357 226.003 2838.91
292.969 -34.4735 3014.88
47.0264 -908.301 3129.35
343.199 -306.734 3033.01
259.597 -199.307 2944.63
259.833 -641.592 3007.54
306.401 231.608 2874.44
155.787 11.363 2879.17
FRAME: 108
180.579 489.202 2764.87
-26.5189 -51.3015 2854.42
45.0742 -997.008 3000.4
-27.0154 -383.808 2798.05
53.9167 -207.206 2892.58
67.1795 -613.626 2906.73
10.3638 219.601 2802.16
158.809 225.679 2840.03
293.929 -29.2029 3030.75
63.612 -886.132 3140.14
359.499 -297.407 3080.57
258.444 -198.8 2944.94
270.934 -643.735 3006.28
307.254 231.757 2877.89
157.495 11.338 2879.39
FRAME: 109
183.322 487.842 2766.54
-26.3358 -52.2248 2854.73
50.7906 -994.243 2990.52
-18.6914 -393.186 2763.2
60.0361 -211.098 2886.14
77.907 -613.367 2892.54
12.7739 218.256 2799.83
160.587 225.153 2842.61
295.355 -20.6195 3040.48
57.7756 -902.429 3119.93
362.392 -293.206 3075.65
259.285 -201.818 2944.1
268.658 -644.693 3001.59
308.4 232.05 2885.4
160.124 9.34733 2878.87
FRAME: 110
186.886 486.277 2768.2
-24.8587 -55.1781 2851.46
61.9065 -993.703 2973.57
-6.94761 -381.737 2727.53
66.4023 -213.013 2878.36
84.9008 -615.593 2864.65
14.3649 216.577 2797.7
161.388 223.755 2844.46
294.982 -23.2044 3046.41
78.3642 -893.623 3150.13
366.339 -288.844 3071.22
257.665 -203.629 2939.48
273.327 -638.35 2995.23
308.41 230.934 2891.21
161.711 7.71698 2876.69
FRAME: 111
191.743 481.81 2767.41
-27.8001 -53.4544 2841.22
81.2751 -998.692 2932.97
-17.0192 -373.011 2688.55
67.9891 -217.272 2860.95
93.7668 -624.303 2839.29
18.0494 221.069 2797.57
163.285 223.306 2843.36
296.304 -19.0944 3043.55
86.906 -894.998 3145.13
345.488 -244.857 3017.18
243.756 -214.607 2916.58
271.141 -632.047 2990.06
308.521 225.543 2889.14
159.579 3.68309 2866.06
FRAME: 112
198.291 477.023 2764.81
-32.5862 -59.9582 2827.06
90.4017 -997.176 2886.17
-29.3305 -377.213 2663.38
68.3553 -223.194 2848.27
102.591 -629.272 2808.23
21.2114 221.939 2796.78
164.717 221.479 2841.41
296.409 -21.7954 3039.83
93.4836 -905.433 3147.8
343.671 -243.527 3012.13
237.874 -223.78 2901.28
269.169 -639.4 2980.78
308.222 221.02 2886.04
158.916 -1.00384 2858.09
FRAME: 113
202.832 471.763 2761.38
-35.8519 -64.4658 2809.74
99.0849 -987.585 2843.56
-51.2431 -373.665 2628.63
65.9943 -228.705 2836.7
106.354 -629.819 2782.84
25.1872 220.988 2792.05
166.338 218.663 2837.98
295.452 -26.1001 3034.69
98.0376 -907.258 3159.34
331.957 -261.684 2969.32
235.089 -231.504 2891.92
269.903 -644.544 2972.57
307.489 216.337 2883.92
158.44 -5.72089 2851.15
FRAME: 114
207.952 459.111 2746.67
-45.7069 -66.5338 2787.25
112.374 -986.771 2751.37
-126.31 -359.69 2588.08
65.8964 -235.658 2820.16
107.41 -638.328 2750.11
29.2467 211.198 2775.82
168.367 208.442 2825.23
295.671 -25.2047 3029.75
102.424 -912.605 3152.81
337.188 -270.136 2977.05
235.398 -238.991 2880.5
273.248 -648.035 2965.54
307.488 205.686 2874.64
159.507 -14.4412 2837.78
FRAME: 115
210.768 449.214 2734.66
-56.5379 -61.0268 2775.07
113.503 -993.376 2709.53
-153.057 -354.509 2591.88
66.5106 -238.281 2806.28
109.243 -644.653 2725.24
32.0855 207.928 2760.25
169.161 205.652 2812.14
296.642 -26.1627 3022.23
110.452 -920.217 3147.05
340.624 -281.451 2972.46
236.934 -241.104 2870.82
273.717 -647.256 2956.13
306.237 203.377 2864.03
160.442 -17.0203 2825.34
FRAME: 116
216.725 438.491 2723.31
-65.603 -57.6047 2763.01
117.696 -1004.62 2671.95
-165.967 -348.728 2629.57
69.9699 -241.868 2793.78
108.692 -647.224 2702.12
34.9656 203.065 2746.79
170.357 201.036 2798.3
296.263 -26.2425 3014.27
120.173 -929.431 3136.02
324.551 -283.371 2995.03
236.806 -244.324 2857.24
267.88 -647.655 2938.91
305.749 199.007 2849.8
161.873 -21.03 2811.9
FRAME: 117
223.368 426.27 2711.32
-72.9897 -54.0661 2748.62
116.659 -1002.46 2644.7
-189.806 -343.595 2634.99
71.3514 -247.218 2786.01
114.895 -644.784 2681.19
40.1213 199.364 2739.07
174.051 196.195 2787.49
294.963 -26.2264 3003.78
121.361 -935.33 3130.27
325.737 -302.907 2997.33
235.716 -251.05 2845.38
266.518 -651.733 2930.76
307.98 193.027 2835.92
163.792 -26.4695 2801.59
FRAME: 118
226.239 414.1 2699.03
-79.6978 -56.0514 2733.33
110.349 -978.503 2600.11
-247.449 -348.105 2603.59
72.4802 -258.618 2767.88
116.92 -645.933 2661.21
46.1005 189.181 2729.46
177.921 183.992 2775.14
292.476 -29.3399 2993.7
122.388 -946.92 3120.51
312.76 -295.318 2964.46
234.271 -264.943 2823.79
267.592 -662.506 2914.3
309.741 178.803 2820.82
165.648 -38.8942 2785.49
FRAME: 119
228.82 402.636 2684.33
-88.4338 -64.3943 2717.12
98.2108 -999.327 2565.15
-277.24 -348.328 2609.88
76.5634 -272.37 2751.12
111.749 -657.076 2631.6
48.1783 174.915 2713.54
178.089 169.648 2757.06
288.678 -35.7677 2988.76
121.354 -957.877 3113.43
309.812 -298.404 2967.64
230.572 -278.574 2802.42
269.147 -678.437 2891.59
308.001 164.382 2800.59
165.829 -52.9119 2766.92
FRAME: 120
233.665 386.377 2664.04
-94.7454 -78.458 2702.15
86.4753 -1009.22 2553.41
-276.133 -355.43 2622.18
77.1984 -290.042 2737.12
111.849 -676.22 2613.98
49.7486 154.987 2691.62
178.298 149.866 2733.97
284.332 -35.0487 2978.11
121.18 -962.116 3102.37
305.606 -327.68 2963.87
226.951 -295.975 2786.17
268.915 -687.68 2881.37
306.847 144.744 2776.32
165.186 -71.5713 2747.81
FRAME: 121
233.759 362.792 2631.41
-101.036 -91.9903 2678.14
81.9758 -1043.28 2525.95
-317.07 -366.831 2609.65
76.2328 -314.037 2707.41
101.167 -698.868 2588.3
49.2703 132.574 2656.6
172.129 129.681 2699.26
277.337 -41.9998 2959.33
123.022 -970.342 3092.35
294.208 -331.257 2958.86
224.862 -317.35 2758.51
261.739 -706.124 2848.17
294.988 126.787 2741.93
161.338 -93.0066 2716.11
FRAME: 122
234.423 346.282 2595.9
-106.481 -97.8954 2653.82
79.133 -1034.25 2510.19
-317.041 -370.982 2611.66
70.365 -328.84 2663.99
97.5475 -711.111 2565.76
47.6902 121.956 2618.03
170.644 117.08 2668.74
270.256 -58.0521 2941.25
125.843 -990.068 3049.76
287.894 -347.887 2953.76
216.715 -334.521 2724.27
257.065 -726.609 2809.32
293.599 112.203 2719.46
157.092 -107.3 2681.44
FRAME: 123
237.304 336.919 2562.86
-109.609 -108.606 2629.83
73.0722 -1051.44 2499.04
-315.404 -385.352 2601.96
64.8051 -331.313 2633.95
90.8637 -716.951 2524.73
42.8878 110.238 2587.25
169.348 104.795 2644.34
266.625 -69.1591 2928.11
124.004 -1008.79 3029.39
363.711 -322.748 2871.45
215.268 -337.702 2701.68
258.137 -736.485 2784.37
295.809 99.3523 2701.44
154.692 -114.856 2656.08
FRAME: 124
235.278 328.449 2529.05
-107.999 -123.941 2603.35
70.4037 -1060.32 2477.89
-310.83 -399.135 2595.59
61.2332 -341.109 2603.55
84.8865 -719.967 2491.96
37.0608 98.0133 2546.7
166.443 94.5783 2609.21
262.287 -76.7942 2912.39
132.778 -1032.7 2991.56
435.914 -336.452 2746.53
217.972 -345.273 2679.12
253.624 -750.611 2754.3
295.825 91.1433 2671.72
153.023 -124.306 2625.27
FRAME: 125
233.935 313.369 2488.95
-110.106 -137.4 2578.7
65.3345 -1072.18 2464.38
-303.235 -413.656 2581.09
57.2608 -346.703 2576.18
79.6901 -717.392 2460.76
31.4157 84.9885 2511.79
165.839 80.8998 2568.36
259.051 -84.6554 2898.22
129.418 -1041.9 2966.5
467.299 -352.889 2682.94
216.351 -351.599 2642.71
250.358 -756.081 2712.39
300.262 76.811 2624.93
151.322 -134.126 2588.9
FRAME: 126
225.83 299.579 2450.99
-111.739 -162.931 2545.92
90.8654 -1044.05 2492.8
-293.821 -434.781 2569.44
46.9121 -352.6 2546.78
71.6099 -724.199 2413.28
19.5542 66.82 2481.73
163.154 61.0187 2520.75
285.203 -176.099 2713.65
132.442 -1047.66 2931.71
484.703 -385.994 2576.57
219.874 -359.612 2593.73
240.942 -779.424 2645.53
306.753 55.2174 2559.77
148.273 -147.544 2545.5
FRAME: 127
222.33 283.953 2408.3
-111.708 -177.064 2524.94
72.4349 -1070.82 2459.71
-300.004 -455.412 2547.18
40.819 -365.546 2506.91
65.5813 -738.11 2368.78
15.8301 55.7867 2459.49
164.117 46.3856 2485.78
299.826 -205.004 2621.64
133.923 -1054.31 2904.6
486.278 -421.789 2434.24
220.797 -376.946 2539.01
226.52 -797.675 2593.57
312.404 36.9846 2512.07
147.463 -162.43 2504.37
FRAME: 128
212.31 260.233 2342.6
-116.029 -203.812 2483.17
69.6182 -1092.43 2446.79
-286.762 -488.929 2498.53
29.2017 -398.675 2435.61
39.5531 -751.853 2293.41
5.68148 24.021 2416.95
160.468 8.65739 2419.46
332.98 -261.882 2459.95
137.488 -1064.26 2867.4
442.174 -446.644 2163.05
209.342 -416.601 2437.99
217.982 -804.492 2503
315.254 -6.7062 2421.98
139.87 -199.49 2428.13
FRAME: 129
209.802 241.308 2302.1
-117.774 -218.721 2452.89
70.6499 -1141.22 2450.51
-296.361 -520.908 2467.56
20.659 -410.754 2410.53
39.4933 -788.192 2259.5
-2.03276 10.7148 2381.54
153.298 -4.81755 2380
341.611 -268.745 2372.01
138.787 -1081.32 2814.77
399.881 -430.665 2060.1
204.549 -429.082 2408.71
208.435 -828.373 2461.58
308.629 -20.3499 2378.46
132.951 -212.368 2394.81
FRAME: 130
205.399 222.899 2265.64
-121.595 -235.275 2432.27
69.8736 -1166.93 2443.67
-301.884 -539.321 2440.97
11.2114 -424.246 2382.53
32.4237 -813.186 2282.33
-12.0144 -6.89726 2349.7
140.202 -20.641 2340.63
340.673 -271.066 2253.11
141.134 -1108.01 2765.82
366.154 -425.953 2010.58
199.141 -441.165 2371.35
193.997 -863.537 2426.72
292.419 -34.3847 2331.57
122.689 -226.673 2358.79
FRAME: 131
201.409 201.307 2229.36
-123.15 -255.715 2408.62
68.7585 -1194.34 2427.5
-296.453 -555.295 2429.13
6.07651 -437.506 2353.76
18.5677 -836.741 2251.41
-16.9825 -23.8257 2325.43
134.599 -37.2022 2312.13
346.049 -277.601 2188.44
138.594 -1116.63 2732.18
331.216 -421.296 1810.6
196.602 -454.253 2337.09
189.929 -880.292 2388.28
286.18 -50.5786 2298.84
117.969 -241.541 2328.78
FRAME: 132
196.757 179.452 2192.13
-126.24 -263.609 2376.87
72.089 -1204.15 2417.48
-297.865 -561.664 2401.28
0.577283 -448.572 2318.01
16.4654 -853.442 2244.09
-17.7627 -39.0205 2287.07
130.441 -54.8005 2266.72
336.757 -295.702 2118.83
143.66 -1137.99 2667.66
282.018 -405.821 1756.78
185.763 -468.26 2292.63
192.305 -900.307 2323.78
278.645 -70.5805 2246.36
111.806 -256.608 2286.02
FRAME: 133
197.606 155.332 2165.75
-130.664 -275.583 2361.48
59.1076 -1224.38 2394.14
-302.119 -582.034 2377.36
-1.5256 -458.953 2288.88
5.52497 -865.22 2223.03
-21.6197 -52.1089 2274.87
124.027 -65.9332 2239.35
300.436 -290.676 2050.44
152.016 -1146.87 2606.58
224.3 -384.77 1675.67
182.299 -476.339 2244.13
189.36 -912.523 2260.05
269.674 -79.7574 2203.82
107.207 -266.789 2252.93
FRAME: 134
200.363 140.761 2140.78
-124.833 -300.572 2348.05
50.9222 -1266.63 2375.58
-296.6 -588.706 2366.85
-6.20308 -475.862 2262.29
-8.1979 -891.048 2233.77
-20.986 -69.0341 2267.99
122.27 -80.2076 2218.63
276.287 -278.343 2004.73
162.721 -1158.59 2524.24
179.298 -354.632 1632.4
180.488 -487.914 2192
202.45 -921.201 2177.91
265.526 -91.3811 2169.27
104.706 -281.048 2222.89
FRAME: 135
194.082 132.854 2114.32
-126.227 -317.462 2324.44
53.7022 -1293.56 2382.93
-303.929 -607.592 2355.02
-1.99619 -498.343 2239.61
-4.92934 -917.031 2239.82
-28.9595 -82.0755 2243.81
118.032 -95.999 2190.77
275.306 -309.25 1983.52
149.662 -1186.01 2466.45
213.103 -379.352 1694.56
171.291 -514.704 2177.1
163.136 -943.219 2123.66
265.023 -109.923 2137.74
101.34 -301.261 2199.56
FRAME: 136
180.537 125.571 2071.59
-106.798 -324.862 2299.46
46.8625 -1312.21 2366.84
-291.888 -623.083 2356.01
3.90313 -514.179 2220.79
-12.9818 -932.951 2224.2
-11.7513 -90.1011 2224.36
124.9 -107.617 2156.44
274.129 -338.343 1936.99
149.043 -1215.59 2432.01
182.793 -399.629 1682.1
164.565 -534.177 2140.03
141.95 -961.224 2097.19
261.551 -125.132 2088.53
104.567 -315.897 2168.43
FRAME: 137
175.614 115.894 2048.66
-93.4608 -327.703 2283.4
45.2761 -1333.67 2356.75
-283.683 -628.565 2363.2
3.36377 -528.865 2214.2
-13.6041 -949.748 2224.83
0.430572 -105.747 2200.72
127.605 -127.178 2121.53
255.241 -358.371 1907.22
150.374 -1246.89 2400.79
137.233 -398.25 1631.64
162.572 -556.186 2114.57
141.596 -974.184 2080.53
254.78 -148.609 2042.34
105.287 -334.852 2142.96
FRAME: 138
177.252 101.507 2026.77
-87.2562 -321.617 2259.59
48.7853 -1343.81 2342.3
-269.411 -627.456 2359.62
15.0435 -539.378 2193.06
-10.9615 -955.475 2222.15
9.03956 -117.448 2183.8
130.64 -139.615 2101.61
233.422 -364.733 1864.84
145.226 -1275.1 2370.13
122.597 -417.88 1626.49
155.427 -565.956 2097.74
133.328 -984.028 2066.17
252.24 -161.782 2019.41
107.938 -346.141 2123.5
FRAME: 139
175.771 92.7015 2014.98
-86.2396 -317.977 2239.8
45.5672 -1348.51 2326.09
-259.365 -617.666 2358.44
20.2805 -552.574 2159.91
-17.6128 -958.828 2204.44
5.21785 -127.423 2160.4
128.077 -147.701 2089.16
227.522 -367.686 1853.68
141.294 -1289.19 2345.83
119.815 -419.186 1617.52
141.353 -573.903 2089.38
129.632 -984.125 2053.07
250.935 -167.979 2017.92
104.447 -355.469 2106.9
FRAME: 140
175.461 86.79 2005.55
-89.7583 -327.174 2245.07
47.6248 -1342.78 2313.27
-249.32 -627.202 2361.88
17.5861 -545.321 2165.09
-7.18703 -948.836 2203.53
2.47183 -127.958 2154.71
125.632 -150.033 2080.32
205.596 -366.929 1834.23
142.532 -1305.42 2317.58
77.8173 -393.151 1570.48
144.347 -570.054 2087.53
128.687 -984.823 2044.66
248.792 -172.108 2005.93
103.299 -353.86 2103.32
FRAME: 141
174.587 84.5458 1999.34
-80.0118 -333.131 2210.38
42.2171 -1332.68 2305.11
-221.072 -618.963 2313.02
13.9913 -536.573 2161.87
-21.6985 -940.354 2215.68
7.27377 -131.919 2136.98
128.119 -154.065 2068.74
213.805 -370.188 1830.41
149.585 -1291.71 2308.99
78.5949 -408.816 1581.58
152.419 -563.103 2091.79
132.264 -937.841 2042.3
248.964 -176.21 2000.51
105.662 -351.951 2097.79
FRAME: 142
170.216 82.5369 1980.49
-72.5659 -319.635 2211.72
50.5623 -1341.66 2274.29
-206.739 -612.052 2314.54
12.2068 -529.154 2157.7
-19.9265 -945.192 2178.75
8.63745 -127.312 2134.57
127.398 -152.828 2061.76
211.373 -374.013 1825.15
150.86 -1302.11 2293.76
82.665 -422.398 1572.72
140.952 -558.847 2082.59
123.975 -943.765 2037.06
246.158 -178.345 1988.94
101.989 -348.414 2090.95
FRAME: 143
167.965 81.1102 1970.19
-63.8393 -296.612 2220.09
55.2036 -1323.66 2255.79
-200.721 -601.685 2315.64
6.88192 -522.452 2152.26
-23.6701 -932.262 2182.8
7.91372 -125.794 2123.03
125.113 -152.471 2049.22
215.585 -380.277 1822.5
152.724 -1323.12 2276.94
79.3586 -431.108 1570.04
142.235 -554.894 2069.09
127.697 -952.893 2033.81
242.313 -179.148 1975.42
99.8359 -345.572 2079.95
FRAME: 144
168.247 79.5959 1962.96
-58.6917 -295.273 2221.83
52.0422 -1329.89 2253.85
-202.859 -591.207 2317.13
7.46101 -510.881 2152.9
-32.384 -931.133 2168
11.0475 -128.947 2113.67
125.092 -155.304 2041.13
209.01 -380.29 1818.8
158.289 -1338.6 2267.56
66.6453 -421.12 1536.21
151.098 -545.564 2059.69
124.947 -978.163 2058.21
239.137 -181.662 1968.6
102.186 -341.764 2073.71
FRAME: 145
166.63 78.4948 1956.12
-57.2162 -290.14 2211.86
51.119 -1340.78 2244.74
-199.484 -580.806 2311.27
8.40191 -517.281 2145.96
-37.5236 -940.078 2170.72
9.3454 -129.396 2103.3
123.783 -154.998 2033.76
214.596 -379.504 1814.47
155.388 -1347.13 2248.57
83.4599 -427.955 1551.8
150.816 -551.767 2056.58
121.589 -982.86 2054.25
238.221 -180.599 1964.23
101.696 -344.761 2067.52
FRAME: 146
163.93 78.7482 1953.36
-57.8628 -293.577 2205.94
58.3102 -1345.88 2245.56
-204.032 -580.371 2306.84
12.7288 -527.505 2135.16
-33.3079 -945.888 2173.41
3.67773 -129.926 2094.79
121.858 -152.358 2029.62
221.902 -375.413 1807.62
151.118 -1369.98 2233.34
91.0069 -435.09 1552.97
157.278 -558.635 2052.13
118.183 -993.306 2048.26
240.039 -174.79 1964.45
103.431 -347.714 2061.63
FRAME: 147
161.985 79.5161 1954.31
-61.5655 -298.021 2206.02
68.4582 -1353.82 2241.82
-211.283 -581.586 2306.48
14.7733 -530.134 2132.76
-27.0396 -950.499 2188.07
-6.98303 -127.079 2080.5
117.56 -149.299 2022.05
225.866 -373.156 1807.43
146.944 -1380.76 2213.2
99.2186 -419.796 1539.33
154.419 -558.919 2066.23
119.83 -994.296 2045.12
242.103 -171.52 1963.59
101.078 -346.913 2060.77
FRAME: 148
161.445 81.1445 1956.26
-66.7819 -308.531 2232.88
74.5004 -1356.62 2239.9
-239.836 -595.524 2338.02
14.5413 -533.111 2141.11
-19.1587 -957.086 2172.04
-10.2905 -127.345 2093.71
116.17 -147.893 2031.16
228.623 -365.339 1810.1
145.884 -1367.29 2196.29
90.5424 -393.246 1515.95
162.487 -560.059 2065.99
114.352 -986.936 2031.51
242.63 -168.441 1968.61
102.342 -347.239 2067.35
FRAME: 149
161.595 85.343 1959.64
-72.4978 -318.191 2231.96
82.9479 -1367.37 2236.21
-255.946 -596.701 2323.03
18.186 -540.05 2142.01
-7.92634 -965.809 2174.11
-12.4516 -122.173 2098.75
119.4 -140.454 2042.44
231.079 -358.168 1815.98
144.615 -1374.67 2179.45
104.535 -385.83 1526.6
167.893 -562.609 2076.27
108.749 -988.151 2018.12
251.251 -158.736 1986.12
106.22 -345.892 2075.79
FRAME: 150
161.657 91.6554 1962.59
-79.5412 -315.402 2236.76
84.595 -1372.22 2237.76
-266.463 -604.784 2316.5
23.9271 -542.427 2141.91
-5.50472 -971.502 2161.72
-14.5021 -119.878 2096.31
120.347 -134.571 2044.74
247.816 -348.119 1839.06
139.757 -1371.08 2166.55
116.158 -383.572 1546.15
180.25 -560.875 2080.66
110.076 -983.095 2007.19
255.196 -149.263 1993.17
111.218 -343.111 2078.02
FRAME: 151
163.729 107.051 1972.79
-90.5828 -320.533 2235.15
88.461 -1375.51 2240.05
-272.294 -602.53 2307.68
26.9291 -538.354 2144.72
9.26281 -972.297 2158.16
-18.5483 -110.697 2103.6
121.719 -122.758 2058.1
252.999 -338.277 1852.48
139.498 -1360.48 2155.45
130.56 -381.007 1564.29
185.1 -552.801 2092.14
113.97 -970.615 1999.19
261.987 -134.819 2012.6
113.867 -334.168 2088.27
FRAME: 152
168.057 121.658 1983.39
-100.668 -315.888 2231.44
94.0481 -1353.93 2236.69
-281.113 -607.307 2294.4
25.6819 -515.121 2149.89
19.285 -949.363 2158.78
-22.0459 -94.1754 2114.15
121.247 -104.566 2075.67
252.575 -322.611 1886.55
143.636 -1336.67 2154.15
195.478 -420.19 1656.32
186.561 -527.109 2105.79
123.872 -943.577 2006.47
264.54 -114.956 2037.18
113.684 -312.841 2101.75
FRAME: 153
171.548 136.1 1994.73
-103.303 -313.039 2237.55
96.0052 -1340.03 2244.94
-285.304 -608.518 2282.71
25.171 -499.4 2163.77
31.3643 -931.266 2188.34
-21.2413 -78.1083 2136.68
122.475 -89.4177 2097.44
233.822 -291.348 1914.69
146.355 -1338.4 2160.67
180.123 -411.973 1647.71
179.554 -511.646 2121.16
135.235 -936.453 2036.16
266.191 -100.727 2058.19
112.419 -297.471 2119.95
FRAME: 154
171.776 151.381 2011.39
-104.006 -300.439 2247.73
86.327 -1322.12 2244.31
-277.205 -593.843 2271.84
15.672 -481.562 2182.52
26.9922 -917.521 2195.95
-23.9121 -61.632 2156.51
119.719 -73.7406 2118.06
239.771 -281.09 1926.77
152.475 -1332.21 2167
178.972 -402.913 1641.38
176.854 -495.405 2138.72
145.847 -922.847 2067.55
263.35 -85.8493 2079.6
107.991 -281.112 2139.34
FRAME: 155
175.82 180.576 2046.72
-107.865 -291.484 2268.87
82.4098 -1307.94 2254.02
-267.367 -594.676 2234.53
15.85 -458.604 2202.13
25.3133 -895.027 2205.32
-22.1012 -42.6144 2188.3
125.238 -54.4015 2151.99
250.768 -254.865 1964.66
153.315 -1299.53 2165.25
230.547 -424.677 1716.64
182.913 -471.962 2160.63
146.412 -893.009 2071.41
272.578 -66.1885 2115.68
112.31 -259.842 2166.69
FRAME: 156
186.444 222.123 2109.42
-108.702 -272.326 2285.38
78.1985 -1282.54 2275.03
-233.2 -583.299 2217.51
26.6205 -433.029 2234.7
26.1457 -869.117 2232.03
-20.6065 -20.4581 2210.34
130.003 -27.3961 2190.88
280.028 -227.89 2054.68
160.711 -1274.61 2189.1
284.889 -427.806 1831.09
202.747 -440.915 2212.45
185.57 -861.194 2184.75
280.612 -34.3341 2171.42
122.343 -232.184 2207.23
FRAME: 157
190.436 240.216 2140.34
-102.755 -253.397 2314.19
76.9876 -1266.48 2280.85
-208.636 -566.933 2229.84
28.3297 -417.403 2260.11
25.8206 -857.575 2232.83
-17.8747 -3.49448 2244.42
132.515 -10.5228 2222.26
284.989 -217.502 2091.03
165.408 -1261.6 2218.26
305.851 -430.264 1891.69
205.001 -425.538 2234.26
197.279 -840.093 2245.66
282.905 -17.5512 2200.09
124.59 -215.997 2234.72
FRAME: 158
196.499 274.373 2218.64
-93.5025 -224.905 2356.21
74.6083 -1249.13 2297.72
-173.728 -560.522 2291.11
40.8357 -396.793 2309.46
28.124 -838.471 2254.3
-8.44078 21.4335 2291.27
144.231 14.3586 2275.79
315.906 -212.755 2222.14
168.962 -1251.95 2243.82
348.946 -431.168 2019.4
214.693 -404.828 2291.83
224.45 -820.034 2327.62
296.903 7.28362 2260.32
135.998 -193.226 2288.22
FRAME: 159
201.894 291.126 2252.15
-82.2209 -207.759 2391.04
76.7057 -1236.6 2318.1
-157.269 -547.223 2338.73
51.4085 -384.021 2348.7
49.4833 -819.511 2291.69
-1.71601 36.1886 2323.52
151.25 30.8373 2315.48
324.857 -206.731 2275.92
171.877 -1241.35 2269.91
362.266 -427.159 2081.91
224.958 -390.067 2339.59
242.941 -800.441 2395.29
304.217 25.486 2307.44
144.717 -178.103 2329.81
FRAME: 160
207.174 303.744 2288.98
-71.3058 -194.65 2424.11
75.2332 -1236.47 2337.54
-139.938 -540.979 2396.59
59.3647 -374.989 2388.29
64.0931 -808.601 2309.78
6.569 49.278 2355.7
160.511 44.653 2353.86
331.294 -180.988 2338.1
176.673 -1240.12 2295.89
377.809 -424.945 2155.21
237.131 -380.294 2386.35
243.71 -785.216 2439.12
314.453 40.028 2352.03
154.379 -166.494 2370.59
FRAME: 161
211.924 318.259 2329.49
-57.9947 -194.552 2467.53
75.7531 -1229.09 2358.33
-128.164 -532.456 2456.77
69.0457 -366.507 2426.63
65.8484 -797.646 2376.07
12.1419 58.3508 2392.73
166.437 53.9737 2388.67
349.896 -177.099 2397.33
179.752 -1238.02 2326.13
394.98 -416.272 2206.95
242.048 -371.408 2421.96
241.082 -782.897 2474.19
320.732 49.5965 2384.6
160.992 -157.492 2406.48
FRAME: 162
214.285 330.998 2364.12
-49.4458 -185.249 2508.83
76.8541 -1227.86 2382.23
-114.473 -521.36 2514.23
72.2148 -359.102 2462.45
72.8581 -787.274 2390
14.9185 72.5829 2430.68
172.111 68.9971 2430.13
362.728 -173.877 2458.34
186.663 -1226.74 2360.48
388.487 -387.24 2265.4
252.622 -363.208 2461.87
248.587 -775.8 2504.42
329.303 65.4113 2429.59
167.265 -146.079 2446.15
FRAME: 163
218.82 342.713 2391.51
-43.8157 -177.603 2537.51
80.2293 -1215.91 2411.17
-102.713 -512.182 2567.93
75.6396 -350.114 2497.43
77.2257 -789.137 2433.08
24.193 83.7628 2459.97
178.456 79.6797 2460.52
364.473 -167.559 2492.32
193.467 -1221.31 2397.54
392.846 -382.918 2314.2
258.233 -354.911 2498.05
258.369 -766.733 2536.97
332.719 75.5966 2461.07
172.696 -136.416 2479.13
FRAME: 164
226.64 369.672 2451.82
-31.4173 -143.974 2612.53
84.057 -1208.55 2437.79
-88.8949 -465.639 2674.01
80.4981 -334.837 2544.73
84.3371 -774.68 2472.73
30.1038 108.996 2518.7
185.033 104.958 2524.33
362.795 -153.44 2565.05
201.527 -1211.84 2435.67
400.367 -377.07 2422.79
264.525 -339.593 2551.39
271.192 -747.114 2607.54
339.962 100.919 2529.95
178.772 -116.129 2536.2
FRAME: 165
231.498 389.363 2505.22
-18.371 -134.028 2657.08
85.8383 -1193.16 2468.28
-84.0505 -431.808 2733.48
79.2129 -315.906 2594.98
93.6868 -745.74 2534.18
35.6522 126.264 2564.97
191.284 120.36 2575.89
357.55 -141.377 2637.25
202.417 -1192.16 2501.55
412.019 -391.239 2497.39
266.148 -322.957 2608.26
277.462 -735.602 2665.02
346.915 114.457 2586.82
181.982 -99.5355 2588.75
FRAME: 166
233.451 400.029 2531.69
-15.1838 -132.744 2679.19
94.3722 -1133.64 2537.83
-93.9688 -433.082 2748.14
83.3817 -304.557 2623.86
101.906 -727.203 2557.5
37.9766 137.29 2597.42
193.85 131.034 2605.25
360.622 -128.076 2669.75
189.497 -1099.7 2694.46
411.989 -383.123 2536.67
266.58 -311.912 2633.1
280.858 -720.284 2691.45
349.724 124.779 2613.08
184.416 -88.6003 2616.86
FRAME: 167
231.971 415.711 2565.39
-16.6815 -119.44 2701.94
99.1755 -1058.13 2713.86
-93.6633 -418.141 2762.78
84.6215 -288.266 2656.77
101.677 -705.76 2603.05
39.0087 152.447 2626.53
194.372 146.343 2635.89
364.302 -115.522 2710.49
173.871 -1030.8 2881.66
406.053 -368.309 2596.09
266.532 -295.41 2667.75
286.621 -707.302 2734.65
349.735 140.239 2645.24
184.974 -72.7477 2649.07
FRAME: 168
231.514 426.545 2590.05
-17.5763 -113.02 2718.72
94.904 -1040.43 2744.4
-91.8915 -407.819 2763.28
86.1771 -278.912 2684.64
104.946 -687.682 2634.55
39.1365 161.241 2645.23
193.252 156.111 2655.62
360.845 -107.632 2737.57
172.4 -986.899 2985.89
402.679 -375.722 2655.23
266.586 -284.874 2696.85
293.477 -700.349 2756.8
347.368 150.98 2666.01
184.817 -62.8912 2673.18
FRAME: 169
230.425 439.217 2610.12
-18.5484 -107.194 2733.64
86.2052 -1036.13 2774.96
-89.0052 -404.694 2727.55
87.0084 -270.05 2705.01
105.442 -679.955 2657.47
35.6474 168.87 2661.73
191.416 165.53 2672.83
358.17 -89.2635 2769.16
161.998 -966.403 3036.92
389.614 -355.85 2677.21
271.643 -273.989 2718.18
294.455 -689.61 2780.55
347.186 162.189 2683.94
185.371 -53.2448 2692.22
FRAME: 170
226.741 446.782 2626.92
-18.7759 -102.32 2738.44
81.8885 -1035.58 2840.79
-82.6966 -408.091 2704.96
87.1024 -265.49 2716.79
96.0184 -685.989 2710.58
34.1146 175.051 2672.07
191.124 172.603 2686.33
357.438 -81.0581 2791.21
145.23 -973.812 3043.42
397.776 -350.013 2712.59
274.37 -268.381 2733.75
297.134 -681.424 2795.55
348.132 170.155 2700.58
185.93 -47.1664 2705.8
FRAME: 171
223.65 454.475 2642.04
-18.912 -101.438 2741.71
69.9776 -1022.44 2877.23
-75.53 -411.173 2694.9
86.3616 -267.739 2731.92
86.5472 -682.375 2752.51
32.7742 178.517 2681.84
189.962 177.105 2697.86
356.77 -82.6267 2807.73
79.032 -881.765 2938.96
389.721 -360.156 2757.82
276.605 -269.431 2751.3
292.835 -682.261 2812.07
347.15 175.694 2713.88
185.723 -45.7398 2719.74
FRAME: 172
219.709 458.686 2652.35
-20.1415 -98.9792 2746.35
60.0068 -1017.54 2905.38
-65.0484 -401.846 2661.09
77.562 -262.948 2747.85
79.7039 -667.161 2771.87
29.5694 183.318 2694.2
186.802 180.929 2709.22
351.313 -85.5948 2817.49
71.5444 -874.124 2973
386.829 -349.704 2769.38
273.322 -265.949 2766.51
287.166 -679.007 2823.87
344.034 178.54 2724.25
181.122 -41.7599 2733.2
FRAME: 173
213.274 463.626 2666.41
-21.4884 -95.2316 2748.7
54.5531 -1014.15 2930.4
-37.7987 -403.098 2606.09
72.3126 -253.625 2765.35
61.9103 -644.796 2810.94
27.4605 188.35 2704.08
182.907 187.083 2721.77
341.951 -72.6518 2838.83
111.293 -825.179 2951.31
385.43 -355.842 2812.4
273.908 -255.262 2788.31
281.322 -681.129 2833.68
338.354 185.815 2739.46
178.009 -33.6805 2749.3
FRAME: 174
205.305 469.44 2679.22
-24.252 -94.518 2750.93
48.8224 -1008.27 2947.07
-21.4916 -380.693 2568.79
69.5006 -246.525 2778.1
56.9119 -631.62 2838.55
21.335 191.751 2715.14
177.708 192.081 2731.86
336.969 -61.4421 2861.43
91.4756 -845.16 2932.86
385.569 -344.164 2807.62
275.382 -246.084 2800.1
280.964 -670.394 2846.8
334.08 192.411 2748.58
175.074 -27.112 2760.48
FRAME: 175
199.731 474.577 2686.87
-25.3751 -95.4293 2748.03
46.8222 -1006.39 2960.63
-0.532753 -371.177 2553.37
69.353 -244.444 2786.96
45.8068 -626.893 2861.41
17.6171 193.309 2722.83
174.363 195.343 2740.71
331.634 -58.6553 2873.57
119.786 -784.292 2947.78
381.578 -332.526 2777.63
277.366 -241.727 2810.66
289.763 -667.599 2863.46
331.109 197.376 2758.59
173.861 -23.8716 2769.76
FRAME: 176
194.776 478.736 2691.64
-27.6684 -94.2681 2746.12
45.0029 -1003.15 2972.29
12.9551 -360.127 2522.83
67.6293 -242.23 2793.89
38.5571 -622.162 2875.49
14.5794 194.51 2725.8
171.065 197.429 2746.37
328.783 -57.9252 2884.71
100.927 -817.364 2958.19
377.718 -325.165 2832.66
274.686 -238.358 2821.08
288.834 -652.673 2885.53
327.55 200.347 2766.94
171.111 -21.4326 2776.93
FRAME: 177
191.315 481.171 2694.78
-28.0838 -91.0673 2746.93
43.3669 -1003.65 2981.44
26.6689 -342.797 2526.04
66.619 -241.963 2801.81
35.7881 -620.38 2886.6
11.2229 196.645 2731.56
168.043 200.669 2752.94
325.906 -61.0389 2895.28
46.5518 -813.762 2962.54
357.255 -321.39 2821.29
274.732 -236.621 2830.18
283.522 -645.779 2893.66
324.863 204.694 2774.31
169.359 -19.3115 2784.46
FRAME: 178
186.934 482.942 2698.39
-29.75 -85.7998 2750.44
42.9626 -1005.27 2987.32
29.5237 -329.435 2515.67
65.2212 -239.719 2807.58
34.3392 -620.934 2891.97
8.74887 199.439 2737.55
165.733 204.052 2758.13
323.173 -54.5889 2903.41
32.2299 -787.464 2956.76
366.136 -316.335 2834.64
275.373 -233.539 2835.13
283.621 -636.749 2905.4
322.717 208.665 2778.71
168.015 -16.2887 2789.74
FRAME: 179
185.667 485.001 2700.41
-32.4531 -78.3381 2759.77
42.8848 -1004.96 2990.31
29.6746 -316.563 2524.93
64.118 -233.259 2814.17
33.6614 -621.336 2893.45
7.31542 199.825 2740.56
163.37 204.741 2760.82
320.213 -55.8641 2907.08
50.856 -819.633 2991.32
351.528 -298.957 2833.31
272.595 -226.672 2841.24
270.08 -618.742 2913.37
319.425 209.656 2781.08
165.863 -12.6124 2794.26
FRAME: 180
182.698 487.538 2704.42
-37.576 -72.246 2771.76
41.105 -1003.77 2994.79
26.3937 -330.996 2561.06
62.5236 -229.692 2822.79
32.8663 -621.459 2899.23
4.90435 202.707 2747.98
160.307 208.056 2767.9
318.447 -53.4289 2914.79
81.7686 -801.288 2953.69
345.661 -296.783 2848.47
270.411 -222.485 2849.48
274.075 -621.335 2926.62
315.709 213.406 2787.82
163.387 -9.01583 2802.02
FRAME: 181
180.422 488.325 2707.74
-38.9432 -67.1116 2779.7
40.2658 -1001.17 2997.75
27.2381 -350.307 2611.42
61.3124 -225.474 2830.18
33.9126 -619.523 2901.89
3.32018 205.913 2752.08
157.86 211.077 2772.18
318.116 -51.4586 2916.85
80.0602 -806.814 2945.55
347.768 -296.874 2860.68
264.564 -218.641 2856.58
281.047 -623.753 2934.53
312.4 216.24 2792.28
160.399 -5.49045 2807.78
FRAME: 182
176.907 490.502 2711.59
-40.7777 -67.3948 2789.21
39.8418 -995.306 2999.26
13.577 -356.259 2610.44
59.2786 -226.249 2834.23
32.6856 -615.506 2903.89
1.77255 206.962 2753.75
154.907 212.903 2776.48
313.889 -51.7355 2922.56
82.5929 -803.198 2946.24
348.159 -309.059 2880.14
262.421 -218.335 2864.39
284.072 -626.414 2936.51
308.041 218.843 2799.22
157.878 -4.69477 2812.9
FRAME: 183
173.649 491.381 2716.68
-43.9812 -70.1423 2798.9
39.5856 -988.786 2999.55
3.15392 -368.739 2660.27
58.6359 -229.12 2839.99
32.0268 -609.346 2904.48
0.285916 207.916 2757.1
152.916 214.145 2781.02
310.902 -53.5911 2925.98
78.1062 -814.682 2976.08
354.611 -305.996 2914.4
259.505 -220.908 2871.38
269.129 -631.723 2940.81
305.547 220.375 2804.94
155.993 -5.43443 2818.35
FRAME: 184
172.328 490.82 2719.14
-45.2749 -66.9655 2805.04
39.3458 -987.868 2998.62
-12.4067 -385.433 2688.78
56.177 -226.241 2845.56
32.1965 -607.601 2903.42
-0.00177913 206.929 2759.99
151.824 213.519 2784.2
308.527 -52.6417 2931.66
70.1605 -845.287 2998.72
357.065 -311.62 2922.01
260.418 -217.346 2878.04
269.564 -636.628 2947.36
303.65 220.108 2808.4
155.061 -4.13736 2823
FRAME: 185
171.387 490.704 2719.75
-45.1131 -69.3703 2810.77
39.6638 -986.512 2996.59
-30.0395 -383.212 2719.8
54.2271 -228.45 2851.23
31.9559 -606.915 2904.27
-0.76433 207.201 2766.12
150.658 213.723 2788.76
306.873 -50.6977 2938.28
47.0628 -874.034 3017.76
357.996 -330.52 2943.81
261.479 -219.5 2882.24
264.161 -638.513 2952.95
302.081 220.245 2811.4
154.256 -5.12621 2827.75
FRAME: 186
172.427 489.677 2719.37
-44.9929 -69.3212 2818.09
40.3206 -986.195 2994.57
-59.083 -393.689 2773.13
51.4831 -228.714 2854.33
32.2864 -606.006 2902.88
-1.52573 208.321 2771.9
149.851 214.255 2794.18
306.837 -49.9161 2941.7
68.9736 -866.646 3044.52
361.732 -323.293 2953.92
260.557 -220.507 2885.09
263.26 -641.137 2962.68
301.229 220.19 2816.47
152.936 -5.17762 2831.95
FRAME: 187
172.292 487.699 2721.25
-45.0116 -73.6341 2830.9
40.6073 -984.936 2994.21
-66.1039 -395.002 2794.39
46.7304 -228.641 2858.1
32.225 -604.973 2903.82
-2.27681 208.74 2777.71
149.176 213.702 2799.36
306.655 -51.4292 2944.16
50.5548 -891.501 3052.79
365.274 -314.789 2970.25
259.444 -221.657 2888.52
263.766 -649.458 2969.58
300.628 218.664 2821.01
151.131 -5.7238 2836.34
FRAME: 188
173.187 484.357 2721.05
-43.7522 -76.2316 2837.9
41.0229 -990.651 2994.8
-69.5988 -422.916 2805.04
38.2297 -226.364 2862.16
32.6941 -609.242 2905.99
-2.54622 209.671 2781.22
148.843 212.759 2803.44
309.302 -50.6032 2952.22
39.719 -918.05 3055.92
371.514 -325.973 2969.99
255.422 -221.927 2894.05
259.119 -649.595 2979.44
300.232 215.847 2825.66
147.834 -5.6932 2840.77
FRAME: 189
174.019 481.867 2722.3
-44.2199 -77.7928 2839.27
41.261 -993.907 2994.77
-71.0454 -409.875 2811.37
32.914 -227.862 2867.03
33.2379 -612.896 2909.37
-2.76424 210.267 2783.16
149.193 211.888 2807.23
308.248 -52.2372 2954.24
31.4747 -936.152 3049.37
373.479 -328.706 2977.61
250.472 -225.498 2901.47
251.364 -654.12 2979.76
301.151 213.509 2831.31
145.443 -7.39627 2845.74
FRAME: 190
174.452 479.002 2724.67
-42.7493 -80.0137 2842.16
41.355 -997.639 2995.34
-62.6766 -424.327 2813.58
35.9131 -232.232 2868.88
34.7476 -618.514 2913.93
-2.93784 208.979 2784.82
149.836 211.86 2810.22
308.757 -53.6565 2958.67
22.4275 -942.1 3054.73
383.774 -336.122 3007.96
254.874 -228.085 2905.26
240.332 -659.838 2978.21
302.61 214.742 2835.62
147.615 -9.14896 2848.65
FRAME: 191
176.824 475.731 2726.28
-40.9468 -83.42 2845.64
41.261 -996.407 2997.86
-61.9809 -427.903 2812.84
39.8647 -230.105 2869.91
34.5613 -617.934 2917.16
-1.66148 207.048 2787.17
151.26 210.827 2813.2
312.103 -54.9167 2965.72
24.2174 -943.664 3056.37
376.406 -351.345 3012.22
258.518 -224.633 2907.18
237.162 -643.066 2972
304.181 214.607 2839.22
150.226 -8.27079 2850.87
FRAME: 192
177.734 473.65 2727.76
-36.6119 -83.5125 2853.49
40.7704 -997.221 2999.04
-51.0995 -418.411 2797.24
37.6331 -229.023 2873.22
36.1928 -615.3 2919
0.385293 205.871 2789.78
153.058 210.133 2816.58
313.944 -56.3368 2970.98
19.0843 -948.509 3077.66
384.11 -341.932 3014.63
265.656 -222.559 2913.3
237.455 -644.205 2976.8
305.73 214.395 2843.38
152.351 -7.82878 2854.92
FRAME: 193
179.472 471.667 2730.54
-35.5145 -82.8269 2867.52
40.9595 -999.259 2998.77
-34.9369 -425.681 2812.31
37.997 -229.087 2878.23
37.4693 -616.098 2920.09
1.95345 205.628 2795.15
155.472 208.804 2820.51
316.374 -57.91 2972.75
19.9088 -942.802 3083.69
387.509 -334.908 3012.45
265.581 -224.336 2915.94
247.524 -653.723 2978.65
308.99 211.979 2845.87
153.63 -8.95394 2858.8
FRAME: 194
182.411 468.213 2733.86
-36.5425 -82.4638 2875.75
41.27 -1001.34 3000.29
-33.0868 -406.964 2799.13
38.5337 -229.389 2882.26
37.1866 -615.516 2921.39
2.85821 205.14 2797.73
156.673 208.676 2822.95
319.527 -56.65 2976.35
49.8413 -917.236 3123.63
385.104 -337.692 3018.09
269.065 -224.024 2920.18
263.964 -664.241 2989.29
310.488 212.212 2848.18
155.236 -9.01525 2862.09
FRAME: 195
184.084 468.106 2736.27
-36.8638 -84.818 2878.12
41.3624 -1000.83 3001.99
-24.2304 -414.496 2802.65
39.0205 -228.195 2885.75
38.6203 -614.886 2921.8
4.70046 205.399 2799.72
158.344 208.908 2824.4
320.76 -58.6635 2979.23
45.5458 -923.705 3111.08
379.881 -328.816 3026.31
271.653 -222.834 2923.2
253.598 -651.701 2985.6
311.987 212.418 2849.08
156.84 -8.303 2864.43
FRAME: 196
184.372 469.04 2735.77
-37.2516 -85.6465 2875
42.8211 -1004.06 3002.06
-23.7958 -415.648 2796.02
40.8922 -228.533 2887.94
44.4402 -619.602 2918.12
5.71917 205.035 2800.69
159.725 209.129 2825.84
323.047 -54.3018 2982.22
40.2073 -937.936 3066.58
383.536 -329.505 3030.34
275.133 -222.305 2926.21
256.552 -652.389 2981.32
313.731 213.223 2850.99
158.869 -8.14508 2866.46
FRAME: 197
185.799 468.705 2736.19
-35.2395 -86.4786 2875.82
44.4282 -1002.18 2999.87
-24.2319 -414.087 2798.64
43.4555 -230.371 2888.72
56.6869 -621.109 2906.56
7.07648 205.742 2802.59
161.233 209.785 2827.56
327.864 -48.0549 2986.72
46.5261 -933.691 3084.61
380.187 -330.832 3032.81
276.113 -224.258 2926.4
263.857 -651.01 2971.59
315.39 213.827 2852.53
160.509 -8.76501 2867.56
FRAME: 198
188.362 467.295 2737.97
-32.7778 -87.8585 2876.82
50.3158 -1003.65 2994.31
-17.444 -421.304 2804.34
54.8388 -234.029 2889.24
65.6886 -619.25 2897.03
9.22408 203.742 2803.07
162.901 209.372 2828.27
326.775 -48.9399 2989.88
60.3438 -911.173 3115.23
390.723 -313.193 3040.1
277.258 -225.953 2925.77
267.026 -652.038 2976.25
316.579 215.002 2853.48
164.475 -10.3096 2867.89
FRAME: 199
190.372 467.68 2740.02
-25.9528 -86.4704 2870.08
54.9117 -1001.33 2985.34
-20.1216 -420.425 2794.43
62.9589 -235.285 2887.35
76.033 -619.48 2887.32
12.2155 203.334 2803.56
165.564 209.524 2829.84
327.101 -39.2298 2998.37
74.7298 -890.749 3166.42
375 -310.322 3053.53
277.911 -226.714 2924.1
280.565 -646.04 2982.31
318.913 215.715 2856.13
168 -10.7377 2867.78
FRAME: 200
192.542 467.13 2740.01
-25.8058 -84.0365 2866.07
62.5104 -1000.35 2973.76
-21.1383 -414.616 2777.23
70.2394 -232.085 2886.32
83.3773 -619.802 2867.98
13.4947 203.232 2803.68
167.019 210.005 2829.62
327.604 -30.7402 3006.63
73.7175 -894.634 3140.62
374.039 -294.342 3049.19
277.429 -222.981 2921.31
282.45 -638.068 2979.92
320.543 216.778 2855.56
170.427 -8.76404 2866.72
FRAME: 201
196.275 466.575 2741.19
-22.0444 -83.6947 2859.73
82.3108 -1006.97 2931.86
-32.6358 -423.475 2761.27
74.101 -231.008 2880.52
98.9118 -626.897 2837.25
14.8614 203.83 2802.42
168.549 209.99 2829.09
325.231 -26.2277 3014.06
111.6 -867.742 3204.76
390.616 -300.218 3085.85
274.064 -223.08 2915.18
285.098 -633.496 2971.94
322.237 216.15 2855.76
171.316 -8.52702 2863.47
FRAME: 202
200.071 466.753 2740.59
-19.38 -74.6764 2854.74
95.1416 -992.997 2887.25
-34.1922 -421.162 2780.05
72.2773 -224.073 2872.69
112.41 -609.69 2794.47
22.0047 209.811 2800.13
173.023 212.939 2826.78
323.974 -9.59593 3017.69
110.837 -872.03 3202.55
385.314 -290.649 3075.47
269.246 -220.028 2907.45
286.867 -633.367 2966.05
324.041 216.067 2853.44
171.892 -4.55571 2858.43
FRAME: 203
202.265 466.543 2740.51
-20.4853 -72.3479 2849.4
99.7577 -995.379 2852.96
-48.306 -409.728 2761.43
75.997 -234.015 2854.4
112.86 -622.672 2765.38
26.6729 211.534 2796.27
174.862 213.063 2822.71
320.876 -16.7817 3003.81
115.355 -870.218 3203.56
362.458 -365.972 3017.51
265.66 -232.078 2888.33
283.995 -632.074 2955.27
323.052 214.591 2849.15
172.845 -9.99179 2847.04
FRAME: 204
206.839 465.064 2739.65
-18.283 -77.7102 2838.44
104.249 -990.294 2811.78
-57.463 -404.297 2755.67
83.4874 -253.639 2832.17
117.375 -636.353 2747.47
33.2808 205.767 2783.89
179.27 207.241 2814.58
318.385 -32.248 2981.53
116.297 -874.459 3201
377.201 -336.865 3005.47
269.023 -251.725 2871.26
284.902 -645.917 2936.02
325.26 208.714 2845.26
177.763 -22.7206 2833.15
FRAME: 205
211.606 462.704 2737.45
-19.1162 -85.3059 2824.83
102.434 -993.885 2753.6
-77.1497 -396.112 2722.66
87.649 -263.152 2818.64
117.208 -652.177 2727.86
37.1724 200.23 2772.53
181.814 201.622 2806.03
323.93 -26.8124 2981.71
120.649 -879.717 3199.13
382.884 -334.445 3002.01
269.733 -261.375 2860.8
290.482 -662.178 2932.61
326.457 203.013 2839.53
180.253 -30.3211 2822.88
FRAME: 206
218.497 455.413 2729.31
-24.0526 -92.0879 2809.33
114.123 -1004.05 2720.32
-99.023 -406.422 2704.47
88.1132 -268.146 2805.28
112.121 -670.316 2697.38
41.0844 192.17 2760.4
185.296 192.443 2795.85
320.39 -33.4513 2975.34
135.076 -894.395 3174.97
378.844 -317.118 2988.97
268.905 -267.764 2849.74
293.796 -671.63 2917.74
329.508 192.715 2831.3
181.903 -37.7561 2811.68
FRAME: 207
221.384 447.916 2722.63
-27.8043 -94.392 2800.57
118.791 -1025.21 2675.79
-122.636 -408.435 2694.09
86.8237 -273.281 2787.8
106.884 -682.056 2679.22
42.7227 186.718 2748.41
187.256 185.543 2784.58
324.116 -38.5265 2970.62
138.698 -899.753 3176.44
392.315 -364.574 2969.55
267.421 -274.712 2833.05
290.464 -690.099 2898.14
331.79 184.368 2820.74
182.189 -44.2266 2797.5
FRAME: 208
228.026 426.684 2701.82
-35.2705 -97.5409 2782.16
111.847 -984.156 2593.07
-139.276 -390.445 2692.6
85.6345 -279.858 2765.26
103.014 -697.052 2649.78
44.8615 175.641 2730.19
188.315 173.02 2769.23
321.557 -47.3001 2965.13
133.435 -917.748 3150.34
395.688 -389.089 2956.68
263.366 -283.091 2813.7
289.872 -693.823 2888.17
331.769 170.4 2808.27
181.408 -54.2271 2779.35
FRAME: 209
233.853 414.193 2692.01
-46.7142 -102.772 2767.09
111.258 -960.088 2555.68
-145.51 -382.471 2704.65
86.4911 -288.98 2747.63
95.1379 -701.03 2611.3
47.2089 164 2718.6
188.104 160.557 2758.57
322.2 -54.3531 2955.32
136.87 -936.68 3130.66
378.386 -396.992 2935.12
260.443 -293.212 2797
289.182 -700.541 2871.32
328.999 157.115 2798.54
180.786 -65.2691 2765.44
FRAME: 210
239.829 395.671 2672.31
-51.6369 -103.009 2757.99
107.093 -950.078 2532.73
-155.318 -377.908 2701.25
84.7877 -299.035 2735.3
95.035 -701.082 2583.44
49.7249 153.189 2705.8
188.548 148.563 2741.71
322.513 -65.5144 2922.08
137.457 -936.584 3123
365.947 -416.137 2919.18
255.013 -304.671 2779.41
290.031 -713.55 2847.69
327.371 143.937 2777.63
179.224 -76.645 2749.53
FRAME: 211
241.824 382.64 2658.41
-52.9571 -107.36 2741.53
94.3344 -970.272 2557.62
-173 -386.983 2690.53
90.8454 -310.832 2714.64
93.8703 -708.306 2563.27
56.0394 140.771 2682.52
189.998 137.233 2720.87
316.512 -67.2623 2921.69
136.374 -964.717 3092.85
354.154 -415.783 2908.91
256.42 -315.171 2762.06
293.326 -731.71 2822.01
323.956 133.694 2759.23
181.815 -87.8844 2729.61
FRAME: 212
239.435 365.061 2643.28
-61.548 -113.006 2721.66
97.7182 -972.776 2522.65
-228.785 -414.579 2659.1
92.2937 -326.436 2697.4
89.7665 -699.242 2538.64
60.756 128.176 2660.22
189.117 125.081 2698.53
309.503 -77.3491 2907.5
164.986 -1010.73 3031.76
342.648 -429.088 2899.78
251.401 -330.246 2745.19
296.323 -747.32 2807.5
317.478 121.986 2736.84
180.482 -101.63 2709.91
FRAME: 213
241.207 346.872 2613.83
-65.8816 -120.262 2704.34
90.7753 -998.3 2514.17
-233.988 -419.292 2647.49
89.1468 -336.034 2676.22
76.3616 -706.092 2514.58
59.2925 116.553 2639.48
187.56 113.115 2679.84
305.226 -86.1654 2891.05
160.701 -1009.88 3027.43
334.279 -437.449 2897.8
248.509 -340.197 2726.73
296.511 -755.028 2794.42
315.827 109.677 2720.19
178.194 -112.5 2690.65
FRAME: 214
240.524 335.219 2572.45
-70.6495 -141.534 2669.07
72.8707 -1049.06 2542.83
-240.855 -440.43 2641.84
84.7415 -352.798 2641.36
86.1615 -718.278 2483.21
53.2063 95.5454 2596.33
183.354 93.3685 2646.11
298.258 -91.5587 2884.21
170.438 -1023.74 3007.42
451.703 -342.758 2812.12
247.377 -355.52 2703.68
283.547 -777.257 2757.29
313.502 91.1915 2695.9
174.707 -130.395 2659.32
FRAME: 215
232.101 303.86 2488.12
-72.8747 -155.513 2615.68
68.5354 -1057.4 2542.46
-242.03 -457.888 2603.1
68.8163 -366.598 2584.3
85.3359 -738.955 2465.82
41.1317 81.3558 2543.82
176.655 76.2069 2575.31
295.454 -102.412 2859.6
172.492 -1055.32 2963.34
481.094 -362.359 2634.22
238.094 -373.088 2623.91
274.767 -785.088 2711.16
312.177 71.0581 2606.8
165.055 -146.818 2589.71
FRAME: 216
227.53 291.205 2445.86
-78.7735 -173.544 2591.13
66.8208 -1082.14 2541.75
-239.692 -464.775 2584.38
62.6811 -377.409 2549.91
74.9978 -747.46 2433.94
28.8145 61.4615 2517.17
173.619 55.1482 2542.55
309.079 -187.438 2704.84
176.053 -1064.69 2937.7
489.99 -385.193 2514.73
238.823 -385.122 2580.63
260.014 -796.391 2644.85
318.424 48.8348 2567.94
162.186 -163.059 2553.91
FRAME: 217
227.973 285.077 2413.6
-86.8876 -188.256 2549.8
70.6264 -1089.33 2543.61
-250.8 -486.59 2553.58
50.9008 -386.352 2511.76
65.3257 -751.783 2402.83
21.8564 44.4342 2475.14
170.864 36.4292 2491.83
327.68 -228.232 2613.29
184.096 -1087.76 2889.87
496.874 -399.891 2402.35
238.627 -396.47 2532.83
252.073 -814.913 2585.4
319.871 28.4242 2508.52
157.814 -177.491 2507.06
FRAME: 218
221.994 270.072 2376.29
-93.0275 -199.215 2526.28
76.9951 -1109.48 2535.08
-252.426 -501.383 2526.98
47.6902 -395.331 2485.24
59.7764 -761.327 2366.61
15.5231 32.9569 2452.75
170.736 22.4367 2459.45
349.063 -247.528 2566.53
177.195 -1099.69 2854.89
492.745 -413.347 2282.67
233.288 -407.93 2493.38
238.529 -830.226 2539.56
325.949 11.9165 2466.15
155.612 -189.597 2474.38
FRAME: 219
210.293 258.221 2325.62
-97.8688 -206.089 2506.71
68.7016 -1110.06 2542.49
-253.748 -497.424 2505.26
35.7928 -407.593 2443.52
48.7144 -782.994 2330.35
2.83126 21.527 2413.08
159.275 10.4255 2408.8
372.231 -249.176 2426.99
180.449 -1118.55 2825.4
491.913 -423.575 2170.13
224.004 -420.989 2438.54
239.013 -835.788 2495.44
315.72 -0.676013 2404.52
144.587 -201.933 2424.92
FRAME: 220
205.626 241.115 2296.48
-102.893 -222.129 2489.63
84.8588 -1164.06 2513.31
-263.409 -522.968 2486.83
32.4925 -415.956 2423.1
48.9941 -819.104 2320.89
-2.59998 10.8115 2398.33
151.431 0.727291 2384.13
374.169 -253.383 2330.68
176.487 -1130.22 2796.86
484.321 -423.04 2056.93
220.102 -428.228 2406.14
238.914 -835.045 2467.46
305.462 -9.35688 2369.92
138.864 -210.682 2399.37
FRAME: 221
194.528 212.926 2244.79
-109.382 -240.554 2465.8
72.4329 -1200.09 2495.71
-272.964 -538.695 2477.01
28.2551 -435.291 2390.08
44.7541 -837.857 2297.54
-14.7991 -9.51311 2359.25
137.059 -16.5336 2342.05
372.641 -263.867 2250
177.6 -1166.78 2744.07
426.233 -376.183 1917.06
216.022 -443.983 2368.79
232.798 -883.607 2422.11
288.917 -23.5541 2324.85
129.599 -228.085 2360.74
FRAME: 222
187.778 185.415 2206.73
-113.226 -254.945 2435.99
72.3316 -1233.06 2477.58
-276.552 -547.538 2464.12
21.8239 -447.914 2360.84
25.3089 -861.294 2309.82
-19.5418 -27.0043 2324.3
132.679 -35.2158 2303.43
369.774 -272.75 2179.93
178.836 -1189.83 2697.7
406.175 -369.869 1849.87
211.287 -458.148 2334.93
221.46 -904.053 2380.5
284.9 -43.4273 2282.55
124.617 -244.124 2325.66
FRAME: 223
183.054 154.31 2157.85
-118.865 -289.283 2388.36
66.1669 -1271.44 2473.55
-277.909 -582.339 2457.49
17.1801 -478.038 2325.49
19.3964 -895.294 2308.13
-22.7334 -54.4134 2285.13
125.866 -61.7284 2258.57
369.469 -293.396 2100.71
183.998 -1192.45 2649.96
388.891 -339.046 1741.57
210.601 -487.54 2290.8
220.9 -930.897 2315.27
274.465 -69.0434 2232.01
119.878 -272.259 2283.36
FRAME: 224
176.023 127.328 2126.89
-117.865 -305.035 2373.28
65.8971 -1288.35 2453.83
-275.058 -591.618 2458.77
14.7839 -497.865 2297.89
23.1592 -914.233 2286.84
-27.3557 -71.7393 2262.68
119.603 -77.8203 2232.4
354.785 -298.656 2061.75
182.122 -1226.69 2616.22
340.422 -363.732 1674.05
207.953 -505.824 2258.02
220.114 -947.325 2301.92
266.563 -83.9013 2202.12
115.486 -289.832 2255.18
FRAME: 225
171.968 112.64 2103.97
-117.235 -314.904 2359.8
63.058 -1289.24 2419.65
-268.415 -614.965 2460.71
15.1047 -501.926 2276.88
20.6464 -918.965 2228.16
-28.0816 -78.2367 2247.78
116.969 -85.8759 2205.95
349.615 -305.407 2012.88
185.925 -1257.84 2574.63
329.142 -369.631 1671.75
200.022 -511.627 2223.71
231.614 -953.482 2277.17
262.019 -93.515 2164.12
112.266 -296.326 2228.12
FRAME: 226
169.82 101.454 2087.34
-116.747 -324.811 2349.13
62.1493 -1311.57 2403.32
-260.755 -630.322 2458.07
15.3796 -511.848 2263.64
23.0182 -932.472 2226.74
-32.817 -91.1292 2232.88
111.726 -100.784 2181.3
331.784 -326.645 1951.84
187.297 -1282.06 2547.56
293.448 -359.542 1561.77
189.529 -523.425 2201.66
240.57 -964.512 2262.86
256.27 -110.439 2129.72
107.09 -309.21 2206.97
FRAME: 227
164.466 92.5013 2068.05
-110.709 -332.579 2335.65
58.2508 -1333.98 2388.76
-247.271 -634.702 2453.47
16.285 -521.208 2250
17.6355 -947.749 2224.26
-31.5379 -101.23 2217.01
111.577 -112.579 2164.5
316.314 -337.594 1925.59
185.568 -1288.6 2522.59
261.016 -370.268 1515.97
182.005 -534.29 2189.26
244.422 -974.637 2237.35
254.692 -123.927 2112
105.361 -320.164 2192.07
FRAME: 228
160.955 85.5451 2051.57
-105.88 -335.943 2327.1
58.8323 -1345.93 2399.55
-236.192 -651.027 2442.63
13.3661 -527.431 2240.29
22.7802 -954.304 2263.96
-29.0471 -103.347 2206.2
111.087 -118.175 2150.56
291.248 -330.395 1893.53
180.777 -1301.97 2499.51
239.07 -370.368 1504.98
167.843 -543.429 2179.15
237.364 -980.786 2236.05
251.222 -133.002 2094.92
100.846 -326.802 2180.14
FRAME: 229
156.938 72.2872 2039.13
-94.989 -340.764 2331.39
51.2345 -1352.36 2364.29
-220.672 -650.255 2439.27
13.0436 -541.067 2228.75
13.846 -968.036 2214.84
-28.4359 -110.478 2208.29
107.196 -126.565 2142.49
274.465 -334.899 1879.52
186.635 -1330.21 2483.82
214.476 -378.012 1491.49
151.797 -557.114 2161.28
233.619 -991.18 2225.38
242.827 -142.652 2076.68
94.8079 -337.828 2168.75
FRAME: 230
151.639 61.4173 2025.93
-84.5996 -351.572 2333.55
53.7788 -1382.35 2356.98
-207.813 -663.055 2430.57
11.3233 -545.564 2228.63
15.701 -980.083 2224.53
-26.9552 -117.82 2205.9
103.005 -136.731 2131.04
260.223 -332.955 1862.4
186.496 -1342.29 2448.01
189.286 -382.074 1466.83
142.229 -564.502 2153.45
219.427 -1000.12 2201.82
232.965 -155.643 2056.17
89.8904 -345.882 2161.04
FRAME: 231
150.281 52.4918 2013.8
-79.6693 -354.375 2331.56
51.3359 -1386.07 2349.26
-194.861 -677.539 2435.44
9.98046 -543.213 2223.69
8.18158 -978.475 2234.08
-22.0007 -120.285 2205.1
102.193 -144.845 2120.12
245.831 -332.287 1831.86
184.755 -1361.04 2419.37
181.898 -387.183 1461.99
122.287 -564.862 2147.02
212.241 -997.779 2193.81
226.388 -169.404 2035.14
84.1636 -349.441 2152.74
FRAME: 232
148.427 46.5932 2001.87
-72.2361 -359.685 2325.38
53.165 -1383.74 2351.19
-185.155 -671.472 2432.98
8.77017 -538.135 2221.31
2.3693 -974.664 2241.58
-17.3688 -120.788 2202.79
102.474 -150.282 2111.14
238.134 -336.406 1817.51
189.991 -1371.65 2390.17
176.646 -391.014 1445.92
109.676 -563.036 2143.24
207.487 -996.438 2183.07
222.317 -179.776 2019.49
80.8485 -350.434 2146.71
FRAME: 233
148.452 38.2931 1988.71
-69.1955 -359.851 2319.68
54.4788 -1391.22 2347.05
-182.008 -672.767 2435.3
7.17725 -539.096 2220.86
-2.1141 -977.976 2258.13
-16.1183 -120.678 2203.85
101.732 -153.108 2108.56
233.011 -342.278 1811.64
198.056 -1382.94 2364.31
169.221 -399.95 1438.84
98.9195 -564.554 2145.64
201.097 -998.533 2172.39
219.581 -185.538 2013.26
77.39 -352.466 2145.9
FRAME: 234
149.022 36.6308 1983.5
-68.1184 -355.991 2315.49
45.982 -1384.81 2335.23
-184.112 -675.042 2429
8.06005 -535.985 2218.85
-6.72855 -970.754 2254.03
-14.6639 -121.622 2199.95
102.054 -153.799 2104.03
232.972 -341.756 1809.36
197.281 -1391.89 2336.24
170.557 -405.812 1441.04
104.411 -562.714 2139
204.865 -994.868 2173.44
218.772 -185.976 2008.12
79.1448 -351.574 2141.48
FRAME: 235
147.088 36.7013 1982.21
-68.6207 -342.309 2302.39
49.7976 -1368.06 2342.79
-188.919 -657.114 2427.68
4.35738 -518.755 2216
-13.1505 -951.481 2268.27
-10.9016 -111.714 2191.06
99.2685 -138.229 2093.64
235.907 -345.043 1817.98
200.002 -1370.33 2302.38
166.287 -415.555 1452.11
120.994 -541.63 2102.32
201.911 -974.728 2134.04
209.439 -164.745 1996.22
80.9722 -334.211 2126.4
FRAME: 236
145.647 36.9099 1975.05
-71.6849 -346.013 2287.69
45.6762 -1359.74 2335.64
-211.583 -652.974 2422.28
5.61665 -514.312 2217.38
-11.9521 -940.39 2290.69
-10.1825 -110.665 2181.72
98.0089 -136.296 2088.61
236.876 -346.674 1821.9
203.04 -1375.51 2272.04
176.056 -424.651 1461.61
126.585 -539.368 2099.65
199.062 -974.66 2114.98
206.2 -161.928 1995.51
82.0548 -331.568 2123.56
FRAME: 237
146.159 37.7052 1971.76
-73.8761 -345.488 2278.85
46.3373 -1364.83 2327.48
-214.677 -647.477 2412.45
7.19097 -515.492 2216.95
-8.87041 -943.03 2299.91
-10.6396 -108.377 2177.54
99.1138 -134.161 2088.01
240.342 -346.907 1831.13
204.326 -1381.96 2248.12
179.197 -428.124 1455.83
128.738 -542.509 2107.55
195.933 -979.034 2097
208.867 -159.944 1998.48
83.5391 -331.581 2125.13
FRAME: 238
146.927 39.2687 1971.05
-78.064 -340.602 2274.79
48.1474 -1363.71 2312.43
-225.049 -643.06 2402.5
4.81603 -512.159 2215.38
-6.68638 -942.089 2291.54
-12.1301 -105.192 2172.6
97.7831 -132.923 2084.5
238.873 -353.528 1833.22
203.277 -1383.03 2233.49
191.647 -435.324 1474.85
122.448 -541.798 2111.82
190.763 -978.33 2087.68
207.696 -160.653 1996.41
80.7075 -329.951 2124.05
FRAME: 239
148.179 44.2304 1970.6
-87.0159 -334.379 2273.47
50.904 -1363.62 2304.4
-231.507 -642.373 2396.24
1.86669 -508.489 2218.81
1.48728 -941.488 2294.3
-11.7863 -103.694 2173.44
98.9798 -132.27 2086.93
238.533 -350.322 1840.81
201.669 -1373.86 2203.86
196.855 -443.726 1479.55
122.058 -538.812 2117.99
186.423 -969.506 2058.39
209.746 -160.846 2000.43
80.471 -327.96 2127.67
FRAME: 240
150.188 54.6006 1969.34
-98.1652 -336.419 2266.2
54.7394 -1359.22 2305.76
-242.466 -639.884 2361.83
4.39015 -511.836 2203.75
7.31503 -943.121 2290.31
-18.0009 -103.594 2162.12
99.4496 -128.457 2085.77
243.823 -345.16 1852.89
193.036 -1369.16 2179.82
214.83 -435.707 1514.97
123.823 -536.036 2119.57
179.237 -963.869 2035.7
216.9 -153.32 2009.43
81.7781 -326.196 2123.72
FRAME: 241
150.709 72.9198 1973.12
-102.071 -335.383 2269
52.4524 -1372.65 2296.32
-247.776 -639.429 2344.1
1.60383 -512.529 2204.49
3.15143 -949.643 2281.18
-25.0541 -98.7814 2160.94
96.2684 -118.281 2088.4
246.706 -340.188 1866.37
190.641 -1381.27 2189.96
223.913 -449.171 1547.68
141.015 -533.655 2113.79
178.941 -970.742 2063.17
217.591 -137.78 2015.86
83.789 -320.686 2123.77
FRAME: 242
150.338 91.4571 1981.18
-105.089 -327.653 2268.01
47.9251 -1352.08 2288.62
-245.485 -630.18 2319.99
1.61942 -500.006 2204.57
0.769783 -937.823 2277.26
-28.1864 -89.1299 2160.29
96.3611 -107.675 2091.76
249.799 -328.554 1879.49
187.471 -1364.25 2176.54
236.941 -464.759 1582.91
145.45 -520.361 2120.15
176.577 -955.679 2045.87
220.909 -126.221 2023.23
84.9478 -308.929 2127.06
FRAME: 243
148.305 136.458 1997.83
-108.469 -321.176 2267.7
44.9662 -1350.92 2285.11
-232.68 -628.466 2245.46
3.96161 -487.761 2199.84
-3.99747 -927.264 2271.16
-35.0405 -68.3676 2174.51
99.0518 -80.9434 2110.91
262.142 -302.794 1924.45
184.532 -1352.68 2183.09
260.93 -472.909 1687.27
160.188 -501.315 2122.07
179.894 -938.472 2081.01
233.144 -93.5191 2047.3
90.5633 -287.741 2135.93
FRAME: 244
149.732 170.578 2011.96
-109.372 -296.759 2260.72
43.7959 -1331.1 2285.24
-207.948 -616.382 2202.15
8.4916 -466.153 2196.01
-4.14561 -906.488 2265.78
-37.4788 -48.9063 2182.1
103.055 -56.6451 2127.57
269.926 -281.918 1951.34
179.541 -1329.63 2187.17
284.336 -479.788 1740.21
174.598 -474.425 2128.82
184.868 -912.857 2105.21
243.588 -64.384 2073.04
97.2997 -263.467 2144.99
FRAME: 245
152.251 204.743 2030.72
-109.297 -277.962 2254.59
48.4359 -1314.52 2288.96
-183.203 -599.667 2162.02
16.0209 -448.785 2196.66
-3.27601 -889.859 2262.41
-37.4314 -26.288 2184.52
108.055 -32.0836 2139.71
290.787 -260.112 2000.2
177.938 -1319.34 2192.81
305.628 -476.576 1819.43
185.275 -455.522 2144.47
190.26 -897.76 2132.61
253.541 -37.8793 2094.91
104.351 -242.118 2155.14
FRAME: 246
153.28 233.641 2054.24
-105.894 -259.99 2247.69
50.2946 -1290.8 2292.36
-151.677 -575.789 2117.84
23.6235 -429.84 2205.02
14.3169 -870.699 2238.78
-34.9303 -2.01946 2186.03
116.586 -6.34482 2156.47
295.711 -243.375 2049.91
176.817 -1307.06 2210.58
322.511 -491.49 1898.09
197.161 -434.754 2171.34
209.119 -869.988 2199.57
268.103 -10.6702 2126.92
113.489 -219.321 2172.33
FRAME: 247
152.177 261.324 2079.08
-97.1376 -247.74 2235.39
53.2455 -1274.45 2300.43
-121.059 -555.4 2079.9
33.966 -415.075 2216.99
46.5787 -857.814 2215.27
-34.3901 17.2327 2191.38
120.462 16.6385 2178.37
298.511 -226.139 2104.48
179.052 -1280.47 2221.51
328.971 -489.215 1980.05
208.557 -415.692 2202.54
218.584 -854.506 2252.5
275.315 16.0444 2165.35
120.862 -199.373 2194.06
FRAME: 248
151.566 280.964 2100.51
-90.08 -248.563 2226.23
54.7593 -1267.15 2313.46
-93.9006 -540.951 2065.34
43.0886 -405.357 2235.13
59.7174 -849.536 2220.7
-35.0146 26.3808 2200.3
122.408 29.1158 2193.31
314.507 -208.163 2201.86
180.504 -1274.88 2235.01
348.376 -486.578 2065.49
219.89 -402.29 2227.33
231.726 -840.064 2281.55
279.83 31.8508 2186.32
126.949 -187.354 2212.27
FRAME: 249
151.927 318.661 2163.92
-77.8871 -236.666 2223.27
54.423 -1259.06 2330.55
-9.51662 -465.448 1992.53
51.1035 -388.375 2272.82
54.129 -834.553 2269.91
-28.4862 48.392 2233.05
128.147 51.7237 2231.75
320.664 -193.859 2302.32
183.676 -1260.34 2259.72
367.778 -485.718 2222.56
224.286 -384.673 2271.88
239.104 -816.581 2330.45
284.78 55.0553 2230.45
132.921 -167.4 2252.05
FRAME: 250
155.797 343.271 2242.23
-48.125 -215.336 2258.56
57.8742 -1259.87 2340.5
81.254 -397.462 2010.83
62.8805 -374.489 2309.34
66.0873 -814.719 2299.52
-15.9136 65.3264 2285.79
139.702 67.5098 2294.58
326.173 -184.747 2383.43
184 -1259.47 2294.01
380.294 -489.578 2369.22
227.759 -372.12 2318.32
237.791 -796.084 2401.31
295.318 69.6932 2303.37
142.511 -152.897 2304.2
FRAME: 251
160.608 346.925 2268.54
-30.2395 -202.769 2296.9
63.8204 -1266.76 2361.62
121.74 -372.106 2040.04
68.3641 -363.869 2351.31
60.4958 -795.475 2376.01
-9.15123 71.2532 2329.31
147.937 72.1014 2333.38
329.772 -181.048 2432.94
187.502 -1250.49 2329.26
383.524 -479.695 2431.74
231.453 -362.97 2355.6
240.614 -776.419 2429.32
305.025 72.9495 2337.46
148.923 -145.659 2343.42
FRAME: 252
167.921 353.338 2296.05
-15.2579 -192.906 2330.37
68.5569 -1258.77 2371.05
156.918 -350.262 2085.38
67.934 -350.768 2401.3
75.8391 -781.637 2399.34
-2.30216 78.1768 2366.18
153.343 77.1418 2367.44
331.869 -182.523 2464.24
186.622 -1231.83 2359.72
386.64 -469.926 2485.15
232.53 -351.94 2402.49
224.432 -767.942 2434.12
308.989 76.1068 2368.71
151.788 -137.106 2384.67
FRAME: 253
177.169 362.429 2332.04
-4.83039 -186.577 2365.15
77.9035 -1245.25 2397.86
187.136 -342.202 2138.85
76.2564 -338.674 2448.94
80.1397 -761.127 2450.45
11.1769 91.771 2405.72
163.798 89.6305 2404.58
341.14 -170.646 2514.48
182.889 -1214.72 2393.26
339.34 -411.218 2379.3
239.731 -341.029 2447.59
220.718 -765.611 2446.95
316.418 87.49 2403.45
160.896 -125.111 2426.42
FRAME: 254
180.976 369.587 2359.74
1.47397 -183.123 2388.39
86.7583 -1230.45 2427.44
210.875 -348.66 2199.64
78.8729 -336.147 2476.44
87.4319 -761.631 2471.23
16.1464 98.0912 2426.22
166.296 96.6482 2426.87
337.23 -167.352 2538.54
179.219 -1190.42 2432.58
312.956 -373.694 2289.88
245.111 -337.777 2477.06
225.836 -768.598 2450.53
316.445 95.2053 2427.51
164.144 -120.157 2451.81
FRAME: 255
189.611 378.281 2388.59
4.62846 -174.064 2421.08
94.5428 -1222.76 2457.48
216 -365.662 2265.35
87.1306 -328.47 2508.99
93.4857 -758.709 2495.3
19.5608 104.828 2440.36
169.323 105.867 2448.59
332.945 -160.616 2572.56
172.1 -1159.19 2473.82
276.663 -355.434 2251.07
250.292 -327.336 2517.93
219.699 -760.563 2463.66
319.086 106.906 2456.82
169.017 -111.018 2481.02
FRAME: 256
199.992 405.252 2429.46
8.32911 -146.107 2446.88
102.337 -1195.87 2484.55
180.551 -374.311 2409.22
96.4852 -303.028 2531.95
107.638 -723.992 2520
36.4162 130.335 2453.12
178.418 133.663 2486
326.438 -152.038 2608.33
163.094 -1138.39 2512.51
270.574 -420.891 2440.83
250.845 -299.252 2567.74
236.084 -693.409 2610.37
320.42 136.991 2518.88
176.041 -83.7385 2517.92
FRAME: 257
210.167 420.795 2466.29
11.1077 -134.696 2482.26
111.308 -1133.52 2530.98
108.867 -366.023 2416.73
98.7493 -299.389 2558.87
114.649 -707.581 2541.86
49.5926 139.202 2471.59
186.097 144.043 2515.09
325.891 -147.704 2666.92
157.256 -1119.15 2551.28
327.584 -404.595 2503.14
259.882 -293.509 2610.48
266.486 -674.465 2676.46
322.601 148.884 2558.58
182.706 -76.2029 2549.88
FRAME: 258
215.965 428.826 2489.86
8.44958 -124.078 2502.84
119.253 -1078.07 2575.61
108.815 -364.169 2422.77
95.7525 -293.75 2573.19
116.988 -701.085 2557.33
55.8853 143.256 2483.54
188.767 147.599 2536.48
317.545 -133.805 2709.06
153.864 -1101.73 2593.48
339.138 -403.904 2675.43
255.668 -288.378 2636.98
258.859 -666.9 2703.32
321.648 151.941 2589.42
182.238 -71.7325 2570.78
FRAME: 259
219.664 432.932 2504.58
5.74125 -122.554 2519.14
133.568 -1017.64 2593.01
93.5298 -372.918 2438.92
90.757 -286.339 2588.77
118.831 -686.626 2570.12
59.5568 146.742 2492.24
190.317 151.76 2551.44
316.046 -118.661 2735.5
152.613 -1080.76 2648.12
350.857 -370.141 2780.76
255.668 -279.928 2663.46
272.268 -653.769 2748.98
321.078 156.777 2610.64
181.765 -65.6869 2588.78
FRAME: 260
226.254 434.68 2518.44
10.5096 -119.447 2525.95
133.778 -1004.2 2594.67
97.1306 -379.281 2451.33
88.1604 -275.446 2604.1
125.576 -671.338 2581.76
66.7027 154.607 2498.51
192.935 159.745 2563.57
313.639 -96.7243 2757.94
149.604 -1060.36 2697.38
349.932 -347.093 2824.34
248.578 -268.754 2687.08
281.818 -632.559 2792.83
319.167 164.883 2628.64
180.652 -56.1776 2604.58
FRAME: 261
231.353 435.938 2530.38
19.7132 -121.603 2528.65
128.867 -998.698 2610.85
97.8557 -380.82 2461.36
93.3904 -276.012 2617.49
130.826 -659.967 2596.28
73.7626 154.792 2501.24
193.966 162.649 2576.27
294.286 -70.1353 2797.11
147.022 -1047.5 2710.6
356.247 -340.075 2882.02
242.033 -266.266 2710.49
270.092 -627.403 2803.22
314.168 170.505 2651.31
180.839 -54.2451 2620.13
FRAME: 262
238.229 438.864 2539.97
31.2415 -116.219 2524.54
130.646 -1005.52 2629.16
116.733 -378.087 2482.69
100.39 -269.182 2625.07
134.82 -658.936 2609.51
79.7867 158.575 2507.42
195.497 165.183 2586.7
286.887 -71.7161 2804.27
145.164 -1037.09 2749.98
343.338 -342.174 2886.39
227.82 -261.863 2712.42
251.78 -636.02 2811.6
311.208 171.791 2665.97
179.801 -50.1696 2627.72
FRAME: 263
246.162 442.257 2549.14
48.4724 -112.995 2517.57
130.291 -996.759 2632.14
150.422 -401.941 2507.82
114.031 -261.044 2637.59
131.836 -647.481 2628.66
90.9093 161.301 2509.63
198.004 170.312 2598.91
274.64 -68.8522 2823.46
144.378 -1027.17 2765.25
318.14 -310.643 2943.69
217.037 -252.189 2723.79
245.549 -629.641 2824.98
305.098 179.323 2688.19
181.769 -43.1523 2639.8
FRAME: 264
250.949 442.347 2554.49
61.0964 -110.468 2517.79
127.225 -993.653 2649.09
157.426 -416.724 2516.21
120.525 -259.81 2645.38
133.714 -645.584 2636.96
97.3888 163.283 2512.45
199.708 173.886 2607.41
263.617 -62.8002 2840.55
144.139 -1023.45 2775.92
315.273 -312.249 2942.83
215.182 -249.886 2733.48
241.919 -626.494 2834.61
302.027 184.489 2702.38
183.781 -40.4811 2648.42
FRAME: 265
254.634 441.617 2558.79
70.0797 -107.333 2517.26
123.711 -996.68 2651.43
159.636 -438.282 2518.97
123.431 -255.9 2652.76
133.08 -638.332 2639.66
104.553 166.713 2516.74
202.339 177.828 2615.83
260.226 -61.4679 2844.52
139.849 -1012.13 2805.91
301.278 -287.368 2965.48
212.148 -245.686 2743.04
236.938 -617.323 2851.14
300.126 188.943 2714.92
185.064 -36.4825 2656.87
FRAME: 266
258.024 441.095 2562.09
76.4216 -103.285 2515.73
120.106 -986.132 2655.46
163.513 -430.245 2517.45
125.99 -252.48 2658.69
130.327 -629.72 2643.97
118.982 173.329 2531.99
206.671 185.013 2631.79
257.491 -60.4052 2854.02
145.54 -1007.99 2827.82
289.333 -271.006 2983.42
210.175 -242.835 2755.96
233.345 -617.093 2862.97
294.361 196.698 2731.58
187.377 -31.3221 2669.56
FRAME: 267
260.394 441.131 2564.03
78.7168 -102.654 2519.32
122.472 -988.68 2660.94
163.514 -430.218 2522.73
129.746 -251.018 2661.13
131.531 -629.008 2646.67
118.515 175.787 2528.64
203.397 188.432 2632.98
250.097 -58.1081 2857.96
145.341 -1004 2839.08
283.25 -259.676 3004.83
209.359 -239.656 2759.74
221.358 -621.415 2868.96
288.279 201.076 2737.32
186.475 -28.4526 2671.71
FRAME: 268
262.902 441.264 2565.47
80.3845 -103.63 2518.5
122.347 -989.687 2663.63
160.374 -424.827 2519.73
130.326 -252.974 2659.91
129.129 -622.366 2648.88
120.019 176.792 2525.94
203.568 189.388 2633.54
251.267 -55.4774 2864.15
149.159 -1009.9 2826.89
277.157 -252.766 3017.44
209.143 -241.136 2761.71
226.973 -621.685 2871.05
287.117 201.985 2741.14
186.651 -28.8335 2672.17
FRAME: 269
263.266 442.553 2565.98
80.5775 -104.319 2518.94
127.459 -1002.02 2693.68
163.624 -415.639 2517.04
130.829 -251.935 2663.89
123.499 -623.723 2663.33
119.838 176.846 2526.53
204.79 190.045 2632.89
245.554 -44.7315 2872.55
149.596 -1015.09 2816.43
280.625 -252.504 3014.82
210.831 -239.531 2764.45
222.654 -618.808 2861.75
289.743 203.244 2739.26
187.81 -27.8442 2673.53
FRAME: 270
264.771 443.233 2566.54
73.2842 -105.231 2526.56
127.261 -1001.21 2682.82
155.073 -406.344 2515.41
130.562 -249.743 2666.16
127.391 -621.575 2661.63
117.938 177.837 2526.81
207.602 190.607 2631.15
248.089 -42.2668 2874.9
147.486 -1005.53 2813.67
283.76 -254.042 3014.17
213.892 -237.92 2763.46
219.713 -617.978 2861.71
297.267 203.376 2735.48
189.915 -26.6123 2672.98
FRAME: 271
266.434 443.87 2566.71
65.8223 -106.519 2537.23
129.02 -1004.39 2676.05
136.698 -398.703 2519.86
131.412 -247.492 2668.14
132.831 -621.235 2658.76
114.772 177.542 2528.89
211.196 189.596 2629.3
255.033 -39.7036 2876.38
147.19 -1000.75 2811.37
311.84 -262.295 2971.42
220.52 -236.276 2761.28
217.264 -615.753 2871.58
307.621 201.65 2729.72
193.581 -26.1441 2672.01
FRAME: 272
267.35 445.111 2565.34
57.6724 -106.048 2546.88
131.031 -1000.78 2668.58
108.257 -397.796 2535.36
126.851 -246.265 2668.18
138.739 -621.759 2655.78
111.014 178.436 2529.37
214.707 189.756 2625.19
262.008 -39.4399 2875.29
139.713 -996.95 2816.78
326.74 -283.667 2952.79
229.293 -234.959 2762.85
217.387 -615.555 2877.39
318.4 201.077 2721.02
196.389 -25.4276 2670.35
FRAME: 273
268.294 444.85 2564.1
50.4361 -108.564 2556
138.229 -999.479 2678.84
87.5666 -403.973 2540.78
124.073 -248.137 2662.6
146.887 -632.895 2654.35
104.05 178.09 2537.16
217.987 187.27 2621.24
292.227 -50.5011 2855.95
141.06 -1005.63 2813.37
358.6 -312.074 2906.87
250.352 -237.957 2755.33
214.427 -631.843 2851.98
331.925 196.45 2705.32
202.6 -27.8886 2665.1
FRAME: 274
268.786 445.205 2562.63
51.5317 -115.1 2554.86
139.912 -1005.51 2672.15
50.7833 -431.708 2534.53
130.683 -257.037 2653.62
156.388 -644.637 2641.54
106.189 171.447 2534.27
221.126 180.399 2613.93
313.43 -71.1603 2822.59
149.323 -1004.55 2819.93
378.102 -335.477 2887.01
258.981 -246.372 2743.12
236.402 -634.446 2862.16
336.063 189.351 2693.58
207.979 -35.6526 2656.15
FRAME: 275
269.779 445.699 2557.8
46.6778 -114.494 2555.64
142.096 -1006.06 2667.48
22.9123 -437.771 2520.1
116.575 -254.684 2645.07
156.432 -649.277 2624.2
104.354 172.061 2532.79
222.631 177.486 2606.51
333.633 -84.3413 2795.98
155.16 -1000.49 2864.41
380.259 -333.579 2876.5
261.333 -247.555 2735.81
253.499 -645.912 2847.88
340.907 182.91 2680.22
205.792 -36.817 2648.47
FRAME: 276
270.516 444.453 2541.44
40.2125 -116.66 2555.69
148.232 -1002.97 2655.22
-14.5291 -454.508 2534.65
102.514 -256.335 2630.45
157.525 -651.687 2601.85
99.6181 173.141 2532.53
222.848 174.337 2598.39
340.124 -91.0235 2778.56
155.302 -1003.6 2851.84
401.972 -361.599 2812.18
267.362 -254.346 2719.69
260.697 -647.45 2817.44
346.079 175.534 2664.24
203.893 -40.5016 2636.73
FRAME: 277
271.962 440.915 2527.99
34.1904 -122.432 2555
146.334 -1003.87 2630.52
-43.9019 -458.591 2534.94
107.468 -269.064 2614.42
154.007 -671.113 2597.38
94.6556 165.884 2524.97
222.838 168.619 2586.15
346.092 -97.3251 2754.31
159.571 -1002.89 2831.49
407.936 -351.811 2787.18
285.076 -265.067 2700.31
279.893 -652.894 2793.47
351.019 171.353 2647.33
209.555 -49.2233 2621.76
FRAME: 278
273.348 438.082 2518.17
27.5621 -127.337 2551.59
155.791 -1007.33 2645.5
-60.3799 -455.046 2537.76
110.409 -278.436 2599.54
137.16 -689.906 2602.83
91.0543 156.069 2510.08
223.204 159.542 2568.67
353.226 -105.28 2742.68
170.679 -1009.17 2832.63
415.193 -350.414 2755.87
292.676 -273.362 2681.46
285.829 -655.984 2765.98
355.355 163.015 2627.26
212.373 -58.1787 2604.59
FRAME: 279
275.43 435.718 2507.7
21.6698 -132.291 2545.31
145.532 -1048.15 2650.58
-80.1716 -444.752 2530.42
113.891 -274.359 2589.36
130.856 -701.153 2599.11
88.2671 149.153 2494.5
223.437 153.302 2554.42
358.997 -106.104 2737.66
176.009 -1017.96 2835.41
433.04 -360.586 2741.06
290.18 -268.697 2668.33
287.143 -661.521 2743.94
358.607 157.451 2614.35
212.736 -59.1128 2591.64

