FRAME: 0
0 0 0
0 0 0
0 0 0
0 0 0
0 0 0
0 0 0
0 0 0
0 0 0
0 0 0
0 0 0
0 0 0
0 0 0
0 0 0
0 0 0
0 0 0
FRAME: 1
0 0 0
0 0 0
0 0 0
0 0 0
0 0 0
0 0 0
0 0 0
0 0 0
0 0 0
0 0 0
0 0 0
0 0 0
0 0 0
0 0 0
0 0 0
FRAME: 2
0 0 0
0 0 0
0 0 0
0 0 0
0 0 0
0 0 0
0 0 0
0 0 0
0 0 0
0 0 0
0 0 0
0 0 0
0 0 0
0 0 0
0 0 0
FRAME: 3
0 0 0
0 0 0
0 0 0
0 0 0
0 0 0
0 0 0
0 0 0
0 0 0
0 0 0
0 0 0
0 0 0
0 0 0
0 0 0
0 0 0
0 0 0
FRAME: 4
0 0 0
0 0 0
0 0 0
0 0 0
0 0 0
0 0 0
0 0 0
0 0 0
0 0 0
0 0 0
0 0 0
0 0 0
0 0 0
0 0 0
0 0 0
FRAME: 5
0 0 0
0 0 0
0 0 0
0 0 0
0 0 0
0 0 0
0 0 0
0 0 0
0 0 0
0 0 0
0 0 0
0 0 0
0 0 0
0 0 0
0 0 0
FRAME: 6
0 0 0
0 0 0
0 0 0
0 0 0
0 0 0
0 0 0
0 0 0
0 0 0
0 0 0
0 0 0
0 0 0
0 0 0
0 0 0
0 0 0
0 0 0
FRAME: 7
0 0 0
0 0 0
0 0 0
0 0 0
0 0 0
0 0 0
0 0 0
0 0 0
0 0 0
0 0 0
0 0 0
0 0 0
0 0 0
0 0 0
0 0 0
FRAME: 8
0 0 0
0 0 0
0 0 0
0 0 0
0 0 0
0 0 0
0 0 0
0 0 0
0 0 0
0 0 0
0 0 0
0 0 0
0 0 0
0 0 0
0 0 0
FRAME: 9
0 0 0
0 0 0
0 0 0
0 0 0
0 0 0
0 0 0
0 0 0
0 0 0
0 0 0
0 0 0
0 0 0
0 0 0
0 0 0
0 0 0
0 0 0
FRAME: 10
0 0 0
0 0 0
0 0 0
0 0 0
0 0 0
0 0 0
0 0 0
0 0 0
0 0 0
0 0 0
0 0 0
0 0 0
0 0 0
0 0 0
0 0 0
FRAME: 11
0 0 0
0 0 0
0 0 0
0 0 0
0 0 0
0 0 0
0 0 0
0 0 0
0 0 0
0 0 0
0 0 0
0 0 0
0 0 0
0 0 0
0 0 0
FRAME: 12
0 0 0
0 0 0
0 0 0
0 0 0
0 0 0
0 0 0
0 0 0
0 0 0
0 0 0
0 0 0
0 0 0
0 0 0
0 0 0
0 0 0
0 0 0
FRAME: 13
0 0 0
0 0 0
0 0 0
0 0 0
0 0 0
0 0 0
0 0 0
0 0 0
0 0 0
0 0 0
0 0 0
0 0 0
0 0 0
0 0 0
0 0 0
FRAME: 14
0 0 0
0 0 0
0 0 0
0 0 0
0 0 0
0 0 0
0 0 0
0 0 0
0 0 0
0 0 0
0 0 0
0 0 0
0 0 0
0 0 0
0 0 0
FRAME: 15
0 0 0
0 0 0
0 0 0
0 0 0
0 0 0
0 0 0
0 0 0
0 0 0
0 0 0
0 0 0
0 0 0
0 0 0
0 0 0
0 0 0
0 0 0
FRAME: 16
0 0 0
0 0 0
0 0 0
0 0 0
0 0 0
0 0 0
0 0 0
0 0 0
0 0 0
0 0 0
0 0 0
0 0 0
0 0 0
0 0 0
0 0 0
FRAME: 17
0 0 0
0 0 0
0 0 0
0 0 0
0 0 0
0 0 0
0 0 0
0 0 0
0 0 0
0 0 0
0 0 0
0 0 0
0 0 0
0 0 0
0 0 0
FRAME: 18
0 0 0
0 0 0
0 0 0
0 0 0
0 0 0
0 0 0
0 0 0
0 0 0
0 0 0
0 0 0
0 0 0
0 0 0
0 0 0
0 0 0
0 0 0
FRAME: 19
0 0 0
0 0 0
0 0 0
0 0 0
0 0 0
0 0 0
0 0 0
0 0 0
0 0 0
0 0 0
0 0 0
0 0 0
0 0 0
0 0 0
0 0 0
FRAME: 20
0 0 0
0 0 0
0 0 0
0 0 0
0 0 0
0 0 0
0 0 0
0 0 0
0 0 0
0 0 0
0 0 0
0 0 0
0 0 0
0 0 0
0 0 0
FRAME: 21
0 0 0
0 0 0
0 0 0
0 0 0
0 0 0
0 0 0
0 0 0
0 0 0
0 0 0
0 0 0
0 0 0
0 0 0
0 0 0
0 0 0
0 0 0
FRAME: 22
0 0 0
0 0 0
0 0 0
0 0 0
0 0 0
0 0 0
0 0 0
0 0 0
0 0 0
0 0 0
0 0 0
0 0 0
0 0 0
0 0 0
0 0 0
FRAME: 23
0 0 0
0 0 0
0 0 0
0 0 0
0 0 0
0 0 0
0 0 0
0 0 0
0 0 0
0 0 0
0 0 0
0 0 0
0 0 0
0 0 0
0 0 0
FRAME: 24
0 0 0
0 0 0
0 0 0
0 0 0
0 0 0
0 0 0
0 0 0
0 0 0
0 0 0
0 0 0
0 0 0
0 0 0
0 0 0
0 0 0
0 0 0
FRAME: 25
0 0 0
0 0 0
0 0 0
0 0 0
0 0 0
0 0 0
0 0 0
0 0 0
0 0 0
0 0 0
0 0 0
0 0 0
0 0 0
0 0 0
0 0 0
FRAME: 26
0 0 0
0 0 0
0 0 0
0 0 0
0 0 0
0 0 0
0 0 0
0 0 0
0 0 0
0 0 0
0 0 0
0 0 0
0 0 0
0 0 0
0 0 0
FRAME: 27
0 0 0
0 0 0
0 0 0
0 0 0
0 0 0
0 0 0
0 0 0
0 0 0
0 0 0
0 0 0
0 0 0
0 0 0
0 0 0
0 0 0
0 0 0
FRAME: 28
0 0 0
0 0 0
0 0 0
0 0 0
0 0 0
0 0 0
0 0 0
0 0 0
0 0 0
0 0 0
0 0 0
0 0 0
0 0 0
0 0 0
0 0 0
FRAME: 29
0 0 0
0 0 0
0 0 0
0 0 0
0 0 0
0 0 0
0 0 0
0 0 0
0 0 0
0 0 0
0 0 0
0 0 0
0 0 0
0 0 0
0 0 0
FRAME: 30
0 0 0
0 0 0
0 0 0
0 0 0
0 0 0
0 0 0
0 0 0
0 0 0
0 0 0
0 0 0
0 0 0
0 0 0
0 0 0
0 0 0
0 0 0
FRAME: 31
0 0 0
0 0 0
0 0 0
0 0 0
0 0 0
0 0 0
0 0 0
0 0 0
0 0 0
0 0 0
0 0 0
0 0 0
0 0 0
0 0 0
0 0 0
FRAME: 32
0 0 0
0 0 0
0 0 0
0 0 0
0 0 0
0 0 0
0 0 0
0 0 0
0 0 0
0 0 0
0 0 0
0 0 0
0 0 0
0 0 0
0 0 0
FRAME: 33
0 0 0
0 0 0
0 0 0
0 0 0
0 0 0
0 0 0
0 0 0
0 0 0
0 0 0
0 0 0
0 0 0
0 0 0
0 0 0
0 0 0
0 0 0
FRAME: 34
0 0 0
0 0 0
0 0 0
0 0 0
0 0 0
0 0 0
0 0 0
0 0 0
0 0 0
0 0 0
0 0 0
0 0 0
0 0 0
0 0 0
0 0 0
FRAME: 35
0 0 0
0 0 0
0 0 0
0 0 0
0 0 0
0 0 0
0 0 0
0 0 0
0 0 0
0 0 0
0 0 0
0 0 0
0 0 0
0 0 0
0 0 0
FRAME: 36
0 0 0
0 0 0
0 0 0
0 0 0
0 0 0
0 0 0
0 0 0
0 0 0
0 0 0
0 0 0
0 0 0
0 0 0
0 0 0
0 0 0
0 0 0
FRAME: 37
0 0 0
0 0 0
0 0 0
0 0 0
0 0 0
0 0 0
0 0 0
0 0 0
0 0 0
0 0 0
0 0 0
0 0 0
0 0 0
0 0 0
0 0 0
FRAME: 38
0 0 0
0 0 0
0 0 0
0 0 0
0 0 0
0 0 0
0 0 0
0 0 0
0 0 0
0 0 0
0 0 0
0 0 0
0 0 0
0 0 0
0 0 0
FRAME: 39
0 0 0
0 0 0
0 0 0
0 0 0
0 0 0
0 0 0
0 0 0
0 0 0
0 0 0
0 0 0
0 0 0
0 0 0
0 0 0
0 0 0
0 0 0
FRAME: 40
0 0 0
0 0 0
0 0 0
0 0 0
0 0 0
0 0 0
0 0 0
0 0 0
0 0 0
0 0 0
0 0 0
0 0 0
0 0 0
0 0 0
0 0 0
FRAME: 41
0 0 0
0 0 0
0 0 0
0 0 0
0 0 0
0 0 0
0 0 0
0 0 0
0 0 0
0 0 0
0 0 0
0 0 0
0 0 0
0 0 0
0 0 0
FRAME: 42
0 0 0
0 0 0
0 0 0
0 0 0
0 0 0
0 0 0
0 0 0
0 0 0
0 0 0
0 0 0
0 0 0
0 0 0
0 0 0
0 0 0
0 0 0
FRAME: 43
0 0 0
0 0 0
0 0 0
0 0 0
0 0 0
0 0 0
0 0 0
0 0 0
0 0 0
0 0 0
0 0 0
0 0 0
0 0 0
0 0 0
0 0 0
FRAME: 44
0 0 0
0 0 0
0 0 0
0 0 0
0 0 0
0 0 0
0 0 0
0 0 0
0 0 0
0 0 0
0 0 0
0 0 0
0 0 0
0 0 0
0 0 0
FRAME: 45
0 0 0
0 0 0
0 0 0
0 0 0
0 0 0
0 0 0
0 0 0
0 0 0
0 0 0
0 0 0
0 0 0
0 0 0
0 0 0
0 0 0
0 0 0
FRAME: 46
0 0 0
0 0 0
0 0 0
0 0 0
0 0 0
0 0 0
0 0 0
0 0 0
0 0 0
0 0 0
0 0 0
0 0 0
0 0 0
0 0 0
0 0 0
FRAME: 47
0 0 0
0 0 0
0 0 0
0 0 0
0 0 0
0 0 0
0 0 0
0 0 0
0 0 0
0 0 0
0 0 0
0 0 0
0 0 0
0 0 0
0 0 0
FRAME: 48
-101.024 589.543 2582.62
-296.562 160.515 2890.21
-187.251 -895.265 3031.02
-361.885 -2.47905 2666.59
-155.482 -86.7012 2849.24
-179.128 -508.382 2918.45
-233.537 357.291 2770.78
-71.3937 348.003 2709.05
389.135 296.956 2636.72
149.55 -918.952 2985.92
717.788 411.965 2596.78
40.4392 -97.9085 2774.61
93.479 -521.571 2861.68
90.7492 338.715 2647.31
-64.4574 127.849 2760.49
FRAME: 49
-92.0197 594.13 2592.58
-294.679 162.631 2887.52
-180.622 -902.206 3033.19
-361.43 6.96565 2655.79
-154.927 -90.1574 2846.82
-179.079 -511.586 2918.99
-230.1 358.725 2772.85
-63.1756 348.718 2714.73
395.665 302.742 2649.59
148.663 -916.409 2986.06
718.537 420.288 2605.79
42.9807 -102.025 2777.84
95.1646 -521.028 2862.63
103.749 338.71 2656.6
-59.5744 126.313 2763.53
FRAME: 50
-87.0829 590.812 2598.65
-295.645 153.074 2878.66
-185.216 -901.518 3031.87
-357.643 17.9641 2643.04
-154.687 -98.1065 2845.31
-180.634 -515.396 2918.64
-229.275 359.935 2773.34
-59.4015 350.884 2719.23
393.687 304.155 2652.17
149.252 -915.433 2991.25
723.833 426.887 2613.48
47.2646 -108.795 2780.8
97.7303 -521.208 2865.5
110.472 341.832 2665.11
-56.5565 123.717 2766.14
FRAME: 51
-82.4556 593.779 2607.77
-297.146 128.35 2873.18
-182.544 -902.77 3029.76
-357.433 32.0246 2636.18
-155.035 -100.686 2845.52
-182.772 -516.592 2915.44
-227.73 361.754 2773.91
-56.1948 352.923 2722.09
395.383 307.783 2661.09
149.38 -919.885 2991.07
728.571 430.761 2626.5
51.2156 -111.246 2783.21
98.1347 -527.342 2864.43
115.34 344.091 2670.27
-54.0522 123.479 2768.23
FRAME: 52
-77.7105 596.301 2612.3
-294.35 120.714 2872.01
-183.406 -904.218 3028.05
-351.548 23.784 2658.55
-153.491 -107.674 2843.62
-182.262 -521.337 2914.4
-225.955 363.246 2779.33
-53.3412 354.845 2726.63
399.144 307.797 2662.63
150.172 -917.875 2992.98
708.831 397.694 2622.66
53.4369 -117.705 2780.5
103.181 -544.287 2864.5
119.273 346.445 2673.92
-51.6841 121.078 2769.35
FRAME: 53
-75.4262 595.852 2610.72
-293.882 115.465 2879
-185.581 -904.419 3028.61
-341.484 33.5598 2651.46
-152.636 -113.52 2844
-181.572 -524.556 2915.67
-224.316 362.279 2780.44
-50.6415 354.746 2729.6
398.675 310.1 2670.55
150.679 -914.479 2995.75
730.354 429.514 2627.16
59.1448 -122.689 2782.1
109.47 -547.853 2867.06
123.033 347.213 2678.76
-48.6936 118.321 2771.33
FRAME: 54
-73.0413 594.965 2612.58
-287.642 111.081 2886.32
-186.629 -901.44 3026.42
-334.335 36.9209 2642.17
-148.877 -116.704 2843.74
-177.496 -532.21 2908.85
-223.091 359.85 2780.87
-49.6539 353.653 2730.75
396.149 306.285 2670.1
151.15 -916.339 2998.24
736.475 396.713 2637.89
63.2671 -124.298 2782.47
112.284 -554.535 2867.15
123.783 347.456 2680.63
-46.2295 116.576 2771.93
FRAME: 55
-68.4775 594.799 2614.99
-284.601 109.047 2893.19
-186.953 -899.848 3027.3
-339.698 31.1729 2634.37
-145.443 -118.28 2843.85
-175.487 -536.075 2904.12
-219.877 358.499 2784.11
-45.258 351.956 2734.04
398.927 292.45 2676.41
150.686 -916.316 2999.3
733.056 367.022 2623.56
65.102 -126.155 2783.54
113.629 -553.052 2867.71
129.361 345.413 2683.97
-42.7144 114.869 2773.87
FRAME: 56
-64.9963 593.923 2620.51
-281.64 109.372 2888.58
-182.599 -909.424 3029.92
-330.79 35.2285 2652.72
-143.647 -121.39 2845.82
-175.575 -535.941 2910.5
-217.529 355.249 2784.42
-44.2983 349.288 2734.76
402.762 268.091 2675.11
151.971 -916.793 2999.55
743.087 331.989 2615.37
68.6993 -128.699 2784.93
115.032 -553.608 2868.3
128.932 343.326 2685.1
-40.8861 112.122 2775.07
FRAME: 57
-62.583 595.157 2620.57
-282.59 107.486 2887.38
-181.808 -909.609 3037.96
-335.422 23.6623 2666.05
-142.203 -123.939 2846.35
-175.669 -538.173 2910.94
-215.059 353.141 2785.79
-42.2108 347.297 2736.92
402.004 243.057 2668.63
153.21 -921.978 3003.31
730.941 278.517 2589.33
70.6616 -131.14 2786.17
117.573 -557.305 2871.42
130.638 341.453 2688.05
-38.9908 109.879 2776.59
FRAME: 58
-60.9164 593.766 2623.75
-275.405 120.331 2905.21
-180.048 -914.68 3037.43
-317.103 49.2819 2689.57
-142.251 -123.442 2847.38
-177.294 -536.575 2912.72
-211.89 353.413 2788.19
-39.2266 346.929 2739.53
400.356 223.219 2668.02
153.473 -921.187 3002.77
713.076 223.892 2571.58
72.1035 -131.473 2786.97
119.65 -554.99 2873.64
133.437 340.445 2690.88
-37.1503 109.736 2778.35
FRAME: 59
-61.036 591.975 2624.29
-271.041 117.401 2902.49
-179.953 -903.182 3032.93
-323.038 9.56109 2692
-141.061 -124.843 2849.9
-177.962 -529.854 2913.46
-209.561 353.057 2789.21
-38.3131 346.503 2740.31
389.183 202.809 2672.57
154.695 -921.806 3002
688.989 151.583 2553.94
73.22 -133.031 2788.7
120.61 -553.308 2871.87
132.935 339.949 2691.4
-36.1168 108.783 2779.8
FRAME: 60
-63.0902 591.792 2624.23
-269.144 122.968 2904.52
-180.401 -917.74 3042.85
-305.493 -11.6335 2675.48
-138.953 -126.823 2852.94
-176.619 -543.784 2921.28
-208.365 352.401 2791.35
-38.2662 346.484 2742.06
367.942 159.773 2665.2
155.087 -917.267 2999.68
653.963 84.3729 2531.11
75.4839 -134.291 2790.85
121.927 -549.034 2869.65
131.832 340.566 2692.78
-35.0005 107.963 2781.98
FRAME: 61
-64.2848 591.764 2624.45
-264.081 117.755 2907.79
-178.586 -906.83 3036.3
-296.818 -4.97759 2687.19
-136.284 -129.302 2856.99
-173.253 -546.92 2922.61
-206.448 349.197 2795.56
-38.0382 343.366 2744.77
329.626 125.02 2660.88
155.204 -919.102 3001.12
534.275 -77.72 2502.97
75.7125 -136.647 2793.09
124.734 -549.76 2872.12
130.372 337.534 2693.97
-34.162 105.196 2784.9
FRAME: 62
-63.9731 591.804 2626.93
-261.076 109.645 2908.82
-180.958 -897.833 3032.55
-299.745 -45.1503 2676.84
-135.244 -129.342 2858.51
-169.839 -548.376 2926.62
-205.568 347.765 2798.19
-38.3002 342.225 2746.73
293.616 105.281 2674.03
155.937 -921.166 3001.27
439.693 -146.826 2507.96
76.0179 -136.334 2793.57
126.652 -550.74 2871.88
128.967 336.684 2695.27
-33.9566 104.693 2786.39
FRAME: 63
-64.1848 591.291 2628.37
-251.407 89.0176 2913
-180.312 -892.96 3033.11
-289.245 -38.6645 2689.97
-132.966 -131.87 2863
-169.051 -543.667 2928.45
-204.475 345.039 2804.38
-38.0803 339.807 2750.53
264.777 72.1298 2686.96
156.66 -925.12 3003.25
356.579 -214.784 2536.91
77.7037 -138.485 2794.88
128.574 -553.207 2870.34
128.314 334.575 2696.68
-32.8557 102.315 2789.74
FRAME: 64
-64.9639 590.927 2629.03
-247.849 84.6751 2914.82
-180.499 -901.767 3036.53
-290.059 -54.5681 2692.12
-131.95 -133.189 2867.1
-168.711 -547.945 2929.98
-204.296 341.767 2813.43
-39.8199 336.904 2755.3
241.1 57.9229 2699.55
156.175 -924.462 3001.35
257.63 -240.315 2539.54
77.2227 -139.38 2793.2
128.109 -553.627 2868.23
124.656 332.04 2697.18
-33.5917 100.31 2792.73
FRAME: 65
-62.8817 591.38 2633.22
-244.421 74.7598 2920.38
-183.493 -898.665 3040.49
-290.668 -42.4567 2713.65
-130.844 -138.007 2872.05
-166.509 -546.804 2930.14
-201.931 336.466 2819.9
-39.8266 330.982 2758.05
204.723 53.2164 2703.74
156.729 -932.925 3003.08
194.719 -237.676 2559.05
75.9945 -145.004 2793.12
127.845 -558.091 2869.86
122.278 325.498 2696.21
-33.6256 94.7381 2795.32
FRAME: 66
-63.5926 590.887 2633.94
-243.741 65.8173 2918.71
-185.292 -901.403 3044.91
-301.866 -115.528 2727.46
-127.931 -139.671 2879.64
-163.619 -549.454 2933.35
-203.276 329.107 2825.57
-47.2678 324.604 2758.57
168.507 47.8689 2711.5
155.269 -929.538 2999.61
76.5212 -251.127 2592.11
73.2812 -145.476 2793.22
128.713 -555.099 2866.35
108.74 320.102 2691.58
-37.2964 91.0153 2797.5
FRAME: 67
-63.4567 589.91 2635.1
-242.284 53.9142 2913.32
-186.866 -907.338 3045.33
-332.296 -140.478 2754.43
-125.591 -143.023 2885.81
-161.472 -552.5 2936.03
-201.695 324.565 2833.32
-50.4534 319.664 2760.66
148.322 40.4947 2708.65
154.73 -932.341 2999.9
-74.8122 -202.714 2627.81
69.6376 -149.347 2792.01
127.031 -557.245 2865.95
100.788 314.763 2687.99
-39.215 86.7394 2799.78
FRAME: 68
-63.8994 589.026 2635.42
-243.689 50.6788 2913.61
-188.569 -920.435 3046.58
-351.497 -145.475 2758.59
-125.157 -143.165 2887.78
-161.924 -556.791 2937.25
-201.365 320.738 2836
-53.5937 316.206 2760.9
137.375 31.9753 2713.26
153.835 -932.419 2997.5
-157.872 -165.265 2629.36
68.5346 -149.098 2789.37
125.66 -557.697 2862.92
94.1773 311.673 2685.8
-40.9525 85.037 2799.74
FRAME: 69
-64.3383 588.188 2635.66
-244.615 47.9643 2913.96
-188.558 -925.205 3047.93
-412.733 -167.086 2662.41
-124.933 -145.537 2892.22
-163.121 -560.675 2936.18
-200.188 319.37 2840.43
-55.6874 314.058 2761.01
120.388 32.8988 2704.77
153.685 -927.57 2999.4
-211.114 -124.712 2647.08
65.9562 -152.555 2787.35
124.176 -558.706 2860.39
88.8132 308.745 2681.6
-42.5879 82.5058 2800.4
FRAME: 70
-65.0106 587.736 2635.69
-250.2 41.4795 2914.59
-188.148 -938.014 3048.39
-484.266 -91.885 2686.96
-125.664 -148.914 2896.51
-167.331 -564.985 2934.89
-199.215 318.351 2842.8
-56.2475 312.303 2761.32
108.686 31.5527 2707.11
153.45 -929.526 2998.04
-253.456 -85.9689 2671.51
65.7558 -156.987 2787.41
125.014 -562.52 2858.3
86.7201 306.256 2679.85
-43.1008 79.6765 2801.64
FRAME: 71
-65.4119 586.25 2638.17
-253.251 42.0085 2911.22
-186.532 -939.607 3050.58
-509.898 -16.6131 2733.95
-124.346 -149.232 2900.69
-163.291 -563.689 2938.29
-193.399 322.051 2848.36
-56.086 315.032 2762.42
37.9055 45.5252 2678.41
149.067 -910.228 2986.08
-328.118 -41.1064 2696.18
63.6605 -158.809 2782.99
123.102 -570.46 2845.21
81.2269 308.013 2676.48
-43.2144 80.5057 2802.13
FRAME: 72
-66.6497 585.245 2639.38
-263.818 50.5176 2921.98
-184.873 -938.801 3050.03
-451.11 24.718 2732.23
-123.177 -148.729 2901.67
-165.6 -567.67 2932.11
-191.26 323.702 2849.74
-56.509 315.869 2760.72
-0.912691 38.5407 2660.6
149.183 -916.835 2991.83
-357.702 31.1997 2707.93
61.1861 -159.445 2779.77
122.945 -566.367 2847.18
78.242 308.036 2671.69
-43.7522 80.8911 2800.72
FRAME: 73
-67.6544 584.032 2642.47
-275.674 66.2997 2925.87
-182.294 -940.561 3050.22
-461.293 91.6499 2728.59
-122.551 -147.544 2904.38
-163.563 -565.185 2933.15
-184.108 327.83 2855.46
-55.8484 318.831 2763.3
-17.2187 51.0566 2643.47
147.89 -920.582 2986.95
-326.245 72.0807 2696.5
55.5446 -160.033 2776.29
120.978 -569.926 2839.56
72.4116 309.833 2671.15
-44.6758 82.5212 2801.82
FRAME: 74
-69.3262 585.23 2641.54
-270.581 88.3687 2939.25
-178.461 -944.251 3053.68
-418.564 119.392 2717.69
-120.665 -147.798 2907.95
-159.948 -574.345 2938.6
-182.111 332.304 2859.57
-58.3591 322.937 2763.03
-15.7959 52.2405 2651.51
145.45 -924.821 2987.04
-332.405 117.905 2709.03
52.213 -160.907 2772.88
116.813 -568.058 2840.96
65.3925 313.57 2666.49
-46.2924 84.2921 2801.72
FRAME: 75
-70.2182 585.86 2642.1
-273.554 102.656 2939.62
-175.072 -942.632 3058.46
-347.359 149.089 2660.2
-117.443 -146.122 2909.67
-156.275 -572.715 2944.78
-178.868 339.287 2862.1
-62.3806 329.07 2759.25
-28.787 64.4533 2642.52
140.15 -920.095 2983.03
-328.849 176.818 2711.84
45.9926 -160.456 2765.24
108.847 -567.33 2834.15
54.1067 318.852 2656.41
-49.053 87.8903 2798.35
FRAME: 76
-71.4178 584.62 2643.72
-281.38 104.898 2934.08
-172.739 -941.279 3058.46
-307.021 143.75 2628.12
-117.065 -148.359 2909.6
-155.735 -574.303 2944.06
-178.766 337.81 2862.21
-66.8073 327.931 2758.5
-41.0566 67.9741 2643.06
140.3 -918.377 2981.62
-347.049 256.838 2771.38
41.77 -162.368 2762.46
108.5 -568.763 2831.09
45.151 318.052 2654.79
-52.2274 86.2837 2797.27
FRAME: 77
-70.1184 576.188 2650.7
-281.808 126.02 2940.8
-171.273 -942.258 3057.94
-296.942 141.88 2615
-117.305 -147.953 2908.5
-154.952 -571.887 2941.7
-175.794 335.151 2861.92
-66.6169 325.09 2759.09
-74.418 75.4483 2633.18
138.431 -919.474 2974.23
-345.439 314.52 2806.47
38.6503 -162.311 2761.6
105.114 -575.507 2827.99
42.5598 315.029 2656.26
-52.9721 84.9791 2797.07
FRAME: 78
-70.0347 580.114 2649.63
-298.523 139.261 2922.09
-166.32 -941.279 3060.36
-290.62 138.189 2599.37
-117.703 -148.71 2908.18
-152.392 -568.543 2942.17
-172.412 334.924 2861.71
-66.7281 324.196 2757.71
-92.2881 86.3494 2630.86
135.372 -921.944 2970.72
-332.613 331.292 2810.76
34.9142 -164.176 2758.05
101.581 -584.328 2822.58
38.9557 313.467 2653.71
-54.0613 83.8765 2795.41
FRAME: 79
-71.4797 581.66 2648.27
-293.362 140.607 2914.39
-164.638 -936.678 3062.69
-282.337 129.242 2581.65
-116.114 -146.905 2906.62
-150.811 -563.683 2943.03
-171.499 337.837 2861
-65.5578 326.597 2755.43
-93.1107 103.59 2614.42
137.026 -921.024 2969.93
-339.903 316.252 2782.17
34.5625 -162.853 2756.51
96.7512 -585.504 2820.61
40.3834 315.358 2649.86
-53.1667 85.8591 2793.5
FRAME: 80
-73.6663 581.649 2652.25
-296.258 144.322 2927.04
-163.067 -937.084 3065.56
-303.846 170.655 2624.88
-116.717 -147.955 2906.96
-150.739 -561.746 2942.6
-171.517 335.398 2860.55
-68.3021 323.111 2753.18
-99.8276 101.063 2600.8
134.218 -921.255 2969.07
-327.196 309.194 2772.35
28.7459 -165.224 2755.8
92.7273 -591.661 2820.2
34.9126 310.824 2645.81
-56.1438 83.2608 2792.28
FRAME: 81
-74.9769 583.909 2650.18
-291.05 168.996 2944.41
-163.599 -939.056 3065.33
-325.127 184.9 2649.18
-119.013 -150.325 2910.59
-152.411 -562.21 2939.64
-169.206 340.902 2855.71
-67.5646 327.095 2749.62
-108.137 108.134 2595.49
132.535 -931.361 2968.64
-331.324 305.035 2771.27
27.5557 -170.233 2757.76
92.253 -590.179 2820.67
34.0764 313.288 2643.54
-56.6466 83.4079 2791.9
FRAME: 82
-77.4249 583.771 2647.66
-287.616 160.707 2944.14
-163.869 -938.05 3064.05
-347.423 227.29 2691.36
-116.984 -149.553 2909.69
-155.593 -562.539 2940.2
-170.738 339.957 2855.38
-70.3485 325.518 2746.38
-109.916 103.25 2586.28
132.642 -933.27 2967.48
-332.952 285.352 2751.63
24.4505 -169.915 2756.21
85.141 -592.848 2815.32
30.0411 311.08 2637.38
-58.3077 82.8923 2789.67
FRAME: 83
-82.0062 582.401 2649.33
-285.213 156.342 2946.94
-168.147 -941.283 3055.12
-357.597 252.335 2731.42
-115.616 -149.295 2907.38
-156.575 -562.844 2934.24
-172.963 337.528 2856.64
-74.8146 322.555 2743.55
-119.815 102.532 2584.87
131.642 -932.691 2964.17
-328.517 280.331 2750.36
18.5584 -169.79 2752.8
81.3406 -592.273 2811.18
23.3336 307.581 2630.46
-61.6718 81.5061 2786.82
FRAME: 84
-93.941 579.432 2644.71
-277.027 144.972 2942.44
-168.752 -942.95 3044.09
-339.499 240.043 2746.94
-118.163 -152.928 2903.99
-162.425 -570.894 2924.8
-175.626 335.681 2851.01
-76.7345 320.587 2739.42
-129.468 106.945 2567.4
133.052 -934.674 2959.44
-321.344 268.233 2766.96
16.6871 -173.489 2752.01
80.6474 -591.125 2802.95
22.1567 305.494 2627.83
-63.7363 78.6896 2783.71
FRAME: 85
-115.435 549.403 2646.3
-282.843 139.88 2933.22
-171.583 -941.711 3030.08
-337.65 197.095 2718.34
-118.843 -166.925 2901.21
-174.557 -573.064 2907.51
-176.649 320.145 2848.3
-80.4657 304.774 2736.26
-134.89 93.2848 2565.67
130.942 -938.165 2950.29
-327.067 252.791 2775.06
11.3344 -187.761 2749.49
82.9432 -586.236 2789.14
15.7181 289.402 2624.23
-67.11 63.7153 2780.8
FRAME: 86
-123.442 536.916 2647.01
-284.449 126.713 2926.52
-171.38 -935.326 3029.78
-325.924 144.614 2695.42
-121.601 -181.721 2898.82
-180.928 -575.646 2895.04
-180.87 299.487 2842.14
-86.7164 284.833 2732.57
-125.734 73.4531 2579.14
131.092 -950.511 2933.48
-324.62 241.82 2787.18
9.55698 -202.025 2746.77
82.4281 -608.977 2764.64
7.4375 270.179 2623
-71.3691 46.4802 2777.68
FRAME: 87
-128.501 525.994 2647.44
-280.907 117.944 2923.38
-174.42 -933.563 3014.98
-340.021 131.495 2697.54
-119.655 -190.191 2899.02
-187.148 -591.732 2888.19
-184.004 286.825 2845.94
-90.7428 272.437 2734.14
-115.116 62.1378 2593.7
128.58 -951.654 2923.86
-319.588 219.779 2785.87
6.55583 -209.588 2748.03
81.6819 -619.657 2755.86
2.51886 258.049 2622.35
-73.6463 36.2738 2778.83
FRAME: 88
-133.478 515.91 2645.56
-276.625 110.458 2930.66
-178.419 -941.638 3009.67
-359.417 79.6396 2700.27
-116.603 -207.325 2899.34
-190.206 -607.878 2878.25
-188.208 273.066 2850.94
-93.3067 260.601 2736.3
-116.343 63.6235 2590.12
127.557 -940.239 2912
-329.383 196.291 2781.57
11.6084 -224.122 2744.74
76.147 -631.446 2729.03
1.59429 248.135 2621.65
-72.902 22.4387 2779.17
FRAME: 89
-138.137 502.558 2646.79
-339.57 100.903 2899.26
-181.291 -935.909 3012.6
-336.868 83.6559 2702.03
-119.935 -220.651 2894.09
-191.829 -643.088 2877.9
-190.605 258.315 2848.49
-94.9247 247.131 2736.69
-146.482 31.6247 2602.86
137.303 -941.197 2910.45
-301.971 206.693 2788.46
9.79837 -235.831 2742.72
69.9998 -646.425 2721.26
0.755215 235.947 2624.9
-74.9965 9.44496 2777.55
FRAME: 90
-142.891 488.122 2648.39
-357.172 63.3327 2901.46
-182.332 -925.421 3017.26
-293.281 50.6411 2683.24
-124.278 -236.664 2891.53
-200.347 -665.886 2888.67
-192.889 246.498 2850.42
-95.6844 236.75 2739.88
-155.169 22.3027 2600.69
134.353 -946.573 2898.22
-298.111 202.184 2819.56
9.16496 -250.049 2739.95
62.1271 -662.953 2712
1.52054 227.002 2629.35
-76.6205 -3.30351 2777.81
FRAME: 91
-148.041 477.11 2649.32
-370.323 61.6019 2895.2
-182.699 -930.357 3019.64
-325.647 38.6544 2680.44
-125.067 -245.965 2889.04
-198.118 -674.283 2883.28
-197.521 234.888 2850.38
-98.4618 227.32 2742.51
-162.137 29.8198 2599.39
129.922 -943.222 2890.95
-286.399 179.658 2822.27
11.9496 -256.421 2740.01
60.6794 -672.858 2707.94
0.596923 219.752 2634.63
-77.5103 -11.9367 2778.51
FRAME: 92
-155.465 462.783 2650.56
-364.567 51.6286 2911.93
-179.499 -930.3 3021.26
-334.011 43.0748 2698.43
-124.528 -251.834 2889.56
-197.121 -670.711 2881.69
-199.717 225.351 2854.55
-102.114 219.06 2746.19
-171.677 14.3871 2594.26
125.405 -937.864 2888.61
-262.34 177.653 2803.21
10.8842 -260.507 2739.39
55.0739 -674.122 2705.45
-4.51116 212.768 2637.83
-79.4679 -18.5554 2780.33
FRAME: 93
-156.652 450.197 2653.64
-367.158 67.3097 2911.06
-180.014 -931.116 3019.26
-316.783 59.6233 2711.28
-125.478 -253.605 2890.1
-197.156 -663.579 2879.39
-199.413 218.615 2852.92
-103.439 212.155 2745.71
-186.461 15.5864 2597.65
125.062 -948.345 2883.58
-288.151 170.673 2814.72
9.62011 -262.676 2739.25
50.707 -673.777 2705.45
-7.46601 205.695 2638.51
-80.6843 -22.9927 2780.19
FRAME: 94
-152.401 444.768 2657.83
-375.374 81.0543 2916.76
-180.611 -933.812 3021.01
-343.082 46.758 2697.15
-125.576 -257.158 2890.72
-202.533 -668.386 2878.3
-201.713 214.513 2850.2
-105.205 208.425 2744.42
-198.533 35.559 2596.22
125.279 -947.566 2868.2
-276.79 166.608 2813.83
11.7602 -265.823 2740.27
51.9056 -681.326 2708.96
-8.69593 202.338 2638.63
-81.0563 -26.5327 2779.96
FRAME: 95
-155.693 446.573 2656.38
-353.878 100.009 2943.72
-179.316 -949.456 3021.79
-375.877 60.991 2717.29
-125.768 -258.1 2891.2
-206.766 -669.633 2880.59
-201.632 212.876 2852.52
-105.243 206.969 2746.26
-212.14 28.0166 2602.06
120.375 -949.882 2866.49
-274.726 166.229 2816.28
11.1849 -266.477 2740.3
51.7351 -678.297 2708.69
-8.85441 201.063 2640.01
-81.2674 -27.6595 2781.01
FRAME: 96
-157.581 448.172 2655.6
-354.868 101.911 2939.62
-177.805 -959.219 3031.14
-347.98 75.9301 2719.91
-127.218 -252.841 2892.02
-206.019 -659.298 2882.26
-210.851 218.826 2855.23
-111.686 213.698 2746.22
-198.958 45.2815 2591.09
119.452 -941.844 2876.63
-314.313 178.609 2814.18
10.0168 -259.926 2741.21
46.6112 -665.713 2707.96
-12.5219 208.569 2637.2
-85.1434 -21.3428 2781.42
FRAME: 97
-159.336 450.783 2653.23
-372.45 119.126 2898.49
-177.326 -954.571 3029.01
-369.094 49.642 2682.81
-126.138 -251.48 2892.95
-206.029 -657.994 2881.01
-209.331 219.972 2852.42
-113.276 214.147 2743.83
-206.504 40.9531 2598.5
139.969 -959.014 2866.77
-321.874 193.567 2824.89
8.11024 -259.616 2741.23
45.647 -666.704 2714.47
-17.2199 208.321 2635.25
-86.1447 -20.7008 2780.46
FRAME: 98
-163.508 456.205 2649.79
-364.046 128.793 2912.24
-178.587 -944.641 3023.24
-349.43 70.1579 2706.22
-126.035 -247.252 2894.47
-204.723 -645.489 2882.22
-214.071 222.252 2854.94
-117.669 216.76 2744.34
-209.323 39.4373 2592.42
136.934 -957.847 2873.63
-314.927 214.21 2818.79
6.83033 -254.853 2742.06
50.0018 -663.511 2716.97
-21.2673 211.268 2633.74
-88.6358 -17.1464 2781.3
FRAME: 99
-170.936 466.018 2640.82
-349.418 119.059 2919.37
-180.472 -937.03 3013.31
-371.611 71.0901 2698.09
-125.831 -241.649 2896.52
-203.435 -648.704 2889.69
-227.127 234.432 2859.65
-127.353 230.554 2743.8
-215.965 55.6584 2598.19
136.097 -941.085 2882.92
-331.143 242.863 2819.4
7.51333 -246.994 2741.92
55.1523 -659.217 2723.17
-27.5782 226.676 2627.95
-93.2557 -6.88366 2781.51
FRAME: 100
-174.49 470.909 2635.78
-366.406 142.044 2915.86
-184.372 -938.24 3010.56
-367.379 73.7084 2698.33
-128.571 -237.495 2897.03
-204.887 -640.733 2892.98
-226.256 240.29 2851.06
-127.125 235.328 2739.06
-225.036 67.2598 2599.87
121.948 -945.272 2900.22
-308.917 244.551 2808.92
7.98018 -244.497 2742.87
59.1551 -655.653 2729.18
-27.9939 230.365 2627.07
-93.7101 -2.8343 2779.51
FRAME: 101
-176.044 474.039 2635.65
-350.963 154.828 2917.02
-185.701 -932.474 3005.73
-379.334 87.8728 2709.27
-129.748 -231.382 2897.06
-207.26 -634 2890.6
-224.2 244.176 2846.53
-126.638 238.035 2736.21
-222.319 84.6727 2599.35
115.532 -952.665 2903.52
-312.243 240.206 2805.21
6.28157 -239.994 2743.44
61.6814 -657.659 2730.79
-29.0758 231.894 2625.9
-94.1856 1.1736 2778.23
FRAME: 102
-177.968 477.382 2631.5
-363.034 156.245 2904.67
-185.906 -931.074 3009.53
-348.358 69.023 2687.62
-134.892 -231.379 2898.71
-209.132 -629.429 2890.38
-226.832 244.536 2842.02
-128.917 238.225 2733.9
-199.86 90.1208 2600.09
116.854 -949.232 2904
-295.49 242.444 2789.32
6.804 -240.26 2745.66
63.9724 -653.912 2737.84
-31.0026 231.913 2625.78
-96.4806 1.20256 2778.04
FRAME: 103
-181.141 479.268 2630.23
-363.022 128.597 2911.11
-185.129 -928.936 3007.47
-356.701 43.9161 2683.37
-135.27 -231.857 2897.54
-208.449 -626.43 2887.72
-232.95 244.543 2841.79
-133.21 238.914 2733.1
-202.465 91.7487 2591.33
128.303 -950.089 2907.03
-269.291 229.485 2750.71
5.82988 -239.706 2745.65
62.6288 -649.008 2735.76
-33.4703 233.284 2624.41
-98.9651 1.56626 2777.35
FRAME: 104
-181.284 475.995 2629.53
-353.07 114.269 2918.94
-184.668 -932.596 3009.2
-361.393 62.7897 2704.88
-135.211 -229.648 2899.26
-210.422 -621.824 2885.01
-233.758 236.444 2839.13
-134.032 229.824 2730.57
-202.381 74.9094 2587.86
129.426 -954.565 2882.41
-283.349 228.74 2759.08
5.33148 -238.885 2748.21
61.6612 -652.988 2734.01
-34.3059 223.204 2622.01
-99.4859 -2.22136 2777.15
FRAME: 105
-182.1 468.268 2618.45
-366.233 81.4254 2889.96
-184.732 -933.093 3010.13
-334.219 12.5625 2684
-137.032 -237.494 2898.07
-213.576 -621.146 2871.72
-231.308 232.514 2834.41
-131.789 225.534 2729.56
-169.069 75.1068 2599.98
135.198 -958.732 2870.27
-222.58 166.265 2747.56
4.88693 -247.523 2749.72
59.2977 -662.73 2731.83
-32.2708 218.555 2624.71
-98.931 -8.48704 2776.73
FRAME: 106
-184.68 450.666 2615.57
-383.804 52.1065 2851.92
-183.178 -943.156 3016.26
-301.644 -45.1169 2637.49
-137.021 -236.106 2897.42
-210.954 -629.116 2872.71
-232.393 224.827 2831.92
-132.01 217.561 2727.68
-139.928 76.8173 2599.48
132.093 -953.698 2877.02
-242.282 155.036 2725.22
5.24922 -246.439 2750.36
54.8156 -660.044 2721.27
-31.6259 210.295 2623.43
-98.9479 -11.8559 2775.78
FRAME: 107
-185.382 438.307 2610.51
-346.174 -19.017 2857.3
-182.418 -955.962 3025.47
-260.861 -97.4474 2610.63
-138.329 -238.095 2898.26
-214.041 -639.016 2871.12
-231.103 210.118 2827.96
-130.755 202.11 2726.89
-88.8183 7.34195 2622.69
129.13 -950.447 2855.03
-255.311 94.315 2721.2
4.44834 -249.63 2755.08
42.3822 -664.54 2713.83
-30.4075 194.102 2625.81
-98.8477 -20.8763 2776.78
FRAME: 108
-182.45 422.284 2607.48
-267.963 -32.6303 2946.95
-182.966 -964.481 3023.58
-424.8 -182.12 2718.69
-142.314 -245.517 2896.79
-218.533 -645.732 2859.06
-234.034 186.658 2829.3
-126.386 177.768 2729.61
-28.1791 -88.5788 2614.17
130.465 -946.682 2856.53
-269.096 -155.898 2626.53
3.25498 -257.572 2762.26
31.5627 -676.962 2708.22
-18.7376 168.879 2629.92
-97.9576 -36.888 2779.57
FRAME: 109
-167.68 402.274 2612.02
-264.316 -52.1352 2946.12
-185.541 -966.552 3018.29
-419.295 -232.418 2733.35
-144.287 -252.388 2895.8
-223.702 -652.133 2850.23
-229.463 168.014 2833.21
-115.216 157.364 2735.9
4.11209 -116.882 2606.02
138.949 -944.985 2873.1
-284.969 -258.384 2550.59
2.36813 -266.049 2770.97
27.3601 -689.188 2710.36
-0.968143 146.715 2638.59
-93.0876 -50.9272 2784.64
FRAME: 110
-155.45 394.214 2620.54
-261.668 -69.5031 2950.95
-187.758 -979.048 3002.51
-362.208 -282.998 2806.78
-146.693 -260.14 2895.28
-227.185 -661.377 2838.35
-225.61 159.073 2841.26
-104.11 147.469 2746.38
24.9861 -134.571 2601.34
141.701 -927.51 2880.17
-199.045 -332.919 2436.71
1.77697 -274.276 2779.3
29.2116 -693.411 2719.05
17.391 135.865 2651.5
-88.2839 -59.8694 2791.83
FRAME: 111
-150.395 395.951 2625.49
-259.071 -71.0936 2957.35
-191.495 -979.998 2997.78
-320.536 -279.141 2827.76
-151.383 -259.021 2890.18
-228.705 -649.867 2835.64
-226.519 157.712 2842.86
-100.184 146.145 2749.87
39.7574 -131.072 2607.75
139.638 -941.469 2879.62
-16.6191 -318.72 2389.28
0.248594 -272.882 2778.45
30.4211 -689.079 2721.08
26.1503 134.578 2656.87
-87.8756 -59.9034 2792.09
FRAME: 112
-143.685 408.889 2629.23
-255.863 -64.3001 2959.49
-192.278 -979.931 2993.31
-303.966 -243.407 2833.19
-157.201 -258.675 2879.56
-231.972 -652.087 2829.39
-222.302 167.003 2846.56
-98.4601 158.255 2753.4
69.483 -102.41 2601.98
146.603 -948.041 2893.49
120.245 -331.844 2373.04
1.16706 -269.795 2760.26
36.4664 -683.389 2729.56
25.3815 149.507 2660.25
-88.2385 -52.99 2786.66
FRAME: 113
-140.835 420.058 2630.88
-256.443 -54.7286 2948.21
-191.02 -974.984 3000.02
-288.462 -235.906 2824.12
-158.855 -253.064 2873.76
-228.253 -656.501 2835.59
-225.94 187.826 2841.41
-96.6422 181.067 2751.5
113.063 -75.5373 2591.86
142.555 -944.421 2893.05
228.596 -303.821 2359.45
8.78582 -261.74 2756.98
39.5038 -682.491 2728.26
32.6553 174.308 2661.58
-85.8384 -38.1675 2783.43
FRAME: 114
-128.885 447.874 2631.84
-256.65 -22.5747 2955.35
-192.217 -975.73 3001.58
-285.317 -203.994 2814.98
-162.455 -241.459 2874.61
-226.437 -644.519 2841.44
-228.29 203.041 2839.68
-93.3745 194.972 2751.26
167.435 -48.5349 2588.78
143.019 -944.489 2902.98
339.745 -219.458 2349.77
10.3359 -251.757 2761.42
53.1544 -659.581 2740.64
41.5408 186.902 2662.85
-84.7171 -25.8179 2784.64
FRAME: 115
-117.199 504.683 2631.62
-252.395 18.5739 2937.39
-194.391 -962.614 3009.35
-284.993 -207.6 2842.71
-158.034 -216.714 2875.91
-212.818 -614.776 2860.99
-226.372 255.556 2829.22
-81.1266 246.284 2746.25
262.291 67.6687 2582.67
143.959 -941.95 2922.66
503.258 -28.0933 2374.1
24.4532 -228.317 2771.62
71.922 -628.2 2770.52
64.119 237.012 2663.28
-73.9585 11.8841 2785.01
FRAME: 116
-118.27 544.158 2627.26
-255.267 45.4596 2920.26
-196.014 -950.529 3011.21
-294.253 -142.157 2819
-153.944 -184.52 2880.46
-203.524 -581.197 2888.83
-230.081 289.713 2823.13
-79.7107 279.928 2742.95
288.025 100.626 2584.68
142.038 -943.64 2936.82
559.368 45.8341 2448.36
28.1968 -196.356 2783.41
79.5687 -601.744 2787.82
70.6601 270.142 2662.77
-71.2922 44.7449 2787.44
FRAME: 117
-109.65 559.816 2626.14
-255.605 81.0682 2919.53
-192.426 -888.987 3018.61
-313.019 -57.2537 2785.73
-153.155 -156.201 2883.23
-197.469 -555.18 2903.22
-223.233 323.228 2821.41
-70.1294 311.507 2744.68
324.649 171.804 2585.95
141.807 -927.695 2943.52
634.279 144.398 2473.05
32.3007 -170.445 2790.36
90.1485 -573.943 2805.08
82.9745 299.785 2667.95
-65.2783 74.0918 2790.74
FRAME: 118
-107.31 574.239 2625.82
-264.278 127.097 2936.24
-187.684 -891.929 3025.48
-349.389 -43.4918 2767.17
-150.532 -136.779 2884.43
-183.591 -534.363 2919.7
-219.49 342.11 2818.2
-65.869 329.689 2743.47
340.979 223.013 2600.35
142.364 -922.14 2956.75
626.627 155.873 2517.78
35.3211 -151.828 2794.12
96.6908 -555.598 2823.92
87.7516 317.268 2668.74
-61.7371 92.6927 2791.37
FRAME: 119
-98.3101 589.156 2631.89
-267.817 159.749 2949.63
-184.077 -885.296 3029.79
-353.838 -2.99603 2768.9
-150.433 -124.094 2884.54
-176.471 -515.607 2922.3
-215.685 358.129 2814.94
-61.0577 345.294 2743.95
357.211 253.82 2620.82
144.095 -917.526 2967.4
689.868 278.874 2532.79
38.3485 -139.783 2797.91
98.622 -544.099 2837.94
93.5699 332.459 2672.95
-58.5499 106.678 2792.58
FRAME: 120
-92.24 594.223 2635.52
-266.894 175.505 2943.2
-175.975 -868.294 3028
-359.396 -12.854 2770.67
-144.853 -114.108 2880.95
-171.896 -508.265 2921.12
-211.43 366.44 2813.51
-55.4537 354.387 2745.64
368.803 273.27 2632.6
145.622 -906.266 2976.97
718.995 346.711 2561.36
42.704 -128.64 2799.31
102.175 -529.973 2848.11
100.522 342.334 2677.76
-53.2641 116.507 2792.89
FRAME: 121
-89.2447 597.966 2638.37
-272.283 166.18 2938.75
-177.594 -867.292 3027.66
-362.309 22.8109 2778
-136.343 -108.682 2878.92
-165.576 -498.602 2923.68
-210.847 370.168 2814.61
-51.8725 360.366 2748.64
381.082 304.104 2650.91
149.576 -904.384 2986.08
709.197 396.854 2598.44
50.116 -120.187 2801.52
105.053 -521.385 2858.04
107.102 350.563 2682.68
-47.493 122.966 2794.43
FRAME: 122
-86.5094 599.151 2638.01
-272.29 158.098 2930.46
-178.599 -869.185 3028.79
-385.632 -1.17619 2755.92
-133.166 -108.468 2878.74
-165.694 -499.353 2928.6
-209.057 373.311 2812.92
-46.8346 363.797 2749.11
390.637 315.186 2656.06
154.736 -909.496 2994.9
727.33 435.585 2609.3
56.1529 -119.585 2804.28
110.934 -519.856 2869.1
115.388 354.282 2685.31
-42.6706 124.885 2795.31
FRAME: 123
-81.6558 599.567 2639.48
-273.852 151.407 2926.11
-180.589 -881.202 3031.36
-387.822 -7.1242 2743.22
-133.353 -117.466 2878.72
-167.07 -507.651 2928.48
-209.596 372.577 2816.7
-44.8052 365.189 2752.96
399.132 324.275 2660.07
156.178 -897.176 2997.61
730.004 440.001 2615.1
67.4979 -126.407 2800.97
117.565 -508.964 2876.92
119.986 357.801 2689.23
-38.8664 121.626 2796.41
FRAME: 124
-77.2394 599.169 2639.22
-270.587 151.029 2921.76
-183.08 -889.737 3031.91
-379.615 0.136963 2719.12
-131.858 -121.411 2878.53
-170.466 -526.647 2933.5
-207.712 373.424 2816.56
-41.2805 366.164 2754.26
409.65 329.75 2667.21
158.059 -898.133 3004.45
722.77 446.246 2611.49
71.0403 -130.21 2802.54
120.952 -513.389 2881.36
125.151 358.905 2691.95
-35.8446 120.177 2797.4
FRAME: 125
-73.1457 599.378 2638.87
-270.267 150.31 2923.4
-180.159 -883.718 3033.23
-356.716 40.7727 2736.27
-132.802 -123.281 2878.88
-167.801 -527.179 2930.48
-207.173 374.017 2819.3
-40.1728 367.172 2757.56
411.862 329.555 2670.05
160.593 -909.401 3011.97
724.15 448.078 2622.93
73.426 -131.708 2802.65
121.593 -519.946 2884.9
126.828 360.328 2695.83
-34.9305 119.839 2799.16
FRAME: 126
-71.4951 599.553 2638.97
-266.137 148.489 2931.34
-181.212 -888.606 3035.45
-362.775 41.754 2735.09
-130.17 -126.329 2878.99
-169.061 -539.543 2929.86
-205.931 372.23 2820.8
-38.1579 365.82 2759.09
406.462 328.736 2671.72
159.662 -907.754 3010.58
722.308 442.301 2619.91
76.1967 -134.222 2803.07
121.276 -523.903 2885.27
129.615 359.41 2697.38
-32.5722 117.772 2800.06
FRAME: 127
-68.9743 600.845 2640.73
-263.062 149.259 2933.21
-182.296 -888.386 3033.77
-358.12 29.3418 2706.28
-128.166 -125.341 2878.46
-167.285 -531.173 2924.5
-204.256 372.357 2822.38
-36.3347 366.924 2762.12
402.535 325.089 2670.48
159.673 -905.565 3011.57
722.014 439.009 2615.64
80.2052 -132.075 2803.64
123.269 -518.312 2889.22
131.586 361.492 2701.85
-30.1574 119.108 2801.58
FRAME: 128
-64.1033 600.383 2642.9
-258.846 149.645 2937.59
-181.761 -888.447 3033.42
-344.727 44.1789 2719.18
-127.176 -122.922 2878.68
-163.641 -523.727 2923.94
-201.963 370.656 2822.56
-33.9442 365.857 2764.46
402.819 321.815 2672.22
159.242 -907.661 3013.05
728.323 420.001 2612.27
84.8667 -128.939 2805.35
123.258 -517.545 2888.29
134.075 361.059 2706.35
-27.5494 119.964 2803.24
FRAME: 129
-57.6535 601.882 2646.55
-257.601 148.59 2939.61
-179.884 -890.113 3035.39
-348.629 61.069 2743.29
-126.107 -122.993 2879.89
-160.345 -527.009 2924.17
-199.987 371.391 2824.04
-33.1694 366.629 2765.97
402.143 320.713 2674.79
159.185 -906.441 3011.06
727.833 418.515 2611.02
85.2942 -129.012 2806.32
122.598 -517.859 2887.73
133.649 361.867 2707.9
-26.788 120.313 2804.54
FRAME: 130
-55.6533 601.545 2648.98
-255.076 145.896 2943.8
-180.413 -892.337 3036.26
-352.817 22.3098 2715.42
-126.007 -126.879 2880.96
-160.013 -529.091 2925.9
-198.584 370.987 2824.02
-31.7961 366.009 2767.54
402.478 317.326 2675.94
158.938 -905.33 3010.84
728.689 400.075 2596.42
85.3383 -133.122 2809.28
123.414 -518.21 2887.5
134.992 361.031 2711.06
-26.0652 118.004 2806.33
FRAME: 131
-52.825 600.962 2655.65
-256.206 143.293 2939.58
-180.477 -889.6 3038.82
-343.501 28.4591 2723.36
-124.264 -124.654 2880.7
-159.438 -525.821 2928.33
-196.424 369.637 2825.21
-30.0028 365.037 2770.86
407.099 312.812 2676.83
159.625 -903.967 3013.07
734.113 393.241 2599.81
86.3513 -130.441 2811.84
123.827 -516.915 2887.75
136.418 360.436 2716.51
-24.4796 118.744 2808.57
FRAME: 132
-51.9581 599.808 2658
-255.295 147.774 2940.72
-182.104 -889.648 3038.6
-342.934 15.2071 2715.9
-123.533 -128.2 2883.11
-160.499 -524.702 2928.68
-194.484 369.688 2827.36
-28.2212 364.479 2772.82
409.49 308.589 2676.52
159.471 -903.129 3015.09
732.82 379.334 2593.07
85.8236 -134.749 2814.35
124.012 -518.632 2888.24
138.042 359.27 2718.28
-23.538 116.502 2810.78
FRAME: 133
-50.3048 598.786 2659.77
-254.331 154.991 2950.71
-181.712 -893.022 3041.06
-347.882 22.2841 2738.77
-121.267 -122.643 2886.04
-161.447 -524.385 2927.37
-192.081 370.521 2830.03
-26.916 364.521 2773.24
412.725 301.016 2671.11
159.882 -898.105 3017.34
737.987 357.283 2580.66
84.9778 -130.141 2815.15
125.606 -514.44 2889.77
138.249 358.52 2716.44
-22.5303 119.064 2811.92
FRAME: 134
-49.225 598.042 2661.09
-252.855 155.863 2954.21
-179.096 -882.91 3041.06
-350.213 23.7002 2752.57
-120.278 -119.356 2886.66
-158.547 -518.945 2927.65
-189.307 371.094 2831.43
-25.5193 364.468 2773.87
402.328 274.597 2667.19
159.997 -898.601 3018.52
731.648 309.651 2565.31
83.922 -127.626 2814.93
126.756 -515.329 2890.6
138.268 357.842 2716.3
-21.8486 120.488 2812.33
FRAME: 135
-47.7889 596.014 2666.41
-250.26 157.22 2964.15
-180.281 -887.66 3045.93
-343.608 22.2829 2768.93
-120.049 -119.83 2887.56
-161.837 -515.422 2932.89
-187.875 368.064 2832.93
-25.3031 361.463 2775.63
391.303 252.148 2663.95
161.246 -897.239 3022
716.301 229.464 2543.82
83.6737 -128.097 2815.77
126.85 -514.855 2892.15
137.268 354.861 2718.32
-21.7454 118.75 2813.65
FRAME: 136
-49.0311 594.064 2668.18
-248.226 156.159 2964.43
-181.349 -890.611 3048.56
-336.448 13.1125 2769.48
-120.613 -121.403 2889.69
-161.678 -517.174 2938.62
-188.644 365.256 2833.87
-26.8104 358.575 2776.2
384.586 231.011 2659.81
161.201 -899.497 3025.71
697.667 179.837 2531.02
82.2322 -129.752 2817.45
125.496 -517.705 2894.61
135.023 351.895 2718.54
-23.0005 116.499 2814.89
FRAME: 137
-49.3771 593.047 2669.65
-248.715 150.365 2961.15
-180.403 -892.246 3051.76
-327.516 -3.02835 2767.61
-121.355 -123.906 2891.49
-161.662 -520.018 2940.28
-188.628 363.15 2834.95
-27.384 355.721 2776.1
364.332 187.103 2657.62
161.002 -901.903 3023.67
624.34 63.3456 2503.27
79.645 -133.137 2818.18
123.695 -521.391 2893.93
133.86 348.291 2717.24
-24.1196 113.6 2815.46
FRAME: 138
-51.7576 594.752 2661.57
-248.447 135.919 2945.24
-180.914 -892.351 3056.31
-327.47 -21.7942 2761.69
-122.357 -126.068 2894.02
-162.101 -522.571 2945.94
-189.83 358.804 2836.06
-29.141 350.989 2775.81
349.754 151.605 2648.06
162.067 -905.245 3026.4
575.349 -7.75566 2487.41
78.0068 -135.779 2819.01
121.178 -527.906 2895.17
131.548 343.174 2715.57
-25.6582 110.033 2816.17
FRAME: 139
-53.4855 594.029 2657.13
-248.698 128.563 2947.76
-179.139 -895.287 3064.47
-324.974 -28.8726 2756.93
-118.801 -111.453 2902.54
-162.57 -523.462 2952.46
-191.697 360.846 2836.92
-32.2951 352.258 2773.2
322.189 135.567 2652.78
163.799 -897.825 3030.1
509.995 -73.4564 2484.18
78.6257 -121.999 2823.78
119.709 -524.066 2898.92
127.106 343.671 2709.47
-26.1914 117.766 2818.18
FRAME: 140
-51.5825 593.442 2659.06
-254.745 103.078 2940.84
-180.803 -883.334 3057.08
-319.668 -39.4324 2752.36
-117.842 -111.753 2905.01
-161.21 -513.246 2944.43
-190.877 360.336 2837.03
-31.5271 351.054 2772.19
296.23 103.114 2660.19
163.124 -900.098 3027.32
435.984 -145.356 2500.23
80.2153 -123.14 2824.65
118.445 -526.401 2891.07
127.823 341.772 2707.35
-25.1703 116.804 2818.51
FRAME: 141
-50.9021 594.056 2657.33
-249.47 100.335 2932.82
-180.649 -879.486 3058.94
-320.626 -72.3857 2743.17
-116.117 -105.522 2909.62
-159.432 -507.585 2948.42
-187.969 363.449 2835.7
-31.3111 351.786 2767.09
263.473 82.2008 2670.59
161.515 -895.134 3025.13
356.227 -191.023 2508.16
80.0655 -119.829 2824.1
117.12 -521.911 2886.91
125.347 340.124 2698.47
-24.6684 119.555 2816.98
FRAME: 142
-51.4589 593.947 2655.49
-248.028 94.4181 2930.94
-179.098 -874.377 3056.03
-317.855 -100.274 2747.32
-115.77 -102.272 2910.51
-159.688 -503.101 2943.41
-187.245 361.095 2837.03
-32.9024 348.494 2764.52
238.571 56.0845 2673.73
158.805 -896.071 3023.54
264.146 -225.86 2537.92
79.5075 -117.72 2819.38
115.935 -521.9 2885.46
121.44 335.894 2692.01
-25.5167 119.249 2814.73
FRAME: 143
-55.0362 578.109 2659.25
-249.62 87.6801 2928.5
-180.083 -881.176 3053.41
-320.944 -127.427 2757.95
-114.852 -102.928 2912.2
-158.762 -502.328 2940.78
-189.272 351.943 2836.74
-37.4505 338.79 2761
188.728 40.0904 2680.68
160.297 -900.988 3022.34
97.3867 -249.763 2590.46
73.9539 -118.887 2818.54
117.743 -526.055 2879.64
114.371 325.636 2685.26
-28.9497 113.941 2813.18
FRAME: 144
-55.9406 577.659 2663.96
-252.596 65.1235 2916.92
-183.268 -882.613 3051.43
-326.008 -141.138 2763.76
-113.618 -103.442 2913.64
-158.93 -506.57 2945.73
-189.634 351.736 2838.68
-40.5178 337.857 2758.71
154.744 25.1255 2675.06
162.391 -902.767 3020.18
28.5069 -237.76 2603.92
70.8562 -120.286 2815.2
117.838 -526.319 2878.83
108.598 323.979 2678.75
-30.9494 112.997 2811.57
FRAME: 145
-55.7408 572.071 2667.19
-251.302 74.4836 2920.57
-184.213 -894.237 3040.4
-336.025 -152.294 2780.04
-113.847 -108.07 2905.07
-163.091 -513.423 2942.67
-188.279 347.094 2839.37
-41.3298 333.482 2755.46
131.783 39.5633 2677
162.21 -900.124 3018.49
-42.8525 -216.336 2621.2
67.9333 -124.627 2801.72
115.713 -528.353 2868.45
105.619 319.87 2671.54
-32.1433 108.567 2804.42
FRAME: 146
-74.2374 576.902 2647.93
-254.571 69.5985 2922.7
-188.59 -910.656 3041.74
-357.89 -156.062 2784.25
-112.81 -112.799 2902.73
-165.685 -525.41 2940.71
-187.612 340.281 2841.43
-43.5504 325.474 2750.47
100.54 18.1778 2656.84
165.923 -904.625 3020.2
-82.0742 -201.538 2616.52
63.4826 -130.639 2791.89
115.172 -533.816 2867.47
100.511 310.668 2659.51
-34.107 101.878 2798.89
FRAME: 147
-80.1618 580.461 2624.63
-256.518 62.9799 2919.74
-187.989 -908.662 3038.85
-403.08 -159.626 2747.52
-103.751 -94.7948 2916.55
-167.796 -521.543 2938.6
-185.302 358.025 2833.55
-50.7194 338.501 2734.13
55.3626 26.4073 2639.25
162.433 -897.054 3013.89
-146.155 -172.639 2618.37
65.4358 -118.507 2792.95
115.419 -532.34 2858.15
83.8632 318.978 2634.71
-34.9385 115.925 2794.44
FRAME: 148
-83.1588 575.024 2628.48
-257.142 67.1273 2915.74
-195.489 -905.008 3024.38
-458.168 -104.817 2746.53
-99.8355 -96.5697 2914.71
-175.852 -514.706 2909.85
-187.695 353.783 2832.89
-54.4149 335.67 2730.75
37.6388 26.2585 2635.38
160.105 -899.377 3000.55
-196.507 -145.274 2632.04
66.6287 -118.38 2788.41
112.527 -537.644 2840.18
78.865 317.556 2628.62
-35.5091 114.098 2791.16
FRAME: 149
-93.5487 560.539 2619.87
-263.367 64.97 2921.09
-192.838 -907.879 3023.87
-478.742 -47.0387 2758.68
-94.4059 -97.492 2919.7
-176.068 -517.547 2900.67
-188.732 349.093 2831.27
-60.9075 329.426 2724.17
1.31698 21.4184 2622.7
158.631 -903.692 2992.28
-236.839 -114.178 2648.98
66.7386 -121.29 2786.18
108.058 -540.709 2830.3
66.9173 309.758 2617.08
-37.3706 110.017 2788.55
FRAME: 150
-107.062 542.057 2617.72
-284.308 74.5313 2929.96
-206.087 -903.771 3010.59
-444.092 32.7959 2753.86
-99.0171 -104.335 2926.02
-198.735 -516.374 2880.88
-191.374 341.285 2834.86
-72.926 316.67 2720.56
-42.0072 8.23164 2601.35
141.653 -912.899 2976.17
-259.732 -65.8049 2648.2
49.546 -133.756 2784.71
85.7555 -558.315 2797.05
45.5215 292.054 2606.26
-48.8308 98.8123 2787.96
FRAME: 151
-115.993 527.955 2615.73
-304.181 84.2354 2924.57
-204.967 -896.741 2999.83
-423.325 48.4449 2733.54
-104.463 -118.83 2928.73
-205.11 -522.662 2862.54
-195.512 329.682 2838.55
-84.5803 302.967 2719.42
-63.139 6.39134 2593.05
137.428 -923.698 2962.06
-276.425 -26.0143 2663.42
34.2281 -150.844 2781.09
81.6204 -575.405 2781.66
26.3516 276.251 2600.28
-59.8488 84.0648 2787.17
FRAME: 152
-127.931 504.219 2616.69
-316.151 84.3529 2909.21
-205.828 -917.111 3012.6
-404.136 69.8061 2726.78
-112.997 -132.661 2934.57
-227.517 -544.069 2836.87
-197.874 315.862 2840.07
-95.2598 282.622 2716.13
-106.531 -1.12983 2583.8
127.915 -936.346 2952.08
-291.381 -1.08728 2673.43
12.9662 -172.106 2783.49
66.123 -595.298 2754.33
7.35397 249.383 2592.19
-72.6375 65.1193 2787.58
FRAME: 153
-139.903 480.383 2621.89
-310.332 71.6777 2908.01
-200.074 -934.721 3020.95
-397.699 51.8484 2709.43
-122.453 -156.163 2939.53
-239.602 -570.501 2822.4
-201.684 292.847 2845.07
-104.871 257.607 2719.4
-140.786 -5.76831 2579.77
129.451 -948.208 2940.79
-330.216 52.7134 2701.65
-0.753325 -198.297 2783.74
59.6294 -633.989 2733.32
-8.05713 222.367 2593.73
-83.2369 40.1886 2790.52
FRAME: 154
-148.246 461.158 2634.11
-329.08 69.5911 2905.48
-195.366 -952.065 3026.68
-383.395 92.3102 2719.81
-127.715 -172.338 2946.29
-253.797 -600.284 2810.4
-205.058 276.834 2854.65
-111.418 241.335 2726.93
-139.535 -20.9802 2570.58
131.677 -944.127 2930.91
-306.025 2.07384 2669.97
-9.53775 -215.183 2787.42
56.8082 -664.717 2719.51
-17.7784 205.837 2599.21
-90.0224 23.7874 2796.89
FRAME: 155
-154.707 445.943 2634.03
-323.565 62.5936 2899.93
-195.073 -952.088 3022.45
-372.667 41.6459 2711.36
-134.794 -182.291 2950.59
-264.827 -624.129 2801.02
-213.142 267.934 2855.47
-120.873 229.9 2725.85
-169.893 -17.7825 2574.14
130.631 -933.473 2921.3
-311.043 15.9402 2694.72
-19.5986 -227.795 2791.16
54.1317 -684.644 2707.93
-28.6037 191.865 2596.23
-99.0347 12.4283 2798.36
FRAME: 156
-159.653 421.968 2642.07
-319.982 47.2102 2901.42
-190.621 -956.841 3014.21
-371.87 30.4367 2722.65
-134.01 -203.973 2953.53
-258.785 -640.9 2799.23
-213.452 246.472 2860.86
-124.721 208.313 2730.07
-188.263 -22.1168 2576.75
138.668 -923.985 2899.15
-318.897 38.9666 2713.09
-23.8961 -249.647 2793.33
53.9067 -701.062 2705.74
-35.9896 170.153 2599.29
-101.837 -9.24857 2801.75
FRAME: 157
-162.995 423.561 2638.32
-344.357 70.3379 2893.3
-193.792 -948.946 3008.98
-363.079 88.107 2706.54
-135.489 -200.495 2951.67
-261.761 -637.367 2791.09
-213.895 247.656 2858.63
-128.125 208.025 2726.2
-185.025 -27.1408 2569.13
135.058 -901.035 2877.57
-298.311 23.8097 2702.89
-29.7872 -247.729 2790.39
54.5113 -685.106 2707.28
-42.3548 168.395 2593.76
-105.382 -8.04336 2798.61
FRAME: 158
-171.384 410.738 2643.08
-345.955 51.2965 2877.02
-194.962 -956.633 3007.87
-352.071 -2.65779 2685.72
-140.733 -213.354 2952.75
-268.284 -643.275 2785.45
-222.722 234.733 2859.19
-135.157 196.935 2727.9
-199.262 -31.4084 2579.08
137.658 -896.109 2873.29
-305.407 30.5012 2716.84
-31.4963 -258.794 2791.17
60.0803 -679.767 2714.46
-47.5912 159.136 2596.6
-110.636 -19.5695 2799.93
FRAME: 159
-176.91 403.921 2641.4
-349.903 55.2041 2869.45
-193.497 -948.829 3008.36
-348.083 -18.9713 2668.06
-142.673 -212.98 2953.95
-268.981 -635.395 2783.63
-228.382 231.27 2855.97
-142.166 191.745 2724.03
-205.2 -35.4861 2576.03
136.333 -900.439 2892.05
-291.98 5.71157 2709.23
-35.7427 -260.325 2792.49
50.0541 -672.297 2711.27
-55.9492 152.22 2592.08
-115.687 -22.454 2798.62
FRAME: 160
-179.892 397.834 2643
-366.574 72.8974 2872.73
-190.24 -939.801 3006.82
-360.348 -22.1823 2670.83
-142.116 -227.068 2950.04
-263.168 -643.63 2792.98
-227.67 220.383 2856.42
-142.017 183.574 2726.2
-205.083 -34.1724 2581.04
146.618 -912.202 2888.14
-286.486 1.31396 2708.37
-34.0684 -271.296 2788.83
48.3776 -687.823 2705.87
-56.3645 146.764 2595.99
-115.055 -32.804 2797.82
FRAME: 161
-187.468 405.475 2629.71
-364.303 94.2346 2867.94
-187.803 -933.872 3003.28
-354.668 27.6562 2677.81
-132.91 -204.618 2957.1
-258.878 -627.606 2789.12
-223.625 237.378 2851.31
-148 194.31 2717.37
-228.07 -14.4417 2576.84
142.833 -898.977 2892.23
-286.202 39.5099 2715.74
-37.507 -256.441 2791.7
48.895 -674.388 2706.13
-72.3746 151.242 2583.43
-116.604 -18.11 2795.89
FRAME: 162
-192.578 399.822 2633.55
-349.949 75.7365 2874.58
-189.451 -935.886 3012.72
-354.317 1.36603 2684.06
-124.672 -210.351 2956.02
-258.191 -617.656 2794.01
-219.368 232.287 2854.14
-148.496 189.857 2719.13
-235.046 -9.69842 2574.6
141.094 -903.766 2908.5
-299.301 44.0697 2723.25
-35.5764 -261.28 2790.01
47.9302 -679.954 2701.55
-77.6234 147.427 2584.11
-114.31 -22.9793 2796.07
FRAME: 163
-191.766 402.32 2639.36
-366.15 102.46 2862.77
-192.014 -940.157 3007.52
-347.914 -0.970322 2666.71
-121.435 -211.594 2958.24
-255.473 -616.198 2793.46
-217.894 234.03 2860.03
-148.555 192.627 2723.3
-225.367 -14.2177 2577.08
139.316 -911.425 2917.36
-271.78 1.72325 2697.89
-35.8092 -261.285 2791.7
46.4254 -684.297 2700.59
-79.216 151.224 2586.57
-113.588 -21.9059 2799.13
FRAME: 164
-193.818 406.923 2634.81
-353.991 108.726 2868.24
-185.838 -938.878 3017.09
-346.281 28.7999 2691.55
-110.034 -201.873 2956.89
-248.193 -596.814 2797.31
-207.056 243.347 2855.02
-149.011 198.713 2718.93
-241.806 -0.286317 2577.51
139.188 -917.193 2926.56
-298.32 48.264 2716.18
-37.2534 -255.498 2789.94
49.6224 -677.441 2702.68
-90.9659 154.078 2582.84
-111.327 -14.9865 2796.17
FRAME: 165
-195.471 412.508 2633.74
-343.33 109.352 2857.63
-183.554 -930.522 3012.84
-342.936 15.9838 2678.17
-99.9821 -193.436 2954.25
-243.17 -586.036 2798.95
-195.909 250.739 2852.93
-148.25 204.049 2717.14
-251.028 2.35962 2579.01
138.67 -905.637 2905.07
-303.854 51.7246 2719.73
-39.574 -249.307 2788.33
49.7376 -670.558 2705.66
-100.592 157.359 2581.35
-109.014 -8.66103 2794.21
FRAME: 166
-200.153 425.498 2613.6
-339.258 122.979 2838.1
-189.756 -904.642 3004.29
-337.991 5.2835 2648.59
-97.8292 -169.891 2951.58
-245.973 -563.356 2800.64
-191.385 272.48 2836.4
-151.605 220.763 2704.29
-256.079 10.9388 2577.4
132.888 -884.953 2903.34
-306.747 54.2085 2717.57
-45.4618 -231.795 2789.07
47.1507 -643.337 2710.19
-111.826 169.046 2572.18
-111.625 9.96007 2787.31
FRAME: 167
-207.204 421.972 2610.59
-338.409 124.712 2831.31
-190.3 -897.844 2994.05
-335.937 -8.15383 2643.61
-94.9592 -166.356 2954.27
-241.511 -563.961 2805.05
-193.663 273.154 2834.68
-155.54 220.179 2704.13
-258.153 5.34053 2579.54
137.551 -886.564 2897.37
-303.434 50.1514 2719.29
-43.7767 -229.651 2792.74
50.5547 -647.337 2711.23
-117.417 167.204 2573.58
-112.454 11.0878 2788.82
FRAME: 168
-208.7 422.428 2597.54
-330.802 122.507 2817.19
-197.199 -865.62 2977.89
-328.143 -29.5078 2641.15
-97.1422 -151.162 2960.31
-248.546 -539.949 2803.59
-196.494 283.228 2827.36
-158.922 224.517 2696.67
-258.225 -2.07137 2578
130.426 -877.524 2909.25
-309.416 38.0707 2717.6
-47.681 -221.536 2799.1
44.1283 -642.239 2709.59
-121.35 165.806 2565.98
-115.667 19.0842 2788.18
FRAME: 169
-214.67 424.102 2594.47
-337.796 114.536 2810.99
-196.246 -857.163 2971.45
-322.148 -54.3025 2643.51
-104.671 -148.795 2963.53
-255.704 -528.197 2785.24
-210.934 283.574 2824.46
-163.518 226.388 2694.34
-246.738 -14.8372 2581.78
138.319 -866.455 2891.14
-306.982 25.6493 2717.44
-42.5491 -218.092 2801.01
45.0305 -648.615 2707.32
-116.101 169.202 2564.23
-118.564 21.4722 2788.31
FRAME: 170
-212.855 417.022 2592.31
-329.098 59.965 2813.33
-195.12 -874.868 2977.27
-306.974 -98.3363 2640.29
-117.534 -167.195 2955.87
-253.492 -555.518 2798.98
-220.28 266.537 2822.53
-158.717 216.285 2697.08
-251.3 -12.7751 2589.42
126.315 -861.739 2871.38
-331.867 58.3644 2747.94
-37.9776 -227.271 2799.95
38.5364 -665.754 2712.57
-97.154 166.032 2571.64
-118.236 9.52574 2787.5
FRAME: 171
-194.466 400.884 2600.19
-323.811 27.6255 2812.82
-191.627 -916.813 2990.47
-291.117 -125.846 2633.51
-124.497 -184.129 2960.9
-254.303 -584.532 2790.45
-214.333 252.258 2833.66
-149.21 201.406 2704.27
-207.022 -68.0438 2583.18
136.865 -863.13 2844.51
-311.929 -51.6531 2713.93
-42.4298 -244.221 2803.01
33.729 -675.541 2711.31
-84.0867 150.553 2574.88
-116.337 -6.38476 2793.11
FRAME: 172
-199.936 381.931 2600.84
-307.161 -51.7971 2841.32
-192.325 -950.522 3000.57
-344.891 -179.372 2662.88
-129.542 -213.884 2961.64
-258.761 -620.458 2789.56
-208.121 222.659 2844.2
-131.707 176.838 2719.06
-160.206 -116.977 2589.91
136.46 -850.353 2832.86
-282.321 -175.392 2659.61
-34.8169 -267.889 2810.68
39.6937 -691.94 2724.28
-55.2922 131.017 2593.93
-106.943 -32.0242 2802.61
FRAME: 173
-196.269 373.345 2594.3
-308.535 -74.9581 2844.05
-187.993 -939.598 2997.05
-347.921 -230.169 2689.1
-126.062 -212.168 2960.81
-257.921 -611.931 2783.57
-228.796 209.465 2829.86
-130.562 171.326 2716.98
-121.309 -157.818 2579.59
137.918 -831.19 2823.53
-252.667 -223.673 2612.64
-7.72976 -257.259 2825.93
38.5919 -673.177 2728.18
-32.3277 133.186 2604.1
-98.7289 -31.6939 2805.17
FRAME: 174
-188.475 382.354 2595.89
-301.313 -69.1133 2864.06
-181.328 -943.779 2999.54
-331.946 -224.733 2707.45
-123.523 -205.887 2961.19
-244.381 -612.761 2792.59
-235.722 210.085 2826.21
-124.737 178.98 2722.29
-51.5608 -131.256 2591.29
122.843 -836.404 2837.83
-128.461 -280.192 2538.48
7.25463 -242.568 2838.82
26.9342 -655.57 2738.3
-13.7517 147.875 2618.37
-91.4356 -22.6238 2811.15
FRAME: 175
-178.881 421.518 2587.83
-280.571 -39.9893 2869.03
-173.947 -908.8 2992.82
-309.208 -214.148 2715.21
-111.308 -167.807 2962.47
-232.62 -574.915 2791.8
-229.204 244.18 2822.86
-116.131 212.119 2718.96
27.892 -112.885 2583
126.105 -851.505 2863.92
11.8707 -295.141 2510.95
24.116 -205.877 2838.36
27.5393 -626.801 2751.72
-3.05753 180.059 2615.07
-79.8634 12.6386 2809.69
FRAME: 176
-170.187 450.916 2583.22
-273.233 -8.75744 2860.37
-183.819 -896.755 2983.93
-301.659 -203.891 2712.69
-116.462 -142.528 2957.67
-236.72 -522.892 2797.66
-232.911 270.917 2814.45
-110.953 242.671 2717.2
82.424 -88.6616 2582.43
129.369 -867.193 2911.65
118.481 -277.979 2484.6
30.7145 -176.483 2840.31
28.7694 -595.973 2773.03
11.0048 214.426 2619.94
-76.9134 41.583 2808.09
FRAME: 177
-167.977 489.788 2572.84
-268.822 18.1999 2856.24
-179.28 -871.297 2996.03
-303.848 -181.602 2712.94
-115.037 -101.577 2958.53
-229.452 -456.491 2813.53
-233.065 312.149 2804.51
-108.358 282.172 2709.57
131.854 -49.2255 2572.63
132.533 -851.327 2945
212.037 -224.224 2450.36
34.6384 -137.506 2844.59
34.5879 -560.577 2796.83
16.3494 252.194 2614.63
-74.2787 81.315 2805.56
FRAME: 178
-159.504 514.858 2568.05
-283.428 48.6837 2866.19
-198.455 -895.558 3007.09
-329.765 -154.895 2715.5
-134.736 -84.0705 2947.78
-243.625 -425.125 2835.01
-251.274 331.848 2798.59
-102.351 308.663 2709.68
202.962 20.7348 2576.52
151.963 -850.192 2964.21
335.543 -110.48 2428.05
43.2606 -111.649 2841.69
62.5961 -533.9 2815.83
46.5719 285.479 2620.78
-74.0445 105.402 2802.21
FRAME: 179
-151.667 522.661 2578.7
-264.647 64.1462 2857.65
-176.408 -882.501 3007.84
-293.932 -148.062 2715.51
-121.147 -71.0623 2945.26
-226.59 -403.78 2843.35
-235.556 344.224 2788.3
-99.9013 323.47 2709.62
228.035 67.5946 2599.72
140.532 -868.279 2987.04
405.658 -29.2234 2462.23
39.6094 -95.6588 2852.13
54.8799 -522.248 2835.79
35.7535 302.715 2630.94
-70.3351 120.055 2804.16
FRAME: 180
-142.473 545.221 2574.15
-258.971 79.789 2851.15
-172.558 -839.824 3011.55
-267.859 -121.132 2717.24
-124.547 -55.7327 2932.3
-220.656 -384.108 2863.31
-235.906 360.924 2777
-94.7679 344.558 2706.25
288.889 136.231 2639.89
140.064 -846.636 2990.75
555.648 111.279 2553.84
41.6556 -74.94 2849.19
65.9391 -494.953 2852.18
46.3698 328.193 2635.51
-68.1069 139.611 2798.5
FRAME: 181
-129.958 558.889 2577.37
-274.598 92.0507 2861.75
-179.735 -837.849 3019.48
-296.167 -81.1085 2719.76
-132.408 -46.2951 2924.64
-223.441 -369.03 2871.74
-239.785 372.337 2774.31
-86.1192 359.302 2709.76
357.925 218.83 2666.87
149.4 -856.8 3002.39
636.783 258.531 2623.77
46.9551 -61.1465 2850.11
74.681 -483.303 2870.42
67.547 346.266 2645.2
-64.4228 152.79 2798.57
FRAME: 182
-114.181 564.02 2580.95
-289.352 115.769 2896.1
-184.044 -843.663 3025.59
-336.415 -68.0658 2732.77
-139.633 -52.1809 2914.1
-195.995 -435.041 2901.86
-242.304 370.133 2772.29
-74.2002 360.882 2715.05
401.83 270.811 2682.13
164.657 -866.704 3011.89
697.293 363.985 2651.62
56.8336 -62.9963 2847.29
93.6241 -486.019 2876.58
93.9034 351.631 2657.81
-57.7998 151.647 2797.87
FRAME: 183
-109.816 576.956 2576.55
-277.285 123.951 2888.25
-175.536 -830.064 3026.23
-337.724 -65.6129 2719.03
-132.65 -45.7945 2902.29
-182.382 -435.681 2912.83
-234.644 376.386 2758.19
-69.3606 372.031 2712.05
413.154 297.42 2699.52
160.581 -861.504 3021.62
706.502 414.411 2683.35
59.5452 -50.758 2848.86
92.8817 -469.747 2884.98
95.9225 367.675 2665.9
-52.9566 161.877 2793.81
FRAME: 184
-103.122 578.939 2579.24
-286.727 129.86 2902.67
-177.604 -839.581 3032.06
-348.294 -68.2249 2716.44
-129.923 -43.1748 2905.21
-170.991 -450.276 2924.44
-233.901 380.779 2760.48
-64.2471 376.578 2713.89
428.954 322.991 2711.46
166.708 -865.258 3023.91
723.223 464.527 2708.81
67.3605 -48.0197 2851.21
95.9917 -468.359 2889.51
105.407 372.377 2667.29
-47.7642 165.49 2796.05
FRAME: 185
-98.889 584.955 2575.75
-288.41 126.422 2908.85
-178.421 -830.587 3036.5
-344.887 -67.5024 2712.92
-126.583 -38.9835 2903.36
-170.569 -446.4 2934.92
-234.162 381.241 2749.89
-61.1235 381.193 2710.08
440.183 341.096 2720.3
169.691 -864.578 3031.98
730.784 491.389 2727.22
75.6356 -38.9212 2857.21
102.202 -457.257 2896.08
111.915 381.144 2670.27
-43.2987 171.12 2795.18
FRAME: 186
-87.4136 576.326 2591.82
-290.577 135.331 2915.5
-180.395 -846.647 3038.4
-345.925 -62.6374 2709
-126.666 -56.3191 2902.35
-170.527 -464.435 2937.98
-227.935 373.099 2761.07
-53.8268 372.171 2722.75
443.34 357.04 2737.6
169.949 -881.302 3032.44
732.562 521.85 2752.09
77.0992 -57.3589 2857.68
103.518 -471.733 2897.01
120.281 371.243 2684.43
-39.3051 157.666 2801.38
FRAME: 187
-72.5575 574.962 2632.49
-293.33 137.081 2915.92
-179.672 -842.033 3029.74
-342.364 -57.7408 2694.74
-126.019 -75.9351 2884.82
-170.204 -481.429 2924.51
-221.515 365.657 2778.3
-47.2031 365.258 2740.16
450.27 362.745 2751.7
169.946 -880.952 3026.11
735.132 532.84 2765.49
79.931 -76.4342 2839.78
110.31 -485.076 2885.53
127.109 364.859 2702.02
-35.1235 144.537 2801.23
FRAME: 188
-64.7935 572.424 2657.12
-291.815 132.12 2914.24
-180.181 -831.62 3036.26
-340.31 -58.5872 2688.13
-125.941 -85.5635 2876.82
-169.719 -491.011 2934.71
-218.347 359.965 2787.3
-44.679 360.645 2750.07
454.485 366.273 2763.16
170.313 -876.551 3036.12
740.534 534.647 2769.94
81.5197 -84.7948 2832.29
113.963 -497.148 2889.3
128.989 361.326 2712.83
-33.4447 137.733 2802.31
FRAME: 189
-56.6453 572.866 2679.21
-289.317 126.757 2914.77
-178.746 -834.523 3035.4
-329.881 -52.3502 2681.29
-125.462 -98.9292 2870.54
-168.541 -501.58 2938.48
-213.125 356.607 2803.64
-39.7041 356.758 2763.43
457.784 366.253 2766.43
169.447 -873.058 3030.56
742.245 533.377 2776.2
83.6069 -98.8334 2822.06
117.651 -506.163 2889.66
133.717 356.91 2723.22
-30.3157 128.939 2804.86
FRAME: 190
-51.0543 571.673 2694.16
-289.702 125.958 2915.25
-177.583 -835.982 3038.63
-325.952 -59.5427 2676.39
-122.086 -104.294 2867.64
-165.774 -509.785 2942.63
-208.296 354.349 2813.12
-35.7229 354.633 2771.46
458.504 365.215 2771.1
170.109 -868.608 3030.59
744.475 533.058 2771.14
85.6284 -104.032 2817.58
124.343 -511.831 2893.29
136.85 354.917 2729.81
-26.9758 125.235 2807.04
FRAME: 191
-46.508 571.289 2702.46
-288.992 123.606 2916.89
-176.376 -831.017 3037.19
-322.154 -48.9736 2680.71
-118.114 -109.027 2865.07
-167.954 -512.951 2945.63
-204.427 352.621 2816.94
-31.8692 353.359 2775.47
467.088 363.011 2774.63
170.569 -861.779 3030.49
757.284 526.46 2777.76
88.6973 -108.27 2815.47
127.001 -517.082 2892.99
140.689 354.096 2733.99
-23.2888 122.355 2807.87
FRAME: 192
-44.0607 570.806 2709.99
-289.059 121.574 2915.38
-176.108 -831.349 3039.63
-325.566 -56.0781 2681.95
-117.104 -108.629 2866.54
-167.052 -517.659 2945.69
-203.147 351.104 2821.18
-30.5499 351.982 2779.3
471.521 357.344 2775.43
170.103 -860.894 3037
765.752 519.168 2774.76
90.5274 -107.638 2816.32
129.634 -516.681 2905.04
142.048 352.861 2737.42
-21.9191 121.925 2810.37
FRAME: 193
-42.8884 567.967 2725.4
-290.625 115.63 2923.11
-176.306 -826.955 3042.52
-317.798 -51.2944 2689.23
-118.782 -110.397 2868.02
-169.938 -520.778 2955.93
-203.762 348.321 2826.22
-31.2547 348.712 2782.99
476.759 349.955 2778.05
167.775 -859.371 3035.39
771.347 498.952 2771.89
87.6005 -109.986 2816.49
131.083 -519.403 2910.42
141.252 349.103 2739.75
-23.4229 119.26 2812.62
FRAME: 194
-43.5463 570.064 2721.63
-279.29 118.568 2936.7
-177.793 -826.873 3043.4
-313.654 -44.0151 2699.98
-117.561 -106.643 2870.3
-160.957 -519.221 2959.89
-203.395 350.226 2830.55
-31.3535 350.854 2785.62
475.563 336.402 2776.61
167.039 -860.725 3041.21
779.806 473.449 2765.5
88.1063 -105.939 2816.77
130.826 -515.251 2916.24
140.688 351.483 2740.69
-23.0405 122.282 2814.58
FRAME: 195
-49.2706 587.082 2684.45
-279.294 118.997 2938.7
-177.107 -835.461 3042.65
-312.756 -52.9809 2704.28
-118.329 -110.503 2874.19
-159.827 -524.89 2962.06
-203.136 346.919 2834.77
-31.1585 347.134 2789.95
473.287 319.777 2775.83
170.747 -864.414 3044.91
779.784 446.396 2759.34
86.7352 -110.299 2820.88
133.412 -519.403 2916.18
140.819 347.348 2745.14
-23.4778 118.366 2818.74
FRAME: 196
-44.7745 588.52 2678.17
-277.046 109.447 2931.96
-176.347 -820.236 3053.06
-305.923 -60.7773 2706.59
-114.463 -85.8264 2895.24
-156.372 -512.807 2977.62
-200.114 364.012 2824.52
-27.9722 361.263 2780.13
473.054 291.529 2773.33
170.661 -853.212 3052.47
787.276 406.736 2749.81
90.9787 -89.0636 2842.41
134.157 -512.14 2922.08
144.17 358.514 2735.75
-19.8572 136.909 2824.48
FRAME: 197
-43.97 580.727 2705.58
-273.558 107.918 2931.51
-178.004 -837.742 3040.1
-300.381 -74.5519 2706.73
-119.674 -93.5294 2888.12
-155.65 -506.3 2965.85
-202.38 357.207 2830.09
-29.8808 355.147 2787.81
466.383 259.975 2766.8
167.481 -866.699 3037.67
775.031 357.077 2729.49
85.7705 -95.9187 2837.88
129.131 -510.18 2907.82
142.619 353.087 2745.53
-23.4164 130.211 2825.41
FRAME: 198
-48.0009 564.755 2728.9
-271.333 98.4249 2923.28
-179.142 -837.976 3046.92
-296.909 -92.8347 2697.39
-123.839 -104.09 2889.24
-154.365 -519.331 2978.65
-208.614 344.284 2835.08
-35.9842 343.909 2794.6
446.109 227.199 2764.59
171.401 -870.615 3049.42
758.321 298.508 2716.05
81.7695 -104.502 2841.12
130.562 -517.929 2922.09
136.646 343.534 2754.12
-28.5094 119.806 2829.89
FRAME: 199
-49.601 561.062 2737.76
-269.85 98.3899 2935.62
-178.257 -841.281 3052.24
-292.734 -85.8648 2708.65
-121.262 -110.755 2891.32
-153.564 -525.279 2987.9
-208.762 338.776 2840.35
-36.9235 339.64 2798.84
424.15 191.474 2766.41
171.774 -871.739 3053.53
734.106 228.286 2699.67
83.7194 -109.702 2841.84
131.62 -522.665 2926.01
134.915 340.503 2757.34
-27.8475 114.705 2832.71
FRAME: 200
-46.6122 554.552 2744.87
-266.746 95.5574 2939.49
-176.233 -846.478 3053.33
-282.2 -84.9325 2706.85
-116.72 -117.83 2893.96
-149.312 -534.68 2992.73
-205.406 330.572 2842.4
-34.0161 332.389 2802.78
371.537 140.575 2777.87
176.482 -874.248 3057.04
659.507 102.259 2664.55
88.7108 -115.647 2846.46
132.948 -531.603 2931.57
137.374 334.205 2763.16
-24.0104 107.825 2836.49
FRAME: 201
-44.4871 553.005 2750.46
-263.309 90.2489 2935.36
-179.223 -844.49 3056.47
-276.371 -97.0143 2705.7
-118.881 -118.171 2895.89
-151.416 -535.925 2993.29
-205.319 329.345 2844.46
-34.0352 330.08 2805.45
338.457 105.153 2782.79
172.919 -870.829 3055.63
600.151 6.83112 2653.65
86.0901 -117.228 2849.21
128.696 -531.71 2939.57
137.248 330.816 2766.45
-25.2153 106.19 2839
FRAME: 202
-41.0847 551.336 2755.02
-257.936 84.3809 2936.3
-183.766 -850.495 3057.6
-273.034 -96.1307 2709.21
-121.564 -121.553 2894.69
-156.295 -540.375 2991.58
-203.699 326.589 2844.84
-32.6447 326.517 2808.12
303.536 78.5422 2786.53
168.512 -872.265 3051.43
517.527 -83.2248 2646.66
84.6095 -121.54 2850.34
125.931 -535.3 2947.11
138.409 326.446 2771.39
-25.5609 102.486 2840.31
FRAME: 203
-43.9722 550.895 2755.6
-258.587 81.2709 2933.32
-180.534 -846.448 3057.84
-265.562 -108.362 2709.12
-124.278 -119.537 2898.29
-162.026 -537.952 2993.14
-206.791 327.306 2846.4
-35.7791 326.672 2808.63
273.863 56.8056 2789.8
169.828 -874.398 3049.89
442.743 -159.275 2656.39
81.5322 -120.209 2852.74
124.746 -533.327 2950.48
135.233 326.037 2770.87
-28.576 103.399 2842.07
FRAME: 204
-55.0232 579.447 2719.58
-257.033 80.0977 2930.34
-180.901 -844.979 3057.68
-260.251 -116.953 2712.81
-123.53 -119.744 2900.51
-167.538 -535.318 2994.99
-209.302 326.947 2848.31
-38.7055 326.751 2808.34
239.403 41.8697 2793.09
169.626 -871.903 3047.97
355.577 -215.681 2669.81
80.9496 -119.93 2852.53
124.551 -531.661 2953.31
131.891 326.554 2768.38
-29.9978 103.457 2842.43
FRAME: 205
-59.9809 583.733 2723.79
-257.647 76.9813 2930.42
-179.175 -835.886 3067.19
-253.282 -127.874 2717.62
-122.732 -92.3714 2917.7
-171.679 -527.329 2999.26
-212.834 350.707 2847.95
-44.0461 349.683 2801.96
222.122 26.117 2791.19
171.755 -861.927 3049.92
288.443 -255.461 2685.15
79.9095 -93.5479 2862.54
120.374 -521.895 2964.56
124.742 348.658 2755.97
-32.7287 128.362 2846.04
FRAME: 206
-62.3285 582.229 2724.22
-257.872 77.8499 2935.76
-182.305 -841.283 3063.93
-248.983 -125.005 2715.65
-121.838 -86.4007 2926.35
-176.749 -513.46 2991.15
-214.527 355.74 2850.08
-46.6405 354.396 2800.35
188.129 27.5018 2791.31
171.086 -872.153 3050.16
172.934 -268.15 2710.77
80.5485 -88.0355 2866.54
113.16 -512.65 2953.38
121.246 353.053 2750.62
-33.6426 133.589 2848.4
FRAME: 207
-64.4679 585 2724.88
-258.26 73.2204 2931.8
-187.535 -845.898 3067.39
-249.441 -139.284 2731.79
-122.472 -75.7723 2932.87
-183.384 -497.847 2997.46
-216.718 364.822 2852.77
-49.818 362.039 2798.69
164.489 27.5992 2792.46
167.11 -862.267 3053.99
94.0427 -264.318 2735.6
77.2374 -79.111 2868.32
102.146 -502.441 2952.8
117.082 359.257 2744.61
-36.2175 142.299 2849.64
FRAME: 208
-66.4475 583.82 2733.47
-261.905 77.9123 2919.68
-194.839 -847.034 3064.2
-246.588 -150.46 2750.18
-129.609 -73.7575 2932.07
-196.329 -491.428 2989.96
-220.074 367.771 2859.26
-54.4121 362.881 2800.78
148.674 37.1393 2795.01
160.477 -863.237 3050.27
23.0018 -234.865 2751.56
67.2081 -79.5633 2862.77
81.3558 -500.565 2944.83
111.25 357.991 2742.31
-42.8062 143.11 2849.1
FRAME: 209
-74.4562 601.688 2717.21
-273.44 91.092 2919.07
-196.889 -842.757 3062.99
-266.491 -129.682 2763.34
-142.187 -70.5714 2931.91
-211.489 -488.167 2983.72
-224.932 371.686 2861.09
-59.3562 363.83 2802.01
137.038 44.5838 2795.86
152.19 -856.105 3047.94
-29.6438 -204.886 2757.96
55.8547 -79.9646 2861.56
65.4188 -501.531 2941.73
106.22 355.974 2742.94
-51.2612 144.281 2849.38
FRAME: 210
-79.0058 604.305 2709.24
-274.039 78.1896 2908.21
-193.758 -836.74 3068.78
-329.372 -111.212 2737.35
-142.145 -52.7094 2949.99
-215.399 -480.902 2992.08
-228.192 386.44 2860.6
-64.4363 376.728 2796.63
124.13 52.0536 2788.5
157.469 -855.801 3056.88
-53.3778 -184.289 2746.94
53.5783 -64.3183 2874.06
57.2707 -496.421 2946.38
99.3191 367.016 2732.67
-54.3597 159.107 2854.33
FRAME: 211
-76.3387 604.145 2706.36
-266.972 92.9968 2905.02
-196.889 -838.719 3064.58
-303.239 -101.356 2723.29
-142.111 -44.5141 2958.57
-223.299 -468.712 2985.15
-229.603 393.327 2858.51
-65.2888 382.425 2795
109.385 54.692 2782.55
157.41 -850.339 3055.24
-99.0073 -159.076 2737.6
52.4695 -57.3726 2883.65
46.4237 -487.12 2944.49
99.0251 371.522 2731.5
-55.0549 165.741 2858.06
FRAME: 212
-78.2106 599.91 2705.72
-266.205 95.1753 2903.4
-201.409 -841.248 3063.1
-276.888 -96.6276 2715.42
-146.72 -46.0681 2962.22
-234.088 -467.731 2976.82
-235.137 390.84 2852.7
-68.4829 381.072 2795.56
94.8397 56.2849 2776.54
149.976 -846.07 3053.75
-125.243 -139.471 2732.62
50.4333 -57.5587 2894.84
38.6344 -484.709 2949.71
98.1712 371.304 2738.43
-58.3131 164.629 2862.05
FRAME: 213
-76.9963 597.211 2705.33
-267.841 95.6504 2908.17
-200.579 -838.813 3062.82
-238.607 -77.9937 2697.6
-149.8 -47.5394 2963.33
-236.071 -468.187 2970.62
-237.672 389.029 2848.67
-69.4792 379.802 2795.79
85.1748 51.5511 2773.8
150.814 -847.245 3048.8
-146.806 -130.806 2737.82
48.9503 -58.3911 2900.98
35.4031 -484.58 2946.73
98.7135 370.576 2742.9
-59.9521 163.418 2863.97
FRAME: 214
-80.3439 601.256 2702.78
-265.378 98.2368 2901.97
-200.425 -826.061 3069.6
-230.231 -73.6119 2699.43
-153.518 -38.8464 2969.59
-241.636 -459.395 2973.67
-240.317 396.635 2850.21
-72.4529 385.76 2796.08
78.6774 56.8693 2771.57
149.014 -846.018 3051.16
-143.829 -122.013 2734.71
44.6055 -51.6479 2905.77
28.4824 -478.93 2947.81
95.4109 374.884 2741.95
-63.4545 170.256 2866.88
FRAME: 215
-81.5345 607.969 2701.55
-269.881 103.7 2902.29
-198.779 -831.618 3065.94
-217.873 -62.4526 2702.76
-155.781 -29.0201 2974.87
-252.593 -447.511 2976.62
-241.399 406.382 2853.49
-75.0675 393.208 2795.42
72.9234 57.5657 2772.23
146.187 -841.356 3042.81
-145.595 -123.515 2737.9
40.2306 -44.5154 2906.48
17.0659 -470.221 2948.47
91.2643 380.035 2737.36
-66.4214 178.22 2868.05
FRAME: 216
-82.4972 611.511 2701.05
-272.439 107.726 2906.31
-198.614 -838.411 3062.11
-216.695 -51.0324 2694.04
-158.512 -23.3681 2977.02
-261.208 -439.593 2967.14
-244.144 410.586 2851.2
-76.4228 398.303 2797.08
66.0432 58.9263 2773
147.38 -840.229 3046.12
-148.057 -125.394 2739.32
38.9008 -37.8077 2913.32
10.9756 -462.763 2953.33
91.2986 386.019 2742.96
-68.1142 183.857 2871.12
FRAME: 217
-93.5623 613.199 2699.97
-272.55 113.69 2901.52
-202.181 -845.267 3063.24
-203.986 -46.5473 2690.07
-160.214 -13.0856 2986.91
-275.166 -424.631 2964.41
-251.445 415.909 2853.93
-83.7015 403.605 2797.65
58.9519 65.7514 2772.84
139.265 -840.745 3043.91
-147.523 -126.449 2739.6
35.7664 -27.3935 2921.28
-1.23755 -453.303 2944.23
84.0419 391.301 2741.37
-72.9627 191.683 2875.87
FRAME: 218
-97.9036 606.957 2701.71
-277.409 112.638 2901.08
-199.785 -855.947 3059.3
-211.655 -45.7126 2688.97
-167.752 -24.7811 2985.59
-279.991 -438.036 2969.29
-257.594 406.13 2854.15
-89.6808 394.3 2799.66
55.3212 60.6426 2774.32
142.766 -850.503 3048.96
-154.816 -127.979 2738.26
28.9306 -38.5913 2921.88
1.26165 -465.116 2943.72
78.232 382.47 2745.17
-79.5458 181.307 2876.7
FRAME: 219
-100.57 596.747 2701.72
-270.027 103.57 2884.59
-197.21 -873.709 3057.45
-203.078 -55.4569 2672.66
-171.683 -34.8542 2986.7
-281.467 -448.57 2965.52
-262.012 394.488 2849.93
-92.5361 384.797 2801.47
48.1621 60.6274 2776.5
142.643 -850.781 3048.83
-147.877 -144.221 2754.68
27.2626 -46.1691 2929.94
3.66377 -473.358 2946.99
76.94 375.105 2753.01
-82.3732 172.142 2879.9
FRAME: 220
-103.236 597.469 2701.88
-275.067 104.877 2890.32
-195.716 -880.438 3060.12
-178.586 -67.1525 2713.31
-167.558 -31.2087 2995.53
-284.751 -441.397 2969.68
-265.296 394.561 2854.91
-94.3334 385.958 2805.1
39.9398 60.828 2783.32
142.943 -847.646 3048.56
-170.18 -115.602 2727.56
30.6627 -41.2101 2937.77
-5.10418 -468.604 2956.35
76.6291 377.355 2755.28
-81.3905 174.874 2885.87

