FRAME: 0
0 0 0
0 0 0
0 0 0
0 0 0
0 0 0
0 0 0
0 0 0
0 0 0
0 0 0
0 0 0
0 0 0
0 0 0
0 0 0
0 0 0
0 0 0
FRAME: 1
0 0 0
0 0 0
0 0 0
0 0 0
0 0 0
0 0 0
0 0 0
0 0 0
0 0 0
0 0 0
0 0 0
0 0 0
0 0 0
0 0 0
0 0 0
FRAME: 2
0 0 0
0 0 0
0 0 0
0 0 0
0 0 0
0 0 0
0 0 0
0 0 0
0 0 0
0 0 0
0 0 0
0 0 0
0 0 0
0 0 0
0 0 0
FRAME: 3
0 0 0
0 0 0
0 0 0
0 0 0
0 0 0
0 0 0
0 0 0
0 0 0
0 0 0
0 0 0
0 0 0
0 0 0
0 0 0
0 0 0
0 0 0
FRAME: 4
0 0 0
0 0 0
0 0 0
0 0 0
0 0 0
0 0 0
0 0 0
0 0 0
0 0 0
0 0 0
0 0 0
0 0 0
0 0 0
0 0 0
0 0 0
FRAME: 5
0 0 0
0 0 0
0 0 0
0 0 0
0 0 0
0 0 0
0 0 0
0 0 0
0 0 0
0 0 0
0 0 0
0 0 0
0 0 0
0 0 0
0 0 0
FRAME: 6
0 0 0
0 0 0
0 0 0
0 0 0
0 0 0
0 0 0
0 0 0
0 0 0
0 0 0
0 0 0
0 0 0
0 0 0
0 0 0
0 0 0
0 0 0
FRAME: 7
0 0 0
0 0 0
0 0 0
0 0 0
0 0 0
0 0 0
0 0 0
0 0 0
0 0 0
0 0 0
0 0 0
0 0 0
0 0 0
0 0 0
0 0 0
FRAME: 8
0 0 0
0 0 0
0 0 0
0 0 0
0 0 0
0 0 0
0 0 0
0 0 0
0 0 0
0 0 0
0 0 0
0 0 0
0 0 0
0 0 0
0 0 0
FRAME: 9
0 0 0
0 0 0
0 0 0
0 0 0
0 0 0
0 0 0
0 0 0
0 0 0
0 0 0
0 0 0
0 0 0
0 0 0
0 0 0
0 0 0
0 0 0
FRAME: 10
0 0 0
0 0 0
0 0 0
0 0 0
0 0 0
0 0 0
0 0 0
0 0 0
0 0 0
0 0 0
0 0 0
0 0 0
0 0 0
0 0 0
0 0 0
FRAME: 11
0 0 0
0 0 0
0 0 0
0 0 0
0 0 0
0 0 0
0 0 0
0 0 0
0 0 0
0 0 0
0 0 0
0 0 0
0 0 0
0 0 0
0 0 0
FRAME: 12
0 0 0
0 0 0
0 0 0
0 0 0
0 0 0
0 0 0
0 0 0
0 0 0
0 0 0
0 0 0
0 0 0
0 0 0
0 0 0
0 0 0
0 0 0
FRAME: 13
0 0 0
0 0 0
0 0 0
0 0 0
0 0 0
0 0 0
0 0 0
0 0 0
0 0 0
0 0 0
0 0 0
0 0 0
0 0 0
0 0 0
0 0 0
FRAME: 14
0 0 0
0 0 0
0 0 0
0 0 0
0 0 0
0 0 0
0 0 0
0 0 0
0 0 0
0 0 0
0 0 0
0 0 0
0 0 0
0 0 0
0 0 0
FRAME: 15
0 0 0
0 0 0
0 0 0
0 0 0
0 0 0
0 0 0
0 0 0
0 0 0
0 0 0
0 0 0
0 0 0
0 0 0
0 0 0
0 0 0
0 0 0
FRAME: 16
0 0 0
0 0 0
0 0 0
0 0 0
0 0 0
0 0 0
0 0 0
0 0 0
0 0 0
0 0 0
0 0 0
0 0 0
0 0 0
0 0 0
0 0 0
FRAME: 17
0 0 0
0 0 0
0 0 0
0 0 0
0 0 0
0 0 0
0 0 0
0 0 0
0 0 0
0 0 0
0 0 0
0 0 0
0 0 0
0 0 0
0 0 0
FRAME: 18
0 0 0
0 0 0
0 0 0
0 0 0
0 0 0
0 0 0
0 0 0
0 0 0
0 0 0
0 0 0
0 0 0
0 0 0
0 0 0
0 0 0
0 0 0
FRAME: 19
0 0 0
0 0 0
0 0 0
0 0 0
0 0 0
0 0 0
0 0 0
0 0 0
0 0 0
0 0 0
0 0 0
0 0 0
0 0 0
0 0 0
0 0 0
FRAME: 20
0 0 0
0 0 0
0 0 0
0 0 0
0 0 0
0 0 0
0 0 0
0 0 0
0 0 0
0 0 0
0 0 0
0 0 0
0 0 0
0 0 0
0 0 0
FRAME: 21
0 0 0
0 0 0
0 0 0
0 0 0
0 0 0
0 0 0
0 0 0
0 0 0
0 0 0
0 0 0
0 0 0
0 0 0
0 0 0
0 0 0
0 0 0
FRAME: 22
0 0 0
0 0 0
0 0 0
0 0 0
0 0 0
0 0 0
0 0 0
0 0 0
0 0 0
0 0 0
0 0 0
0 0 0
0 0 0
0 0 0
0 0 0
FRAME: 23
0 0 0
0 0 0
0 0 0
0 0 0
0 0 0
0 0 0
0 0 0
0 0 0
0 0 0
0 0 0
0 0 0
0 0 0
0 0 0
0 0 0
0 0 0
FRAME: 24
0 0 0
0 0 0
0 0 0
0 0 0
0 0 0
0 0 0
0 0 0
0 0 0
0 0 0
0 0 0
0 0 0
0 0 0
0 0 0
0 0 0
0 0 0
FRAME: 25
0 0 0
0 0 0
0 0 0
0 0 0
0 0 0
0 0 0
0 0 0
0 0 0
0 0 0
0 0 0
0 0 0
0 0 0
0 0 0
0 0 0
0 0 0
FRAME: 26
0 0 0
0 0 0
0 0 0
0 0 0
0 0 0
0 0 0
0 0 0
0 0 0
0 0 0
0 0 0
0 0 0
0 0 0
0 0 0
0 0 0
0 0 0
FRAME: 27
0 0 0
0 0 0
0 0 0
0 0 0
0 0 0
0 0 0
0 0 0
0 0 0
0 0 0
0 0 0
0 0 0
0 0 0
0 0 0
0 0 0
0 0 0
FRAME: 28
0 0 0
0 0 0
0 0 0
0 0 0
0 0 0
0 0 0
0 0 0
0 0 0
0 0 0
0 0 0
0 0 0
0 0 0
0 0 0
0 0 0
0 0 0
FRAME: 29
0 0 0
0 0 0
0 0 0
0 0 0
0 0 0
0 0 0
0 0 0
0 0 0
0 0 0
0 0 0
0 0 0
0 0 0
0 0 0
0 0 0
0 0 0
FRAME: 30
0 0 0
0 0 0
0 0 0
0 0 0
0 0 0
0 0 0
0 0 0
0 0 0
0 0 0
0 0 0
0 0 0
0 0 0
0 0 0
0 0 0
0 0 0
FRAME: 31
0 0 0
0 0 0
0 0 0
0 0 0
0 0 0
0 0 0
0 0 0
0 0 0
0 0 0
0 0 0
0 0 0
0 0 0
0 0 0
0 0 0
0 0 0
FRAME: 32
0 0 0
0 0 0
0 0 0
0 0 0
0 0 0
0 0 0
0 0 0
0 0 0
0 0 0
0 0 0
0 0 0
0 0 0
0 0 0
0 0 0
0 0 0
FRAME: 33
0 0 0
0 0 0
0 0 0
0 0 0
0 0 0
0 0 0
0 0 0
0 0 0
0 0 0
0 0 0
0 0 0
0 0 0
0 0 0
0 0 0
0 0 0
FRAME: 34
0 0 0
0 0 0
0 0 0
0 0 0
0 0 0
0 0 0
0 0 0
0 0 0
0 0 0
0 0 0
0 0 0
0 0 0
0 0 0
0 0 0
0 0 0
FRAME: 35
0 0 0
0 0 0
0 0 0
0 0 0
0 0 0
0 0 0
0 0 0
0 0 0
0 0 0
0 0 0
0 0 0
0 0 0
0 0 0
0 0 0
0 0 0
FRAME: 36
0 0 0
0 0 0
0 0 0
0 0 0
0 0 0
0 0 0
0 0 0
0 0 0
0 0 0
0 0 0
0 0 0
0 0 0
0 0 0
0 0 0
0 0 0
FRAME: 37
0 0 0
0 0 0
0 0 0
0 0 0
0 0 0
0 0 0
0 0 0
0 0 0
0 0 0
0 0 0
0 0 0
0 0 0
0 0 0
0 0 0
0 0 0
FRAME: 38
0 0 0
0 0 0
0 0 0
0 0 0
0 0 0
0 0 0
0 0 0
0 0 0
0 0 0
0 0 0
0 0 0
0 0 0
0 0 0
0 0 0
0 0 0
FRAME: 39
0 0 0
0 0 0
0 0 0
0 0 0
0 0 0
0 0 0
0 0 0
0 0 0
0 0 0
0 0 0
0 0 0
0 0 0
0 0 0
0 0 0
0 0 0
FRAME: 40
0 0 0
0 0 0
0 0 0
0 0 0
0 0 0
0 0 0
0 0 0
0 0 0
0 0 0
0 0 0
0 0 0
0 0 0
0 0 0
0 0 0
0 0 0
FRAME: 41
0 0 0
0 0 0
0 0 0
0 0 0
0 0 0
0 0 0
0 0 0
0 0 0
0 0 0
0 0 0
0 0 0
0 0 0
0 0 0
0 0 0
0 0 0
FRAME: 42
0 0 0
0 0 0
0 0 0
0 0 0
0 0 0
0 0 0
0 0 0
0 0 0
0 0 0
0 0 0
0 0 0
0 0 0
0 0 0
0 0 0
0 0 0
FRAME: 43
0 0 0
0 0 0
0 0 0
0 0 0
0 0 0
0 0 0
0 0 0
0 0 0
0 0 0
0 0 0
0 0 0
0 0 0
0 0 0
0 0 0
0 0 0
FRAME: 44
0 0 0
0 0 0
0 0 0
0 0 0
0 0 0
0 0 0
0 0 0
0 0 0
0 0 0
0 0 0
0 0 0
0 0 0
0 0 0
0 0 0
0 0 0
FRAME: 45
0 0 0
0 0 0
0 0 0
0 0 0
0 0 0
0 0 0
0 0 0
0 0 0
0 0 0
0 0 0
0 0 0
0 0 0
0 0 0
0 0 0
0 0 0
FRAME: 46
0 0 0
0 0 0
0 0 0
0 0 0
0 0 0
0 0 0
0 0 0
0 0 0
0 0 0
0 0 0
0 0 0
0 0 0
0 0 0
0 0 0
0 0 0
FRAME: 47
0 0 0
0 0 0
0 0 0
0 0 0
0 0 0
0 0 0
0 0 0
0 0 0
0 0 0
0 0 0
0 0 0
0 0 0
0 0 0
0 0 0
0 0 0
FRAME: 48
0 0 0
0 0 0
0 0 0
0 0 0
0 0 0
0 0 0
0 0 0
0 0 0
0 0 0
0 0 0
0 0 0
0 0 0
0 0 0
0 0 0
0 0 0
FRAME: 49
0 0 0
0 0 0
0 0 0
0 0 0
0 0 0
0 0 0
0 0 0
0 0 0
0 0 0
0 0 0
0 0 0
0 0 0
0 0 0
0 0 0
0 0 0
FRAME: 50
0 0 0
0 0 0
0 0 0
0 0 0
0 0 0
0 0 0
0 0 0
0 0 0
0 0 0
0 0 0
0 0 0
0 0 0
0 0 0
0 0 0
0 0 0
FRAME: 51
0 0 0
0 0 0
0 0 0
0 0 0
0 0 0
0 0 0
0 0 0
0 0 0
0 0 0
0 0 0
0 0 0
0 0 0
0 0 0
0 0 0
0 0 0
FRAME: 52
0 0 0
0 0 0
0 0 0
0 0 0
0 0 0
0 0 0
0 0 0
0 0 0
0 0 0
0 0 0
0 0 0
0 0 0
0 0 0
0 0 0
0 0 0
FRAME: 53
0 0 0
0 0 0
0 0 0
0 0 0
0 0 0
0 0 0
0 0 0
0 0 0
0 0 0
0 0 0
0 0 0
0 0 0
0 0 0
0 0 0
0 0 0
FRAME: 54
0 0 0
0 0 0
0 0 0
0 0 0
0 0 0
0 0 0
0 0 0
0 0 0
0 0 0
0 0 0
0 0 0
0 0 0
0 0 0
0 0 0
0 0 0
FRAME: 55
0 0 0
0 0 0
0 0 0
0 0 0
0 0 0
0 0 0
0 0 0
0 0 0
0 0 0
0 0 0
0 0 0
0 0 0
0 0 0
0 0 0
0 0 0
FRAME: 56
0 0 0
0 0 0
0 0 0
0 0 0
0 0 0
0 0 0
0 0 0
0 0 0
0 0 0
0 0 0
0 0 0
0 0 0
0 0 0
0 0 0
0 0 0
FRAME: 57
0 0 0
0 0 0
0 0 0
0 0 0
0 0 0
0 0 0
0 0 0
0 0 0
0 0 0
0 0 0
0 0 0
0 0 0
0 0 0
0 0 0
0 0 0
FRAME: 58
0 0 0
0 0 0
0 0 0
0 0 0
0 0 0
0 0 0
0 0 0
0 0 0
0 0 0
0 0 0
0 0 0
0 0 0
0 0 0
0 0 0
0 0 0
FRAME: 59
0 0 0
0 0 0
0 0 0
0 0 0
0 0 0
0 0 0
0 0 0
0 0 0
0 0 0
0 0 0
0 0 0
0 0 0
0 0 0
0 0 0
0 0 0
FRAME: 60
0 0 0
0 0 0
0 0 0
0 0 0
0 0 0
0 0 0
0 0 0
0 0 0
0 0 0
0 0 0
0 0 0
0 0 0
0 0 0
0 0 0
0 0 0
FRAME: 61
0 0 0
0 0 0
0 0 0
0 0 0
0 0 0
0 0 0
0 0 0
0 0 0
0 0 0
0 0 0
0 0 0
0 0 0
0 0 0
0 0 0
0 0 0
FRAME: 62
0 0 0
0 0 0
0 0 0
0 0 0
0 0 0
0 0 0
0 0 0
0 0 0
0 0 0
0 0 0
0 0 0
0 0 0
0 0 0
0 0 0
0 0 0
FRAME: 63
0 0 0
0 0 0
0 0 0
0 0 0
0 0 0
0 0 0
0 0 0
0 0 0
0 0 0
0 0 0
0 0 0
0 0 0
0 0 0
0 0 0
0 0 0
FRAME: 64
0 0 0
0 0 0
0 0 0
0 0 0
0 0 0
0 0 0
0 0 0
0 0 0
0 0 0
0 0 0
0 0 0
0 0 0
0 0 0
0 0 0
0 0 0
FRAME: 65
0 0 0
0 0 0
0 0 0
0 0 0
0 0 0
0 0 0
0 0 0
0 0 0
0 0 0
0 0 0
0 0 0
0 0 0
0 0 0
0 0 0
0 0 0
FRAME: 66
245.914 257.745 2622.07
-185.709 -48.6849 2492.13
-45.7456 -784.335 2685.04
-87.064 -138.68 2299.15
-45.7456 -80.3248 2685.04
-45.7456 -439.232 2685.04
-38.4224 108.117 2585.88
87.9229 110.824 2649.31
234.925 -43.6869 2885.72
145.601 -780.235 2781.09
257.688 105.939 2706.38
145.601 -76.2253 2781.09
145.601 -435.132 2781.09
214.268 113.531 2712.73
68.9252 16.2744 2691.19
FRAME: 67
248.635 287.452 2588.77
-151.366 -11.4991 2369.1
-51.762 -817.872 2661.56
-97.6729 -75.6645 2135.93
-51.762 -74.7138 2661.56
-51.762 -453.579 2661.56
-77.7529 118.453 2566.73
65.3053 132.403 2644.69
210.482 -13.2206 2912.12
144.286 -798.755 2768.41
254.454 130.089 2714.91
144.286 -55.5964 2768.41
144.286 -434.462 2768.41
208.363 146.353 2722.66
55.7837 33.6239 2679.84
FRAME: 68
250.299 294.612 2603.6
-194.963 -36.4341 2625.29
-124.123 -990.255 2904.3
-55.7386 -63.649 2315.51
-76.2338 -246.064 2760.69
-123.908 -663.591 2751.35
-65.5872 139.073 2658.47
88.3317 121.031 2674.1
265.052 -94.8476 2701.31
208.634 -974.735 2906.99
310.738 -271.905 2487.97
139.456 -272.132 2780.85
214.055 -642.854 2764.03
242.251 102.989 2689.73
59.9715 -69.0335 2722.43
FRAME: 69
244.465 297.42 2571.27
-184.606 -12.7071 2629.68
-120.241 -978.021 2902.95
-28.4173 -15.5085 2323.72
-89.1415 -220.505 2777.13
-128.398 -641.648 2764.19
-68.1063 167.069 2675.53
85.2148 142.38 2672.08
251.863 -88.6501 2610.57
213.53 -968.872 2879.75
245.947 -200.87 2394.34
139.893 -257.075 2771.82
199.451 -628.39 2757.34
238.536 117.692 2668.64
55.2953 -48.2049 2723.28
FRAME: 70
248.975 309.579 2569.15
-148.528 43.9819 2586.6
-129.113 -967.951 2905.35
6.89186 48.337 2320.36
-92.6371 -199.285 2790.03
-137.195 -619.854 2767.73
-63.8264 202.105 2690.79
77.0792 179.541 2674.97
245.125 -39.7814 2563.1
213.128 -968.608 2920.49
180.446 -115.293 2345.72
142.375 -237.685 2760.13
191.955 -620.679 2745.39
217.985 156.978 2659.14
50.974 -19.4718 2725.02
FRAME: 71
248.155 325.507 2559.84
-103.131 118.148 2514.6
-136.445 -938.632 2901.15
21.3895 163.816 2326.08
-82.1311 -169.425 2762.94
-132.116 -535.09 2758.91
-69.8443 223.146 2658.79
68.7178 202.687 2645.15
210.715 11.3962 2489.69
209.094 -950.435 2912
84.4338 142.253 2255.8
136.082 -200.667 2744.39
182.844 -578.989 2744.14
207.28 182.228 2631.51
47.8467 8.82075 2699.41
FRAME: 72
244.395 339.679 2548.91
-97.0261 146.842 2514.85
-134.948 -897.728 2909.2
25.8087 208.605 2333.31
-72.2109 -127.335 2771.88
-127.657 -497.65 2767.62
-64.9487 245.848 2649.92
71.6636 221.634 2617.76
195.572 30.6271 2456.69
203.227 -971.851 2901.21
93.2855 208.287 2243.07
124.399 -173.06 2703.81
174.206 -598.975 2760.45
208.276 197.42 2585.6
48.8788 35.718 2677.8
FRAME: 73
238.623 356.401 2542.74
-107.261 189.034 2502.61
-139.161 -907.522 2906.52
21.7477 246.824 2326.89
-61.9273 -109.25 2741.07
-129.255 -511.537 2767.55
-73.9726 252.48 2647.82
75.2732 232.148 2616.94
198.577 82.1021 2425.66
207.985 -943.63 2907.05
92.7705 295.076 2258.58
127.738 -138.135 2699.16
188.499 -567.159 2767.35
224.519 211.816 2586.06
54.0894 54.2278 2668.53
FRAME: 74
226.364 378.154 2542.32
-140.281 220.421 2534.94
-148.199 -896.89 2895.24
-3.31833 312.496 2356.96
-72.6544 -110.554 2764.36
-140.843 -504.183 2762.34
-67.7544 271.602 2654.24
79.9776 247.205 2616.28
205.421 111.314 2412.46
218.373 -938.985 2895.06
102.602 336.328 2281.12
138.694 -148.884 2717.67
181.371 -582.78 2789.03
227.71 222.808 2578.32
56.4988 58.743 2678.65
FRAME: 75
196.183 412.436 2560.83
-148.465 249.495 2558.97
-142.23 -920.332 2919.08
-27.5144 340.314 2372.9
-61.3728 -121.838 2792.57
-136.258 -525.414 2794.21
-63.9537 282.767 2673.96
78.8184 255.563 2623.71
188.986 130.951 2403.72
204.969 -933.841 2895.38
84.7399 402.267 2282.29
140.98 -155.792 2729.91
172.838 -569.679 2773.27
221.59 228.36 2573.46
59.3109 58.3741 2692.47
FRAME: 76
192.261 431.926 2555.23
-164.031 265.135 2584.99
-140.369 -921.044 2923.97
-39.0888 348.891 2381.9
-60.0503 -117.212 2797
-133.796 -524.057 2802.94
-52.9944 289.749 2686.08
85.4142 260.788 2630.23
190.943 155.145 2400.8
202.513 -933.151 2893.36
80.6639 433.381 2290.71
140.772 -155.411 2725.19
170.329 -570.532 2771.97
223.823 231.827 2574.37
62.8876 62.2382 2695.66
FRAME: 77
187.929 441.478 2559.69
-166.247 277.582 2578.43
-136.98 -924.432 2934.68
-34.9549 363.816 2394.75
-53.418 -116.061 2809.46
-128.267 -527.606 2814.09
-48.4856 289.338 2723.13
88.9659 258.131 2654.26
186.34 197.493 2391.34
196.515 -938.41 2878.32
73.8997 473.705 2311.27
137.35 -158.843 2716.38
165.19 -583.818 2772.87
226.417 226.923 2585.4
65.466 60.3395 2708.59
FRAME: 78
181.354 447.587 2559.91
-174.87 297.442 2597.64
-135.167 -930.874 2937.46
-36.4322 378.628 2418.2
-49.6656 -121.5 2815.22
-126.865 -535.551 2818.9
-48.2502 293.595 2738.5
89.2541 262.506 2661.47
177.404 211.566 2381.71
196.419 -950.985 2892.03
66.9484 489.985 2328.24
134.362 -165.641 2714
161.603 -583 2767.48
226.758 231.416 2584.45
65.8012 59.4674 2713.04
FRAME: 79
181.017 456.379 2590.21
-184.688 297.724 2614.86
-142.036 -947.064 2918.57
-59.6318 410.381 2455.1
-41.8306 -120.367 2814.48
-129.536 -550.796 2801.9
-45.8078 298.969 2756.23
89.5723 266.499 2671.21
179.282 225.882 2379.94
190.826 -985.948 2901.8
59.0566 496.215 2348.8
126.994 -161.625 2715.6
155.204 -601.543 2763.51
224.953 234.029 2586.19
66.077 62.7516 2718.13
FRAME: 80
184.606 457.789 2598.83
-205.679 289.424 2643.57
-138.69 -929.658 2947.92
-103.79 432.878 2476.7
-37.1757 -130.533 2817.67
-123.673 -576.144 2825.12
-46.8947 301.326 2794.41
88.1263 269.16 2699.06
181.69 236.428 2389.79
188.379 -956.355 2898.44
52.4874 496.539 2352.77
122.242 -165.211 2711.52
148.751 -612.186 2779.78
223.147 236.995 2603.7
65.3296 60.6441 2731.83
FRAME: 81
176.919 458.442 2604.42
-210.834 290.5 2664.28
-137.206 -976.211 2937.44
-132.547 424.663 2500.11
-34.7752 -131.819 2824.58
-118.447 -581.623 2820.32
-44.3414 307.405 2802.04
87.3418 270.135 2704.56
178.717 241.543 2407.96
187.844 -998.415 2911.37
36.5076 510.944 2345.08
120.611 -167.534 2715.72
147.894 -612.667 2785.42
219.025 232.866 2607.08
65.1298 60.2295 2737.36
FRAME: 82
157.807 468.908 2621.64
-214.282 285.116 2672.98
-139.709 -984.139 2937.09
-122.196 434.635 2507.68
-32.4291 -139.249 2823.35
-118.672 -588.057 2818.34
-40.7227 310 2804.1
90.2266 275.66 2704.92
172.702 241.467 2399.5
189.1 -1011.84 2913.09
24.3005 515.311 2354.15
122.227 -174.374 2711.53
148.076 -620.397 2788.18
221.176 241.32 2605.75
67.5628 59.424 2736.18
FRAME: 83
160.664 467.069 2615.58
-218.168 283.197 2685.6
-141.889 -986.197 2935.55
-130.045 423.455 2505.26
-29.929 -140.299 2823.74
-118.017 -586.177 2815.08
-39.3472 304.795 2802.67
90.5484 270.281 2704.11
165.026 236.665 2396.88
189.53 -1013.32 2914.27
15.8757 517.761 2352.72
123.431 -175.332 2712.67
149.711 -620.453 2788.82
220.444 235.768 2605.55
68.6497 56.233 2736.16
FRAME: 84
159.194 466.568 2619.78
-220.592 279.393 2692.89
-142.531 -986.212 2933.85
-135.925 427.502 2527.3
-27.3954 -144.028 2825.68
-116.011 -590.044 2814.28
-39.1241 301.305 2806.85
90.5512 267.592 2707.82
163.747 228.999 2406.73
190.119 -1010.2 2914.63
6.62598 512.364 2355.96
125.752 -177.574 2714.05
150.58 -619.924 2790.44
220.227 233.879 2608.79
69.8648 53.3954 2738.84
FRAME: 85
156.338 466.115 2626.99
-220.146 261.092 2701.32
-144.589 -988.861 2931.93
-131.775 419.012 2527.83
-26.1759 -145.555 2825.53
-115.92 -592.28 2812.28
-38.9847 291.262 2805.79
91.0859 257.535 2708.48
161.762 227.113 2410.69
190.472 -1015.55 2917.53
5.29017 512.329 2349.42
126.942 -179.352 2716.02
150.941 -623.916 2793.41
221.156 223.808 2611.17
70.7345 47.5407 2739.63
FRAME: 86
161.719 463.727 2633.51
-219.567 254.099 2700.47
-142.989 -991.666 2931.3
-134.375 407.351 2520.38
-24.8762 -147.915 2827.72
-114.531 -596.275 2813.77
-39.895 282.431 2805.89
92.3097 251.536 2710.63
163.319 221.242 2415.7
188.629 -1014.77 2918.13
1.84995 486.116 2350.73
132.582 -182.1 2717.24
151.731 -622.488 2793.7
224.514 220.642 2615.37
73.0812 43.2645 2741.55
FRAME: 87
166.624 461.227 2638.26
-211.481 249.165 2707.31
-141.013 -987.383 2926.84
-121.659 400.906 2529.98
-24.0148 -148.01 2829.19
-114.759 -594.791 2814.41
-32.9708 284.195 2805.07
96.5919 252.333 2711.36
162.14 197.566 2424.42
188.581 -1016.61 2918.85
-0.641087 469.055 2342.97
131.964 -183.603 2719.45
153.878 -623.475 2793.96
226.155 220.471 2617.66
75.2832 43.2633 2742.84
FRAME: 88
174.08 456.184 2641.92
-200.495 227.008 2694.92
-140.848 -983.97 2923.56
-92.0055 395.842 2526.11
-25.1687 -146.52 2828.73
-115.134 -593.92 2812.13
-26.3572 284.804 2802.12
101.625 253.4 2713.82
164.922 179.965 2427.23
188.904 -1015.68 2923.05
-8.91541 442.043 2344.59
133.375 -183.172 2721.89
155.031 -621.315 2795.64
229.607 221.997 2625.52
77.8639 44.2773 2744.56
FRAME: 89
180.326 454.796 2646.21
-190.796 214.691 2684.94
-145.246 -983.632 2925.65
-76.7332 402.434 2528.49
-24.8882 -143.193 2829.87
-114.284 -591.572 2807.17
-26.621 286.263 2795.1
102.408 255.273 2711.21
166.303 162.255 2432.49
189.617 -1015.14 2923.9
-8.31226 419.646 2347.99
136.047 -180.571 2726.36
157.22 -618.557 2796.12
231.438 224.283 2627.32
78.994 46.6957 2744.66
FRAME: 90
182.161 455.286 2648.33
-186.952 190.906 2680.11
-162.229 -940.313 2906.97
-79.9957 366.613 2530.04
-28.0176 -136.576 2827.71
-128.441 -543.754 2796.95
-31.7495 287.614 2786.9
99.5308 258.773 2709.78
164.891 145.703 2429.25
189.238 -1013.07 2926
-11.8145 399.167 2332.91
139.641 -173.3 2729.16
157.245 -602.852 2791.48
230.811 229.932 2632.67
77.6713 51.9173 2744.11
FRAME: 91
184.905 453.315 2650.21
-177.473 181.169 2695.25
-148.982 -982.648 2907.92
-59.3826 361.083 2524.18
-28.6886 -130.033 2824.02
-122.277 -585.37 2816.96
-33.3473 289.238 2779.37
97.3832 262.226 2707.02
161.65 135.059 2423.77
191.22 -1011.36 2931.12
-6.96042 397.346 2330.17
140.587 -166.235 2729.39
159.776 -600.222 2795.1
228.114 235.214 2634.67
76.6663 57.046 2741.86
FRAME: 92
187.174 453.072 2650.94
-168.611 166.765 2681.94
-144.257 -972.984 2925.87
-81.4905 334.109 2507.67
-30.6452 -131.534 2825.85
-120.794 -574.243 2833.68
-35.2259 284.256 2774.23
98.82 255.331 2702.42
160.85 123.751 2425.69
192.994 -1015.78 2932.27
-7.47418 364.283 2316.65
142.592 -170.138 2732.08
162.484 -606.571 2798.71
232.866 226.405 2630.61
77.3966 52.2472 2740.69
FRAME: 93
190.205 450.347 2649.02
-164.227 172.347 2677.17
-162.171 -956.849 2908.97
-54.8185 341.132 2499.01
-27.7069 -131.694 2827.62
-121.534 -567.347 2808.46
-36.0018 276.249 2792.57
100.746 246.503 2716.54
179.267 106.249 2451.75
192.154 -1011.66 2932.46
-1.36652 350.901 2335.86
142.276 -168.142 2734.61
169.165 -617.765 2811.89
237.495 216.758 2640.51
79.0155 48.2928 2748.83
FRAME: 94
189.948 450.164 2646.88
-157.84 169.203 2653.67
-164.776 -968.434 2916.6
-53.4215 336.474 2488.32
-29.6775 -127.776 2825.68
-110.597 -581.109 2793.52
-38.2135 277.106 2789.51
102.32 245.632 2717.25
192.805 96.4767 2470.54
192.778 -1008.69 2933.67
14.0497 331.643 2336.71
142.977 -165.051 2738.53
169.386 -613.644 2812.93
242.854 214.159 2644.98
79.4851 49.6092 2749.68
FRAME: 95
189.575 449.687 2647.46
-150.905 159.692 2644.67
-144.735 -967.476 2909.41
-53.2591 335.052 2495.88
-34.0683 -128.334 2821.75
-126.354 -583.903 2800.01
-37.3677 273.71 2782.12
103.635 241.479 2714.03
195.054 81.9891 2474.64
190.918 -1011.07 2933.79
15.0702 318.54 2339.69
142.59 -167.46 2737.99
169.261 -614.608 2812.99
244.639 209.248 2645.94
78.9481 46.7912 2746.95
FRAME: 96
188.763 448.226 2648.66
-134.29 165.652 2628.82
-153.49 -949.138 2887.11
-48.1217 334.675 2492.78
-47.4765 -126.774 2809.08
-138.104 -572.28 2786.67
-29.3416 264.911 2752.22
105.474 238.344 2696.82
202.088 61.8229 2467.76
202.199 -1019.42 2943.17
24.3714 310.657 2350.95
145.808 -162.723 2737.26
177.783 -605.785 2808.46
240.29 211.777 2641.41
77.3199 46.7977 2734.99
FRAME: 97
185.404 450.935 2652.99
-113.05 168.751 2601.92
-138.745 -943.215 2903.61
-24.1697 308.153 2492.44
-36.9255 -123.791 2813.6
-122.315 -567.864 2797.29
-29.4908 266.496 2763.84
105.02 238.505 2703.73
206.801 53.7708 2500.22
190.512 -1013.52 2926.06
40.7127 265.912 2339.62
145.294 -163.934 2733.64
165.9 -601.609 2793.93
239.532 210.514 2643.62
79.6024 47.3214 2738.67
FRAME: 98
185.538 451.037 2652.81
-114.453 149.992 2636.02
-140.436 -936.036 2902.8
-28.9359 268.069 2500.15
-35.2997 -122.137 2821.05
-123.014 -566.891 2795.72
-31.5241 268.72 2779.3
104.733 242.458 2716.82
216.62 51.9401 2530.42
194.42 -997.052 2910.85
53.7333 260.101 2372.86
147.148 -161.134 2740.02
168.18 -600.644 2793.55
240.989 216.197 2654.35
80.3283 50.4113 2748.68
FRAME: 99
172.686 463.924 2655.51
-133.076 114.655 2694.38
-138.417 -949.169 2907.29
-52.8812 173.955 2483.84
-32.5369 -120.956 2822.66
-119.108 -571.256 2792.81
-31.6389 277.266 2802.82
101.276 248.208 2739.26
226.962 33.9438 2555.19
185.223 -1005.75 2906.84
98.0262 206.6 2380.63
129.063 -153.446 2748.58
163.266 -591.048 2776.27
234.191 219.151 2675.7
74.7696 55.5035 2762.44
FRAME: 100
169.557 473.581 2675.63
-144.857 93.4159 2684.13
-148.516 -906.785 2895.81
-58.7689 131.201 2472.9
-41.8631 -126.585 2815.82
-122.537 -554.154 2786.8
-59.003 265.428 2782.41
90.7837 249.638 2734.83
234.551 52.4602 2548.86
194.128 -961.089 2912.32
127.728 210.312 2368.58
140.166 -142.655 2762.1
170.948 -573.118 2797.58
240.57 233.848 2687.25
69.9677 57.5089 2761.89
FRAME: 101
160.071 479.354 2673.76
-153.675 80.2886 2707.1
-148.047 -910.312 2895.43
-51.9682 111.145 2462.53
-44.6491 -125.3 2813.41
-122.575 -555.21 2783.54
-66.3058 272.894 2772.32
88.0955 257.13 2731.59
247.014 50.0596 2554.68
194.844 -953.681 2914.97
142.287 218.093 2361.05
143.524 -142.119 2767.37
173.062 -569.889 2800.34
242.497 241.366 2690.85
68.7666 61.7102 2760.99
FRAME: 102
151.697 486.498 2648.95
-155.302 69.5546 2711.02
-133.029 -921.128 2897.9
-33.6531 85.3962 2462.15
-37.4051 -123.774 2806.52
-111.115 -561.829 2788.65
-51.386 281.876 2762.36
92.727 267.271 2727.59
255.591 53.0407 2556.22
186.497 -950.414 2913.58
156.809 204.621 2352.56
135.903 -137.153 2766.35
168.75 -565.536 2800.26
236.84 252.666 2692.82
70.9881 68.4036 2757.01
FRAME: 103
142.993 502.133 2676.78
-159.589 65.6451 2731.51
-124.418 -934.543 2909.8
-13.1707 85.423 2457.76
-46.0007 -125.568 2804.43
-112.669 -560.195 2794.65
-52.6964 289.843 2761
94.3372 271.362 2730.95
264.984 53.1546 2572.36
193.991 -963.479 2924.04
190.183 163.481 2359.69
146.733 -151.55 2765.54
170.529 -582.446 2814.11
241.371 252.88 2700.9
72.3516 66.4014 2757.97
FRAME: 104
142.495 494.585 2662.98
-164.984 67.9043 2730.59
-115.799 -953.364 2910.36
7.59618 78.0557 2453.73
-48.357 -125.903 2803.07
-108.265 -570.758 2801.85
-62.65 297.212 2765.18
89.1099 278.242 2736.08
273.122 49.0449 2581.2
194.019 -967.579 2923.68
217.8 222.011 2387.52
144.673 -150.219 2765.95
169.9 -582.352 2812.97
240.87 259.272 2706.98
68.6339 70.0905 2760.3
FRAME: 105
145.406 502.094 2674.64
-171.002 54.5848 2729.22
-117.556 -969.358 2919.27
25.6553 63.6427 2460.07
-53.0211 -131.034 2798.85
-110.167 -581.842 2807.23
-66.5371 293.937 2759.34
86.4904 276.143 2736.95
284.462 38.4902 2596.03
194.462 -974.813 2926.42
250.604 108.005 2391.5
145.044 -154.147 2769.8
169.429 -586.667 2816.34
239.518 258.349 2714.57
66.251 66.7762 2760.64
FRAME: 106
161.174 484.104 2670.45
-169.781 38.645 2719.03
-113.886 -971.979 2918.16
54.0919 33.3425 2479.74
-56.0775 -140.133 2790.39
-100.2 -591.418 2806.28
-69.7765 281.483 2745.77
82.6229 266.098 2737.98
290.44 40.4404 2603.59
193.383 -972.201 2930.83
237.513 94.6072 2434.42
143.49 -160.257 2780.09
171.302 -588.715 2823.11
235.022 250.713 2730.19
63.1645 57.9515 2761.61
FRAME: 107
167.863 465.701 2667.46
-161.314 25.8585 2700.54
-109.71 -968.959 2957.95
89.5799 3.57359 2507.12
-56.7931 -151.518 2780.7
-97.2075 -609.811 2807.98
-69.935 264.603 2723.35
80.5089 251.72 2730.62
288.79 26.9656 2657.9
192.374 -971.204 2937.59
265.217 49.2839 2460.08
142.369 -168.467 2790.27
175.008 -595.104 2835.01
230.953 238.836 2737.88
61.6484 45.8635 2758.05
FRAME: 108
167.093 457.441 2668.49
-158.577 22.4185 2687.53
-102.542 -978.006 2969.46
106.406 -13.9949 2515.03
-56.0168 -160.487 2780.46
-103.28 -616.109 2817.14
-72.2954 257.855 2711.64
80.4059 245.616 2725.33
292.959 20.8018 2708.54
191.58 -973.305 2938.26
314.752 -3.44821 2507.78
139.068 -176.197 2797.67
173.322 -600.541 2837.65
233.107 233.378 2739.01
60.9657 38.6372 2757.2
FRAME: 109
164.116 457.683 2668.65
-157.498 13.0733 2680.39
-101.537 -986.636 2974.48
113.398 -28.2412 2530.99
-58.7181 -171.39 2780.76
-106.585 -621.768 2824.61
-74.5984 252.288 2699.19
79.6633 240.718 2718.51
300.059 5.39355 2733.09
190.856 -985.536 2941.78
302.141 -0.920678 2507.94
136.389 -186.137 2804.84
171.445 -610.732 2844.08
233.925 229.148 2737.82
59.2495 30.977 2755.66
FRAME: 110
159.488 454.618 2666.96
-163.152 3.86711 2682.93
-113.256 -987.714 2954.13
108.602 -44.7408 2540.66
-60.6373 -176.257 2777.76
-113.253 -612.197 2815.29
-76.037 249.01 2692.92
77.9867 238.162 2714.62
297.187 -3.5618 2767.94
187.818 -980.675 2939.58
287.863 -16.1142 2508.91
135.518 -190.157 2805.1
170.274 -616.011 2845.09
232.01 227.313 2736.32
57.7135 27.4772 2753.02
FRAME: 111
151.37 452.474 2666.12
-166.004 -5.20009 2688.88
-111.156 -987.152 2967.81
103.388 -56.3809 2551.47
-62.6682 -182.34 2773.43
-114.232 -614.252 2817.24
-80.4028 243.563 2690.95
73.9107 233.61 2715.29
272.457 1.88351 2803.9
188.537 -979.621 2944.99
260.349 -61.789 2572.24
133.068 -195.046 2803.95
168.908 -618.036 2846.08
228.224 223.658 2739.64
54.5554 22.4587 2751.99
FRAME: 112
143.575 451.502 2663.18
-171.345 -11.55 2694.91
-116.218 -996.384 2964.93
92.0742 -68.7265 2563.48
-65.9978 -189.647 2769.04
-115.388 -624.369 2820.75
-86.3496 238.806 2691.58
65.7713 230.953 2718.24
265.207 0.16699 2815.9
192.124 -993.36 2951.85
270.776 -92.3526 2598.53
130.379 -199.803 2803.19
165.967 -626.115 2847.35
217.892 223.1 2744.9
48.981 18.1143 2752.18
FRAME: 113
132.068 451.686 2659.29
-177.377 -21.6985 2707.9
-115.183 -1002.55 2960.52
63.5419 -90.6354 2586.71
-68.211 -193.778 2764.34
-114.813 -626.743 2818.68
-95.8348 231.985 2691.13
54.3361 226.402 2717.77
238.006 -4.29042 2821.85
190.947 -992.241 2952.92
275.706 -115.201 2620.72
123.722 -200.894 2798.12
163.854 -624.911 2849.33
204.507 220.819 2744.41
41.0458 14.5332 2749.5
FRAME: 114
116.165 453.905 2656.59
-188.395 -30.1824 2724.98
-115.689 -1007.29 2957.99
57.563 -100.424 2594.86
-70.4961 -195.495 2762.73
-114.283 -629.205 2819.53
-105.372 225.422 2689.94
44.502 222.382 2716.28
224.756 -12.9713 2824.47
185.77 -988.039 2951.41
241.855 -114.248 2628.24
121.214 -199.335 2796.22
162.767 -623.208 2847.89
194.376 219.342 2742.63
34.9305 12.4836 2747.88
FRAME: 115
102.766 455.238 2650.96
-193.318 -32.5387 2725.35
-119.975 -1037.67 2961.78
52.5686 -109.261 2588.54
-73.5178 -205.372 2763.46
-115.844 -648.476 2824.65
-113.628 220.785 2687.34
35.7047 220.231 2713.15
214.583 -13.3808 2823.39
190.282 -1035.19 2966.64
266.963 -114.843 2631.9
118.938 -206.086 2796.46
163.581 -639.826 2855.2
185.038 219.677 2738.97
29.2073 7.25117 2746.56
FRAME: 116
94.3738 456.159 2643.09
-198.307 -29.8335 2726.64
-115.028 -993.379 2996.59
47.0653 -113.081 2594.52
-75.7709 -199.316 2760.26
-113.527 -632.047 2820.61
-118.586 221.044 2685.83
29.8151 221.46 2710.92
202.801 -6.55663 2831.99
188.817 -993.138 2964.77
257.853 -121.412 2650.72
116.641 -198.764 2792.8
161.031 -622.658 2848.02
178.216 221.875 2736.02
25.1252 11.2096 2743.73
FRAME: 117
86.9396 456.906 2640.77
-204.397 -34.8823 2718.64
-125.638 -1038.38 2961.24
52.9248 -105.138 2590.84
-77.7903 -209.364 2759.26
-114.056 -650.962 2827.03
-125.597 218.278 2683.86
23.7311 220.332 2710.37
200.048 -4.49629 2839.07
192.816 -1014.23 2970.12
264.173 -113.205 2658.54
113.698 -206.736 2793.26
161.853 -640.24 2855.42
173.06 222.386 2736.89
20.8425 6.14087 2743.32
FRAME: 118
81.638 457.663 2642.51
-211.914 -37.6173 2703.21
-132.286 -981.074 2981.48
53.9438 -96.2514 2578.85
-80.5233 -202.329 2755.63
-112.39 -627.888 2817.73
-128.002 220.854 2682.32
18.0536 223.055 2708.96
198.568 -2.33024 2838.15
191.663 -970.978 2952.94
258.033 -106.636 2664.16
107.273 -199.403 2789.81
156.84 -613.882 2843.98
164.11 225.255 2735.59
15.7143 11.0943 2740.84
FRAME: 119
76.2613 457.107 2640.55
-214.219 -35.9038 2701.59
-129.166 -1022.42 2975.57
45.7232 -82.5308 2575.68
-85.7125 -207.314 2753.74
-114.128 -634.284 2819.82
-132.533 220.834 2679.9
13.1541 223.565 2707.62
197.106 2.9836 2842.36
186.72 -982.638 2954.95
275.328 -93.4069 2673.65
104.815 -203.662 2789.89
156.407 -623.694 2845.27
158.841 226.296 2735.34
11.3527 9.03826 2739.72
FRAME: 120
68.5502 455.541 2638.4
-200.103 -41.1375 2668.75
-137.275 -1019.53 2938.34
100.767 -85.6655 2545.78
-88.7027 -210.105 2750.92
-114.82 -636.276 2816.95
-136.326 218.227 2671.64
6.51867 223.073 2704.52
193.051 17.3785 2847.46
184.807 -977.627 2958.21
324.519 -27.2811 2678.88
99.9653 -203.813 2794.18
152.578 -621.563 2846.97
149.364 227.919 2737.4
6.075 8.05701 2738.54
FRAME: 121
62.8077 455.237 2639.7
-183.972 -43.9307 2648.27
-140.883 -995.706 2926.6
122.248 -80.8956 2535.93
-87.5454 -211.387 2749.21
-112.554 -637.424 2812.36
-139.869 212.195 2660.92
0.763698 219.676 2699.08
194.068 29.7786 2851.24
182.879 -977.308 2957.65
346.651 9.90913 2710.44
94.0067 -201.802 2798.27
147.818 -619.365 2848.49
141.397 227.157 2737.25
1.99716 6.54068 2736.41
FRAME: 122
59.1989 453.731 2638.32
-177.609 -42.2562 2627.31
-131.037 -995.319 2921.59
137.755 -68.5703 2532.03
-87.9641 -212.144 2744.93
-112.082 -636.9 2806.4
-140.216 209.194 2652.3
-1.73228 218.231 2697.39
203.441 36.7729 2861.36
180.958 -975.464 2961.33
368.437 38.2559 2729.71
90.599 -200.58 2802.66
145.009 -619.24 2850.81
136.752 227.268 2742.48
-0.207437 5.93433 2735.59
FRAME: 123
56.4991 452.487 2637.56
-164.31 -41.3045 2601.29
-140.58 -1007.55 2912.58
150.046 -57.2303 2514.68
-87.2301 -214.28 2737.51
-113.296 -639.067 2798.51
-138.367 208.215 2642.78
-3.10303 218.622 2695.23
216.168 45.5651 2873.05
181.911 -975.926 2962.9
393.954 76.7785 2742.02
88.568 -200.802 2805.23
141.449 -620.007 2855.29
132.161 229.029 2747.68
-1.21702 5.54061 2733.3
FRAME: 124
56.1659 452.387 2636.32
-154.229 -39.5736 2578.73
-139.826 -1005.99 2921.63
151.391 -46.8017 2492.15
-86.3752 -215.656 2729.92
-110.65 -640.838 2795.23
-135.264 207.067 2631.65
-3.02825 218.166 2692.74
221.058 52.6571 2875.94
178.305 -970.173 2960.23
386.212 96.4476 2754.06
82.7409 -201.485 2807.76
135.056 -627.224 2859.88
129.207 229.264 2753.82
-2.42269 4.79773 2730.79
FRAME: 125
55.0098 452.232 2636.42
-148.477 -35.3224 2568.93
-135.064 -1011.09 2921.98
160.12 -33.5654 2490.19
-84.7387 -214.134 2729.21
-108.821 -639.871 2795.37
-133.146 211.88 2634.35
-4.98044 223.04 2697.34
197.563 69.3791 2891.11
177.294 -975.789 2958.12
387.319 126.009 2772.7
80.2548 -199.774 2809.96
135.018 -628.401 2860.52
123.185 234.2 2760.33
-3.6112 8.04288 2733.46
FRAME: 126
54.4716 451.309 2636.18
-140.187 -35.8316 2560.02
-137.382 -1033.52 2923.01
173.402 -18.5371 2484.86
-86.295 -220.633 2729.64
-111.661 -659.028 2800.06
-131.778 210.916 2631.65
-4.34999 222.097 2697.55
192.194 68.7286 2899.62
184.377 -1014.46 2967.7
402.551 162.09 2829.52
77.4862 -206.33 2814.08
138.855 -643.619 2863
123.078 233.278 2763.45
-4.37718 4.30757 2734.7
FRAME: 127
55.1835 450.933 2634.4
-128.513 -30.014 2546.5
-137.824 -994.712 2905.38
185.327 -5.37881 2484.4
-85.3777 -209.743 2724.82
-110.291 -614.938 2776.24
-129.258 214.59 2626.71
-3.36066 225.763 2697.09
187.671 88.7234 2914.95
174.613 -982.831 2957.84
419.184 182.778 2848.8
74.1547 -195.607 2813.83
133.993 -627.745 2863.47
122.537 236.935 2767.46
-4.48607 11.5438 2733.21
FRAME: 128
55.9306 448.703 2633.26
-105.123 -22.2021 2521.4
-137.528 -993.484 2898.76
197.384 17.966 2464.39
-82.0798 -209.489 2719.47
-110.085 -621.182 2770.29
-124.883 212.137 2618.22
-5.40626 225.079 2698.88
185.53 138.632 2954.56
167.305 -980.783 2954.91
428.254 227.035 2885.89
67.3353 -193.357 2820.34
129.885 -624.421 2867.5
114.07 238.02 2779.54
-6.38926 11.8277 2734.39
FRAME: 129
59.2755 446.173 2633.43
-94.6131 -16.4588 2506.5
-133.597 -993.37 2891.15
193.932 31.6101 2458.66
-77.7404 -210.661 2713.61
-110.477 -619.195 2764.17
-121.529 207.607 2613.14
-6.402 221.064 2705.31
192.676 147.48 2962.38
163.748 -980.038 2960.59
432.086 237.797 2900.01
61.2549 -194.464 2824.84
124.607 -626.941 2869.14
108.725 234.52 2797.48
-7.32238 9.25076 2737.27
FRAME: 130
67.7686 439.34 2633.3
-78.9883 -9.83362 2483.47
-131.763 -983.803 2886.83
203.996 44.6614 2447.42
-76.6737 -207.683 2711.71
-110.64 -605.987 2757.15
-114.345 202.999 2606.01
-1.02526 215.922 2701.93
175.683 162.375 2978.82
157.484 -966.307 2955.53
427.22 241.01 2912.11
56.205 -192.657 2824.02
121.785 -616.468 2864.73
112.294 228.845 2797.85
-5.6298 7.87595 2734.89
FRAME: 131
78.1798 434.275 2633.32
-70.1404 -8.35201 2475.99
-130.926 -993.28 2887.8
213.336 56.0491 2441.34
-73.8226 -211.399 2711.24
-109.948 -609.57 2756.91
-102.893 202.352 2600.59
6.03108 214.582 2699.47
177.334 184.777 2981.67
160.537 -981.034 2960.86
445.171 257.683 2954.39
52.8594 -197.335 2826
120.463 -624.535 2866.29
114.955 226.812 2798.36
-2.22527 5.10746 2734.05
FRAME: 132
86.9763 431.364 2632.16
-61.5023 -9.87796 2468.18
-128.419 -1002.13 2886.48
222.087 54.9303 2438.72
-71.4565 -211.303 2705.81
-106.074 -612.676 2754.83
-90.6498 203.669 2588.01
13.6291 216.135 2691.86
196.462 206.239 2985.83
162.71 -987.561 2964.04
426.382 240.781 2922.19
50.1195 -196.907 2826.64
118.91 -628.284 2869.21
117.908 228.601 2795.71
1.48028 6.01506 2729.04
FRAME: 133
94.9532 429.615 2631.37
-50.9911 -10.9493 2455.66
-130.112 -1009.5 2885.24
229.08 51.7684 2428.64
-69.2985 -211.562 2701.76
-101.205 -628.533 2757.72
-80.7695 206.051 2578.33
19.8466 218.786 2684.47
201.303 216.801 2984.25
158.714 -988.931 2958.82
414.063 269.247 2987.23
48.5009 -196.751 2825.71
118.813 -628.16 2868.83
120.463 231.52 2790.61
4.72391 7.31465 2724.1
FRAME: 134
112.51 424.01 2624.52
-40.2141 -13.8197 2442.5
-128.516 -1012.18 2882.97
236.081 44.5835 2411.89
-65.1183 -211.165 2697.54
-96.5783 -630.879 2754.97
-71.063 207.498 2565.54
25.8713 221.719 2675.25
206.132 224.197 2981.21
160.335 -980.359 2953.13
435.967 264.216 3049.31
47.2875 -194.761 2824.39
121.517 -624.638 2867.31
122.806 235.94 2784.95
8.47796 9.378 2718.11
FRAME: 135
129.934 415.238 2621.23
-27.6781 -14.0423 2432.22
-122.027 -1019.76 2874.22
236.117 33.0364 2407.85
-64.3746 -213.581 2697.79
-104.034 -634.401 2744.55
-61.4314 204.96 2557.79
33.962 219.455 2667.43
195.816 226.369 2976.45
156.536 -994.161 2960.13
411.848 251.854 3032.13
46.1902 -197.022 2824.02
125.51 -626.619 2866.8
129.355 233.951 2777.06
12.4349 7.07693 2714.17
FRAME: 136
144.705 407.367 2615.76
-23.9447 -17.5375 2428
-116.875 -1046.86 2877.01
254.917 25.6074 2404.94
-65.9997 -226.162 2696.46
-101.68 -663.434 2744.83
-52.7902 200.173 2551.77
41.5905 214.684 2663.05
182.926 211.502 2967.85
169.035 -1026.92 2967.53
374.974 220.388 3043.92
46.4807 -209.454 2827.59
131.924 -648.276 2868.02
135.971 229.196 2774.34
15.9155 -1.56184 2712.54
FRAME: 137
161.404 397.098 2606.29
-25.7871 -28.2659 2421.25
-118.12 -1024.9 2859.14
249.573 11.4175 2402.24
-70.7614 -219.045 2696.91
-104.82 -653.691 2734.4
-48.7833 189.908 2549.84
48.5666 203.221 2654.7
172.631 174.5 2923.17
152.162 -977.953 2944.92
173.425 -16.0405 2358.95
49.6389 -203.097 2824.95
142.111 -622.961 2849.62
145.917 216.533 2759.56
19.0027 -3.9252 2707.82
FRAME: 138
173.987 387.944 2602.24
-26.841 -42.5496 2422.05
-116.295 -1059.57 2866.05
248.631 -15.8975 2393.72
-74.1055 -224.095 2700.68
-105.568 -672.871 2730.32
-40.4134 168.41 2549.78
62.7251 176.59 2650.32
166.545 177.216 2925.63
173.726 -1025.14 2952.5
167.565 -22.7381 2394.16
49.429 -214.668 2820.25
151.76 -649.44 2846.09
165.864 184.77 2750.87
25.1934 -21.3958 2705.39
FRAME: 139
187.6 372.028 2598.05
-25.6446 -54.8944 2412.51
-105.397 -1012.57 2856.57
245.554 -35.8124 2378.11
-70.9582 -218.647 2698.65
-94.1955 -653.672 2719.29
-31.3623 149.132 2544.16
69.582 158.77 2646.08
167.025 134.305 2874.83
155.49 -994.874 2929.21
167.936 -37.4917 2358.6
49.7371 -207.978 2819.52
159.129 -626.174 2817.05
170.526 168.407 2748.01
29.4857 -27.2712 2702.58
FRAME: 140
204.337 350.137 2598.55
-27.8461 -70.7977 2416.72
-102.064 -1027.99 2854.37
245.173 -44.3739 2380.24
-67.1202 -227.505 2698.27
-96.4966 -664.496 2707.33
-17.9561 132.271 2545.44
78.2586 140.973 2646.5
178.402 97.2829 2843.39
173.763 -970.528 2923.07
198.642 -40.2821 2448.92
50.2594 -217.895 2820.12
172.338 -618.238 2814.53
174.473 149.676 2747.57
34.9141 -40.8633 2702.85
FRAME: 141
218.911 318.699 2593.36
-72.2442 -100.694 2457.41
-114.344 -1019.33 2835.96
209.271 -94.3799 2390.01
-57.5376 -245.612 2699.5
-102.607 -686.707 2678.66
-10.2092 118.608 2552.77
91.4754 123.021 2647.5
199.039 36.9398 2817.44
178.962 -982.322 2925.26
183.257 -59.5753 2478.74
65.6241 -240.753 2813.61
187.005 -640.666 2793.48
193.16 127.434 2742.24
47.7594 -60.0809 2702.03
FRAME: 142
224.742 301.492 2592.13
-102.487 -107.872 2484.89
-134.961 -1052.03 2832.02
188.931 -110.601 2411.7
-57.9196 -261.693 2692.79
-107.924 -720.125 2661.95
-9.11796 109.649 2558.29
97.2024 109.702 2644.74
218.275 -28.372 2757.71
200.253 -1034.66 2929.71
179.628 -101.453 2478.4
81.8417 -261.809 2805.92
213.761 -681.994 2771.37
203.523 109.755 2731.19
54.5817 -76.0246 2697.05
FRAME: 143
226.893 286.244 2589.51
-116.04 -112.883 2527.94
-140.696 -1039.6 2833.87
114.336 -140.968 2452.02
-62.9547 -266.416 2702.16
-113.018 -722.726 2665.92
-15.0033 102.311 2575.63
104.019 91.9055 2635.77
245.138 -101.729 2662.69
206.169 -1040.82 2921.88
139.336 -136.537 2369.5
100.156 -280.743 2784.38
226.938 -695.48 2752.75
223.041 81.4997 2695.9
61.3097 -90.8371 2689.52
FRAME: 144
226.123 276.663 2587.46
-125.088 -116.581 2585.35
-143.21 -1044.18 2833.69
100.893 -131.27 2433.49
-63.4012 -268.942 2717.62
-118.566 -716.742 2676.28
-30.3888 110.731 2607.62
102.399 93.5003 2648.67
251.45 -121.657 2705.91
208.062 -1046.08 2916.55
234.378 -231.739 2590.96
112.728 -291.854 2772.14
235.569 -711.365 2742.99
235.187 76.2693 2689.71
63.5311 -93.4489 2696.77
FRAME: 145
226.741 277.241 2580.85
-128.108 -116.947 2603.32
-139.081 -1027.34 2841.31
102.231 -125.663 2430.91
-64.7844 -270.726 2731.3
-123.557 -712.744 2696.09
-44.0373 118.222 2621.57
97.7203 100.215 2647.73
251.712 -133.067 2724.38
209.682 -1039.4 2912.96
316.456 -329.07 2619.49
125.778 -295.026 2766.38
237.084 -712.357 2738.85
239.478 82.2087 2673.9
64.1086 -91.3305 2698.29
FRAME: 146
230.126 289.989 2577.64
-133.595 -93.4845 2605.83
-141.768 -1042.82 2857.86
99.5879 -91.7106 2397.53
-66.6093 -265.583 2740.03
-124.291 -712.01 2710.5
-58.9399 146.712 2635.35
86.9243 130.536 2647.02
253.705 -124.941 2701.93
209.564 -1032.72 2900.89
378.025 -422.874 2568.36
133.703 -287.899 2755.85
229.475 -706.483 2736.31
232.788 114.36 2658.69
60.2355 -73.1024 2697.48
FRAME: 147
231.466 294.678 2571.99
-136.894 -77.5547 2607.72
-145.702 -1061.44 2875.73
99.192 -39.0454 2387.62
-69.4246 -252.842 2746.45
-125.541 -707.41 2729.52
-66.6182 162.939 2641.5
81.7682 146.696 2644.56
257.934 -90.8502 2644.52
209.457 -1024.43 2891.47
329.039 -346.483 2411.36
138.586 -275.763 2750.56
213.284 -689.57 2744.56
230.154 130.453 2647.63
58.1744 -58.8031 2696.53
FRAME: 148
234.772 312.855 2558.77
-142.23 -40.6587 2601.05
-144.052 -1060.82 2895.76
74.274 29.1966 2375.45
-71.6121 -231.905 2752.95
-123.444 -691.249 2753.76
-72.7833 179.474 2648.41
75.0599 161.714 2641.65
259.509 -56.8379 2605.31
206.659 -1029.71 2896.62
281.654 -232.947 2355.04
135.404 -256.664 2743.54
203.264 -680.453 2760.73
222.903 143.954 2634.9
53.4778 -41.2853 2694.95
FRAME: 149
236.912 320.474 2550.45
-107.531 58.9059 2511.35
-143.629 -1046.79 2918.93
55.3551 166.604 2324.22
-73.5318 -207.457 2767.98
-124.771 -664.969 2787.85
-80.0189 188.502 2642.7
73.1652 165.017 2625.06
229.153 5.60642 2422.64
206.371 -1033.25 2902.93
118.672 123.033 2182.84
132.671 -238.847 2744.63
195.382 -666.795 2783.7
226.349 141.532 2607.42
51.3675 -29.0673 2690.68
FRAME: 150
235.178 332.426 2541.29
-110.904 99.4708 2480.52
-151.159 -1030.1 2922.07
62.5668 176.309 2318.16
-72.58 -175.383 2779.29
-128.419 -636.949 2806.15
-82.6815 206.671 2635.11
72.4832 178.738 2613.27
225.116 8.90357 2418.56
205.336 -1037.2 2904.3
104.318 195.51 2157.18
126.61 -211.232 2751.31
187.184 -647.158 2794.09
227.648 150.805 2591.43
49.749 -7.28466 2689.28
FRAME: 151
221.771 348.393 2531.79
-151.336 170.742 2509.19
-151.256 -1008.8 2921.94
16.5498 280.611 2334.02
-71.8202 -145.957 2788.04
-129.953 -608.118 2812.16
-75.5489 251.346 2659.45
76.9688 216.352 2621.25
230.078 53.4711 2407.22
203.453 -1048.17 2901.66
97.8123 247.009 2181.84
119.432 -189.769 2740.47
178.833 -639.986 2790.25
229.487 181.358 2583.06
50.3874 24.2447 2692.75
FRAME: 152
207.303 355.925 2523.74
-170.834 207.782 2518.96
-150.976 -997.794 2922.63
23.0792 331.022 2306.27
-73.3697 -128.577 2790.81
-132.727 -587.629 2812.97
-73.5162 271.153 2673.54
77.6564 235.925 2632.26
238.394 71.3144 2413.32
200.534 -1046.69 2903.56
77.2441 301.062 2225.88
119.49 -173.402 2738.58
174.023 -635.505 2791.19
228.829 200.697 2590.98
50.3582 42.4678 2698.48
FRAME: 153
161.379 386.007 2546.27
-184.224 227.597 2547.44
-154.121 -991.319 2916.88
-17.7377 368.8 2348.78
-72.8136 -121.705 2791.17
-136.895 -575.11 2809.98
-87.3367 285.425 2688.8
69.1832 253.635 2642.38
233.227 111.96 2409.9
200.857 -1055.72 2903.14
59.9501 334.66 2277.03
119.841 -160.858 2734.53
172.984 -632.622 2788.73
225.703 221.844 2595.97
46.3483 56.1766 2702.62
FRAME: 154
143.368 409.213 2560.3
-185.438 231.016 2566.95
-156.235 -987.394 2915.1
-16.326 381.685 2366.92
-72.4081 -115.999 2787.82
-133.909 -558.182 2804.15
-93.6392 296.273 2694.2
63.8799 268.241 2645.86
234.567 147.309 2407.67
199.232 -1038.37 2902.77
41.2728 432.993 2252.86
124.418 -151.069 2727.64
170.922 -611.415 2784.89
221.399 240.209 2597.51
44.9423 67.3535 2701.79
FRAME: 155
131.635 425.17 2542.85
-188.781 240.841 2568.95
-153.674 -978.875 2915.87
-6.53435 400.9 2383.33
-69.2841 -109.618 2787.28
-134.573 -566.209 2809.99
-88.871 308.666 2706.74
66.8828 280.998 2654.83
233.403 167.841 2407.82
199.664 -1037.76 2902.27
30.4555 444.496 2264.21
124.593 -144.058 2722.79
169.3 -605.11 2781.38
222.637 253.33 2602.92
47.2687 77.0802 2704.93
FRAME: 156
111.118 458.462 2567.53
-201.849 252.456 2585.49
-160.51 -980.811 2910.42
-49.8473 437.478 2391.14
-68.4956 -115.606 2789.33
-134.803 -571.254 2808.4
-85.1707 309.818 2716.13
67.806 283.331 2659.89
230.607 187.639 2409.83
200.693 -1029.94 2901.46
1.36012 479.464 2283.45
128.604 -149.605 2716.99
169.006 -602.4 2777.11
220.783 256.843 2603.65
48.93 75.3627 2706.53
FRAME: 157
93.0936 473.365 2596.79
-209.183 255.505 2606.94
-163.725 -983.984 2905.16
-31.4313 411.45 2419
-66.7014 -120.528 2787.59
-134.513 -574.454 2802.42
-83.3221 310.823 2727.16
67.7352 285.051 2664.98
223.005 206.093 2403.81
200.799 -1027.3 2901.31
48.6019 426.208 2311.95
126.484 -153.516 2707.88
164.162 -607.37 2771.08
218.792 259.279 2602.79
48.8131 74.0144 2706.35
FRAME: 158
85.1723 479.224 2605.97
-216.612 255.653 2629.6
-166.523 -981.818 2893.02
-41.1056 420.435 2443.53
-65.5588 -124.341 2784.53
-135.346 -576.564 2794.24
-83.4052 314.561 2736.03
65.9989 289.269 2668.99
221.821 206.804 2405.95
200.177 -1023.94 2901.67
-11.4248 493.111 2294.6
120.153 -156.018 2700.92
161.261 -612.998 2768.73
215.403 263.978 2601.95
46.6479 74.5448 2705.86
FRAME: 159
79.5584 485.12 2601.01
-220.254 257.255 2641.38
-169.546 -985.284 2888.24
-48.914 419.53 2450.85
-66.4499 -129.348 2782.92
-139.129 -586.654 2787.21
-78.0889 315.919 2740.83
67.6475 291.356 2673.43
219.399 206.148 2406.3
195.592 -1028.83 2892.97
70.3775 405.089 2320.98
118.031 -160.614 2697.26
158.596 -618.368 2765.83
213.384 266.793 2606.03
46.7189 73.1877 2706.76
FRAME: 160
56.6844 500.037 2611.09
-216.634 261.455 2641.06
-181.15 -1010.01 2882.82
-62.6072 415.721 2452.44
-68.6603 -133.532 2779.35
-144.462 -603.877 2782.47
-75.017 315.895 2739.06
67.6173 292.53 2674.5
214.513 202.226 2412.36
193.247 -1040.74 2890.65
-0.515103 450.544 2320.84
117.34 -164.108 2694.98
156.208 -626.272 2763.56
210.252 269.166 2609.94
45.9787 71.8549 2705.83
FRAME: 161
62.2117 494.369 2613.66
-214.558 264.427 2644.94
-193.274 -1031.01 2879.72
-67.5249 423.394 2437.46
-68.7986 -139.038 2774.47
-148.964 -611.688 2776.13
-74.2807 310.556 2731.71
66.0196 288.688 2670.99
198.738 199.995 2408.17
195.342 -1042.02 2896.13
-29.4452 478.646 2316.65
118.317 -168.147 2693.39
155.024 -632.492 2763.74
206.32 266.821 2610.27
45.3894 67.548 2702.46
FRAME: 162
71.5371 489.58 2613.89
-216.776 265.821 2644.88
-191.866 -1030.22 2886.9
-70.3946 433.273 2445.82
-66.421 -146.695 2774.43
-151.372 -615.153 2779.84
-62.542 302.264 2727.96
71.5318 279.262 2667.09
186.132 204.566 2402.37
191.36 -1037.66 2896.81
-55.1218 480.394 2307.66
117.256 -178.21 2691.14
153.738 -635.378 2761.46
205.606 256.26 2606.22
48.4747 58.4049 2699.94
FRAME: 163
116.576 482.572 2598.56
-211.938 271.154 2648.07
-191.265 -1022.27 2882.31
-90.9819 411.046 2478.67
-66.1541 -144.948 2772.85
-151.287 -611.454 2778.08
-64.8391 301.943 2728.12
69.7064 279.057 2665.99
172.598 203.332 2395.99
189.891 -1040.29 2892.27
-44.9502 440.936 2305.26
115.604 -175.881 2689.03
151.787 -636.285 2759.44
204.252 256.171 2603.86
47.2156 59.3214 2698.47
FRAME: 164
130.977 471.909 2591.18
-197.633 268.155 2646.18
-191.548 -1022.31 2879.59
-84.1404 399.139 2481.19
-66.0514 -145.518 2770.74
-155.951 -614.745 2773.82
-68.9521 301.879 2725.81
67.383 279.619 2664.32
163.841 200.444 2389.86
190.79 -1040.52 2892.52
-36.6403 401.706 2297.98
116.237 -175.25 2688.78
151.564 -635.819 2758.97
203.718 257.36 2602.83
46.2378 59.6177 2697.04
FRAME: 165
149.655 458.926 2582.65
-200.545 253.662 2646.4
-191.076 -1020.66 2879.4
-80.8578 393.192 2476.41
-66.0096 -145.199 2770.28
-155.402 -615.32 2773.86
-68.1676 302.174 2725.75
67.4038 279.755 2664.16
164.952 188.963 2390.37
189.381 -1043.41 2891.93
-63.3448 420.86 2307.96
114.794 -175.086 2688.22
150.767 -636.502 2758.4
202.975 257.336 2602.57
45.898 59.8064 2696.71
FRAME: 166
160.452 443.124 2573.81
-212.869 227.555 2647.36
-188.912 -1016.29 2880.11
-92.7719 376.394 2474.64
-63.9045 -143.877 2770.8
-155.444 -611.428 2772.71
-61.0315 301.643 2732.09
72.6091 278.11 2668.25
166.872 183.965 2400.62
188.082 -1045.26 2887.73
-71.3585 414.152 2304.64
112.858 -174.996 2686.48
150.025 -636.647 2755.34
206.25 254.576 2604.41
48.5429 59.3368 2698.44
FRAME: 167
166.017 430.417 2571.97
-214.987 211.356 2648.17
-184.762 -1012.71 2881.46
-127.171 350.823 2464.45
-61.6921 -140.075 2774.93
-151.65 -608.065 2775.76
-57.7633 300.722 2741.66
75.7779 275.161 2670.73
157.944 184.861 2391.58
185.372 -1042.05 2884.52
-81.4293 402.134 2306.04
110.239 -172.955 2683.8
148.769 -633.952 2752.19
209.319 249.6 2599.79
50.0257 59.3231 2700.05
FRAME: 168
166.163 427.128 2574.05
-212.689 209.891 2650.42
-185.019 -1011.02 2879.33
-116.519 342.148 2448.89
-62.2374 -140.88 2774.07
-152.764 -604.905 2773.57
-57.3159 288.003 2735.64
75.2625 261.851 2668.31
150.128 160.07 2392.74
183.945 -1041.77 2884.09
-96.6462 377.916 2306.78
109.828 -174.977 2686.83
149.346 -634.704 2754.06
207.841 235.699 2600.99
49.5289 51.9613 2699.38
FRAME: 169
167.211 429.974 2573.9
-213.961 187.568 2654.71
-184.434 -1009.85 2875.27
-136.878 327.207 2478.11
-64.0343 -141.052 2771.22
-154.779 -599.581 2767.95
-66.4545 286.04 2729.2
69.4186 260.917 2665.48
140.439 153.495 2395.05
185.177 -1047.47 2886.11
-104.721 380.596 2304.32
108.875 -173.139 2690.26
150.876 -634.988 2755.84
205.292 235.793 2601.75
45.9195 51.9107 2698.11
FRAME: 170
163.077 433.581 2574.98
-205.725 189.743 2629.43
-178.788 -993.182 2872.75
-100.694 283.963 2450.15
-65.1575 -143.9 2771.9
-152.806 -596.536 2769.7
-65.3199 274.767 2730.82
68.7162 249.784 2666.78
139.858 134.186 2401.55
184.604 -1039.49 2885.57
-101.723 345.388 2311.72
109.381 -176.392 2688.57
149.94 -633.209 2755.01
202.752 224.8 2602.75
45.4138 44.8188 2698.51
FRAME: 171
162.876 434.646 2574.5
-202.72 181.188 2612.85
-172.476 -979.927 2876.54
-86.9149 281.735 2442.12
-75.0325 -144.555 2771.51
-153.355 -588.443 2773.64
-68.5692 271.699 2727.17
66.8828 245.279 2665.83
137.154 104.436 2419.98
182.861 -1041.76 2883.19
-85.1397 305.752 2298.37
107.283 -180.116 2689
148.541 -637.169 2753.3
202.335 218.859 2604.49
41.504 41.4718 2698.04
FRAME: 172
157.847 433.954 2574.6
-203.727 165.343 2611.05
-164.163 -978.5 2885.37
-95.5102 249.015 2436
-75.6858 -144.441 2771.65
-147.121 -590.005 2778.12
-69.5306 267.222 2722.96
66.0489 240.101 2662.48
136.125 88.0818 2427.66
182.43 -1042.43 2884.35
-102.56 296.759 2309.93
107.155 -181.118 2689.94
147.832 -638.471 2754.08
201.628 212.98 2602
40.8917 38.6608 2696.64
FRAME: 173
152.092 434.286 2576.82
-181.197 160.269 2638.01
-156.062 -977.357 2892.65
-114.654 232.542 2448.36
-76.6728 -142.959 2769.94
-136.023 -594.297 2784.19
-70.8739 263.548 2724.47
64.1817 236.657 2663.71
147.468 62.5949 2444.22
183.594 -1038.97 2882.53
-68.7167 230.803 2307.32
105.332 -179.402 2688.24
146.75 -636.31 2753.62
199.237 209.766 2602.96
39.2557 37.7382 2696.4
FRAME: 174
147.122 429.023 2580.54
-187.147 151.55 2644.97
-145.464 -990.229 2903.21
-118.464 235.961 2425.31
-75.3383 -145.75 2771.5
-131.217 -608.03 2792.53
-76.5031 271.011 2736.84
58.6383 248.127 2675.27
149.361 52.4689 2471.7
182.854 -1037.82 2881.31
-40.7307 191.164 2326.33
105.523 -176.477 2689.15
146.093 -635.245 2753.43
193.78 225.243 2613.7
36.8652 43.507 2702.8
FRAME: 175
143.92 428.611 2583.06
-183.557 137.272 2655.42
-135.406 -994.419 2912.37
-117.46 191.317 2450.95
-77.7597 -152.222 2771.42
-123.589 -609.545 2798.98
-94.9864 268.478 2738.94
45.0487 249.743 2679.89
152.266 35.9357 2490.88
184.612 -1033.31 2884.53
-62.7589 159.237 2327.42
104.287 -176.758 2694.33
146.926 -630.067 2758
185.084 231.008 2620.84
29.1562 42.6267 2706.38
FRAME: 176
140.15 427.81 2588.8
-188.073 116.104 2665.77
-130.653 -1009.61 2912.64
-99.2298 185.962 2452.78
-82.1113 -158.456 2766.21
-122.58 -615.505 2798.51
-102.576 268.289 2729.65
39.0981 251.874 2676.99
155.096 23.7744 2508.39
185.78 -1039.99 2881.4
-42.9515 124.23 2334.75
101.801 -180.102 2697.43
147.337 -631.541 2758.32
180.772 235.459 2624.32
24.4715 41.2974 2704.4
FRAME: 177
127.609 421.696 2591.07
-203.196 101.528 2651.28
-134.091 -1009.39 2920.27
-122.75 184.349 2481.24
-90.9738 -165.973 2763.26
-126.016 -611.518 2799.65
-113.465 255.39 2713.37
30.6151 241.351 2671.52
153.434 10.6271 2514.85
188.828 -1034.38 2892.89
-43.3605 83.9774 2348.87
104.284 -185.121 2707.37
149.862 -635.035 2768.71
174.695 227.312 2629.67
18.635 32.9021 2703.42
FRAME: 178
125.047 427.861 2588.74
-225.895 104.079 2654.02
-136.812 -1041.07 2925.61
-157.383 162.635 2430.36
-91.5865 -166.858 2758.49
-125.281 -626.565 2805.13
-106.557 261.482 2697.12
31.5102 247.911 2665.1
154.098 5.57101 2533.79
187.872 -1031.86 2896.94
-49.9298 69.856 2369.64
102.967 -186.061 2713.57
150.016 -632.383 2772.96
169.577 234.34 2633.08
18.6002 35.7256 2700.56
FRAME: 179
112.97 435.066 2586.46
-250.862 111.3 2623.14
-137.793 -1044.3 2937.49
-195.579 179.364 2379.03
-95.1992 -172.975 2761.74
-125.533 -635.222 2811.22
-106.332 259.511 2701.48
31.7375 245.55 2671.7
161.574 -14.9918 2567.72
188.108 -1038.28 2913.27
-31.801 35.7682 2385.06
100.877 -192.847 2719.63
149.387 -643.223 2779.97
169.807 231.589 2641.93
17.2881 31.3195 2706.19
FRAME: 180
108.663 437.149 2586.49
-259.723 110.656 2619.26
-136.524 -1045.21 2936.89
-227.444 148.557 2327.78
-97.7694 -174.093 2763.64
-126.602 -636.604 2812.61
-106.036 256.514 2702.44
32.274 241.996 2676.06
162.281 -18.6813 2583.86
184.528 -1037.74 2914.63
-28.3752 22.9134 2390.47
98.3598 -194.786 2726.41
149.942 -643.032 2782.38
170.584 227.477 2649.68
16.2846 28.7781 2710.54
FRAME: 181
106.766 435.916 2586.77
-261.37 89.5732 2614.72
-136.151 -1055.15 2939.89
-249.61 137.792 2322.73
-98.6636 -177.657 2764.6
-128.298 -643.407 2815.74
-114.229 249.493 2698.88
26.7302 236.618 2677.28
151.278 -21.1844 2598.21
183.93 -1033.66 2908.98
-6.95576 8.92325 2404.68
96.6283 -195.535 2734.76
149.848 -635.877 2785.14
167.689 223.743 2655.68
12.8563 25.0112 2713.48
FRAME: 182
101.179 434.869 2589.69
-270.246 78.0112 2614.45
-137.642 -1056 2939.78
-247.17 118.694 2318.94
-100.382 -179.465 2763.09
-128.479 -644.518 2813.79
-118.131 244.323 2693.14
26.5806 231.277 2676.82
152.694 -24.915 2599.51
182.111 -1049.77 2919.91
18.6697 -48.6233 2413.71
94.592 -197.022 2741.16
148.541 -637.737 2798.71
171.292 218.232 2660.49
11.8428 21.5169 2714.47
FRAME: 183
93.7655 433.141 2592.18
-255.309 53.4147 2616.71
-138.176 -1054.85 2935.91
-221.394 82.8841 2359.3
-101.039 -182.569 2761.13
-129.233 -644.719 2813.62
-126.394 237.348 2683.47
21.975 225.48 2672.47
147.041 -32.8969 2599.81
181.903 -1057.42 2929.55
-66.2365 -17.9978 2379.73
90.3778 -197.866 2746.94
145.945 -637.86 2805.4
170.344 213.611 2661.48
8.32224 17.6311 2713.25
FRAME: 184
85.502 432.578 2596.72
-243.723 36.079 2622.69
-138.308 -1056.38 2934.62
-202.341 36.183 2400.98
-102.859 -187.866 2760.58
-128.803 -647.973 2812.74
-137.211 230.975 2678.24
14.4908 221.468 2671.87
144.389 -42.1302 2615.05
181.31 -1058.51 2935.24
-12.6445 -60.1285 2450.48
86.6385 -199.766 2752.71
142.502 -640.372 2813.41
166.193 211.961 2665.5
3.19015 13.8256 2714.26
FRAME: 185
80.0946 432.152 2599.33
-239.108 16.5975 2628.32
-138.292 -1056.56 2931.82
-159.639 -28.031 2434.22
-106.015 -192.801 2758.26
-128.061 -649.25 2808.18
-144.981 227.957 2672.36
7.57659 220.407 2674.06
151.114 -40.9502 2642.4
182.164 -1060.47 2938.4
-4.17066 -78.1345 2453.41
77.8841 -201.906 2760.44
138.618 -646.835 2822.41
160.134 212.857 2675.76
-3.24432 11.5265 2716.71
FRAME: 186
76.2947 430.643 2600.44
-237.391 -10.6721 2633.82
-138.04 -1059.92 2932.92
-124.861 -78.2205 2430.21
-108.433 -198.234 2757.84
-128.073 -653.229 2806.43
-150.563 220.774 2667.54
2.31907 215.179 2673.51
149.827 -42.8959 2655.13
185.551 -1059.26 2942.77
8.51291 -73.1694 2398.52
75.5726 -204.957 2765.34
137.179 -647.226 2826.79
155.201 209.584 2679.47
-7.05555 6.79165 2717.55
FRAME: 187
72.7873 430.513 2603.04
-240.696 -23.9244 2659.65
-138.193 -1065.84 2932.71
-110.933 -76.5454 2439.61
-109.584 -205.934 2758.02
-128.012 -659.214 2805.47
-151.224 219.829 2667.4
-1.94634 215.283 2677.15
156.392 -34.7159 2670.45
188.426 -1067.32 2943.12
17.9013 -66.3966 2378.43
68.663 -211.307 2769.74
136.92 -653.668 2833.88
147.331 210.736 2686.9
-11.2035 3.33114 2720.52
FRAME: 188
66.6577 429.613 2600.37
-236.383 -18.9569 2653.17
-142.772 -1062.27 2930.4
-59.4568 -101.785 2418.18
-114.742 -210.856 2753.91
-126.004 -650.663 2803.86
-154.316 217.935 2664.38
-6.94251 216.087 2680.25
169.256 -26.2743 2705.36
196.576 -1057.34 2949.01
45.02 -85.6703 2374.71
71.2303 -212.462 2774.75
141.029 -647.858 2836.59
140.431 214.239 2696.13
-14.3492 2.21404 2722.29
FRAME: 189
62.4533 429.845 2604.55
-243.07 -35.9545 2647.29
-138.244 -1061.88 2927.76
-33.575 -92.093 2439.75
-117.928 -219.174 2750.99
-126.702 -658.342 2800.13
-161.394 212.395 2660.18
-13.4425 211.929 2680.87
171.918 -14.4033 2717.51
193.141 -1062.34 2951.5
65.4887 -100.38 2455.77
64.5444 -219.593 2776.77
137.067 -654.597 2839.12
134.509 211.463 2701.55
-20.0672 -3.72738 2722.37
FRAME: 190
59.7727 429.508 2606.1
-237.13 -42.355 2641.13
-135.906 -1058.41 2925.01
-3.22844 -71.9729 2486.27
-120.951 -224.902 2747.72
-127.694 -657.736 2796.64
-166.074 209.801 2658.14
-19.7588 211.154 2684.1
177.088 -12.4802 2731.89
194.214 -1066.1 2956.11
97.1983 -95.2178 2464.87
60.6287 -223.158 2780.23
135.078 -660.057 2842.95
126.556 212.508 2710.06
-24.9601 -6.43784 2724.04
FRAME: 191
56.4306 429.565 2608.07
-232.935 -47.9037 2628.78
-135.842 -1058.32 2924.49
15.481 -82.8356 2513.99
-120.536 -227.247 2744.07
-129.028 -667.268 2795.99
-167.351 207.056 2648.93
-22.2015 210.32 2681.71
186.592 -12.3001 2740.07
194.326 -1073.9 2955.06
110.322 -83.1411 2478.6
58.1996 -223.223 2784.66
134.531 -662.262 2845.88
122.948 213.584 2714.49
-26.6849 -7.45752 2723.04
FRAME: 192
52.3993 430.826 2610.72
-228.513 -48.0306 2617.8
-136.707 -1059.39 2931.82
47.938 -77.0744 2509.19
-119.567 -229.663 2738.99
-129.323 -667.832 2796.42
-165.722 206.453 2640.52
-24.0633 211.148 2680.39
201.323 0.79416 2758.56
199.778 -1057.58 2955.52
144.484 -72.3137 2477.06
53.7439 -223.932 2787.68
133.955 -662.335 2847.25
117.595 215.843 2720.25
-28.4874 -7.82466 2721.86
FRAME: 193
49.0233 431.542 2612.79
-217.69 -53.5465 2607.73
-140.067 -1059.85 2935.48
75.3516 -66.6479 2516.13
-119.741 -232.881 2734.6
-130.543 -669.446 2796.36
-164.62 203.14 2633.01
-25.4824 209.215 2679.62
198.02 28.8861 2786.99
195.918 -1056.64 2947.28
144.698 -61.126 2527.68
51.3052 -225.401 2791.82
133.143 -667.322 2851.62
113.656 215.29 2726.22
-29.8501 -9.96286 2721.41
FRAME: 194
48.0532 431.488 2614.74
-197.539 -57.8863 2592.99
-137.071 -1062.88 2933.38
86.9236 -58.6244 2505.22
-120.439 -231.918 2731.81
-132.004 -670.131 2796.68
-165.226 204.176 2630.85
-28.8305 211.597 2684.97
191.099 49.2149 2817.43
196.653 -1063.27 2951.31
161.653 -56.5241 2518.94
47.0916 -222.798 2798.28
131.725 -669.768 2855.95
107.565 219.018 2739.09
-32.752 -7.88043 2725.01
FRAME: 195
44.4851 432.43 2619.4
-181.799 -60.5181 2578.93
-137.152 -1064.53 2933.4
103.804 -43.5613 2488.72
-120.061 -231.942 2731.77
-131.821 -671.062 2793.59
-161.803 201.75 2625.58
-27.0254 209.841 2685.95
193.855 59.5649 2821.4
197.541 -1079.17 2954.44
151.043 -50.6044 2562.78
44.1498 -222.096 2805.25
129.926 -672.066 2859.54
107.753 217.931 2746.32
-32.4905 -8.58927 2727.23
FRAME: 196
44.0341 432.089 2621.05
-170.849 -58.5757 2567.27
-137.212 -1063.11 2934.94
123.813 -34.7957 2474.99
-118.977 -229.763 2730.13
-132.255 -671.584 2797.11
-153.401 203.848 2625.74
-20.746 210.19 2693.3
196.051 74.0258 2856.43
197.189 -1085.8 2960.18
185.149 -36.5777 2568.85
39.846 -222.127 2810.96
128.437 -675.384 2861.48
111.909 216.531 2760.86
-30.1558 -7.87768 2731.92
FRAME: 197
48.4883 430.263 2622.84
-153.713 -43.0399 2544.21
-134.329 -1061 2932.15
152.545 -19.9031 2466.66
-117.289 -227.846 2726.95
-130.603 -671.783 2792.42
-141.931 205.734 2612.75
-18.877 213.598 2690.44
194.403 88.1015 2874.45
195.984 -1086.66 2966.17
310.134 98.5143 2764.68
30.1473 -218.38 2820.06
125.42 -673.739 2865.59
104.177 221.462 2768.13
-31.2239 -4.75754 2731.97
FRAME: 198
59.7744 426.704 2627.15
-138.015 -35.5119 2514.1
-132.551 -1065.15 2925.34
161.279 -6.21902 2458.98
-113.763 -226.273 2725.91
-128.846 -671.599 2789.64
-132.004 199.47 2598.52
-15.145 209.388 2688.71
156.18 131.457 2938.04
196.402 -1079.89 2961.86
395.366 158.242 2858.01
19.4929 -214.925 2828.7
122.715 -671.134 2866.22
101.714 219.306 2778.91
-31.1401 -5.60545 2733.01
FRAME: 199
77.6525 418.81 2625.19
-126.754 -31.5111 2491.8
-131.788 -1065.22 2925.32
164.893 -2.20425 2441.44
-112.34 -226.097 2723.63
-129.077 -676.932 2788.44
-128.087 194.154 2588.37
-11.6677 205.553 2688.04
145.209 149.487 2974.62
194.024 -1070.76 2966.33
404.542 171.864 2896.82
15.9211 -213.571 2833.24
119.344 -669.923 2867.81
104.751 216.952 2787.71
-29.9386 -7.1403 2733.24
FRAME: 200
85.6199 411.808 2630.03
-118.911 -29.0579 2480.38
-128.392 -1071.13 2920.43
172.852 -1.23332 2431.35
-114.081 -234.258 2722.96
-129.364 -687.076 2780.05
-122.475 186.008 2590.1
-8.18626 196.117 2691.01
136.833 170.788 2980.88
191.634 -1069.23 2973.29
427.29 179.695 2918.15
14.6461 -222.837 2836.57
119.286 -671.4 2871.15
106.102 206.226 2791.92
-28.9518 -16.2151 2735.39
FRAME: 201
99.3714 404.925 2631.42
-99.5919 -30.907 2459.27
-124.951 -1070.42 2920.69
187.45 -5.59297 2415.18
-115.032 -238.77 2721.49
-127.443 -696.557 2774.06
-115.817 179.937 2583.54
-5.40784 191.285 2688.9
136.906 170.945 2984.1
192.75 -1076.32 2972.42
422.028 195.314 2948.83
11.1021 -226.095 2841.18
118.474 -671.205 2871.41
105.001 202.633 2794.25
-28.6864 -20.5738 2735.11
FRAME: 202
116.218 393.531 2631.42
-85.6959 -34.7565 2453.03
-124.183 -1082.96 2916.75
193.824 -15.3176 2410.88
-115.816 -242.524 2723.26
-128.464 -708.112 2764.73
-105.652 172.656 2585.75
0.391212 182.541 2689.98
143.172 174.578 2983.81
194.594 -1065.19 2960.73
407.132 205.39 2979.75
8.2117 -231.036 2844.8
121.159 -671.333 2868.31
106.434 192.426 2794.21
-26.7055 -27.1197 2737
FRAME: 203
132.168 384.785 2636.26
-75.6843 -37.0341 2439.95
-121.157 -1078.85 2912.58
200.845 -23.6278 2406.8
-116.661 -243.399 2719.24
-126.005 -705.358 2752.51
-95.0518 169.682 2576.35
9.0201 179.139 2680.74
151.137 181.004 2985.44
193.469 -1066.54 2964.7
436.229 207.311 3010.33
7.33151 -232.204 2843.31
121.345 -672.066 2867.47
113.092 188.596 2785.14
-22.8223 -29.3311 2731.01
FRAME: 204
141.919 375.046 2643.68
-70.9802 -39.4607 2435.17
-118.213 -1076.06 2905.7
209.675 -36.1082 2396.88
-115.025 -241.334 2715.72
-126.349 -701.47 2742.34
-84.6347 162.858 2568.71
13.9942 173.12 2675.54
152.514 180.845 2980.42
188.885 -1061.96 2961.1
434.47 198.532 3023.91
2.66678 -229.266 2842.68
125.609 -671.874 2860.34
112.623 183.382 2782.37
-21.0925 -31.0902 2727.37
FRAME: 205
164.738 354.122 2647.87
-71.754 -45.1931 2436.34
-112.852 -1071 2894.61
225.854 -67.7728 2391.86
-110.025 -242.82 2709.16
-124.011 -709.989 2715.19
-62.7287 154.746 2567
28.2622 162.759 2675.5
159.455 172.282 2977.62
183.98 -1057.18 2955.19
402.54 188.863 3011.91
0.638051 -233.313 2840.49
143.187 -675.045 2833
119.253 170.771 2784
-13.2157 -37.6539 2725.16
FRAME: 206
184.009 335.153 2654.52
-72.5097 -61.7833 2450.19
-112.185 -1059.84 2870.96
219.257 -100.953 2401.82
-108.961 -248.5 2707.13
-123.052 -711.837 2700.32
-46.6801 139.571 2569.19
46.6621 141.517 2676.51
154.546 162.774 2972.89
183.849 -1069.18 2949.31
426.065 152.638 3045.07
3.31068 -246.129 2836.08
157.199 -687.178 2818.41
140.004 143.464 2783.83
-3.08145 -52.8986 2724.06
FRAME: 207
195.853 315.444 2658.81
-70.0008 -80.2993 2456.91
-97.3605 -1031.56 2847.5
215.332 -116.948 2393.87
-95.1352 -264.458 2696.3
-125.669 -711.52 2684.61
-42.7703 123.839 2569.1
51.3913 126.459 2675.26
148.52 136.824 2974.97
186.683 -1066.73 2938.79
409.837 66.7614 3069.76
21.7424 -261.597 2827.4
169.149 -690.485 2801.69
145.553 129.078 2781.42
7.34745 -68.2845 2718.55
FRAME: 208
203.916 294.805 2662.74
-85.3105 -95.7483 2472.93
-104.999 -1017.39 2817.66
204.012 -148.327 2424.79
-81.381 -284.227 2695.08
-127.536 -729.794 2669.9
-39.364 102.959 2578.77
60.5905 102.867 2678.08
152.805 122.838 2971.45
184.789 -1061.23 2937.03
421.048 12.3927 3141.67
42.5966 -284.615 2817.6
188.327 -698.552 2784.21
160.545 102.775 2777.39
20.5992 -90.7766 2717.21
FRAME: 209
210.518 272.112 2666.01
-98.3842 -103.925 2489.24
-117.332 -1023.52 2817.82
182.753 -168.312 2434.95
-78.8451 -295.187 2695.67
-128.875 -744.69 2661.65
-34.3841 100.893 2594.72
70.9905 93.7775 2687.4
155.178 93.7338 2972.58
183.656 -1078.85 2941.29
399.517 -49.869 3124.59
52.4577 -304.07 2810.7
204.623 -717.572 2773.82
176.365 86.6616 2780.09
28.8984 -102.925 2720.29
FRAME: 210
213.879 258.342 2661.39
-114.238 -125.874 2514.86
-115.913 -1025.22 2808.45
161.202 -190.155 2458.72
-77.1631 -305.847 2698.8
-123.583 -752.045 2658.04
-40.5084 84.562 2604.58
71.807 77.1888 2690.28
172.196 36.5547 2967.15
188.658 -1061.18 2931.99
414.743 -154.614 3147.88
65.719 -315.755 2807.04
215.002 -715.912 2763.91
184.122 69.8156 2775.97
33.0425 -116.806 2721.6
FRAME: 211
216.203 249.007 2662.02
-142.241 -126.915 2555.18
-113.745 -1007.79 2796.49
129.189 -191.114 2481.33
-77.8159 -316.588 2704.38
-123.59 -759.761 2648.82
-38.8634 79.8647 2612.65
82.1684 67.0722 2692.49
212.51 -95.4955 2918.88
188.669 -1066.66 2949.31
346.236 -226.691 2967.96
75.0356 -332.921 2804.45
232.967 -739.523 2760.15
203.2 54.2796 2772.32
40.3891 -128.841 2723.45
FRAME: 212
220.72 241.368 2660.38
-160.595 -123.448 2586.38
-117.367 -1007.32 2799.74
96.0478 -184.014 2505.64
-77.8037 -320.849 2715.77
-126.506 -764.778 2646.25
-45.9645 81.2502 2634.28
85.8098 64.2406 2701.63
221.053 -121.402 2921.16
194.029 -1060.94 2946.94
411.287 -310.871 3001.77
88.7055 -342.351 2800.5
246.672 -745.806 2746.22
217.584 47.231 2768.98
45.6303 -133.68 2729.89
FRAME: 213
224.442 242.507 2656.54
-206.273 -78.2802 2650.53
-121.685 -1000.52 2806.68
18.1188 -129.647 2510.59
-79.1186 -323.873 2734.13
-131.582 -769.637 2662.77
-53.6512 78.8159 2649.53
85.7079 60.7165 2688.15
272.499 -202.773 2757.51
205.701 -1043.27 2933.51
489.664 -468.821 2829.95
110.528 -348.508 2785.64
257.177 -743.095 2731.04
225.067 42.6171 2726.77
50.7063 -137.737 2724.02
FRAME: 214
226.85 246.088 2650.74
-216.171 -66.6108 2651.05
-121.545 -1015.76 2848.72
-8.5393 -93.0021 2496.7
-78.3737 -313.099 2763.35
-133.819 -760.423 2705.44
-61.1672 95.6552 2670.13
79.599 75.1733 2668.04
286.365 -182.391 2743
208.82 -1033.56 2908.23
489.799 -460.219 2673.45
122.313 -342.562 2760.14
259.378 -731.855 2713.69
220.365 54.6914 2665.96
50.7844 -126.329 2714.89
FRAME: 215
230.847 254.623 2640.55
-232.097 -36.0402 2655.99
-126.689 -1050.73 2878.81
-49.7846 -47.6967 2452.26
-73.2638 -297.712 2780.55
-131.864 -749.75 2733.82
-81.0962 124.32 2694.77
68.6204 105.506 2673.31
300.379 -155.645 2696.7
210.907 -1019.29 2902.88
459.334 -430.291 2526.99
131.874 -323.703 2751.3
251.158 -714.556 2717.09
218.337 86.692 2651.84
48.9627 -102.601 2719.62
FRAME: 216
237.274 271.426 2629.81
-241.76 46.8475 2648.26
-128.782 -1053.04 2888.4
-56.6849 14.2998 2427.41
-69.2904 -273.464 2793.8
-134.723 -728.307 2761.31
-72.1527 157.926 2712.24
72.4448 136.198 2674.05
302.525 -116.96 2645.05
209.146 -1011.52 2896.25
394.525 -349.688 2387.24
135.638 -304.478 2739.51
237.994 -702.104 2714.74
217.042 114.469 2635.86
52.8093 -76.3865 2720.35
FRAME: 217
245.384 292.591 2620.49
-234.323 91.6738 2632.11
-131.662 -1051.41 2899.65
-72.0101 90.3281 2401.68
-68.732 -248.249 2796.01
-131.422 -705.858 2775.44
-61.0765 183.488 2711.52
80.2402 158.584 2668.83
290.764 -88.9878 2575.4
204.207 -1004.89 2890.88
329.737 -269.603 2273.43
136.421 -284.665 2733.88
215.497 -684.311 2733.72
221.557 133.679 2626.14
57.0423 -53.9366 2716.89
FRAME: 218
257.319 311.52 2607.66
-239.48 160.228 2599.37
-128.346 -1041.6 2908.8
-73.9799 195.496 2385.93
-66.7084 -208.873 2792.66
-127.281 -667.411 2783.95
-68.1561 236.874 2718.26
76.7644 212.551 2669.04
269.46 -61.8729 2558.51
199.719 -1031.18 2900.76
285.392 -219.151 2330.37
132.14 -242.361 2725.68
197.708 -678.895 2748.83
221.685 188.229 2619.82
54.7401 -6.53287 2714.1
FRAME: 219
256.55 323.993 2594.19
-236.355 222.238 2597.63
-132.961 -1028.86 2934.82
-10.7634 272.845 2361.86
-63.5439 -182.977 2803.29
-124.576 -641.159 2807.35
-51.6276 247.507 2729.69
88.3214 215.644 2678.43
230.282 69.3778 2481.59
196.16 -1035.77 2891.41
136.071 67.9933 2278.33
119.782 -223.975 2737.2
185.381 -655.65 2755.02
228.27 183.782 2627.18
58.2203 6.08404 2724.34
FRAME: 220
-90.4065 332.593 2642.76
-189.191 221.802 2715
-138.963 -1041.08 2945.45
-119.202 227.339 2588.63
-70.3615 -176.668 2816.49
-126.127 -637.511 2827.39
-65.7567 246.794 2764.94
52.7011 232.568 2726.3
93.794 91.9683 2651.65
195.971 -1032.13 2896.17
144.763 93.9022 2414.23
119.542 -198.403 2756.72
177.069 -634.081 2778.07
171.159 218.343 2687.66
38.6455 22.5163 2756.45
FRAME: 221
-91.583 362.806 2641.84
-137.383 153.368 2773.7
-144.066 -1023.65 2959.96
-100.503 66.3597 2748.62
-71.4014 -165.829 2827.58
-125.377 -620.79 2846.4
-69.6337 250.182 2771.42
50.6545 236.578 2733.07
174.208 2.31166 2667.29
193.685 -1029.79 2902.29
121.323 93.5427 2436.84
121.727 -187.27 2767.17
170.32 -623.295 2792.86
170.943 222.975 2694.72
37.9085 30.0145 2765.22
FRAME: 222
-49.6829 400.629 2632.88
-151.846 220.349 2707.82
-143.797 -989.819 2953.62
-96.6552 146.916 2691.12
-61.8168 -124.167 2817.35
-115.402 -583.067 2848.59
-60.9628 278.177 2762.34
61.0391 260.353 2717.54
193.107 75.7614 2590.2
190.109 -1026.14 2904.35
135.809 180.653 2425.89
123.967 -150.638 2750
167.065 -609.539 2802.13
183.041 242.53 2672.74
46.057 61.4755 2750.61
FRAME: 223
-18.294 422.404 2619.13
-195.834 393.527 2606.14
-141.155 -973.436 2949.33
-31.8726 462.718 2446.71
-57.9668 -101.33 2812.45
-110.35 -554.435 2849.77
-36.6741 304.425 2751.85
81.6661 279.601 2702.23
247.937 155.802 2475.31
184.222 -1031.03 2903.94
64.0576 386.471 2237.47
123.533 -138.501 2738.16
161.542 -606.966 2804.4
200.006 254.776 2652.62
57.2247 79.8426 2738.77
FRAME: 224
77.3655 464.503 2603.7
-193.281 415.594 2627.39
-135.672 -969.309 2949.11
-49.0317 511.547 2432.78
-55.7872 -91.2396 2810.65
-108.529 -543.666 2852.88
-15.8054 322.008 2740.12
97.8757 292.067 2687.05
237.077 169.477 2449.6
182.426 -1044.73 2904.51
49.5814 416.794 2286.31
120.056 -136.906 2729.49
157.241 -607.598 2800.14
211.557 262.126 2633.99
65.0051 88.9971 2728.56
FRAME: 225
72.1235 471.348 2590.15
-191.75 423.865 2641.56
-133.92 -965.086 2946.23
-48.4502 540.772 2421.63
-53.473 -87.9367 2808.14
-106.315 -541.91 2851.78
-0.635588 328.497 2738.57
109.83 295.761 2682.54
230.908 183.266 2421.36
180.978 -1046.38 2905.45
34.6351 448.831 2293.53
119.824 -138.422 2721.23
155.585 -607.886 2800.05
220.296 263.024 2626.52
71.503 91.2906 2723.61
FRAME: 226
65.456 467.089 2596.2
-196.905 399.353 2667.94
-136.86 -971.427 2939.24
-44.8429 514.204 2495.43
-45.755 -102.003 2805.1
-103.383 -551.778 2846.28
4.90726 324.014 2745.14
114.303 292.783 2682.72
202.901 199.364 2406.87
180.295 -1043.07 2906.35
11.0013 494.176 2333.62
125.46 -149.796 2708.1
156.004 -610.742 2797.63
223.699 261.552 2620.3
77.0779 83.4417 2719.66
FRAME: 227
72.1551 468.401 2595.85
-194.618 360.673 2708.2
-137.264 -978.111 2936.47
-57.6557 496.642 2497.54
-37.9676 -119.042 2802.97
-95.7635 -569.458 2834.36
4.93469 317.013 2752.93
117.277 286.971 2686.58
198.259 221.105 2401.31
180.462 -1053.52 2904.47
-5.5117 517.543 2346.99
127.665 -162.557 2705.22
154.711 -625.59 2794.72
229.618 256.929 2620.23
81.0625 73.0857 2720.34
FRAME: 228
115.836 466.37 2595.09
-203.751 339.938 2723.37
-133.567 -980.429 2942.84
-55.8552 488.66 2531.35
-30.1234 -130.713 2806.34
-94.0677 -573.457 2840.79
3.12546 311.231 2748.95
120.274 274.683 2668.63
168.877 242.441 2374.26
177.44 -1060.14 2897.68
-19.2116 516.503 2350.18
123.432 -178.188 2701.23
148.941 -643.618 2787.56
237.423 238.136 2588.32
83.4644 60.1164 2711.21
FRAME: 229
161.383 463.276 2601.29
-199.119 334.248 2757.96
-134.305 -987.448 2943.35
-101.173 460.598 2566.45
-27.0103 -138.153 2806.44
-89.3411 -586.819 2837.63
7.08106 317.464 2744.45
122.631 280.036 2659.36
152.767 247.729 2376.95
176.273 -1065.01 2896.44
-41.2745 519.813 2359.18
125.008 -186.946 2694.85
144.826 -651.72 2782.79
238.181 242.607 2574.28
85.8149 58.743 2705
FRAME: 230
173.6 455.162 2596.16
-208.086 318.567 2772.4
-130.132 -999.655 2943.31
-112.865 443.083 2581.52
-24.1892 -149.043 2805.75
-89.9442 -599.811 2837.02
2.81147 302.88 2750.79
121.559 266.623 2664.5
140.957 253.802 2371.33
175.645 -1062.34 2894.34
-48.5343 523.618 2365.09
127.306 -195.232 2695.89
145.633 -652.319 2782.12
240.307 230.366 2578.22
86.5587 47.2428 2707.66
FRAME: 231
179.174 453.562 2600.94
-209.519 309.376 2786.41
-131.303 -1004.91 2943.27
-105.281 426.311 2602.42
-21.0712 -153.684 2806.83
-88.904 -609.579 2833.25
2.38423 300.959 2753.63
122.809 264.302 2663.4
128.838 261.969 2370.71
173.775 -1055.17 2889.74
-74.8338 527.899 2362.59
130.184 -199.719 2693.49
146.131 -652.074 2781.44
243.233 227.646 2573.17
88.6826 43.8004 2706.78
FRAME: 232
196.515 440.848 2592.42
-205.316 287.85 2808.53
-130.076 -1009.76 2941.11
-108.619 400.08 2600.74
-21.6451 -156.054 2806.29
-91.4159 -617.503 2834.1
-1.93363 296.561 2757.82
121.873 260.736 2667.48
125.171 251.797 2372.39
173.216 -1053 2892.89
-71.5323 508.112 2364.38
133.052 -200.823 2693.47
147.405 -651.243 2782.18
245.68 224.91 2577.15
88.7885 41.1487 2708.68
FRAME: 233
197.84 439.175 2599.35
-208.838 277.779 2807.48
-131.277 -1014.96 2943.02
-114.634 406.188 2593.49
-21.0414 -162.843 2810
-88.052 -620.829 2834.81
-4.39292 284.948 2773.94
119.234 252.342 2682.66
134.326 243.211 2381.74
169.997 -1040.34 2891.64
-76.9861 491.56 2372.07
133.915 -203.66 2695.75
148.943 -645.832 2779.15
242.862 219.736 2591.37
87.8356 34.5452 2717.77
FRAME: 234
198.549 438.81 2604.25
-217.954 255.947 2794.88
-130.795 -1013.9 2944.43
-124.695 397.454 2611.11
-20.6964 -164.613 2810.42
-87.039 -623.678 2833.54
-9.74834 276.087 2786.54
116.038 245.744 2693.38
129.141 225.482 2395.07
168.769 -1040.63 2891.63
-107.41 471.415 2375.43
134.515 -201.999 2695.71
149.88 -644.795 2778.64
241.824 215.401 2600.23
86.4735 31.2192 2723.22
FRAME: 235
195.598 435.767 2608.3
-219.927 222.451 2803.42
-128.949 -1011.27 2945.16
-137.227 364.535 2607.08
-20.3738 -161.606 2811.67
-86.2913 -619.933 2832.65
-3.54681 274.702 2788.53
118.333 245.051 2697.65
123.563 209.488 2402.06
169.234 -1043.52 2891.06
-103.344 450.144 2367.11
134.38 -199.228 2696.37
150.648 -645.571 2777.39
240.212 215.4 2606.78
87.6679 32.317 2725.83
FRAME: 236
194.424 435.08 2609.55
-213.859 211.398 2806.46
-128.345 -1011.43 2944.72
-143.379 356.873 2634.71
-22.3395 -160.784 2811.81
-86.8187 -618.844 2832.3
-9.71126 271.871 2790.35
111.52 245.411 2702.73
112.538 203.29 2410.67
169.834 -1036.64 2891.72
-114.837 433.897 2368.09
135.96 -195.356 2697.47
155.186 -639.366 2776.96
232.752 218.95 2615.12
84.1654 33.6703 2728.69
FRAME: 237
190.539 437.562 2614.21
-212.129 197.443 2829.96
-126.047 -1004.4 2942.97
-159.028 310.824 2626.76
-23.6702 -156.72 2810.18
-85.9623 -613.318 2829.6
-18.5363 270.97 2793.23
105.677 245.298 2704.83
108.005 181.315 2414.01
170.13 -1034.89 2891.04
-115.894 410.77 2374.27
132.198 -189.032 2699.11
156.465 -634.997 2775.64
229.891 219.627 2616.43
79.9705 36.2111 2729.74
FRAME: 238
188.708 437.352 2618.68
-205.219 178.581 2838.24
-126.298 -1006.87 2943.54
-162.366 296.007 2630.38
-24.818 -152.782 2809.61
-86.8136 -611.802 2828.7
-18.0821 268.425 2793.77
104.748 243.076 2708.51
108.67 147.673 2429.58
168.581 -1033.74 2885.61
-120.308 384.194 2371.44
128.609 -184.47 2703.03
157.234 -631.7 2772.08
227.578 217.727 2623.25
78.3216 37.2249 2732.42
FRAME: 239
179.977 437.173 2622.94
-195.791 160.144 2841.93
-121.415 -994.029 2940.71
-173.169 266.134 2649.14
-26.6593 -145.219 2807.93
-82.7893 -595.194 2824.36
-18.5421 263.442 2793.8
101.199 238.439 2708.24
108.087 141.863 2434.59
164.826 -1021.91 2877.97
-123.388 355.233 2369.08
124.607 -176.908 2699.64
155.691 -618.57 2766.63
220.94 213.436 2622.69
75.0865 38.6877 2731.01
FRAME: 240
166.383 437.349 2630.9
-200.113 154.485 2832.59
-119.636 -1001.82 2940.88
-161.245 257.926 2637.74
-29.6669 -146.649 2806.18
-82.8693 -599.141 2825.59
-29.7842 257.139 2791.02
93.998 233.688 2707.14
101.845 127.169 2438.52
163.958 -1019.09 2878.55
-126.595 328.251 2364.12
125.333 -176.256 2700.64
156.611 -622.46 2768.31
217.78 210.237 2623.27
70.9156 36.1176 2730.28
FRAME: 241
158.71 441.151 2634.81
-198.066 142.829 2825.25
-116.078 -1008 2942.59
-171.861 199.257 2602.81
-33.5651 -149.326 2805.33
-81.9786 -602.679 2826.48
-37.4906 255.297 2790.92
87.3387 234.136 2709.17
103.666 97.1103 2458.72
164.495 -1020.95 2879.99
-154.351 287.757 2372.4
126.147 -176.751 2700.41
155.928 -623.638 2768.43
212.168 212.975 2627.43
66.8148 35.5485 2731.02
FRAME: 242
154.061 444.04 2635.49
-195.414 129.739 2816.45
-116.81 -1013.35 2940.02
-149.648 184.357 2590.71
-38.4727 -149.039 2801.85
-84.595 -605.636 2823.72
-54.256 261.193 2776.08
76.1353 241.672 2701.66
110.388 77.9217 2470.98
167.472 -1015.79 2882.53
-123.755 242.838 2364.67
127.111 -174.028 2706.98
159.035 -620.793 2771.8
206.527 222.152 2627.24
60.2272 40.0692 2728.04
FRAME: 243
148.279 445.747 2636.42
-188.983 111.773 2791.27
-116.991 -1014.5 2938.93
-125.707 163.914 2552.5
-42.8645 -148.383 2801.04
-85.6877 -607.481 2823.85
-61.9025 267.588 2776.54
67.2758 251.265 2706.09
128.299 57.549 2499.41
168.676 -1014.19 2884.41
-135.908 200.964 2401.55
126.115 -169.795 2708.87
160.133 -618.894 2772.85
196.454 234.943 2635.64
54.4505 46.0882 2730.52
FRAME: 244
134.9 448.728 2637.22
-186.576 104.124 2799.14
-119.637 -1017.09 2935.19
-117.751 137.87 2534.29
-47.0661 -149.583 2795.89
-87.6039 -606.186 2821.94
-75.3805 264.662 2773.95
58.7085 251.612 2709.97
137.595 46.7173 2511.25
170.981 -1012.69 2889.83
-106.84 167.579 2387.04
126.434 -166.657 2713.09
161.874 -614.824 2775.34
192.798 238.562 2645.99
49.1962 46.7459 2732.23
FRAME: 245
133.589 450.554 2638.51
-173.767 78.0469 2747.72
-120.896 -1024.81 2930.48
-90.6073 107.578 2467.79
-57.4541 -150.911 2787.64
-92.7098 -612.519 2816.52
-104.72 257.81 2760.42
38.965 251.015 2710.66
134.991 39.548 2528.66
175.674 -1012.47 2899.06
-157.987 181.365 2392.51
125.465 -160.015 2723.91
163.3 -608.337 2783.39
182.65 244.22 2660.91
36.4852 47.7761 2733.22
FRAME: 246
126.707 452.33 2639.44
-184.495 93.2165 2768.96
-120.929 -1027.9 2929.05
-120.702 101.293 2494.82
-61.2286 -148.365 2787.94
-94.3088 -610.965 2815.61
-104.639 253.82 2763.88
38.5618 245.639 2714.5
135.863 22.5541 2542.3
176.88 -1014.07 2901.84
-103.094 98.9983 2409.91
120.594 -158.962 2725.01
162.175 -607.384 2786.59
181.762 237.458 2665.12
34.1222 45.9875 2735.49
FRAME: 247
114.338 455.236 2640.98
-213.817 86.7142 2760.65
-119.229 -1029.85 2930.33
-132.609 105.855 2486.72
-67.4848 -149.052 2788.1
-96.6883 -613.401 2816.88
-105.616 253.425 2764.24
38.6944 242.75 2716.2
141.923 -3.51879 2556.67
177.106 -1019.65 2904.74
-98.45 52.409 2426.69
113.014 -162.567 2727.89
159.909 -608.551 2788.39
183.005 232.074 2668.15
30.7294 43.4702 2737.09
FRAME: 248
102.33 458.57 2642.5
-237.972 71.67 2747.94
-120.688 -1031.2 2931.47
-203.342 97.9982 2450.38
-70.6074 -154.109 2786.8
-98.6866 -616.67 2817.49
-113.989 252.745 2761.67
33.4521 242.924 2717.19
152.712 -14.9905 2582.81
175.852 -1022.11 2907.39
-113.554 -7.89286 2494.46
109.388 -166.115 2732.55
158.528 -608.084 2790.52
180.893 233.102 2672.7
26.4212 41.4059 2738.43
FRAME: 249
89.5293 459.388 2643.58
-247.137 50.274 2714.71
-122.331 -1029.17 2936.35
-254.923 115.997 2413.32
-73.3763 -161.964 2789.41
-98.9752 -618.816 2819.12
-121.802 248.801 2761.78
26.958 240.319 2719.2
137.281 -31.9482 2606.19
173.028 -1028.38 2911.19
-123.16 -24.32 2523.89
106.367 -172.187 2738.09
155.71 -612.413 2793.88
175.718 231.838 2676.63
21.7267 36.622 2741.48
FRAME: 250
78.2718 457.409 2645.53
-256.719 48.8912 2715.79
-124.141 -1025.54 2938.91
-252.545 74.3768 2396.77
-73.9746 -168.975 2794.64
-101.086 -615.579 2818.72
-124.864 249.058 2762.96
24.8428 240.795 2721.47
144.318 -38.5019 2623.59
171.233 -1029.96 2915.68
-137.075 -45.9183 2554
104.931 -178.821 2745.07
154.77 -621.372 2801.41
174.549 232.532 2679.97
20.1605 33.4487 2745.66
FRAME: 251
73.8032 454.55 2647.54
-264.128 18.998 2724.8
-126.928 -1024.69 2939.81
-270.59 28.6126 2371.94
-78.5204 -171.292 2795.86
-103.751 -616.115 2819.03
-135.173 245.727 2762.06
17.9487 239.019 2722.12
177.608 -28.2131 2662.27
172.788 -1029.74 2917.99
-67.0358 -87.8531 2521.3
104.427 -179.301 2748.05
153.834 -620.17 2804.12
171.07 232.312 2682.17
15.4509 31.8615 2747.04
FRAME: 252
70.1369 453.503 2650
-265.496 13.3806 2741.01
-128.375 -1025.91 2940.56
-288.171 -22.3109 2303.69
-83.0046 -173.89 2793.14
-107.415 -615.408 2821.15
-138.895 246.136 2757.86
14.5174 240.22 2722.05
210.472 -15.8764 2703.27
174.249 -1037.25 2919.3
7.88174 -123.499 2524.77
103.03 -181.053 2749.67
152.218 -624.694 2805.24
167.93 234.305 2686.24
12.2649 31.3746 2746.73
FRAME: 253
69.8279 453.335 2651.33
-264.035 -8.70028 2740.43
-129.37 -1033.41 2941.62
-237.99 -129.544 2336.45
-87.4697 -180.818 2795.47
-109.955 -622.523 2824.17
-144.049 243.909 2757.59
10.8462 238.454 2723.86
217.555 -25.0499 2721.79
174.246 -1045.34 2927.77
15.9778 -142.112 2543.56
101.771 -187.482 2754.27
151.024 -632.203 2808.62
165.742 232.998 2690.13
8.99856 27.1516 2749.37
FRAME: 254
67.731 453.756 2651.01
-256.344 -13.1688 2761.79
-130.042 -1026.2 2945.99
-238.476 -166.09 2373.6
-93.5035 -185.225 2793.54
-113.661 -622.636 2828.2
-149.469 241.424 2755.82
8.23232 235.813 2725.19
219.774 -34.0896 2732.55
176.263 -1042.94 2931.83
46.7415 -165.129 2550.1
99.1979 -192.082 2756.06
150.021 -631.555 2809.82
165.934 230.203 2694.56
5.53976 23.5798 2750
FRAME: 255
63.4722 454.866 2653.47
-246.297 -2.16183 2784.82
-131.717 -1029.05 2945.84
-244.644 -175.259 2440.92
-95.4979 -184.864 2791.47
-117.008 -625.787 2828.22
-150.058 239.929 2751.47
6.61352 234.733 2725.19
224.725 -20.7763 2750.12
175.972 -1041.94 2933.76
66.7162 -179.882 2575.52
97.629 -191.3 2759.02
149.746 -628.484 2810.41
163.285 229.537 2698.9
3.83955 23.3253 2750.22
FRAME: 256
62.4629 455.413 2653.96
-233.585 -11.574 2796.86
-133.919 -1033.12 2948.36
-201.925 -237.362 2563.54
-95.2989 -184.324 2790.34
-118.994 -625.784 2827.12
-152.488 235.631 2748.77
3.90255 231.476 2726
228.29 -9.0144 2773.44
174.623 -1040.51 2937.78
102.779 -204.523 2615.8
95.6352 -189.432 2762.51
149.71 -627.728 2814.24
160.293 227.32 2703.23
2.03535 22.2987 2751.21
FRAME: 257
59.2444 456.842 2659.79
-230.884 -12.3923 2803.13
-134.824 -1034.12 2950.31
-194.92 -267.493 2643.14
-96.1193 -180.562 2789.14
-120.23 -622.917 2827.71
-153.417 234.731 2746.47
2.34653 231.879 2730.32
226.031 -1.92793 2795.56
174.752 -1029.77 2936.01
126.494 -209.469 2636.38
95.7534 -184.086 2769.18
148.461 -613.252 2817.15
158.11 229.026 2714.17
1.08178 24.7774 2754.74
FRAME: 258
58.2004 457.073 2659.86
-228.035 -11.1428 2804.03
-135.586 -1034.8 2953.35
-195.936 -282.543 2668.8
-93.0891 -171.911 2787.55
-122.239 -611.831 2827.86
-156.321 231.609 2743.84
0.519064 230.61 2731.94
228.589 1.16309 2807.97
173.335 -1012.49 2936.33
140.447 -210.242 2660.08
96.279 -173.152 2773.08
146.058 -586.756 2812.52
157.359 229.611 2720.04
1.05701 29.0395 2756.13
FRAME: 259
57.4874 457.544 2662.11
-228.334 -10.2709 2803.42
-135.283 -1035.05 2952.56
-202.825 -275.742 2684.58
-93.5275 -172.867 2785.69
-119.835 -612.435 2824.71
-157.583 229.927 2740.27
-0.00474765 229.309 2731.5
219.035 -8.8869 2813.9
171.589 -1006.72 2933.3
145.25 -241.607 2653.84
95.8001 -173.636 2775.06
145.122 -580.124 2810.86
157.574 228.69 2722.74
0.56576 28.0286 2755.94
FRAME: 260
57.9957 457.705 2662.42
-225.784 -10.579 2806.55
-133.888 -1036.67 2957.58
-203.618 -280.617 2690.15
-94.6116 -170.932 2787.33
-118.007 -608.195 2824.48
-159.547 227.268 2739.1
-0.922941 226.848 2732.26
221.093 -10.3488 2825.96
172.637 -1003.73 2932.71
136.94 -218.203 2646.44
95.093 -171.446 2779.08
144.57 -576.985 2811.31
157.701 226.429 2725.41
-0.34111 27.8297 2757.73
FRAME: 261
57.4826 456.839 2663
-224.605 -12.6363 2808.73
-133.673 -1037.78 2956.54
-206.231 -283.397 2694.69
-95.7759 -175.3 2787.45
-118.906 -611.087 2824.25
-160.549 224.474 2737.77
-1.2073 224.393 2732.65
218.364 -18.3745 2831.14
173.197 -1001.56 2932.57
134.84 -216.136 2639.31
96.3617 -175.403 2781.27
145.888 -584.819 2812.88
158.135 224.312 2727.52
-0.457189 24.5207 2758.5
FRAME: 262
55.8333 457.74 2664.97
-217.171 -21.9077 2806.76
-134.564 -1037.65 2955.83
-192.322 -301.088 2685.27
-95.5678 -175.992 2789.18
-119.023 -615.219 2829.3
-161.284 223.232 2739.16
-1.6713 223.211 2733.26
217.01 -12.6575 2833.77
172.01 -999.761 2935.36
177.61 -225.124 2694.29
96.1271 -176.011 2782.1
145.763 -589.983 2816.14
157.941 223.19 2727.35
-0.695826 23.6047 2759.45
FRAME: 263
54.1004 458.19 2666.6
-217.141 -31.2531 2809.87
-135.487 -1038.25 2961.36
-189.463 -310.009 2689.74
-94.5525 -180.985 2791.78
-117.836 -622.132 2836.17
-161.974 221.445 2739.81
-2.27631 222.478 2735.4
216.255 -10.5004 2841.53
172.759 -1008.12 2938.79
212.227 -241.389 2741.34
98.2321 -179.716 2786.47
145.382 -599.117 2820.42
157.421 223.51 2730.98
-0.218269 21.0639 2762.26
FRAME: 264
52.2478 459.152 2668.07
-217.086 -30.5477 2811.14
-135.322 -1040.41 2960.42
-174.938 -306.452 2683.82
-93.1712 -183.199 2792.55
-116.964 -626.829 2839.17
-162.873 219.827 2740.26
-3.19777 221.957 2735.65
204.616 -5.6718 2846.57
58.9533 -951.669 2961.52
231.084 -256.536 2769.79
100.744 -180.611 2786.98
128.474 -618.972 2822.97
156.477 224.087 2731.04
0.294429 20.0263 2762.71
FRAME: 265
50.9776 459.494 2667.04
-217.737 -28.379 2810.88
-132.013 -1029.77 2980.46
-166.769 -304.421 2683.18
-92.9793 -186.898 2792.51
-113.059 -633.037 2849.61
-163.182 218.992 2739.71
-3.37347 221.8 2735.95
203.022 -6.5151 2851.71
-76.0352 -843.299 3057.27
236.625 -263.054 2759.76
103.199 -183.442 2787.91
117.128 -617.192 2830.67
156.435 224.608 2732.18
0.868154 18.315 2763.08
FRAME: 266
47.563 460.988 2667.08
-218.373 -28.8926 2809.3
-130.79 -1027.19 2981.99
-151.526 -286.001 2677.24
-93.9964 -188.703 2793.82
-112.151 -633.525 2854.07
-163.063 219.134 2739.28
-3.13924 221.612 2736.04
204.017 -7.20148 2849.42
-51.7068 -795.142 3037.24
235.59 -273.687 2763.01
102.782 -185.64 2789.86
115.201 -620.187 2837.42
156.784 224.09 2732.8
0.626843 17.2203 2763.94
FRAME: 267
46.3815 461.261 2668.3
-218.747 -28.9301 2809.02
-132.09 -1029.93 2977.71
-133.325 -281.694 2662.31
-94.3502 -188.708 2794.5
-113.234 -634.919 2854
-163.539 218.42 2739.32
-3.24135 221.425 2737.26
203.598 -8.9615 2849.21
-26.7023 -779.755 2978.07
247.272 -263.491 2766.57
104.723 -184.952 2791.98
117.935 -619.696 2835.96
157.056 224.429 2735.2
0.972594 17.2973 2765.25
FRAME: 268
44.2294 462.274 2669.63
-219.777 -28.0321 2809.16
-133.172 -1040.02 2979.34
-112.301 -266.02 2657.28
-93.1986 -190.073 2794.5
-113.111 -642.048 2856.22
-164.237 218.061 2738.58
-3.90392 221.891 2737.81
203.143 -8.62032 2847.88
-16.6311 -806.316 2993.7
244.513 -260.084 2772.35
105.555 -185.308 2793.54
116.383 -621.588 2839.1
156.43 225.721 2737.05
1.1371 17.1003 2765.92
FRAME: 269
42.6399 463.013 2668.55
-219.676 -27.9789 2808.73
-133.211 -1039.67 2979.49
-88.7509 -244.807 2649.99
-93.8578 -189.845 2793.42
-112.705 -636.912 2856.46
-164.302 218.485 2737.86
-3.94641 222.497 2738.25
201.491 -7.59185 2849.87
45.8767 -786.734 2949.37
253.971 -264.694 2795.43
106.249 -184.835 2793.94
117.824 -618.888 2839.59
156.409 226.508 2738.64
1.12469 17.5782 2765.96
FRAME: 270
42.0506 463.626 2669.56
-219.258 -28.6487 2807.77
-134.619 -1038.97 2977.84
-64.0648 -221.133 2636.18
-93.7068 -190.866 2794.22
-113.57 -637.083 2855.18
-164.412 219.319 2738.43
-4.29806 223.608 2738.97
199.646 -5.16509 2849.74
77.8509 -827.547 2955.58
260.218 -271.782 2804.26
106.828 -185.486 2794.93
127.415 -618.056 2845.39
155.816 227.898 2739.52
1.13127 17.7161 2766.77
FRAME: 271
41.0095 464.284 2670.97
-219.793 -29.648 2805.46
-135.139 -1043.15 2981.69
-37.7813 -197.006 2633.83
-93.6304 -192.699 2794.43
-114.123 -639.59 2856.62
-164.727 219.223 2737.64
-4.60704 224.073 2738.76
197.998 -3.12973 2850.14
109.219 -782.411 2950.33
263.452 -271.364 2818.17
108.706 -186.555 2795.89
131.028 -618.412 2847.6
155.513 228.923 2739.88
1.46545 17.2229 2766.96
FRAME: 272
40.9109 464.571 2672
-220.967 -31.3363 2801.98
-135.134 -1047.55 2981.8
-4.05405 -125.832 2600.65
-93.0997 -198.079 2797.2
-115.062 -645.033 2859.32
-164.095 218.217 2737.07
-4.34297 224.039 2739.28
197.215 -2.14082 2851.45
128.098 -764.528 2994.25
278.512 -288.918 2839.88
113.295 -190.534 2800.08
148.12 -635.398 2845.61
155.409 229.862 2741.49
2.87732 14.8665 2768.96
FRAME: 273
40.0252 464.982 2672.09
-220.963 -40.9827 2776.38
-134.153 -1049.52 2982.51
12.9114 -103.246 2589.69
-93.2508 -200.118 2797.87
-115.647 -646.909 2860.01
-164.242 217.388 2736.05
-4.40722 223.671 2738.97
194.881 -2.97525 2851.37
158.062 -749.847 2942.4
272.259 -286.54 2848.6
115.235 -191.894 2801.73
160.786 -637.176 2838.47
155.428 229.955 2741.9
3.29251 13.8328 2769.39
FRAME: 274
39.5461 465.181 2672.27
-221.802 -42.8322 2753.82
-133.428 -1048.45 2980.36
43.4845 -52.7114 2601.01
-92.9126 -199.542 2796.93
-115.813 -646.256 2859.59
-164.815 217.692 2735.4
-4.91554 223.86 2738.55
190.534 -0.590955 2851.49
149.061 -754.711 2958.12
264.258 -271.502 2846.57
113.052 -191.578 2801.02
163.496 -640.692 2841.4
154.984 230.028 2741.71
2.57714 14.1501 2768.76
FRAME: 275
36.852 465.696 2672.4
-211.547 -41.0889 2737.9
-133.472 -1049.61 2984.38
63.256 -15.27 2596.84
-92.596 -199.03 2796.79
-116.166 -645.831 2859.56
-165.102 217.498 2734.51
-5.36606 223.838 2738.14
189.25 0.261992 2852.03
164.144 -780.758 2952.53
267.082 -290.644 2854.82
112.336 -190.876 2801.48
163.928 -636.835 2842.99
154.37 230.178 2741.77
2.25204 14.4423 2768.64
FRAME: 276
36.6567 466.134 2672.38
-206.657 -41.2391 2725.51
-132.824 -1050.34 2985.47
67.8135 21.8164 2583.17
-92.0733 -200.52 2797.27
-116.493 -648.32 2861.17
-165.594 216.922 2733.61
-5.89318 223.82 2737.83
188.241 -0.17545 2852.43
182.898 -804.67 2943.44
263.786 -272.999 2849.02
113.259 -191.637 2802.72
166.912 -636.608 2842.91
153.807 230.718 2742.05
2.34988 13.8706 2768.91
FRAME: 277
35.7991 466.219 2674.85
-202 -41.7996 2712.69
-134.21 -1055.36 2985.46
58.9619 50.0081 2589.74
-90.8807 -202.518 2797.54
-116.696 -651.591 2862.05
-166.451 216.665 2733.04
-6.81822 224.313 2738.12
183.078 3.15609 2853.33
180.547 -804.405 2917.54
261.739 -282.209 2854.76
113.673 -192.711 2804.05
167.581 -643.657 2843.34
152.814 231.961 2743.2
2.28903 13.3495 2769.46

