FRAME: 0
0 0 0
0 0 0
0 0 0
0 0 0
0 0 0
0 0 0
0 0 0
0 0 0
0 0 0
0 0 0
0 0 0
0 0 0
0 0 0
0 0 0
0 0 0
FRAME: 1
0 0 0
0 0 0
0 0 0
0 0 0
0 0 0
0 0 0
0 0 0
0 0 0
0 0 0
0 0 0
0 0 0
0 0 0
0 0 0
0 0 0
0 0 0
FRAME: 2
0 0 0
0 0 0
0 0 0
0 0 0
0 0 0
0 0 0
0 0 0
0 0 0
0 0 0
0 0 0
0 0 0
0 0 0
0 0 0
0 0 0
0 0 0
FRAME: 3
0 0 0
0 0 0
0 0 0
0 0 0
0 0 0
0 0 0
0 0 0
0 0 0
0 0 0
0 0 0
0 0 0
0 0 0
0 0 0
0 0 0
0 0 0
FRAME: 4
0 0 0
0 0 0
0 0 0
0 0 0
0 0 0
0 0 0
0 0 0
0 0 0
0 0 0
0 0 0
0 0 0
0 0 0
0 0 0
0 0 0
0 0 0
FRAME: 5
0 0 0
0 0 0
0 0 0
0 0 0
0 0 0
0 0 0
0 0 0
0 0 0
0 0 0
0 0 0
0 0 0
0 0 0
0 0 0
0 0 0
0 0 0
FRAME: 6
0 0 0
0 0 0
0 0 0
0 0 0
0 0 0
0 0 0
0 0 0
0 0 0
0 0 0
0 0 0
0 0 0
0 0 0
0 0 0
0 0 0
0 0 0
FRAME: 7
0 0 0
0 0 0
0 0 0
0 0 0
0 0 0
0 0 0
0 0 0
0 0 0
0 0 0
0 0 0
0 0 0
0 0 0
0 0 0
0 0 0
0 0 0
FRAME: 8
0 0 0
0 0 0
0 0 0
0 0 0
0 0 0
0 0 0
0 0 0
0 0 0
0 0 0
0 0 0
0 0 0
0 0 0
0 0 0
0 0 0
0 0 0
FRAME: 9
0 0 0
0 0 0
0 0 0
0 0 0
0 0 0
0 0 0
0 0 0
0 0 0
0 0 0
0 0 0
0 0 0
0 0 0
0 0 0
0 0 0
0 0 0
FRAME: 10
0 0 0
0 0 0
0 0 0
0 0 0
0 0 0
0 0 0
0 0 0
0 0 0
0 0 0
0 0 0
0 0 0
0 0 0
0 0 0
0 0 0
0 0 0
FRAME: 11
0 0 0
0 0 0
0 0 0
0 0 0
0 0 0
0 0 0
0 0 0
0 0 0
0 0 0
0 0 0
0 0 0
0 0 0
0 0 0
0 0 0
0 0 0
FRAME: 12
0 0 0
0 0 0
0 0 0
0 0 0
0 0 0
0 0 0
0 0 0
0 0 0
0 0 0
0 0 0
0 0 0
0 0 0
0 0 0
0 0 0
0 0 0
FRAME: 13
0 0 0
0 0 0
0 0 0
0 0 0
0 0 0
0 0 0
0 0 0
0 0 0
0 0 0
0 0 0
0 0 0
0 0 0
0 0 0
0 0 0
0 0 0
FRAME: 14
0 0 0
0 0 0
0 0 0
0 0 0
0 0 0
0 0 0
0 0 0
0 0 0
0 0 0
0 0 0
0 0 0
0 0 0
0 0 0
0 0 0
0 0 0
FRAME: 15
0 0 0
0 0 0
0 0 0
0 0 0
0 0 0
0 0 0
0 0 0
0 0 0
0 0 0
0 0 0
0 0 0
0 0 0
0 0 0
0 0 0
0 0 0
FRAME: 16
0 0 0
0 0 0
0 0 0
0 0 0
0 0 0
0 0 0
0 0 0
0 0 0
0 0 0
0 0 0
0 0 0
0 0 0
0 0 0
0 0 0
0 0 0
FRAME: 17
0 0 0
0 0 0
0 0 0
0 0 0
0 0 0
0 0 0
0 0 0
0 0 0
0 0 0
0 0 0
0 0 0
0 0 0
0 0 0
0 0 0
0 0 0
FRAME: 18
0 0 0
0 0 0
0 0 0
0 0 0
0 0 0
0 0 0
0 0 0
0 0 0
0 0 0
0 0 0
0 0 0
0 0 0
0 0 0
0 0 0
0 0 0
FRAME: 19
0 0 0
0 0 0
0 0 0
0 0 0
0 0 0
0 0 0
0 0 0
0 0 0
0 0 0
0 0 0
0 0 0
0 0 0
0 0 0
0 0 0
0 0 0
FRAME: 20
0 0 0
0 0 0
0 0 0
0 0 0
0 0 0
0 0 0
0 0 0
0 0 0
0 0 0
0 0 0
0 0 0
0 0 0
0 0 0
0 0 0
0 0 0
FRAME: 21
0 0 0
0 0 0
0 0 0
0 0 0
0 0 0
0 0 0
0 0 0
0 0 0
0 0 0
0 0 0
0 0 0
0 0 0
0 0 0
0 0 0
0 0 0
FRAME: 22
0 0 0
0 0 0
0 0 0
0 0 0
0 0 0
0 0 0
0 0 0
0 0 0
0 0 0
0 0 0
0 0 0
0 0 0
0 0 0
0 0 0
0 0 0
FRAME: 23
0 0 0
0 0 0
0 0 0
0 0 0
0 0 0
0 0 0
0 0 0
0 0 0
0 0 0
0 0 0
0 0 0
0 0 0
0 0 0
0 0 0
0 0 0
FRAME: 24
0 0 0
0 0 0
0 0 0
0 0 0
0 0 0
0 0 0
0 0 0
0 0 0
0 0 0
0 0 0
0 0 0
0 0 0
0 0 0
0 0 0
0 0 0
FRAME: 25
0 0 0
0 0 0
0 0 0
0 0 0
0 0 0
0 0 0
0 0 0
0 0 0
0 0 0
0 0 0
0 0 0
0 0 0
0 0 0
0 0 0
0 0 0
FRAME: 26
0 0 0
0 0 0
0 0 0
0 0 0
0 0 0
0 0 0
0 0 0
0 0 0
0 0 0
0 0 0
0 0 0
0 0 0
0 0 0
0 0 0
0 0 0
FRAME: 27
0 0 0
0 0 0
0 0 0
0 0 0
0 0 0
0 0 0
0 0 0
0 0 0
0 0 0
0 0 0
0 0 0
0 0 0
0 0 0
0 0 0
0 0 0
FRAME: 28
0 0 0
0 0 0
0 0 0
0 0 0
0 0 0
0 0 0
0 0 0
0 0 0
0 0 0
0 0 0
0 0 0
0 0 0
0 0 0
0 0 0
0 0 0
FRAME: 29
0 0 0
0 0 0
0 0 0
0 0 0
0 0 0
0 0 0
0 0 0
0 0 0
0 0 0
0 0 0
0 0 0
0 0 0
0 0 0
0 0 0
0 0 0
FRAME: 30
0 0 0
0 0 0
0 0 0
0 0 0
0 0 0
0 0 0
0 0 0
0 0 0
0 0 0
0 0 0
0 0 0
0 0 0
0 0 0
0 0 0
0 0 0
FRAME: 31
0 0 0
0 0 0
0 0 0
0 0 0
0 0 0
0 0 0
0 0 0
0 0 0
0 0 0
0 0 0
0 0 0
0 0 0
0 0 0
0 0 0
0 0 0
FRAME: 32
0 0 0
0 0 0
0 0 0
0 0 0
0 0 0
0 0 0
0 0 0
0 0 0
0 0 0
0 0 0
0 0 0
0 0 0
0 0 0
0 0 0
0 0 0
FRAME: 33
0 0 0
0 0 0
0 0 0
0 0 0
0 0 0
0 0 0
0 0 0
0 0 0
0 0 0
0 0 0
0 0 0
0 0 0
0 0 0
0 0 0
0 0 0
FRAME: 34
0 0 0
0 0 0
0 0 0
0 0 0
0 0 0
0 0 0
0 0 0
0 0 0
0 0 0
0 0 0
0 0 0
0 0 0
0 0 0
0 0 0
0 0 0
FRAME: 35
0 0 0
0 0 0
0 0 0
0 0 0
0 0 0
0 0 0
0 0 0
0 0 0
0 0 0
0 0 0
0 0 0
0 0 0
0 0 0
0 0 0
0 0 0
FRAME: 36
0 0 0
0 0 0
0 0 0
0 0 0
0 0 0
0 0 0
0 0 0
0 0 0
0 0 0
0 0 0
0 0 0
0 0 0
0 0 0
0 0 0
0 0 0
FRAME: 37
0 0 0
0 0 0
0 0 0
0 0 0
0 0 0
0 0 0
0 0 0
0 0 0
0 0 0
0 0 0
0 0 0
0 0 0
0 0 0
0 0 0
0 0 0
FRAME: 38
0 0 0
0 0 0
0 0 0
0 0 0
0 0 0
0 0 0
0 0 0
0 0 0
0 0 0
0 0 0
0 0 0
0 0 0
0 0 0
0 0 0
0 0 0
FRAME: 39
0 0 0
0 0 0
0 0 0
0 0 0
0 0 0
0 0 0
0 0 0
0 0 0
0 0 0
0 0 0
0 0 0
0 0 0
0 0 0
0 0 0
0 0 0
FRAME: 40
0 0 0
0 0 0
0 0 0
0 0 0
0 0 0
0 0 0
0 0 0
0 0 0
0 0 0
0 0 0
0 0 0
0 0 0
0 0 0
0 0 0
0 0 0
FRAME: 41
0 0 0
0 0 0
0 0 0
0 0 0
0 0 0
0 0 0
0 0 0
0 0 0
0 0 0
0 0 0
0 0 0
0 0 0
0 0 0
0 0 0
0 0 0
FRAME: 42
0 0 0
0 0 0
0 0 0
0 0 0
0 0 0
0 0 0
0 0 0
0 0 0
0 0 0
0 0 0
0 0 0
0 0 0
0 0 0
0 0 0
0 0 0
FRAME: 43
0 0 0
0 0 0
0 0 0
0 0 0
0 0 0
0 0 0
0 0 0
0 0 0
0 0 0
0 0 0
0 0 0
0 0 0
0 0 0
0 0 0
0 0 0
FRAME: 44
0 0 0
0 0 0
0 0 0
0 0 0
0 0 0
0 0 0
0 0 0
0 0 0
0 0 0
0 0 0
0 0 0
0 0 0
0 0 0
0 0 0
0 0 0
FRAME: 45
0 0 0
0 0 0
0 0 0
0 0 0
0 0 0
0 0 0
0 0 0
0 0 0
0 0 0
0 0 0
0 0 0
0 0 0
0 0 0
0 0 0
0 0 0
FRAME: 46
0 0 0
0 0 0
0 0 0
0 0 0
0 0 0
0 0 0
0 0 0
0 0 0
0 0 0
0 0 0
0 0 0
0 0 0
0 0 0
0 0 0
0 0 0
FRAME: 47
0 0 0
0 0 0
0 0 0
0 0 0
0 0 0
0 0 0
0 0 0
0 0 0
0 0 0
0 0 0
0 0 0
0 0 0
0 0 0
0 0 0
0 0 0
FRAME: 48
0 0 0
0 0 0
0 0 0
0 0 0
0 0 0
0 0 0
0 0 0
0 0 0
0 0 0
0 0 0
0 0 0
0 0 0
0 0 0
0 0 0
0 0 0
FRAME: 49
0 0 0
0 0 0
0 0 0
0 0 0
0 0 0
0 0 0
0 0 0
0 0 0
0 0 0
0 0 0
0 0 0
0 0 0
0 0 0
0 0 0
0 0 0
FRAME: 50
0 0 0
0 0 0
0 0 0
0 0 0
0 0 0
0 0 0
0 0 0
0 0 0
0 0 0
0 0 0
0 0 0
0 0 0
0 0 0
0 0 0
0 0 0
FRAME: 51
0 0 0
0 0 0
0 0 0
0 0 0
0 0 0
0 0 0
0 0 0
0 0 0
0 0 0
0 0 0
0 0 0
0 0 0
0 0 0
0 0 0
0 0 0
FRAME: 52
0 0 0
0 0 0
0 0 0
0 0 0
0 0 0
0 0 0
0 0 0
0 0 0
0 0 0
0 0 0
0 0 0
0 0 0
0 0 0
0 0 0
0 0 0
FRAME: 53
0 0 0
0 0 0
0 0 0
0 0 0
0 0 0
0 0 0
0 0 0
0 0 0
0 0 0
0 0 0
0 0 0
0 0 0
0 0 0
0 0 0
0 0 0
FRAME: 54
0 0 0
0 0 0
0 0 0
0 0 0
0 0 0
0 0 0
0 0 0
0 0 0
0 0 0
0 0 0
0 0 0
0 0 0
0 0 0
0 0 0
0 0 0
FRAME: 55
0 0 0
0 0 0
0 0 0
0 0 0
0 0 0
0 0 0
0 0 0
0 0 0
0 0 0
0 0 0
0 0 0
0 0 0
0 0 0
0 0 0
0 0 0
FRAME: 56
0 0 0
0 0 0
0 0 0
0 0 0
0 0 0
0 0 0
0 0 0
0 0 0
0 0 0
0 0 0
0 0 0
0 0 0
0 0 0
0 0 0
0 0 0
FRAME: 57
0 0 0
0 0 0
0 0 0
0 0 0
0 0 0
0 0 0
0 0 0
0 0 0
0 0 0
0 0 0
0 0 0
0 0 0
0 0 0
0 0 0
0 0 0
FRAME: 58
0 0 0
0 0 0
0 0 0
0 0 0
0 0 0
0 0 0
0 0 0
0 0 0
0 0 0
0 0 0
0 0 0
0 0 0
0 0 0
0 0 0
0 0 0
FRAME: 59
0 0 0
0 0 0
0 0 0
0 0 0
0 0 0
0 0 0
0 0 0
0 0 0
0 0 0
0 0 0
0 0 0
0 0 0
0 0 0
0 0 0
0 0 0
FRAME: 60
0 0 0
0 0 0
0 0 0
0 0 0
0 0 0
0 0 0
0 0 0
0 0 0
0 0 0
0 0 0
0 0 0
0 0 0
0 0 0
0 0 0
0 0 0
FRAME: 61
0 0 0
0 0 0
0 0 0
0 0 0
0 0 0
0 0 0
0 0 0
0 0 0
0 0 0
0 0 0
0 0 0
0 0 0
0 0 0
0 0 0
0 0 0
FRAME: 62
0 0 0
0 0 0
0 0 0
0 0 0
0 0 0
0 0 0
0 0 0
0 0 0
0 0 0
0 0 0
0 0 0
0 0 0
0 0 0
0 0 0
0 0 0
FRAME: 63
0 0 0
0 0 0
0 0 0
0 0 0
0 0 0
0 0 0
0 0 0
0 0 0
0 0 0
0 0 0
0 0 0
0 0 0
0 0 0
0 0 0
0 0 0
FRAME: 64
98.0515 400.757 2668.77
-377.347 236.039 2764.66
-386.32 -977.745 2907.59
-361.081 497.803 2606.91
-161.248 -206.385 2777.78
-161.655 -644.566 2764.31
-191.893 237.599 2747.66
-52.624 234.608 2749.98
187.132 -18.127 2741.52
57.7458 -988.749 2940.51
296.692 -243.528 2459.83
36.2278 -210.513 2781.16
88.1045 -618.338 2798.49
86.6447 231.618 2752.31
-57.5672 13.0799 2764.73
FRAME: 65
98.7933 402.551 2668.74
-373.186 208.263 2802.65
-383.218 -985.052 2908.58
-375.571 479.767 2664.25
-152.286 -204.729 2791.35
-155.466 -640.429 2766.3
-187.21 233.353 2763.37
-41.0316 230.048 2758.22
176.14 -24.0024 2701.42
58.3993 -979.631 2937.7
197.999 -157.996 2387.69
52.7764 -209.385 2784
93.8364 -615.28 2796.15
105.146 226.743 2753.07
-45.3932 11.4954 2772.95
FRAME: 66
102.497 405.654 2663.37
-362.139 207.563 2842.13
-377.55 -980.047 2912.01
-378.914 483.73 2703.54
-149.901 -198.137 2796.26
-155.371 -635.926 2768.1
-168.541 252.625 2777.51
-20.0201 243.111 2766.44
157.943 -0.802102 2688.62
59.3925 -980.822 2936.26
74.7102 4.67765 2413.99
55.8325 -211.246 2780.87
95.1488 -617.082 2797.56
128.501 233.597 2755.38
-33.5271 19.2098 2777.51
FRAME: 67
103.198 408.445 2659.62
-355.41 199.295 2872.87
-370.828 -977.831 2920.38
-389.154 488.428 2756.7
-144.096 -188.799 2807.92
-155.331 -630.257 2774.48
-146.099 263.131 2796.57
-3.5957 249.625 2774.08
146.037 29.4645 2681.58
58.8322 -978.79 2933.3
0.988589 86.9513 2454.63
57.7556 -207.941 2776.16
94.6225 -612.189 2794.72
138.908 236.12 2751.58
-23.3829 25.6275 2783.06
FRAME: 68
93.6157 420.941 2644.07
-328.765 201.233 2892.6
-343.328 -972.775 2941.03
-335.815 438.654 2792.57
-131.665 -170.555 2817.95
-166.461 -604.688 2795.35
-118.726 271.831 2808.17
8.28801 257.421 2768.7
7.55246 159.903 2596.48
54.97 -979.469 2925.31
-70.0827 193.733 2459.08
61.0377 -192.387 2758.1
91.1052 -606.166 2787.89
135.302 243.011 2729.23
-13.5128 37.9749 2778.36
FRAME: 69
81.1672 433.148 2634.18
-295.109 210.787 2912.06
-315.548 -964.701 2954.68
-317.521 407.914 2777.25
-126.644 -163.154 2825.97
-178.392 -589.049 2816.22
-104.401 269.611 2815.77
16.4575 253.818 2765.48
-30.4265 182.034 2583.84
51.151 -983.686 2921.72
-264.053 418.279 2520.14
64.6738 -188.222 2746.51
86.5931 -607.039 2784.44
137.316 238.025 2715.18
-7.26389 39.0651 2775.86
FRAME: 70
70.8164 446.063 2630.83
-284.927 219.084 2924.64
-293.301 -963.022 2961.63
-318.921 401.663 2776.36
-111.799 -157.93 2835.94
-189.814 -582.057 2829.92
-100.559 275.439 2830.13
17.867 260.961 2765.52
-55.5984 212.152 2579.22
48.9082 -981.553 2919.79
-278.339 451.036 2604.91
65.5643 -179.688 2739.49
83.9817 -600.643 2781.12
136.293 246.482 2700.9
-2.62524 46.0759 2776.62
FRAME: 71
54.904 455.658 2631.3
-276.852 233.727 2930.61
-276.28 -961.799 2971.27
-310.46 405.819 2769.86
-103.295 -151.936 2840.4
-195.761 -573.545 2847.23
-93.3719 281.157 2831.62
20.9949 265.875 2760.16
-72.123 218.111 2580.31
51.2501 -978.898 2918.56
-278.641 456.413 2663.5
64.4492 -174.459 2735.79
79.6748 -598.778 2778.51
135.362 250.592 2688.69
0.785947 51.3387 2774.12
FRAME: 72
41.2586 462.993 2631.35
-245.877 227.756 2929.94
-260.866 -964.654 2986.28
-299.467 411.367 2750.16
-97.1022 -148.711 2844.75
-194.591 -572.152 2863.95
-93.4088 289.233 2831.47
16.7357 273.558 2750.08
-90.7125 221.008 2582.25
54.8803 -975.944 2916.71
-276.374 447.924 2724.61
60.679 -171.158 2728.25
74.5423 -593.985 2773.6
126.88 257.882 2668.69
-0.737947 56.8116 2768.29
FRAME: 73
27.0545 475.906 2635.24
-178.071 272.873 2912.54
-242.343 -970.106 2999.11
-313.424 414.631 2751.15
-91.3637 -146.216 2847.14
-189.917 -576.039 2877.54
-91.601 293.517 2834.88
14.624 277.74 2745.79
-87.6994 222.676 2573.82
56.5771 -974.827 2918.07
-268.63 412.565 2741.74
56.9627 -168.254 2722.91
71.8539 -592.743 2769.73
120.849 261.963 2656.69
-1.28828 60.2525 2765.41
FRAME: 74
19.905 475.303 2639.59
-195.943 290.138 2908.85
-232.431 -970.649 3002.81
-311.609 401.887 2756.31
-82.147 -153.382 2855.02
-184.183 -580.754 2883.27
-88.8581 288.401 2839.7
8.14821 273.328 2742.56
-79.2724 223.625 2561.05
56.7595 -978.463 2924.22
-262.009 384.232 2756.83
52.9993 -174.325 2719.99
67.3451 -595.764 2772.67
105.155 258.254 2645.41
-3.21281 54.7371 2765.03
FRAME: 75
5.95264 473.873 2645.37
-156.665 223.43 2927.36
-226.177 -971.225 3004.21
-196.447 228.596 2693.05
-66.4167 -164.906 2856.38
-180.716 -582.508 2883.57
-86.0368 282.372 2843.95
0.814506 269.363 2739.03
-83.1248 185.774 2567.62
57.3334 -983.147 2927.42
-280.687 324.996 2797.8
49.9186 -182.32 2716.3
63.7247 -598.37 2772.39
87.6659 256.353 2634.11
-3.71727 47.8747 2762.68
FRAME: 76
-7.9732 476.306 2652.62
-125.294 177.672 2944.86
-222.794 -973.836 3000.58
-199.923 205.588 2717.02
-56.8129 -173.285 2855.38
-178.835 -584.585 2878.24
-81.8699 277.813 2848.97
-4.26195 265.857 2736.74
-98.9299 149.894 2574.48
62.1332 -981.259 2930.74
-294.907 298.455 2811.97
43.8012 -188.807 2710.14
61.7239 -597.373 2775.46
73.346 253.902 2624.51
-5.38389 42.4055 2759.75
FRAME: 77
-20.04 476.328 2659.49
-134.647 173.541 2937.54
-222.734 -973.136 3000.79
-178.066 149.53 2690.15
-57.5876 -178.805 2859.03
-175.91 -588.589 2880.34
-78.8996 273.933 2851.46
-3.91708 261.563 2737.75
-91.8354 116.862 2590.37
67.5037 -986.697 2930.04
-296.896 257.966 2815.81
41.8714 -195.202 2708.89
61.8192 -602.818 2776.97
71.0654 249.193 2624.04
-5.88759 37.2798 2760.85
FRAME: 78
-26.4658 476.71 2663.9
-129.452 154.935 2945.04
-218.991 -970.385 3003.21
-206.761 88.3068 2661.44
-58.3182 -184.412 2858.48
-171.025 -591.273 2882.72
-72.408 266.882 2856.94
-1.47739 254.451 2740.33
-74.9692 78.8472 2601.77
69.7729 -989.047 2923.82
-285.266 199.811 2821
34.7959 -200.78 2705.47
54.7174 -605.85 2772.75
69.4532 242.02 2623.72
-6.61926 30.9272 2761.15
FRAME: 79
-33.3036 476.061 2669.02
-117.781 138.368 2951.6
-217.12 -967.942 3005.06
-217.194 83.9431 2688.78
-58.6558 -186.354 2859.88
-169.87 -588.425 2884.53
-73.9278 262.369 2857.26
-3.65061 250.209 2741.59
-55.6039 40.7389 2605.34
71.6374 -992.592 2921.56
-295.42 166.829 2810.23
34.6587 -202.509 2706.43
52.246 -610.417 2771.52
66.6266 238.048 2625.91
-7.82456 27.8886 2762.37
FRAME: 80
-38.7606 473.359 2675.43
-107.555 125.229 2957.44
-217.057 -966.797 3004.68
-254.731 43.3622 2730.33
-60.9966 -188.874 2861.15
-169.185 -588.193 2885.42
-72.2718 260.868 2859.02
-2.65543 248.34 2743.37
-47.3627 22.2954 2611.19
72.4606 -996.289 2920.81
-293.898 130.09 2790.23
31.5497 -205.529 2707.53
50.6804 -616.402 2771.88
66.9609 235.812 2627.72
-8.68946 25.5693 2763.85
FRAME: 81
-43.6168 466.392 2684.8
-96.7204 103.57 2973.19
-215.527 -966.524 3007.85
-259.445 11.5061 2803.19
-63.643 -186.748 2866.33
-166.174 -587.396 2887.54
-70.0451 254.168 2863.14
-2.3679 240.795 2746.51
-27.7961 -11.6721 2614.13
70.292 -997.374 2920.28
-287.191 95.5973 2771
27.8237 -204.809 2708.87
48.0104 -616.047 2770.87
65.3093 227.421 2629.87
-10.1388 22.5081 2767.05
FRAME: 82
-46.2989 466.256 2686.39
-104.364 87.2979 2972.87
-218.377 -966.372 3006.08
-263.398 3.71382 2822.54
-70.7955 -188.993 2871.2
-170.482 -586.177 2885.88
-76.6851 245.907 2867.42
-4.98726 232.668 2751.34
-15.8416 -18.9764 2624.25
68.8929 -996.832 2922.19
-282.731 68.9512 2739.46
27.4059 -207.253 2711.9
47.8733 -617.526 2773.11
66.7106 219.428 2635.26
-13.341 17.2723 2771.44
FRAME: 83
-53.3078 461.423 2692.12
-103.377 72.5974 2977.78
-219.158 -969.232 3008.41
-336.658 84.2302 2791.08
-89.3337 -196.668 2880.93
-178.033 -595.072 2888.39
-83.2662 238.994 2870.61
-5.35913 223.596 2758.83
5.57976 -10.2715 2632.84
68.5198 -996.886 2923.31
-254.718 50.0055 2696.58
22.2107 -219.002 2719.95
47.0758 -621.644 2777.78
72.548 208.197 2647.05
-19.4603 7.88033 2779.63
FRAME: 84
-57.2767 462.947 2691.15
-121.916 60.2317 2966.52
-233.75 -980.425 2997.21
-278.526 4.47057 2775.06
-114.137 -200.153 2874.75
-194.476 -605.604 2877.53
-163.383 231.352 2864.83
-51.2405 225.561 2762.45
28.5796 -1.80252 2639.5
81.3095 -985.307 2933.95
-236.054 -11.6643 2645.75
33.3329 -209.017 2736.36
58.8827 -610.318 2788.13
60.9018 219.77 2660.06
-45.8212 10.4879 2784
FRAME: 85
-65.4554 470.475 2686.27
-191.754 27.4513 2940.19
-236.92 -989.845 2995.9
-340.332 62.6662 2683.62
-125.994 -194.844 2870.86
-202.114 -615.686 2874.75
-171.813 237.156 2861.86
-53.6467 232.527 2766.88
86.1274 2.45882 2654.39
80.8513 -975.84 2935.58
-213.592 -47.4962 2617.21
32.7706 -202.321 2739.51
60.5852 -601.262 2789.12
64.5192 227.898 2671.9
-50.1293 16.9725 2786.03
FRAME: 86
-73.3543 479.877 2684.24
-204.479 19.3676 2910.81
-246.321 -1000.67 2987.91
-361.434 104.881 2637.97
-145.809 -191.432 2851.57
-216.106 -623.734 2865.37
-217.763 240.975 2839.36
-80.1711 242.648 2762.72
110.961 12.9774 2676.03
88.5782 -966.546 2942.85
-195.532 -87.0032 2570.1
37.657 -189.236 2749.27
68.569 -591.115 2797.97
57.4208 244.32 2686.09
-67.1235 26.1569 2781.57
FRAME: 87
-73.6629 479.123 2684.69
-241.411 37.5151 2853.6
-247.89 -996.5 2985.83
-399.254 206.517 2514.43
-155.228 -182.426 2841.46
-223.65 -616.594 2859.85
-225.555 245.423 2827.91
-84.0862 246.543 2763.4
132.457 28.7842 2689.69
89.2513 -970.688 2944.28
-158.449 -97.2585 2573.11
26.8767 -180.997 2758.37
67.8346 -593.043 2803.43
57.3828 247.663 2698.89
-74.1309 32.416 2781.66
FRAME: 88
-77.8974 487.714 2678
-256.609 64.6173 2812.44
-251.686 -993.688 2978.58
-308.095 108.716 2433.54
-165.202 -173.763 2831.38
-228.288 -610.677 2850.19
-228.785 256.929 2801.7
-84.8128 255.509 2754.02
134.252 38.4334 2698.04
90.7343 -972.156 2949.41
-128.57 -114.345 2512.22
18.1492 -175.545 2770.54
68.4536 -592.139 2810.25
59.1599 254.09 2706.33
-79.1696 40.4279 2777.49
FRAME: 89
-85.7993 485.653 2664.07
-273.489 59.5177 2777.46
-256.492 -993.983 2981.95
-231.103 46.8149 2454.09
-167.586 -172.802 2827.44
-230.336 -610.61 2844.17
-230.876 258.089 2786.18
-86.7948 256.197 2748.4
97.685 22.5634 2693.66
82.1817 -963.743 2965.33
-97.202 -139.637 2484.69
11.6922 -175.19 2780.29
59.1155 -587.646 2827.77
57.286 254.305 2710.61
-82.371 41.1007 2776.13
FRAME: 90
-86.0936 486.821 2665.78
-283.944 64.2081 2725.87
-259.481 -995.224 2974.6
-204.438 8.72948 2481.58
-172.303 -170.987 2826.93
-234.29 -605.31 2835.78
-233.25 254.965 2775.65
-89.5389 252.876 2745
78.8484 12.7843 2690.41
64.5443 -958.469 2963.19
-85.3683 -156.155 2484.03
7.58996 -173.628 2788.57
48.7959 -579.058 2832.76
54.1722 250.786 2714.35
-85.9477 40.2841 2776.37
FRAME: 91
-87.0901 486.24 2665.51
-265.654 74.8937 2703.76
-266.029 -979.098 2963.9
-205.979 -17.9408 2522.22
-174.986 -173.759 2828.39
-242.15 -591.7 2825.21
-228.805 251.451 2769.43
-90.8699 248.588 2745
59.744 -2.67733 2684.07
55.2638 -958.735 2961.8
-76.6853 -171.53 2477.22
-0.238986 -177.365 2797.6
47.9538 -576.069 2832.92
47.0653 245.726 2720.58
-89.2412 36.513 2779
FRAME: 92
-87.3722 484.169 2664.91
-267.079 63.5127 2708.76
-268.574 -972.387 2963.03
-213.849 -37.2529 2515.8
-183.475 -180.68 2829.61
-243.552 -587.063 2823.81
-230.626 236.343 2760.93
-96.291 233.313 2747.56
58.9705 -9.16172 2694.37
57.1268 -967.487 2959.35
-58.0384 -199.884 2501.23
-13.2652 -184.669 2812.97
43.928 -584.561 2832.18
38.0439 230.283 2734.18
-97.3305 25.3192 2784.42
FRAME: 93
-85.7363 469.576 2670.48
-270.397 56.428 2721.95
-273.11 -978.607 2961.36
-241.23 -60.5051 2551.6
-181.741 -197.863 2833.37
-245.889 -596.353 2823.83
-230.361 203.394 2773.98
-101.186 201.266 2757.39
47.4342 -26.5906 2712.64
60.1143 -962.904 2959.7
-42.6125 -191.224 2505.95
-20.0575 -201.052 2812.65
45.1083 -581.258 2833.72
27.9891 199.139 2740.8
-101.043 0.904448 2790.2
FRAME: 94
-84.616 463.08 2667.47
-274.687 31.3638 2716.42
-276.214 -973.561 2959.56
-201.731 -100.671 2558.47
-188.877 -206.101 2832.12
-248.291 -597.527 2819.71
-232.681 195.656 2766.76
-103.507 192.753 2756.34
41.3801 -26.0046 2733.4
55.3296 -973.19 2963.47
-22.3452 -205.382 2540.32
-25.3976 -210.065 2818.75
41.322 -591.069 2836.26
25.6672 189.849 2745.92
-105.322 -7.6651 2790.89
FRAME: 95
-81.7489 449.033 2670.16
-279.674 24.8323 2703.87
-281.186 -972.011 2952.82
-179.144 -97.3999 2540.95
-199.471 -203.865 2831.21
-252.027 -600.186 2810.84
-230.072 198.436 2763.4
-99.3344 192.072 2759.81
1.6276 -55.191 2773.22
58.691 -978.857 2963.44
-12.5951 -204.068 2547.63
-34.3473 -212.091 2826.76
40.2653 -595.735 2838.48
31.4034 185.707 2756.23
-108.122 -7.95318 2794.4
FRAME: 96
-82.5795 443.116 2674.2
-278.243 -2.96846 2698.34
-279.935 -969.757 2958.35
-171.802 -108.403 2496.61
-210.021 -209.864 2827.19
-256.573 -604.637 2810.34
-230.628 192.639 2762.56
-101.325 184.871 2760.95
11.5522 -49.8244 2773.91
56.8503 -981.39 2961.06
7.05673 -199.372 2549.98
-39.1164 -219.974 2824.97
37.996 -601.442 2836.45
27.9788 177.103 2759.34
-112.947 -15.024 2793.51
FRAME: 97
-74.9802 437.105 2681.6
-279.181 -42.1608 2693.12
-285.705 -982.809 2958.74
-147.189 -117.544 2436.96
-214.989 -222.446 2827.26
-263.543 -622.705 2808.52
-227.028 161.483 2765.14
-94.7768 150.282 2764.87
31.7088 -36.641 2759.06
61.1633 -971.738 2959.72
29.2786 -175.064 2523.33
-35.5465 -236.594 2827.27
41.2287 -594.777 2835.1
37.4748 139.082 2764.59
-110.022 -39.6189 2796.07
FRAME: 98
-71.6728 431.883 2685.68
-262.256 -76.0926 2650.66
-287.236 -987.501 2951.82
-104.692 -104.577 2422.78
-214.078 -225.171 2818.78
-263.46 -631.663 2802.9
-243.301 159.329 2748.5
-110.856 156.233 2759.4
71.686 -25.3614 2763.5
59.882 -970.073 2964.88
50.5586 -173.351 2533.31
-35.7679 -229.15 2833.26
39.3151 -599.91 2836.75
21.5894 153.137 2770.29
-117.889 -35.4638 2792.71
FRAME: 99
-62.9849 428.301 2684.67
-262.992 -74.1516 2630.29
-287.382 -987.29 2946.26
-86.4449 -55.2694 2413.56
-211.764 -227.279 2811.27
-263.72 -633.513 2797.68
-248.063 159.869 2738.72
-114.074 159.976 2758.55
83.3357 -22.0883 2743.5
59.5759 -970.953 2967.04
79.2176 -128.718 2491.49
-34.6745 -227.096 2837.45
38.7574 -608.566 2833.28
19.9156 160.083 2778.39
-118.646 -33.6058 2791.46
FRAME: 100
-46.7742 424.037 2678.45
-259.672 -55.23 2607.78
-287.627 -988.321 2943.06
-37.2474 27.5864 2327.65
-210.618 -228.453 2801.25
-262.167 -634.536 2795.38
-250.98 174.083 2720.98
-115.216 176.995 2750.99
132.31 4.54451 2766.05
59.5933 -972.283 2964.87
96.3476 -97.1355 2505.02
-33.036 -224.591 2840.38
41.1378 -614.031 2827.58
20.5481 179.907 2781
-118.522 -24.7635 2785.91
FRAME: 101
-32.9522 418.527 2676.1
-247.83 -18.7821 2576.83
-284.044 -981.024 2939.95
16.3558 94.3573 2282.2
-205.621 -219.337 2785.19
-250.571 -631.282 2776.55
-225.989 187.271 2696.83
-95.466 186.166 2743.6
159.886 59.1924 2772.23
57.9785 -979.907 2967.13
310.926 95.8445 2518.02
-42.2557 -220.525 2843.65
41.4001 -617.088 2831.82
35.0567 185.061 2790.38
-109.702 -16.8824 2779.01
FRAME: 102
-26.6399 416.71 2683.79
-243.225 -5.8651 2568.25
-283.297 -983.639 2935.59
23.5474 130.587 2274.04
-194.276 -213.445 2775.81
-240.159 -626.312 2756.82
-213.27 196.913 2684.1
-79.1439 193.999 2745.11
218.92 106.879 2782.21
57.4436 -977.442 2966.39
388.717 227.761 2555.34
-40.8593 -216.729 2845.43
41.8821 -614.689 2831
54.982 191.085 2806.12
-98.3557 -10.5443 2777.87
FRAME: 103
-4.88121 423.37 2687.21
-231.963 6.85303 2552.37
-289.233 -990.274 2930.44
66.4036 182.305 2241.36
-186.829 -209.372 2770.51
-222.449 -632.215 2750.82
-201.851 216.015 2667.02
-68.9192 213.897 2728.63
206.481 256.596 2843.15
58.6262 -970.723 2962.93
395.671 416.822 2661.56
-35.0875 -211.79 2840.87
46.4622 -608.345 2828.75
64.0121 211.778 2790.24
-89.9387 1.65778 2767.16
FRAME: 104
13.5234 430.065 2695.61
-195.296 30.8636 2504.2
-294.276 -989.071 2926.9
83.2749 214.168 2241.81
-176.258 -209.761 2762.93
-206.995 -637.297 2742.87
-180.089 223.574 2648.62
-57.048 223.473 2713.38
191.174 285.185 2871.69
57.9544 -968.822 2962.51
382.782 491.437 2718.62
-30.0011 -209.853 2839.91
47.0175 -605.221 2830.83
65.993 223.372 2778.14
-80.0887 6.83309 2757.4
FRAME: 105
18.1473 434.773 2701.91
-143.198 60.8742 2456.34
-305.816 -977.257 2918.62
86.3063 225.227 2246.13
-171.952 -211.054 2755.97
-194.03 -643.829 2730.24
-170.505 226.56 2642.18
-55.7178 227.867 2705.1
181.417 298.186 2895.25
56.7258 -971.174 2965.11
359.206 543.644 2790.12
-27.5358 -209.427 2835.01
46.2183 -604.99 2835.91
59.0696 229.174 2768.02
-77.7309 8.81315 2750.3
FRAME: 106
31.5631 442.654 2706.43
-117.05 70.8174 2434.09
-323.171 -958.929 2915.56
95.4651 230.735 2236.18
-157.442 -217.354 2739.64
-173.829 -630.824 2728.49
-151.722 223.029 2630.17
-50.1292 227.367 2703.66
172.72 311.725 2898.24
56.6164 -977.754 2963.11
309.57 642.631 2907.65
-24.1143 -211.595 2835.66
48.0148 -603.79 2836.83
51.464 231.706 2777.15
-70.4536 6.44645 2745.65
FRAME: 107
50.4694 452.212 2702.85
-91.3693 81.9597 2428.54
-337.12 -958.56 2903.15
137.636 267.893 2225.46
-139.46 -213.954 2728.88
-154.509 -625.578 2728.12
-134.221 225.909 2630.36
-46.1618 232.393 2708.21
160.864 303.06 2854.52
56.6753 -970.172 2962.89
190.888 515.754 2828.86
-16.928 -204.985 2836.85
48.7507 -593.391 2840.48
41.8973 238.877 2786.05
-62.1779 11.4617 2745.54
FRAME: 108
59.7886 454.425 2700.13
-84.1141 85.2393 2432.6
-349.857 -958.677 2895.19
128.482 263.036 2221.85
-127.044 -218.358 2726.8
-145.114 -629.187 2730.43
-124.234 220.912 2636.31
-42.8319 227.504 2714.84
153.829 300.789 2848.88
55.5202 -963.965 2963.4
137.943 433.474 2771.75
-13.6788 -209.199 2836.02
48.3457 -591.091 2846.78
38.5702 234.097 2793.37
-56.5967 6.86291 2748.12
FRAME: 109
69.7051 456.171 2694.59
-72.1894 83.3084 2428.35
-358.842 -966.423 2888.74
132.917 250.909 2231.66
-114.997 -222.268 2724.85
-139.474 -637.234 2732.17
-116.216 215.122 2635.46
-39.8216 223.331 2716.69
151.291 302.729 2828.11
54.7802 -959.108 2965.04
146.853 423.789 2668.49
-7.86551 -210.713 2838.84
49.4907 -588.102 2852.34
36.5725 231.539 2797.92
-50.6265 3.41991 2749.27
FRAME: 110
76.1807 457.076 2691.94
-58.4996 80.1789 2423.92
-363.113 -969.187 2883.34
139.854 239.723 2236.78
-105.94 -222.112 2722.02
-134.537 -639.628 2734.9
-111.594 210.248 2633.11
-38.5511 218.719 2719.23
141.276 295.753 2823.3
53.5737 -959.277 2965.45
128.71 369.578 2618.04
-9.84811 -210.938 2835.41
49.7974 -586.786 2855.37
34.4915 227.189 2805.35
-48.2226 1.09688 2748.97
FRAME: 111
81.9523 456.645 2690.71
-44.418 81.4526 2418.84
-366.289 -972.53 2879.08
155.747 244.512 2236.28
-99.2497 -220.758 2720.12
-129.391 -643.97 2737.66
-102.59 207.615 2630.49
-34.1771 215.787 2720.38
129.316 278.505 2834.45
52.4234 -958.344 2967.56
79.0468 302.595 2726.9
-12.7451 -210.413 2833.66
50.4259 -586.675 2857.69
34.2362 223.96 2810.27
-45.0873 0.100884 2748.64
FRAME: 112
89.0211 454.603 2690.27
-37.1009 80.6398 2414.81
-370.408 -973.521 2872.25
172.883 254.18 2227.41
-94.0818 -221.774 2717.77
-122.236 -649.677 2741.36
-93.4501 204.464 2627.91
-30.2901 212.812 2720.78
126.488 271.245 2831.57
51.508 -956.753 2968.57
86.436 308.938 2724.24
-14.2482 -211.264 2834.95
57.5641 -590.697 2864.27
32.87 221.16 2813.66
-42.2275 -1.85345 2748.57
FRAME: 113
97.524 452.29 2689.97
-19.5882 78.8727 2406.56
-373.496 -965.993 2867.34
185.286 237.144 2242.39
-70.207 -222.895 2709.77
-112.935 -647.303 2746.13
-72.0128 201.088 2625.02
-21.7394 209.046 2723.37
116.28 263.377 2820.43
53.0798 -967.689 2966.17
87.402 289.641 2756.89
-9.97788 -213.303 2827.15
66.6576 -603.835 2864.65
28.534 217.004 2821.72
-30.9159 -4.52648 2745.91
FRAME: 114
108.846 445.043 2690.49
-10.6885 73.4019 2402.08
-376.171 -961.452 2863.02
239.401 281.174 2279.89
-59.2367 -228.639 2709.98
-103.54 -652.499 2749.62
-59.8815 195.916 2620.69
-15.3358 204.741 2723.29
71.0544 183.6 2919.24
52.1439 -972.477 2964.74
109.335 286.721 2761.24
-7.28961 -218.356 2828.1
71.6517 -609.544 2865.17
29.2099 213.565 2825.89
-24.2995 -9.37841 2746.16
FRAME: 115
112.599 438.091 2695.88
1.14053 67.3844 2404.65
-378.147 -960.509 2860.82
217.3 250.872 2228.45
-40.0888 -247.112 2713.47
-90.1331 -661.595 2750.42
-49.7417 188.267 2619.98
-12.2141 198.607 2727.77
66.2326 183.653 2939.49
52.3109 -976.493 2964.84
105.765 270.54 2772.88
1.46614 -235.706 2831.94
74.9166 -615.647 2865.79
25.3134 208.947 2835.57
-15.7627 -21.401 2750.24
FRAME: 116
122.78 433.728 2698.8
2.78585 70.3341 2403.78
-375.564 -958.454 2857.21
231.504 259.473 2230.16
-31.2121 -261.486 2718.19
-77.756 -672.17 2750.02
-40.8362 181.333 2616.21
-3.89964 193.922 2724.31
83.073 183.476 2925.47
52.0916 -975.584 2966.52
132.11 258.857 2792.47
11.1696 -247.158 2840.03
88.4518 -625.404 2870.58
33.0369 206.51 2832.4
-6.96043 -30.2003 2751.71
FRAME: 117
128.341 428.027 2703.81
10.1578 77.7932 2405.52
-372.84 -960.064 2857.27
232.305 271.715 2223.35
-30.0309 -263.705 2720.85
-74.2906 -671.989 2750.54
-34.6991 178.253 2618.3
4.45502 190.313 2724.63
103.253 155.32 2884.03
53.9615 -976.848 2967.4
134.229 178.831 2810.34
14.1799 -249.965 2841.11
97.9676 -631.455 2868.11
43.6091 202.373 2830.97
-1.73523 -33.2611 2752.81
FRAME: 118
137.15 419.026 2713.3
19.7966 78.7841 2407.32
-372.528 -957.88 2857.12
246.887 272.789 2233.57
-24.2445 -265.145 2719.45
-70.9435 -673.341 2750.54
-27.0226 169.102 2618.23
9.189 181.512 2726.25
118.558 168.148 2883.18
54.3081 -978.879 2967.56
132.789 186.772 2785.97
17.3383 -250.959 2843.23
104.481 -636.291 2867.88
45.4006 193.922 2834.28
2.86795 -38.2701 2753.8
FRAME: 119
146.172 414.324 2718.73
25.2218 80.4405 2407.83
-371.077 -954.885 2856.22
241.811 263.837 2229.44
-22.0062 -264.61 2720.44
-64.1448 -674.855 2749.81
-22.2764 162.698 2616.69
13.7609 175.388 2725.69
124.062 144.176 2918.9
55.1392 -980.938 2968.75
160.912 173.419 2806.35
18.6888 -250.405 2842.71
113.698 -637.499 2868.35
49.7982 188.078 2834.69
6.05111 -41.0599 2753.63
FRAME: 120
157.223 412.876 2722.03
29.6686 79.799 2402.95
-370.154 -953.626 2855.56
227.698 267.196 2228.25
-22.5295 -258.73 2721.52
-58.9343 -676.918 2749.57
-23.1532 160.068 2615.59
16.7955 173.279 2725.67
131.718 113.72 2941.09
55.2277 -981.944 2972.35
166.831 117.971 2824.71
22.3066 -243.99 2844.51
122.907 -639.853 2872.68
56.7442 186.491 2835.75
8.34204 -39.0406 2754.34
FRAME: 121
172.402 411.428 2726.16
28.2741 82.87 2403.61
-369.808 -950.994 2856.09
226.14 267.089 2229.26
-20.4309 -261.902 2722.65
-54.2973 -675.627 2751.32
-23.2008 157.352 2621.95
18.8335 169.397 2730.03
198.815 165.559 2890.77
57.3339 -984.589 2973.11
178.762 134.609 2810.88
27.2479 -248.243 2843.86
129.633 -640.729 2871.23
60.8677 181.441 2838.1
11.121 -42.8377 2756.64
FRAME: 122
182.531 408.655 2726.54
20.8641 84.9443 2405.9
-371.137 -956.845 2852.04
217.439 269.258 2234.22
-19.0157 -267.485 2722.5
-51.9743 -679.808 2748.33
-25.7544 152.345 2623.72
20.1606 163.813 2732.46
272.72 278.719 2744.93
56.6814 -980.145 2976.12
145.782 180.922 2698.19
32.7402 -254.533 2844.08
133.895 -638.932 2873.31
66.0757 175.28 2841.19
13.5114 -48.5982 2757.87
FRAME: 123
188.105 401.179 2723.99
10.5756 86.6987 2409.89
-374.287 -959.918 2848.68
208.43 239.897 2271.79
-21.8881 -277.054 2722.27
-53.6475 -690.126 2748.14
-26.9001 152.6 2625.91
22.8598 163.579 2732.02
280.764 310.021 2731.6
58.1751 -982.264 2979.45
159.92 211.352 2624.72
36.9058 -264.105 2847.29
136.046 -645.935 2879.1
72.6198 174.558 2838.13
15.1843 -53.5004 2758.4
FRAME: 124
182.103 395.561 2727.73
6.10267 97.8231 2403.78
-377.63 -953.961 2848.09
195.245 258.359 2260.96
-21.0502 -282.378 2720.55
-55.3735 -689.717 2747.73
-23.9524 155.711 2626.43
26.2152 166.325 2731.95
262.152 287.479 2747.82
58.5487 -989.414 2979.84
186.747 243.224 2577.7
40.6847 -269.27 2849.43
144.463 -658.359 2872.66
76.3828 176.939 2837.48
18.0162 -54.7496 2758.47
FRAME: 125
166.755 385.661 2735.02
-0.60823 104.306 2412.48
-387.13 -960.451 2849.81
179.785 238.066 2281.77
-24.6138 -285.477 2720.3
-62.4106 -699.043 2749.73
-27.2118 161.589 2648.4
24.6007 168.688 2742.3
238.444 267.212 2735.98
63.3205 -987.669 2976.86
185.012 242.942 2580.25
46.3284 -275.821 2847.77
150.179 -666.134 2871.8
76.4132 175.788 2836.19
17.729 -55.9801 2763.17
FRAME: 126
134.483 391.969 2742.43
-25.7415 138.677 2415.1
-396.652 -960.779 2854.32
123.119 355.077 2209.45
-34.5737 -281.199 2724.04
-79.6181 -700.096 2753.76
-43.4708 169.155 2658.92
15.7774 175.45 2742.2
227.301 279.683 2730.97
71.4313 -991.006 2971.24
178.267 258.718 2570.92
48.7853 -272.532 2840.48
158.101 -668.574 2866.33
75.0256 181.746 2825.47
11.4416 -50.7076 2762.23
FRAME: 127
138.926 395.303 2717.26
-63.1423 152.569 2411.14
-402.821 -965.698 2859.75
87.1325 365.5 2205.75
-48.3096 -278.335 2729.16
-92.2662 -702.354 2756.5
-62.8342 180.303 2646.83
9.88667 188.238 2725
221.727 287.226 2725.77
78.1919 -991.305 2965.34
182.277 271.014 2576.73
52.4503 -268.098 2833.38
164.701 -667.371 2857.43
82.6075 196.173 2803.17
5.97852 -42.4893 2753.14
FRAME: 128
162.4 397.435 2708.54
-97.5719 181.472 2424.25
-411.444 -962.46 2869.48
40.8824 372.06 2225.32
-58.0523 -265.83 2734.9
-115.042 -696.813 2759.32
-60.8758 193.32 2642.21
22.56 199.244 2707.08
238.273 314.498 2689.22
87.7713 -999.264 2956.58
158.945 273.995 2597.68
56.7249 -258.432 2821.64
169.179 -664.541 2846.01
105.996 205.168 2771.95
10.9482 -31.4436 2742.68
FRAME: 129
175.696 392.242 2701.24
-143.589 225.484 2440.46
-415.097 -967.607 2875.82
-18.3644 406.343 2230.77
-75.6602 -252.549 2737.99
-134.678 -691.497 2752.79
-74.2316 206.564 2652.09
18.7967 209.09 2709.67
253.929 352.337 2647.36
89.6335 -996.316 2952.26
138.36 279.377 2608.7
53.3164 -249.696 2816.22
170.438 -655.538 2836.78
111.825 211.615 2767.26
3.8124 -21.0164 2743.39
FRAME: 130
184.523 392.146 2686.84
-183.187 236.998 2485.09
-416.345 -968.125 2880.7
-60.2556 383.13 2292.51
-88.281 -240.171 2742.94
-140.065 -679.482 2746
-84.7273 220.082 2659.53
18.2528 219.243 2705
259.192 371.449 2631.88
91.183 -996.591 2947.82
128.93 310.086 2614.64
54.2736 -241.616 2805.41
169.588 -649.441 2826.37
121.233 218.405 2750.47
0.624556 -10.8252 2739.59
FRAME: 131
197.475 402.346 2669.13
-243.716 244.426 2553.47
-408.197 -976.493 2884.37
-178.202 445.737 2348.44
-97.024 -219.585 2750.04
-142.45 -661.367 2748.88
-95.0764 237.742 2682.4
18.6697 232.602 2717.39
193.678 94.0748 2867.23
87.8809 -988.029 2948.61
184.595 295.024 2641.47
57.2728 -226.639 2797.51
159.916 -634.786 2823
132.416 227.463 2752.38
-0.60295 4.74519 2745.58
FRAME: 132
193.755 408.083 2655.73
-296.587 247.989 2691.83
-382.385 -981.312 2895.34
-270.796 469.76 2447.55
-104.095 -203.526 2754.73
-150.517 -643.493 2752.34
-105.634 251.746 2697.12
20.93 244.004 2727.32
218.208 18.1297 2849.98
86.9062 -981.391 2947.34
443.996 -223.25 2842.1
67.7316 -213.997 2795.84
138.643 -626.032 2819.42
147.494 236.262 2757.52
1.37411 17.6213 2751.3
FRAME: 133
186.259 411.18 2648.13
-315.989 247.922 2731.83
-365.839 -984.799 2904.85
-313.841 475.405 2507.17
-117.746 -193.263 2759.8
-156.81 -637.247 2755.24
-122.755 259.678 2714.74
17.9723 248.466 2738.33
228.036 21.716 2834.61
81.8994 -973.742 2945
449.79 -248.803 2644.57
70.114 -208.173 2791.37
129.859 -621.617 2817.18
158.699 237.254 2761.93
-2.92182 23.874 2756.96
FRAME: 134
179.933 421.113 2639.73
-317.287 240.896 2770.67
-350.191 -980.648 2909.51
-341.182 491.446 2547.97
-121.773 -185.61 2760.75
-163.389 -623.515 2756.17
-126.796 264.001 2735.98
15.94 252.505 2750.44
228.901 19.2024 2792.66
81.3267 -971.822 2940.48
357.688 -167.739 2491.13
77.7736 -201.759 2781.03
118.267 -620.806 2813.55
158.676 241.009 2764.9
-3.02993 29.41 2760.66
FRAME: 135
169.457 425.646 2624
-321.399 252.536 2807.52
-334.587 -968.786 2911.52
-348.746 506.341 2621.76
-122.409 -171.866 2758.18
-164.577 -607.573 2753.5
-127.583 272.408 2743.71
16.6244 259.758 2748.8
230.327 20.816 2776.06
70.0536 -974.802 2935.72
211.04 -70.9534 2507.53
77.4247 -189.414 2765.27
102.837 -618.213 2807.86
160.832 247.108 2753.88
-2.93373 39.5591 2755.26
FRAME: 136
166.283 427.894 2620.17
-311.738 264.622 2841.72
-324.377 -963.283 2916.26
-358.758 536.198 2672.77
-122.871 -159.482 2764.7
-169.678 -596.348 2759.18
-125.748 290.384 2755.15
16.4816 277.046 2747.8
197.172 59.2271 2692.28
65.8301 -973.6 2930.81
133.323 15.4712 2338.1
74.1741 -177.995 2754.76
91.4663 -601.24 2798.42
158.711 263.707 2740.46
-3.93335 54.1535 2753.77
FRAME: 137
158.992 431.933 2610.67
-278.944 281.041 2879.57
-308.656 -956.304 2922.8
-335.672 569.383 2774.54
-122.288 -144.258 2770.23
-185.67 -581.909 2766.15
-113.528 296.667 2759.34
21.2394 281.004 2740.27
139.983 112.382 2596.02
57.9406 -972.695 2921.1
110.111 58.1958 2429.86
67.8599 -166.51 2743.5
80.4461 -594.498 2784.77
156.007 265.341 2721.2
-2.98726 62.8102 2748.57
FRAME: 138
148.688 445.98 2602.14
-243.771 313.56 2895.9
-296.842 -946.881 2932.12
-333.828 598.092 2839.92
-117.106 -126.473 2780.1
-201.048 -561.686 2786.93
-98.5822 294.46 2765.8
39.6577 268.938 2728.74
81.597 163.902 2539.97
51.0399 -978.108 2908.42
-85.8106 300.941 2432.94
57.9438 -158.965 2733.01
68.7917 -594.266 2769.04
177.898 243.416 2691.68
5.03826 63.1094 2742.65
FRAME: 139
137.256 454.112 2591.08
-226.648 309.105 2911.74
-280.317 -932.486 2940.97
-283.489 495.612 2736.19
-111.47 -117.105 2786.74
-205.3 -543.736 2801.71
-78.7908 289.317 2779.13
52.4169 257.919 2723.05
30.3187 221.875 2519.24
46.1458 -984.157 2901.54
-205.605 459.826 2499.33
49.9656 -156.008 2717.24
62.2919 -598.858 2760.8
183.625 226.521 2666.97
10.8324 60.6812 2737.52
FRAME: 140
118.611 460.511 2578.84
-219.211 315.897 2923.15
-270.837 -932.301 2945.6
-272.178 488.797 2736.1
-108.288 -111.22 2789.38
-208.542 -536.397 2813.74
-67.6189 288.583 2785.03
57.651 254.923 2718.07
13.0902 240.487 2513.63
42.9427 -986.919 2898.44
-215.829 471.605 2571.58
46.7705 -152.902 2706.52
60.0513 -597.986 2753.33
182.921 221.262 2651.11
13.4462 61.4311 2733.01
FRAME: 141
101.806 470.815 2564.52
-215.55 312.943 2936.28
-255.16 -939.656 2954.21
-248.79 479.481 2741.56
-103.543 -109.596 2791.8
-205.231 -537.628 2827.08
-65.5313 295.692 2786.56
56.4503 261.958 2708.54
0.432874 254.141 2508.79
39.4403 -983.343 2896.04
-223.683 488.068 2625.55
44.9198 -150.698 2696.72
58.4263 -594.196 2749.76
178.432 228.224 2630.52
13.5693 65.9056 2726.4
FRAME: 142
86.1519 479.492 2563.66
-213.373 324.274 2945.97
-236.108 -941.983 2959.61
-235.615 463 2757.84
-93.344 -109.771 2793.94
-196.062 -538.91 2833.88
-58.5469 303.372 2784.65
57.5218 270.398 2699.7
-7.30923 258.358 2506.24
38.1141 -982.627 2900.36
-219.487 473.757 2647.36
45.1594 -149.151 2692.6
57.6005 -592.053 2748.59
173.591 237.423 2614.75
16.7148 70.4684 2721.49
FRAME: 143
63.7734 491.349 2573.06
-199.164 312.49 2924.97
-219.434 -953.308 2967.32
-228.336 464.567 2771.55
-86.3088 -112.894 2796.24
-185.879 -544.631 2841.09
-63.1332 311.957 2777.57
48.0207 282.251 2687.67
-7.94459 269.886 2504.56
37.4019 -977.921 2902.01
-174.653 422.763 2666.97
48.8681 -149.054 2686.86
59.2036 -588.529 2743.83
159.175 252.545 2597.76
14.6502 75.6386 2714.61
FRAME: 144
53.9575 498.566 2574.66
-196.51 283.612 2926.29
-202.687 -966.357 2974.1
-229.466 457.478 2790.77
-74.5371 -118.229 2801.19
-171.352 -561.752 2846.22
-58.8185 320.935 2790.56
44.9603 295.339 2690.03
-25.0677 273.905 2486.14
36.3796 -973.38 2904.73
-158.865 415.437 2670.89
49.4095 -148.808 2681.74
61.0735 -589.186 2734.55
148.739 269.743 2589.5
16.1982 80.9102 2715.75
FRAME: 145
35.9552 496.93 2576.23
-198.029 259.414 2907.73
-192.321 -971.409 2976.39
-237.35 395.544 2775.02
-66.3714 -122.712 2802.82
-161.619 -571.179 2845.03
-58.6262 318.396 2794.4
38.4708 295.027 2687.65
-30.8412 250.058 2492.06
34.8229 -970.601 2905.12
-174.682 386.487 2663.92
47.9903 -150.175 2677.61
59.5128 -588.127 2728.23
135.568 271.658 2580.89
14.6401 79.2918 2713.93
FRAME: 146
26.4644 494.541 2581.03
-203.095 241.181 2910.96
-185.45 -972.349 2976.74
-227.667 393.431 2786.43
-63.2676 -133.879 2801.93
-152.005 -581.857 2841.9
-58.7203 308.221 2800.85
34.3905 286.495 2687.28
-40.7683 235.608 2491.74
34.7042 -971.88 2904.49
-210.149 331.148 2704.66
45.4778 -159.198 2669.77
54.1864 -585.551 2728.44
127.501 264.768 2573.7
12.7478 69.9781 2711.56
FRAME: 147
21.2732 495.449 2589.39
-239.987 239.819 2876.06
-181.97 -975.473 2979.32
-185.245 360.126 2774.47
-64.4543 -136.803 2800.77
-145.104 -588.035 2842.02
-56.8262 305.003 2803.07
34.6329 284.582 2687.77
-49.9149 174.374 2470.56
32.6102 -968.364 2900.76
-216.045 304.562 2708.77
46.7883 -161.608 2661.05
49.395 -585.176 2726.67
126.092 264.161 2572.47
12.9 67.6881 2709.34
FRAME: 148
20.6783 495.257 2595.9
-244.635 218 2880.97
-181.132 -977.735 2979.16
-211.314 334.991 2771.16
-62.829 -139.873 2801.44
-141.68 -591.127 2841.86
-53.8105 300.534 2802.94
35.006 279.919 2686.98
-53.0371 132.043 2481.94
32.7035 -966.903 2899.83
-250.306 223.984 2710.25
45.6942 -164.985 2660.16
47.7175 -586.083 2727.17
123.822 259.304 2571.02
13.2193 63.7451 2708.89
FRAME: 149
17.9439 494.064 2598.74
-244.202 200.011 2886.06
-182.192 -981.086 2978.01
-269.108 268.376 2748.84
-64.128 -143.54 2802.39
-142.398 -593.423 2843.2
-57.3676 292.095 2803.18
31.9155 272.843 2689.03
-46.7764 93.2678 2502.37
33.9864 -965.421 2898.2
-213.624 181.871 2705.21
48.2896 -167.832 2658.52
46.3552 -587.027 2728.43
121.199 253.591 2574.88
11.9981 58.5784 2709.74
FRAME: 150
15.6914 490.696 2602.6
-260.234 166.533 2875.31
-183.749 -983.232 2982.49
-279.566 219.436 2728.07
-68.3969 -147.261 2802.19
-143.171 -599.076 2845.98
-69.1431 283.616 2805.23
25.5548 266.185 2692.22
-4.83741 61.574 2543.34
35.125 -965.162 2898.74
-234.535 134.434 2679.14
52.4731 -169.531 2657.76
47.1345 -586.322 2725.84
120.253 248.754 2579.21
8.79646 53.8946 2711.1
FRAME: 151
11.7401 489.2 2606.75
-271.257 148.563 2860.15
-186.265 -983.82 2983.13
-338.603 203.482 2723.75
-71.3972 -150.659 2800.63
-144.913 -600.886 2845.74
-76.2292 276.48 2806.5
20.9092 260.576 2694.85
6.47447 56.6944 2548
36.4834 -966.245 2898.9
-258.127 78.0543 2661.34
53.3019 -171.003 2657.35
48.7058 -586.656 2726.39
118.048 244.672 2583.19
5.93078 49.8726 2711.92
FRAME: 152
4.25431 492.23 2607.64
-269.19 127.555 2838.45
-198.016 -986.694 2975.24
-364.282 225.613 2683.98
-84.6025 -153.318 2792.47
-153.06 -603.03 2837.81
-107.906 273.851 2788.68
1.7529 261.078 2688.78
25.5399 62.8213 2555.81
43.5264 -966.521 2903.59
-38.8232 9.23882 2588.28
57.7603 -169.823 2662.86
56.1943 -586.137 2732.11
111.412 248.306 2588.88
-5.8341 49.754 2708.22
FRAME: 153
-0.196588 491.777 2607.8
-262.437 111.569 2810.98
-220.174 -989.66 2958.59
-376.137 171.451 2641.42
-100.211 -157.574 2780
-165.074 -604.916 2827.55
-137.861 262.228 2767.44
-13.2789 252.36 2684.06
111.52 44.496 2579.04
50.7343 -963.177 2906.43
-71.3194 -34.3298 2576.75
62.8559 -170.565 2670.84
63.7595 -582.529 2738.82
111.304 242.492 2600.69
-15.9781 44.1452 2704.74
FRAME: 154
-4.64249 492.925 2606.64
-266.158 96.5149 2790.03
-229.403 -988.886 2953.49
-353.935 153.558 2594.85
-110.111 -159.062 2771.93
-174.964 -605.313 2821.58
-149.005 260.862 2757.33
-16.8568 251.659 2681.87
158.275 15.7194 2596.34
53.637 -963.802 2908.01
-83.6701 -81.44 2564.11
64.2809 -171.226 2672.22
66.7192 -582.982 2741.17
115.292 242.457 2606.41
-19.8859 43.2577 2701.97
FRAME: 155
-10.4115 492.945 2606
-320.369 116.278 2739.1
-245.894 -989.823 2945.7
-342.928 111.627 2548.02
-116.255 -163.689 2769.96
-187.212 -610.245 2815.16
-161.813 258.913 2752.81
-23.2467 251.741 2682.8
183.707 14.9996 2615.25
56.4091 -963.656 2910.44
-107.538 -111.675 2554.23
67.4381 -173.25 2677.2
71.1652 -586.142 2749.32
115.32 244.568 2612.8
-23.8277 41.6354 2703.19
FRAME: 156
-16.1154 492.186 2605.56
-316.742 100.63 2740.54
-259.104 -987.722 2941.86
-354.623 121.466 2504
-121.073 -165.283 2763.66
-194.977 -608.627 2809.17
-168.083 257.831 2747.09
-25.8644 251.318 2683.02
186.36 17.7376 2617.23
57.2682 -963.633 2911.45
-102.955 -154.787 2554.87
65.5763 -173.919 2679.61
73.1763 -585.718 2750.24
116.354 244.805 2618.96
-26.8065 40.8586 2702.33
FRAME: 157
-22.2308 492.997 2605.98
-295.888 55.5642 2748.58
-268.317 -987.501 2939.36
-308.937 27.1304 2469.38
-129.379 -166.924 2764.14
-200.17 -609.174 2804.11
-178.557 257.446 2741.35
-32.3613 250.92 2681.36
185.252 18.565 2625.92
59.2626 -962.231 2912.35
-84.7745 -176.252 2538.78
62.5934 -175.58 2685.19
75.2159 -583.235 2753.32
113.834 244.394 2621.37
-32.8769 39.8342 2703.01
FRAME: 158
-24.4331 493.7 2604.92
-271.675 33.1554 2750.44
-278.808 -982.954 2933.54
-282.987 16.0869 2454.73
-126.261 -165.964 2763.64
-201.115 -605.391 2793.82
-182.319 257.723 2738.78
-35.5408 251.518 2682.24
180.078 13.3342 2635.45
60.8308 -960.892 2916.06
-94.0597 -200.258 2543.14
55.2701 -173.612 2693.67
79.2081 -581.536 2757.95
111.238 245.314 2625.7
-35.5182 40.865 2705.45
FRAME: 159
-26.2853 493.044 2603.31
-274.773 33.4799 2750.89
-284.871 -976.113 2931.44
-243.348 -23.7435 2434.94
-124.835 -162.625 2762.49
-203.384 -596.231 2786.5
-188.447 255.759 2733.36
-40.6996 250.622 2683.83
180.45 14.1179 2642.39
61.931 -962.943 2915.68
-80.3838 -230.144 2526.31
47.6591 -168.56 2704.59
80.5216 -580.277 2758.99
107.048 245.486 2634.29
-39.6437 42.515 2708.68
FRAME: 160
-30.9528 491.588 2601.69
-271.496 28.8995 2767.74
-290.503 -978.876 2929.93
-226.59 -83.4005 2495.57
-127.304 -166.818 2761.82
-210.307 -597.436 2779.46
-197.317 253.367 2727.13
-47.6657 248.948 2684.18
177.459 11.093 2654.05
64.2597 -959.143 2917.23
-66.6769 -239.158 2541.9
37.9632 -171.602 2714.39
80.9046 -575.747 2760.6
101.986 244.528 2641.22
-46.1681 39.869 2711.14
FRAME: 161
-35.7437 488.657 2599.85
-272.601 20.8907 2766.45
-295.433 -980.002 2926.43
-234.818 -113.846 2561
-129.37 -166.588 2761.5
-217.325 -596.432 2775.27
-203.593 247.87 2717.8
-50.1312 243.297 2683.88
173.733 11.9779 2663.3
65.5452 -956.015 2919.08
-69.3221 -245.802 2535.28
30.8033 -171.236 2725.98
81.1962 -571.847 2761.03
103.331 238.725 2649.97
-49.7073 37.1926 2713.81
FRAME: 162
-40.2075 484.506 2598.09
-280.928 35.353 2775.05
-299.017 -984.003 2926.77
-227.648 -115.224 2579.64
-129.34 -165.456 2762.85
-219.628 -598.205 2775.01
-203.918 247.973 2713.91
-50.4055 242.021 2683.92
168.627 7.08087 2677.03
67.4801 -951.84 2917.51
-44.1204 -232.789 2556.78
21.5836 -170.831 2732.71
82.1736 -567.794 2761.21
103.107 236.068 2653.92
-52.142 36.9385 2715.85
FRAME: 163
-46.8312 476.414 2595.85
-287.385 32.879 2774.94
-303.781 -987.001 2927.55
-236.328 -128.58 2583.4
-130.311 -165.126 2761.66
-226.638 -601.133 2774.43
-209.078 240.178 2708.58
-52.9127 235.207 2684.86
160.403 5.52792 2715.72
70.2077 -949.507 2917.21
-44.504 -234.02 2549.16
17.7994 -169.038 2738.67
81.5848 -566.548 2758.71
103.253 230.236 2661.13
-54.5842 34.0624 2717.51
FRAME: 164
-52.1416 467.301 2596.14
-294.246 47.7907 2768.41
-305.922 -993.188 2927.84
-240.168 -138.219 2591.77
-135.572 -171.82 2766.33
-232.484 -605.61 2773.05
-212.243 233.879 2709.63
-57.7744 229.073 2686.45
161.15 -2.13631 2725.78
71.9612 -947.822 2918.77
-57.0097 -220.416 2526.58
15.1811 -176.245 2743.24
77.1117 -571.211 2760.44
96.6945 224.268 2663.27
-58.9849 27.5204 2720.62
FRAME: 165
-59.0829 453.453 2599.09
-290.66 30.1163 2759.84
-312.119 -1003.88 2924.09
-253.277 -142.853 2598.26
-146.776 -190.23 2767.85
-242.517 -621.221 2769.66
-213.864 215.102 2709.51
-62.664 210.071 2690.96
157.887 -5.31016 2731.06
76.9466 -943.247 2922.29
-40.6826 -254.584 2555.93
11.2841 -195.347 2748.43
77.6564 -568.376 2763.91
88.5365 205.041 2672.41
-65.2051 8.64144 2724.55
FRAME: 166
-62.378 437.985 2602.65
-286.617 18.2792 2758.16
-317.26 -1014.84 2923.51
-243.079 -175.194 2600.51
-145.358 -195.223 2769.72
-251.873 -633.21 2766.7
-212.494 208.661 2712.74
-64.7889 205.749 2694.36
148.39 -7.40392 2718.09
82.1683 -935.312 2921.12
-47.915 -266.037 2553.78
16.2959 -198.319 2749.77
81.2724 -557.089 2763.32
82.9163 202.838 2675.99
-64.6599 4.48907 2727.05
FRAME: 167
-68.997 428.655 2605.62
-289.562 -0.667875 2727.25
-322.058 -1019.84 2923.83
-243.975 -201.905 2583.01
-142.485 -196.614 2773.87
-254.133 -635.988 2767.32
-212.748 201.766 2715.47
-66.3932 198.948 2695.53
101.563 -21.0878 2697.58
85.8396 -935.389 2915.95
-35.2811 -258.175 2559.58
12.4867 -199.535 2752.92
81.6661 -561.263 2759.56
79.9614 196.13 2675.59
-65.6962 0.436805 2729.46
FRAME: 168
-76.4977 416.669 2613.31
-296.218 -2.20987 2697.97
-323.494 -1022.26 2925.18
-242.118 -156.953 2558.96
-137.946 -205.734 2770.51
-255.239 -639.053 2768.49
-213.666 195.737 2717.64
-67.3083 195.394 2700.33
105.475 -27.5208 2708.16
87.2946 -931.641 2914.2
-35.9736 -255.227 2565.7
15.6833 -206.263 2752.32
82.7425 -558.686 2758.47
79.0498 195.051 2683.02
-64.2198 -5.30219 2730.87
FRAME: 169
-76.7431 415.155 2613.16
-267.989 -9.64103 2702.1
-321.446 -1017.89 2926.09
-227.276 -163.426 2551.55
-132.171 -208.684 2777.69
-253.395 -637.355 2768.21
-212.291 196.311 2717.34
-70.7317 198.046 2700.27
102.735 -26.6345 2709.95
85.4463 -938.691 2914.74
-30.9195 -253.573 2564.47
16.4601 -207.061 2759.56
76.9427 -568.451 2757.34
70.8281 199.781 2683.21
-64.2936 -4.91333 2734.45
FRAME: 170
-76.1474 417.741 2611.91
-276.026 16.6236 2724.92
-320.506 -1014.13 2927.79
-248.571 -200.522 2639.7
-134.842 -200.756 2782.52
-254.413 -631.983 2771.35
-207.985 201.186 2716.35
-69.2355 201.719 2701.21
101.138 -26.6442 2718.05
86.7154 -948.538 2916.61
-24.2793 -241.765 2566.93
15.1647 -200.328 2766.25
68.2658 -571.731 2763.76
69.5136 202.252 2686.06
-64.5371 0.588374 2737.8
FRAME: 171
-76.6683 418.136 2612.5
-284.792 25.9609 2729.75
-321.22 -1010.21 2930.92
-238.605 -156.285 2557.07
-139.754 -195.885 2787.61
-259.703 -616.804 2781.96
-203.375 210.357 2711.52
-68.2699 208.527 2697.2
90.5482 -29.3335 2717.31
85.6137 -952.867 2916.39
-17.3463 -232.007 2565.32
10.8024 -197.927 2772.07
61.4962 -575.362 2768.96
66.8349 206.696 2682.88
-66.3728 5.81033 2738.52
FRAME: 172
-76.3498 422.397 2610.51
-284.199 22.878 2724.24
-323.701 -1011.17 2939.17
-237.416 -155.562 2521.18
-154.212 -194.699 2794.51
-261.589 -621.619 2797.39
-203.06 211.934 2709.57
-69.2359 208.696 2697.7
79.5025 -32.4467 2714.03
86.0464 -955.062 2912.6
-14.3683 -225.064 2552.86
10.067 -198.784 2779.97
61.6137 -574.547 2767.58
64.5881 205.457 2685.83
-70.6542 5.97716 2742.47
FRAME: 173
-75.8741 423.371 2602.22
-282.582 27.2814 2721.71
-322.386 -1008.17 2943.35
-227.725 -136.661 2543.07
-162.536 -191.742 2800.32
-261.416 -620.927 2803.55
-199.23 220.331 2715.12
-67.3566 213.692 2698.37
78.0227 -37.999 2709.81
81.4739 -955.939 2922.04
-33.6754 -234.968 2529.14
8.61678 -200.386 2777.37
57.0769 -574.015 2776.13
64.5163 207.053 2681.62
-72.158 8.81381 2743.61
FRAME: 174
-76.5143 424.944 2603.02
-281.407 28.7156 2720.47
-320.665 -1005.69 2946.86
-222.1 -153.815 2553.27
-167.358 -194.152 2806.8
-261.387 -616.185 2806.52
-198.36 218.167 2716.28
-70.4656 210.971 2700.44
75.4734 -39.1357 2716.83
78.7599 -961.319 2923.39
-13.1948 -228.43 2552.99
3.60499 -203.711 2784.74
51.3467 -579.269 2779.17
57.4284 203.776 2684.6
-76.171 6.01986 2748.11
FRAME: 175
-77.1992 426.003 2603.25
-279.668 27.8377 2721.29
-318.957 -1001.18 2948.1
-212.811 -164.444 2523.79
-170.323 -185.199 2826.01
-262.574 -611.524 2810.07
-207.901 213.465 2722.3
-76.4562 205.628 2704
75.5474 -19.5589 2726.27
77.143 -967.732 2923.09
-7.64192 -222.55 2549.6
0.887688 -195.608 2801.95
49.9869 -584.98 2778.72
54.989 197.79 2685.71
-80.5868 7.61197 2758.99
FRAME: 176
-76.2237 424.432 2605.67
-278.475 19.9215 2703.12
-322.937 -1001.58 2953.03
-201.642 -149.122 2484.03
-167.026 -189.764 2831.53
-265.725 -611.721 2812.04
-197.125 204.166 2728.05
-69.9314 198.36 2716.88
74.1926 -37.1172 2739.96
81.3491 -967.66 2917.81
-2.93562 -237.122 2538.33
5.18564 -197.296 2816.5
58.2308 -586.183 2773.44
57.2625 192.554 2705.71
-75.4259 2.41508 2770.45
FRAME: 177
-72.153 421.275 2613.6
-253.788 -27.016 2661.78
-322.143 -996.413 2946.7
-157.467 -155.386 2468.05
-165.172 -211.3 2820.66
-267.603 -617.355 2801.47
-190.602 181.101 2727.83
-67.6752 176.827 2726.63
78.5539 -45.8845 2740.01
80.6768 -972.04 2922.84
45.3577 -214.932 2494.4
2.01542 -216.693 2820.19
62.1633 -595.325 2778.97
55.2519 172.552 2725.43
-74.6269 -18.585 2773.53
FRAME: 178
-62.5166 412.345 2627.75
-221.974 -50.5812 2619.33
-319.904 -994.247 2933.36
-96.8901 -103.414 2415.35
-169.472 -228.554 2804.05
-260.116 -633.409 2778.62
-203.605 146.763 2713.2
-75.1968 147.925 2727.82
99.2491 -56.103 2762.46
77.8707 -976.987 2937.34
90.4152 -205.674 2482.78
2.20284 -227.118 2823.71
69.8211 -615.293 2792.5
53.2111 149.087 2742.45
-79.4157 -39.9553 2770.85
FRAME: 179
-59.1723 415.94 2629.54
-222.726 -67.4797 2592.94
-318.916 -994.335 2928.58
-72.8007 -89.5221 2409.28
-175.464 -233.089 2789.46
-253.11 -642.955 2769.31
-224.547 150.566 2701.66
-85.381 154.588 2722.53
124.785 -36.0352 2779.29
76.507 -979.011 2940.17
146.942 -168.899 2494.98
2.39888 -228.026 2816.41
73.212 -623.463 2795
53.7853 158.609 2743.4
-85.9568 -37.9849 2762.73
FRAME: 180
-51.835 418.997 2631.33
-227.851 -58.6528 2580.31
-317.683 -993.772 2923.11
-17.4805 -21.7245 2309.17
-172.623 -229.117 2782.29
-245.189 -649.588 2760.39
-226.018 168.849 2696.13
-85.891 174.821 2723.61
171.935 3.56712 2747.22
75.6718 -979.754 2941
173.225 -123.631 2495.32
5.38913 -221.509 2817.39
73.2705 -621.981 2794.91
54.2358 180.794 2751.1
-84.7539 -25.2457 2761.73
FRAME: 181
-43.852 426.563 2628.92
-222.634 -44.2642 2556.63
-318.196 -986.784 2921.89
-22.7171 -2.91368 2310.41
-173.748 -220.483 2774.82
-241.508 -642.959 2757.31
-220.516 181.29 2680.43
-77.8758 184.895 2712.73
208.576 24.8974 2723.42
76.2364 -986.619 2939.04
216.06 -40.6158 2472.32
1.56632 -215.972 2814.6
79.8505 -626.389 2794.28
64.7642 188.5 2745.03
-81.9832 -16.6661 2753.72
FRAME: 182
-26.2544 422.771 2645.33
-196.065 -0.400966 2515.13
-325.375 -979.956 2911.86
34.3656 103.877 2238.07
-174.544 -216.412 2766.08
-227.862 -639.602 2747.18
-204.233 199.21 2660.74
-64.0483 200.209 2702.35
221.174 115.934 2750.54
75.7653 -988.086 2942.17
377.848 213.519 2514.22
-0.699757 -215.145 2817.62
81.2173 -630.171 2799.63
76.1362 201.208 2743.97
-75.8351 -7.78475 2747.1
FRAME: 183
-2.33223 433.759 2657.95
-164.127 31.5931 2481.32
-339.203 -975.224 2907.25
87.5602 168.417 2188.11
-166.75 -213.123 2754.69
-209.451 -639.342 2739.22
-188.488 212.45 2647.66
-54.0188 213.489 2697.94
251.516 192.099 2757.7
75.784 -986.141 2943.96
401.181 328.549 2538.7
-0.438552 -211.891 2816.81
81.4852 -626.48 2806.55
80.4504 214.527 2748.22
-68.8064 0.490946 2741.84
FRAME: 184
6.06952 440.088 2662.36
-139.269 48.2324 2462.47
-350.857 -968.881 2904
107.015 200.534 2178.24
-162.522 -209.438 2750.29
-196.66 -641.509 2732.64
-172.138 223.684 2635.21
-44.3986 224.246 2688.45
226.075 240.364 2795.67
75.0913 -984.407 2946.52
407.339 409.544 2589.75
-1.51979 -208.784 2817.28
83.1585 -623.578 2813.98
83.3408 224.808 2741.68
-63.2096 7.56744 2736.11
FRAME: 185
11.4951 450.624 2664.33
-107.119 53.0063 2437.33
-358.939 -971.861 2900.28
118.288 201.958 2207.62
-140.044 -201.478 2742.52
-180.521 -639.942 2727.57
-148.471 226.575 2621.14
-35.7811 231.661 2681.25
213.532 288.43 2814.8
74.1643 -978.267 2948.38
383.172 513.467 2678.35
2.26362 -195.056 2818.34
84.9807 -614.193 2822.74
76.9092 236.747 2741.35
-52.3357 16.6971 2730.84
FRAME: 186
21.33 458.414 2663.25
-81.5036 61.7188 2416.39
-372.084 -971.332 2893.53
135.812 248.752 2169.99
-133.847 -207.558 2733.95
-169.967 -638.882 2726.36
-135.344 224.521 2608.45
-28.9069 231.266 2676.38
214.135 310.049 2805.04
72.6168 -975.288 2951.87
334.509 586.181 2759.55
3.15156 -198.839 2821.23
85.1538 -610.876 2829.5
77.5303 238.012 2744.3
-47.1273 14.0341 2726.98
FRAME: 187
32.1537 463.396 2662.67
-56.775 79.4144 2405.93
-381.967 -963.031 2888.85
144.933 262.164 2165.06
-129.462 -210.706 2728.19
-160.374 -636.83 2725.24
-120.7 219.669 2606.37
-14.274 224.184 2683.75
209.988 304.472 2817.69
72.2019 -976.963 2950.82
282.253 616.008 2831.61
4.1747 -204.991 2825.28
83.4176 -613.811 2834.96
92.1519 228.699 2761.13
-38.4589 8.16758 2730.24
FRAME: 188
51.3705 468.098 2659.36
-46.8273 82.4232 2400.51
-394.286 -953.822 2866.1
163.777 270.417 2156.39
-121.496 -212.551 2721
-157.197 -636.585 2725.49
-110.08 214.905 2605.65
-11.7817 220.125 2686.57
185.887 273.09 2781.54
65.8001 -972.446 2944.56
150.519 279.475 2359.53
3.90975 -205.809 2824.22
80.8395 -614.746 2834.49
86.5163 225.345 2767.49
-35.2874 5.47257 2729.59
FRAME: 189
64.4588 470.868 2663.94
-38.4728 82.1612 2392.7
-408.156 -952.259 2850.03
147.292 241.552 2171.62
-99.6033 -214.95 2714.5
-154.064 -636.369 2726.52
-97.3767 210.895 2601.55
-12.4375 219.282 2689.25
174.533 269.271 2773.35
70.0158 -974.012 2937.16
137.595 300.463 2421.77
1.92911 -204.793 2819.22
75.3495 -612.798 2829.07
72.5016 227.669 2776.95
-30.6373 4.70531 2728.06
FRAME: 190
70.2136 478.514 2672.34
-30.517 86.617 2384.85
-413.975 -952.779 2838.16
154.854 244.233 2167.55
-81.9131 -219.122 2705.24
-153.782 -638.336 2726.83
-82.276 210.731 2594.22
-10.4369 221.575 2688.39
176.359 275.949 2749.84
68.5709 -977.819 2933.76
132.055 344.689 2425.87
4.22578 -206.115 2817.65
75.0223 -616.533 2832.92
61.4023 232.42 2782.56
-24.6403 4.47846 2724.92
FRAME: 191
71.094 475.645 2680.73
-17.4015 105.131 2379.44
-416.937 -951.853 2823
161.49 258.586 2166.07
-66.5105 -220.114 2693.1
-144.676 -633 2724.09
-61.0937 213.568 2595.57
-2.99338 223.814 2691.73
114.972 286.008 2787.51
71.3738 -986.794 2936.98
102.086 505.146 2670.03
7.97853 -206.768 2817.03
78.1972 -625.841 2841.18
55.107 234.06 2787.88
-16.1297 5.18636 2723.39
FRAME: 192
76.8396 479.881 2687.08
-17.6819 121.561 2388.29
-420.015 -957.245 2808.03
167.228 276.518 2157.52
-61.6382 -214.138 2696.9
-141.974 -632.436 2724.49
-57.6889 215.638 2603.54
-3.7032 226.102 2695.95
48.9692 323.262 2821.76
67.7863 -997.555 2938.66
72.1906 488.248 2720.53
8.24058 -200.972 2817.78
77.8346 -626.73 2842.77
50.2825 236.566 2788.37
-15.201 9.27348 2726.65
FRAME: 193
87.1723 471.357 2692.19
-10.2789 139.291 2464.83
-420.765 -959.035 2804.88
128.974 278.705 2259.29
-60.3536 -211.08 2703.53
-132.996 -632.564 2732.18
-40.6164 219.84 2632.37
6.14445 225.602 2704.24
24.1855 328.164 2846.54
68.9204 -998.371 2934.83
55.141 520.545 2772.63
10.7423 -203.774 2810.12
85.0992 -628.699 2839.39
52.9053 231.364 2776.12
-9.33062 9.08748 2730.53
FRAME: 194
110.192 454.955 2687.41
-9.63666 144.737 2473.06
-420.411 -958.277 2803.25
127.47 276.383 2254.86
-57.5255 -209.456 2708.89
-122.792 -632.985 2733.94
-39.9945 221.515 2667.52
5.97265 223.029 2728.81
14.7603 297.218 2844.66
72.1903 -1001.43 2937.44
0.971359 427.45 2791.28
15.3407 -208.257 2805.55
90.933 -633.272 2841.67
51.9399 224.543 2790.11
-7.55987 7.08595 2743.02
FRAME: 195
132.001 448.588 2689.16
-7.13308 150.207 2468.35
-425.767 -954.997 2802.79
105.334 248.708 2251.35
-44.7219 -215.699 2716.96
-118.574 -635.71 2733.51
-28.7569 218.897 2681.44
13.7586 219.603 2738.1
22.2274 272.146 2812.19
76.6252 -1013.4 2941.76
16.7837 367.287 2750.13
21.9478 -214.634 2805.05
102.651 -639.545 2848.25
56.2741 220.31 2794.76
1.18578 2.21869 2749.56
FRAME: 196
141.364 439.081 2700.44
-2.22404 150.489 2467.13
-432.074 -951.695 2803.52
129.776 275.067 2239.43
-39.0529 -221.867 2713.3
-118.728 -634.033 2733.94
-24.6278 216.909 2673.97
18.2618 218.471 2733.17
38.6294 258.345 2785
87.3819 -1020.18 2947.29
53.2966 308.179 2613.87
29.9667 -219.139 2807.9
129.526 -647.842 2848.09
61.1513 220.033 2792.37
6.85934 -1.01631 2746.89
FRAME: 197
137.491 428.396 2706.6
0.372928 148.673 2477.57
-435.012 -945.043 2808.17
140.049 253.126 2205.45
-42.8102 -231.952 2718.29
-112.031 -641.466 2738.34
-23.0951 214.099 2705.4
23.2277 212.297 2748.99
65.4884 238.664 2736.3
92.0468 -1026.09 2942.88
77.5371 273.888 2518.52
36.376 -234.264 2806.62
154.837 -662.766 2845.03
69.5506 210.495 2792.58
10.0053 -10.4055 2755.72
FRAME: 198
138.382 412.355 2723.62
-3.37783 139.042 2455.88
-438.424 -945.614 2815.37
141.227 256.52 2188.68
-43.3737 -236.405 2725.51
-118.379 -642.036 2743.88
-21.6409 205.94 2715.52
28.3267 203.049 2751.1
97.6688 219.188 2710.83
94.6643 -1030.34 2939.08
80.1429 276.335 2541.64
42.9215 -240.362 2803.21
168.432 -671.743 2840.74
78.2942 200.159 2786.68
14.0503 -17.6671 2757.73
FRAME: 199
135.048 403.104 2738.72
-3.56333 139.08 2479.99
-442.13 -954.998 2824.98
140.416 240.64 2164.62
-42.8788 -255.478 2736.43
-123.661 -659.614 2753.9
-23.2768 196.512 2722.01
33.6424 193.695 2749.83
103.206 197.395 2696.41
97.3281 -1023.02 2929.79
108.604 252.879 2468.82
61.0242 -258.566 2802.77
180.556 -674.009 2838.79
90.5617 190.878 2777.65
21.3576 -31.6634 2759.71
FRAME: 200
132.642 384.074 2745.9
11.2669 137.316 2458.04
-437.781 -957.072 2813.27
138.532 238.346 2157.38
-40.2455 -261.822 2717.78
-123.55 -669.423 2738.53
-8.88796 181.799 2685.42
37.4735 181.684 2731.8
129.764 226.323 2645.93
97.2381 -1021.53 2938.24
113.611 244.586 2425.98
54.8451 -261.392 2813.78
183.211 -682.484 2852.27
83.835 181.568 2778.17
22.3867 -39.9617 2748.79
FRAME: 201
129.233 356.361 2726.5
-1.50171 116.416 2416.15
-432.818 -977.23 2812.47
129.577 261.535 2159.61
-38.3997 -288.085 2711.51
-124.023 -700.759 2733.51
-13.832 153.449 2659.01
37.2871 155.539 2710.59
134.925 222.995 2656.54
86.8666 -1007.51 2940.75
127.564 257.088 2381.78
59.9702 -283.699 2812.15
179.706 -672.98 2861.18
88.4061 157.628 2762.17
24.0361 -65.1767 2736.21
FRAME: 202
130.373 353.087 2698.01
-24.8923 121.915 2389.95
-436.684 -980.16 2811.53
107.458 305.105 2134.85
-39.3797 -297.112 2697.88
-130.409 -709.8 2723.88
-16.1655 146.045 2628.21
36.1539 152.063 2698.15
133.488 209.539 2664.29
84.5354 -1010.81 2939.52
153.091 268.88 2458.1
54.2625 -286.782 2818.95
180.397 -678.577 2864.29
88.4733 158.081 2768.09
21.7976 -69.942 2728.28
FRAME: 203
152.733 365.485 2674.87
-94.234 154.09 2397.03
-441.975 -984.437 2819.02
46.6844 339.132 2163.96
-52.2378 -290.497 2698.48
-145.791 -708.307 2719.65
-31.3798 160.03 2625.52
33.7066 164.373 2695.36
138.803 226.072 2668.89
86.9218 -1011.72 2932.57
162.283 276.555 2486.24
52.5752 -283.743 2809.28
188.438 -679.041 2849.59
98.7931 168.716 2765.2
16.9377 -61.3736 2724.62
FRAME: 204
185.845 384.284 2666.53
-141.416 180.025 2428.44
-448.97 -996.894 2828.71
3.77737 364.895 2183.55
-75.9342 -273.753 2704.66
-165.965 -705.249 2719.33
-47.5501 192.32 2634.7
33.2201 192.287 2692.37
173.324 273.864 2652.32
90.1617 -1002.88 2926.31
120.116 259.906 2526.91
56.671 -273.834 2798.59
190.528 -667.457 2834.33
113.99 192.254 2750.04
11.7943 -40.7533 2722
FRAME: 205
194.348 393.523 2662.39
-167.754 196.873 2444.61
-450.058 -997.263 2833.31
-42.9434 389.958 2218.44
-83.346 -256.669 2707.9
-176.269 -693.905 2719.44
-66.7854 212.128 2635.57
29.0239 210.507 2689.71
192.949 292.245 2671.68
88.5554 -1002.42 2925.96
136.788 242.002 2564.39
55.1188 -258.838 2787.48
179.769 -654.12 2817.39
124.833 208.885 2743.84
7.45514 -23.6237 2718.7
FRAME: 206
200.207 398.802 2663.23
-205.78 226.741 2493.17
-445.83 -1005.37 2833.03
-82.4957 383.705 2309.03
-101.651 -238.373 2722.99
-170.675 -693.189 2722.08
-94.6224 229.908 2661.64
23.5783 223.54 2711.24
191.896 141.404 2804.53
84.6205 -996.895 2929.1
243.91 177.352 2741.07
55.9206 -247.046 2789.02
161.753 -648.964 2819.19
141.779 217.172 2760.84
0.356469 -9.58461 2733.62
FRAME: 207
205.26 405.656 2662.51
-249.018 247.915 2543.05
-442.476 -1002.66 2840.73
-132.24 385.567 2364.07
-112.248 -225.769 2724.65
-171.796 -681.85 2720.7
-106.253 247.791 2676.34
25.4746 236.021 2723.14
230.46 84.3253 2842.71
83.555 -993.892 2928.01
387.006 -0.609398 2853.09
54.3574 -240.699 2785.36
134.041 -634.652 2813.19
157.202 224.25 2769.93
-1.73533 1.39334 2739.07
FRAME: 208
207.151 417.901 2653.54
-271.376 259.732 2614.12
-436.417 -1003.12 2848.85
-213.497 441.082 2406.4
-118.624 -216.999 2725.35
-179.659 -670.246 2724.95
-110.429 257.811 2686.59
28.7836 242.225 2729.45
259.094 19.1487 2844.86
81.2411 -987.321 2925.93
506.062 -155.53 2796.41
55.6523 -236.428 2779.63
119.674 -625.841 2809.25
167.996 226.639 2772.3
-1.35116 7.75551 2740.97
FRAME: 209
201.452 433.386 2647.55
-304.095 237.881 2713.57
-429.146 -1000.35 2859.25
-282.016 449.639 2471.9
-121.525 -199.408 2728.94
-193.66 -654.615 2731.88
-114.494 272.334 2693.07
34.5186 252.598 2728.29
280.656 16.8183 2790.94
80.4175 -983.338 2918.79
475.301 -166.813 2620.9
57.2777 -223.146 2771.51
103.98 -623.782 2799.16
183.531 232.861 2763.52
1.19757 20.6601 2739.26
FRAME: 210
197.178 446.341 2630.08
-288.025 219.393 2786.95
-402.723 -983.546 2877.59
-363.58 471.979 2630.77
-130.132 -178.131 2741.71
-200.524 -629.641 2749.1
-111.881 290.872 2713.39
40.7102 265.525 2725.53
251.277 24.1983 2693.39
67.4863 -986.86 2911.16
214.506 -58.0215 2349.67
55.2119 -209.04 2756.78
92.9533 -630.828 2795.02
193.302 240.177 2737.66
1.62506 35.9695 2737.38
FRAME: 211
189.692 448.983 2619.88
-283.077 254.75 2824
-383.641 -972.462 2896.01
-371.39 494.116 2692.23
-135.03 -160.014 2755.27
-205.858 -610.309 2764.69
-112.664 309.734 2741.42
37.504 283.422 2732.68
212.246 73.8366 2693.7
60.835 -996.541 2905.5
70.9525 203.293 2584.94
50.2634 -192.589 2744.98
83.1798 -633.642 2788.11
187.672 257.11 2723.93
-2.43957 53.5602 2741.4
FRAME: 212
182.72 449.77 2612.85
-273.258 252.499 2848.97
-369.501 -970.181 2905.24
-372.617 499.94 2764.64
-133.874 -146.176 2766.19
-211.681 -595.752 2774.92
-96.9653 314.952 2751.45
40.7742 288.518 2730.34
194.175 92.4554 2663.83
54.2204 -989.291 2898.92
56.5104 187.646 2481.88
48.4494 -181.272 2738.39
72.004 -616.694 2778.56
178.514 262.083 2709.23
-0.968963 62.3965 2741.31
FRAME: 213
166.297 455.851 2593.32
-253.036 257.855 2851.48
-336.893 -966.165 2924.56
-383.401 510.584 2847.55
-120.96 -131.064 2780.3
-213.009 -582.253 2794.11
-67.2172 317.232 2760.37
52.4866 289.946 2719.3
128.244 147.118 2582.92
53.4514 -978.6 2874.85
-18.9453 275.597 2424.5
47.7485 -169.473 2722.45
65.0773 -599.21 2752.09
172.19 262.66 2678.24
7.94052 69.8386 2735.34
FRAME: 214
157.913 455.162 2582.33
-238.622 251.462 2878.47
-314.519 -968.637 2936.42
-378.974 491.377 2874.49
-107.825 -115.736 2790.35
-216.657 -570.219 2808.46
-61.21 315.33 2772.13
57.5674 284.626 2711.26
22.7631 229.197 2494.89
46.1154 -974.813 2866.75
-159.805 429.137 2403.39
45.1387 -155.348 2712.04
60.6034 -588.078 2739.07
176.345 253.923 2650.39
13.1123 74.5422 2731.23
FRAME: 215
145.18 457.335 2574.35
-225.544 274.399 2896.54
-290.386 -972.28 2948.82
-344.496 485.133 2834.73
-99.2005 -106.062 2799.62
-219.445 -559.034 2824.45
-64.6841 297.559 2780.99
48.7934 265.842 2705.96
3.38941 243.293 2512.72
39.9841 -977.221 2861.89
-196.557 471.51 2473.73
41.622 -145.345 2706.97
54.6411 -585.701 2735.06
162.271 234.126 2630.92
10.0021 70.0693 2729.63
FRAME: 216
116.759 460.393 2570.73
-199.749 270.223 2915.33
-259.034 -965.965 2964.2
-306.824 452.698 2765.8
-97.2384 -106.664 2805.86
-214.241 -553.967 2839.56
-78.1954 299.953 2787.46
34.4833 270.346 2700.38
-21.2908 261.42 2495.85
36.3825 -978.251 2863.27
-178.991 481.466 2594.06
37.3121 -142.262 2701.53
45.4485 -581.537 2731.47
147.162 240.739 2613.3
2.26008 72.9418 2727.04
FRAME: 217
82.931 461.816 2562.03
-186.267 277.311 2925.16
-239.538 -962.24 2971.3
-297.664 461.974 2763.3
-96.8464 -109.889 2813.22
-207.863 -554.995 2847.85
-87.2937 309.919 2789.39
21.2584 281.992 2692.01
-35.8995 259.207 2489.63
31.8901 -983.763 2863.81
-191.274 455.529 2626.71
34.284 -143.965 2694.89
36.8189 -586.377 2728.12
129.811 254.065 2594.63
-5.01138 77.5325 2723.03
FRAME: 218
58.0523 462.423 2562.62
-191.458 291.968 2907.51
-224.261 -959.128 2975.92
-290.795 470.23 2770.75
-98.201 -111.728 2814.41
-203.254 -557.899 2854.91
-89.0874 311.946 2789.08
14.0552 285.797 2691.77
-70.2239 260.108 2498.42
30.3338 -990.71 2864.87
-215.442 432.13 2677.55
29.1822 -144.241 2693.63
32.6869 -593.521 2726.97
117.198 259.649 2594.47
-10.2271 78.9064 2722.89
FRAME: 219
44.4584 464.277 2567.76
-199.848 306.072 2898.9
-211.782 -960.743 2977.69
-268.353 402.399 2680.13
-99.2114 -120.594 2814.58
-197.27 -569.195 2855.19
-87.9128 312.802 2788.94
10.3206 287.826 2689.5
-75.1445 263.052 2496
28.212 -995.146 2862.7
-189.205 407.7 2682.24
25.1473 -152.391 2688.27
26.2874 -601.472 2718.43
108.554 262.851 2590.07
-13.3557 75.6671 2720.46
FRAME: 220
29.3235 475.386 2577.07
-208.6 312.812 2916.21
-201.736 -964.052 2979.95
-249.021 360.063 2683.52
-94.6312 -134.461 2816.36
-191.66 -580.873 2856.16
-85.1162 306.563 2794.95
1.28015 284.177 2687.14
-81.4582 261.816 2491.33
22.5637 -995.267 2858.84
-161.226 389.444 2679.78
16.964 -163.495 2676.75
16.3902 -606.719 2709.05
87.6765 261.791 2579.33
-18.7767 67.5996 2716.85
FRAME: 221
-0.319184 476.531 2587.99
-206.083 287.996 2924.67
-195.911 -968.828 2982.24
-223.412 331.942 2698.65
-92.7546 -150.153 2817.11
-188.136 -591.559 2857.08
-85.8187 295.268 2800
-11.923 275.575 2685.62
-75.5968 243.974 2504.24
17.992 -994.616 2855.85
-94.7369 404.309 2658.25
4.07189 -175.966 2667.18
1.85953 -615.189 2699.63
61.9727 255.881 2571.24
-28.1322 56.2576 2713.88
FRAME: 222
-20.5188 479.472 2594.55
-207.518 254.914 2926.04
-195.08 -972.902 2980.41
-202.465 293.13 2704.72
-94.9606 -153.819 2814.68
-190.084 -593.192 2854.79
-85.0774 290.593 2805.36
-16.3857 272.462 2689.33
-81.6182 217.118 2516.95
18.436 -991.608 2856.4
-65.6933 398.663 2654.54
-5.71075 -177.321 2664.12
-0.215491 -612.358 2699.8
52.3059 254.331 2573.31
-33.3607 53.4461 2714.37
FRAME: 223
-34.9533 478.844 2600.92
-223.692 244.156 2923.67
-191.977 -971.778 2980.71
-192.438 246.674 2703.2
-98.2196 -154.25 2815.85
-189.794 -590.546 2854.33
-84.5098 287.27 2810.15
-16.9019 269.077 2693.2
-91.7879 199.236 2524.43
17.4806 -991.557 2854.34
-2.91108 352.645 2628.1
-10.4475 -177.867 2664.01
-3.69821 -611.733 2699.6
50.706 250.883 2576.25
-35.6177 51.509 2716.57
FRAME: 224
-40.8106 479.387 2602.26
-222.04 229.812 2919.26
-191.299 -972.706 2982.21
-209.509 235.811 2825.98
-102.263 -150.384 2815.14
-188.983 -591.7 2855.65
-93.1149 288.248 2809.65
-22.4203 270.708 2693.84
-71.9107 171.583 2542.35
18.1028 -986.921 2854.82
-24.4216 293.664 2648.54
-9.96257 -173.295 2663.84
-3.14043 -604.252 2700.79
48.2743 253.168 2578.02
-39.2666 54.4344 2716.66
FRAME: 225
-47.6612 481.786 2604.72
-227.397 211.394 2912.21
-190.135 -973.6 2982.62
-239.982 212.017 2867.98
-105.962 -149.255 2816.27
-187.489 -592.412 2858.16
-101.492 287.242 2811.32
-27.6796 269.613 2695
-61.0687 154.036 2547.16
20.5464 -984.66 2858.34
-67.2182 215.261 2656.62
-10.688 -172.003 2666.22
-1.25622 -600.037 2703.7
46.1329 251.984 2578.69
-43.0023 54.4919 2718.13
FRAME: 226
-50.9253 485.196 2605.02
-201.211 177.937 2932.92
-186.724 -970.997 2984.61
-271.26 162.035 2864.95
-105.679 -147.417 2817
-184.804 -590.133 2859.22
-103.091 283.684 2812.97
-30.1149 265.414 2694.15
-56.9191 142.394 2546.83
18.9695 -983.557 2857.36
-115.99 141.141 2681.82
-13.2309 -170.55 2666.71
-2.38992 -594.338 2706.31
42.8613 247.143 2575.34
-44.7849 53.2151 2718.01
FRAME: 227
-52.6787 487.696 2605.9
-211.686 171.912 2935.63
-181.739 -965.903 2992.26
-330.248 41.9795 2835.57
-107.218 -142.151 2818.2
-180.262 -586.165 2867.08
-113.53 281.33 2813.59
-35.5899 262.064 2693.07
-47.4224 143.494 2545.61
18.3509 -985.804 2854.91
-83.0199 132.524 2647.09
-11.4701 -165.798 2670.41
-2.66778 -596.706 2704.62
42.3498 242.799 2572.56
-47.4671 54.0448 2718.69
FRAME: 228
-52.8539 488.692 2606.23
-196.637 168.857 2944.76
-177.17 -963.974 2995.38
-391.144 44.4634 2877.39
-108.899 -139.325 2820.06
-173.533 -583.302 2875.4
-120.453 281.204 2813.61
-38.1016 261.925 2694.58
-21.8272 131.351 2556.79
18.0083 -986.6 2852.52
-75.4609 85.2565 2649.98
-8.49613 -162.906 2674.97
-2.56349 -598.046 2703.68
44.25 242.645 2575.56
-48.3996 55.4047 2721.05
FRAME: 229
-54.0369 491.115 2606.82
-193.969 160.608 2953.91
-178.489 -965.34 2994.71
-390.302 31.651 2857.93
-111.9 -139.52 2818.38
-173.298 -584.931 2876.41
-130.717 281.301 2815.54
-43.4323 263.112 2696.42
33.2344 68.8294 2571.06
19.3961 -984.168 2851.84
-81.5004 66.4127 2639.11
-8.04036 -161.183 2676.73
-2.64397 -594.669 2703.39
43.8523 244.922 2577.31
-51.7012 56.3798 2721.99
FRAME: 230
-54.5129 492.355 2606.74
-187.021 153.455 2944.89
-180.195 -964.402 2992.78
-335.177 -44.9096 2856.17
-118.57 -143.178 2813.65
-177.471 -587.199 2873.35
-153.535 282.728 2814.4
-56.1879 268.455 2698.39
78.0592 55.2409 2569.34
22.9568 -983.411 2852.3
-87.4212 25.9036 2638.53
-4.90077 -159.885 2678.36
0.374776 -595.523 2705.85
41.1591 254.182 2582.38
-58.9616 58.4616 2722.2
FRAME: 231
-53.892 492.964 2605.66
-176.753 145.081 2933.87
-187.01 -963.163 2985.5
-346.425 -37.3548 2841.51
-124.493 -145.621 2806
-185.17 -585.917 2864.52
-166.987 277.824 2790.2
-62.9344 264.591 2688.52
124.887 17.0416 2566.41
29.5709 -983.945 2858.56
-106.496 -0.716738 2663.24
1.425 -161.642 2682.91
5.53384 -596.235 2712.03
41.1179 251.358 2586.84
-62.2342 55.4796 2716.49
FRAME: 232
-52.5157 493.623 2603.97
-168.951 141.73 2938.19
-189.468 -958.764 2978.44
-310.306 -67.0508 2752.56
-127.967 -149.588 2801.44
-188.742 -583.545 2857.65
-167.019 276.085 2784.34
-54.0264 261.34 2687.77
139.511 1.00174 2577.81
33.2802 -987.068 2863.03
-111.845 -72.9297 2643.87
6.48902 -167.111 2686.42
9.78497 -599.99 2717.11
58.9661 246.596 2591.2
-57.3826 51.4956 2715.85
FRAME: 233
-50.7687 495.314 2602.36
-183.782 78.7271 2911.37
-191.267 -961.565 2974.18
-297.232 -73.5404 2694.4
-130.117 -153.834 2798.25
-192.29 -586.741 2853.39
-166.652 273.362 2779.62
-49.7817 258.549 2686.79
153.159 -0.490229 2589.52
36.1552 -983.821 2865.46
-70.3707 -192.562 2605.96
11.4384 -171.754 2685.7
13.053 -596.888 2720.34
67.0888 243.737 2593.95
-54.5604 47.8779 2714.38
FRAME: 234
-42.4175 498.612 2593.59
-229.706 35.7452 2872.31
-195.255 -964.975 2970.45
-311.757 -50.305 2643.03
-132.917 -155.038 2792.41
-192.968 -589.348 2847.17
-170.256 272.445 2774.53
-44.9786 257.258 2686.65
175.407 -4.56923 2600.44
39.7634 -984.329 2869.06
-48.0066 -212.705 2574.52
15.9636 -173.06 2687.98
24.7313 -596.757 2727.49
80.2991 242.07 2598.78
-51.7278 46.6041 2713.42
FRAME: 235
-37.2824 499.656 2589.64
-254.73 41.6528 2851.63
-197.741 -965.815 2967.37
-345.154 -24.3865 2563.34
-134.063 -155.226 2788.39
-194.617 -590.67 2845.08
-173.659 271.476 2770.7
-40.5689 257.102 2688.73
201.442 5.99815 2620.81
43.3723 -984.815 2872.75
-20.1963 -226.493 2558.67
24.5328 -172.323 2690.72
36.6741 -592.838 2734.49
92.5214 242.728 2606.77
-47.6669 46.6639 2714.14
FRAME: 236
-26.9819 499.786 2580.46
-276.75 45.08 2828.71
-200.167 -969.096 2965.9
-418.759 84.6977 2496.42
-132.934 -154.173 2781.48
-194.068 -592.727 2840.17
-178.022 271.116 2763.48
-40.0725 258.291 2686.65
211.104 11.123 2628.25
44.9377 -983.946 2875.89
8.01171 -238.494 2551.22
29.7902 -169.313 2690.83
47.3226 -591.587 2739.05
97.8773 245.466 2609.82
-45.8221 48.274 2711.4
FRAME: 237
-19.8341 498.648 2575.31
-288.849 49.5872 2817.69
-202.912 -968.55 2960.24
-387.227 78.5814 2484
-130.873 -151.752 2773.15
-192.676 -590.958 2826.13
-182.58 272.757 2743.6
-39.6477 261.185 2678.28
214.618 13.5336 2632.99
47.199 -986.896 2879.01
36.024 -241.846 2549.93
35.193 -165.179 2697.29
51.6755 -593.098 2742.15
103.284 249.612 2612.96
-43.7439 51.3599 2706.75
FRAME: 238
-13.7472 496.357 2573.81
-295.465 52.7241 2810.77
-204.815 -967.638 2955.04
-269.527 -17.0423 2492.16
-127.549 -149.675 2767.63
-187.469 -589.321 2816.17
-185.163 274.272 2732.8
-36.7882 263.687 2675.36
225.856 15.6248 2646.51
50.4899 -988.335 2880.48
66.0417 -246.194 2548.92
40.1007 -161.665 2702.74
55.9636 -592.313 2744.98
111.587 253.102 2617.92
-40.2561 54.0084 2705.27
FRAME: 239
-1.04003 495.549 2570.58
-296.461 51.6444 2769.41
-206.198 -970.215 2952.25
-271.395 20.8955 2451.75
-114.8 -150.861 2759.99
-180.18 -591.415 2807.28
-183.103 269.51 2723.49
-31.2431 263.423 2673.72
235.727 19.1551 2661.08
53.4248 -987.65 2880.83
84.1713 -230.908 2549.66
57.0249 -157.928 2703.54
66.0457 -592.849 2746.71
120.617 257.336 2623.94
-30.0654 54.5142 2702.74
FRAME: 240
11.0645 496.806 2565.04
-266.051 77.056 2775.49
-207.415 -969.183 2947.26
-135.488 -23.7187 2606.3
-103.954 -153.683 2753.29
-164.665 -595.004 2789.28
-167.295 265.599 2702.18
-15.3036 259.627 2666.78
245.013 21.7558 2687.79
55.5694 -990.066 2884.7
101.502 -216.008 2559.61
71.422 -160.65 2712.4
76.2297 -596.908 2755.61
136.687 253.655 2631.38
-15.7849 51.2304 2699.81
FRAME: 241
19.9663 492.177 2561.07
-244.58 70.4712 2776.55
-209.358 -968.756 2942
-78.0167 -10.6231 2613.15
-92.4657 -167.815 2740.89
-153.688 -612.539 2778.26
-156.932 254.831 2680.63
-2.42918 250.7 2661.9
250.736 18.0459 2710.94
57.5887 -993.459 2893.27
141.686 -237.281 2557.88
81.6805 -172.531 2719.71
83.4753 -603.888 2764.75
152.074 246.569 2643.17
-3.91088 40.2635 2696.1
FRAME: 242
30.8856 489.104 2560.16
-227.229 62.0498 2751.24
-211.23 -973.562 2940.21
-98.0133 -22.5554 2578.15
-85.5882 -177.747 2737.68
-142.938 -622.695 2771.91
-148.872 249.498 2666.44
5.12203 247.78 2659.49
251.676 19.8158 2728.44
60.3482 -988.685 2886.8
158.488 -215.691 2595.88
92.9249 -179.646 2729.62
81.672 -603.483 2765.07
159.116 246.063 2652.54
4.39518 34.5418 2696.57
FRAME: 243
37.9445 487.902 2558.56
-221.494 49.5678 2723.84
-210.47 -979.225 2926.57
-107.536 -64.1576 2592.36
-79.4914 -188.66 2733.74
-129.937 -632.278 2758.91
-140.969 245.776 2659.06
11.1965 245.997 2660.41
245.086 20.7462 2740.29
62.3461 -983.655 2887.09
97.8006 -161.1 2500
101.894 -188.386 2735.01
82.6901 -606.085 2773.14
163.362 246.218 2661.76
11.1988 28.737 2697.39
FRAME: 244
47.851 486.379 2557.19
-217.78 50.8669 2702.05
-207.379 -985.021 2912.42
-115.655 -79.9169 2617.72
-75.3109 -197.337 2724.51
-120.562 -647.104 2750.61
-132.866 247.35 2651.14
16.1274 247.981 2663.9
237.737 24.6143 2755.63
64.5371 -987.271 2887.19
197.161 -208.509 2581.45
99.5337 -196.57 2739.36
83.5852 -614.788 2780.85
165.121 248.611 2676.66
14.1194 25.5136 2697.92
FRAME: 245
53.4069 485.437 2560.81
-164.095 14.208 2630.4
-188.459 -991.292 2902.58
-44.316 -76.8515 2570.89
-74.3128 -196.793 2716.95
-100.944 -643.432 2741.88
-128.897 241.087 2644.89
14.5092 242.726 2669.05
214.725 29.7964 2767.79
63.9603 -980.373 2885.3
176.915 -162.574 2577.1
92.764 -194.857 2745.08
86.3263 -609.177 2779.74
157.916 244.365 2693.21
11.8674 23.4504 2700.03
FRAME: 246
56.2348 485.465 2560.83
-168.466 7.21574 2638.56
-170.785 -996.875 2894.44
3.11196 -83.5162 2553.96
-71.6338 -198.681 2708.38
-83.0228 -639.339 2725.99
-122.503 242.277 2636.86
12.6616 245.285 2669.26
195.449 24.7606 2770.07
62.3972 -979.072 2890.64
236.726 -195.887 2628.26
88.547 -195.141 2746.6
85.2404 -607.951 2784.53
147.826 248.292 2701.66
10.5591 24.1868 2698.38
FRAME: 247
57.6422 483.532 2562.77
-153.328 0.765795 2633.41
-154.84 -993.955 2876.15
7.9699 -28.082 2560.58
-68.1228 -198.163 2692.64
-68.7167 -630.723 2708.74
-109.121 237.941 2622.74
2.87294 243.76 2666.35
174.868 74.7154 2769.7
57.6066 -983.001 2901.1
187.961 7.38479 2713.55
77.8785 -190.4 2749.43
79.3883 -606.933 2794.05
114.867 249.58 2709.97
3.87539 24.7395 2693.69
FRAME: 248
59.2717 482.096 2564.37
-152.109 4.41478 2627.71
-145.213 -985.429 2868.23
-7.45597 -9.70444 2566.28
-68.8839 -197.254 2680.9
-60.2214 -619.633 2702.25
-103.48 238.629 2609.24
-0.780157 244.129 2661.73
161.032 96.5891 2773.91
55.0638 -993.153 2904.95
143.101 55.6886 2691.61
62.5134 -190.093 2748.14
76.3056 -614.243 2797.53
101.92 249.628 2714.23
-1.9827 25.2276 2688.13
FRAME: 249
59.7316 481.194 2565.42
-153.095 11.5724 2621.4
-139.605 -984.071 2861.67
-10.8159 -12.3951 2567.15
-65.1578 -191.769 2676.94
-55.575 -616.596 2696.6
-99.43 240.481 2600.49
0.388377 246.249 2660.38
133.302 95.923 2761.97
52.8427 -993.875 2907.61
135.288 2.74704 2628.66
55.692 -184.64 2749.05
72.6729 -611.675 2798.85
100.207 252.017 2720.26
-2.17228 29.0222 2686.68
FRAME: 250
58.729 480.124 2567.29
-164.294 12.627 2617.84
-135.826 -977.971 2853.35
49.4041 -25.9414 2558.44
-63.4948 -192.026 2671.13
-54.9307 -610.771 2691.03
-104.044 241.113 2597.88
-8.23234 248.434 2666.43
104.196 69.6106 2798.41
49.6027 -999.646 2913.31
95.8607 4.85019 2811.22
50.1754 -183.274 2752.23
68.1469 -614.075 2803.96
87.5791 255.755 2734.98
-7.44604 30.3918 2689.06
FRAME: 251
57.0239 479.986 2568.73
-173.586 0.973007 2611.23
-134.168 -977.028 2849.81
73.1957 -57.4353 2575.02
-61.0802 -192.02 2668.62
-56.181 -612.944 2688.91
-108.579 238.826 2591.77
-13.542 247.871 2669.01
43.6395 26.9944 2858.62
45.9292 -999.455 2916.45
111.263 -116.331 2843.78
46.8469 -181.697 2756.17
64.1462 -612.574 2806.08
81.4954 256.916 2746.25
-10.3293 30.5064 2690.7
FRAME: 252
55.6714 479.531 2571.04
-186.233 -14.7672 2604.65
-133.112 -977.045 2845.22
49.5349 -68.3387 2581.73
-61.0466 -192.077 2666.24
-58.5035 -614.437 2685.24
-113.835 237.537 2590.4
-21.9792 247.967 2672.23
45.7127 24.5057 2853.82
42.7316 -1001.14 2920.81
119.482 -133.982 2810.79
43.7397 -180.151 2759.52
59.7876 -612.711 2810.59
69.8767 258.396 2754.07
-15.3163 30.9264 2692.56
FRAME: 253
54.3654 479.278 2573.28
-186.456 -11.3688 2597.58
-132.408 -979.467 2844.5
35.7467 -83.1271 2584.74
-62.8376 -192.546 2666.97
-66.168 -618.346 2689.07
-114.231 236.598 2587.37
-21.191 246.956 2670.71
40.9855 21.492 2855.06
41.0709 -1000.3 2920.06
117.722 -121.748 2798.14
41.7128 -180.836 2760.59
57.0245 -611.573 2809.92
71.8493 257.313 2754.04
-15.8767 30.1325 2692.24
FRAME: 254
52.218 479.048 2575.17
-188.739 -13.3662 2594.95
-132.126 -979.65 2841.84
45.2711 -73.7089 2594.38
-65.3085 -191.193 2666.45
-80.4162 -618.035 2693.23
-117.235 235.016 2585.93
-24.1856 245.745 2672.54
39.8766 17.5333 2855.07
39.7757 -1003.15 2921.64
133.721 -134.482 2812.86
39.0614 -179.142 2763.31
55.9501 -614.064 2810.85
68.8642 256.475 2759.14
-18.6546 30.2887 2693.71
FRAME: 255
46.2426 479.269 2578.75
-196.158 -11.7199 2596.27
-131.333 -980.389 2836.05
32.473 -70.7777 2601.22
-78.1789 -194.928 2665.16
-99.4829 -616.388 2695
-126.748 232.919 2584.95
-32.7503 244.245 2673.57
43.4039 13.3299 2856.39
37.7361 -1007.76 2924.66
146.887 -124.671 2735.86
34.0481 -181.497 2770.41
52.6761 -617.554 2814.64
61.2478 255.572 2762.18
-27.4078 28.0164 2695.67
FRAME: 256
38.9093 482.807 2579.01
-194.849 -9.01531 2596.81
-133.046 -976.564 2837.92
22.6397 -88.4268 2599.99
-91.8398 -193.749 2665.68
-110.636 -615.414 2701.28
-130.815 236.726 2583.03
-35.6046 246.684 2673.96
42.4682 8.7648 2861.27
36.7357 -1012.41 2923.75
159.688 -111.84 2648.6
22.8864 -181.87 2774.64
46.5458 -620.412 2815.33
59.6052 256.643 2764.89
-35.0407 29.4375 2697.06
FRAME: 257
34.4796 484.382 2579.78
-198.151 -11.3856 2598.35
-134.489 -982.269 2838.34
24.4385 -83.2947 2608
-98.6825 -191.244 2665.91
-114.25 -615.896 2704.92
-135.268 236.966 2584.73
-37.4077 246.133 2674.79
42.6383 5.3285 2863.81
34.6554 -1010.44 2924.55
172.657 -104.57 2603.53
20.7699 -180.136 2775.27
42.8204 -618.033 2816.68
60.453 255.3 2764.85
-38.182 30.2217 2697.69
FRAME: 258
30.1027 486.695 2580.16
-205.525 -12.7737 2600.23
-137.636 -989.419 2839.59
31.119 -94.2225 2612.3
-111.096 -189.643 2667.23
-120.714 -616.651 2707.99
-144.178 233.366 2586.85
-43.5186 242.223 2672.55
43.0572 6.42394 2863.93
32.4884 -1006.67 2923.56
158.932 -92.292 2589.9
16.5403 -178.379 2775.43
40.6946 -613.686 2816.3
57.1406 251.08 2758.25
-45.3982 29.1059 2696.94
FRAME: 259
20.806 491.527 2581.56
-205.964 -13.2594 2600.59
-138.213 -993.212 2840.01
29.9924 -90.0808 2601.54
-122.894 -187.122 2668.04
-128.057 -615.881 2712.08
-149.244 234.255 2589.98
-46.6604 241.474 2672.88
42.8241 5.14905 2862.51
30.9241 -1003.23 2923.2
157.159 -86.448 2577.26
10.5764 -177.715 2775.69
37.6033 -610.509 2816.89
55.9234 248.692 2755.78
-51.4097 29.5276 2697.37
FRAME: 260
15.3063 494.296 2581.67
-207.057 -12.0102 2601.22
-140.562 -999.109 2843.53
41.7131 -81.4587 2601.84
-129.324 -181.136 2669.68
-138.021 -612.117 2714.83
-157.252 239.883 2594.71
-52.3403 247.154 2674.56
38.5817 7.03807 2861.8
27.3521 -996.982 2924.01
173.735 -138.633 2598.68
10.2345 -171.46 2775.82
34.5215 -604.54 2815.69
52.5718 254.425 2754.41
-55.9426 35.428 2698.66
FRAME: 261
5.97359 497.259 2583.66
-209.073 -8.02873 2601.42
-143.08 -998.924 2843.65
52.7188 -82.6742 2588.09
-135.351 -173.591 2670.12
-146.607 -601.152 2713.22
-162.659 243.39 2594.04
-56.1995 250.563 2673.66
33.3796 9.97835 2860.87
26.1027 -997.147 2924.15
168.121 -118.894 2590.04
6.17869 -164.081 2775.94
30.8298 -603 2817.15
50.2602 257.735 2753.29
-60.3928 40.8634 2698.35
FRAME: 262
-2.19131 498.663 2584.77
-213.277 4.82069 2595.79
-144.451 -1000.02 2842.69
38.7487 -94.8258 2567.25
-141.584 -170.661 2670.12
-149.995 -600.69 2712.38
-168.52 248.356 2593.55
-61.5464 255.046 2672.93
26.9161 9.71366 2862.22
26.0361 -997.274 2924.63
142.57 -138.221 2553.89
-1.44234 -161.861 2774.03
28.4244 -601.148 2819.07
45.4274 261.735 2752.31
-66.5297 44.3924 2697.51
FRAME: 263
-11.4075 496.073 2587.3
-218.671 2.53884 2597.44
-149.071 -1002.17 2844.37
25.83 -129.078 2535.51
-150.246 -169.861 2673.44
-156.134 -601.527 2713.19
-173.894 246.622 2595.87
-63.8761 251.445 2669.38
24.1972 21.5824 2862.44
27.9286 -996.711 2923.83
87.7456 -35.9055 2537.2
-8.62868 -163.694 2767.66
28.6104 -598.525 2819.44
46.1416 256.267 2742.89
-71.6567 42.3337 2694.96
FRAME: 264
-16.3773 496.352 2588.21
-216.513 -6.5286 2597.87
-153.337 -1005.94 2853.01
21.9228 -148.982 2526.32
-149.74 -170.685 2678.63
-160.451 -605.045 2720.32
-179.103 241.154 2596.68
-65.3049 246.266 2664.25
30.1031 28.1406 2854.95
30.4745 -994.708 2919.84
137.38 54.662 2490.57
-9.46872 -164.355 2761.81
31.7847 -596.626 2815.77
48.4932 251.378 2731.82
-72.4547 39.3729 2692.23

