FRAME: 0
0 0 0
0 0 0
0 0 0
0 0 0
0 0 0
0 0 0
0 0 0
0 0 0
0 0 0
0 0 0
0 0 0
0 0 0
0 0 0
0 0 0
0 0 0
FRAME: 1
0 0 0
0 0 0
0 0 0
0 0 0
0 0 0
0 0 0
0 0 0
0 0 0
0 0 0
0 0 0
0 0 0
0 0 0
0 0 0
0 0 0
0 0 0
FRAME: 2
0 0 0
0 0 0
0 0 0
0 0 0
0 0 0
0 0 0
0 0 0
0 0 0
0 0 0
0 0 0
0 0 0
0 0 0
0 0 0
0 0 0
0 0 0
FRAME: 3
0 0 0
0 0 0
0 0 0
0 0 0
0 0 0
0 0 0
0 0 0
0 0 0
0 0 0
0 0 0
0 0 0
0 0 0
0 0 0
0 0 0
0 0 0
FRAME: 4
0 0 0
0 0 0
0 0 0
0 0 0
0 0 0
0 0 0
0 0 0
0 0 0
0 0 0
0 0 0
0 0 0
0 0 0
0 0 0
0 0 0
0 0 0
FRAME: 5
0 0 0
0 0 0
0 0 0
0 0 0
0 0 0
0 0 0
0 0 0
0 0 0
0 0 0
0 0 0
0 0 0
0 0 0
0 0 0
0 0 0
0 0 0
FRAME: 6
0 0 0
0 0 0
0 0 0
0 0 0
0 0 0
0 0 0
0 0 0
0 0 0
0 0 0
0 0 0
0 0 0
0 0 0
0 0 0
0 0 0
0 0 0
FRAME: 7
0 0 0
0 0 0
0 0 0
0 0 0
0 0 0
0 0 0
0 0 0
0 0 0
0 0 0
0 0 0
0 0 0
0 0 0
0 0 0
0 0 0
0 0 0
FRAME: 8
0 0 0
0 0 0
0 0 0
0 0 0
0 0 0
0 0 0
0 0 0
0 0 0
0 0 0
0 0 0
0 0 0
0 0 0
0 0 0
0 0 0
0 0 0
FRAME: 9
0 0 0
0 0 0
0 0 0
0 0 0
0 0 0
0 0 0
0 0 0
0 0 0
0 0 0
0 0 0
0 0 0
0 0 0
0 0 0
0 0 0
0 0 0
FRAME: 10
0 0 0
0 0 0
0 0 0
0 0 0
0 0 0
0 0 0
0 0 0
0 0 0
0 0 0
0 0 0
0 0 0
0 0 0
0 0 0
0 0 0
0 0 0
FRAME: 11
0 0 0
0 0 0
0 0 0
0 0 0
0 0 0
0 0 0
0 0 0
0 0 0
0 0 0
0 0 0
0 0 0
0 0 0
0 0 0
0 0 0
0 0 0
FRAME: 12
0 0 0
0 0 0
0 0 0
0 0 0
0 0 0
0 0 0
0 0 0
0 0 0
0 0 0
0 0 0
0 0 0
0 0 0
0 0 0
0 0 0
0 0 0
FRAME: 13
0 0 0
0 0 0
0 0 0
0 0 0
0 0 0
0 0 0
0 0 0
0 0 0
0 0 0
0 0 0
0 0 0
0 0 0
0 0 0
0 0 0
0 0 0
FRAME: 14
0 0 0
0 0 0
0 0 0
0 0 0
0 0 0
0 0 0
0 0 0
0 0 0
0 0 0
0 0 0
0 0 0
0 0 0
0 0 0
0 0 0
0 0 0
FRAME: 15
0 0 0
0 0 0
0 0 0
0 0 0
0 0 0
0 0 0
0 0 0
0 0 0
0 0 0
0 0 0
0 0 0
0 0 0
0 0 0
0 0 0
0 0 0
FRAME: 16
0 0 0
0 0 0
0 0 0
0 0 0
0 0 0
0 0 0
0 0 0
0 0 0
0 0 0
0 0 0
0 0 0
0 0 0
0 0 0
0 0 0
0 0 0
FRAME: 17
0 0 0
0 0 0
0 0 0
0 0 0
0 0 0
0 0 0
0 0 0
0 0 0
0 0 0
0 0 0
0 0 0
0 0 0
0 0 0
0 0 0
0 0 0
FRAME: 18
0 0 0
0 0 0
0 0 0
0 0 0
0 0 0
0 0 0
0 0 0
0 0 0
0 0 0
0 0 0
0 0 0
0 0 0
0 0 0
0 0 0
0 0 0
FRAME: 19
0 0 0
0 0 0
0 0 0
0 0 0
0 0 0
0 0 0
0 0 0
0 0 0
0 0 0
0 0 0
0 0 0
0 0 0
0 0 0
0 0 0
0 0 0
FRAME: 20
0 0 0
0 0 0
0 0 0
0 0 0
0 0 0
0 0 0
0 0 0
0 0 0
0 0 0
0 0 0
0 0 0
0 0 0
0 0 0
0 0 0
0 0 0
FRAME: 21
0 0 0
0 0 0
0 0 0
0 0 0
0 0 0
0 0 0
0 0 0
0 0 0
0 0 0
0 0 0
0 0 0
0 0 0
0 0 0
0 0 0
0 0 0
FRAME: 22
0 0 0
0 0 0
0 0 0
0 0 0
0 0 0
0 0 0
0 0 0
0 0 0
0 0 0
0 0 0
0 0 0
0 0 0
0 0 0
0 0 0
0 0 0
FRAME: 23
0 0 0
0 0 0
0 0 0
0 0 0
0 0 0
0 0 0
0 0 0
0 0 0
0 0 0
0 0 0
0 0 0
0 0 0
0 0 0
0 0 0
0 0 0
FRAME: 24
0 0 0
0 0 0
0 0 0
0 0 0
0 0 0
0 0 0
0 0 0
0 0 0
0 0 0
0 0 0
0 0 0
0 0 0
0 0 0
0 0 0
0 0 0
FRAME: 25
194.1 579.226 2519.32
-190.296 188.236 2468.38
66.1173 -936.127 2560.51
-232.216 292.877 2158.42
-6.14417 -60.1828 2484.01
118.846 -538.773 2437.65
-61.3342 340.726 2489.25
57.5598 342.953 2501.33
348.076 165.437 2441.5
104.421 -817.486 2879.53
521.46 23.6384 2139.38
138.342 -57.4766 2498.69
124.329 -467.291 2358.19
176.454 345.18 2513.41
61.8294 142.062 2496.34
FRAME: 26
0 0 0
0 0 0
0 0 0
0 0 0
0 0 0
0 0 0
0 0 0
0 0 0
0 0 0
0 0 0
0 0 0
0 0 0
0 0 0
0 0 0
0 0 0
FRAME: 27
182.899 586.003 2474.94
-184.995 188.789 2472.2
64.7349 -900.214 2549.07
-274.762 339.919 2180.3
-0.842162 -89.1029 2467.69
109.646 -520.302 2432.54
-43.6834 339.766 2491.55
60.1724 343.399 2506.86
339.555 167.235 2400.77
86.6652 -834.561 2923.02
262.789 334.435 1759.03
159.318 -83.5005 2491.29
136.358 -485.241 2661.62
164.028 347.032 2522.17
69.7051 128.549 2493.18
FRAME: 28
165.728 596.705 2435.65
-170.309 191.094 2459.06
64.3858 -899.699 2554.07
-293.394 374.226 2179.36
6.75131 -92.1462 2473.38
110.608 -520.708 2432.54
-33.109 343.957 2489.32
71.1463 347.736 2495.48
293.076 293.967 2106.83
83.7061 -832.423 2874.45
67.4951 459.338 1921.56
169.261 -86.2556 2482.97
136.679 -485.698 2659.46
175.402 351.515 2501.63
79.5762 129.268 2486.83
FRAME: 29
165.835 608.487 2416.88
-171.674 205.168 2435.16
64.7457 -894.051 2547.18
-320.424 451.782 2211.45
25.6578 -84.6 2458.43
123.216 -519.983 2431.36
-21.4219 347.353 2485.82
81.6223 352.887 2482.61
198.273 384.058 2100.48
77.902 -810.43 2908.44
-75.5734 496.783 2101.64
182.458 -76.1805 2453.54
134.123 -480.53 2660.99
184.667 358.42 2479.4
92.8401 136.248 2469.3
FRAME: 30
178.816 615.837 2372.68
-170.652 217.106 2449.75
66.1107 -878.396 2524.21
-174.663 408.008 2187.37
40.03 -81.8642 2422.57
125.874 -515.015 2406.53
-0.488739 338.554 2480.87
90.604 349.909 2457.99
44.8974 385.497 2083.67
75.2032 -808.519 2928.14
-13.6407 452.062 2021.91
217.113 -59.7892 2378.09
137.859 -476.197 2678.79
181.697 361.265 2435.12
109.588 139.541 2429.16
FRAME: 31
163.216 618.551 2333.19
-199.768 256.867 2426.63
78.5802 -835.551 2561.97
-351.034 488.091 2341.31
61.6078 -79.2359 2464.73
136.935 -482.1 2441.92
-24.7157 375.429 2443.71
97.2192 375.016 2342.89
70.1375 334.154 2107.75
62.6549 -839.978 2876.9
-161.652 389.12 2251.18
221.75 -79.779 2332.33
128.807 -505.604 2627.58
219.154 374.602 2242.08
119.449 147.754 2370.71
FRAME: 32
154.546 608.305 2294.12
-205.198 251.687 2431.55
79.8742 -843.147 2571.13
-393.595 492.002 2430.96
67.2724 -74.3899 2461
134.896 -480.706 2451.04
-24.1012 371.9 2435.4
99.8667 373.487 2337.84
56.8079 323.873 2110.54
52.2943 -914.374 2521.53
-175.564 373.937 2276.05
234.3 -72.2518 2329.55
228.239 -445.838 2515.21
223.835 375.074 2240.28
125.327 150.083 2366.56
FRAME: 33
153.33 607.776 2297.46
-192.288 254.359 2441.66
78.2253 -868.201 2527.25
-311.638 445.025 2335.87
95.1336 -50.7958 2453.28
134.18 -485.638 2438.65
-6.52027 369.682 2448.25
104.612 367.589 2341.38
44.9332 310.942 2102.92
114.228 -789.768 2744.67
-196.891 355.122 2287.07
208.585 -52.933 2344.19
224.343 -399.615 2548.03
215.744 365.495 2234.52
128.236 157.862 2370.06
FRAME: 34
152.57 601.997 2292.42
-192.365 256.161 2441.57
79.853 -857.499 2545.95
-285.791 446.192 2365.68
98.3741 -53.793 2451.31
136.087 -481.127 2443.84
2.95044 359.616 2445.4
113.17 357.87 2341.65
47.6214 281.46 2091.71
109.486 -790.135 2746.97
-189.447 331.201 2286.96
216.591 -55.6663 2340.03
225.996 -407.128 2540.4
223.39 356.123 2237.89
135.326 151.57 2368.66
FRAME: 35
0 0 0
0 0 0
0 0 0
0 0 0
0 0 0
0 0 0
0 0 0
0 0 0
0 0 0
0 0 0
0 0 0
0 0 0
0 0 0
0 0 0
0 0 0
FRAME: 36
149.982 598.918 2283.85
-168.647 244.009 2473.07
82.782 -854.385 2561.6
-295.957 423.758 2356.76
95.5715 -51.2581 2456.06
140.338 -461.467 2451.97
8.18862 378.452 2424.63
114.073 371.004 2321.05
36.0623 269.217 2104.41
106.699 -793.563 2750.98
-175.413 366.801 2265.78
218.785 -59.9253 2335.53
181.726 -460.749 2412.66
219.958 363.556 2217.48
135.626 157.706 2358.43
FRAME: 37
147.615 597.038 2275.14
-160.62 228.146 2476.88
86.011 -865.989 2566.95
-296.976 406.41 2355.52
94.2132 -39.3981 2453.49
143.836 -458.755 2455.73
21.5707 398.843 2414.75
122.436 389.335 2317.58
27.7412 271.138 2116.93
103.118 -783.552 2760.67
-202.947 347.983 2293.91
216.821 -50.9564 2335.37
168.679 -446.788 2392.3
223.3 379.826 2220.4
138.976 172.079 2356
FRAME: 38
0 0 0
0 0 0
0 0 0
0 0 0
0 0 0
0 0 0
0 0 0
0 0 0
0 0 0
0 0 0
0 0 0
0 0 0
0 0 0
0 0 0
0 0 0
FRAME: 39
142.196 599.397 2266.27
-176.247 243.712 2437.34
83.1117 -847.233 2557.65
-318.476 453.233 2287.72
92.6425 -40.1658 2452.49
142.66 -453.728 2448.78
8.18221 381.783 2405.36
121.88 373.416 2316.92
44.9855 245.675 2136.75
95.1821 -779.43 2657.65
-191.841 342.616 2273.32
221.827 -49.6711 2351.74
162.842 -471.816 2419.02
235.578 365.05 2228.48
139.558 164.249 2359.52
FRAME: 40
135.762 601.851 2277.16
-186.914 243.287 2415.65
79.9503 -849.965 2560.26
-312.514 463.834 2277.23
89.3258 -40.276 2453.6
139.124 -453.88 2450.52
-0.543461 376.499 2407.14
118.602 368.318 2321.87
41.5067 244.27 2139.67
94.6599 -782.688 2659.55
-190.636 351.325 2257.46
213.668 -48.8111 2364.61
171.905 -463.336 2419.76
237.748 360.138 2236.59
135.05 161.887 2365.49
FRAME: 41
136.944 602.075 2273.9
-192.411 240.479 2400.75
76.972 -852.712 2560.51
-268.51 404.015 2191.18
84.3473 -37.3363 2455.4
127.05 -446.424 2454.72
-3.09323 370.427 2411.62
118.075 366.472 2337.25
34.8931 248.033 2139.68
91.9889 -787.103 2650.49
-218.311 384.786 2277.3
218.953 -41.526 2373.33
203.284 -428.976 2470.5
239.244 362.517 2262.89
134.863 163.52 2375.81
FRAME: 42
138.84 607.972 2283.32
-199.435 246.941 2384.93
72.0492 -851.995 2560.09
-248.176 403.167 2175.27
78.5834 -34.2513 2454.77
121.802 -456.041 2454.48
-8.86084 372.126 2414.63
117.364 373.213 2350
70.4142 247.051 2137.68
86.149 -793.051 2629.79
-204.752 373.109 2266.75
227.728 -32.8585 2378.93
217.237 -423.715 2480.09
243.59 374.3 2285.37
135.26 169.829 2383.42
FRAME: 43
139.026 611.945 2297.29
-198.951 247.804 2380.23
67.7926 -848.37 2556.62
-240.649 403.118 2161.21
73.3977 -41.745 2451.45
116.272 -455.331 2453.78
-16.9353 372.475 2413.26
114.629 375.325 2356.12
108.431 235.834 2140.52
78.3238 -809.672 2617.74
-202.504 374.375 2238.84
226.487 -38.3121 2385.83
221.974 -425.251 2499.42
246.192 378.174 2298.98
132.286 167.648 2387.38
FRAME: 44
135.958 611.305 2333.4
-173.647 207.646 2401.15
72.413 -843.07 2521.93
-140.266 354.55 2179.49
70.1106 -16.787 2470
124.919 -436.911 2425.31
-9.99294 416.6 2430.85
113.634 414.411 2365.59
111.004 251.427 2144.55
45.2718 -844.729 2470.16
-227.471 422.916 2231.35
212.423 -19.3062 2394.88
225.566 -443.323 2463.9
237.261 412.223 2300.33
127.451 198.182 2399.01
FRAME: 45
132.124 616.194 2331.98
-190.42 236.594 2386.28
66.6311 -855.402 2552.84
-187.334 384.756 2171.32
54.7359 -42.8676 2478.66
114.823 -463.098 2452.87
-33.8927 384.732 2466.98
103.166 390.993 2406.24
165.812 239.785 2182.07
77.9225 -828.155 2629.34
-135.85 358.617 2202.5
218.921 -35.3547 2405.89
215.246 -431.574 2580.27
240.225 397.254 2345.49
119.997 175.941 2424.26
FRAME: 46
0 0 0
0 0 0
0 0 0
0 0 0
0 0 0
0 0 0
0 0 0
0 0 0
0 0 0
0 0 0
0 0 0
0 0 0
0 0 0
0 0 0
0 0 0
FRAME: 47
128.709 624.105 2381.21
-159.991 274.291 2323.53
64.7968 -871.628 2537.93
-134.204 279.838 2332.63
22.8435 -31.6747 2534.47
120.67 -464.833 2443.28
-49.3677 390.532 2483.84
77.8537 394.943 2475.93
221.033 189.622 2309.62
109.572 -772.216 2856.05
-25.0052 269.445 2188.66
168.946 -26.7424 2523.78
188.211 -416.159 2680.47
205.075 399.354 2468.02
86.8742 182.867 2502.53
FRAME: 48
124.984 627.994 2392.58
-183.81 262.437 2377.94
66.2164 -900.72 2557.84
-147.541 340.596 2206.94
4.26914 -31.2223 2563.06
126.893 -476.166 2456.07
-41.9453 394.576 2501.11
83.187 395.898 2485.21
225.75 190.959 2335.71
110.15 -750.85 2839.65
-22.0631 240.413 2214.71
187.93 -29.2831 2539.71
192.13 -416.984 2647.21
208.319 397.219 2469.3
89.6434 182.823 2518.3
FRAME: 49
120.203 617.509 2427.83
-141.977 212.434 2377.05
67.7797 -879.905 2548.13
-69.9465 250.646 2211.55
11.5621 -31.8567 2558.68
119.614 -463.405 2467.65
-56.4724 391.074 2489.46
76.9153 395.303 2490.27
235.131 180.856 2345.26
108.609 -770.637 2867.25
10.3483 224.69 2219.04
168.72 -27.3402 2556.77
184.616 -424.244 2670.93
210.303 399.533 2491.08
83.5282 182.852 2524
FRAME: 50
114.427 612.77 2451.5
-139.563 207.268 2411.37
65.2549 -905.218 2555.61
-71.4677 242.744 2252.14
1.97462 -38.6409 2573.87
122.439 -472.784 2467.05
-45.5847 390.908 2511.68
79.5695 393.677 2512.16
242.097 171.478 2389.14
103.377 -765.2 2861.54
20.0007 194.35 2261.86
175.742 -34.796 2574.53
184.269 -427.215 2653.98
204.724 396.446 2512.63
84.214 178.479 2543.18
FRAME: 51
121.48 602.073 2482.33
-98.8697 170.547 2353.64
68.0277 -869.825 2525.76
-144.465 156.208 2527.9
7.99648 -42.5564 2585.5
111.801 -466.115 2483.8
-61.5351 363.875 2529.26
80.3491 367.386 2562.13
247.826 162.307 2456.74
108.682 -770.576 2907.86
24.9674 218.734 2297.01
154.228 -38.9379 2619.37
166.003 -439.404 2667.17
222.233 370.897 2594.99
80.7307 163.319 2582.28
FRAME: 52
113.502 606.468 2490.87
-94.9243 179.597 2368.16
57.862 -905.699 2556.5
14.7781 147.768 2438.41
-13.1771 -54.0393 2648.28
94.5116 -494.377 2525.16
-55.1101 366.991 2549.18
76.004 370.288 2577.18
251.439 155.004 2509.13
107.441 -764.242 2895.38
56.6424 187.127 2323.67
151.036 -49.915 2682.67
163.358 -465.083 2853.21
207.118 373.585 2605.18
72.4668 159.155 2621.32
FRAME: 53
108.863 609.977 2512.58
-76.2146 192.064 2380.55
52.0414 -908.769 2569.32
-53.4568 186.503 2553.13
-24.9532 -46.4244 2667.93
64.6156 -486.766 2569.88
-56.6516 384.526 2564.83
74.9775 386.829 2592.54
254.66 150.344 2555.08
28.7874 -799.323 2990.09
22.7955 187.698 2388.74
152.44 -43.6412 2704.19
159.398 -448.464 2860.33
206.606 389.132 2620.24
69.3605 170.898 2639.3
FRAME: 54
107.222 616.42 2545.27
-56.7727 217.48 2376.63
2.58823 -829.287 2660.07
9.01665 94.8438 2545.94
-48.1555 -5.89549 2742.78
-16.7806 -423.258 2657.46
-67.4485 411.992 2590.01
68.9349 412.649 2626.33
236.687 148.768 2597.95
55.6457 -741.108 3108.14
41.6418 176.797 2381.72
116.371 -5.10225 2786.59
144.357 -430.455 2871.42
205.318 413.307 2662.64
51.5213 203.575 2695.5
FRAME: 55
101.348 641.712 2561.67
-77.9208 207.493 2433.9
-42.5984 -851.525 2711.16
26.0779 110.969 2532.26
-81.6693 11.7767 2764.89
-51.0759 -436.238 2701.6
-69.4152 448.305 2624.6
61.2626 444.499 2658.25
247.528 200.734 2723.63
65.7 -705.893 3186.28
56.425 168.487 2469.67
110.894 5.74667 2814.06
137.711 -405.254 2912.47
191.94 440.693 2691.91
37.9375 226.63 2723.86
FRAME: 56
95.8089 658.954 2602.54
-80.8366 211.587 2462.09
-70.2539 -852.53 2763.15
32.0626 113.755 2548.86
-86.6001 29.1059 2778.67
-61.1127 -427.376 2718.21
-63.834 457.463 2649.16
62.456 449.034 2676.89
240.05 195.668 2733.51
54.6299 -706.206 3178.8
40.2757 173.72 2544.7
101.166 16.1296 2819.03
128.506 -384.86 2926.65
188.746 440.604 2704.63
34.8696 235.826 2737.87
FRAME: 57
90.0812 668.606 2636.99
-83.5339 218.495 2494.25
-108.638 -822.724 2804.62
31.195 131.014 2555.12
-92.8041 52.8425 2810.39
-80.3546 -395.057 2739.37
-60.7094 476.019 2689.35
60.4819 464.209 2707.32
235.634 195.717 2743.48
42.0352 -710.223 3163.42
32.9786 182.661 2568.8
96.4501 34.1573 2838.23
110.201 -369.131 2939.85
181.673 452.399 2725.28
31.1525 253.854 2765.81
FRAME: 58
84.2245 670.556 2649.94
-73.8769 231.34 2510.93
-182.383 -756.588 2853.96
36.0685 111.833 2550.99
-92.2104 62.5277 2829.95
-105.976 -354.517 2755.85
-66.7397 480.202 2704.74
61.1491 465.412 2718.4
229.797 187.693 2768.59
42.8128 -705.627 3169.18
7.15851 193.036 2587.54
92.8953 41.1207 2849.73
100.017 -363.287 2952.75
189.038 450.622 2732.07
30.7458 258.618 2779.12
FRAME: 59
65.9075 683.311 2666.82
-174.546 259.054 2772.06
-252.677 -767.37 2941.41
1.15509 163.607 2617.45
-102.048 69.8254 2820.35
-157.469 -359.356 2791.33
-52.9366 487.622 2714.01
52.1096 474.317 2734.43
213.416 208.71 2776.06
34.459 -702.82 3180.25
-61.2466 309.659 2481.64
61.5751 49.101 2852.17
75.6862 -334.776 2968.39
157.156 461.012 2754.86
15.9366 266.89 2785.35
FRAME: 60
40.3605 684.506 2696.35
-165.528 259.654 2759.86
-282.228 -749.198 2964.84
-83.3037 271.123 2754.71
-123.076 74.6541 2845.83
-171.924 -347.742 2815.64
-50.1475 496.041 2727.94
49.6611 480.496 2748.57
203.836 211.178 2796.1
35.5544 -705.689 3174.89
-63.5253 301.318 2555.63
44.5586 48.5463 2880.47
41.1742 -334.215 2990.95
149.47 464.952 2769.19
5.20111 271.048 2805.86
FRAME: 61
24.3383 685.855 2729.76
-207.735 273.373 2798.38
-361.267 -700.389 3044.1
-86.8711 323.692 2728.04
-155.672 97.2218 2893.53
-218.885 -325.732 2856.48
-74.1231 492.627 2751.44
35.6787 467.231 2763.45
173.37 202.801 2797.89
39.0355 -713.474 3163.29
-84.7222 320.188 2556.39
23.7229 56.7612 2913.67
53.1232 -346.265 2994.74
145.481 441.835 2775.46
-15.148 272.111 2833.52
FRAME: 62
5.01875 689.071 2737.93
-227.555 274.181 2805.11
-443.482 -663.838 3109.99
-152.268 351.841 2674.53
-183.986 81.4374 2915.67
-273.408 -325.6 2902.44
-144.63 479.576 2785.94
-36.0452 466.992 2793.83
139.647 210.998 2840.92
39.4038 -708.828 3163.49
-72.1798 194.644 2683.72
7.53701 60.9216 2930.59
46.9928 -338.573 3008.4
72.5398 454.407 2801.71
-62.1347 269.086 2858.48
FRAME: 63
-30.1174 689.583 2750.83
-237.457 285.078 2772.42
-496.924 -635.396 3150.84
-156.262 404.094 2594.19
-208.955 71.0572 2949.81
-341.634 -309.733 2973.57
-164.446 479.681 2828.92
-46.3952 461.052 2822.89
113.184 195.178 2866.19
42.266 -713.972 3171.6
-117.692 236.169 2636.85
-4.88145 39.3634 2939.63
45.7037 -342.514 3021.38
71.6552 442.423 2816.85
-76.6568 258.131 2883.81
FRAME: 64
-49.0298 687.881 2757.08
-265.201 295.568 2753.93
-513.007 -626.868 3149.35
-175.335 400.906 2587.68
-234.509 71.3781 2968.55
-367.027 -299.823 2989.79
-184.177 478.481 2840.77
-58.9501 455.76 2840
85.8948 184.146 2887.23
42.2629 -707.78 3181.36
-147.168 240.808 2647.97
-30.3667 34.5725 2966.68
39.3119 -335.861 3033.45
66.277 433.039 2839.23
-95.6939 254.368 2903.81
FRAME: 65
-82.7997 680.538 2773.63
-277.033 291.346 2747.06
-557.568 -623.611 3205.66
-221.198 396.146 2658.01
-264.929 63.5373 2986.92
-415.596 -306.702 3038.45
-216.849 473.693 2852.58
-92.7356 453.2 2848.15
69.2885 176.286 2907.8
40.8064 -715.094 3183.91
-127.407 148.989 2725.73
-48.8949 27.6297 2978.69
31.0011 -340.169 3035.16
31.3774 432.707 2843.71
-124.824 249.392 2915.48
FRAME: 66
-104.687 678.634 2769.44
-297.796 283.252 2805.05
-569.047 -619.634 3230.66
-269.674 441.391 2579.29
-286.41 64.7214 3001.61
-448.942 -278.042 3057.87
-232.281 477.453 2878.42
-109.633 453.94 2872.6
51.1704 181.36 2926.44
38.4944 -703.8 3185.25
-151.293 149.602 2737.25
-80.5691 25.512 2992.64
26.2796 -332.93 3037.09
13.0152 430.428 2866.79
-146.561 249.529 2934.86
FRAME: 67
-131.844 662.493 2796.39
-324.693 297.687 2762.44
-594.471 -642.76 3231.43
-256.505 397.615 2510.06
-325.891 45.4464 3019.3
-489.605 -299.841 3071.21
-275.509 456.167 2887.97
-156.613 437.043 2883.12
18.6634 177.548 2947.12
39.0185 -721.532 3197.66
-168.544 123.38 2757.45
-108.189 10.4703 3011.44
7.44176 -350.98 3051.42
-37.7183 417.919 2878.27
-186.827 232.5 2949.25
FRAME: 68
-185.847 656.57 2806.81
-372.296 315.702 2752.14
-608.179 -672.326 3246.27
-282.64 364.592 2639.77
-375.265 47.8062 3025.05
-511.64 -322.102 3077.5
-323.341 451.168 2884.09
-212.783 438.876 2887.2
-46.1903 200.268 2965.69
35.6889 -712.812 3207.94
-226.951 184.096 2730.62
-147.158 21.5321 3029.91
-29.64 -349.102 3076.32
-102.226 426.584 2890.3
-236.998 236.772 2957.34
FRAME: 69
-227.248 671.324 2813.33
-407.522 288.132 2832.95
-614.038 -679.398 3277.69
-317.76 397.938 2667.29
-399.819 52.0533 3051.44
-526.946 -326.944 3110.57
-395.269 467.804 2948.58
-263.742 453.16 2926.57
-93.3952 220.431 2969.79
20.9275 -716.949 3198.77
-246.461 181.048 2799.29
-185.688 27.5191 3014.12
-74.7272 -341.523 3081.85
-132.215 438.515 2904.57
-278.248 246.473 2979.68
FRAME: 70
-250.647 684.688 2823.81
-416.072 288.281 2886.95
-621.109 -680.858 3291.78
-348.504 337.671 2678.32
-418.272 64.0544 3059.02
-537.223 -320.861 3120.95
-396.206 481.992 2952.3
-274.878 464.745 2930.76
-115.82 222.009 2968.08
0.0724581 -712.987 3209.99
-294.401 182.584 2803.86
-210.944 34.1289 3021.41
-96.3444 -343.863 3094.87
-153.549 447.498 2909.21
-294.743 256.918 2985.48
FRAME: 71
-265.858 694.532 2826.53
-447.957 303.056 2902.83
-620.979 -672.537 3292.14
-403.294 311.582 2712.29
-430.263 68.6665 3053.51
-548.635 -308.274 3127.86
-413.298 492.536 2950.72
-289.481 477.322 2932.28
-118.228 230.239 2980.84
-13.1344 -702.227 3221.79
-322.075 206.954 2797.26
-221.131 42.8898 3022.45
-109.1 -336.182 3103.24
-165.664 462.109 2913.84
-307.589 266.55 2985.13
FRAME: 72
-283.948 701.092 2832.93
-468.728 323.181 2947.65
-625.341 -673.878 3300.7
-424.825 337.847 2762.59
-438.387 78.053 3053.49
-547.068 -314.299 3128.56
-413.659 502.669 2947.22
-295.547 488.202 2932.11
-132.625 232.248 2974.55
-30.4125 -696.934 3234.79
-342.297 232.929 2780.51
-229.604 52.4231 3026.7
-121.931 -324.149 3111.38
-177.434 473.735 2916.99
-314.771 276.72 2986.1
FRAME: 73
-297.62 701.176 2834.99
-491.236 330.227 2954.88
-625.643 -669.305 3303.52
-435.128 289.57 2744.1
-444.82 80.5893 3057.02
-549.499 -310.189 3130
-417.346 503.087 2947.17
-300.799 488.523 2933.68
-132.143 233.862 2981.44
-42.0799 -691.579 3251.84
-355.217 248.391 2761
-237.629 54.5907 3032.9
-133.127 -326.168 3112.53
-184.253 473.958 2920.19
-321.012 278.056 2989.32
FRAME: 74
-309.943 701.449 2844.77
-490.223 330.156 2946.53
-625.182 -672.059 3302.17
-434.096 266.374 2749.53
-449.981 83.5097 3055.16
-552.349 -312.141 3126.25
-417.836 506.032 2936.72
-304.241 491.676 2928.94
-127.402 239.159 2979.76
-47.3908 -676.892 3269.45
-357.871 205.334 2793.43
-248.092 58.0046 3040.62
-135.969 -318.629 3120.5
-190.645 477.32 2921.16
-326.638 281.217 2988.42
FRAME: 75
-316.141 696.508 2848.69
-503.081 318.906 2953.16
-624.265 -675.317 3304.08
-457.553 289.065 2779.78
-447.204 79.2455 3068.8
-551.344 -322.118 3133.93
-427.804 499.664 2951.77
-311.799 485.53 2938.16
-133.258 232.512 2994.35
-47.6955 -675.301 3263.14
-361.723 200.617 2788.93
-251.061 55.3471 3045.8
-144.562 -322.419 3117.15
-195.795 471.396 2924.55
-330.466 276.413 2997.73
FRAME: 76
-320.493 698.47 2851.71
-508.031 335.686 2991.92
-624.541 -673.033 3307.17
-451.149 266.648 2782.52
-451.829 76.8597 3076.24
-552.657 -320.158 3139.53
-433.086 500.857 2957.66
-315.945 486.559 2943.82
-142.368 236.119 3000.61
-54.639 -672.706 3265.59
-353.612 182.639 2807.6
-255.07 52.7583 3052.76
-152.266 -318.879 3124.44
-198.804 472.26 2929.99
-334.697 275.684 3004.16
FRAME: 77
-323.803 698.86 2853.25
-505.535 332.16 3009.83
-622.411 -669.766 3303.94
-436.378 273.553 2733.77
-452.104 76.2686 3079.21
-554.999 -315.176 3142.39
-438.016 501.243 2962.97
-317.05 486.559 2948.47
-139.175 234.82 3001.38
-58.3934 -667.947 3270.15
-357.151 180.262 2808.55
-257.157 52.5837 3056.14
-151.192 -316.493 3129.86
-196.083 471.874 2933.98
-335.84 275.492 3008.07
FRAME: 78
-327.098 699.66 2852.05
-510.963 317.861 2993.54
-623.78 -676.419 3307.68
-438.93 284.9 2700.68
-449.511 79.2852 3082.04
-559.68 -317.637 3148.48
-429.501 508.04 2970.21
-315.577 492.924 2950.94
-149.052 238.567 2992.25
-56.6032 -667.078 3275.7
-353.926 206.7 2800.46
-257 53.5698 3049.25
-154.993 -313.8 3129.41
-201.654 477.808 2931.67
-334.416 279.676 3008.29
FRAME: 79
-331.024 703.811 2858.64
-501.157 326.845 3013.4
-622.904 -672.461 3304.66
-431.14 268.184 2731.67
-448.301 78.9961 3084.52
-557.543 -310.487 3149.05
-429.593 511.052 2967.19
-312.793 495.532 2949.55
-138.561 243.287 3001.54
-59.9269 -661.507 3293.05
-348.661 199.531 2816.61
-254.713 53.2812 3055.29
-152.259 -312.414 3140.27
-195.994 480.013 2931.91
-332.15 280.836 3009.73
FRAME: 80
-330.831 702.322 2858.76
-491.354 319.098 2999.35
-623.936 -679.115 3307.07
-445.922 294.294 2757.71
-446.134 79.2347 3084.68
-557.026 -311.938 3150.72
-435.686 508.769 2976.51
-316.675 494.236 2954.54
-139.741 238.274 2994.75
-56.6274 -657.087 3285.95
-347.424 199.904 2823.79
-251.636 55.1844 3048.66
-153.479 -313.43 3137.28
-197.663 479.703 2932.58
-332.78 280.723 3010.61
FRAME: 81
-333.673 705.723 2858.19
-488.036 312.178 3013.45
-623 -671.774 3306.64
-424.981 308.185 2799.07
-443.265 78.6611 3086.12
-554.025 -301.432 3158.52
-434.955 510.049 2980.03
-315.439 496.171 2957.4
-133.597 241.994 3001.62
-54.5274 -656.902 3288.59
-352.838 198.525 2842.69
-246.244 55.6568 3048.56
-145.398 -303.753 3146.06
-195.924 482.293 2934.77
-330.097 281.665 3012.37
FRAME: 82
-332.725 704.497 2861.82
-482.679 302.855 3030.64
-623.595 -667.943 3304.45
-411.122 240.747 2779.6
-440.698 75.7703 3089.28
-554.498 -303.859 3155.77
-433.493 511.36 2980.08
-315.547 497.609 2957.02
-138.199 237.698 2996.42
-53.7638 -666.321 3293.26
-327.55 271.924 2825.22
-247.114 53.1004 3051.26
-141.964 -310.729 3151.86
-197.602 483.858 2933.97
-329.727 281.022 3013.65
FRAME: 83
-331.143 705.503 2861.33
-472.42 302.759 3028.36
-620.874 -660.171 3300.58
-399.945 257.837 2744.29
-434.829 77.3959 3092.89
-553.098 -300.092 3156.03
-428.158 514.661 2984.43
-310.995 500.431 2958.43
-134.153 240.856 2993.97
-51.5818 -670.88 3295.83
-344.606 231.378 2782.7
-242.65 53.8872 3049.91
-138.028 -311.758 3150.73
-193.832 486.202 2932.42
-324.867 283.037 3014.91
FRAME: 84
-327.54 704.937 2861.1
-465.731 293.814 3024.71
-621.489 -664.173 3300.91
-410.599 255.096 2729.93
-426.905 78.5428 3096.1
-550.489 -301.286 3154.59
-424.481 516.209 2984.98
-308.861 501.813 2955.89
-132.646 243.74 2992.27
-49.7595 -672.902 3295.65
-326.152 197.908 2799.73
-239.856 55.2649 3048.7
-128.045 -320 3144.96
-193.24 487.416 2926.79
-321.121 284.358 3014.14
FRAME: 85
-327.761 705.164 2861.77
-454.495 310.951 3052.77
-624.626 -669.525 3301.61
-443.016 250.226 2837.91
-425.901 80.3227 3094.17
-555.729 -300.024 3152.45
-408.234 508.135 2976.91
-298.826 491.886 2951.76
-131.527 228.004 2988.03
-50.5986 -682.745 3297.17
-335.391 189.743 2800.6
-242.824 52.9793 3051.92
-122.439 -320.786 3140.87
-189.418 475.637 2926.62
-316.595 279.268 3012.41
FRAME: 86
-319.611 704.888 2861.17
-448.101 292.036 3047.79
-624.188 -666.637 3296.56
-417.596 269.823 2791.35
-417.792 82.4552 3097.67
-553.811 -299.764 3149.18
-405.864 503.695 2976.19
-295.645 487.403 2949.64
-130.558 231.466 2985.71
-48.9881 -684.69 3293.95
-317.781 177.648 2805.8
-236.927 55.481 3054
-123.975 -321.707 3139.5
-185.426 471.111 2923.08
-311.502 278.186 3012.74
FRAME: 87
-308.459 705.59 2860.87
-457.276 273.226 3023.02
-626.495 -672.926 3293.45
-350.497 266.517 2741.47
-423.724 82.328 3084.45
-549.077 -303.953 3131.46
-433.144 497.872 2958.22
-308.224 486.119 2942
-122.271 234.656 2997.41
-48.9011 -677.465 3289.19
-295.066 195.792 2788.29
-238.259 64.5218 3060.29
-131.251 -309.152 3137.4
-183.304 474.367 2925.78
-319.608 279.772 3007.18
FRAME: 88
-292.384 703.833 2861.17
-419.717 284.494 2944.33
-642.031 -674.118 3288.49
-302.728 313.12 2746.35
-432.454 86.1343 3069.95
-542.111 -305.634 3112.66
-435.357 495.344 2944.84
-310.278 485.73 2941.65
-128.378 251.266 3034.62
-51.6355 -671.635 3290.35
-267.784 192.867 2787.71
-245.755 71.3531 3065.46
-141.422 -304.883 3138.77
-185.199 476.115 2938.45
-324.691 282.237 3004.68
FRAME: 89
-264.327 691.215 2866.55
-433.197 264.874 2910.78
-662.553 -628.927 3240.69
-233.878 264.836 2779.08
-432.752 71.8059 3046.43
-537.15 -310.697 3087.87
-444.714 497.929 2925.96
-317.141 494.944 2939.94
-122.503 272.597 3037.69
-60.701 -667.624 3287.15
-203.667 252.712 2781.59
-246.671 67.4685 3067.51
-149.501 -304.338 3146.58
-189.567 491.958 2953.93
-328.426 282.29 2998.46
FRAME: 90
-270.151 700.844 2871.43
-436.329 266.958 2907.31
-676.037 -635.658 3212.34
-245.955 259.198 2828.72
-425.826 67.3045 3032.27
-531.495 -314.834 3063.4
-437.802 488.869 2889.08
-312.619 491.72 2920.33
-117.305 268.136 3008.27
-59.3825 -667.253 3295.62
-156.041 319.142 2717.66
-247.364 71.2631 3076.5
-157.912 -310.946 3158.61
-187.436 494.571 2951.58
-324.607 280.502 2987.36
FRAME: 91
-254.909 703.05 2873.11
-377.282 259.297 2859.22
-675.644 -636.471 3198.62
-191.782 307.243 2815.28
-419.105 59.0231 3009.43
-519.739 -318.094 3046.07
-419.435 487.451 2870.72
-304.717 493.715 2924.45
-114.776 258.684 2966.11
-66.4924 -667.46 3300.42
-131.091 337.049 2765.21
-257.716 67.7865 3084.78
-159.915 -306.752 3165.54
-189.998 499.979 2978.19
-321.563 278.56 2985.78
FRAME: 92
-245.859 686.787 2879.28
-296.963 214.481 2831.55
-679.246 -643.017 3192.42
-35.3187 351.327 2899.45
-410.386 43.0943 2993.57
-509.142 -330.773 3034.26
-385.504 470.08 2859.05
-294.37 478.415 2935.04
-244.181 258.659 3123.58
-71.2617 -672.288 3298.78
-70.3767 297.371 2894.56
-283.398 54.5487 3098.82
-151.014 -310.867 3157.36
-203.236 486.751 3011.02
-320.631 263.618 2990.62
FRAME: 93
-236.206 661.113 2883.13
-266.709 199.289 2835.94
-677.581 -652.649 3186.72
-34.0879 347.103 2955.76
-400.869 28.1177 2981.39
-501.288 -347.627 3019.22
-354.287 441.989 2845.07
-279.969 453.275 2942.77
-246.85 260.005 3138.41
-76.4108 -679.382 3301.78
-56.6698 281.077 2938.96
-301.616 42.9005 3110.44
-140.386 -321.212 3157.67
-205.651 464.562 3040.47
-315.606 244.392 2994.34
FRAME: 94
-225.019 639.735 2886.54
-230.09 186.89 2842.64
-672.829 -660.282 3185.51
-51.4203 353.07 3021.42
-383.63 10.0762 2976.63
-491.648 -367.767 3012.06
-322.234 421.757 2828.95
-264.581 438.335 2940.1
-241.455 256.531 3149.67
-77.8411 -681.983 3299.34
-29.2681 276.445 2983.85
-311.275 30.7289 3115.44
-129.764 -326.419 3153.26
-206.928 454.914 3051.25
-306.017 229.369 2993.07
FRAME: 95
-202.402 619.503 2889.94
-145.971 211.638 2904.38
-668.886 -656.691 3184.95
-79.3389 366.036 3052.41
-369.633 -3.42137 2970.7
-485.678 -371.973 3006.07
-293.664 412.042 2833.18
-249.828 428.391 2945.55
-227.111 244.891 3157.57
-83.3574 -687.138 3299.12
-26.4004 251.928 2981.45
-312.963 17.4407 3114.61
-116.728 -332.746 3153.08
-205.993 444.739 3057.91
-295.563 217.7 2994.1
FRAME: 96
-181.402 609.756 2895.26
-157.303 211.945 2899.13
-659.242 -655.834 3181.06
-95.5204 349.865 3100.6
-344.265 -10.1611 2960.32
-481.599 -386.836 3000.17
-253.628 401.557 2822.34
-221.131 419.429 2942.08
-190.114 245.133 3132.56
-93.6128 -687.007 3311.8
-71.451 261.207 2913.46
-304.844 10.7795 3103.15
-110.862 -330.53 3157.49
-188.635 437.301 3061.83
-272.843 209.869 2986.91
FRAME: 97
-150.789 608.409 2896.05
-182.374 205.708 2889.43
-646.759 -652.597 3174.83
-116.194 335.66 3050.79
-317.726 -15.0303 2950.86
-453.563 -389.824 2994.91
-226.151 408.912 2815.32
-203.098 427.792 2942.26
-147.372 249.374 3104.88
-104.484 -687.425 3316.34
-80.3884 257.541 2924.47
-290.394 7.06646 3099.52
-105.276 -336.424 3159.75
-180.045 446.672 3069.21
-253.579 211.905 2983.73
FRAME: 98
-100.63 615.844 2884.95
-200.558 200.101 2857.75
-628.696 -653.475 3168.93
-208.101 279.117 3056.87
-272.298 -17.0515 2932.2
-345.63 -440.11 2955.76
-187.631 402.209 2800.58
-178.964 423.956 2938.71
-117.434 256.758 3076.9
-114.963 -689.213 3319.79
-68.1801 271.241 2957
-261.686 7.71439 3089.55
-100.374 -341.406 3159.82
-170.298 445.703 3076.84
-222.978 209.644 2974.79
FRAME: 99
-64.692 622.23 2871.75
-194.743 200.101 2837.46
-598.778 -670.314 3160.12
-190.34 282.91 3018.23
-225.936 -15.2774 2921.04
-291.336 -444.034 2939.17
-149.397 400.52 2783.83
-162.173 424.84 2929.91
-107.884 266.993 3042.99
-108.314 -690.085 3303.78
-83.7155 298.235 2919.15
-238.187 9.38895 3069.3
-82.572 -347.389 3141.06
-174.95 449.159 3075.99
-197.117 210.948 2962.54
FRAME: 100
-29.0886 624.482 2853.67
-176.238 213.051 2830.61
-518.974 -690.335 3101.52
-198.019 273.289 3049.41
-199.088 -4.96262 2907.29
-247.302 -432.345 2912.43
-130.037 407.829 2773.54
-148.237 429.261 2912.55
-208.986 284.406 3086.97
-90.869 -696.615 3285.51
-85.3836 244.604 2960.46
-213.845 14.7985 3039.36
-62.3485 -350.405 3123.56
-166.437 450.694 3051.57
-177.352 217.09 2942.94
FRAME: 101
10.4078 624.21 2825.96
-164.875 207.172 2806.64
-336.375 -763.694 2955.97
-184.964 265.573 3039.44
-156.102 7.22361 2851.59
-160.223 -421.502 2824.79
-55.4552 408.286 2727.86
-102.835 433.714 2892.18
-153.307 311.288 3061.71
-116.228 -681.455 3282.2
-70.4742 279.775 2936.26
-201.032 32.7239 3019.19
-72.6831 -338.173 3106.76
-150.215 459.143 3056.5
-140.701 226.844 2913.79
FRAME: 102
48.9834 618.225 2798.78
-100.639 229.96 2786.79
-288.741 -790.07 2902.48
-156.544 269.435 3015.73
-136.339 2.9249 2820.22
-112.835 -432.765 2764.94
-40.3665 416.882 2696.28
-90.0305 439.656 2869.6
-136.721 323.631 3053.21
-119.182 -681.842 3275.72
-69.5924 272.536 2993.52
-185.896 27.2601 2997.5
-70.6141 -352.966 3092.69
-139.695 462.43 3042.92
-125.574 227.374 2889.23
FRAME: 103
78.8805 611.009 2770.44
41.8074 242.736 2756.5
-190.393 -850.231 2790.58
-64.2009 304.2 3001.32
-121.846 0.487414 2795.65
-77.7395 -438.137 2723.6
-15.1148 411.77 2672.81
-68.9775 433.058 2852.98
42.9824 298.436 2959.98
-132.289 -700.222 3260.93
-76.4321 279.306 3006.39
-172.869 23.0539 2971.26
-65.459 -367.148 3072
-122.84 454.345 3033.16
-108.168 222.414 2868.22
FRAME: 104
91.3209 603.948 2759.84
85.4924 246.632 2735.49
-111.172 -880.115 2706.49
45.3985 316.203 3012.56
-112.704 -13.5521 2776.02
-48.381 -444.59 2694.99
14.4449 400.027 2647.89
-45.4531 424.756 2835.1
-2.23307 311.78 3020.14
-118.759 -734.028 3236.07
-33.355 259.539 2991.01
-167.617 11.3117 2952.05
-57.0813 -379.4 3050.7
-105.351 449.484 3022.3
-92.8068 211.818 2849.56
FRAME: 105
117.646 582.354 2740.6
173.484 246.272 2707.8
-76.8688 -892.889 2664.34
108.827 304.708 2948.86
-107.159 -26.1589 2755.01
-24.0168 -455.486 2665.36
32.5618 391.554 2629.09
-27.2555 416.3 2818.49
46.7035 304.128 2996.74
-112.212 -750.641 3209.91
-3.68562 255.584 2988.58
-161.6 -1.59005 2930.73
-45.3613 -384.813 3028.96
-87.0727 441.046 3007.9
-80.8175 201.213 2830.68
FRAME: 106
138.439 539.527 2706.06
187.714 235.773 2558.56
-15.6799 -888.567 2608.27
256.754 274.335 2836.03
-73.2889 -57.3726 2682.34
46.4376 -475.661 2579.36
72.8894 385.885 2592.99
-1.19151 399.302 2790.6
70.1993 274.259 2965.16
-95.6716 -777.344 3177.27
40.1977 227.352 2972.74
-145.807 -42.1639 2880.09
3.1301 -429.015 2977.51
-75.2725 412.718 2988.21
-55.3698 174.767 2785.91
FRAME: 107
148.815 518.134 2685.8
260.366 251.693 2472.04
-7.78306 -886.786 2585.9
580.97 165.692 2568.04
-67.9891 -73.9747 2649.95
68.4449 -486.551 2550.73
81.7909 365.529 2565.41
15.2002 378.36 2757.5
112.736 252.799 2874.17
-80.327 -788.196 3162.45
224.663 188.641 2802.41
-135.111 -57.2585 2850.98
27.522 -450.602 2954.54
-51.3906 391.19 2949.59
-43.1748 156.372 2753.99
FRAME: 108
153.34 491.157 2650.83
268.037 263.178 2414.46
-7.24626 -888.592 2563.12
586.914 158.99 2471.17
-66.6983 -101.026 2598.46
89.0784 -503.207 2509.84
76.8097 339.573 2536.99
37.0108 346.047 2706.44
196.086 227.708 2690.03
-53.4579 -833.233 3120.7
423.331 90.2703 2530.14
-112.644 -90.5893 2810.7
47.6706 -484.894 2913.78
-2.7882 352.521 2875.9
-26.3301 125.12 2705.51
FRAME: 109
148.016 474.531 2625.8
259.228 269.616 2372.44
-13.8226 -897.187 2544.24
541.502 129.604 2327.4
-59.0401 -110.171 2563.37
82.7623 -505.748 2488.6
63.1472 331.483 2505.79
28.5401 335.86 2689.56
167.653 230.045 2704.3
-38.4596 -855.298 3084
301.044 109.87 2460.98
-103.682 -100.482 2808.15
63.8021 -524.123 2876.22
-6.06688 340.238 2873.33
-26.4105 115.267 2687.66
FRAME: 110
154.573 486.236 2606.35
130.007 269.397 2211.13
-12.0792 -897.348 2533.44
417.007 142.271 2173.9
-51.5702 -103.591 2527.93
81.79 -503.059 2458.83
34.4525 350.085 2454.06
24.6796 342.679 2631.11
227.716 189.305 2592.29
-36.4337 -835.659 3128.16
324.705 88.624 2323.59
-60.0266 -109.332 2721.66
61.9181 -520.692 2830.84
14.9067 335.274 2808.16
-15.5594 118.109 2627.95
FRAME: 111
146.838 496.672 2586.2
46.157 258.422 2223.54
-35.6554 -893.033 2544.06
209.28 174.65 2087.29
-67.6841 -103.872 2512.99
49.3528 -511.641 2450.03
20.3507 343.234 2462.07
37.0327 338.948 2595.41
217.965 151.857 2400.21
-9.81161 -848.202 3050.5
121.745 229.797 2162.27
-37.7492 -102.361 2720.72
86.5121 -521.757 2778.94
53.7147 334.662 2728.74
-7.84197 117.916 2606.13
FRAME: 112
144.778 562.167 2522.87
3.20389 232.215 2237.87
-76.7341 -925.277 2539.8
-130.734 246.798 2167.69
-109.18 -83.7332 2500.35
-12.4459 -517.883 2453.18
-15.3361 359.352 2415.85
48.8311 360.285 2512.79
154.317 184.932 2628.48
26.2401 -824.615 2875.84
182.29 -59.524 2655.63
10.5788 -74.371 2686.73
91.6637 -477.217 2742.18
112.998 361.217 2609.73
-0.234666 140.616 2553.17
FRAME: 113
138.747 578.728 2504.97
-183.848 242.647 2315.65
-99.1305 -931.365 2548.55
-188.332 235.804 2123.67
-122.957 -69.9882 2493.09
-40.002 -518.862 2461.76
-58.1053 364.526 2393.48
42.5211 366.014 2475.97
228.123 129.069 2620.9
42.7857 -807.915 2851.2
403.782 -96.5154 2562.37
47.5469 -64.2662 2644.82
109.492 -468.168 2720.49
143.148 367.501 2558.46
2.40795 149.443 2522.46
FRAME: 114
131.623 585.256 2498.5
-292.823 259.776 2403.42
-70.5445 -917.288 2534.51
-278.796 289.465 2139.94
-92.0328 -50.3171 2465.73
-9.82822 -507.137 2446.84
-91.1192 389.711 2427.3
40.7483 378.519 2463.12
286.206 124.248 2485.54
0.530618 -820.576 2909
499.707 -166.789 2385.4
68.4953 -62.7485 2516.97
68.3086 -466.883 2720.44
172.616 367.327 2498.95
14.4898 160.993 2477.24
FRAME: 115
124.57 595.289 2483.09
-317.156 265.375 2444.71
-59.8249 -905.502 2528.98
-324.073 323.677 2179.7
-76.2133 -45.9926 2452.14
-1.64851 -492.272 2433.42
-106.373 383.882 2442.1
36.5023 371.721 2442.74
311.517 132.562 2341.14
-36.9491 -827.574 2641.47
448.553 26.5165 2041.16
78.0186 -59.3656 2453.39
46.3151 -460.012 2618.61
179.378 359.559 2443.39
18.7025 159.521 2447.75
FRAME: 116
118.084 598.369 2469.68
-305.701 263.226 2437.64
-60.1338 -902.643 2528.53
-359.968 374.863 2185.34
-69.459 -36.6924 2438.33
-8.67093 -485.931 2435.08
-102.463 386.523 2444.98
42.5084 374.689 2440.35
291.144 176.095 2265.36
-34.462 -820.992 2666.25
321.121 190.818 1861.05
86.0839 -49.5277 2433.57
61.1507 -430.165 2552.87
187.48 362.855 2435.72
25.4104 165.789 2438.15
FRAME: 117
121.066 596.601 2459.14
-303.487 273.804 2429.91
-52.9851 -890.719 2524.56
-374.673 438.294 2185.55
-65.5964 -36.3344 2438.61
-12.0852 -476.851 2422.16
-96.6838 384.735 2456.6
41.2874 373.356 2421.15
231.422 262.263 2153.81
-53.0326 -823.447 2619.92
150.177 358.793 1839.04
79.2828 -48.2048 2401.66
63.7187 -447.749 2483.69
179.259 361.978 2385.69
24.0653 165.543 2420.64
FRAME: 118
110.002 598.063 2426.83
-291.878 281.159 2419.98
-52.3711 -883.843 2522.36
-382.333 495.302 2185.58
-60.1928 -35.3501 2432.65
-9.53156 -466.554 2418.38
-89.7422 391.142 2446.55
47.9558 377.552 2403.36
206.643 286.44 2116.76
-58.2713 -844.615 2538.59
13.4265 460.801 1906.83
78.0466 -48.7432 2389.72
38.7548 -442.647 2449.73
185.654 363.963 2360.17
28.4414 167.753 2407.27
FRAME: 119
117.015 601.598 2391.89
-287.631 328.357 2383.9
-42.9284 -868.004 2521.97
-403.103 568.739 2185.7
-46.4019 -30.4237 2430.74
-2.34568 -458.305 2423
-72.7488 402.759 2430.34
58.5929 387.291 2363.61
65.32 356.147 2068.84
-63.2486 -857.349 2528.26
-205.515 534.118 2097.52
95.09 -46.9673 2359.2
37.2402 -448.026 2434.51
189.935 371.822 2296.87
41.4685 174.298 2379.29
FRAME: 120
114.005 612.752 2371.52
-285.502 344.444 2369.47
-34.1111 -856.97 2515.36
-395.147 606.398 2199.92
-33.2493 -28.7585 2424.23
4.81506 -449.188 2417.97
-59.3819 401.85 2427.99
64.3068 387.873 2354.3
44.0914 354.202 2075.14
-54.1336 -842.823 2523.46
-245.398 509.747 2168.15
101.096 -43.7789 2344.02
53.254 -421.477 2500.7
187.995 373.897 2280.6
49.1151 175.802 2369.21
FRAME: 121
115.755 615.182 2354.6
-284.913 345.384 2370.13
-32.1094 -848.612 2517.05
-397.941 597.852 2261.04
-26.6441 -34.6498 2423.25
11.1007 -444.052 2414.03
-55.0277 399.59 2428.89
63.3906 385.917 2346.79
14.3456 357.774 2086.03
-16.3564 -800.054 2629.98
-271.532 498.706 2208.3
99.9648 -49.2733 2335.52
80.2828 -415.303 2508.15
181.809 372.244 2264.69
50.0255 171.978 2363.09
FRAME: 122
111.52 617.497 2336.44
-289.153 345.275 2371.05
-28.3976 -846.433 2520.88
-390.006 570.253 2283.47
-19.2124 -40.5781 2419.78
13.5696 -444.051 2415.18
-53.094 397.07 2426.78
63.5229 385.988 2342.88
-2.59354 349.235 2093.98
1.46268 -778.633 2689.54
-282.072 470.857 2246.19
108.245 -52.726 2328.34
98.3814 -400.974 2533.63
180.14 374.906 2258.98
54.0196 169.668 2358.47
FRAME: 123
95.1368 615.559 2312.25
-273.641 317.607 2403.12
-22.3496 -838.96 2521.83
-382.708 508.781 2328.44
-8.26304 -42.6836 2417.86
16.686 -443.029 2416.93
-54.1479 390.675 2425.9
58.6336 381.706 2333.45
-26.2869 325.884 2097.8
26.3594 -741.063 2687.3
-268.342 427.407 2250.77
113.311 -52.1517 2318.67
126.762 -376.35 2524.93
171.415 372.737 2241
55.5787 167.144 2350.86
FRAME: 124
86.6694 610.259 2297.84
-258.572 278.034 2424.85
-18.1325 -843.571 2527.1
-387.008 486.024 2337.99
-2.38557 -45.6921 2419.27
20.3549 -444.338 2416.84
-55.8223 385.869 2424
54.2383 378.04 2326.7
-45.2665 306.75 2106.71
32.6725 -722.793 2706.98
-277.367 415.949 2274.04
118.564 -54.1696 2312.61
139.817 -382.501 2500.55
164.299 370.21 2229.4
56.1638 164.054 2346.32
FRAME: 125
80.5319 608.542 2288.99
-251.002 266.656 2430.59
-17.3984 -843.711 2523.94
-376.208 483.652 2350.9
0.467345 -46.2004 2420.01
23.4291 -444.749 2415.26
-53.2755 383.291 2425.83
53.4237 375.536 2325.13
-50.8472 296.698 2112.02
38.762 -725.666 2699.45
-280.141 406.638 2288.19
118.086 -54.6509 2309.21
134.182 -389.223 2481.72
160.123 367.782 2224.43
56.3503 162.555 2344.87
FRAME: 126
73.7762 604.357 2279.34
-233.721 245.729 2446.63
-13.157 -844.014 2521.75
-354.617 453.427 2340.73
5.21201 -44.142 2421.97
28.5091 -445.249 2414.9
-52.1007 379.338 2425.36
51.8495 371.168 2323.24
-53.2522 284.586 2118.84
40.4156 -725.947 2700.55
-280.184 380.768 2293.74
117.469 -52.8891 2311.9
138.764 -384.872 2486.6
155.8 362.998 2221.12
56.5949 161.326 2345.09
FRAME: 127
68.8724 600.983 2277.02
-222.931 235.96 2453.21
-12.5899 -846.885 2518.9
-350.267 429.307 2326.55
7.5303 -39.3225 2421.54
30.4523 -445.995 2412.27
-48.2579 383.654 2418.98
51.8175 373.911 2319.39
-51.5963 271.599 2120.18
51.8066 -716.654 2735.96
-287.271 375.24 2282.22
112.602 -49.5102 2317.31
135.562 -386.656 2496.53
151.893 364.167 2219.8
55.9417 164.747 2344.41
FRAME: 128
67.5428 603.942 2274.38
-225.175 225.886 2448.48
-11.5485 -847.917 2523.78
-335.943 410.713 2319.01
10.6243 -35.8529 2420.07
31.9031 -446.16 2414.05
-50.9701 387.178 2411.12
50.4372 378.266 2316.01
-49.5892 265.807 2129.59
47.165 -705.701 2718.51
-287.709 381.284 2274.25
117.235 -45.1476 2320.32
136.177 -398.783 2475.77
151.844 369.353 2220.91
57.1834 168.883 2343.1
FRAME: 129
64.646 605.393 2271.74
-228.128 214.823 2438.57
-11.2162 -850.05 2534.08
-333.604 396.124 2304.72
7.54544 -31.2683 2424.81
29.3926 -448.465 2421.61
-62.1705 393.958 2403.6
45.854 385.601 2314.06
-47.353 267.939 2137.44
59.0014 -692.386 2747.32
-286.261 395.04 2266.72
122.614 -40.1251 2330
138.954 -398.276 2480.28
153.878 377.243 2224.52
55.4668 174.952 2345.73
FRAME: 130
62.1572 611.59 2277.73
-234.882 207.975 2409.38
-14.5558 -848.498 2544.91
-294.752 371.493 2236.35
0.474509 -26.2352 2431.9
24.6224 -446.653 2429.7
-72.8264 399.521 2395.51
41.413 394.606 2323.69
-24.7668 260.368 2153.95
63.7616 -696.821 2746.26
-273.712 410.558 2261.16
130.12 -31.8371 2350.87
151 -393.94 2479.74
155.652 389.692 2251.87
53.3551 182.785 2357.54
FRAME: 131
58.2512 617.524 2284.85
-236.109 205.555 2394.11
-20.0053 -844.583 2545.85
-259.335 351.838 2198.31
-9.65951 -22.7772 2436.62
19.6641 -444.918 2428.78
-82.288 404.667 2396.2
37.5584 402.903 2338.22
3.88245 255.011 2153.74
62.1626 -704.739 2752.18
-268.287 414.565 2242.31
133.593 -24.9517 2367.64
150.551 -394.409 2500.25
157.405 401.139 2280.23
49.7625 189.519 2370.17
FRAME: 132
55.199 623.66 2303.91
-234.614 203.439 2386
-25.9174 -844.616 2538.31
-251.26 357.726 2177.98
-25.7858 -23.5297 2450.04
13.9856 -444.685 2427.6
-93.1665 408.682 2404.96
34.9647 408.861 2367.11
88.8188 233.492 2188.63
65.08 -703.571 2783.46
-206.858 372.249 2200.48
132.428 -23.3796 2403.35
156.39 -400.947 2522.13
163.096 409.039 2329.26
44.1428 192.703 2396.9
FRAME: 133
53.4966 624.705 2320.42
-227.694 201.647 2381.54
-27.6091 -846.734 2538.28
-228.889 344.616 2169.96
-37.1446 -28.447 2465.58
11.5452 -447.653 2429.16
-101.847 409.401 2414.68
32.0141 410.04 2386.71
104.923 224.357 2203.15
65.987 -703.326 2801.73
-192.464 362.811 2193.32
131.296 -27.685 2430.55
154.948 -407.668 2549.91
165.876 410.68 2358.74
39.545 190.987 2417.39
FRAME: 134
52.0646 624.194 2352.42
-215.417 204.919 2359.17
-30.3355 -854.687 2533.04
-186.041 309.931 2167.16
-46.3616 -28.4805 2481.83
10.0051 -452.084 2433.37
-107.767 407.392 2426.92
29.1332 408.36 2415.32
125.521 210.555 2242.43
54.4699 -719.349 2786.06
-165.558 334.25 2190.25
122.121 -27.3938 2467.51
147.138 -416.348 2576.35
166.033 409.329 2403.72
33.5065 190.212 2444.99
FRAME: 135
51.6549 624.076 2375.27
-208.829 194.582 2357.22
-28.9818 -857.854 2529.76
-184.817 312.852 2190.23
-52.2612 -36.3589 2499.83
13.4083 -456.624 2440.82
-112.723 402.167 2441.64
25.2829 403.957 2438.86
134.892 203.993 2274.14
56.6105 -714.469 2806.59
-118.324 305.339 2190.32
118.118 -34.2456 2496.24
139.95 -421.372 2593.64
163.289 405.748 2436.09
29.1056 184.327 2468.45
FRAME: 136
50.1711 619.766 2418.36
-190.152 176.07 2362.88
-31.3678 -867.673 2530.9
-140.401 283.818 2228.77
-58.5521 -45.6215 2528.27
20.9254 -465.944 2447.06
-112.638 388.3 2462.5
19.2518 392.239 2481.02
152.307 186.516 2350.38
49.1741 -722.359 2798.55
-92.8393 294.255 2224.46
106.633 -40.5272 2551.99
133.045 -427.461 2634.23
151.141 396.178 2499.54
21.6462 174.582 2510.58
FRAME: 137
47.6683 609.889 2451.67
-175.58 165.764 2373.66
-34.8472 -873.315 2536.67
-140.985 273.512 2248.12
-63.6812 -51.0944 2557.9
26.0523 -467.66 2452.66
-114.267 378.694 2485.21
15.917 382.201 2509.14
148.591 173.403 2393.21
44.5518 -734.985 2815.95
-75.2466 280.579 2246.84
96.9977 -46.7223 2587.47
121.099 -440.264 2675.17
146.101 385.707 2533.08
16.2876 166.646 2540.91
FRAME: 138
45.2187 611.544 2483.67
-165.113 168.448 2403.06
-37.5015 -878.159 2550.91
-127.897 262.234 2262.48
-71.848 -52.8506 2585.44
7.54242 -472.204 2508.93
-115.114 378.728 2511.66
11.8055 381.319 2544.82
152.843 161.386 2440.91
31.4968 -757.731 2854.06
-57.7756 262.886 2285.18
81.0951 -49.7548 2625.53
108.61 -443.653 2727.48
138.725 383.911 2577.98
8.21453 165.008 2575.15
FRAME: 139
43.5837 613.81 2502.39
-176.313 172.18 2441.72
-37.0987 -880.986 2566.14
-114.563 263.934 2284.04
-76.9634 -48.4497 2611.91
-3.17885 -467.872 2541.37
-116.674 380.603 2531.71
10.8839 382.48 2568.71
151.987 163.38 2474.46
30.1337 -756.275 2871.1
-49.2563 261.636 2324.67
74.8797 -46.2009 2656.01
95.9011 -434.963 2773.03
138.442 384.356 2605.71
4.92104 167.577 2601.33
FRAME: 140
36.5562 624.688 2535.88
-163.804 182.494 2471.79
-58.5824 -874.461 2593.72
-107.414 264.56 2354.05
-94.0205 -38.6507 2662.98
-68.1763 -456.309 2622.55
-117.552 390.524 2566.14
6.96121 391.236 2610.24
136.676 168.098 2524.4
4.52644 -751.769 2957.24
-53.3257 259.876 2338.88
61.2905 -37.5831 2718.13
75.0899 -422.604 2837.08
131.475 391.948 2654.34
-4.7019 176.559 2650.4
FRAME: 141
30.0044 640.104 2579.32
-178.684 202.872 2528.78
-91.9762 -862.794 2640.38
-113.624 265.608 2383.12
-127.48 -5.04802 2735.06
-98.5249 -438.686 2662
-129.619 409.22 2616.85
-5.95148 408.695 2659.43
131.212 188.958 2567.65
-13.8423 -712.115 3118.97
-56.7222 268.266 2434.59
40.0777 -5.68415 2792.77
57.116 -398.618 2900
117.716 408.171 2702.01
-24.8264 201.665 2711.67
FRAME: 142
20.8175 653.601 2616.55
-170.129 221.981 2542.31
-125.791 -859.661 2697.29
-105.153 264.017 2388.53
-134.487 8.36136 2753.03
-119.88 -425.982 2686.96
-136.651 428.907 2643.05
-14.2773 428.65 2689.59
139.64 203.438 2636.34
-13.3648 -698.835 3117.7
-52.2642 266.269 2461.75
32.3018 7.99964 2816.29
52.7051 -378.035 2909.16
108.096 428.394 2736.14
-32.6849 218.415 2737.13
FRAME: 143
8.14779 661.601 2650.69
-173.15 240.777 2568.25
-168.769 -843.132 2758.15
-60.3557 237.936 2433.08
-147.594 19.6051 2779.37
-139.296 -405.706 2708.85
-149.419 436.643 2671.29
-25.1851 435.996 2713.88
129.396 197.517 2680.9
-17.3826 -701.021 3120.89
-74.1923 271.147 2484.77
26.3076 18.7542 2839.42
46.1914 -372.063 2914.22
99.0489 435.348 2756.46
-42.914 227.588 2761.64
FRAME: 144
0.936148 670.043 2671.53
-177.838 249.959 2581.33
-210.042 -821.725 2801.33
-56.771 269.394 2480.53
-157.768 24.7618 2794
-161.488 -394.376 2733.66
-157.331 448.719 2691.91
-35.3722 448.014 2732.68
122.984 203.61 2719.12
-19.3058 -702.048 3125.25
-83.4996 277.54 2521.87
19.0144 23.8891 2853.96
38.3604 -367.599 2924.15
86.5865 447.309 2773.45
-52.3745 236.17 2778.33
FRAME: 145
-9.21098 672.782 2685.52
-182.211 247.034 2598.16
-275.692 -795.561 2871.73
-122.658 318.944 2545.36
-168.604 38.2056 2804.93
-184.952 -383.404 2753.86
-167.213 451.437 2705.05
-48.0635 451.13 2753.31
107.304 208.221 2734.39
-23.2134 -703.894 3137.36
-92.0761 279.088 2539.31
1.88001 37.805 2873.46
20.1036 -356.905 2950.15
71.0865 450.823 2801.57
-65.7126 244.568 2796.25
FRAME: 146
-23.3477 681.092 2703.17
-191.922 254.443 2620.01
-323.244 -758.587 2908.07
-114.628 318.018 2579.7
-179.034 37.6165 2829.52
-212.303 -367.907 2777.07
-181.268 453.187 2724
-58.1947 451.934 2762.32
100.258 209.336 2752.37
-25.1627 -701.135 3138.05
-95.1907 278.412 2554.73
-6.51259 35.677 2883.41
9.06346 -349.473 2972.69
64.8791 450.681 2800.65
-75.484 244.29 2809.4
FRAME: 147
-38.7282 681.716 2712.28
-171.575 265.17 2634.91
-380.324 -734.242 2951.88
-107.448 305.954 2559.33
-191.034 41.1619 2840.9
-247.188 -366.756 2819.47
-197.932 446.131 2730.43
-79.3231 448.371 2775.36
80.3773 215.255 2778.44
-26.5542 -710.905 3145.18
-103.999 273.953 2574.87
-22.467 44.2553 2904.39
-0.309085 -348.857 2987.04
39.2855 450.611 2820.29
-93.0367 245.54 2824
FRAME: 148
-59.215 689.125 2726.18
-212.375 278.238 2679.05
-421.399 -717.71 2983
-114.514 311.188 2580.76
-209.279 40.0499 2855.39
-273.016 -362.724 2841.6
-218.05 451.839 2748.28
-97.8532 453.83 2786.34
73.122 212.701 2807.47
-26.3924 -715.43 3146.98
-116.205 282.731 2584.89
-33.5067 42.9247 2910.91
-9.50202 -348.065 3002.22
22.3435 455.821 2824.41
-109.623 247.659 2834.75
FRAME: 149
-96.7691 685.616 2747.84
-236.577 274.863 2694.95
-500.483 -691.6 3052.34
-119.627 322.404 2574.08
-247.013 34.2576 2887.22
-351.354 -368.864 2907.73
-256.547 447.53 2783.61
-127.866 446.221 2810.82
40.9347 203.969 2824.57
-24.7876 -724.186 3146.52
-150.236 260.864 2612.79
-61.7644 32.1388 2926.5
-17.6712 -350.473 3008.7
0.815439 444.911 2838.04
-141.127 239.709 2858.84
FRAME: 150
-122.522 687.622 2756.29
-264.049 306.029 2712.84
-542.161 -671.928 3089.8
-156.936 363.36 2574.47
-272.584 33.6261 2901.92
-368.667 -369.15 2916
-282.378 442.819 2801.26
-156.385 441.637 2822.4
7.91861 206.074 2831.81
-24.5218 -725.98 3153.87
-177.418 274.955 2622.8
-82.213 31.8025 2933.1
-29.8943 -348.91 3015.47
-30.3928 440.455 2843.54
-166.892 237.176 2869.95
FRAME: 151
-151.82 692.233 2763.77
-284.521 305.217 2715.55
-565.984 -682.03 3113.08
-181.051 397.587 2595.34
-303.655 37.9046 2921.4
-389.896 -366.501 2940.4
-316.925 449.421 2809.56
-182.335 447.81 2826.08
-3.81697 203.03 2855.03
-24.3512 -722.212 3152.6
-182.704 214.975 2662.56
-98.6369 35.2857 2946.06
-34.7523 -347.107 3015.94
-47.746 446.199 2842.6
-191.741 242.203 2879.9
FRAME: 152
-192.797 681.599 2769.05
-345.149 284.459 2761.23
-581.457 -686.272 3140.46
-182.035 364.071 2608.51
-346.099 39.0981 2943.82
-461.406 -355.331 3000.25
-345.691 452.475 2820.05
-216.704 450.152 2840.33
-38.5665 191.481 2899.53
-25.8385 -724.128 3154.92
-231.113 197.259 2682.74
-142.686 34.874 2975.65
-59.7296 -351.454 3020.2
-87.7166 447.829 2860.61
-230.548 243.569 2900.03
FRAME: 153
-220.342 676.942 2773.26
-395.734 271.819 2762.72
-593.88 -698.812 3159.14
-212.098 366.756 2606.93
-368.655 34.4304 2966.18
-491.293 -350.366 3006.76
-369.565 445.73 2832.37
-248.42 445.086 2848.03
-76.0674 195.94 2897.03
-25.744 -722.435 3156.14
-263.78 187.167 2695.55
-171.107 32.5834 2991.63
-83.0801 -353.34 3028.98
-127.276 444.441 2863.68
-259.151 239.296 2913.47
FRAME: 154
-244.607 667.879 2779.59
-445.558 237.53 2778.23
-602.75 -700.395 3162.32
-257.056 333.029 2650.42
-407.455 23.9596 2972.35
-510.513 -352.313 3008.89
-410.6 435.715 2846.13
-283.291 436.242 2863.31
-119.519 185.612 2905.1
-24.7282 -721.068 3159.18
-288.792 213.033 2683.98
-191.03 24.7605 3001.6
-103.04 -351.471 3039.23
-155.982 436.768 2880.48
-291.267 230.301 2925.14
FRAME: 155
-271.443 664.501 2787.54
-461.248 229.257 2803.93
-610.898 -711.856 3175.61
-275.094 304.592 2661.46
-419.458 26.7439 2978.6
-523.913 -357.04 3019.5
-440.161 433.467 2849.97
-310.055 436.949 2866.54
-135.309 191.217 2915.11
-32.8677 -711.996 3164.38
-322.07 241.512 2699.22
-213.406 31.3955 3004.31
-125.406 -345.428 3044.36
-179.949 440.431 2883.12
-313.243 233.009 2929
FRAME: 156
-301.628 667.65 2798.37
-490.181 255.526 2821.28
-613.02 -714.036 3199.69
-369.843 274.262 2714.66
-434.804 34.0001 2993.66
-539.901 -361.155 3043.65
-439.487 442.791 2872.5
-320.611 440.327 2875.13
-169.378 208.048 2914.95
-40.3777 -710.462 3170.63
-326.662 237.46 2711.47
-235.038 29.0248 2997.62
-139.88 -355.006 3049.06
-201.736 437.864 2877.75
-327.766 235.92 2935.38
FRAME: 157
-330.023 686.832 2803.55
-544.234 268.053 2871.58
-617.371 -716.642 3204.58
-410.431 274.077 2706.18
-456.803 48.5217 2999.85
-547.351 -361.705 3051.69
-461.123 455.577 2878.83
-343.013 452.941 2881.67
-226.728 250.565 2882.75
-56.9667 -707.957 3192.14
-375.295 296.352 2700.85
-259.187 43.7497 3005.34
-152.885 -337.814 3074.48
-224.904 450.304 2884.51
-350.504 249.538 2942.14
FRAME: 158
-342.898 695.096 2804.8
-556.56 275.841 2872.3
-620.035 -707.976 3213.33
-390.369 320.069 2713.04
-472.877 58.1555 3009.57
-551.122 -355.132 3068.66
-471.764 474.592 2887.23
-360.923 471.355 2883.1
-234.415 250.519 2883.47
-75.6584 -707.98 3205.42
-371.569 317.394 2722.48
-272.625 51.245 3001.27
-163.036 -325.006 3088.62
-250.083 468.117 2878.97
-366.837 263.027 2944.26
FRAME: 159
-353.102 700.159 2803.73
-576.492 276.688 2899.85
-622.312 -700.066 3213.42
-421.302 300.529 2715.33
-479.242 65.5285 3011.34
-553.43 -341.542 3071.5
-466.811 487.684 2888.51
-361.031 483.289 2886.79
-237.637 249.864 2875.94
-84.3744 -706.299 3214.3
-407.379 318.978 2750.46
-281.729 56.0781 3006.3
-170.4 -319.762 3101.31
-255.252 478.895 2885.06
-370.758 272.046 2947.8
FRAME: 160
-359.145 701.373 2806.28
-585.805 289.198 2910.48
-622.598 -703.602 3217.31
-435.823 291.506 2705.16
-485.465 65.2689 3020.57
-556.738 -339.083 3079.71
-489.601 481.795 2906.41
-374.079 478.866 2901.93
-232.008 249.245 2880.58
-99.6196 -706.394 3236.93
-423.825 320.461 2749.74
-288.466 58.8172 3013.21
-177.685 -324.712 3108.79
-258.557 475.936 2897.45
-380.522 270.454 2959.41
FRAME: 161
-364.834 703.548 2805.08
-590.535 290.274 2921.19
-626.648 -691.094 3219.39
-410.942 282.223 2713.27
-489.213 68.8723 3019.3
-567.15 -329.774 3082.76
-484.64 489.867 2901.98
-368.717 485.448 2903.7
-229.725 258.512 2897.47
-97.9679 -697.619 3243.78
-397.948 329.329 2781.83
-292.517 60.3498 3022.12
-183.77 -324.29 3115.59
-252.794 481.03 2905.42
-379.791 275.03 2962.2
FRAME: 162
-370.06 702.703 2806.72
-585.762 289.06 2935.72
-627.946 -691.719 3224.91
-428.872 307.447 2716.58
-493.613 69.8653 3025.73
-570.31 -326.196 3095.06
-497.629 492.788 2910.62
-375.501 489.239 2912.12
-255.611 270.084 2905.74
-101.747 -690.625 3249.26
-409.412 320.464 2799.49
-294.714 63.0675 3028.63
-194.865 -321.231 3115.63
-253.373 485.69 2913.62
-384.832 277.853 2969.65
FRAME: 163
-369.76 703.572 2813.09
-590.074 311.933 2927.67
-626.68 -684.273 3242.15
-420.05 305.866 2715.83
-493.896 70.6414 3038.83
-564.184 -331.023 3109.61
-495.48 489.866 2942.95
-375.929 483.843 2931.12
-246.232 260.354 2910.06
-103.988 -698.522 3245.16
-404.767 350.533 2806.49
-298.493 60.2089 3019.39
-194.469 -328.721 3107.82
-256.378 477.82 2919.28
-386.062 274.634 2980.11
FRAME: 164
-368.862 704.382 2821.24
-588.506 320.282 2937.51
-627.273 -676.637 3242.62
-431.969 314.153 2760.03
-492.706 74.267 3037.09
-568.158 -319.898 3115.09
-477.766 495.79 2935.96
-364.728 488.733 2930.98
-220.932 266.914 2932.85
-100.793 -702.308 3253.97
-380.881 300.28 2788.12
-295.175 61.0345 3029.61
-191.639 -330.679 3117.62
-251.69 481.677 2926
-379.335 278.192 2982.16
FRAME: 165
-359.684 710.414 2832.77
-596.097 334.641 2967.11
-631.843 -678.707 3228.04
-419.653 292.014 2773.89
-488.416 81.1189 3025.04
-565.856 -309.655 3101.06
-451.019 500.397 2917.52
-343.824 489.993 2923.49
-258.493 289.592 2873.86
-97.6492 -697.622 3272.07
-458.911 390.052 2784.88
-292.516 61.957 3037.29
-196.645 -338.576 3134.66
-236.629 479.59 2929.46
-367.145 280.766 2977.33

