FRAME: 0
0 0 0
0 0 0
0 0 0
0 0 0
0 0 0
0 0 0
0 0 0
0 0 0
0 0 0
0 0 0
0 0 0
0 0 0
0 0 0
0 0 0
0 0 0
FRAME: 1
0 0 0
0 0 0
0 0 0
0 0 0
0 0 0
0 0 0
0 0 0
0 0 0
0 0 0
0 0 0
0 0 0
0 0 0
0 0 0
0 0 0
0 0 0
FRAME: 2
0 0 0
0 0 0
0 0 0
0 0 0
0 0 0
0 0 0
0 0 0
0 0 0
0 0 0
0 0 0
0 0 0
0 0 0
0 0 0
0 0 0
0 0 0
FRAME: 3
0 0 0
0 0 0
0 0 0
0 0 0
0 0 0
0 0 0
0 0 0
0 0 0
0 0 0
0 0 0
0 0 0
0 0 0
0 0 0
0 0 0
0 0 0
FRAME: 4
0 0 0
0 0 0
0 0 0
0 0 0
0 0 0
0 0 0
0 0 0
0 0 0
0 0 0
0 0 0
0 0 0
0 0 0
0 0 0
0 0 0
0 0 0
FRAME: 5
0 0 0
0 0 0
0 0 0
0 0 0
0 0 0
0 0 0
0 0 0
0 0 0
0 0 0
0 0 0
0 0 0
0 0 0
0 0 0
0 0 0
0 0 0
FRAME: 6
0 0 0
0 0 0
0 0 0
0 0 0
0 0 0
0 0 0
0 0 0
0 0 0
0 0 0
0 0 0
0 0 0
0 0 0
0 0 0
0 0 0
0 0 0
FRAME: 7
0 0 0
0 0 0
0 0 0
0 0 0
0 0 0
0 0 0
0 0 0
0 0 0
0 0 0
0 0 0
0 0 0
0 0 0
0 0 0
0 0 0
0 0 0
FRAME: 8
0 0 0
0 0 0
0 0 0
0 0 0
0 0 0
0 0 0
0 0 0
0 0 0
0 0 0
0 0 0
0 0 0
0 0 0
0 0 0
0 0 0
0 0 0
FRAME: 9
0 0 0
0 0 0
0 0 0
0 0 0
0 0 0
0 0 0
0 0 0
0 0 0
0 0 0
0 0 0
0 0 0
0 0 0
0 0 0
0 0 0
0 0 0
FRAME: 10
0 0 0
0 0 0
0 0 0
0 0 0
0 0 0
0 0 0
0 0 0
0 0 0
0 0 0
0 0 0
0 0 0
0 0 0
0 0 0
0 0 0
0 0 0
FRAME: 11
0 0 0
0 0 0
0 0 0
0 0 0
0 0 0
0 0 0
0 0 0
0 0 0
0 0 0
0 0 0
0 0 0
0 0 0
0 0 0
0 0 0
0 0 0
FRAME: 12
0 0 0
0 0 0
0 0 0
0 0 0
0 0 0
0 0 0
0 0 0
0 0 0
0 0 0
0 0 0
0 0 0
0 0 0
0 0 0
0 0 0
0 0 0
FRAME: 13
0 0 0
0 0 0
0 0 0
0 0 0
0 0 0
0 0 0
0 0 0
0 0 0
0 0 0
0 0 0
0 0 0
0 0 0
0 0 0
0 0 0
0 0 0
FRAME: 14
0 0 0
0 0 0
0 0 0
0 0 0
0 0 0
0 0 0
0 0 0
0 0 0
0 0 0
0 0 0
0 0 0
0 0 0
0 0 0
0 0 0
0 0 0
FRAME: 15
0 0 0
0 0 0
0 0 0
0 0 0
0 0 0
0 0 0
0 0 0
0 0 0
0 0 0
0 0 0
0 0 0
0 0 0
0 0 0
0 0 0
0 0 0
FRAME: 16
0 0 0
0 0 0
0 0 0
0 0 0
0 0 0
0 0 0
0 0 0
0 0 0
0 0 0
0 0 0
0 0 0
0 0 0
0 0 0
0 0 0
0 0 0
FRAME: 17
0 0 0
0 0 0
0 0 0
0 0 0
0 0 0
0 0 0
0 0 0
0 0 0
0 0 0
0 0 0
0 0 0
0 0 0
0 0 0
0 0 0
0 0 0
FRAME: 18
0 0 0
0 0 0
0 0 0
0 0 0
0 0 0
0 0 0
0 0 0
0 0 0
0 0 0
0 0 0
0 0 0
0 0 0
0 0 0
0 0 0
0 0 0
FRAME: 19
0 0 0
0 0 0
0 0 0
0 0 0
0 0 0
0 0 0
0 0 0
0 0 0
0 0 0
0 0 0
0 0 0
0 0 0
0 0 0
0 0 0
0 0 0
FRAME: 20
0 0 0
0 0 0
0 0 0
0 0 0
0 0 0
0 0 0
0 0 0
0 0 0
0 0 0
0 0 0
0 0 0
0 0 0
0 0 0
0 0 0
0 0 0
FRAME: 21
0 0 0
0 0 0
0 0 0
0 0 0
0 0 0
0 0 0
0 0 0
0 0 0
0 0 0
0 0 0
0 0 0
0 0 0
0 0 0
0 0 0
0 0 0
FRAME: 22
0 0 0
0 0 0
0 0 0
0 0 0
0 0 0
0 0 0
0 0 0
0 0 0
0 0 0
0 0 0
0 0 0
0 0 0
0 0 0
0 0 0
0 0 0
FRAME: 23
0 0 0
0 0 0
0 0 0
0 0 0
0 0 0
0 0 0
0 0 0
0 0 0
0 0 0
0 0 0
0 0 0
0 0 0
0 0 0
0 0 0
0 0 0
FRAME: 24
0 0 0
0 0 0
0 0 0
0 0 0
0 0 0
0 0 0
0 0 0
0 0 0
0 0 0
0 0 0
0 0 0
0 0 0
0 0 0
0 0 0
0 0 0
FRAME: 25
0 0 0
0 0 0
0 0 0
0 0 0
0 0 0
0 0 0
0 0 0
0 0 0
0 0 0
0 0 0
0 0 0
0 0 0
0 0 0
0 0 0
0 0 0
FRAME: 26
0 0 0
0 0 0
0 0 0
0 0 0
0 0 0
0 0 0
0 0 0
0 0 0
0 0 0
0 0 0
0 0 0
0 0 0
0 0 0
0 0 0
0 0 0
FRAME: 27
0 0 0
0 0 0
0 0 0
0 0 0
0 0 0
0 0 0
0 0 0
0 0 0
0 0 0
0 0 0
0 0 0
0 0 0
0 0 0
0 0 0
0 0 0
FRAME: 28
0 0 0
0 0 0
0 0 0
0 0 0
0 0 0
0 0 0
0 0 0
0 0 0
0 0 0
0 0 0
0 0 0
0 0 0
0 0 0
0 0 0
0 0 0
FRAME: 29
0 0 0
0 0 0
0 0 0
0 0 0
0 0 0
0 0 0
0 0 0
0 0 0
0 0 0
0 0 0
0 0 0
0 0 0
0 0 0
0 0 0
0 0 0
FRAME: 30
0 0 0
0 0 0
0 0 0
0 0 0
0 0 0
0 0 0
0 0 0
0 0 0
0 0 0
0 0 0
0 0 0
0 0 0
0 0 0
0 0 0
0 0 0
FRAME: 31
0 0 0
0 0 0
0 0 0
0 0 0
0 0 0
0 0 0
0 0 0
0 0 0
0 0 0
0 0 0
0 0 0
0 0 0
0 0 0
0 0 0
0 0 0
FRAME: 32
0 0 0
0 0 0
0 0 0
0 0 0
0 0 0
0 0 0
0 0 0
0 0 0
0 0 0
0 0 0
0 0 0
0 0 0
0 0 0
0 0 0
0 0 0
FRAME: 33
0 0 0
0 0 0
0 0 0
0 0 0
0 0 0
0 0 0
0 0 0
0 0 0
0 0 0
0 0 0
0 0 0
0 0 0
0 0 0
0 0 0
0 0 0
FRAME: 34
0 0 0
0 0 0
0 0 0
0 0 0
0 0 0
0 0 0
0 0 0
0 0 0
0 0 0
0 0 0
0 0 0
0 0 0
0 0 0
0 0 0
0 0 0
FRAME: 35
0 0 0
0 0 0
0 0 0
0 0 0
0 0 0
0 0 0
0 0 0
0 0 0
0 0 0
0 0 0
0 0 0
0 0 0
0 0 0
0 0 0
0 0 0
FRAME: 36
0 0 0
0 0 0
0 0 0
0 0 0
0 0 0
0 0 0
0 0 0
0 0 0
0 0 0
0 0 0
0 0 0
0 0 0
0 0 0
0 0 0
0 0 0
FRAME: 37
0 0 0
0 0 0
0 0 0
0 0 0
0 0 0
0 0 0
0 0 0
0 0 0
0 0 0
0 0 0
0 0 0
0 0 0
0 0 0
0 0 0
0 0 0
FRAME: 38
0 0 0
0 0 0
0 0 0
0 0 0
0 0 0
0 0 0
0 0 0
0 0 0
0 0 0
0 0 0
0 0 0
0 0 0
0 0 0
0 0 0
0 0 0
FRAME: 39
0 0 0
0 0 0
0 0 0
0 0 0
0 0 0
0 0 0
0 0 0
0 0 0
0 0 0
0 0 0
0 0 0
0 0 0
0 0 0
0 0 0
0 0 0
FRAME: 40
0 0 0
0 0 0
0 0 0
0 0 0
0 0 0
0 0 0
0 0 0
0 0 0
0 0 0
0 0 0
0 0 0
0 0 0
0 0 0
0 0 0
0 0 0
FRAME: 41
0 0 0
0 0 0
0 0 0
0 0 0
0 0 0
0 0 0
0 0 0
0 0 0
0 0 0
0 0 0
0 0 0
0 0 0
0 0 0
0 0 0
0 0 0
FRAME: 42
0 0 0
0 0 0
0 0 0
0 0 0
0 0 0
0 0 0
0 0 0
0 0 0
0 0 0
0 0 0
0 0 0
0 0 0
0 0 0
0 0 0
0 0 0
FRAME: 43
0 0 0
0 0 0
0 0 0
0 0 0
0 0 0
0 0 0
0 0 0
0 0 0
0 0 0
0 0 0
0 0 0
0 0 0
0 0 0
0 0 0
0 0 0
FRAME: 44
0 0 0
0 0 0
0 0 0
0 0 0
0 0 0
0 0 0
0 0 0
0 0 0
0 0 0
0 0 0
0 0 0
0 0 0
0 0 0
0 0 0
0 0 0
FRAME: 45
0 0 0
0 0 0
0 0 0
0 0 0
0 0 0
0 0 0
0 0 0
0 0 0
0 0 0
0 0 0
0 0 0
0 0 0
0 0 0
0 0 0
0 0 0
FRAME: 46
0 0 0
0 0 0
0 0 0
0 0 0
0 0 0
0 0 0
0 0 0
0 0 0
0 0 0
0 0 0
0 0 0
0 0 0
0 0 0
0 0 0
0 0 0
FRAME: 47
-11.5243 227.711 1825.01
-281.194 -222.163 2179.89
-182.641 -764.818 2560.12
-361.326 -521.611 2254.16
-165.383 -407.993 2187.04
-156.056 -734.369 2134.49
-206.29 -31.7262 1990.03
-37.4271 -21.8298 2008.37
220.321 -191.777 2108.45
95.9753 -874.988 2664.42
359.835 -360.743 2002.17
92.9684 -392.753 2215.1
118.2 -713.708 2342.44
131.435 -11.9335 2026.71
-36.8173 -211.101 2104.72
FRAME: 48
-32.2194 210.702 1802.14
-299.146 -239.862 2133.54
-114.622 -883.029 2496.42
-386.275 -552.864 2192.13
-162.136 -409.155 2138.26
-146.174 -770.478 2106.86
-206.909 -40.6348 1954.09
-48.6353 -35.9742 1961.96
205.62 -236.322 2017.13
71.8201 -913.429 2558.79
322.679 -456.077 1820.61
64.0364 -400.825 2151.97
98.6947 -742.214 2264.64
109.638 -31.3136 1969.82
-48.8426 -220.482 2053.54
FRAME: 49
-55.133 172.691 1722.73
-309.948 -248.405 2088.53
-154.004 -1012.34 2442.52
-396.245 -580.371 2099.59
-169.941 -414.89 2104.87
-143.125 -818.729 2080.2
-223.926 -51.3879 1919.18
-66.9904 -55.701 1904.09
160.687 -301.776 1852.42
66.2155 -959.895 2527.89
219.434 -510.826 1582.46
48.3811 -419.557 2085.88
95.1149 -757.368 2240.54
89.9451 -60.0141 1889.01
-63.8852 -236.462 1999.73
FRAME: 50
-60.5452 156.634 1699.01
-314.328 -255.041 2063.69
-156.677 -1043.16 2419.05
-399.896 -591.341 2064.54
-177.815 -423.49 2081.26
-183.867 -753.442 2103.31
-234.307 -62.8111 1887.39
-76.1491 -67.2731 1871.94
152.619 -310.13 1792.66
57.0715 -1004.61 2333.96
167.424 -490.068 1545.83
39.4065 -428.493 2061.6
62.983 -806.758 2051.25
82.0093 -71.7352 1856.5
-72.6767 -246.632 1971.69
FRAME: 51
-63.7003 141.296 1666.52
-309.733 -246.866 2082.73
-173.682 -1053.15 2348.73
-392.298 -574.178 2073.95
-183.862 -429.486 2038.94
-154.708 -797.161 2023.11
-233.972 -53.1817 1883.5
-83.2619 -78.647 1841.65
137.598 -337.379 1716.38
45.7771 -1019.8 2314.97
97.4725 -523.167 1408.26
-9.96534 -452.589 1991.65
41.8263 -810.2 2052.36
67.4485 -104.112 1799.79
-90.0878 -259.842 1928.47
FRAME: 52
-68.3772 120.332 1642.02
-314.372 -254.754 2052.73
-155.847 -1076.02 2342.27
-400.142 -587.243 2040.91
-184.172 -429.385 2026.08
-192.344 -751.904 2068.15
-237.518 -59.7118 1859.99
-87.1888 -87.5109 1816.53
124.639 -327.735 1677.97
39.4327 -1056.34 2319.4
96.6288 -463.054 1447.87
-12.9376 -455.993 1977.03
44.7085 -823.189 2057.44
63.1403 -115.31 1773.06
-92.8718 -265.1 1909.04
FRAME: 53
-70.6123 103.736 1609.48
-313.974 -248.706 2041.89
-153.123 -1017.78 2354.91
-404.033 -576.125 2036.94
-187.076 -426.267 2025.39
-200.834 -713.337 2062.63
-245.18 -56.4289 1838.21
-92.034 -90.8357 1795.84
126.885 -334.754 1677.91
28.7502 -1083.47 2254.62
73.4041 -450.233 1436.78
-33.7927 -454.015 1983.9
42.5546 -794.721 2059.15
61.1117 -125.243 1753.46
-101.234 -265.488 1900.24
FRAME: 54
-75.9594 110.945 1623.99
-312.422 -276.797 2022.72
-163.477 -1082.83 2279.1
-417.302 -601.559 2019.31
-184.832 -475.243 1937.95
-158.104 -804.594 1979.46
-229.819 -75.0412 1835.3
-101.247 -101.266 1760.51
87.3621 -333.515 1611.87
31.0882 -1095.54 2237.46
-34.7547 -459.512 1300.75
-39.521 -506.552 1843.4
31.6755 -841.736 1981.59
27.3255 -127.49 1685.71
-106.712 -296.082 1825.59
FRAME: 55
-78.8532 109.249 1619.04
-321.661 -297.53 2001.52
-161.048 -1122.77 2252.41
-417.38 -587.839 2021.71
-181.091 -479.611 1892.98
-165.241 -819.157 1971.64
-219.314 -90.4864 1797.92
-94.3953 -107.462 1733.71
59.9202 -328.481 1545.56
30.1896 -1120.91 2206.22
-78.6816 -417.348 1267.24
-44.5412 -500.73 1827.06
31.8264 -855.614 1958.27
30.5238 -124.438 1669.5
-103.606 -298.817 1796.86
FRAME: 56
-82.1262 104.439 1605.95
-322.519 -290.007 1932.02
-163.027 -1116.9 2209.38
-461.378 -513.959 1996.46
-190.447 -463.304 1872.17
-171.699 -799.852 1955.88
-220.858 -94.2509 1771.5
-95.5263 -112.856 1713.81
41.1582 -330.895 1507.36
33.1774 -1113.29 2166.24
-134.846 -385.29 1250.1
-21.5158 -497.7 1807.05
28.5271 -857.727 1927.07
29.8051 -131.46 1656.11
-100.754 -296.679 1776.71
FRAME: 57
-76.3035 73.0521 1574.07
-307.324 -293.601 1961.52
-173.531 -1096.27 2186.66
-416.101 -517.737 2016.84
-196.812 -454.186 1875.3
-179.642 -780.547 1939.03
-221.783 -92.4183 1755.52
-95.2308 -112.041 1702.82
32.2016 -327.394 1483.75
37.4714 -1158.34 2165.29
-182.153 -396.732 1231.76
-20.7973 -490.442 1815.96
41.2436 -859.723 1945.43
31.3213 -131.663 1650.12
-102.018 -292.177 1774.22
FRAME: 58
-72.5245 62.5977 1553.09
-294.073 -270.032 1988.98
-205.191 -996.925 2037.51
-383.433 -486.218 1981.35
-226.693 -396.583 1929.98
-241.182 -712.29 1794.89
-210.968 -77.4228 1735
-95.2563 -108.655 1687.41
27.8349 -339.403 1474.08
64.9188 -1087.08 2168.43
-180.346 -415.946 1222.23
-6.69114 -468.691 1844.08
41.9145 -824.379 1926.04
20.4549 -139.888 1639.82
-105.974 -270.646 1787.22
FRAME: 59
-73.0555 67.9373 1567.08
-300.548 -280.636 1970.88
-182.434 -1097.92 2048.68
-408.258 -506.861 1927.53
-215.664 -426.034 1893.37
-219.763 -776.766 1837.04
-220.043 -82.7011 1748.48
-101.775 -106.246 1698.54
25.7938 -322.021 1473.65
46.7412 -1151.47 2148.88
-278.451 -407.831 1208.05
-3.92451 -481.575 1805.22
34.4527 -864.267 1901.59
16.4938 -129.791 1648.61
-105.785 -280.025 1773.92
FRAME: 60
-75.0844 71.0785 1582.23
-306.463 -302.099 1930.31
-161.408 -1244.69 2070.94
-410.533 -540.275 1873.69
-189.82 -468.243 1850.27
-206.225 -868.346 1927.83
-235.164 -92.607 1755.56
-108.269 -108.421 1702.69
21.585 -305.316 1480.75
19.5349 -1206.51 2081.66
-254.206 -423.904 1236.14
-14.6324 -492.462 1772.56
3.23702 -898.833 1844.85
18.6271 -124.236 1649.82
-105.247 -294.387 1757.05
FRAME: 61
-73.0236 72.5304 1558.91
-278.575 -269.031 2017.59
-162.923 -1037.91 2094.04
-389.609 -536.06 2051.47
-200.727 -429.162 1924.05
-196.057 -755.452 1845.69
-204.91 -61.7107 1752.15
-92.3668 -94.5747 1715.26
37.9806 -326.617 1516.08
30.3465 -1107.16 2130.76
-160.841 -446.517 1264.2
-72.5785 -460.756 1882.67
26.3511 -811.169 1892.57
20.1766 -127.439 1678.36
-114.51 -269.767 1809.31
FRAME: 62
-75.7144 86.4356 1585.33
-292.229 -297.103 1978.4
-181.55 -1076.87 2041.25
-381.602 -567.702 2023.11
-205.224 -444.584 1895.94
-198.896 -797.174 1847.52
-214.651 -92.4577 1743.66
-99.1152 -100.652 1708.21
24.1078 -311.642 1513.03
26.1989 -1155.01 2101.28
-215.134 -456.134 1282.09
-40.4352 -454.283 1847.3
18.2505 -855.191 1863.16
16.4207 -108.846 1672.76
-110.972 -275.043 1789.92
FRAME: 63
-75.9542 97.5707 1598.85
-286.385 -292.458 1985.97
-180.928 -941.472 2060.82
-373.144 -575.185 2022.39
-208.101 -451.912 1886.4
-207.357 -820.127 1907.82
-213.955 -89.7084 1745.8
-97.6804 -94.993 1716.82
36.5037 -312.921 1547.51
10.3648 -1147.2 2059.38
-143.293 -484.106 1324.81
-45.1152 -456.938 1846.55
6.45317 -848.408 1844.13
18.5944 -100.278 1687.84
-112.144 -274.709 1791.64
FRAME: 64
-63.6299 112.268 1651.66
-265.7 -280.655 2027.19
-201.393 -1007.54 2018.38
-318.632 -595.313 2105.25
-187.957 -421.027 1982.46
-215.156 -806.99 1864.78
-192.781 -76.6539 1817.76
-87.7597 -83.8717 1767.47
52.8579 -304.875 1617.13
7.85512 -1146.2 2075.06
-37.7199 -502.178 1444.44
-31.9925 -425.231 1909.28
6.44402 -829.321 1859.2
17.261 -91.0894 1717.18
-98.8673 -253.5 1856.67
FRAME: 65
-43.2426 137.646 1739.39
-250.761 -237.454 2082.68
-186.929 -964.259 2058.16
-285.258 -570.949 2120.47
-169.14 -386.691 2028.8
-193.528 -770.952 1897.37
-181.198 -39.5657 1943.55
-76.5964 -69.5562 1861.36
66.3946 -316.755 1697.8
-1.72037 -1152.99 2049.1
1.05307 -551.616 1542.56
-25.4853 -427.701 1917.16
1.47901 -832.299 1843.45
28.0048 -99.5466 1779.18
-86.9545 -238.376 1917.17
FRAME: 66
-41.2366 148.503 1760.73
-275.184 -253.223 2101.76
-158.936 -1095.92 2076.06
-311.127 -587.977 2151.92
-153.311 -416.485 2040.49
-177.296 -793.829 1915.91
-206.904 -43.7476 1957.63
-68.488 -58.4557 1894.37
106.158 -302.055 1759.64
-5.05864 -1126.34 2068.23
57.515 -556.743 1611.76
37.9379 -438.126 1952.35
-1.79168 -799.944 1875.5
69.928 -73.1637 1831.12
-63.0873 -242.88 1945.4
FRAME: 67
-33.9469 166.436 1822.45
-265.921 -254.531 2136.06
-157.446 -1118.93 2106.5
-295.152 -592.761 2145.18
-137.978 -421.636 2065.71
-166.845 -810.969 1939.46
-199.403 -46.6916 1982.85
-58.3392 -53.8783 1934.43
138.234 -301.138 1867.92
-19.658 -1172.43 2063.45
96.2598 -595.084 1733.57
50.9123 -431.656 2000.52
-8.16582 -825.002 1894.98
82.7244 -61.065 1886.02
-50.9361 -240.262 1983.77
FRAME: 68
-26.7677 185.108 1862.16
-258.277 -250.585 2165.47
-148.145 -1132.78 2135.57
-280.887 -591.9 2170.01
-122.184 -419.274 2096.85
-144.675 -813.8 1998.18
-186.243 -34.5839 2017.01
-47.0652 -42.3095 1966.75
150.713 -291.506 1922.98
-14.5079 -1179.27 2071.79
129.875 -598.306 1807.32
55.7915 -429.25 2032.42
-2.24007 -821.946 1916.69
92.1127 -50.0351 1916.48
-40.1308 -233.286 2015.69
FRAME: 69
-12.8178 204.051 1899.7
-249.218 -237.551 2202.67
-142.121 -1129.98 2159.05
-273.46 -578.618 2196.85
-107.584 -413.551 2128.42
-133.897 -812.156 2020.64
-177.421 -23.0084 2053.44
-35.5134 -27.8424 2008.82
166.402 -282.569 1966.15
-7.30751 -1195.74 2076.62
169.344 -596.821 1890.58
67.2248 -419.527 2073.33
14.416 -823.527 1994.97
106.394 -32.6765 1964.21
-27.8466 -222.191 2054.85
FRAME: 70
0.00766755 233.238 1952.43
-236.014 -227.164 2246.14
-127.936 -1135.27 2165.26
-261.474 -559.637 2230.27
-98.8714 -404.378 2154.78
-114.019 -805.69 2082.77
-169.49 -4.78376 2089.72
-22.8617 -6.49736 2058.13
190.806 -260.908 2037.17
7.21718 -1177.59 2105.33
202.971 -593.357 1971.3
78.3584 -406.437 2116.65
40.1661 -808.437 2041.12
123.766 -8.21096 2026.53
-16.5591 -205.952 2096.92
FRAME: 71
11.3359 247.603 1984.67
-227.89 -222.547 2280.71
-125.456 -1123.92 2193.5
-248.756 -535.602 2262.86
-84.3672 -390.419 2196.45
-92.3132 -790.995 2124.12
-162.123 5.15636 2128.02
-10.3886 6.46987 2100.86
207.272 -245.552 2097.19
0.088575 -1159.61 2125.69
235.893 -594.573 2045.8
98.3758 -388.748 2163.99
81.3161 -799.749 2117.82
141.345 7.78337 2073.71
-1.69217 -191.557 2140.54
FRAME: 72
22.259 263.332 2027.33
-218.516 -211.635 2310.97
-88.2206 -1060.46 2275.74
-242.524 -523.93 2289.08
-72.3275 -378.583 2249.03
-89.103 -780.6 2179.97
-152.697 19.3262 2172.34
2.45456 21.584 2146.34
229.681 -224.725 2158.95
35.2509 -1120.16 2146
268.196 -553.571 2128.11
117.783 -375.779 2217.29
140.009 -772.761 2275.55
157.607 23.8419 2120.34
12.5912 -177.799 2189.75
FRAME: 73
35.2433 283.946 2071.97
-205.867 -208.815 2337.98
-120.228 -1107.86 2240.82
-233.191 -510.506 2340.41
-58.5715 -363.046 2285.29
-75.2076 -770.297 2190.61
-138.121 31.1808 2216.74
17.1343 33.0903 2190.62
248.703 -213.67 2206.12
61.9827 -1124.41 2256.7
291.96 -540.407 2195.11
129.008 -360.719 2253.89
156.981 -763.361 2315.52
172.39 34.9998 2164.5
26.1764 -164.396 2230.1
FRAME: 74
44.5652 303.879 2105.63
-188.515 -190.327 2371.86
-78.2634 -1163.47 2251.47
-215.948 -492.828 2380.06
-51.3853 -348.991 2308.91
-71.9312 -769.793 2225.01
-126.427 52.6107 2248.49
30.3227 53.252 2225.68
262.284 -191.783 2282.89
73.1794 -1059.42 2371.1
303.111 -507.822 2240.88
135.049 -348.229 2281.87
161.198 -764.727 2346.88
187.073 53.8932 2202.87
36.0774 -147.679 2260.53
FRAME: 75
50.5189 328.035 2140.55
-173.308 -153.534 2401.29
-84.5386 -1073.59 2282.1
-208.261 -460.925 2406.21
-48.0074 -336.735 2326.66
-68.834 -737.471 2274.85
-118.834 73.0337 2265.48
38.3278 72.8372 2247.11
273.154 -167.436 2318.92
87.929 -1026.85 2510.25
336.883 -504.548 2314.89
140.652 -336.954 2304.72
168.363 -738.919 2381.25
195.49 72.6407 2228.74
42.3251 -132.004 2281.4
FRAME: 76
55.4135 341.552 2153.67
-161.034 -149.8 2416.69
-88.7648 -1106.37 2293.02
-199.173 -453.947 2445.88
-45.6073 -317.342 2353.52
-70.2567 -722.246 2300.38
-115.484 82.4968 2279.15
41.6222 82.9082 2260.62
282.267 -145.877 2340.62
87.6392 -997.376 2571.34
355.763 -477.339 2379.78
150.766 -316.823 2330.38
165.538 -726.373 2401.31
198.729 83.3196 2242.1
47.1007 -117.087 2301.29
FRAME: 77
70.8942 364.216 2186.67
-159.306 -134.808 2436.47
-88.9686 -1098.01 2314.58
-184.036 -424.711 2490.08
-44.9582 -300.475 2373.21
-66.1227 -704.294 2320.36
-106.565 103.846 2302.89
50.4192 104.112 2292.04
286.645 -123.398 2375.85
89.3219 -1003.37 2587.69
377.768 -417.379 2456.42
157.669 -300.107 2359.19
164.807 -713.464 2432.66
207.404 104.378 2281.19
53.3872 -98.0894 2329.12
FRAME: 78
77.8504 384.266 2213.63
-157.942 -114.757 2452.61
-70.3869 -1027.41 2483.06
-180.943 -407.311 2500.53
-42.5976 -282.559 2394.37
-61.3986 -689.772 2344.95
-102.924 124.252 2325.22
53.8055 125.046 2315.64
287.845 -101.004 2405.95
87.2506 -1004.66 2607.1
381.035 -403.14 2498.38
163.152 -281.45 2381.81
165.604 -694.645 2454.03
210.535 125.841 2306.06
57.0413 -78.479 2351.87
FRAME: 79
82.8926 400.698 2239.44
-157.414 -102.549 2460.26
-71.6856 -1016.84 2515.13
-181.398 -393.958 2504.14
-40.9211 -269.677 2413.15
-54.2325 -674.499 2377.01
-102.014 136.874 2341.2
55.3245 137.631 2332.96
288.907 -89.0687 2434.43
86.4686 -1011.78 2623.39
394.748 -384.974 2553.29
163.288 -268.681 2402.42
164.723 -688.827 2469.2
212.663 138.388 2324.71
58.2539 -65.7742 2370.37
FRAME: 80
85.6679 410.519 2259.63
-157.09 -88.8119 2470.18
-63.1791 -1017.3 2546.23
-181.435 -385.111 2507.79
-41.2553 -261.615 2428.27
-50.0275 -669.702 2403.31
-100.579 148.494 2354.22
56.8186 148.822 2347.26
290.433 -74.9531 2456.85
89.4994 -998.217 2671.99
398.464 -356.978 2581.57
163.249 -261.204 2419.23
162.961 -682.645 2487.36
214.216 149.15 2340.31
58.9077 -56.2934 2385.51
FRAME: 81
88.828 421.113 2284.18
-158.932 -81.6149 2475.37
-69.6305 -1016.75 2589.3
-187.136 -388.172 2513.59
-43.0902 -254.82 2443.98
-49.2972 -669.021 2436.12
-101.298 159.114 2368.12
56.9959 159.155 2361.38
293.881 -66.2712 2469.01
83.8634 -1006.23 2682.63
396.007 -340.843 2607.02
163.879 -254.776 2435.14
162.146 -681.131 2501.21
215.29 159.195 2354.63
58.6951 -47.8214 2400.47
FRAME: 82
92.7455 424.454 2294.02
-159.951 -68.2883 2486.19
-74.3313 -1005.12 2642.47
-198.843 -382.205 2509.43
-43.9688 -241.684 2455.96
-49.4738 -650.288 2478.77
-101.397 167.498 2381.87
57.4217 167.044 2376.11
292.738 -59.5179 2481.41
83.2453 -1000.08 2691.05
392.214 -329.155 2642.04
162.271 -242.225 2448.47
163.194 -668.148 2510.77
216.241 166.591 2370.35
58.2864 -37.455 2414.16
FRAME: 83
95.5278 430.622 2309.17
-162.956 -68.9149 2494.02
-68.8582 -1009.48 2674.51
-203.872 -386.508 2492.03
-46.4071 -236.854 2469.62
-56.082 -652.011 2507.88
-103.434 173.101 2395.18
55.9169 172.627 2391.18
291.163 -52.2167 2501.44
79.2577 -1007.14 2703.01
385.524 -334.568 2670.01
159.849 -237.404 2464.43
162.368 -663.368 2526.14
215.268 172.152 2387.17
56.319 -32.2512 2429.1
FRAME: 84
95.6644 436.217 2321.65
-169.403 -71.8364 2502.59
-68.1514 -1002.14 2698.28
-207.324 -394.366 2491.2
-49.1527 -234.821 2482.58
-62.2149 -653.277 2533.04
-104.865 176.748 2405.06
52.8355 177.589 2405.5
288.518 -45.3199 2522.66
78.9046 -1005.51 2707.33
386.803 -314.762 2671
159.078 -233.618 2483.15
162.346 -660.348 2538.9
210.536 178.429 2405.94
53.8991 -28.3153 2444.18
FRAME: 85
93.5503 442.4 2336.55
-174.801 -73.0915 2514.13
-65.7223 -1004.71 2725.01
-217.741 -372.749 2489.43
-53.4985 -234.347 2500.56
-70.6146 -654.575 2570.78
-107.499 179.566 2420.41
49.2493 180.949 2423.27
282.637 -42.3183 2538.75
79.1422 -1012.78 2717.36
374.569 -312.307 2711.63
156.609 -232.461 2504.23
158.423 -659.448 2561.18
205.997 182.332 2426.13
50.4022 -26.2276 2462.83
FRAME: 86
86.9507 446.827 2353.86
-178.495 -73.975 2520.89
-62.1078 -1003.05 2737.81
-226.172 -382.663 2467.75
-55.4864 -232.505 2513.09
-74.2508 -650.416 2589.06
-111.363 181.133 2436.56
46.5578 182.788 2439.82
278.345 -41.6374 2553.35
78.0834 -1011.83 2727.75
366.531 -312.652 2726.28
154.241 -230.293 2517.37
149.967 -655.675 2582.44
204.479 184.443 2443.08
47.9677 -24.3054 2477.53
FRAME: 87
85.1119 449.286 2362.15
-181.601 -75.6935 2525.18
-64.3745 -1004.83 2744.72
-230.278 -379.18 2463.57
-57.8842 -233.593 2520.75
-75.1201 -653.776 2599.69
-114.571 181.689 2446.05
43.9154 183.612 2451.03
274.015 -48.5732 2563.95
77.2198 -1013.06 2729.41
358.62 -312.701 2730.72
151.203 -231.018 2527.34
147.88 -653.402 2588.58
202.402 185.535 2456
45.2873 -24.3469 2487.53
FRAME: 88
82.2667 455.903 2380.79
-183.047 -76.3591 2527.49
-61.7185 -1008.77 2741.18
-226.607 -379.373 2468.17
-55.9811 -239.15 2528.15
-75.7243 -652.2 2601.11
-114.94 182.769 2452.56
43.6616 185.178 2458.69
273.799 -52.4169 2578.95
76.5917 -1017.54 2737.27
347.517 -306.398 2738.75
150.403 -235.983 2536.04
143.031 -654.411 2592.56
202.263 187.586 2464.82
45.4363 -26.1944 2495.39
FRAME: 89
79.6921 453.114 2379.89
-185.823 -74.689 2527.74
-62.0556 -1006.89 2751.65
-231.107 -379.544 2444.45
-58.0735 -232.714 2534.6
-78.1904 -647.225 2614.19
-116.433 183.172 2459.89
43.3726 184.675 2465.92
264.201 -52.1853 2596.85
77.2003 -1017.02 2735.25
337.564 -308.083 2758.85
147.064 -230.777 2542.29
143.551 -652.874 2598.49
203.178 186.177 2471.95
43.9339 -23.5353 2502.18
FRAME: 90
76.4098 455.098 2387.9
-186.888 -76.8959 2528.51
-63.4119 -1006.9 2752.55
-231.734 -385.319 2416.44
-58.214 -236.458 2540.77
-78.3392 -647.424 2620.15
-118.351 183.78 2466.57
41.9827 186.106 2474.73
261.042 -53.5099 2605.73
77.1422 -1017.27 2736.35
326.299 -303.254 2751.07
147.072 -233.468 2551.19
141.07 -652.168 2601.22
202.316 188.433 2482.89
43.2058 -24.4284 2510.36
FRAME: 91
73.1401 455.568 2397.27
-188.665 -77.6502 2530.17
-63.8072 -1008.05 2753.21
-229.447 -387.838 2417.63
-59.1732 -236.221 2544.41
-79.8951 -646.44 2622.35
-119.035 183.57 2470.04
41.3111 185.788 2480.55
257.58 -58.3393 2614.59
77.1324 -1019.62 2738.24
318.174 -298.252 2745.98
144.327 -233.401 2557.73
138.767 -654.043 2605.12
201.658 188.007 2491.05
41.9439 -24.5112 2515.81
FRAME: 92
70.6516 454.941 2399.56
-189.208 -78.6783 2531.63
-64.0608 -1009 2756.13
-223.404 -389.407 2406.56
-60.5547 -238.885 2548.2
-79.4549 -648.951 2623
-120.567 183.695 2473.92
39.9111 185.952 2484.17
252.84 -56.0822 2619.53
75.8672 -1019.53 2742.13
322.384 -316.063 2748.2
143.367 -236.013 2561.23
138.242 -654.122 2608.72
200.389 188.209 2494.42
40.6586 -25.7485 2519.44
FRAME: 93
69.2789 455.043 2402.91
-188.945 -81.3195 2533.54
-64.5446 -1009.72 2756.89
-195.389 -397.064 2419.8
-60.9309 -241.417 2551.31
-79.9182 -650.462 2623.24
-122.651 182.542 2479.51
38.3421 185.117 2490.03
248.352 -59.4423 2626.82
75.077 -1017.04 2743.89
330.91 -313.79 2744.83
142.39 -238.164 2564.63
137.559 -654.505 2610.09
199.335 187.693 2500.55
39.5357 -27.3367 2524
FRAME: 94
68.1263 454.193 2401.62
-188.352 -83.0426 2535.22
-64.2495 -1007.21 2757.54
-195.48 -388.534 2410.48
-61.9397 -240.544 2551.96
-80.1928 -648.921 2624.07
-123.025 181.637 2481.58
37.1301 184.682 2493.28
246.295 -57.7402 2629.89
75.0287 -1017.61 2747.18
325.774 -291.436 2704.8
142.659 -236.657 2566.93
138.132 -657.481 2615.41
197.286 187.727 2504.98
38.745 -26.9592 2526.36
FRAME: 95
67.0856 455.645 2405
-187.884 -84.4964 2536.98
-65.1099 -1007.16 2755.79
-169.727 -397.047 2422.39
-62.5637 -240.843 2552.28
-81.1092 -649.058 2621.86
-123.952 181.252 2483.99
36.1772 184.404 2495.25
245.126 -59.605 2633.21
75.1489 -1016.88 2746.21
326.536 -284.833 2694.78
142.56 -236.824 2566.71
136.938 -656.683 2616
196.306 187.556 2506.51
38.0876 -27.2147 2527.37
FRAME: 96
67.1009 455.816 2407.64
-186.491 -85.5977 2537.24
-65.285 -1010.93 2755.71
-160.599 -399.595 2421.72
-62.3121 -241.663 2552.04
-80.9731 -651.469 2621.59
-123.733 180.857 2483.68
35.7167 184.431 2496.76
244.093 -60.1248 2639.74
74.9103 -1018.61 2747.77
331.527 -283.81 2696.31
142.312 -237.091 2568.83
136.947 -658.543 2616.29
195.167 188.004 2509.83
37.8584 -27.4729 2528.6
FRAME: 97
67.5419 457.225 2409.76
-185.437 -86.3392 2537.24
-66.0284 -1011.43 2753.25
-145.901 -407.07 2429.36
-62.5725 -242.537 2551.76
-81.3213 -650.834 2618.56
-123.013 181.408 2483.61
36.0014 184.869 2497.28
245.293 -57.1335 2648.8
73.9495 -1019.49 2746.43
354.145 -277.607 2705.9
142.222 -238.087 2569.37
136.238 -659.399 2614.9
195.016 188.329 2510.94
37.913 -27.7215 2528.92
FRAME: 98
66.9993 455.959 2409.48
-183.245 -87.2384 2536.61
-66.0308 -1010.14 2754.7
-140.158 -406.302 2420.18
-61.709 -241.112 2548.86
-80.5279 -649.898 2614.14
-122.887 180.288 2481.85
35.7059 184.15 2496.54
245.875 -49.0664 2654.05
73.8046 -1016.26 2746.68
371.342 -269.479 2703.79
142.366 -236.152 2567.75
136.974 -656.068 2615.16
194.299 188.012 2511.24
38.0172 -27.2411 2527.43
FRAME: 99
67.5969 456.353 2409.6
-173.968 -89.7015 2517.01
-66.3967 -1011.97 2753.31
-136.755 -405.629 2409
-61.5461 -242.398 2545.74
-79.3693 -650.335 2609.96
-121.142 180.471 2477.66
36.3175 184.345 2494.61
249.011 -37.4104 2659.31
73.5843 -1017.95 2747.03
396.383 -242.853 2725.49
141.786 -237.4 2567.62
136.146 -657.481 2614.02
193.777 188.219 2511.57
38.2188 -27.7772 2525.65
FRAME: 100
68.3243 456.578 2408.54
-168.786 -90.8786 2510.02
-66.249 -1013.47 2748.59
-124.677 -411.19 2406.08
-60.0407 -244.733 2540.28
-77.3855 -652.519 2594.64
-116.697 179.546 2471.08
38.1829 183.314 2490.8
251.395 -32.7655 2659.12
72.4328 -1019.41 2745.79
427.768 -212.162 2748.19
141.298 -239.838 2565.9
134.562 -658.065 2613.38
193.063 187.082 2510.53
39.4059 -29.4859 2521.95
FRAME: 101
68.894 456.517 2407.66
-165.159 -88.2058 2500.03
-65.2111 -1015.23 2740.22
-122.66 -417.602 2388.24
-59.471 -248.376 2528.47
-74.9911 -654.819 2580.23
-111.316 179.12 2461.42
40.8226 182.404 2484.58
255.501 -28.0987 2654.61
71.0363 -1019.33 2745.95
439.743 -182.495 2773.08
141.7 -244.041 2559.1
133.336 -660.76 2611.27
192.962 185.689 2507.74
40.9685 -31.9019 2514.18
FRAME: 102
73.2051 453.535 2400.82
-163.436 -87.9157 2489.21
-64.3891 -1013.06 2726.14
-126.675 -420.755 2381.6
-55.8429 -250.018 2515.39
-72.6041 -654.787 2564.32
-106.433 178.358 2450.49
43.4275 181.877 2478.82
258.93 -23.0202 2651.97
70.6783 -1025.86 2741.21
431.237 -155.451 2775.8
142.16 -245.377 2552.79
133.385 -662.151 2607.17
193.288 185.397 2507.16
43.293 -32.9101 2506.46
FRAME: 103
76.8524 451.238 2393.2
-164.192 -92.5009 2478.18
-65.9434 -1013.24 2709.79
-128.528 -420.248 2372.12
-51.9145 -254.486 2504.27
-67.0844 -657.382 2546.28
-102.413 175.494 2442.61
45.5273 179.366 2472.88
261.864 -24.059 2647.79
70.8202 -1025.7 2743.88
497.548 -166.641 2796.74
144.426 -249.376 2544.45
133.75 -667.463 2603.95
193.468 183.237 2503.14
45.8914 -36.2825 2498.62
FRAME: 104
81.8397 447.733 2382.76
-162.199 -90.6161 2469.83
-71.9339 -1009.5 2690.76
-140.123 -417.782 2358.61
-49.5667 -258.225 2490.73
-62.2454 -660.496 2523.91
-99.122 173.024 2432.64
47.7172 176.964 2465.49
264.621 -26.6865 2643.52
69.5919 -1027.16 2740.37
462.228 -133.165 2791.3
147.044 -252.992 2534.7
133.791 -668.117 2601.12
194.556 180.904 2498.35
48.2279 -39.3219 2489.1
FRAME: 105
85.7119 445.13 2373.11
-159.098 -95.1283 2460.96
-75.0653 -1004.02 2670.14
-161.035 -420.816 2345.57
-46.5221 -263.32 2481.52
-57.5383 -664.795 2494.95
-97.1767 170.548 2425.29
49.9837 174.327 2456.15
268.594 -28.6296 2634.04
69.5229 -1017.95 2736.25
474.003 -130.337 2787.17
149.616 -258.298 2522.68
136.783 -668.103 2589.44
197.144 178.106 2487.01
50.7654 -43.2412 2479.12
FRAME: 106
89.0344 439.179 2361.63
-159.045 -100.262 2448.34
-80.0642 -1007.65 2636.92
-174.932 -416.958 2333.38
-43.3285 -274.641 2467.25
-56.5306 -672.202 2472.68
-93.9023 166.477 2412.2
53.8721 169.913 2443.45
269.911 -29.603 2630.03
70.2667 -1022.65 2729.01
523.954 -121.364 2792.33
152.834 -270.061 2508.76
138.822 -676.902 2580.37
201.646 173.35 2474.7
54.3125 -51.2189 2465.73
FRAME: 107
88.8275 432.62 2345.31
-157.769 -106.923 2446.82
-68.6709 -1011.41 2591.56
-199.139 -425.703 2335.5
-40.5916 -277.725 2457.2
-54.0795 -681.63 2447.23
-91.2673 161.583 2402.38
56.5941 164.894 2433.92
273.944 -30.3373 2624.65
71.3504 -1023.81 2730.97
514.105 -98.8173 2788.31
154.666 -273.337 2498.88
141.489 -682.904 2571.52
204.456 168.206 2465.47
56.8156 -55.3183 2455.98
FRAME: 108
91.3758 419.343 2310.94
-163.619 -108.557 2435.89
-69.0736 -1039.86 2547.69
-242.699 -412.779 2362.02
-42.3346 -281.175 2440.85
-61.2612 -694.574 2414.17
-91.2314 156.331 2379.38
56.5138 159.751 2409.27
280.382 -30.7756 2610.62
69.3278 -1018.85 2727.49
518.452 -84.8297 2742.07
154.968 -276.602 2480.69
143.812 -683.675 2557.81
204.259 163.171 2439.16
56.4154 -59.5688 2435.02
FRAME: 109
92.7415 412.11 2286.91
-175.407 -104.398 2427.07
-70.6087 -1050.5 2519.98
-286.991 -405.157 2378.06
-46.3867 -279.948 2424.02
-66.6292 -697.179 2374.76
-91.4239 153.55 2359.31
57.4723 155.574 2387.71
288.177 -36.5534 2586.28
67.6116 -1005.73 2725.57
529.198 -78.4592 2719.05
152.198 -277.232 2461.84
143.425 -680.325 2536.16
206.369 157.598 2416.1
55.189 -61.508 2415.32
FRAME: 110
95.8331 402.38 2262.99
-188.486 -99.2885 2416.71
-69.8565 -1050.78 2513.3
-333.482 -405.802 2404.14
-49.8114 -277.744 2411.48
-74.5842 -691.89 2338.59
-92.4363 148.546 2340.76
57.1662 149.523 2365.39
296.143 -40.6818 2554.93
70.5427 -995.92 2717.75
543.334 -82.7555 2691
149.344 -276.428 2444.26
142.846 -676.4 2518.99
206.769 150.5 2390.01
53.4664 -63.7814 2396.63
FRAME: 111
94.2499 391.592 2238.18
-197.946 -99.4398 2409.18
-71.4723 -1059.85 2502.43
-344.886 -394.39 2420.03
-55.2326 -279.975 2396.42
-77.5489 -694.402 2314
-99.4726 139.53 2321.74
52.4779 140.698 2344.74
305.144 -55.0679 2511.32
72.9937 -992.649 2713.24
556.992 -96.7595 2659.54
146.409 -278.433 2427.01
143.688 -676.779 2505.3
204.428 141.866 2367.74
49.033 -69.2531 2378.23
FRAME: 112
93.3006 378.126 2212.86
-209.864 -102.871 2399.42
-75.4057 -1067.66 2482.56
-368.25 -388.628 2440.33
-57.9618 -284.567 2381.38
-81.8277 -695.352 2286.81
-103.927 127.286 2301.72
49.907 128.3 2324.12
319.32 -69.9954 2471.11
71.7625 -983.849 2702.14
560.654 -121.091 2606.82
142.151 -283.292 2410.44
143.178 -679.411 2487.81
203.741 129.314 2346.51
46.0008 -77.8148 2360.01
FRAME: 113
89.5977 366.131 2184.63
-216.966 -111.048 2388.21
-65.4119 -1055.01 2465.75
-379.21 -384.309 2454.86
-60.3363 -297.112 2363.38
-87.7477 -705.232 2250.98
-108.821 111.637 2279.71
46.5784 111.258 2295.41
324.055 -85.026 2434.84
70.9491 -990.733 2695.91
568.622 -162.715 2532.75
135.866 -297.608 2383.15
140.175 -689.168 2474.77
201.978 110.878 2311.12
42.1716 -93.051 2334.34
FRAME: 114
78.9242 347.793 2137.8
-221.626 -121.171 2375.47
-73.7324 -1074.86 2455.06
-388.448 -398.649 2452.51
-64.4503 -307.546 2339.92
-93.9985 -713.576 2229.53
-116.907 96.5238 2252.14
39.5892 95.1278 2258.07
327.544 -104.936 2379.83
68.4109 -984.369 2692.49
579.39 -212.039 2470.86
130.232 -309.222 2347.46
136.97 -700.338 2447.99
196.085 93.7319 2264.01
36.2399 -106.628 2300.88
FRAME: 115
72.0564 333.384 2105.01
-228.348 -129.901 2357.51
-77.9506 -1088.13 2431.62
-397.55 -410.597 2434.19
-69.8686 -315.939 2317.33
-96.152 -721.695 2214.14
-125.23 87.3998 2229.08
32.1005 85.9029 2228.86
318.607 -131.099 2321.5
59.0833 -973.365 2673.62
572.299 -257.283 2382.51
126.735 -317.756 2317.12
133.947 -710.475 2423.05
189.431 84.406 2228.65
30.2669 -115.472 2273.04
FRAME: 116
45.0597 296.895 2026.25
-250.579 -183.952 2278.95
-75.9166 -1102.9 2420
-400.315 -484.646 2351.99
-78.0127 -335.73 2273.99
-93.1376 -747.681 2184.33
-150.102 45.9443 2150.55
11.6055 48 2145.97
285.068 -185.898 2201.8
68.2584 -1027.77 2550.83
518.568 -393.086 2099.53
117.768 -333.247 2268.36
130.443 -725.864 2382.66
173.313 50.0557 2141.39
15.7417 -143.244 2208.57
FRAME: 117
34.5838 280.905 1996.63
-257.344 -218.592 2224.68
-78.5577 -1123.98 2398.49
-395.816 -525.475 2276.8
-88.2675 -355.847 2234.94
-99.6233 -777.147 2154.88
-158.32 18.5127 2102.41
1.51438 24.85 2106.5
264.961 -211.762 2134.97
78.3551 -1065.85 2514.32
385.358 -420.925 1950.75
114.486 -347.834 2240.15
129.716 -756.155 2346.01
161.349 31.1872 2110.59
7.31189 -163.495 2172.02
FRAME: 118
28.4147 256.147 1954
-261.72 -243.685 2155.78
-79.453 -1136.49 2401.95
-378.666 -573.172 2173.19
-105.201 -381.526 2182.45
-119.09 -814.008 2122.47
-162.587 1.7971 2054.69
-4.09419 6.33097 2064.8
235.607 -250.588 2010.25
88.2546 -1105.25 2448.56
391.986 -478.211 1776.99
103.087 -375.516 2196.23
121.48 -773.285 2302.6
154.399 10.8649 2074.9
-2.57565 -186.095 2127.07
FRAME: 119
14.477 232.506 1913.43
-259.43 -256.576 2108.78
-81.6424 -1156.55 2371.72
-352.058 -611.628 2076.14
-112.044 -397.364 2136.92
-126.3 -832.658 2112.4
-164.338 -15.4673 2013.61
-10.1197 -13.5984 2019.95
217.263 -264.927 1937.29
84.7301 -1120.24 2429.62
297.311 -482.558 1635.95
90.4382 -394.695 2145.93
107.335 -779.699 2260.03
144.098 -11.7295 2026.29
-10.4613 -204.814 2080.69
FRAME: 120
6.98366 203.651 1871.47
-249.794 -285.867 2064.83
-78.6269 -1177.9 2360.49
-319.547 -642.552 1987.5
-112.396 -423.007 2094.23
-128.746 -859.045 2096.55
-165.549 -36.5668 1974.99
-15.4994 -34.5394 1978.19
189.938 -267.585 1873.87
81.6774 -1188.7 2422.66
196.728 -448.802 1549.73
85.1799 -420.184 2098.99
100.719 -836.721 2220.59
134.55 -32.512 1981.39
-14.5536 -228.067 2037.4
FRAME: 121
3.50986 178.903 1832.95
-244.36 -303.753 2024.84
-75.3798 -1213.48 2338.16
-272.527 -657.25 1904.52
-107.673 -450.532 2053.9
-128.87 -884.315 2086.87
-162.775 -54.2269 1945.81
-19.3873 -52.4057 1931.04
165.133 -276.087 1787.06
73.8734 -1100.73 2243.62
112.877 -431.88 1458.04
98.4668 -447.831 2032.78
58.2462 -841.562 1924.8
124 -50.5844 1916.28
-11.9951 -250.793 1987.19
FRAME: 122
-1.43752 155.067 1786.81
-224.54 -329.793 1968.53
-86.2124 -1235.49 2341.41
-176.664 -675.047 1828.38
-104.206 -474.357 1966.64
-134.452 -881.687 2118.03
-161.355 -77.0659 1898.4
-22.0818 -70.6264 1886.13
150.996 -257.129 1743.48
75.5544 -1098 2194.34
45.4866 -390.162 1441.12
97.5337 -464.733 1949.42
68.7933 -865.423 1847.57
117.192 -64.1869 1873.86
-12.7091 -270.086 1922.08
FRAME: 123
-4.35825 120.76 1723.43
-223.014 -316.497 1966.78
-75.9335 -1225.83 2295.12
-225.916 -510.209 1764.64
-105.903 -455.807 1955.82
-125.182 -872.458 2062.9
-162.458 -81.2663 1892.95
-26.3715 -86.6216 1845.99
126.61 -268.863 1649.86
81.4255 -1126.01 2228.52
-40.1973 -366.596 1415.31
68.4251 -461.647 1895.04
60.0279 -855.737 1872.8
109.715 -91.9769 1799.02
-22.5551 -272.674 1885.71
FRAME: 124
-14.2266 92.5086 1665.17
-282.804 -270.162 1770.29
-87.3729 -1145.44 2166.84
-252.044 -294.097 1478.5
-118.181 -421.516 1961.59
-139.583 -792.135 1855.59
-167.736 -79.7323 1861.8
-40.8153 -99.4284 1799.3
65.0317 -298.093 1578.06
74.0798 -1085.37 2237.1
-198.203 -295.39 1391.59
44.1853 -446.788 1879.72
61.312 -747.02 1964.13
86.1052 -119.125 1736.8
-38.9066 -266.79 1859.98
FRAME: 125
-12.5706 77.001 1638.8
-284.492 -269.148 1734.15
-74.9302 -1128.59 2124.98
-297.379 -221.971 1431.94
-114.096 -415.999 1964.56
-124.019 -775.137 1842.1
-180.358 -92.519 1820
-48.3799 -114.696 1770.62
24.2493 -302.168 1553.8
63.5129 -1075.95 2231.08
-227.021 -269.029 1427.18
31.4464 -440.521 1910.4
50.5082 -714.806 1959.04
83.5978 -136.874 1721.25
-44.8524 -271.478 1854.05
FRAME: 126
-15.8549 63.9035 1618.31
-295.352 -285.166 1689.08
-78.4028 -1131.54 2166.31
-272.284 -234.606 1440.65
-118.174 -418.717 1950.33
-126.977 -753.109 1920.21
-191.922 -107.489 1774.99
-55.8056 -120.479 1743.01
-7.64898 -296.12 1546.52
49.5462 -1083.23 2185.93
-259.546 -227.446 1482.1
46.6055 -433.047 1916.15
47.7923 -740.656 1919.09
80.3108 -133.469 1711.02
-45.7951 -273.18 1838.12
FRAME: 127
-23.8512 51.0697 1596.83
-308.942 -283.206 1655.46
-83.6981 -1148.87 2192.8
-239.371 -229.611 1439.98
-116.346 -418.64 1944.49
-149.228 -747.502 1967.58
-193.219 -113.408 1756.3
-56.5308 -121.858 1732.78
-14.2475 -293.235 1542.37
43.9269 -999.016 2150.48
-309.001 -192.913 1520.65
53.9599 -429.381 1918.69
43.7992 -749.12 1912.49
80.1571 -130.307 1709.27
-43.8619 -272.934 1832.19
FRAME: 128
-31.2893 40.4122 1581.39
-327.932 -272.753 1634.07
-82.123 -1160.64 2184.77
-217.639 -228.286 1419.78
-121.674 -436.2 1936.65
-158.15 -775.806 2015.12
-194.211 -119.628 1744.09
-57.692 -122.861 1724.86
-18.0735 -287.623 1535.93
41.4648 -1031.73 2109.22
-329.099 -173.101 1548.03
61.0021 -438.002 1916.42
49.4516 -770.876 1912.95
78.8267 -126.093 1705.64
-44.0139 -279.981 1825.7
FRAME: 129
-36.3654 31.4993 1570.07
-359.37 -235.311 1613.91
-88.5133 -1204.62 2173.08
-202.645 -239.133 1421.53
-116.04 -431.822 1939.61
-155.301 -833.023 2017.41
-195.584 -121.232 1743.98
-59.4179 -124.875 1720.23
-20.8545 -290.213 1525.97
40.108 -1064.85 2111.64
-306.802 -170.399 1548.01
62.4558 -436.488 1911.16
27.1658 -780.358 1877.76
76.7484 -128.517 1696.48
-43.1051 -279.515 1822.81
FRAME: 130
-39.8767 32.9612 1563.09
-380.572 -219.022 1605.98
-96.3777 -1219.77 2155.23
-195.24 -248.583 1424.88
-118.45 -432.972 1931.02
-163.212 -841.365 2010.07
-191.215 -122.845 1747.09
-60.019 -123.16 1717.15
-40.1953 -281.074 1515.8
60.0253 -1092.47 2138.35
-308.953 -157.513 1569.05
68.9275 -428.145 1892.84
48.8768 -784.359 1932.25
71.1766 -123.476 1687.2
-42.3902 -276.86 1814.54
FRAME: 131
-47.368 31.9685 1557.05
-375.759 -232.155 1603.73
-94.9054 -1224.97 2149.16
-189.526 -263.031 1415.91
-126.011 -434.051 1913.63
-160.852 -842.537 2014.37
-195.176 -126.352 1738.38
-61.3875 -122.58 1716.22
-35.1779 -277.665 1521.79
61.4256 -1082.15 2137.07
-289.61 -160.397 1586.36
72.6539 -424.069 1887.26
60.1859 -782.298 1925.59
72.401 -118.809 1694.06
-44.0329 -275.82 1808.33
FRAME: 132
-54.4209 38.6131 1558.44
-350.351 -262.049 1599.39
-102.935 -1222.49 2136.59
-178.538 -280.008 1410.3
-133.673 -425.767 1909.29
-164.772 -834.354 2014.73
-203.271 -127.251 1735.89
-64.9258 -122.196 1718.43
-28.1253 -278.713 1527.03
48.7184 -1122.95 2121.25
-298.015 -228.444 1579.71
62.552 -414.992 1890.7
101.49 -775.636 1958.09
73.4194 -117.141 1700.97
-50.243 -271.288 1809.21
FRAME: 133
-60.1191 50.4004 1567.67
-327.435 -284.377 1596.28
-107.262 -1222.86 2128.25
-153.183 -292.8 1401.75
-136.194 -422.098 1902.59
-165.977 -840.641 1983.25
-205.947 -124.233 1731.58
-67.1876 -117.852 1718.22
-15.3715 -280.695 1536.42
46.9978 -1134.93 2114.53
-289.842 -263.86 1577.42
55.2074 -409.261 1891.89
117.103 -791.29 1973.56
71.5718 -111.47 1704.86
-53.8404 -266.766 1807.73
FRAME: 134
-60.0485 58.2885 1581.76
-309.477 -320.802 1604.93
-93.7272 -1231.1 2107.06
-129.232 -295.398 1419.54
-142.485 -418.807 1925
-153.642 -839.725 1996.39
-205.668 -113.927 1739.99
-67.513 -113.897 1724.26
15.7421 -304.013 1556.36
20.5606 -1152.06 2114.39
-256.373 -318.278 1566.63
50.7619 -418.331 1904.59
100.433 -816.994 1947.93
70.6418 -113.866 1708.54
-56.6872 -266.233 1819.53
FRAME: 135
-60.3559 69.3957 1601.96
-295.67 -333.335 1694.84
-89.7838 -1218.49 2074.21
-168.126 -320.841 1461.22
-145.766 -402.753 1954.42
-147.298 -827.882 1945.68
-201.994 -97.3435 1763.69
-65.0291 -108.61 1739.51
30.5123 -325.726 1576.09
35.1422 -1169.11 2118.36
-248.093 -373.277 1559.15
38.2992 -419.032 1920.66
94.2505 -816.576 1979.55
71.9355 -119.876 1715.32
-59.3813 -259.751 1838.52
FRAME: 136
-53.57 84.4026 1633.4
-251.078 -310.915 1815.75
-80.9641 -1221.67 2058.57
-191.677 -367.954 1505.46
-146.266 -397.882 1969.53
-144.811 -826.42 1952.26
-195.287 -85.9249 1786.86
-60.7078 -102.641 1758.78
63.2538 -326.64 1613.27
35.4592 -1168.18 2106.09
-234.452 -426.087 1573.08
29.9402 -420.906 1931.46
77.4951 -827.187 1948.85
73.8717 -119.358 1730.71
-59.4354 -256.018 1854.64
FRAME: 137
-44.5808 99.938 1664.81
-244.482 -295.871 1896.43
-76.4996 -1234.57 2058.74
-231.983 -468.738 1705.13
-136.648 -405.028 1982.31
-141.482 -835.246 1959.97
-184.991 -71.1341 1815.32
-53.1553 -91.8952 1778.39
88.7339 -319.928 1646.77
40.3689 -1143.62 2091.56
-195.799 -459.811 1575.86
29.0746 -432.48 1934.22
40.4728 -824.921 1888.61
78.6808 -112.656 1741.47
-53.4709 -255.325 1868.33
FRAME: 138
-41.791 107.399 1681.07
-268.502 -308.676 1934.01
-78.4667 -1227.69 2058.84
-358.448 -433.234 1679.12
-129.796 -394.891 1984.29
-159.403 -827.69 1965.88
-190.391 -65.6206 1846.51
-54.859 -86.0652 1800.3
92.6403 -323.899 1676.65
37.8259 -1159.02 2080.72
-145.638 -480.089 1595.28
28.6434 -418.832 1930.54
38.2086 -819.564 1897.17
80.673 -106.51 1754.08
-52.7177 -246.464 1878.86
FRAME: 139
-32.575 127.75 1726.69
-268.531 -301.836 1987.54
-79.2914 -1227.5 2061.32
-367.373 -498.868 1762.71
-123.019 -408.152 2003.15
-145.465 -834.292 1975.38
-185.255 -61.8983 1885.36
-52.5119 -82.8511 1827.82
104.537 -331.709 1717.32
38.8228 -1130.17 2098.79
-146.486 -504.127 1617.81
32.775 -432.8 1935.27
25.2577 -833.083 1880.3
80.2316 -103.804 1770.27
-48.8169 -251.664 1898.51
FRAME: 140
-0.429825 162.234 1807.73
-242.809 -272.804 2116.95
-88.8714 -1251.53 2057.21
-327.79 -580.059 2158.2
-103.755 -429.837 2059.57
-138.892 -852.762 1990.42
-166.909 -53.1609 1951.12
-27.8053 -65.3652 1907.08
154.254 -340.621 1814.71
51.961 -1101.44 2145.12
-43.5247 -535.679 1678.07
61.6621 -444.62 2006.8
35.1395 -830.496 1902.47
111.299 -77.5695 1863.03
-24.4259 -251.297 1970.13
FRAME: 141
8.54822 175.22 1847.43
-232.341 -252.156 2162.05
-83.3961 -1253.66 2075.62
-336.129 -568.31 2204.42
-94.1292 -419.008 2098.57
-122.449 -845.29 2061.84
-154.311 -36.3952 2003.49
-15.644 -48.1055 1956.05
182.459 -317.585 1872.55
56.6941 -1182.08 2114.57
23.2031 -536.896 1738.84
75.8783 -433.595 2039.94
36.7609 -839.175 1923.94
123.023 -59.8159 1908.61
-12.3847 -237.203 2012.65
FRAME: 142
19.7075 195.058 1895.09
-227.01 -224.866 2202.05
-77.3967 -1214.25 2105.38
-329.333 -549.862 2308.23
-78.2686 -393.23 2145.43
-113.358 -818.595 2083.88
-139.503 -17.9172 2047.68
3.61607 -27.1825 2007.14
214.844 -279.718 1948.81
68.0571 -1093 2198.39
72.7341 -531.459 1790.11
99.7723 -404.909 2094.75
48.6328 -810.228 1954.74
146.735 -36.4479 1966.61
7.18396 -213.126 2063.62
FRAME: 143
45.3829 248.225 1981.57
-202.873 -181.117 2282.52
-70.1962 -1181.66 2137.34
-287.901 -499.103 2414.06
-66.6447 -379.017 2188.65
-80.3646 -773.512 2127.17
-121.997 14.4767 2114.53
26.653 9.70119 2088.14
254.485 -243.908 2053.51
99.2029 -998.046 2296.9
154.359 -513.951 1920.67
121.34 -385.035 2155.35
79.2308 -795.234 2040.95
175.304 4.92572 2061.76
27.0003 -186.163 2130.07
FRAME: 144
52.1033 255.225 2002.79
-198.756 -171.129 2307.41
-65.2812 -1162.33 2164.68
-268.651 -478.224 2458.92
-58.325 -359.985 2231.74
-70.4954 -751.758 2143.07
-116.507 31.2208 2147.72
34.5103 26.276 2120.5
266.679 -219.251 2136.21
136.819 -949.292 2373.04
186.512 -510.915 1982.4
135.306 -366.291 2196.96
103.521 -790.106 2104.44
185.528 21.3313 2093.28
36.5005 -168.431 2167.42
FRAME: 145
64.5393 277.75 2033.24
-187.19 -156.857 2334.96
-63.4804 -1155.89 2189.7
-240.849 -445.777 2486.2
-51.4208 -342.52 2259.51
-65.3099 -738.384 2169.7
-108.975 49.5024 2179.43
45.1781 43.5258 2152.41
280.345 -204.688 2177.11
136.649 -1075.43 2334.57
214.26 -490.174 2041.16
142.983 -350.066 2225.46
133.433 -770.155 2190.63
199.331 37.5492 2125.4
45.4795 -151.384 2197.45
FRAME: 146
74.6828 301.766 2068.2
-175.247 -151.092 2368.96
-54.4082 -1151.44 2210
-213.761 -435.601 2515.54
-43.0127 -331.338 2289.68
-68.5079 -730.753 2217.98
-103.673 67.2983 2218.62
50.6145 61.1441 2188.15
288.517 -186.836 2218.65
134.732 -1115.45 2369.92
241.183 -464.485 2091.99
145.753 -338.846 2252.5
150.69 -760.912 2277.68
204.902 54.9898 2157.69
50.9923 -136.974 2229.62
FRAME: 147
77.6431 318.618 2097.46
-158.742 -137.431 2390.32
-60.562 -1146.12 2228.6
-194.726 -417.958 2526.45
-38.4737 -318.345 2313.01
-68.5154 -721.601 2238.45
-96.3598 83.97 2236.8
57.1236 78.1867 2212.44
295.001 -163.533 2263.23
130.339 -1107.97 2386.38
265.417 -447.89 2142.82
149.752 -325.44 2283.15
159.765 -749.205 2331.81
210.607 72.4034 2188.08
56.3814 -121.853 2255.26
FRAME: 148
87.7635 339.285 2121.58
-150.125 -127.095 2403.6
-60.2767 -1138.33 2242.17
-187.215 -384.308 2543.79
-37.5569 -307.429 2329.29
-70.7349 -714.736 2259.97
-90.883 99.9847 2254.04
62.6643 93.7722 2233.89
299.244 -154.529 2285.81
120.773 -1097.3 2432.47
285.804 -448.822 2179.78
152.166 -315.109 2304.36
158.623 -743.782 2359.36
216.212 87.5596 2213.73
59.9843 -108.748 2275.36
FRAME: 149
91.2848 357.41 2146.45
-141.436 -126.536 2414.87
-62.4248 -1130.06 2264.98
-171.343 -375.237 2543.97
-36.1737 -300.264 2344.04
-67.2812 -710.79 2279.8
-87.2633 113.808 2271.32
66.8084 107.968 2253.95
302.106 -144.435 2308.67
122.149 -1100.59 2441.73
292.896 -440.289 2209.33
156.465 -307.549 2322.37
162.497 -741.743 2374.24
220.88 102.127 2236.57
63.4771 -97.9695 2293.57
FRAME: 150
94.7414 378.744 2184.24
-136.03 -118.794 2424.42
-75.9163 -1085.14 2356.61
-166.315 -390.963 2530.2
-35.6375 -288.105 2367.6
-62.8915 -696.616 2316.39
-84.0374 130.625 2293.68
70.2623 125.041 2279.28
306.623 -124.032 2351.54
93.8232 -1043.51 2585.31
325.4 -425.046 2288
160.739 -295.204 2349.31
156.791 -731.231 2408.82
224.562 119.458 2264.89
66.4066 -83.3067 2318.87
FRAME: 151
97.2199 394.697 2212.28
-135.559 -111.174 2433.8
-86.077 -1044.14 2457.89
-167.746 -393.565 2503.42
-37.9755 -278.042 2383.8
-59.3912 -687.233 2351.62
-84.5111 144.662 2313.88
71.6023 138.632 2300.96
307.946 -106.518 2381.24
92.54 -1046.78 2601.02
333.501 -410.663 2313.74
160.767 -285.719 2367.39
155.452 -721.797 2431.59
227.716 132.601 2288.04
66.4991 -71.6246 2338.28
FRAME: 152
96.0264 407.242 2233.11
-136.45 -104.388 2453.13
-82.1021 -1032.68 2516.57
-178.433 -408.522 2503.29
-40.5863 -272.736 2397.1
-57.6949 -684.287 2388.8
-86.8847 152.216 2331.88
70.4417 146.25 2318.81
308.464 -99.2673 2400.85
85.8106 -1034.8 2668.3
346.408 -402.729 2346.61
160.883 -280.38 2380.35
151.772 -712.373 2459.11
227.768 140.284 2305.73
65.2949 -65.1544 2353.76
FRAME: 153
94.1286 417.146 2250.18
-139.44 -99.2594 2461.81
-90.5742 -1001.45 2580.34
-185.763 -410.199 2466.76
-42.9286 -269.761 2410.77
-62.0514 -674.684 2422.15
-89.9777 158.23 2348.35
68.0648 152.825 2334.88
307.309 -92.0252 2419.36
76.9829 -1039.17 2687.5
346.929 -402.634 2358.53
161.268 -276.755 2393.35
151.398 -708.631 2478.12
226.107 147.42 2321.41
63.6173 -60.2163 2368.47
FRAME: 154
92.6539 422.15 2259.59
-143.132 -94.0658 2466.62
-89.3598 -1004.9 2609.36
-199.185 -413.603 2456.24
-44.0375 -266.867 2420.3
-65.9067 -670.029 2450.45
-93.5633 162.279 2358.43
65.0816 158.041 2346.74
305.59 -85.4134 2440.72
73.5648 -1040.39 2701.4
353.107 -389.067 2383.74
161.035 -272.354 2405.17
152.204 -704.767 2488.18
223.727 153.803 2335.05
61.7903 -55.7848 2379.73
FRAME: 155
88.4679 428.978 2277.08
-149.249 -91.3367 2471.27
-85.1699 -1005.55 2625.06
-211.27 -403.686 2411.32
-48.1291 -265.813 2431.91
-75.507 -670.269 2486.84
-95.9128 166.348 2369.61
62.9301 162.033 2357.84
302.443 -79.1289 2454.57
71.9376 -1049.21 2700.47
355.008 -390.71 2424.16
160.356 -271.489 2416.48
150.43 -707.034 2500.43
221.773 157.717 2346.07
59.5218 -53.309 2391.02
FRAME: 156
86.0644 432.278 2287.63
-155.758 -88.5187 2477.26
-84.0444 -1015.25 2648.39
-214.316 -404.085 2396.57
-48.4473 -265.159 2443.59
-75.8881 -666.235 2504.25
-97.7009 167.993 2378.17
59.9928 164.867 2367.68
297.117 -75.3768 2470.67
73.1953 -1059.36 2699.16
362.591 -400.488 2444.25
160.443 -269.31 2429.7
149.988 -707.789 2513.06
217.687 161.741 2357.2
57.9954 -51.1838 2402.16
FRAME: 157
80.9958 436.932 2299.74
-166.856 -86.3909 2484.65
-85.1626 -1018.87 2667.23
-230.441 -384.895 2350.86
-55.0616 -258.997 2462.66
-80.4002 -664.226 2532.4
-103.893 174.105 2396.22
52.8365 171.509 2384.53
286.115 -70.9467 2482.01
70.9198 -1055.04 2707.2
355.655 -392.247 2485.88
156.949 -262.513 2446.82
147.353 -700.202 2531.96
209.566 168.913 2372.85
51.89 -44.6231 2419.64
FRAME: 158
75.309 440.557 2310.35
-175.857 -84.7714 2489.15
-86.7902 -1020.52 2679.35
-237.491 -381.412 2339.26
-61.3452 -254.036 2475.76
-85.4165 -661.912 2552.87
-109.355 179.005 2408.76
47.434 176.566 2397.57
279.4 -67.1782 2489.78
69.7697 -1052.5 2715.04
354.707 -384.746 2507.54
152.927 -257.374 2460.39
143.474 -696.193 2549.74
204.223 174.128 2386.37
46.6124 -39.5695 2432.82
FRAME: 159
69.108 442.462 2325.81
-180.016 -88.3686 2489.67
-88.9707 -1023.65 2688
-246.62 -387.334 2339.05
-62.9155 -253.924 2484.15
-88.6583 -661.498 2561.86
-114.03 177.364 2420.59
45.3349 174.991 2411.72
271.338 -80.7805 2508.2
70.5587 -1051.51 2715.76
354.305 -379.681 2521.27
148.242 -257.06 2472.34
140.852 -692.663 2558.79
204.7 172.618 2402.84
43.9992 -40.2505 2444.98
FRAME: 160
64.8919 444.667 2335.02
-184.044 -91.5577 2489.27
-92.1768 -1029.29 2696.01
-249.175 -383.501 2332.39
-66.0077 -255.077 2491.38
-90.0725 -666.244 2567.42
-117.859 176.051 2426.35
42.5854 173.76 2420.18
266.55 -87.3368 2520.56
72.4229 -1053.36 2715.18
356.112 -388.972 2542.5
144.115 -258.062 2483.26
137.901 -690.577 2566.14
203.03 171.469 2414.01
40.8195 -41.4048 2453.75
FRAME: 161
61.3797 447.736 2344.42
-188.314 -90.7189 2489.46
-92.071 -1032.88 2696.8
-252.308 -381.802 2326.57
-67.421 -253.472 2495.97
-91.2193 -666.757 2571.33
-121.185 177.675 2433.14
40.2251 175.704 2426.92
264.089 -84.8061 2527.93
71.0855 -1051.76 2715.8
355.693 -371.696 2545.35
142.364 -256.024 2487.89
134.174 -688.945 2571.47
201.635 173.733 2420.7
38.8484 -39.522 2459.42
FRAME: 162
57.9993 449.903 2353.36
-191.693 -89.7552 2489.55
-92.4268 -1038.47 2699.01
-246.748 -379.331 2335.47
-70.0205 -253.073 2501.76
-92.4408 -668.764 2574.84
-124.569 177.776 2438.74
36.1674 176.4 2433.23
260.154 -79.2551 2539.8
70.1528 -1050.53 2716.75
365.967 -354.396 2562.69
139.415 -254.86 2494.6
130.756 -686.577 2575.47
196.903 175.025 2427.72
35.4323 -38.783 2465.71
FRAME: 163
55.3529 451.42 2360.74
-195.916 -88.2551 2489.93
-92.3056 -1038.93 2700.66
-247.613 -382.662 2341.97
-71.5189 -253.236 2505.37
-94.1679 -670.839 2577.23
-128.071 177.549 2443.39
32.1154 177.214 2439.38
255.811 -72.9912 2550.74
71.8869 -1048.25 2715.62
370.964 -344.964 2574.85
137.13 -253.675 2500.15
129.664 -684.497 2578.62
192.302 176.879 2435.38
32.4605 -38.121 2471.07
FRAME: 164
54.4758 451.507 2362.36
-199.249 -83.6672 2491.63
-92.9874 -1032.22 2704.1
-248.124 -385.47 2353.61
-72.5904 -252.213 2508.56
-94.3981 -669.065 2577.13
-128.627 178.748 2443.99
30.0664 179.405 2442.93
253.229 -67.2841 2559.52
71.7593 -1047.73 2715.42
378.668 -328.924 2584.97
137.124 -251.351 2507.15
129.792 -683.389 2578.67
188.76 180.062 2441.87
31.1666 -36.1887 2475.39
FRAME: 165
53.1979 451.761 2366.64
-201.102 -81.0503 2493.4
-93.2109 -1032.84 2704.1
-244.976 -390.745 2367.81
-73.0913 -252.895 2509.29
-94.902 -669.521 2577.25
-129.746 179.636 2447.19
28.0611 181.116 2448.24
252.148 -63.4805 2566.9
72.2827 -1044.77 2715.23
378.016 -309.927 2580.31
136.492 -250.933 2510.67
129.462 -681.179 2581.42
185.868 182.596 2449.3
29.8807 -35.3989 2479.11
FRAME: 166
53.5924 452.396 2369.51
-200.73 -81.036 2495.15
-92.6653 -1031.83 2702.36
-245.942 -391.436 2382.59
-72.2068 -252.892 2509.23
-94.1488 -668.633 2575.43
-129.317 180.249 2449.25
28.3507 182.242 2453.26
254.044 -62.8535 2572.56
71.9686 -1043 2719.41
430.495 -299.7 2634.53
136.9 -250.251 2514.53
129.163 -678.713 2582.52
186.018 184.236 2457.26
30.3486 -34.6645 2482.57
FRAME: 167
53.769 452.395 2373.17
-201.159 -79.8442 2497.17
-93.2871 -1034.8 2701.95
-241.747 -397.016 2398.95
-72.2087 -252.625 2509.93
-93.8215 -669.277 2574.9
-128.994 180.57 2450.39
28.4657 182.938 2456.66
256.473 -59.3242 2581.79
73.1428 -1047.17 2720.26
458.237 -273.948 2658.5
137.62 -249.47 2518.29
128.276 -677.413 2584.35
185.926 185.306 2462.93
30.5857 -34.0548 2485.38
FRAME: 168
54.1672 452.938 2375.83
-200.501 -79.0746 2499.5
-92.3719 -1035.82 2697.8
-245.685 -401.421 2423.58
-70.9087 -252.934 2509.22
-93.4365 -669.873 2571.93
-127.681 181.393 2451.4
29.3452 184.173 2460.49
261.666 -46.3921 2596.15
73.5913 -1048.66 2721.61
445.666 -255.439 2623.22
138.704 -249.222 2521.36
127.673 -676.524 2588.49
186.371 186.953 2469.59
31.6215 -33.4527 2487.89
FRAME: 169
55.3161 453.583 2378.17
-199.875 -79.492 2501.12
-91.7585 -1034.15 2696.5
-246.205 -400.353 2438.92
-69.2524 -254.059 2509.63
-92.0076 -670.421 2567.71
-126.555 181.195 2452.33
30.316 184.358 2462.5
269.612 -36.3831 2608.87
73.8874 -1050.2 2722.69
479.953 -216.759 2676.6
140.516 -249.827 2523.23
128.352 -677.178 2589.96
187.187 187.521 2472.67
32.9738 -33.7925 2489.46
FRAME: 170
56.5051 454.401 2380.14
-198.639 -78.7218 2502.81
-91.1764 -1035.21 2693.72
-249.465 -399.778 2441.5
-66.9527 -255.401 2508.97
-90.745 -671.365 2565.36
-124.532 181.994 2452.38
32.0383 185.355 2463.92
274.262 -29.1667 2614.76
73.0942 -1055.12 2727.63
461.817 -198.505 2685.4
142.092 -250.913 2524.38
130.338 -680.007 2590.16
188.608 188.715 2475.47
34.8039 -33.9011 2490.3
FRAME: 171
57.7957 454.327 2381.12
-197.704 -77.3708 2503.16
-89.6002 -1035.57 2690.53
-250.828 -397.88 2453.27
-65.5744 -255.901 2507.68
-87.445 -672.985 2555.9
-122.418 182.333 2452
33.5465 185.614 2464.14
274.184 -25.2394 2614.99
73.1307 -1052.16 2726.56
482.948 -124.134 2747.02
143.119 -251.508 2523.93
130.532 -679.631 2591.1
189.511 188.896 2476.29
36.1594 -34.0451 2489.97
FRAME: 172
59.1226 454.326 2380.56
-196.678 -76.0466 2503.54
-87.9809 -1038.7 2681.89
-254.061 -396.807 2449.91
-63.4482 -256.328 2506.27
-83.7398 -676.609 2546.74
-120.711 183.125 2450.95
35.3013 186.616 2464.15
277.598 -21.964 2615.95
73.3068 -1053.36 2725.8
502.629 -109.93 2770.34
145.168 -251.658 2523.91
132.432 -679.095 2592.14
191.314 190.107 2477.34
38.0807 -33.6886 2489.62
FRAME: 173
62.1515 453.84 2380.18
-194.638 -75.2434 2504.55
-87.0631 -1035.89 2666.64
-253.649 -390.961 2450.85
-56.6172 -258.061 2503.49
-71.9639 -678.695 2525.85
-114.695 181.729 2447
39.384 185.687 2461.97
286.74 -12.8225 2622.15
72.668 -1044.27 2726.03
491.909 -75.9546 2780.99
148.057 -252.804 2523.37
135.266 -677.489 2591.49
193.463 189.645 2476.94
42.552 -34.873 2487.7
FRAME: 174
78.4789 447.006 2367.02
-192.488 -74.1652 2503.26
-76.3757 -1028.66 2624.01
-244.925 -372.759 2459.77
-49.4824 -257.984 2496.07
-64.5964 -679.857 2500.85
-108.971 180.454 2439.22
44.4245 185.051 2456.96
289.789 -5.94134 2622.52
76.0387 -1034.27 2720.45
466.591 -32.1939 2797.06
152.991 -251.914 2519.48
139.212 -673.171 2586.42
197.82 189.649 2474.7
48.0893 -34.9488 2482.37
FRAME: 175
86.9998 439.811 2353.6
-189.049 -73.7953 2502.98
-69.961 -1030.36 2600.05
-246.23 -370.042 2460.54
-44.0831 -257.84 2487.54
-57.5243 -683.613 2473.41
-102.893 178.456 2430.83
49.6017 183.248 2450.25
289.746 -6.85993 2623.24
80.1982 -1026.62 2710.9
483.442 -16.3904 2828.26
158.141 -251.474 2513.27
148.713 -671.645 2570.26
202.096 188.04 2469.67
53.3153 -35.7046 2475.33
FRAME: 176
89.5331 433.776 2343.44
-187.845 -72.6989 2500.87
-77.8044 -1045.22 2567.74
-248.228 -368.711 2458.25
-40.4213 -258.348 2478.54
-54.6585 -689.951 2439.62
-98.9454 175.819 2422.85
55.2965 179.796 2442.6
294.889 -8.22757 2624.74
78.7158 -1023.7 2720.21
496.134 -0.749967 2827.26
161.009 -253.155 2504.3
153.384 -676.14 2563.94
209.538 183.774 2462.36
57.7953 -37.9775 2467.01
FRAME: 177
90.5822 425.617 2331.6
-186.497 -71.8649 2499.24
-81.4661 -1058.79 2546.62
-256.689 -370.261 2459.62
-38.5063 -261.871 2469.66
-56.4191 -694.073 2415.58
-95.574 171.897 2413.84
59.1769 174.862 2431.93
295.311 -10.1972 2623.31
77.0861 -1024.55 2722.84
497.874 -9.6648 2825.23
161.932 -258.031 2493.13
155.346 -681.148 2554.91
213.928 177.827 2450.02
60.4449 -42.5443 2456.66
FRAME: 178
91.7662 418.977 2319.56
-184.274 -71.9585 2494.52
-80.3069 -1057.05 2531.4
-255.007 -361.261 2462.58
-37.6563 -265.122 2461.69
-58.8189 -695.542 2393.93
-94.9733 167.053 2402.78
60.6447 169.345 2417.28
299.916 -9.79187 2596.06
77.1937 -1022.33 2726.76
453.411 -31.7961 2769.6
161.742 -262.186 2480.28
156.705 -685.199 2546.04
216.263 171.637 2431.78
61.3437 -47.1546 2444.13
FRAME: 179
96.3953 403.676 2288.73
-183.567 -74.6105 2480.59
-82.9089 -1061.25 2505.34
-270.677 -361.207 2473.22
-37.1163 -269.808 2448.31
-59.4874 -693.702 2354.73
-95.0269 157.443 2381.54
62.3976 159.068 2392.56
292.951 -12.891 2582.86
79.1077 -1008.55 2722.51
479.37 -46.5477 2754.3
161.985 -267.755 2462.24
157.971 -689.517 2518.94
219.822 160.694 2403.58
62.4159 -54.8565 2423.92
FRAME: 180
95.306 393.464 2267.23
-186.853 -82.6845 2462.26
-83.1502 -1064.53 2494.83
-291.084 -375.302 2481.68
-38.0119 -276.412 2426.79
-64.9089 -695.067 2325.66
-95.9594 149.836 2361.63
61.5334 151.395 2373.59
295.654 -31.702 2551.89
80.6597 -995.896 2714.02
506.62 -65.8584 2745.18
160.261 -274.447 2441.83
158.884 -689.711 2503.65
219.026 152.954 2385.55
61.329 -62.0172 2403.95
FRAME: 181
93.8429 383.717 2244.66
-190.289 -92.0311 2445.82
-82.0718 -1068.3 2485.52
-296.815 -371.723 2487.99
-39.4731 -281.761 2409.33
-67.8856 -696.626 2304.39
-100.7 141.843 2342.95
56.8538 144.353 2353.59
290.926 -45.9983 2529.21
79.6412 -986.056 2697.41
493.429 -73.2839 2704.98
158.47 -278.61 2422.66
160.676 -690.969 2485.73
214.408 146.862 2364.23
58.1761 -67.9164 2384.79
FRAME: 182
92.644 367.333 2221.59
-194.856 -102.436 2432.41
-78.6892 -1074.53 2477.71
-302.247 -372.264 2498.32
-42.7592 -287.856 2393.85
-66.368 -705.302 2279.6
-104.461 132.125 2325.84
53.4798 134.714 2335.22
291.271 -65.4598 2505.86
74.4386 -991.904 2691.08
516.259 -125.489 2664.22
155.902 -284.601 2405.6
158.972 -700.071 2470.09
211.42 137.302 2344.6
55.0256 -75.7575 2367.47
FRAME: 183
89.1602 354.242 2200.15
-198.58 -110.937 2422.28
-75.0202 -1077.81 2466.86
-305.541 -376.039 2499.03
-49.5194 -297.21 2373.11
-68.8274 -708.704 2256.64
-108.823 119.746 2308.07
50.0199 121.599 2319.87
306.036 -89.139 2479.76
75.4382 -993.64 2697.03
535.853 -175.849 2603.17
150.309 -294.887 2387.95
156.326 -710.225 2458.79
208.863 123.452 2331.68
50.2074 -87.2249 2350.2
FRAME: 184
79.4332 339.002 2168.72
-206.386 -124.183 2408.96
-71.3174 -1081.7 2458.02
-324.528 -406.66 2497.19
-55.5672 -307.532 2354.74
-73.9307 -709.118 2237.92
-115.084 103.701 2285.93
42.5485 105.569 2292.78
305.976 -112.817 2435.12
73.8081 -984.249 2697.25
536.467 -232.209 2530.48
144.628 -305.164 2363.45
156.094 -717.93 2441.11
200.181 107.437 2299.63
43.5395 -100.39 2325.94
FRAME: 185
66.3825 321.023 2121.2
-213.954 -153.358 2368.6
-69.8381 -1083.9 2450.05
-331.845 -447.699 2468.21
-66.7791 -323.326 2316.56
-71.3762 -710.603 2224.76
-129.67 74.915 2236.11
28.5169 76.5385 2233.2
274.696 -155.881 2329.87
65.7912 -969.829 2676.15
521.138 -362.911 2343.64
136.714 -321.281 2312.76
150.124 -729.435 2402.25
186.704 78.1621 2230.3
31.7421 -122.883 2273.93
FRAME: 186
54.267 306.295 2076.83
-222.013 -166.134 2332.8
-70.3226 -1100.93 2428.56
-324.962 -464.477 2413.71
-74.4492 -333.99 2288.22
-80.0679 -740.21 2185.61
-141.314 54.484 2194.05
18.8504 57.1963 2188.09
270.92 -174.834 2283.77
71.2097 -954.286 2665.48
483.204 -416.119 2205.52
132.508 -330.495 2280.38
150.321 -734.613 2375.15
179.014 59.9085 2182.13
23.9398 -137.523 2236.2
FRAME: 187
42.1209 288.303 2038.08
-227.861 -179.719 2289.9
-69.0683 -1117.85 2417.73
-323.062 -488.928 2375.27
-81.1974 -353.343 2243.7
-96.915 -777.009 2160.95
-144.674 35.466 2150.36
15.5665 38.2319 2150.3
256.303 -212.792 2217.1
82.6599 -1032.17 2568.22
414.987 -465.087 2044.35
125.991 -349.749 2243.72
146.878 -759.749 2350.97
175.807 40.9979 2150.23
18.9817 -156.657 2197
FRAME: 188
31.4636 272.024 2000.18
-238.307 -201.666 2248.94
-66.2436 -1135.33 2398
-328.564 -506.092 2330.35
-87.7688 -366.619 2212.44
-92.9412 -800.902 2138.41
-158.325 16.7678 2112.28
2.13856 21.2082 2108.4
239.106 -237.706 2121.38
90.6172 -1092.04 2480.41
353.556 -521.99 1883.49
117.914 -360.893 2207.55
138.211 -767.082 2327.39
162.602 25.6485 2104.52
8.6055 -171.274 2159.2
FRAME: 189
20.7995 262.091 1965.6
-245.513 -212.099 2205.05
-67.0706 -1145.01 2382.86
-324.389 -528.23 2264.05
-89.2724 -374.68 2182.09
-93.9396 -803.784 2131.98
-160.608 6.14088 2066.91
-6.39533 11.5372 2064.43
207.025 -222.66 2045.29
91.4782 -1102.73 2441.63
241.204 -487.158 1787.91
106.691 -367.801 2178.96
122.845 -777.424 2280.36
147.817 16.9335 2061.94
1.15704 -179.851 2122.48
FRAME: 190
9.83619 242.778 1921.7
-248.312 -230.852 2166.14
-65.4075 -1161.52 2362.64
-322.255 -561.687 2205.31
-98.9575 -389.144 2148.71
-103.017 -821.74 2107.19
-168.862 -10.9775 2033.73
-16.1885 -8.58462 2022.11
158.822 -230.932 1927.01
80.2725 -1156.58 2350.04
169.78 -478.478 1679.91
93.1415 -386.121 2134.14
69.214 -811.625 2135.13
136.485 -6.19172 2010.5
-9.54825 -198.109 2081.77
FRAME: 191
0.985212 225.939 1879.57
-244.481 -237.267 2141.42
-74.8011 -1190.6 2332.09
-309.833 -589.514 2164.94
-111.46 -403.97 2096.87
-115.718 -838.854 2095.93
-164.966 -8.71189 2023.58
-23.3892 -15.7767 1984.18
140.132 -249.044 1835.36
70.4853 -1129.8 2292.61
96.2924 -464.351 1593.69
69.7757 -412.88 2046.4
33.5387 -838.362 2008.49
118.188 -22.8415 1944.78
-22.1157 -212.101 2027.91
FRAME: 192
-10.8103 195.628 1809.98
-227.548 -253.631 2069.5
-81.359 -1191.93 2306.1
-269.73 -611.818 2015.54
-133.589 -394.375 2059.92
-119.955 -828.099 2097.75
-169.178 -17.139 1970.92
-31.6006 -37.1301 1912.97
123.566 -243.993 1769.84
74.8944 -1152.09 2267.87
-23.21 -379.546 1515.31
52.3049 -421.672 1981.45
44.2582 -843.895 1978.59
105.977 -57.1213 1855.02
-36.1212 -222.577 1966.83
FRAME: 193
-12.807 175.517 1782.23
-263.385 -251.674 2011.82
-92.4519 -1168.07 2238.87
-276.188 -477.526 1856.96
-144.573 -386.735 2048.39
-137.958 -811.888 2025.13
-176.647 -22.4934 1945.03
-39.8631 -48.8459 1885.71
103.059 -244.413 1702.18
74.7154 -1123.44 2266
-66.852 -325.903 1480.06
35.4313 -421.518 1970.01
35.5552 -832.686 1935.1
96.9209 -75.1983 1826.39
-47.217 -226.486 1947.46
FRAME: 194
-20.6308 161.761 1746.58
-300.322 -235.865 1945.27
-91.9785 -1139.51 2202.36
-324.149 -385.791 1778.29
-145.089 -378.951 2019.68
-145.499 -792.588 1946.63
-185.478 -22.8952 1915.79
-49.4766 -47.5002 1860.6
87.2232 -248.722 1668.97
67.0374 -1106.41 2268.76
-148.779 -285.183 1478.42
21.3555 -409.451 1952.75
67.6447 -745.821 2067.75
86.5246 -72.1051 1805.42
-55.6716 -220.85 1923.41
FRAME: 195
-23.7321 153.903 1724.3
-315.518 -251.274 1843.15
-92.2995 -1168.76 2225.92
-276.243 -268.144 1565.43
-154.046 -394.535 1987.34
-154.606 -828.434 1986.53
-196.074 -33.8766 1885.12
-55.2081 -51.7026 1844.96
79.2977 -252.671 1656.83
57.7995 -1140.94 2232.85
-205.665 -234.588 1495.72
20.8971 -416.299 1939.01
72.6735 -799.599 2054.06
85.6578 -69.5286 1804.81
-60.8914 -228.56 1904.07
FRAME: 196
-26.9143 144.736 1703.55
-329.394 -242.334 1750.83
-96.0688 -1181.72 2232.06
-241.643 -164.895 1450.23
-148.228 -411.825 1969.72
-156.706 -847.878 1986.3
-204.884 -53.3493 1862.25
-59.5537 -65.1657 1829.94
25.0412 -256.851 1625.43
62.5354 -1158.79 2229.33
-267.151 -176.166 1521.21
28.0985 -426.261 1930.45
79.3882 -818.057 2031.55
85.7768 -76.982 1797.63
-59.8092 -242.104 1890.01
FRAME: 197
-35.3071 127.267 1669.48
-346.674 -142.77 1647.02
-100.744 -1201.13 2214.18
-195.156 -165.38 1445.83
-133.8 -419.166 1961.08
-156.299 -856.942 1977.42
-200.59 -56.5872 1834.73
-58.4147 -65.0023 1804.88
-15.3878 -235.908 1588.5
53.7555 -1172.55 2209.83
-277.744 -104.425 1559.41
33.8323 -429.01 1926.17
84.6285 -826.656 2000.6
83.7601 -73.4174 1775.03
-54.1994 -244.545 1874.25
FRAME: 198
-34.6627 118.742 1654.57
-362.842 -131.056 1644.81
-103.152 -1189.95 2207.48
-201.665 -159.905 1458.62
-123.784 -412.046 1947.32
-166.983 -846.337 1984.18
-196.933 -59.631 1818.55
-55.9183 -66.301 1790.3
-19.3303 -226.556 1580.48
60.2517 -1182.14 2188.39
-273.37 -79.9934 1566.3
35.4671 -419.499 1916.1
93.6026 -825.177 2004.06
85.096 -72.971 1762.06
-50.0383 -241.037 1861.01
FRAME: 199
-37.4498 112.098 1639.08
-367.167 -128.141 1651.29
-101.42 -1208.82 2177.72
-200.869 -160.149 1472.06
-124.041 -417.225 1945.43
-166.882 -850.079 1967.15
-193.823 -58.4169 1810.14
-56.1411 -65.9452 1780.48
-30.6013 -219.828 1568.84
58.7359 -1212.14 2182.07
-267.582 -67.2388 1575.89
36.2124 -425.859 1911.58
97.7924 -833.403 2019.56
81.5407 -73.4735 1750.83
-50.0277 -243.744 1854.5
FRAME: 200
-39.6989 111.344 1636.66
-366.795 -125.92 1660.33
-84.4903 -1185.57 2169.48
-195.017 -168.361 1484.51
-127.914 -420.751 1934.74
-164.955 -851.799 1958.64
-188.722 -55.2266 1814.39
-54.9744 -65.063 1777.01
-38.5603 -216.475 1558.2
62.7265 -1197.17 2171.02
-276.581 -62.3479 1593.16
30.6591 -432.237 1890.94
104.479 -787.73 2017.57
78.7735 -74.8993 1739.63
-51.801 -245.778 1844.93
FRAME: 201
-42.4634 110.841 1632.83
-358.525 -133.224 1649.6
-102.654 -1218.1 2150.4
-179.432 -148.297 1497.9
-132.852 -418.265 1926.73
-164.663 -853.323 1949.07
-192.056 -55.4929 1811.54
-56.8921 -64.3935 1775
-41.5396 -214.586 1558.32
57.6782 -1182.24 2167.85
-301.115 -59.4218 1610.53
32.7451 -428.926 1883.42
109.293 -791.6 2033.53
78.2719 -73.2942 1738.46
-53.4728 -243.995 1840.04
FRAME: 202
-44.4255 109.212 1629.48
-361.412 -132.576 1651.88
-103.025 -1227.24 2136.08
-180.693 -149.165 1484.58
-128.321 -419.664 1930.06
-158.695 -856.353 1944.39
-194.413 -55.7856 1809.16
-58.3184 -64.4292 1770.82
-42.6669 -215.514 1555.81
56.961 -1211.75 2142.73
-292.549 -66.3492 1618.43
36.5239 -429.995 1884.62
110.452 -823.185 2002
77.7767 -73.0728 1732.49
-52.1083 -244.629 1839.08
FRAME: 203
-46.2722 109.804 1628.05
-365.304 -140.398 1650.82
-105.762 -1231.17 2130.72
-181.889 -184.1 1476.87
-137.083 -415.083 1930.86
-157.66 -853.411 1949.82
-199.57 -56.0105 1802.22
-61.3624 -64.5871 1765.05
-41.4863 -217.526 1552.35
49.8906 -1209.18 2114.69
-285.996 -87.2452 1625.44
42.7842 -426.095 1883.4
98.5368 -834.649 1967.93
76.8454 -73.1637 1727.87
-54.256 -242.588 1836.09
FRAME: 204
-48.2078 110.73 1627.09
-333.257 -195.488 1625.62
-114.87 -1240.11 2121.56
-157.207 -231.031 1463.33
-144.787 -417.865 1929.98
-161.46 -857.192 1948.19
-211.941 -63.4826 1795.79
-68.1023 -67.6015 1763.51
-31.931 -222.634 1554.1
54.1087 -1237.83 2100.87
-265.382 -118.247 1628.15
50.5732 -423.305 1887.09
96.5755 -848.25 1966.49
75.7361 -71.7206 1731.23
-57.6047 -244.093 1836.02
FRAME: 205
-50.0365 112.246 1628.14
-324.838 -223.272 1625.86
-120.144 -1247.61 2118.17
-151.67 -238.548 1456.22
-152.536 -421.359 1935.35
-164.376 -861.273 1950.21
-216.779 -72.1358 1791.96
-70.2299 -74.7604 1764.69
-24.8363 -235.425 1559.09
58.6732 -1250.73 2085.78
-269.559 -163.096 1621.11
55.8489 -425.017 1896.99
92.7803 -854.373 1968.38
76.3188 -77.385 1737.41
-59.2866 -248.974 1840.43
FRAME: 206
-50.889 113.414 1629.54
-327.712 -247.824 1642.11
-117.987 -1249.62 2105.98
-140.21 -258.214 1465.99
-151.848 -419.986 1941.96
-160.247 -859.959 1945.97
-215.516 -68.1238 1794.35
-70.5859 -72.4689 1764.49
3.24863 -257.683 1567.67
60.6305 -1247.42 2085.03
-211.4 -206.544 1607.07
55.1342 -426.321 1899.48
100.675 -843.057 2000.57
74.3446 -76.814 1734.63
-59.4714 -247.811 1842.61
FRAME: 207
-52.9639 117.054 1634.06
-326.541 -283.546 1681.66
-118.253 -1244.27 2095.84
-155.306 -313.91 1529.69
-139.427 -410.27 1950.1
-156.614 -849.346 1948.09
-212.815 -61.9166 1803.44
-70.0049 -66.6099 1770.84
41.8838 -270.916 1600.96
63.8533 -1216.17 2094.35
-227.613 -264.012 1588.33
49.866 -417.014 1906.63
110.862 -809.888 2037.14
72.8049 -71.3031 1738.23
-57.3927 -240.126 1849.6
FRAME: 208
-53.1771 124.246 1648.84
-299.827 -260.648 1673.51
-114.698 -1216.53 2066.87
-204.011 -388.384 1583.67
-146.862 -387.754 1986.33
-161.769 -816.372 1928.35
-209.433 -48.4547 1819.5
-70.7861 -66.5177 1777.05
51.7701 -294.359 1614.92
64.9758 -1232.97 2098.53
-237.684 -323.669 1574.01
36.2507 -412.557 1929.72
93.9093 -830.383 2008.93
67.8608 -84.5807 1734.6
-63.0458 -233.337 1867.54
FRAME: 209
-49.8258 130.242 1662.6
-266.458 -295.109 1788.9
-114.985 -1227.13 2068.5
-215.524 -378.423 1582.85
-141.776 -390.921 1980.33
-156.833 -826.288 1946.55
-207.958 -50.1644 1822.56
-68.2903 -65.727 1780.21
63.5164 -301.635 1634.32
57.4938 -1196.83 2075.93
-220.828 -360.191 1586.77
37.6977 -411.821 1925.09
75.9256 -824.559 1975.7
71.3775 -81.2895 1737.86
-60.1647 -233.549 1866.46
FRAME: 210
-43.6927 139.762 1682.37
-246.845 -287.815 1909.15
-102.606 -1219.46 2061.26
-242.526 -462.772 1746.81
-140.529 -378.638 1994.21
-147.545 -814.429 1959.84
-202.271 -44.7814 1843.81
-64.5709 -65.5029 1793.81
85.9567 -304.708 1654.97
47.1855 -1202.63 2083.42
-196.421 -411.533 1584.72
33.6194 -405.584 1930.3
64.1811 -819.672 1960.42
73.1295 -86.2244 1743.8
-59.0127 -228.807 1878.03
FRAME: 211
-37.8288 148.985 1707.8
-247.118 -270.408 1976.72
-103.295 -1207.91 2054.39
-276.508 -496.536 1864.14
-131.25 -371.576 2001.55
-151.292 -809.671 1960.08
-193.936 -37.5501 1872.24
-56.8771 -58.3039 1816.63
99.806 -308.166 1686.03
57.327 -1178.59 2095.52
-181.646 -453.948 1599.64
39.7853 -397.85 1931.92
45.6345 -822.266 1932.76
80.1815 -79.0576 1761.02
-51.3047 -221.508 1891.68
FRAME: 212
-17.1852 163.723 1750.69
-239.133 -250.224 2053.27
-94.6689 -1232.77 2064.6
-297.578 -559.792 2122.36
-116.926 -386.71 2019.05
-144.436 -822.606 1983.58
-178.5 -32.7382 1915.04
-44.1039 -52.672 1852.88
137.207 -322.022 1767.97
66.272 -1151.27 2114.67
-75.9876 -507.24 1648.04
44.861 -410.832 1944.02
46.3281 -829.746 1932.22
90.2923 -72.6058 1790.72
-40.0682 -225.722 1917.2
FRAME: 213
-1.32151 178.14 1791.51
-236.415 -245.972 2080.22
-84.7024 -1246.47 2073.5
-292.545 -576.751 2155.31
-102.462 -406.308 2039.52
-134.105 -841.397 2008.62
-164.886 -28.3151 1948.49
-28.4276 -44.1698 1891.5
154.649 -325.238 1801.55
82.9337 -1109.94 2161.15
-33.1747 -539.736 1682.65
55.4912 -424.721 1973.34
47.2101 -838.639 1941.56
108.031 -60.0245 1834.51
-25.9564 -229.842 1948.97
FRAME: 214
14.1061 197.958 1836.18
-228.87 -239.389 2113.5
-78.248 -1259.59 2101.79
-288.893 -583.609 2167.44
-92.6034 -410.431 2067.03
-118.302 -846.823 2037.22
-156.414 -17.6076 1977.89
-14.4015 -27.0148 1937.87
196.705 -286.503 1900.99
76.8515 -1167.73 2141.21
31.5545 -538.456 1745.19
73.5138 -421.415 2020.37
48.7035 -848.027 1943.16
127.611 -36.4221 1897.86
-11.9732 -221.469 1990.79
FRAME: 215
27.7529 215.292 1876.73
-218.766 -219.899 2156.69
-77.0506 -1253.16 2116.38
-278.39 -560.639 2176.48
-86.2104 -408.539 2091.39
-111.028 -841.897 2036.6
-142.754 -7.73197 2014.91
1.46919 -14.84 1979.55
227.667 -268.185 1949.08
67.4042 -1214.73 2102.1
72.3342 -545.338 1802.52
94.2678 -417.368 2047.23
52.8046 -842.18 1960.73
145.692 -21.948 1944.18
2.74895 -213.897 2024.43
FRAME: 216
41.7807 227.127 1912.5
-209.221 -207.764 2197.55
-77.6212 -1234.56 2128.37
-266.932 -546.878 2188.19
-69.0387 -384.968 2144.28
-92.6871 -822.968 2108.96
-131.3 1.41974 2058.76
18.6048 -5.27338 2025.19
246.584 -255.244 2001.08
90.3055 -1140.92 2170.8
121.124 -537.63 1864.62
116.927 -393.211 2102.72
67.7842 -811.785 1991.28
168.51 -11.9665 1991.62
21.2743 -197.181 2074.34
FRAME: 217
65.6571 242.64 1950.24
-199.836 -200.485 2226.38
-72.1684 -1220.45 2146.61
-251.108 -523.107 2196.45
-60.5451 -374.693 2182.38
-87.7391 -807.802 2106.49
-124.948 16.9276 2102.23
30.2543 9.62372 2066.81
257.53 -247.908 2039.19
90.5548 -1152.1 2172.34
158.423 -537.281 1911.34
127.396 -383.52 2139.55
83.9739 -794.471 2034.89
185.457 2.31983 2031.4
31.8398 -184.741 2113.89
FRAME: 218
92.3727 278.248 2019.16
-171.503 -187.103 2266.79
-66.0621 -1217.94 2176.17
-222.582 -491.372 2240.51
-46.5511 -363.344 2225.36
-67.498 -798.986 2177.21
-96.0619 41.8676 2163.32
56.0321 33.6098 2130.32
296.457 -223.578 2132.83
92.3366 -1179.39 2187.87
227.849 -518.735 2028.4
145.918 -373.765 2183.83
114.18 -792.25 2130.64
208.126 25.3519 2097.33
52.8577 -167.472 2167.46
FRAME: 219
110.267 289.833 2050.06
-155.526 -176.246 2304.73
-65.5429 -1202.4 2201.28
-201.912 -471.451 2269.83
-34.457 -349.128 2260.25
-57.9404 -785.333 2205.14
-81.8319 55.0074 2190.36
68.8675 45.298 2158.29
304.998 -214.335 2175.54
96.9836 -1199.45 2207.01
251.076 -520.895 2057.38
155.023 -361.305 2220.06
147.96 -793.941 2216.67
219.567 35.5886 2126.21
64.5753 -154.959 2199.22
FRAME: 220
119.029 308.975 2080.64
-141.369 -162.885 2336.79
-66.763 -1198.46 2216.51
-190.657 -464.625 2316.28
-30.3188 -340.135 2288.06
-59.4801 -777.081 2229.33
-69.5911 71.3522 2217.58
80.0384 59.5949 2186.26
312.415 -198.895 2220.52
105.597 -1184.56 2261.23
271.698 -524.213 2090.1
160.442 -355.117 2248.12
165.189 -795.24 2282.77
229.668 47.8376 2154.93
72.5501 -144.016 2227.17
FRAME: 221
130.059 318.412 2103.76
-137.046 -151.856 2349.43
-68.3993 -1194.64 2235.25
-190.204 -440.195 2328.81
-28.4942 -322.851 2307.53
-58.5163 -756.423 2254.85
-62.2494 83.3088 2234.34
87.8876 69.59 2206.23
319.669 -185.884 2258.55
110.962 -1141.9 2296.35
300.862 -504.905 2152.75
162.275 -340.281 2271.85
170.495 -776.637 2321.71
238.025 55.8713 2178.12
77.389 -130.988 2247.96
FRAME: 222
142.673 327.914 2127.02
-129.725 -130.81 2371.45
-66.773 -1187.72 2256.19
-176.414 -412.381 2344.56
-25.8437 -307.761 2333.99
-59.3678 -730.464 2288.17
-49.9033 100.916 2263.89
97.3853 83.882 2231.56
324.936 -177.284 2275.43
112.675 -1163.07 2298
314.465 -502.677 2185.82
163.348 -329.64 2292.54
168.264 -766.352 2348.67
244.674 66.8477 2199.23
83.0687 -117.409 2272.41
FRAME: 223
154.567 338.703 2148.45
-125.298 -119.91 2385.15
-65.3332 -1176.67 2278.18
-169.956 -397.142 2355.42
-25.2093 -297.942 2350.28
-53.6037 -718.629 2309.02
-44.083 113.255 2279.88
105.053 95.5671 2252.8
327.96 -173.004 2294.91
115.824 -1154.59 2326.91
336.333 -488.355 2231.29
168.353 -320.892 2315.16
167.327 -759.578 2369.13
254.188 77.8796 2225.73
88.3123 -106.925 2292.76
FRAME: 224
166.047 347.154 2164.18
-121.929 -110.468 2393.25
-64.0843 -1165.62 2302.24
-163.684 -386.564 2361.73
-25.4956 -288.731 2363.62
-49.43 -707.557 2330.79
-41.0023 124.737 2292.74
109.911 106.773 2268.46
331.577 -164.309 2317.8
116.232 -1137.44 2383.59
340.824 -495.968 2260.35
173.799 -312.464 2331.55
165.786 -746.691 2396.63
260.824 88.8094 2244.18
92.0313 -96.912 2308.02
FRAME: 225
173.143 355.381 2180.88
-119.492 -101.548 2405.08
-61.6427 -1146.43 2336.67
-164.682 -381.049 2363.8
-24.1194 -279.043 2377.81
-44.8612 -692.594 2354.94
-38.6542 136.981 2305.32
112.657 118.811 2281.97
334.026 -147.717 2341.2
116.638 -1147.02 2373.27
354.319 -458.719 2290.63
175.94 -303.083 2346.95
167.925 -732.756 2416.72
263.967 100.641 2258.62
94.2834 -86.126 2322.17
FRAME: 226
179.674 365.982 2193.58
-118.932 -90.3751 2415.73
-65.3813 -1118.46 2380.84
-175.789 -374.871 2367.88
-22.1347 -265.653 2398.26
-40.745 -688.073 2369.94
-35.9739 148.202 2317.5
116.114 128.06 2292.79
335.016 -135.943 2359.62
113.218 -1110.63 2459.58
360.177 -480.891 2322.99
175.875 -291.878 2366.1
169.128 -716.805 2433.36
268.203 107.919 2268.07
96.4922 -75.3525 2337.48
FRAME: 227
184.305 371.056 2200.44
-119.68 -81.5162 2425.68
-66.8281 -1076.15 2451.99
-163.72 -356.34 2359.75
-21.7637 -261.874 2408.95
-46.2495 -684.48 2390.78
-37.1673 156.949 2330.52
116.869 136.767 2304.95
339.042 -130.842 2376.91
94.2425 -1055.7 2607.57
373.629 -474.078 2360.47
176.777 -287.912 2376.06
170.514 -717.611 2450.76
270.905 116.584 2279.38
97.1877 -69.0633 2348.73
FRAME: 228
186.779 381.003 2213.49
-123.515 -69.8842 2435.96
-64.2905 -1052.53 2518.21
-166.518 -352.313 2345.39
-20.2369 -255.549 2420.31
-47.7799 -679.74 2410.38
-38.3557 163.657 2340.11
116.901 144.167 2315.59
339.414 -118.706 2391.95
97.7214 -1044.56 2658.25
377.28 -452.161 2381.94
178.626 -280.556 2388.96
170.578 -712.221 2470.31
272.157 124.676 2291.06
98.0475 -61.943 2360.11
FRAME: 229
185.268 396.249 2233.89
-127.022 -61.322 2443.88
-64.0993 -1036.73 2568.87
-148.673 -342.136 2336.52
-19.3282 -250.803 2432.77
-44.9622 -671.642 2429.95
-40.7677 166.776 2349.08
115.639 147.979 2324.75
337.746 -111.168 2403.69
97.0247 -1028.8 2682.69
382.12 -440.564 2419.43
180.596 -274.856 2401.7
169.952 -704.152 2485.83
272.045 129.183 2300.41
98.1365 -57.4252 2370.99
FRAME: 230
183 406.683 2250.74
-132.034 -50.814 2448.92
-59.5978 -1031.35 2594.88
-130.896 -318.951 2308.14
-18.8025 -247.864 2442.5
-43.776 -664.786 2452.68
-39.705 171.648 2358.96
116.139 153.207 2334.49
337.66 -105.819 2420.22
96.8657 -1024.64 2683.86
384.443 -437.154 2435.79
182.428 -271.685 2410.94
167.65 -698.494 2498.88
271.983 134.766 2310.02
98.9759 -53.2838 2380.61
FRAME: 231
178.842 412.644 2265.26
-137.679 -48.6581 2454.06
-57.293 -1025.24 2632.1
-75.4367 -235.883 2233.94
-18.5984 -249.497 2452.63
-48.4101 -663.939 2492.91
-39.459 174.867 2369.6
115.691 157.829 2348.76
337.251 -108.195 2437.87
93.6385 -1024.16 2690.01
385.54 -423.617 2474.07
182.383 -271.571 2425.64
164.038 -695.623 2521.07
270.841 140.79 2327.93
98.7917 -51.3527 2393.95
FRAME: 232
170.796 415.876 2279.08
-141.35 -49.1739 2462.12
-60.4559 -1030.32 2656.63
-35.9494 -175.807 2188.21
-18.4197 -253.296 2465.13
-54.754 -669.896 2516.46
-40.7072 175.945 2381.77
114.427 159.999 2362.6
336.885 -109.097 2447.66
90.7813 -1016.93 2699.4
391.892 -415.436 2498.43
182.444 -273.924 2440.33
161.84 -693.045 2535.43
269.562 144.053 2343.44
98.2198 -51.8055 2407.67
FRAME: 233
163.008 417.56 2289.55
-145.931 -62.7365 2467.78
-61.7351 -1027.13 2670.41
-6.28946 -118.401 2158.4
-18.8644 -255.96 2476.89
-58.9686 -666.743 2535.85
-42.717 177.099 2391.79
112.717 161.922 2372.71
334.852 -108.698 2454.5
87.1603 -1008.32 2706.55
386.012 -403.599 2496.06
183.347 -275.694 2452.07
161.532 -690.848 2544.91
268.151 146.744 2353.62
97.4791 -51.9527 2418.59
FRAME: 234
156.647 420.873 2297.62
-147.132 -61.448 2470.15
-61.4838 -1027.28 2682.48
17.0957 -58.8885 2165.15
-19.4652 -252.223 2488.45
-61.3407 -662.729 2550.82
-44.545 178.92 2400.51
109.851 164.642 2382.15
330.509 -106.713 2461.59
86.2504 -1002.38 2711.38
384.024 -390.866 2504.45
182.722 -270.934 2464.35
161.917 -687.78 2550
264.248 150.364 2363.8
95.74 -48.4684 2429.28
FRAME: 235
148.884 421.691 2303.45
-144.941 -66.0442 2458.6
-62.9951 -1026.18 2692.34
39.2887 -6.30294 2178.7
-23.7845 -246.753 2502.04
-63.3698 -662.09 2558.52
-57.7275 182.26 2419.28
100.638 168.984 2396.57
326.366 -100.189 2465.63
85.7063 -1000.06 2717
387.85 -383.062 2530.13
179.921 -263.851 2472.83
161.867 -683.819 2558.38
259.004 155.708 2373.86
89.3533 -43.159 2442
FRAME: 236
136.757 420.425 2312.24
-144.184 -72.398 2459.5
-62.7385 -1028.12 2695.02
64.8135 79.2566 2235.31
-28.1797 -245.184 2509.89
-65.2922 -662.939 2564.09
-64.9152 182.85 2432.65
92.4542 171.292 2407.73
318.102 -93.2483 2474.71
86.4512 -1000.03 2722.03
385.63 -363.584 2542.02
177.957 -260.321 2477.31
159.591 -677.865 2564.04
249.824 159.734 2382.82
83.6715 -40.7304 2450.67
FRAME: 237
124.937 421.738 2322.3
-141.574 -74.5301 2454.51
-62.1137 -1028.3 2696.28
72.9229 113.884 2263.65
-29.6528 -241.752 2514.53
-65.7919 -660.104 2567.34
-72.4214 184.112 2441.65
85.1849 174.017 2414.46
309.778 -87.4279 2488.27
86.6858 -1003.41 2722.82
377.305 -358.838 2549.01
174.326 -254.805 2479.4
159.712 -676.924 2563.66
242.791 163.922 2387.27
78.7607 -37.1307 2455.72
FRAME: 238
116.327 419.506 2327.98
-144.527 -76.142 2426.96
-62.3039 -1030.62 2696.88
69.427 134.367 2280.81
-31.6169 -242.786 2513.16
-65.6796 -659.3 2566.69
-78.225 180.682 2443.13
78.7278 172.708 2418.08
306.393 -84.1056 2501.58
85.9066 -1005.42 2720.49
375.349 -358.746 2553.33
171.429 -253.1 2480.75
156.521 -674.214 2566.75
235.681 164.734 2393.04
74.317 -37.6174 2457.52
FRAME: 239
108.721 414.818 2329.09
-140.175 -76.8989 2432.15
-62.4751 -1030.62 2697.14
56.7701 130.033 2285.16
-34.452 -241.674 2514
-66.8452 -657.964 2566.21
-82.0527 177.393 2446.01
75.3672 170.06 2421.93
302.125 -87.7502 2509.85
85.2011 -1005.01 2722.42
371.499 -363.638 2569.57
169.647 -251.211 2482.75
153.964 -670.408 2570.06
232.787 162.727 2397.85
71.4823 -38.1911 2460.15
FRAME: 240
100.446 410.37 2332.83
-135.317 -77.0629 2440.07
-61.9754 -1029.74 2697.08
19.1183 86.8681 2324.91
-38.2821 -241.858 2514.43
-67.8888 -656.657 2565.49
-85.3374 177.256 2447.84
72.504 170.082 2424.63
296.348 -87.829 2515.19
84.9617 -1007.45 2724.67
371.024 -358.269 2570.02
167.308 -251.227 2484.17
152.175 -670.205 2572.73
230.346 162.909 2401.41
68.5085 -38.2299 2461.96
FRAME: 241
95.1352 405.229 2334.7
-133.611 -74.3199 2432.24
-62.3345 -1028.6 2697.57
37.8602 104.927 2310.3
-39.693 -241.235 2512.5
-68.5573 -654.469 2565.84
-85.4743 178.789 2446.66
71.4888 171.756 2426.36
293.405 -86.7503 2520.23
83.9257 -1011.18 2724.36
372.004 -347.647 2577.22
164.154 -250.393 2486.1
151.016 -671.189 2572.92
228.452 164.722 2406.06
66.8596 -37.029 2462.83
FRAME: 242
86.4433 404.307 2338.24
-131.318 -74.4958 2451.97
-63.6858 -1027.27 2699.23
1.82105 84.292 2327.26
-40.9766 -242.099 2512.44
-70.5404 -653.982 2566.13
-89.3419 177.845 2446.53
68.3799 171.962 2428.26
289.781 -85.6158 2523.18
83.1496 -1013.4 2724.74
372.098 -343.556 2576.5
163.341 -249.746 2488.75
149.788 -671.077 2573.6
226.102 166.078 2410
64.7811 -36.9804 2464.43
FRAME: 243
79.2714 403.611 2341.46
-130.261 -75.0275 2466.54
-64.9637 -1027.64 2698.79
2.27196 83.1821 2329.87
-43.2854 -243.382 2511.02
-71.9213 -654.534 2565.04
-92.3424 177.243 2446.89
65.2497 172.621 2431.44
283.303 -81.7206 2530.19
82.8701 -1013.75 2725.27
372.922 -358.359 2579.67
162.875 -249.447 2490.78
149.212 -671.165 2573.66
222.842 167.998 2415.98
62.5223 -36.8967 2466.17
FRAME: 244
71.5631 404.324 2345
-131.515 -68.9965 2473.79
-65.742 -1025.84 2699.43
9.43442 94.9171 2338.06
-46.1368 -244.584 2509.31
-72.8432 -653.422 2564.45
-97.8478 176.499 2447.84
60.5177 173.108 2434.71
280.101 -79.2004 2533.32
82.2378 -1015.79 2726.24
370.381 -341.348 2582.3
160.121 -249.02 2492.21
147.325 -670.433 2575.75
218.883 169.718 2421.58
58.7548 -36.8467 2467.74
FRAME: 245
70.4853 404.419 2346.11
-131.076 -67.2168 2479.37
-66.6149 -1025.25 2699.85
18.4579 89.5978 2336.89
-48.4443 -246.113 2508.49
-74.0593 -653.802 2563.27
-103.955 174.418 2449.38
55.0145 172.958 2438.77
275.329 -73.9313 2539.91
81.5783 -1016.12 2727.85
372.453 -339.763 2587.13
159.051 -248.047 2494.68
145.455 -668.409 2577.25
213.984 171.499 2428.16
55.159 -37.0607 2470.18
FRAME: 246
69.6559 403.971 2346.26
-131.055 -65.1838 2482.65
-67.164 -1025.76 2699.75
7.51328 66.857 2338.11
-49.8122 -245.031 2507.79
-74.5724 -654.177 2562.26
-107.907 174.047 2449.25
51.0726 174.045 2441.9
270.791 -69.6287 2549.79
80.8414 -1014.24 2728.15
367.387 -323.446 2577.99
157.455 -245.053 2498.23
144.269 -665.085 2577.08
210.052 174.042 2434.55
52.447 -35.4986 2472.46
FRAME: 247
69.8437 403.8 2346.45
-131.192 -64.8588 2476.63
-68.0526 -1025.46 2699.3
6.25845 64.4945 2343.9
-51.2962 -245.998 2507.08
-75.1382 -653.56 2560.96
-109.287 172.525 2449.76
48.5176 173.31 2445.13
265.967 -66.0445 2558.3
80.2211 -1015.83 2728.63
374.178 -328.25 2588.14
155.904 -244.98 2501
142.803 -664.264 2578.7
206.322 174.095 2440.5
50.4109 -36.0896 2474.59
FRAME: 248
69.0123 404.519 2347.6
-131.815 -63.3682 2477.66
-68.1294 -1025.23 2698.93
7.39489 76.3746 2349.32
-53.5777 -246.479 2505.47
-75.0547 -653.641 2559.71
-112.381 172.699 2450.26
46.0577 174.152 2447.06
263.412 -63.1937 2561.42
80.173 -1014.78 2729.25
378.706 -339.933 2587.5
155.626 -244.569 2501.25
142.427 -663.338 2579.13
204.496 175.604 2443.87
48.541 -35.686 2475.21
FRAME: 249
67.6512 405.393 2347.87
-140.366 -71.3754 2493.03
-68.5468 -1026.97 2698.76
-3.77156 60.6791 2352.14
-54.5133 -246.233 2505.44
-75.6345 -654.496 2559.4
-115.428 172.336 2450.31
43.8385 174.396 2448.05
260.618 -62.785 2564.87
77.8944 -1018.18 2732.39
378.448 -328.98 2604.08
154.57 -243.537 2502.49
142.353 -663.177 2579.59
203.105 176.456 2445.8
46.9334 -35.2445 2476.01
FRAME: 250
65.3547 406.312 2349.1
-148.036 -72.7044 2499.49
-68.7024 -1027.99 2698.66
-5.81255 48.6226 2356.97
-55.7323 -246.722 2505.36
-76.0411 -655.878 2558.74
-116.752 172.043 2450.25
42.4877 174.312 2449.28
258.915 -63.3131 2566.88
78.3192 -1021.39 2731.45
377.154 -329.923 2587.71
153.309 -243.745 2504.09
142.795 -665.225 2579.44
201.728 176.58 2448.3
45.638 -35.4608 2477
FRAME: 251
63.179 407.201 2350.04
-148.933 -76.284 2497.49
-68.9319 -1027.49 2699.41
-2.18668 46.8702 2353.13
-57.374 -247.72 2505.43
-76.2591 -655.331 2559.39
-118.529 171.854 2449.72
40.5407 174.458 2450.24
256.779 -63.2607 2570.66
77.2829 -1021.88 2732.05
379.304 -312.521 2597.39
151.817 -244.3 2506.14
142.734 -666.254 2579.52
199.61 177.061 2450.77
43.8811 -35.7761 2478.02
FRAME: 252
60.8059 408.214 2352.05
-146.381 -80.7077 2497.83
-61.2137 -1030.09 2701.74
4.26221 49.1045 2350.58
-58.7727 -249.018 2505.7
-77.6187 -656.509 2559.95
-119.293 171.492 2449.23
39.0673 174.334 2450.93
254.819 -63.6136 2573.03
76.5365 -1023.18 2732.72
387.776 -336.294 2597.26
150.789 -245.266 2507.97
142.322 -667.153 2580.47
197.427 177.176 2452.64
42.5378 -36.4041 2478.89
FRAME: 253
59.4048 409.487 2353.47
-143.261 -80.2281 2488.21
-61.7085 -1029.87 2701.51
10.1989 46.0713 2350.94
-59.7223 -249.042 2505.38
-78.4662 -656.745 2558.57
-119.514 172.379 2448.74
38.4109 175.308 2451.49
252.714 -63.065 2574.23
76.1125 -1023.93 2733.2
378.203 -328.822 2607.84
150.245 -245.152 2509.04
141.874 -667.409 2581.39
196.335 178.237 2454.24
41.8361 -35.8946 2479.35

