FRAME: 0
0 0 0
0 0 0
0 0 0
0 0 0
0 0 0
0 0 0
0 0 0
0 0 0
0 0 0
0 0 0
0 0 0
0 0 0
0 0 0
0 0 0
0 0 0
FRAME: 1
0 0 0
0 0 0
0 0 0
0 0 0
0 0 0
0 0 0
0 0 0
0 0 0
0 0 0
0 0 0
0 0 0
0 0 0
0 0 0
0 0 0
0 0 0
FRAME: 2
0 0 0
0 0 0
0 0 0
0 0 0
0 0 0
0 0 0
0 0 0
0 0 0
0 0 0
0 0 0
0 0 0
0 0 0
0 0 0
0 0 0
0 0 0
FRAME: 3
0 0 0
0 0 0
0 0 0
0 0 0
0 0 0
0 0 0
0 0 0
0 0 0
0 0 0
0 0 0
0 0 0
0 0 0
0 0 0
0 0 0
0 0 0
FRAME: 4
0 0 0
0 0 0
0 0 0
0 0 0
0 0 0
0 0 0
0 0 0
0 0 0
0 0 0
0 0 0
0 0 0
0 0 0
0 0 0
0 0 0
0 0 0
FRAME: 5
0 0 0
0 0 0
0 0 0
0 0 0
0 0 0
0 0 0
0 0 0
0 0 0
0 0 0
0 0 0
0 0 0
0 0 0
0 0 0
0 0 0
0 0 0
FRAME: 6
0 0 0
0 0 0
0 0 0
0 0 0
0 0 0
0 0 0
0 0 0
0 0 0
0 0 0
0 0 0
0 0 0
0 0 0
0 0 0
0 0 0
0 0 0
FRAME: 7
0 0 0
0 0 0
0 0 0
0 0 0
0 0 0
0 0 0
0 0 0
0 0 0
0 0 0
0 0 0
0 0 0
0 0 0
0 0 0
0 0 0
0 0 0
FRAME: 8
0 0 0
0 0 0
0 0 0
0 0 0
0 0 0
0 0 0
0 0 0
0 0 0
0 0 0
0 0 0
0 0 0
0 0 0
0 0 0
0 0 0
0 0 0
FRAME: 9
0 0 0
0 0 0
0 0 0
0 0 0
0 0 0
0 0 0
0 0 0
0 0 0
0 0 0
0 0 0
0 0 0
0 0 0
0 0 0
0 0 0
0 0 0
FRAME: 10
0 0 0
0 0 0
0 0 0
0 0 0
0 0 0
0 0 0
0 0 0
0 0 0
0 0 0
0 0 0
0 0 0
0 0 0
0 0 0
0 0 0
0 0 0
FRAME: 11
0 0 0
0 0 0
0 0 0
0 0 0
0 0 0
0 0 0
0 0 0
0 0 0
0 0 0
0 0 0
0 0 0
0 0 0
0 0 0
0 0 0
0 0 0
FRAME: 12
0 0 0
0 0 0
0 0 0
0 0 0
0 0 0
0 0 0
0 0 0
0 0 0
0 0 0
0 0 0
0 0 0
0 0 0
0 0 0
0 0 0
0 0 0
FRAME: 13
0 0 0
0 0 0
0 0 0
0 0 0
0 0 0
0 0 0
0 0 0
0 0 0
0 0 0
0 0 0
0 0 0
0 0 0
0 0 0
0 0 0
0 0 0
FRAME: 14
0 0 0
0 0 0
0 0 0
0 0 0
0 0 0
0 0 0
0 0 0
0 0 0
0 0 0
0 0 0
0 0 0
0 0 0
0 0 0
0 0 0
0 0 0
FRAME: 15
0 0 0
0 0 0
0 0 0
0 0 0
0 0 0
0 0 0
0 0 0
0 0 0
0 0 0
0 0 0
0 0 0
0 0 0
0 0 0
0 0 0
0 0 0
FRAME: 16
0 0 0
0 0 0
0 0 0
0 0 0
0 0 0
0 0 0
0 0 0
0 0 0
0 0 0
0 0 0
0 0 0
0 0 0
0 0 0
0 0 0
0 0 0
FRAME: 17
0 0 0
0 0 0
0 0 0
0 0 0
0 0 0
0 0 0
0 0 0
0 0 0
0 0 0
0 0 0
0 0 0
0 0 0
0 0 0
0 0 0
0 0 0
FRAME: 18
0 0 0
0 0 0
0 0 0
0 0 0
0 0 0
0 0 0
0 0 0
0 0 0
0 0 0
0 0 0
0 0 0
0 0 0
0 0 0
0 0 0
0 0 0
FRAME: 19
0 0 0
0 0 0
0 0 0
0 0 0
0 0 0
0 0 0
0 0 0
0 0 0
0 0 0
0 0 0
0 0 0
0 0 0
0 0 0
0 0 0
0 0 0
FRAME: 20
0 0 0
0 0 0
0 0 0
0 0 0
0 0 0
0 0 0
0 0 0
0 0 0
0 0 0
0 0 0
0 0 0
0 0 0
0 0 0
0 0 0
0 0 0
FRAME: 21
0 0 0
0 0 0
0 0 0
0 0 0
0 0 0
0 0 0
0 0 0
0 0 0
0 0 0
0 0 0
0 0 0
0 0 0
0 0 0
0 0 0
0 0 0
FRAME: 22
0 0 0
0 0 0
0 0 0
0 0 0
0 0 0
0 0 0
0 0 0
0 0 0
0 0 0
0 0 0
0 0 0
0 0 0
0 0 0
0 0 0
0 0 0
FRAME: 23
0 0 0
0 0 0
0 0 0
0 0 0
0 0 0
0 0 0
0 0 0
0 0 0
0 0 0
0 0 0
0 0 0
0 0 0
0 0 0
0 0 0
0 0 0
FRAME: 24
0 0 0
0 0 0
0 0 0
0 0 0
0 0 0
0 0 0
0 0 0
0 0 0
0 0 0
0 0 0
0 0 0
0 0 0
0 0 0
0 0 0
0 0 0
FRAME: 25
0 0 0
0 0 0
0 0 0
0 0 0
0 0 0
0 0 0
0 0 0
0 0 0
0 0 0
0 0 0
0 0 0
0 0 0
0 0 0
0 0 0
0 0 0
FRAME: 26
0 0 0
0 0 0
0 0 0
0 0 0
0 0 0
0 0 0
0 0 0
0 0 0
0 0 0
0 0 0
0 0 0
0 0 0
0 0 0
0 0 0
0 0 0
FRAME: 27
0 0 0
0 0 0
0 0 0
0 0 0
0 0 0
0 0 0
0 0 0
0 0 0
0 0 0
0 0 0
0 0 0
0 0 0
0 0 0
0 0 0
0 0 0
FRAME: 28
0 0 0
0 0 0
0 0 0
0 0 0
0 0 0
0 0 0
0 0 0
0 0 0
0 0 0
0 0 0
0 0 0
0 0 0
0 0 0
0 0 0
0 0 0
FRAME: 29
0 0 0
0 0 0
0 0 0
0 0 0
0 0 0
0 0 0
0 0 0
0 0 0
0 0 0
0 0 0
0 0 0
0 0 0
0 0 0
0 0 0
0 0 0
FRAME: 30
0 0 0
0 0 0
0 0 0
0 0 0
0 0 0
0 0 0
0 0 0
0 0 0
0 0 0
0 0 0
0 0 0
0 0 0
0 0 0
0 0 0
0 0 0
FRAME: 31
0 0 0
0 0 0
0 0 0
0 0 0
0 0 0
0 0 0
0 0 0
0 0 0
0 0 0
0 0 0
0 0 0
0 0 0
0 0 0
0 0 0
0 0 0
FRAME: 32
0 0 0
0 0 0
0 0 0
0 0 0
0 0 0
0 0 0
0 0 0
0 0 0
0 0 0
0 0 0
0 0 0
0 0 0
0 0 0
0 0 0
0 0 0
FRAME: 33
0 0 0
0 0 0
0 0 0
0 0 0
0 0 0
0 0 0
0 0 0
0 0 0
0 0 0
0 0 0
0 0 0
0 0 0
0 0 0
0 0 0
0 0 0
FRAME: 34
0 0 0
0 0 0
0 0 0
0 0 0
0 0 0
0 0 0
0 0 0
0 0 0
0 0 0
0 0 0
0 0 0
0 0 0
0 0 0
0 0 0
0 0 0
FRAME: 35
0 0 0
0 0 0
0 0 0
0 0 0
0 0 0
0 0 0
0 0 0
0 0 0
0 0 0
0 0 0
0 0 0
0 0 0
0 0 0
0 0 0
0 0 0
FRAME: 36
0 0 0
0 0 0
0 0 0
0 0 0
0 0 0
0 0 0
0 0 0
0 0 0
0 0 0
0 0 0
0 0 0
0 0 0
0 0 0
0 0 0
0 0 0
FRAME: 37
0 0 0
0 0 0
0 0 0
0 0 0
0 0 0
0 0 0
0 0 0
0 0 0
0 0 0
0 0 0
0 0 0
0 0 0
0 0 0
0 0 0
0 0 0
FRAME: 38
0 0 0
0 0 0
0 0 0
0 0 0
0 0 0
0 0 0
0 0 0
0 0 0
0 0 0
0 0 0
0 0 0
0 0 0
0 0 0
0 0 0
0 0 0
FRAME: 39
0 0 0
0 0 0
0 0 0
0 0 0
0 0 0
0 0 0
0 0 0
0 0 0
0 0 0
0 0 0
0 0 0
0 0 0
0 0 0
0 0 0
0 0 0
FRAME: 40
0 0 0
0 0 0
0 0 0
0 0 0
0 0 0
0 0 0
0 0 0
0 0 0
0 0 0
0 0 0
0 0 0
0 0 0
0 0 0
0 0 0
0 0 0
FRAME: 41
0 0 0
0 0 0
0 0 0
0 0 0
0 0 0
0 0 0
0 0 0
0 0 0
0 0 0
0 0 0
0 0 0
0 0 0
0 0 0
0 0 0
0 0 0
FRAME: 42
0 0 0
0 0 0
0 0 0
0 0 0
0 0 0
0 0 0
0 0 0
0 0 0
0 0 0
0 0 0
0 0 0
0 0 0
0 0 0
0 0 0
0 0 0
FRAME: 43
0 0 0
0 0 0
0 0 0
0 0 0
0 0 0
0 0 0
0 0 0
0 0 0
0 0 0
0 0 0
0 0 0
0 0 0
0 0 0
0 0 0
0 0 0
FRAME: 44
0 0 0
0 0 0
0 0 0
0 0 0
0 0 0
0 0 0
0 0 0
0 0 0
0 0 0
0 0 0
0 0 0
0 0 0
0 0 0
0 0 0
0 0 0
FRAME: 45
0 0 0
0 0 0
0 0 0
0 0 0
0 0 0
0 0 0
0 0 0
0 0 0
0 0 0
0 0 0
0 0 0
0 0 0
0 0 0
0 0 0
0 0 0
FRAME: 46
84.9074 432.817 2154.57
-230.065 -50.3606 2086.48
-85.2062 -940.949 2364.53
-98.8467 -355.888 1833.26
-124.546 -215.267 2180.82
-134.642 -632.164 2203.48
-114.596 184.982 2129.84
4.85214 177.222 2204.76
189.599 -71.158 2088.21
-67.8644 -909.545 2685.99
368.601 -173.616 1775.87
45.6205 -226.321 2287.56
144.501 -647.383 2324.22
124.3 169.463 2279.69
-17.3052 -21.7857 2219.48
FRAME: 47
88.6918 420.172 2135.7
-227.191 -76.0948 2051.73
-81.9849 -937.623 2365.12
-95.1142 -348.222 1806.69
-132.373 -225.75 2152.34
-135.524 -646.06 2193.8
-116.094 177.566 2106.69
6.79594 167.723 2178
184.523 -83.3588 2080.37
33.6823 -1008.75 2331.29
305.962 -209.183 1725.22
50.1029 -240.365 2258.23
143.123 -653.579 2293.14
129.686 157.88 2249.32
-17.1696 -32.6673 2191.64
FRAME: 48
89.2533 410.29 2114.99
-225.201 -87.8588 2039.7
-77.5784 -929.684 2366.48
-96.5273 -340.546 1778.19
-125.975 -238.638 2125.36
-131.883 -659.76 2219.75
-112.501 169.38 2087.24
4.80889 160.808 2162.27
165.886 -102.726 2038.77
31.5765 -1018.82 2342.7
268.792 -226.998 1687.45
51.0612 -251.575 2238.59
127.831 -700.75 2195.95
122.118 152.236 2237.3
-16.3241 -42.1492 2172.12
FRAME: 49
83.3201 400.656 2076.07
-231.43 -104.309 2027.01
-80.3034 -941.785 2362.23
-119.349 -350.063 1757.19
-126.7 -246.164 2116.92
-131.085 -667.965 2229.62
-117.307 152.152 2069.22
1.31228 144.685 2133.2
163.544 -105.68 2024.86
33.9747 -1023.92 2344.52
234.192 -230.776 1673.06
46.5844 -257.071 2210.38
128.534 -697.415 2199.25
119.932 137.218 2197.18
-19.3727 -53.4662 2148.42
FRAME: 50
85.2301 392.485 2053.57
-246.603 -103.921 2019.18
-71.2566 -974.737 2355.99
-155.245 -350.736 1749.11
-122.451 -260.105 2117.14
-125.079 -693 2195.24
-126.002 150.159 2052.51
-1.46827 145.065 2100.09
166.83 -108.234 2014.16
29.5644 -1010.55 2348.22
234.888 -221.871 1651.3
48.1482 -267.084 2182.33
126.734 -677.114 2216.7
123.066 139.971 2147.68
-19.3097 -59.2646 2124.91
FRAME: 51
84.0194 385.745 2031.3
-254.847 -103.457 2015.37
-73.1585 -946.208 2422.47
-189.2 -344.723 1754.4
-119.462 -252.049 2124.33
-36.1517 -687.936 2083.8
-132.762 140.154 2038.28
-0.404959 137.044 2081.72
157.143 -114.206 1984.89
2.29007 -947.817 2432.72
229.503 -219.647 1640.73
53.8982 -255.966 2181.08
130.688 -671.914 2264.6
131.952 133.934 2125.17
-16.5934 -58.4818 2117.22
FRAME: 52
75.6439 394.941 2015.63
-280.444 -88.2227 2026.71
-69.6748 -960.628 2384.6
-238.389 -320.119 1764.56
-117.089 -248.785 2132.79
-17.0589 -668.571 2068.74
-139.956 138.035 2035.7
-3.33602 137.967 2072.7
167.519 -112.564 1969.49
2.7113 -936.416 2430.59
226.091 -191.736 1648.17
64.5049 -248.661 2181.89
132.111 -656.881 2275.27
133.284 137.898 2109.69
-14.8139 -55.3782 2115.02
FRAME: 53
67.0086 410.035 2007.21
-297.241 -68.1179 2036.5
-67.0111 -968.727 2370.99
-246.988 -279.389 1783.68
-115.059 -235.536 2143.09
-14.7635 -655.227 2066.89
-146.078 149.712 2034.54
-4.06196 151.707 2067.66
178.709 -108.01 1967.76
1.85959 -940.623 2444.89
217.102 -176.94 1664.55
72.2311 -232.73 2186.8
128.381 -650.557 2280.28
137.954 153.703 2100.77
-12.738 -41.213 2116.3
FRAME: 54
57.3818 435.363 2006.29
-307.85 -39.3053 2057.45
-67.0156 -983.791 2350.43
-234.976 -234.992 1808.63
-113.828 -204.917 2153.8
-11.0903 -644.749 2076.41
-153.232 180.671 2043.85
-6.37559 181.602 2070.53
181.494 -87.0912 1974.83
1.91979 -943.227 2458.2
207.047 -146.769 1683.26
69.9901 -203.776 2187.18
131.212 -627.435 2291.75
140.481 182.533 2097.21
-14.1472 -11.3721 2120.51
FRAME: 55
51.5547 462.367 2011.07
-308.927 -16.2294 2079.75
-65.9452 -987.911 2342.57
-220.493 -192.678 1835.24
-113.914 -175.037 2167.91
-24.0138 -624.678 2111.85
-163.086 220.949 2063.19
-12.9103 222.123 2081.42
192.642 -47.7193 2015.2
-2.23834 -907.437 2524.4
186.636 -134.018 1720.92
70.7603 -173.608 2190.03
126.633 -606.365 2309.41
137.265 223.298 2099.65
-17.2437 23.9006 2130.19
FRAME: 56
47.4923 496.032 2015.91
-303.183 11.021 2104.49
-75.6067 -982.265 2328.12
-190.02 -144.278 1858.97
-109.01 -157.368 2172.59
-59.4731 -611.454 2157.28
-163.193 249.493 2079.26
-10.1129 250.201 2092.25
238.252 49.0305 2033.6
1.90096 -866.347 2635.41
172.99 -108.296 1769.27
77.3696 -156.347 2188.71
122.351 -579.816 2334.52
142.968 250.909 2105.24
-12.9665 46.6718 2136.45
FRAME: 57
41.4908 527.73 2033.22
-287.675 49.2258 2133.09
-83.3036 -974.919 2324.36
-148.672 -92.3752 1873.56
-113.445 -128.312 2191.2
-85.4934 -589.861 2187.06
-161.845 286.234 2100.99
-8.95597 284.501 2108.77
217.408 81.3879 2069.31
2.59873 -852.433 2719.45
145.977 -115.08 1825.77
76.2881 -130.371 2201.07
107.544 -570.898 2361.15
143.933 282.767 2116.56
-13.7673 77.5796 2152.45
FRAME: 58
38.8205 547.937 2045.36
-278.076 67.3152 2148.07
-102.736 -971.718 2320.45
-103.689 -61.8904 1896.95
-114.913 -111.078 2211.8
-96.6998 -578.011 2207.49
-161.209 312.426 2121.51
-10.6801 308.146 2117.07
214.643 75.2832 2075.82
11.0796 -852.802 2734.07
120.644 -124.76 1874.87
73.9226 -116.307 2206.37
94.8839 -551.107 2385.95
139.848 303.866 2112.64
-15.5876 97.2269 2163.08
FRAME: 59
33.9718 560.813 2070.25
-258.412 55.8564 2155.82
-150.724 -946.236 2348.47
-67.4844 -58.6147 1904.7
-120.557 -102.587 2240.01
-115.295 -568.126 2235.38
-166.24 319.546 2141.77
-20.8901 316.072 2139.55
198.677 84.0673 2153.79
26.5217 -858.27 2747.75
101.422 -131.616 1923.1
62.005 -106.745 2237.31
91.782 -547.794 2404.67
124.46 312.598 2137.33
-25.083 105.703 2189.1
FRAME: 60
31.9964 564.703 2101.46
-242.832 43.2288 2173
-190.573 -931.029 2396.73
-45.3192 -80.9571 1922.72
-127.311 -104.015 2275.77
-137.837 -563.307 2263.3
-167.339 314.67 2180.12
-20.1964 309.119 2179.06
191.695 31.5521 2250.53
35.4689 -866.909 2741
82.8161 -149.108 1980.65
56.7716 -110.888 2274.41
86.2592 -553.649 2407.78
126.946 303.569 2178.01
-27.7331 100.834 2227.08
FRAME: 61
25.8533 564.485 2144.64
-235.759 34.8734 2170.36
-229.62 -929.612 2457.19
-29.5854 -89.1878 1936.41
-131.412 -110.023 2311.86
-159.788 -568.746 2299.88
-162.045 308.374 2199.54
-15.2336 302.283 2208.35
192.412 33.7969 2272.67
41.7849 -883.537 2733.23
69.6815 -180.485 2056.93
52.4643 -117.595 2322.98
95.2638 -562.239 2438.1
131.578 296.193 2217.15
-27.3537 94.2372 2262.88
FRAME: 62
20.4515 552.074 2168.13
-219.103 20.118 2190.69
-276.203 -908.651 2584.57
-17.975 -89.5759 1948.06
-140.4 -126.664 2349.24
-177.927 -586.845 2342.39
-155.727 298.643 2218.62
-12.6051 292.927 2242.6
178.511 19.0264 2302.35
53.0608 -916.201 2750.29
53.3525 -194.232 2109.45
41.1389 -133.704 2379.7
102.592 -576.299 2469.09
130.517 287.211 2266.57
-31.1178 81.3716 2303.53
FRAME: 63
15.4051 537.586 2194.93
-211.547 18.9814 2252.42
-322.34 -929.709 2669.02
-12.4054 -139.954 2031.23
-142.32 -125.747 2392.83
-191.809 -590.452 2397.86
-148.477 287.695 2248.78
-8.0208 278.87 2271.2
168.763 2.25019 2326.68
60.2607 -935.035 2759.37
25.091 -166.505 2106.45
35.1393 -136.504 2421.83
103.609 -586.258 2480.66
132.435 270.045 2293.61
-30.8055 73.8724 2339.26
FRAME: 64
8.48623 521.613 2216.55
-208.77 6.16192 2284.73
-347.827 -921.872 2702.68
-55.7038 -173.591 2090.49
-148.462 -146.11 2410.17
-197.174 -606.342 2446.29
-131.98 271.409 2277.32
-4.54542 264.863 2300.03
104.819 34.8509 2338.9
73.9626 -913.016 2751.44
2.971 -147.154 2138.62
50.6797 -157.216 2447.98
100.834 -551.427 2492.97
122.889 258.318 2322.74
-26.7184 56.6001 2364.55
FRAME: 65
0.912745 508.582 2241.4
-219.355 15.9657 2300.97
-354.862 -934.566 2720.58
-103.516 -154.217 2143.67
-153.311 -151.356 2445.92
-199.219 -613.318 2483.23
-131.699 262.102 2298
-7.84527 256.138 2313.64
65.6914 48.5311 2335.51
75.7939 -925.042 2766.64
2.06329 -130.609 2166.79
60.6458 -160.995 2475.22
98.7864 -596.999 2544.58
116.008 250.173 2329.28
-27.089 49.9811 2387.11
FRAME: 66
-1.97632 514.256 2243.26
-228.732 14.9781 2299.75
-339.249 -950.837 2730.29
-88.1619 -143.205 2154.86
-166.774 -140.081 2458.48
-230.121 -598.426 2497.83
-146.294 259.16 2305.47
-20.1081 253.702 2322.67
64.6734 47.6658 2354.33
64.6535 -922.006 2777.53
-17.6992 -58.5086 2145.45
47.7458 -148.37 2489.36
81.0055 -585.932 2571.85
106.078 248.244 2339.88
-39.8111 54.7384 2398.3
FRAME: 67
-7.53465 525.015 2241.18
-235.393 27.113 2279.62
-340.721 -954.711 2728.82
-81.155 -122.612 2110.76
-178.131 -126.616 2463.83
-243.46 -575.476 2503.16
-162.57 269.583 2304.54
-36.5887 268.681 2329.19
57.4099 50.0655 2357
48.8906 -909.351 2780.22
-29.6712 -35.8335 2139.13
34.3588 -127.699 2505.21
63.3841 -550.502 2589
89.3929 267.779 2353.84
-54.2373 70.7617 2406.85
FRAME: 68
-13.7461 532.058 2240.57
-231.999 39.5279 2275.8
-354.52 -945.953 2717.82
-45.0589 -106.24 2125.49
-184.798 -123.595 2462.26
-254.966 -561.211 2495.37
-178.244 273.885 2305.69
-60.5777 276.105 2336.65
66.7666 26.464 2375.28
14.979 -905.087 2788.6
-25.3974 -48.3766 2162.56
-2.42484 -118.394 2513.24
37.6 -538.068 2608.17
57.0889 278.325 2367.61
-77.0946 77.5553 2412.2
FRAME: 69
-18.8927 541.321 2241.27
-258.571 32.1031 2307.63
-367.79 -946.57 2719.76
-42.6941 -58.3154 2126.1
-191.231 -116.339 2462.31
-256.646 -555.797 2501.39
-198.114 293.644 2310.71
-65.1302 291.5 2335.4
96.8117 28.7669 2396.72
-20.5347 -899.937 2799.11
4.59131 -60.6418 2152.65
-4.49047 -119.036 2497.5
14.1682 -532.215 2616.66
67.8539 289.356 2360.09
-81.4956 86.9063 2407.65
FRAME: 70
-26.6841 552.46 2240.71
-255.101 45.5938 2301.32
-368.562 -933.524 2721.36
-6.01594 -17.6996 2104.32
-194.287 -110.45 2460.68
-252.028 -551.38 2502.5
-206.133 311.347 2307.9
-80.8075 313.969 2335.77
102.653 87.412 2420.97
-59.1569 -913.901 2798.41
42.7907 -71.3722 2192.35
-13.9517 -106.65 2500.73
1.35106 -533.38 2619.75
44.5184 316.59 2363.63
-92.4633 102.709 2408.24
FRAME: 71
-33.6545 557.458 2243.42
-251.493 32.5701 2293.56
-370.095 -930.075 2727.14
10.6881 24.8893 2089.79
-197.275 -113.737 2461.75
-247.266 -559.093 2510.34
-212.328 310.635 2305.23
-80.1163 313.632 2334.76
107.454 76.5172 2415.99
-82.1923 -920.377 2796.89
77.8276 -67.6906 2182.39
-9.58138 -109.41 2503.6
-5.15012 -544.216 2619.54
52.0951 316.629 2364.3
-91.7724 101.029 2408.72
FRAME: 72
-39.0916 557.753 2248.07
-220.324 20.177 2256.74
-367.903 -929.09 2730.05
59.9785 40.7419 2089.85
-196.826 -115.675 2461.71
-243.971 -566.706 2513.7
-214.941 296.46 2302.67
-81.5992 302.278 2340.03
108.586 62.257 2425.04
-101.91 -925.696 2793.6
160.773 -79.0651 2171.82
-12.8534 -107.638 2513.13
-14.0159 -550.616 2617.59
51.7427 308.096 2377.38
-93.2194 95.3106 2413.73
FRAME: 73
-40.6236 555.458 2250.87
-193.202 21.267 2219.97
-363.246 -925.204 2718.18
91.5676 75.484 2080.56
-194.764 -114.401 2464.52
-234.796 -573.394 2513.03
-211.521 292.048 2297.6
-74.4302 297.559 2339.6
131.395 53.0177 2383.42
-113.013 -930.162 2785.73
190.743 66.8858 2101.81
-14.5793 -107.016 2519.93
-22.0208 -555.754 2614.68
62.6609 303.071 2381.6
-89.5508 93.4254 2415.91
FRAME: 74
-42.2644 552.705 2254.86
-165.474 25.7776 2188.1
-359.716 -930.898 2708.54
123.073 71.7554 2073.98
-193.914 -113.211 2458.84
-222.109 -575.198 2492.74
-196.306 282.328 2289.29
-67.5443 288.995 2339.28
156.571 38.7871 2375.36
-116.75 -924.959 2790.62
254.861 93.1021 2066.21
-18.7986 -104.062 2526.88
-25.2239 -549.658 2619.83
61.2178 295.663 2389.26
-86.9503 90.1793 2416.07
FRAME: 75
-40.4478 546.407 2261.16
-110.402 27.8839 2155.77
-357.352 -938.09 2695.56
192.495 80.1935 2061.73
-192.9 -121.607 2453.27
-210.062 -593.325 2483.37
-183.81 267.471 2283.13
-63.0568 275.348 2341.24
194.281 28.7065 2358.69
-119.304 -923.941 2790.34
305.932 128.276 2025.8
-28.0348 -110.909 2532.54
-26.7046 -546.393 2622.13
57.696 283.226 2399.35
-86.762 79.5453 2417.07
FRAME: 76
-29.9825 538.673 2266.79
-33.757 31.5418 2110.29
-352.829 -943.504 2683.6
335.581 39.81 1995.16
-182.867 -135.459 2427.52
-184.03 -606.346 2457.17
-151.031 261.362 2257.38
-48.5898 273.286 2335.76
184.87 66.0631 2419.14
-122.49 -925.438 2782.99
397.905 108.274 2166.06
-43.2035 -119.215 2534.25
-29.7888 -549.878 2614.41
53.8516 285.21 2414.15
-80.8124 72.9745 2408.33
FRAME: 77
-22.8278 536.098 2268.51
-21.1965 38.8389 2093.51
-353.345 -940.428 2668.59
362.715 3.1386 1955.81
-175.282 -151.618 2400.08
-166.123 -616.091 2430.54
-129.848 259.006 2240.3
-42.9511 272.239 2331.77
204.688 107.179 2459.54
-125.678 -937.147 2774.42
458.834 174.564 2238.86
-57.8023 -133.72 2523.55
-20.1881 -567.976 2601.82
43.9457 285.472 2423.23
-79.7466 64.7849 2396.79
FRAME: 78
-11.3026 532.271 2269.43
-5.31356 29.99 2081.94
-354.368 -941.677 2641.17
361.326 -47.681 1925.94
-167.171 -155.563 2379.6
-155.821 -620.047 2404.36
-111.903 252.169 2217.65
-35.987 268.919 2322.13
210.628 116.233 2472.63
-124.205 -941.519 2769.06
522.107 272.637 2369.21
-68.248 -133.718 2515.64
-6.34621 -571.779 2591.09
39.9295 285.668 2426.61
-76.8481 62.1393 2384.87
FRAME: 79
1.51515 527.12 2264.69
1.51882 18.8121 2062.03
-358.986 -942.97 2609.75
339.473 -98.563 1899.44
-165.958 -159.147 2362.96
-146.506 -616.602 2368.57
-104.741 247.805 2204.34
-34.2688 265.187 2316.02
217.884 123.801 2480.39
-130.405 -940 2759.03
539.197 299.193 2409.57
-75.3148 -136.737 2506.71
8.3799 -578.295 2572.56
36.2032 282.569 2427.71
-77.4527 58.6224 2375.43
FRAME: 80
13.6728 522.308 2257.43
-1.03518 10.183 2046.65
-346.323 -927.462 2546.69
296.483 -154.729 1887.7
-157.687 -162.757 2348.03
-131.112 -615.652 2327.29
-101.266 244.991 2195.55
-35.0989 262.926 2310.19
219.728 125.204 2476.79
-129.112 -933.589 2760.79
558.359 297.031 2437.31
-73.097 -139.73 2494.96
15.8492 -578.583 2549.35
31.068 280.861 2424.84
-75.2454 55.8414 2365.85
FRAME: 81
22.5419 519.032 2246.32
-29.1866 -1.44187 2037.39
-328.514 -924.236 2493.88
218.997 -208.14 1889.9
-140.778 -170.406 2328.39
-110.574 -625.085 2291.95
-99.9842 242.679 2184.8
-29.6749 258.731 2298.98
235.327 124.881 2462.6
-137.303 -931.372 2745.66
582.633 297.643 2431.96
-53.1849 -150.378 2470.6
20.4007 -590.084 2532.15
40.6344 274.784 2413.15
-63.3282 49.1698 2349.24
FRAME: 82
29.0496 515.659 2231.82
-70.3133 -7.88561 2034.24
-231.509 -966.069 2383.37
136.706 -253.19 1891.6
-128.522 -178.69 2301.9
-80.5576 -633.4 2240.85
-105.155 237.881 2174.41
-23.6939 251.763 2280.29
269.329 128.202 2427.72
-135.765 -923.686 2742.69
604.479 277.048 2397.34
-17.7495 -159.817 2445.75
34.4938 -594.723 2519.24
57.7671 265.644 2386.16
-48.4147 41.2545 2327.05
FRAME: 83
39.3645 511.301 2209.59
-106.51 -7.10182 2015.73
-187.993 -979.152 2351.48
80.6183 -280.607 1883.85
-122.338 -168.704 2270.85
-65.7287 -622.007 2208.15
-101.579 240.429 2142.56
-15.9139 250.546 2248.32
292.962 110.402 2370.34
-130.132 -930.31 2716.74
626.596 255.738 2340.33
-21.3562 -156.411 2396.25
40.5461 -587.713 2475.74
69.751 260.662 2354.07
-43.8806 43.994 2290.93
FRAME: 84
48.5462 508.675 2187.73
-136.597 -26.965 1998.55
-152.018 -980.596 2331.18
23.3873 -314.644 1873.38
-121.74 -170.393 2236.5
-61.1024 -614.567 2198.82
-96.8245 234.009 2105.89
-7.78087 243.756 2213.39
300.038 88.4909 2314.24
-105.933 -935.5 2698.47
625.908 195.864 2255.72
-15.2709 -158.682 2365.26
57.1729 -592.861 2452.45
81.2628 253.504 2320.9
-38.1432 39.6095 2257.14
FRAME: 85
57.3411 487.919 2152.51
-177.34 -37.9287 2003.94
-138.193 -984.703 2357.15
-76.9612 -341.31 1855.68
-135.512 -182.429 2213.92
-83.2924 -629.913 2197.18
-114.965 224.279 2085.35
-7.94413 227.497 2178.73
285.797 9.36569 2193.51
-90.8341 -926.4 2662.91
603.934 71.2774 2028.12
-12.5594 -178.683 2321.28
52.8021 -615.046 2377.95
99.0772 230.716 2272.11
-40.9899 23.4707 2223.17
FRAME: 86
62.1465 469.251 2129.24
-206.789 -48.1522 2009.98
-134.473 -992.919 2366.44
-114.501 -350.225 1844.74
-141.774 -200.259 2193.3
-123.531 -663.965 2197.44
-128.215 216.183 2070.81
-7.89317 214.625 2149.22
266.054 -16.2712 2152.71
-66.5139 -945.044 2576.34
582.144 0.133731 1891.36
-2.2528 -201.999 2284.59
66.2306 -635.571 2337.94
112.428 213.067 2227.63
-39.9532 6.74814 2194.08
FRAME: 87
63.9383 448.911 2101.34
-230.343 -75.4216 2016.93
-122.154 -1007.45 2349.97
-132.1 -384.312 1828.29
-133.665 -217.835 2180.07
-109.808 -677.306 2181.39
-144.544 186.571 2057.34
-12.3174 186.024 2112.96
257.337 -48.7197 2091
-44.9634 -959.568 2515.98
500.003 -85.8655 1794.09
22.1242 -218.289 2245.8
78.1469 -626.969 2335.75
119.909 185.476 2168.59
-34.044 -16.0192 2162.95
FRAME: 88
63.6911 430.616 2079.26
-251.507 -99.6545 2023.29
-116.559 -1003.4 2387.44
-158.437 -397.829 1819.68
-130.659 -239.619 2146.16
-120.965 -695.764 2175.87
-148.848 170.981 2047.06
-13.7002 170.354 2099.26
235.977 -74.8019 2049.42
-37.4399 -969.638 2496.23
397.823 -150.461 1741.82
38.3628 -240.259 2211.37
97.6512 -652.34 2308.2
121.448 169.727 2151.46
-29.924 -34.7923 2139.01
FRAME: 89
61.3544 414.765 2060
-265.918 -108.492 2034.55
-107.458 -1047.42 2326.83
-190.334 -397.329 1816.91
-128.213 -253.292 2133.32
-113.912 -703.289 2158.54
-155.507 155.798 2044.19
-15.1268 153.747 2080.85
217.053 -94.4601 2001.87
-28.9299 -985.331 2455.74
326.91 -180.708 1666.01
46.7359 -255.725 2178.87
109.281 -663.319 2259.78
125.254 151.697 2117.51
-27.9328 -50.3806 2118.47
FRAME: 90
57.007 400.854 2038.27
-277.069 -109.509 2046.17
-98.9966 -1054.65 2335.48
-232.01 -397.534 1824.44
-124.726 -264.052 2123.08
-115.635 -715.612 2124.62
-162.327 144.842 2042.74
-17.325 142.272 2060.63
201.825 -108.768 1948.45
-27.9396 -984.145 2428.4
280.317 -200.734 1607.51
56.5301 -267.25 2145.6
116.659 -673.638 2234.62
127.677 139.702 2078.52
-25.7115 -61.6894 2097.48
FRAME: 91
54.4116 390.384 2017.61
-284.847 -108.176 2055.49
-89.3521 -1067.88 2328.41
-282.922 -396.693 1844.27
-121.893 -266.771 2117.45
-101.427 -718.24 2110.06
-164.835 138.037 2041.17
-19.6309 135.486 2047.66
182.242 -114.599 1905.68
-24.149 -1001.24 2406.54
262.299 -194.322 1595.96
61.3274 -269.965 2125.81
119.615 -681.226 2216.59
125.574 132.934 2054.16
-24.9569 -66.4411 2084.65
FRAME: 92
47.7207 384.026 1992.87
-294.145 -106.588 2067.26
-81.7722 -1063.59 2311.24
-339.285 -399.468 1869.33
-121.112 -268.423 2112.05
-86.9744 -717.656 2082.53
-168.728 134.641 2036.79
-24.0275 132.802 2034.55
172.649 -111.515 1881.77
-20.784 -998.231 2398.29
230.968 -189.818 1573
64.3382 -270.718 2109.12
119.321 -684.095 2212.11
120.673 130.964 2032.3
-26.2073 -68.3841 2072.57
FRAME: 93
39.5336 382.656 1970.89
-311.808 -85.9908 2083.7
-75.2852 -1062.41 2293.78
-434.492 -383.794 1943.22
-117.294 -263.653 2110.74
-57.5024 -703.38 2057.75
-169.716 141.686 2035.91
-28.7615 140.009 2024.19
166.011 -110.809 1871.79
-20.4862 -1004.31 2390.41
195.807 -185.885 1545.07
62.6824 -265.684 2095.71
108.085 -679.244 2207.49
112.193 138.331 2012.47
-28.0336 -62.33 2063.71
FRAME: 94
24.9593 397.168 1954.65
-336.481 -46.7672 2125.24
-90.9136 -1031.96 2266.13
-487.58 -347.106 2047.81
-109.477 -246.474 2115.04
-35.9543 -684.118 2040.45
-174.773 155.733 2042.19
-31.9285 153.132 2023.75
161.249 -92.1654 1871.88
-19.07 -1002 2391.42
151.533 -170.225 1540.72
51.4245 -248.713 2094.18
102.034 -654.12 2221.14
110.916 150.531 2005.32
-30.4775 -47.2305 2064.18
FRAME: 95
14.0669 412.33 1949.74
-352.797 8.26954 2162
-73.5412 -1053.51 2271.53
-480.699 -315.34 2104.01
-108.622 -228.072 2122.59
-32.0488 -666.571 2039.91
-184.008 184.509 2050.28
-37.952 184.785 2030.4
159.37 -65.7147 1884.11
-16.235 -992.742 2390.36
127.686 -156.34 1546.22
55.6401 -227.593 2099.96
103.093 -632.031 2236.89
108.104 185.06 2010.51
-32.2214 -21.524 2070.84
FRAME: 96
7.85568 449.013 1956.74
-355.684 58.2944 2192.08
-72.5357 -1051.19 2258.37
-452.653 -269.125 2138.6
-104.618 -196.195 2128.86
-42.8526 -657.577 2064.64
-187.774 223.651 2067.08
-37.4915 221.642 2039.83
176.839 33.5023 1865.45
-15.7554 -988.216 2391.26
105.72 -123.904 1572.42
45.5797 -198.286 2101.38
101.713 -605.548 2254.21
112.791 219.632 2012.57
-33.5053 12.2007 2077.47
FRAME: 97
-12.2623 534.323 1998.46
-338.472 100.678 2243.71
-74.8339 -1024.29 2257.82
-382.92 -204.945 2157.21
-119.921 -141.536 2169.33
-86.8519 -595.684 2134.56
-201.15 282.575 2109.92
-46.455 275.868 2067.06
182.737 59.8751 1876.78
-17.8889 -937.783 2435.99
73.3087 -53.2167 1656.9
34.4652 -148.394 2126.27
99.3817 -579.393 2268.65
108.24 269.16 2024.21
-44.5916 65.4512 2107.43
FRAME: 98
-19.6459 546.395 2014.18
-329.846 118.978 2269.13
-77.9958 -1015.73 2260.77
-346.416 -187.873 2152.69
-129.179 -109.429 2200.51
-97.3575 -576.869 2162.85
-206.581 313.659 2141.57
-56.3303 305.508 2093.28
141.306 73.6341 1946.41
-23.6889 -891.102 2542.48
29.6888 -109.943 1749.79
23.0712 -117.647 2151.53
92.5682 -548.361 2298.63
93.9204 297.357 2044.98
-54.6921 95.9848 2134.65
FRAME: 99
-28.0892 559.622 2035.4
-315.086 124.081 2290.27
-86.9734 -1014.63 2266.61
-310.057 -185.299 2139.22
-133.303 -104.397 2227.4
-110.591 -574.167 2199.55
-206.469 322.048 2163.42
-55.9018 316.679 2125.91
146.322 62.5441 2079.87
-23.7884 -863.256 2597.06
7.55946 -125.816 1837.6
31.5785 -110.304 2186.25
92.1388 -539.415 2309.91
94.665 311.311 2088.4
-53.382 104.664 2166.37
FRAME: 100
-38.0721 564.094 2070.93
-306.186 110.67 2312.84
-138.954 -962.575 2339.02
-280.969 -180.507 2107.61
-142.169 -95.3576 2262.69
-128.284 -560.982 2232.6
-204.85 318.234 2191.58
-58.8725 309.2 2152.36
130.06 43.9585 2130.46
-15.6121 -856.405 2610.57
-12.2941 -110.388 1914.9
20.9841 -105.192 2219.28
81.3537 -534.554 2319.72
87.1046 300.166 2113.13
-59.7325 104.462 2196.67
FRAME: 101
-45.0664 561.534 2105.07
-270.6 64.3297 2326.95
-191.65 -956.76 2347.13
-250.202 -179.025 2081.76
-137.11 -108.646 2308.9
-142.137 -560.219 2232.23
-196.989 305.893 2225.73
-61.017 297.159 2184.34
126.857 31.0325 2149.08
-10.9095 -874.798 2641.19
-24.2987 -127.377 1950.38
25.975 -119.308 2259.18
76.1937 -545.639 2348.44
74.9549 288.425 2142.94
-58.2922 91.5912 2234.19
FRAME: 102
-51.6178 553.758 2136.97
-252.601 21.0862 2353.6
-242.318 -942.876 2395.07
-244.836 -166.972 2127.82
-132.801 -130.48 2337.94
-174.153 -568.495 2249.45
-197.62 287.72 2256.15
-60.9026 284.598 2217.61
125.552 18.5647 2179.04
-6.67529 -885.15 2651.99
-44.104 -150.631 2002.83
47.4896 -134.564 2287.83
64.0465 -564.171 2367.86
75.815 281.476 2179.07
-51.7792 76.0381 2265.25
FRAME: 103
-59.046 543.702 2169.26
-243.721 14.7889 2356.46
-278.373 -940.853 2459.51
-228.081 -158.206 2146.38
-128.699 -144.052 2366.24
-202.943 -574.794 2302.4
-185.479 277.019 2280.76
-56.5818 274.067 2243.81
116.219 7.01091 2204.09
-3.36261 -894.62 2663.37
-75.8274 -140.105 2036.1
54.3633 -148.276 2314.54
52.3006 -576.568 2402.94
72.3151 271.115 2206.87
-46.8749 63.9515 2292.1
FRAME: 104
-63.8909 542.081 2194.22
-247.133 13.9945 2362.4
-320.523 -933.712 2517.73
-211.445 -141.277 2138.07
-134.703 -155.746 2392.36
-220.607 -582.431 2329.37
-185.639 271.958 2296.22
-56.2959 268.616 2262.09
106.969 -30.576 2240.47
-1.16933 -910.834 2675.46
-150.548 -89.7484 2002.87
57.1059 -160.72 2341.95
48.1551 -577.992 2431.83
73.0474 265.275 2227.95
-47.5472 55.1918 2314.62
FRAME: 105
-68.782 547.496 2210.35
-252.81 11.2102 2334.27
-352.089 -937.628 2560.78
-164.876 -125.398 2101.69
-149.63 -160.981 2405.13
-240.318 -595.45 2365.73
-203.33 275.592 2308.74
-64.5195 273.194 2280.09
113.69 -30.1959 2308.39
-1.18137 -915.265 2687.6
-107.57 -110.646 2061.47
48.8969 -164.539 2364.2
41.0744 -580.497 2455.77
74.2911 270.797 2251.45
-57.4431 55.2171 2332.38
FRAME: 106
-76.0831 561.163 2221.27
-264.546 40.081 2272.19
-406.097 -946.338 2625.59
-178.736 -70.2563 2081.16
-169.19 -149.609 2422.49
-258.195 -588.526 2418.64
-228.731 293.454 2316.22
-85.3963 294.45 2293.42
92.6723 19.7412 2364.92
1.02403 -908.919 2699.33
-81.4529 -131.381 2136.72
40.7575 -148.26 2388.85
30.9007 -544.56 2500.48
57.9381 295.446 2270.63
-74.8063 72.758 2349.54
FRAME: 107
-92.9121 579.456 2230.42
-308.086 105.81 2369.68
-447.393 -953.943 2672.18
-184.366 -83.6292 2126.49
-194.278 -130.246 2446.77
-287.445 -569.861 2477.07
-248.032 327.926 2321.62
-100.8 326.703 2301.96
88.1752 63.2398 2379.84
-7.35723 -904.255 2713.68
-90.5892 -112.762 2180.75
20.3391 -132.304 2418.03
15.7556 -515.686 2541.35
46.4333 325.481 2282.29
-93.8846 97.7142 2367.18
FRAME: 108
-102.2 591.227 2236.75
-323.382 121.719 2388.96
-457.553 -956.358 2687.99
-244.657 -84.1879 2208.02
-210.369 -90.6075 2463.87
-301.983 -550.502 2493.18
-255.876 349.611 2324.67
-110.555 345.522 2307.29
72.4667 82.9718 2386.46
-32.9431 -890.638 2732.97
-105.32 -118.221 2198.89
-0.465607 -96.7129 2437.84
-7.64351 -489.051 2568.54
34.7667 341.432 2289.92
-107.986 125.931 2379.07
FRAME: 109
-114.326 600.268 2242.61
-330.805 124.562 2392.85
-465.666 -938.667 2709.54
-275.414 -123.706 2286.11
-216.492 -72.9258 2475.31
-307.208 -528.407 2505.92
-260.475 359.763 2323.95
-118.067 356.368 2312.55
65.3211 93.7162 2403.3
-60.9205 -885.689 2746.22
-134.166 -102.704 2164.75
-15.7006 -77.9008 2458.79
-25.3207 -487.237 2571.01
24.3416 352.973 2301.15
-117.081 140.477 2389.8
FRAME: 110
-140.361 574.798 2256.6
-359.485 113.397 2409.56
-472.399 -938.934 2740.36
-305.489 -137.67 2311.68
-231.238 -69.4347 2500.04
-327.779 -530.224 2539.55
-272.552 346.871 2333.37
-135.003 345.005 2329.96
25.6889 82.4121 2418.5
-130.499 -875.796 2754.09
-129.001 -154.502 2232.79
-43.5251 -72.1928 2494.38
-40.6993 -482.573 2564.61
2.54524 343.14 2326.54
-136.193 137.096 2413.58
FRAME: 111
-159.796 551.414 2274.92
-372.221 89.9289 2409.89
-478.566 -951.112 2773.38
-307.946 -145.52 2256.2
-233.214 -86.94 2518.81
-349.235 -548.031 2568.14
-280.531 319.728 2345.36
-149.272 320.75 2348.1
-21.8958 69.5317 2421.46
-146.129 -876.119 2750.85
-121.202 -170.213 2242.28
-67.0369 -85.7471 2522.21
-55.8191 -492.297 2571.74
-18.013 321.773 2350.84
-149.699 117.203 2434.31
FRAME: 112
-170.965 529.403 2286.72
-391.659 -3.97163 2384.94
-473.074 -928.871 2787.8
-222.768 -138.505 2157.14
-267.215 -140.606 2530.9
-366.002 -546.541 2588.38
-322.853 259.15 2362.63
-181.375 265.604 2374.83
-33.6314 25.2752 2456.12
-164.254 -910.42 2754.85
-110.778 -201.342 2262.51
-90.1019 -133.572 2546.54
-76.1213 -541.556 2584.68
-39.8964 272.058 2387.02
-180.017 64.2578 2456.77
FRAME: 113
-174.177 518.847 2292.33
-393.772 -25.8317 2388.22
-466.518 -925.68 2790.09
-196.444 -96.4383 2125.31
-294.025 -156.333 2542.06
-363.684 -565.067 2590.91
-337.956 252.583 2373.93
-192.979 255.759 2387.59
-13.428 -1.60646 2491.17
-176.32 -927.486 2766.92
-121.691 -154.069 2238.15
-105.804 -152.204 2559.75
-92.2427 -560.605 2600.38
-48.0019 258.935 2401.25
-196.447 50.7451 2469.25
FRAME: 114
-174.922 514.757 2295.46
-388.066 -30.5823 2377.24
-468.01 -931.155 2795.38
-143.896 -63.8745 2121.36
-300.138 -164.054 2538.52
-364.595 -586.606 2598.05
-341.81 249.771 2374.17
-198.074 253.844 2390.7
-7.02149 1.61602 2493.77
-180.217 -933.87 2776.33
-79.5486 -150.638 2246
-109.96 -158.649 2560.35
-95.5745 -569.776 2617.09
-54.337 257.917 2407.24
-201.561 46.2461 2470.07
FRAME: 115
-172.109 515.564 2298.61
-361.91 -33.028 2345.62
-466.101 -930.284 2796.89
-92.1087 -21.2682 2108.82
-303.952 -168.748 2536.81
-364.03 -598.303 2602.03
-340.928 248.697 2375.05
-197.503 254.444 2394.2
0.909174 12.9828 2489.87
-181.39 -938.046 2781.46
-19.3975 -96.8044 2221.62
-99.5123 -160.558 2563.93
-93.093 -572.972 2626.95
-54.0784 260.19 2413.35
-199.618 44.8953 2472.29
FRAME: 116
-165.804 521.688 2305.14
-328.74 -20.5796 2298.34
-460.609 -925.768 2794.67
-69.1536 2.57802 2113.62
-303.336 -170.694 2529.75
-360.267 -609.486 2605.71
-335.252 252.103 2369.32
-190.942 257.416 2392.41
27.3148 13.8764 2449.21
-186.254 -936.76 2785.02
19.8343 -75.5174 2190.54
-96.4943 -163.032 2562.78
-89.7185 -582.516 2628.36
-46.6318 262.729 2415.49
-195.428 45.2766 2469.33
FRAME: 117
-160.382 525.914 2311.26
-301.275 -7.84101 2258.02
-453.006 -923.941 2789.51
-11.3354 12.5945 2107.98
-302.088 -167.766 2522.55
-355.25 -613.44 2600.61
-318.933 257.698 2357.12
-176.629 262.021 2390.74
24.7345 12.3829 2455.82
-192.02 -936.3 2787.3
84.8001 -7.19094 2157.44
-98.8012 -161.533 2570.59
-82.6653 -588.528 2630.83
-34.3252 266.344 2424.35
-188.537 48.6856 2468.65
FRAME: 118
-153.203 530.134 2316.87
-276.794 -4.60249 2246.28
-446.658 -927.627 2782.28
50.0817 26.6539 2071.03
-297.129 -170.217 2512.84
-333.042 -627.475 2582.48
-302.965 254.114 2348.21
-167.628 260.214 2393.33
41.4049 18.2923 2457.91
-209.677 -929.055 2793.41
108.173 9.91471 2147.35
-101.191 -161.33 2578.29
-81.3165 -586.414 2635.33
-32.292 266.314 2438.45
-183.394 47.2201 2469.45
FRAME: 119
-143.921 531.987 2324.14
-248.941 -8.91799 2224.08
-442.516 -936.434 2770.34
94.9776 1.31572 2051.45
-282.688 -174.01 2501.98
-310.35 -636.551 2564.03
-283.825 245.906 2337.53
-158.457 255.868 2395.46
67.4609 27.3944 2468.22
-232.77 -925.887 2799.84
130.169 10.7289 2144.24
-103.374 -159.762 2584.74
-81.2462 -590.065 2635.27
-33.0886 265.829 2453.39
-175.744 44.4907 2469.41
FRAME: 120
-122.91 517.264 2336.47
-224.629 -18.6878 2210.86
-413.598 -936.466 2718.51
126.312 -108.107 2018.55
-260.124 -179.061 2482.08
-245.852 -638.548 2497.64
-259.11 230.067 2325.28
-143.887 242.006 2394.36
129.128 39.4016 2504.58
-243.395 -917.876 2799.73
361.632 149.539 2304.26
-103.564 -162.84 2575.72
-74.6542 -587.495 2629.29
-28.6639 253.946 2463.44
-162.866 35.5281 2461.63
FRAME: 121
-103.719 504.078 2336.78
-212.994 -32.8611 2193.77
-401.98 -947.49 2689.56
111.076 -166.934 2006.99
-243.427 -187.321 2459.3
-210.789 -646.086 2445.38
-240.679 218.743 2305.87
-132.224 233.338 2385.29
151.263 46.7813 2494.96
-253.592 -909.177 2799.78
449.718 191.045 2378.93
-97.7812 -167.925 2565.58
-67.9691 -588.578 2629.33
-23.7698 247.932 2464.72
-151.414 27.8572 2448.86
FRAME: 122
-80.2571 499.001 2329.52
-206.144 -45.7832 2182.02
-378.191 -942.544 2615.89
79.4903 -222.637 1998.32
-216.497 -201.427 2421.99
-174.729 -656.092 2397.41
-226.954 211.432 2293.31
-124.089 227.267 2382.08
174.711 60.7238 2491.41
-263.471 -914.753 2793.32
478.951 227.545 2415.74
-76.1084 -179.992 2542.63
-46.5494 -615.131 2601.24
-21.2245 243.101 2470.85
-135.196 18.2785 2432.19
FRAME: 123
-53.4544 501.029 2300.87
-221.278 -50.8627 2150.43
-283.146 -956.287 2487.05
-24.0253 -302.359 1978.27
-196.825 -199.788 2371.55
-125.909 -639.968 2307.19
-201.272 214.512 2249.87
-109.94 229.836 2354.25
195.085 90.6463 2485.08
-235.483 -932.507 2761.89
513.625 243.851 2448.1
-77.5229 -179.727 2508.4
-26.6433 -620.512 2579.55
-18.6076 245.159 2458.62
-123.557 20.0391 2397.11
FRAME: 124
-35.9302 502.977 2271.59
-225.647 -54.0075 2130
-202.986 -993.094 2433.56
-70.3598 -327.997 1963.6
-195.044 -191.174 2338.93
-126.635 -640.672 2302.79
-174.931 223.264 2209.68
-88.0014 236.937 2320.56
207.228 100.803 2475.68
-219.277 -932.45 2741.25
526.102 255.014 2427.28
-81.7874 -173.126 2484.22
-29.4181 -598.714 2553.62
-1.07169 250.611 2431.44
-113.209 27.3937 2366.07
FRAME: 125
-16.9747 505.809 2250.97
-236.869 -47.7164 2120.65
-200.885 -995.126 2430.14
-134.125 -332.926 1954.91
-193.75 -187.089 2315.97
-137.108 -649.883 2305.12
-160.961 229.605 2179.17
-70.2918 241.646 2288.15
230.618 104.769 2440.36
-208.509 -933.071 2733.43
551.038 253.23 2385.01
-75.1655 -170.907 2459.31
-31.1472 -588.518 2535.54
20.3773 253.688 2397.14
-102.375 31.3244 2337.9
FRAME: 126
-0.212691 502.971 2223.47
-246.404 -40.4082 2112.75
-196.505 -987.487 2462.44
-188.26 -349.908 1961.32
-184.732 -179.122 2291.32
-133.389 -648.321 2298.34
-161.486 234.389 2147.75
-65.769 245.361 2252.72
241.334 87.2449 2378.96
-209.081 -934.144 2720.49
582.88 208 2310.3
-72.2378 -165.895 2415.42
-36.5188 -585.548 2520.45
29.9478 256.333 2357.68
-97.127 36.4264 2303.05
FRAME: 127
14.8854 496.674 2199.34
-254.44 -42.2846 2103.33
-218.758 -914.319 2573.17
-191.373 -366.681 1936.08
-177.16 -174.412 2267.73
-135.531 -650.837 2285.18
-159.346 227.395 2122.45
-57.1369 236.265 2220.83
257.815 51.808 2295.2
-211.864 -935.009 2695.42
589.296 142.373 2209.11
-63.6536 -164.175 2377.87
-31.49 -591.235 2512.4
45.0719 245.135 2319.22
-88.7719 33.4855 2271.82
FRAME: 128
25.3222 482.602 2172.06
-268.827 -42.6248 2093.8
-228.93 -887.57 2617.26
-204.826 -364.644 1927.49
-166.105 -188.136 2236.12
-110 -659.713 2234.45
-160.913 219.938 2104.31
-50.3519 224.312 2194.1
263.204 3.29034 2234.08
-225.748 -913.892 2664.33
627.821 150.115 2095.4
-52.4858 -183.047 2329.61
-29.833 -591.881 2502
60.2097 228.687 2283.9
-79.8237 19.3605 2238.48
FRAME: 129
38.4868 462.295 2143.9
-277.372 -52.6386 2076.21
-233.392 -886.796 2617.16
-210.446 -375.017 1899.94
-164.836 -203.486 2209.91
-122.271 -670.039 2212.15
-165.741 206.723 2084.91
-43.7529 204.711 2161.77
258.054 -30.1813 2197.61
-193.012 -935.621 2617.2
550.377 -21.107 1969.68
-50.8057 -203.918 2285.42
-20.1266 -598.341 2470.95
78.235 202.7 2238.63
-75.7868 0.504561 2204.72
FRAME: 130
44.545 441.346 2117.99
-284.025 -65.686 2055.73
-237.133 -909.048 2549.57
-213.667 -382.824 1865.46
-158.463 -221.549 2181.5
-103.58 -674.685 2174.21
-168.248 185.99 2061.18
-37.8764 182.024 2129.57
246.091 -63.097 2156.37
-185.989 -936.416 2583.9
503.632 -93.0393 1874.61
-34.612 -224.594 2249.05
-2.81793 -601.736 2439.1
92.4949 178.058 2197.97
-67.2068 -20.5239 2172.42
FRAME: 131
53.6574 416.579 2090.33
-289.787 -75.3519 2048.08
-227.868 -871.467 2534.5
-224.415 -382.244 1842.72
-149.092 -234.893 2158.98
-99.8048 -679.262 2163.68
-171.683 169.672 2049.41
-34.861 166.058 2107.17
235.984 -85.6711 2107.77
-142.244 -948.417 2489.72
435.202 -171.392 1824.29
-12.1053 -237.943 2218.56
5.15757 -606.427 2426.49
101.961 162.443 2164.92
-57.7298 -35.18 2147.97
FRAME: 132
58.3837 398.159 2068.23
-293.995 -84.9667 2043.81
-200.247 -876.089 2484.58
-244.082 -383.125 1832.35
-140.926 -247.955 2143.35
-86.747 -688.634 2132.18
-173.728 156.483 2039.65
-31.8843 153.891 2085.3
219.462 -99.9711 2052.25
-98.6453 -943.725 2402.61
392.352 -193.448 1767.09
9.41073 -250.492 2192.21
11.2662 -609.572 2403.61
109.959 151.3 2130.95
-48.821 -47.6661 2126.54
FRAME: 133
73.9559 382.401 2012.79
-296.566 -91.2915 2043.89
-189.586 -871.259 2507.72
-285.732 -369.718 1819.92
-134.558 -256.488 2127.5
-81.1177 -703.14 2116.14
-176.59 147.53 2026.15
-29.5876 146.268 2053.74
205.247 -108.384 1987.27
-98.1398 -927.094 2400.12
329.335 -206.797 1611.91
35.2382 -257.86 2159.41
24.031 -620.068 2347.62
117.415 145.006 2081.33
-39.6237 -55.4531 2098.6
FRAME: 134
82.4153 378.288 1984.97
-296.475 -88.3878 2050.03
-175.937 -897.092 2471.08
-307.788 -359.955 1823.68
-131.675 -252.835 2112.37
-71.8907 -701.135 2097.55
-173.791 150.342 2012.95
-23.1202 144.806 2026.23
201.447 -109.994 1933.79
-71.8178 -952.072 2357.3
280.444 -225.379 1620.58
39.9467 -259.048 2127.75
32.9133 -637.065 2253.16
127.55 139.27 2039.51
-34.4921 -55.5677 2073.14
FRAME: 135
87.3639 380.716 1963.52
-298.664 -81.5318 2052.62
-165.863 -883.686 2477.3
-340.198 -340.743 1835.2
-131.641 -246.327 2098.99
-82.0686 -702.647 2096.01
-171.3 157.41 2003.9
-17.4278 146.177 2008.29
200.572 -110.914 1901.24
-44.1171 -965.25 2321.03
269.43 -217.095 1581.91
32.945 -258.22 2103.87
34.4233 -642.57 2226.59
136.444 134.945 2012.68
-33.3879 -53.048 2054.86
FRAME: 136
92.4473 384.046 1945.86
-299.818 -63.7075 2054.22
-145.031 -878.166 2458.01
-360.744 -334.52 1862.79
-132.287 -237.173 2092.24
-92.6784 -694.508 2095.33
-168.078 164.225 1994.52
-15.7983 151.127 1990.68
193.78 -110.969 1863.87
-42.1094 -974.669 2301.27
262.011 -208.795 1573.29
37.5601 -251.648 2088.05
40.1216 -651.679 2148.24
136.481 138.029 1986.84
-31.5808 -46.6417 2040.41
FRAME: 137
100.162 397.683 1925.49
-302.398 -51.8119 2057.05
-120.719 -892.068 2430.7
-379.327 -336.585 1889.61
-132.107 -230.238 2083.51
-102.155 -682.123 2084.07
-163.283 176.001 1986.92
-11.2056 162.564 1981.79
189.562 -97.8887 1843.91
-38.0595 -976.631 2299.87
262.187 -194.875 1560.74
45.4237 -245.898 2077.74
38.1669 -648.227 2182.21
140.872 149.127 1976.65
-27.2737 -37.7519 2031.21
FRAME: 138
102.807 406.356 1913.83
-300.539 -34.3362 2057.82
-111.013 -869.936 2445.8
-403.416 -316.657 1904.72
-129.407 -218.538 2077.85
-104.454 -672.882 2083.26
-160.676 182.25 1980.3
-8.10142 168.829 1974.46
190.967 -92.2153 1834.5
-32.7625 -989.756 2297.36
267.895 -186.244 1542.61
50.9492 -234.353 2070.98
48.695 -648.984 2150.22
144.474 155.409 1968.62
-23.6651 -28.8082 2024.44
FRAME: 139
102.502 414.204 1905.29
-299.71 -24.5112 2059.32
-104.141 -881.991 2431.05
-421.671 -313.708 1919.58
-127.992 -212.897 2073.44
-103.492 -668.083 2079.4
-158.242 189.687 1975.49
-5.50439 176.609 1968.97
194.686 -84.2229 1830.39
-27.7362 -986.691 2293.91
266.888 -179.763 1549.37
57.0887 -228.654 2065.67
63.0562 -639.983 2106.91
147.233 163.531 1962.46
-20.478 -22.0832 2019.27
FRAME: 140
101.498 419.243 1899.63
-298.721 -16.5172 2060.26
-72.2107 -945.482 2384.36
-428.042 -295.87 1950.69
-125.058 -204.29 2071.07
-85.4581 -647.185 2096.38
-155.361 195.866 1971.96
-2.85876 183.79 1965.83
200.155 -75.9252 1834.46
-27.6125 -984.3 2300.52
269.177 -176.913 1534.91
64.2996 -219.148 2063.69
73.1263 -634.12 2082.98
149.644 171.713 1959.71
-16.6189 -13.9646 2016.61
FRAME: 141
95.5801 427.308 1897.21
-301.874 -22.2263 2058.47
-64.6644 -943.078 2364.01
-455.46 -311.61 1969.08
-115.077 -199.229 2070.7
-76.9964 -647.944 2096.31
-154.056 198.832 1970.95
-1.10177 188.461 1963.43
207.843 -78.4472 1830.69
-24.0218 -982.181 2305.63
291.669 -174.851 1551.88
68.8451 -211.609 2062.1
82.1767 -633.938 2077.12
151.852 178.089 1955.92
-12.1089 -8.47932 2014.92
FRAME: 142
90.2037 431.855 1899.19
-296.14 -18.5032 2055.46
-52.9367 -940.456 2362.51
-463.544 -327.008 1980.96
-109.149 -195.609 2069.38
-74.4239 -643.754 2092.35
-148.746 201.811 1969
1.70777 192.59 1962.14
213.912 -71.3138 1857.65
-33.1409 -962.576 2337.01
303.494 -181.891 1570.99
73.0839 -206.765 2061.32
106.36 -621.6 2121.74
152.161 183.369 1955.27
-8.16231 -4.29871 2013.74
FRAME: 143
87.6301 441.574 1902.2
-294.729 -19.2384 2055.85
-52.7419 -929.541 2373.72
-458.843 -331.238 1994.41
-103.808 -192.846 2067.78
-74.0403 -642.974 2095.45
-146.035 206.793 1968.12
3.19805 199.774 1965.62
228.506 -69.1075 1889.57
-26.8638 -962.106 2333.85
314.034 -194.759 1604.19
75.9274 -201.389 2064.83
108.324 -617.659 2130.77
152.431 192.754 1963.12
-5.37107 1.32813 2015.96
FRAME: 144
79.4965 448.552 1911.63
-292.854 -17.0232 2055.07
-46.2743 -936.17 2348.14
-442.637 -334.26 2011.05
-100.808 -193.278 2068.33
-61.125 -632.269 2099.93
-145.055 210.708 1971.12
4.57746 205.677 1973.07
232.585 -70.0173 1913.83
-18.5459 -966.981 2310.27
320.085 -214.661 1653.08
80.2338 -199.487 2070.72
103.334 -612.278 2137.6
154.21 200.647 1975.02
-2.85476 4.64734 2021.3
FRAME: 145
73.0871 465.43 1926.03
-281.894 -14.3069 2054.68
-30.9315 -962.227 2308.42
-417.229 -333.457 2019.46
-99.7969 -188.692 2070.95
-57.8397 -623.94 2106.3
-143.427 219.639 1975.75
7.54123 215.737 1983.29
229.97 -57.6682 1948.37
-21.9179 -957.751 2331.61
320.143 -230.729 1712.68
84.6423 -193.556 2080.19
96.5676 -604.679 2150.17
158.509 211.834 1990.83
-0.0180463 12.3062 2029.43
FRAME: 146
66.3656 480.64 1936.9
-274.532 -9.98077 2052.35
-21.659 -958.738 2293.21
-382.656 -331.098 2025.13
-98.569 -182.06 2074.71
-56.0882 -615.028 2099.76
-142.199 232.973 1980.78
9.29053 230.339 1994.7
226.815 -24.8429 2027.3
-6.39537 -955.833 2326.84
321.59 -250.24 1786.27
86.4237 -185.409 2091.91
98.6506 -603.689 2168.2
160.78 227.705 2008.61
1.60894 23.302 2039
FRAME: 147
65.112 496.287 1951.76
-260.118 -8.57833 2054.81
-26.5082 -973.95 2281.45
-334.989 -335.993 2021.93
-96.3584 -174.485 2083.4
-50.0941 -620.071 2104.13
-141.506 243.914 1990.63
10.3349 243.284 2008.03
228.445 -16.6719 2063.81
10.7983 -966.126 2336.77
324.526 -259.928 1864.99
93.3286 -175.35 2105.56
121.666 -605.409 2199.06
162.175 242.654 2025.42
4.40998 34.1831 2051.25
FRAME: 148
63.2126 505.347 1967.73
-245.506 -10.9638 2058.2
-24.5249 -974.397 2273.68
-290.216 -342.466 2020.74
-93.1328 -170.571 2090.08
-44.6138 -627.233 2104.44
-139.863 250.783 2000.46
12.8468 251.706 2024.19
229.53 -12.7802 2100.52
12.5041 -974.492 2341.12
329.583 -268.818 1928.94
97.9964 -169.513 2120.25
130.532 -600.543 2222.81
165.557 252.63 2047.91
7.6393 40.8322 2064.68
FRAME: 149
60.5262 507.288 2001.48
-223.387 -34.5259 2062.12
-25.2236 -989.477 2274.6
-202.078 -354.476 1998.01
-85.7569 -173.688 2110.37
-33.5901 -632.88 2111.23
-134.398 252.434 2023.36
15.7533 256.061 2055.45
232.575 -14.6244 2175.56
30.3712 -966.172 2398.7
337.038 -294.031 2082.06
105.008 -169.172 2151.64
137.101 -598.726 2242.83
165.904 259.688 2087.54
12.6893 42.3153 2093.22
FRAME: 150
59.8427 505.496 2044.09
-196.626 -41.4588 2078.12
-29.292 -996.953 2277.83
-116.863 -348.316 1974.97
-75.3805 -181.16 2147.85
-25.1604 -630.633 2123.85
-123.828 247.27 2058.36
22.0966 253.088 2100.56
232.068 -22.4612 2268.44
42.4811 -967.237 2430.45
334.824 -322.39 2247.3
111.323 -173.821 2202.06
146.894 -612.053 2283.06
168.021 258.907 2142.76
20.0339 37.7988 2137.76
FRAME: 151
56.935 502.666 2072.37
-173.464 -52.3191 2085.89
-25.2915 -1005.87 2264.02
-69.5122 -339.952 1960.49
-69.3983 -193.468 2181.16
-9.74969 -639.536 2145.83
-119.908 241.019 2082.36
23.7778 249.231 2129.07
227.537 -23.3008 2304.08
42.4958 -958.756 2512.29
328.595 -340.732 2311.93
113.836 -183.025 2240.73
153.08 -622.198 2336.97
167.464 257.443 2175.77
22.9983 30.4922 2170.01
FRAME: 152
56.1831 499.553 2098.36
-150.085 -57.1622 2097.65
-25.8392 -1022.74 2260.57
-21.9539 -334.009 1958.91
-63.9233 -196.408 2217.51
-13.2872 -643.134 2187.07
-113.661 237.949 2106.53
26.9213 248.305 2155.63
222.23 -12.7744 2332.25
42.7672 -950.264 2603.15
312.41 -332.602 2381.95
116.977 -183.098 2280.78
150.978 -620.133 2373.09
167.503 258.66 2204.72
26.724 29.2759 2202.38
FRAME: 153
62.1808 503.941 2119.36
-129.727 -53.5668 2106.73
-31.4528 -1030.85 2269.87
25.3118 -325.046 1982.33
-54.9294 -191.384 2247.27
-22.7863 -638.824 2222.9
-106.612 239.737 2132.98
31.6567 252.665 2186.98
209.665 -2.07651 2379.14
69.5406 -958.54 2595.08
297.05 -299.891 2458.02
124.538 -174.458 2317.75
156.07 -620.631 2412.09
169.926 265.593 2240.98
33.2305 34.8721 2234.74
FRAME: 154
60.4602 507.53 2140.58
-105.687 -49.0816 2111.94
-31.7337 -1031.75 2284.81
62.4919 -308.326 2003.73
-54.8968 -182.975 2266.09
-20.9589 -633.28 2244.82
-106.768 247.534 2152.19
30.9815 260.619 2208.69
203.466 8.73481 2411.19
77.302 -967.582 2585.3
272.467 -268.163 2505.9
122.291 -166.069 2338.87
151.127 -618.029 2425.46
168.731 273.704 2265.18
32.3393 43.0486 2255.58
FRAME: 155
61.4451 519.331 2154.68
-95.6376 -32.8418 2139.03
-44.4014 -1027.61 2293.72
91.6714 -278.809 2036.56
-54.8295 -172.646 2283.88
-30.8918 -627.091 2266.47
-109.416 262.536 2168.99
29.3949 275.181 2222.3
189.344 25.3688 2422.61
58.9867 -946.735 2634.39
264.151 -244.547 2536.28
120.844 -156.598 2351.57
153.481 -605.943 2444.43
168.206 287.826 2275.61
31.2012 55.2797 2270.01
FRAME: 156
55.691 529.148 2167.93
-92.5801 -15.966 2151.68
-49.9238 -1023.82 2304.7
115.464 -247.094 2070.42
-55.1528 -160.391 2294.43
-36.6395 -616.762 2277.24
-113.763 273.696 2180.28
24.4225 287.367 2234.48
185.322 45.1177 2430.14
52.2372 -939.003 2648.7
235.807 -223.403 2458.39
117.516 -143.194 2362.33
129.202 -582.381 2459.85
162.608 301.037 2288.69
27.8021 67.7871 2281.43
FRAME: 157
53.2363 537.336 2180.05
-90.346 -8.26928 2164.74
-69.6351 -1015.6 2329.6
135.865 -221.334 2104.05
-56.7765 -151.059 2302.73
-45.4488 -607.823 2279.83
-114.326 281.372 2188.15
23.4457 294.969 2242.25
183.424 46.922 2426.19
53.1573 -942.67 2650.46
224.682 -220.485 2429.04
115.816 -133.939 2370.5
118.662 -572.104 2470.87
161.217 308.567 2296.35
26.4828 76.2352 2289.43
FRAME: 158
48.6153 546.709 2191.63
-87.3002 -0.173711 2176.75
-91.5794 -1001.9 2359.74
146.154 -195.91 2138.17
-59.113 -144.656 2311.84
-52.496 -599.479 2280.77
-117.438 288.114 2198.85
19.7227 301.733 2252.54
171.939 43.3043 2420.37
51.0894 -936.068 2651.98
205.49 -207.528 2323.76
112.414 -127.428 2378.83
111.455 -555.799 2488.29
156.883 315.352 2306.23
23.1866 82.8456 2298.94
FRAME: 159
43.5687 552.112 2210.48
-98.083 9.33414 2211.23
-118.571 -985.361 2390.29
130.635 -170.034 2174.09
-64.4486 -139.242 2322.95
-60.6854 -593.896 2281.02
-123.228 297.09 2221.99
14.772 309.525 2273.35
160.777 44.917 2423.77
48.971 -934.341 2656.48
182.417 -187.853 2322.31
110.691 -123.225 2387.95
102.885 -543.507 2512.35
152.772 321.959 2324.72
18.9467 89.1457 2314.4
FRAME: 160
54.2625 563.266 2225.82
-109.559 16.6596 2233.87
-142.131 -970.171 2427.28
117.587 -151.674 2194.15
-74.345 -132.793 2335.45
-75.6091 -584.411 2283.63
-129.301 300.773 2239.33
9.37793 312.047 2291.97
156.618 47.4087 2431.66
47.9017 -940.383 2657.54
171.625 -189.274 2338.82
103.635 -118.023 2402.93
92.1879 -534.35 2535.78
148.057 323.321 2344.61
12.0115 93.3194 2330.58
FRAME: 161
63.5369 569.92 2231.96
-132.957 30.1927 2268.18
-184.365 -940.082 2468.97
76.5566 -160.122 2232.29
-91.7808 -113.179 2346.67
-89.4218 -569.551 2291.47
-125.557 323.776 2252.42
14.0586 328.596 2304.07
156.657 54.7646 2438.35
42.2628 -934.77 2661.85
168.821 -186.582 2347.78
91.8808 -106.808 2414.73
81.1031 -524.145 2551.92
153.674 333.416 2355.73
7.05431 109.301 2342.39
FRAME: 162
62.7225 573.484 2239.92
-149.366 38.3888 2289.01
-195.459 -916.363 2487.07
51.5719 -165.683 2253.77
-105.333 -105.357 2360.79
-93.1681 -557.363 2297.76
-130.033 334.158 2265.73
11.8973 335.81 2313.99
151.722 52.8188 2447.2
43.56 -939.426 2663.27
180.27 -207.407 2383.63
83.0973 -103.171 2424.94
78.7478 -524.079 2561.19
153.828 337.463 2362.26
0.389759 115.773 2353.43
FRAME: 163
51.8018 576.804 2254.01
-158.863 38.2161 2308.9
-227.971 -882.139 2548.07
23.1831 -187.143 2291.34
-116.778 -105.883 2376.37
-112.979 -561.694 2338.28
-141.254 338.949 2282.84
4.37874 339.407 2326.93
152.639 61.7875 2473.08
44.3881 -948.049 2664.53
177.732 -220.132 2411.49
77.5254 -105.272 2435.27
75.3158 -534.238 2563.84
150.012 339.865 2371.03
-7.6237 116.915 2366.38
FRAME: 164
39.5522 579.855 2264.3
-168.343 33.5908 2327.93
-251.377 -867.855 2591.84
2.97971 -205.331 2307.59
-124.493 -106.937 2392.77
-123.779 -561.654 2365.35
-150.947 341.185 2298.96
-2.647 341.572 2338.55
147.108 67.5652 2485.94
45.8806 -952.177 2666.5
192.636 -199.41 2573.36
74.5608 -106.394 2445.89
74.529 -539.643 2560.77
145.653 341.96 2378.15
-13.8066 117.454 2378.94
FRAME: 165
26.8397 581.276 2269.38
-183.113 34.2429 2339.57
-268.992 -884.261 2631.94
-29.0315 -217.608 2304.28
-135.185 -101.113 2408.93
-139.279 -557.467 2385.61
-164.142 341.676 2310.87
-11.992 341.933 2347.26
142.236 70.0466 2493.08
45.7406 -947.532 2667.48
193.376 -186.649 2595.76
66.7086 -100.79 2457.35
66.8448 -527.573 2570.79
140.158 342.191 2383.65
-23.1151 120.491 2390.2
FRAME: 166
10.512 584.168 2278.9
-198.325 32.6413 2356.46
-280.745 -907.324 2658.92
-71.1162 -213.806 2310.58
-143.808 -100.052 2420.55
-163.617 -559.41 2415.47
-177.931 343.376 2326.39
-22.5258 343.991 2357.63
141.485 66.9392 2492.93
46.7419 -952.491 2666.98
188.087 -203.712 2590.2
63.6917 -99.2358 2462.35
62.6341 -529.549 2568.7
132.879 344.607 2388.88
-31.292 122.174 2399.54
FRAME: 167
-4.7892 586.549 2284.25
-211.149 33.9462 2367.62
-294.732 -928.37 2687.93
-96.1976 -221.419 2316.47
-154.241 -98.1789 2433.61
-186.306 -553.084 2447.85
-191.726 345.535 2339.81
-33.4257 345.823 2364.9
138.029 64.4168 2487.41
44.9982 -956.781 2668.89
183.442 -212.696 2558.57
58.0444 -97.8048 2467.26
53.1317 -530.566 2574.8
124.874 346.112 2389.98
-40.762 123.916 2407.67
FRAME: 168
-20.1976 590.239 2291.86
-228.78 32.9834 2379.75
-297.457 -916.685 2691.6
-142.846 -247.562 2322.45
-162.022 -104.171 2443.8
-206.943 -549.676 2476.33
-205.557 342.078 2353.55
-44.615 342.448 2373.24
134.22 58.5206 2485.41
46.4812 -959.927 2665.63
184.922 -229.982 2546.32
51.715 -103.724 2469.99
50.7089 -540.204 2573.13
116.327 342.816 2392.94
-49.8843 119.25 2415.07
FRAME: 169
-39.6491 588.764 2293.88
-247.247 35.5128 2386.35
-300.411 -935.916 2716.87
-178.025 -249.781 2326.86
-175.004 -104.28 2454.25
-220.167 -548.37 2500.62
-220.115 340.935 2362.37
-57.4639 340.974 2375.95
133.242 56.2803 2484.41
47.2312 -965.691 2669.95
177.962 -258.175 2535.54
43.3633 -104.23 2472.48
40.8953 -544.642 2578.69
105.187 341.012 2389.53
-61.6422 118.359 2419.66
FRAME: 170
-62.0513 587.105 2300.62
-268.676 35.6489 2394.89
-304.025 -948.104 2728.85
-213.397 -247.032 2324.2
-184.449 -107.483 2465.24
-234.873 -549.176 2524.42
-238.332 338.768 2375.37
-75.5769 340.273 2380.57
135.258 29.4695 2495.08
44.8459 -968.773 2672.96
179.91 -284.672 2532.26
34.5631 -105.44 2472.19
30.5685 -550.604 2578.75
87.1778 341.778 2385.76
-75.2598 116.906 2424.64
FRAME: 171
-85.2624 586.246 2306.21
-303.754 34.6812 2404.88
-307.98 -931.072 2742.41
-294.355 -249.653 2299.98
-194.811 -108.396 2475.3
-248.814 -550.757 2538.29
-254.954 339.545 2387.04
-92.4025 341.514 2383.93
131.527 26.9274 2494.75
45.1261 -978.227 2676.96
180.376 -295.537 2513.33
23.5794 -105.752 2471.11
16.4034 -552.525 2590.28
70.1491 343.484 2380.83
-89.0093 117.22 2428.57
FRAME: 172
-112.024 590.375 2309.06
-366.698 54.3009 2440.23
-308.05 -926.836 2752.78
-392.351 -230.53 2299.71
-215.995 -96.1293 2493.82
-267.89 -541.331 2571.24
-281.505 347.02 2407.14
-119.698 348.261 2388.97
117.24 25.7006 2479.5
39.024 -972.175 2673.38
169.767 -305.004 2464.88
4.0968 -94.441 2469.14
-8.5135 -545.956 2581.12
42.1092 349.502 2370.8
-112.824 126.488 2435.23
FRAME: 173
-136.064 595.14 2314.22
-394.174 58.1157 2462.32
-310.762 -946.489 2754.86
-456.948 -220.326 2318.95
-234.747 -90.3889 2502.87
-286.757 -538.817 2592.34
-300.727 351.533 2423.39
-139.758 350.677 2394.57
104.509 26.0659 2467.09
35.1689 -969.651 2666.52
160.723 -310.672 2424.32
-17.7382 -91.5312 2464.03
-30.2227 -546.009 2568.7
21.2096 349.821 2365.75
-133.001 129.858 2439.01
FRAME: 174
-156.693 596.859 2319.5
-418.129 69.9276 2486.72
-307.034 -941.599 2767.02
-510.68 -201.736 2348.86
-250.317 -86.6808 2512.32
-295.251 -538.65 2599.8
-315.614 356.254 2433.91
-156.437 354.197 2398.89
86.9299 22.5451 2449.57
39.1089 -971.353 2668.78
150.579 -316.945 2384.58
-34.7759 -89.4672 2464.86
-37.6592 -543.926 2564.07
2.73956 352.141 2363.86
-149.492 133.062 2443.74
FRAME: 175
-171.563 595.029 2321.65
-434.882 80.6482 2506.65
-309.053 -942.372 2773.9
-571.176 -187.39 2357.38
-266.61 -83.6822 2520.76
-300.527 -539.731 2608.81
-330.877 359.472 2442.48
-171.312 356.187 2403.37
72.2967 23.3414 2431.16
37.9942 -974.72 2670.95
135.76 -308.59 2330.94
-50.037 -88.1927 2467.66
-46.8307 -543.921 2558.05
-11.7468 352.902 2364.25
-164.818 135.125 2448.79
FRAME: 176
-193.391 597.575 2326.21
-470.843 86.8727 2543.76
-311.488 -943.158 2773.93
-627.51 -180.358 2429.19
-280.537 -83.7039 2527.47
-314.694 -533.7 2627.06
-349.018 360.929 2454.41
-190.251 358.342 2410.89
44.9701 17.3591 2397.33
34.0843 -971.887 2671.07
100.629 -297.577 2237.89
-67.2729 -87.1749 2468.99
-57.2622 -545.815 2547.52
-31.4838 355.755 2367.37
-182.078 136.451 2454.56
FRAME: 177
-217.959 597.805 2330.66
-498.542 91.1116 2568.34
-312.086 -935.954 2780.97
-684.665 -182.13 2476.36
-296.971 -85.447 2532.93
-324.864 -530.321 2629.08
-363.557 361.097 2461.71
-206.37 358.511 2415.77
22.2811 13.983 2383.28
24.8646 -961.347 2668.15
76.8901 -287.808 2204.42
-81.4313 -89.0864 2469.87
-60.1899 -547.288 2538.75
-49.1821 355.925 2369.82
-197.785 135.622 2458.58
FRAME: 178
-225.014 596.242 2331.97
-510.989 94.6039 2581.29
-312.119 -936.364 2780.75
-712.429 -184.948 2532.48
-305.56 -82.9663 2538.53
-331.943 -525.546 2639.1
-374.185 361.146 2466.55
-219.019 359.184 2418.92
7.13986 14.4259 2370.63
19.7931 -947.69 2666.64
52.6288 -277.551 2171.82
-92.1294 -85.7596 2472.93
-70.1213 -542.309 2530.82
-63.8527 357.223 2371.3
-208.932 137.411 2462.33
FRAME: 179
-233.152 596.748 2330.1
-522.263 94.7559 2593.14
-311.2 -941.9 2779.36
-723.477 -187.079 2591.44
-314.617 -81.9767 2543.32
-335.505 -523.052 2648.63
-384.481 361.575 2471.28
-229.646 359.52 2421.77
-7.65115 22.7802 2364.93
17.4696 -944.738 2666.12
26.2622 -256.427 2155.67
-102.566 -84.8711 2475.44
-71.7694 -537.908 2517.93
-74.8098 357.465 2372.26
-219.118 138.048 2465.57
FRAME: 180
-239.299 596.604 2331.25
-526.748 94.3286 2602.93
-312.312 -937.156 2781.87
-727.463 -191.032 2646.01
-322.796 -81.0596 2545.01
-340.612 -524.115 2654.07
-393.379 360.955 2475.53
-240.755 359.307 2424.92
-18.9823 30.8426 2363.82
7.075 -929.922 2663.12
8.87394 -243.114 2144.07
-114.163 -83.3072 2475.74
-73.5398 -529.501 2505.65
-88.1305 357.659 2374.3
-229.617 138.562 2467.65
FRAME: 181
-244.15 594.566 2331.53
-532.073 93.7935 2613.49
-312.089 -942.503 2780.61
-718.801 -197.129 2690.81
-325.432 -79.5304 2548.55
-344.342 -521.294 2656.9
-399.493 361.424 2477.68
-246.887 360.56 2427.01
-28.7688 30.8694 2358.18
-0.0326645 -925.562 2662.14
-7.52459 -241.669 2134.75
-119.828 -80.701 2480.16
-73.9496 -533.936 2498.45
-94.2815 359.696 2376.34
-234.759 140.222 2470.68
FRAME: 182
-251.16 597.156 2330.78
-531.676 94.5338 2620.53
-312.52 -945.198 2774.03
-702.514 -191.27 2734.41
-332.271 -75.6271 2549.44
-348.889 -516.566 2658.63
-406.755 363.691 2480.27
-254.45 363.069 2428.58
-37.5062 33.7748 2357.41
-18.4493 -939.275 2678.04
-21.8733 -234.602 2134.34
-127.346 -76.4429 2479.76
-72.0103 -566.735 2468.39
-102.145 362.447 2376.89
-242.129 143.517 2471.59
FRAME: 183
-255.094 598.136 2330.82
-531.667 93.5595 2628.91
-310.514 -949.671 2771.9
-681.43 -191.583 2758.94
-333.848 -69.8331 2552.42
-352.896 -512.733 2658.1
-410.378 366.932 2478.75
-258.521 367.325 2428.82
-43.3716 34.6611 2359.78
-46.663 -924.94 2689.56
-28.6002 -234.567 2141.18
-128.509 -69.2763 2484.69
-102.589 -531.355 2459.86
-106.665 367.717 2378.9
-244.85 148.885 2473.69
FRAME: 184
-261.832 598.691 2329.95
-531.843 93.1029 2631.54
-310.247 -954.967 2775
-663.384 -197.055 2773.19
-337.771 -63.2671 2554.78
-358.046 -509.955 2655.89
-416.762 369.39 2477.28
-263.652 370.364 2430.33
-48.9671 39.1129 2369.92
-82.0773 -919.691 2703.16
-38.0177 -233.214 2160.62
-133.45 -61.9629 2492.02
-127.474 -518.24 2456.39
-110.543 371.338 2383.38
-249.631 153.875 2476.86

