FRAME: 0
0 0 0
0 0 0
0 0 0
0 0 0
0 0 0
0 0 0
0 0 0
0 0 0
0 0 0
0 0 0
0 0 0
0 0 0
0 0 0
0 0 0
0 0 0
FRAME: 1
0 0 0
0 0 0
0 0 0
0 0 0
0 0 0
0 0 0
0 0 0
0 0 0
0 0 0
0 0 0
0 0 0
0 0 0
0 0 0
0 0 0
0 0 0
FRAME: 2
0 0 0
0 0 0
0 0 0
0 0 0
0 0 0
0 0 0
0 0 0
0 0 0
0 0 0
0 0 0
0 0 0
0 0 0
0 0 0
0 0 0
0 0 0
FRAME: 3
0 0 0
0 0 0
0 0 0
0 0 0
0 0 0
0 0 0
0 0 0
0 0 0
0 0 0
0 0 0
0 0 0
0 0 0
0 0 0
0 0 0
0 0 0
FRAME: 4
0 0 0
0 0 0
0 0 0
0 0 0
0 0 0
0 0 0
0 0 0
0 0 0
0 0 0
0 0 0
0 0 0
0 0 0
0 0 0
0 0 0
0 0 0
FRAME: 5
0 0 0
0 0 0
0 0 0
0 0 0
0 0 0
0 0 0
0 0 0
0 0 0
0 0 0
0 0 0
0 0 0
0 0 0
0 0 0
0 0 0
0 0 0
FRAME: 6
0 0 0
0 0 0
0 0 0
0 0 0
0 0 0
0 0 0
0 0 0
0 0 0
0 0 0
0 0 0
0 0 0
0 0 0
0 0 0
0 0 0
0 0 0
FRAME: 7
0 0 0
0 0 0
0 0 0
0 0 0
0 0 0
0 0 0
0 0 0
0 0 0
0 0 0
0 0 0
0 0 0
0 0 0
0 0 0
0 0 0
0 0 0
FRAME: 8
0 0 0
0 0 0
0 0 0
0 0 0
0 0 0
0 0 0
0 0 0
0 0 0
0 0 0
0 0 0
0 0 0
0 0 0
0 0 0
0 0 0
0 0 0
FRAME: 9
0 0 0
0 0 0
0 0 0
0 0 0
0 0 0
0 0 0
0 0 0
0 0 0
0 0 0
0 0 0
0 0 0
0 0 0
0 0 0
0 0 0
0 0 0
FRAME: 10
0 0 0
0 0 0
0 0 0
0 0 0
0 0 0
0 0 0
0 0 0
0 0 0
0 0 0
0 0 0
0 0 0
0 0 0
0 0 0
0 0 0
0 0 0
FRAME: 11
0 0 0
0 0 0
0 0 0
0 0 0
0 0 0
0 0 0
0 0 0
0 0 0
0 0 0
0 0 0
0 0 0
0 0 0
0 0 0
0 0 0
0 0 0
FRAME: 12
0 0 0
0 0 0
0 0 0
0 0 0
0 0 0
0 0 0
0 0 0
0 0 0
0 0 0
0 0 0
0 0 0
0 0 0
0 0 0
0 0 0
0 0 0
FRAME: 13
0 0 0
0 0 0
0 0 0
0 0 0
0 0 0
0 0 0
0 0 0
0 0 0
0 0 0
0 0 0
0 0 0
0 0 0
0 0 0
0 0 0
0 0 0
FRAME: 14
0 0 0
0 0 0
0 0 0
0 0 0
0 0 0
0 0 0
0 0 0
0 0 0
0 0 0
0 0 0
0 0 0
0 0 0
0 0 0
0 0 0
0 0 0
FRAME: 15
0 0 0
0 0 0
0 0 0
0 0 0
0 0 0
0 0 0
0 0 0
0 0 0
0 0 0
0 0 0
0 0 0
0 0 0
0 0 0
0 0 0
0 0 0
FRAME: 16
0 0 0
0 0 0
0 0 0
0 0 0
0 0 0
0 0 0
0 0 0
0 0 0
0 0 0
0 0 0
0 0 0
0 0 0
0 0 0
0 0 0
0 0 0
FRAME: 17
0 0 0
0 0 0
0 0 0
0 0 0
0 0 0
0 0 0
0 0 0
0 0 0
0 0 0
0 0 0
0 0 0
0 0 0
0 0 0
0 0 0
0 0 0
FRAME: 18
0 0 0
0 0 0
0 0 0
0 0 0
0 0 0
0 0 0
0 0 0
0 0 0
0 0 0
0 0 0
0 0 0
0 0 0
0 0 0
0 0 0
0 0 0
FRAME: 19
0 0 0
0 0 0
0 0 0
0 0 0
0 0 0
0 0 0
0 0 0
0 0 0
0 0 0
0 0 0
0 0 0
0 0 0
0 0 0
0 0 0
0 0 0
FRAME: 20
0 0 0
0 0 0
0 0 0
0 0 0
0 0 0
0 0 0
0 0 0
0 0 0
0 0 0
0 0 0
0 0 0
0 0 0
0 0 0
0 0 0
0 0 0
FRAME: 21
0 0 0
0 0 0
0 0 0
0 0 0
0 0 0
0 0 0
0 0 0
0 0 0
0 0 0
0 0 0
0 0 0
0 0 0
0 0 0
0 0 0
0 0 0
FRAME: 22
0 0 0
0 0 0
0 0 0
0 0 0
0 0 0
0 0 0
0 0 0
0 0 0
0 0 0
0 0 0
0 0 0
0 0 0
0 0 0
0 0 0
0 0 0
FRAME: 23
0 0 0
0 0 0
0 0 0
0 0 0
0 0 0
0 0 0
0 0 0
0 0 0
0 0 0
0 0 0
0 0 0
0 0 0
0 0 0
0 0 0
0 0 0
FRAME: 24
0 0 0
0 0 0
0 0 0
0 0 0
0 0 0
0 0 0
0 0 0
0 0 0
0 0 0
0 0 0
0 0 0
0 0 0
0 0 0
0 0 0
0 0 0
FRAME: 25
0 0 0
0 0 0
0 0 0
0 0 0
0 0 0
0 0 0
0 0 0
0 0 0
0 0 0
0 0 0
0 0 0
0 0 0
0 0 0
0 0 0
0 0 0
FRAME: 26
0 0 0
0 0 0
0 0 0
0 0 0
0 0 0
0 0 0
0 0 0
0 0 0
0 0 0
0 0 0
0 0 0
0 0 0
0 0 0
0 0 0
0 0 0
FRAME: 27
0 0 0
0 0 0
0 0 0
0 0 0
0 0 0
0 0 0
0 0 0
0 0 0
0 0 0
0 0 0
0 0 0
0 0 0
0 0 0
0 0 0
0 0 0
FRAME: 28
0 0 0
0 0 0
0 0 0
0 0 0
0 0 0
0 0 0
0 0 0
0 0 0
0 0 0
0 0 0
0 0 0
0 0 0
0 0 0
0 0 0
0 0 0
FRAME: 29
0 0 0
0 0 0
0 0 0
0 0 0
0 0 0
0 0 0
0 0 0
0 0 0
0 0 0
0 0 0
0 0 0
0 0 0
0 0 0
0 0 0
0 0 0
FRAME: 30
0 0 0
0 0 0
0 0 0
0 0 0
0 0 0
0 0 0
0 0 0
0 0 0
0 0 0
0 0 0
0 0 0
0 0 0
0 0 0
0 0 0
0 0 0
FRAME: 31
0 0 0
0 0 0
0 0 0
0 0 0
0 0 0
0 0 0
0 0 0
0 0 0
0 0 0
0 0 0
0 0 0
0 0 0
0 0 0
0 0 0
0 0 0
FRAME: 32
0 0 0
0 0 0
0 0 0
0 0 0
0 0 0
0 0 0
0 0 0
0 0 0
0 0 0
0 0 0
0 0 0
0 0 0
0 0 0
0 0 0
0 0 0
FRAME: 33
0 0 0
0 0 0
0 0 0
0 0 0
0 0 0
0 0 0
0 0 0
0 0 0
0 0 0
0 0 0
0 0 0
0 0 0
0 0 0
0 0 0
0 0 0
FRAME: 34
0 0 0
0 0 0
0 0 0
0 0 0
0 0 0
0 0 0
0 0 0
0 0 0
0 0 0
0 0 0
0 0 0
0 0 0
0 0 0
0 0 0
0 0 0
FRAME: 35
0 0 0
0 0 0
0 0 0
0 0 0
0 0 0
0 0 0
0 0 0
0 0 0
0 0 0
0 0 0
0 0 0
0 0 0
0 0 0
0 0 0
0 0 0
FRAME: 36
0 0 0
0 0 0
0 0 0
0 0 0
0 0 0
0 0 0
0 0 0
0 0 0
0 0 0
0 0 0
0 0 0
0 0 0
0 0 0
0 0 0
0 0 0
FRAME: 37
0 0 0
0 0 0
0 0 0
0 0 0
0 0 0
0 0 0
0 0 0
0 0 0
0 0 0
0 0 0
0 0 0
0 0 0
0 0 0
0 0 0
0 0 0
FRAME: 38
0 0 0
0 0 0
0 0 0
0 0 0
0 0 0
0 0 0
0 0 0
0 0 0
0 0 0
0 0 0
0 0 0
0 0 0
0 0 0
0 0 0
0 0 0
FRAME: 39
0 0 0
0 0 0
0 0 0
0 0 0
0 0 0
0 0 0
0 0 0
0 0 0
0 0 0
0 0 0
0 0 0
0 0 0
0 0 0
0 0 0
0 0 0
FRAME: 40
0 0 0
0 0 0
0 0 0
0 0 0
0 0 0
0 0 0
0 0 0
0 0 0
0 0 0
0 0 0
0 0 0
0 0 0
0 0 0
0 0 0
0 0 0
FRAME: 41
0 0 0
0 0 0
0 0 0
0 0 0
0 0 0
0 0 0
0 0 0
0 0 0
0 0 0
0 0 0
0 0 0
0 0 0
0 0 0
0 0 0
0 0 0
FRAME: 42
0 0 0
0 0 0
0 0 0
0 0 0
0 0 0
0 0 0
0 0 0
0 0 0
0 0 0
0 0 0
0 0 0
0 0 0
0 0 0
0 0 0
0 0 0
FRAME: 43
0 0 0
0 0 0
0 0 0
0 0 0
0 0 0
0 0 0
0 0 0
0 0 0
0 0 0
0 0 0
0 0 0
0 0 0
0 0 0
0 0 0
0 0 0
FRAME: 44
0 0 0
0 0 0
0 0 0
0 0 0
0 0 0
0 0 0
0 0 0
0 0 0
0 0 0
0 0 0
0 0 0
0 0 0
0 0 0
0 0 0
0 0 0
FRAME: 45
0 0 0
0 0 0
0 0 0
0 0 0
0 0 0
0 0 0
0 0 0
0 0 0
0 0 0
0 0 0
0 0 0
0 0 0
0 0 0
0 0 0
0 0 0
FRAME: 46
0 0 0
0 0 0
0 0 0
0 0 0
0 0 0
0 0 0
0 0 0
0 0 0
0 0 0
0 0 0
0 0 0
0 0 0
0 0 0
0 0 0
0 0 0
FRAME: 47
0 0 0
0 0 0
0 0 0
0 0 0
0 0 0
0 0 0
0 0 0
0 0 0
0 0 0
0 0 0
0 0 0
0 0 0
0 0 0
0 0 0
0 0 0
FRAME: 48
0 0 0
0 0 0
0 0 0
0 0 0
0 0 0
0 0 0
0 0 0
0 0 0
0 0 0
0 0 0
0 0 0
0 0 0
0 0 0
0 0 0
0 0 0
FRAME: 49
-47.7221 232.892 2302.25
-145.696 -199.335 2509.02
-19.5702 -1083.33 2606.03
-240.348 -435.224 2306.77
-24.0314 -290.596 2551.34
-33.9393 -684.017 2553.42
-127.428 31.8725 2427.97
-20.4378 28.3401 2375.88
166.603 -192.501 2258.22
144.296 -975.296 2943.62
113.394 -390.606 2115.78
102.76 -294.782 2489.61
183.019 -652.671 2659.19
86.5528 24.8078 2323.79
9.46315 -132.175 2448.18
FRAME: 50
-45.301 234.105 2304.91
-157.795 -204.486 2484.29
-41.895 -1057.48 2646.17
-240.786 -433.871 2259.05
-44.8085 -308.866 2530.74
-50.6997 -681.53 2559.4
-130.267 30.0372 2413.82
-17.6745 32.6309 2378.84
189.209 -177.66 2315.73
135.301 -983.392 2928.7
118.267 -367.651 2171.44
105.033 -305.414 2484.19
176.289 -661.233 2645.12
94.9182 35.2246 2343.86
6.21892 -137.254 2443.16
FRAME: 51
-32.9658 237.76 2317.68
-160.647 -206.095 2473.51
-30.0652 -1063.29 2648.04
-229.076 -414.636 2233.1
-40.9166 -317.089 2531.36
-18.5339 -745.302 2525.39
-127.433 30.135 2408.66
-13.4701 34.5728 2380.53
203.746 -177.126 2346.24
124.624 -1011.63 2906.55
118.766 -366.696 2190.83
106.603 -311.345 2494.95
162.566 -669.274 2638.85
100.493 39.0105 2352.41
9.6866 -139.822 2446.84
FRAME: 52
0 0 0
0 0 0
0 0 0
0 0 0
0 0 0
0 0 0
0 0 0
0 0 0
0 0 0
0 0 0
0 0 0
0 0 0
0 0 0
0 0 0
0 0 0
FRAME: 53
-11.8738 261.306 2333.78
-146.521 -187.018 2453.36
7.6179 -1044.87 2676.72
-201.551 -441.686 2331.02
-71.9979 -320.036 2540.73
-35.7276 -736.486 2541.84
-122.245 39.2363 2404.51
-6.15662 42.4639 2396.76
215.615 -161.398 2374.47
33.1351 -1004.46 2844.68
137.903 -324.779 2244.4
98.1827 -315.304 2529.37
119.321 -717.616 2562.11
109.932 45.6915 2389
3.46789 -137.603 2465.9
FRAME: 54
0.654201 266.887 2342.46
-149.047 -188.918 2442.17
-13.4565 -1038.34 2682.65
-183.751 -405.314 2326.6
-66.4257 -325.569 2536.89
-3.73373 -712.324 2547.76
-121.489 41.4514 2402.76
-4.46822 47.9157 2405.43
221.641 -152.201 2394.87
13.103 -1003.21 2830.1
137.604 -320.037 2264.23
92.1993 -316.806 2540.5
130.665 -705.337 2582.39
112.553 54.38 2408.09
4.20929 -136.636 2472.06
FRAME: 55
15.029 267.045 2356.59
-135.967 -191.901 2407.95
-19.9948 -1032.59 2679.43
-154.063 -388.454 2340.6
-73.7513 -312.053 2530.16
6.80457 -694.23 2555.7
-115.478 45.3916 2401.53
1.93915 55.312 2419.84
227.723 -127.031 2497.84
35.3904 -1017.42 2788.5
141.093 -303.164 2302.85
99.841 -297.386 2557.23
134.192 -705.875 2602.86
119.356 65.2325 2438.15
7.492 -124.704 2481.76
FRAME: 56
29.8091 270.791 2375.61
-135.455 -189.478 2393.01
-19.2279 -1023.2 2672.17
-145.842 -381.378 2334.4
-66.3101 -297.976 2542.2
10.6108 -683.642 2551.55
-84.0762 54.0686 2417.01
21.42 59.7611 2435.87
231.511 -132.914 2502.86
24.6312 -1036.06 2793.79
146.388 -305.387 2319.67
103.813 -288.796 2572.61
124.419 -702.411 2633.4
126.916 65.4536 2454.73
20.0857 -116.813 2496.64
FRAME: 57
38.2206 271.753 2383.55
-125.209 -189.638 2364.63
-22.2714 -1018.21 2669.68
-83.6364 -264.469 2345.91
-41.9856 -300.658 2546.29
9.94654 -679.003 2559.62
-78.531 51.8313 2420.22
25.3555 61.6524 2443.85
225.707 -129.306 2537.46
29.6597 -1040.9 2782.59
146.824 -302.919 2334.96
105.638 -286.702 2579.87
120.568 -695.059 2649.7
129.242 71.4736 2467.48
28.591 -116.014 2503.47
FRAME: 58
52.8636 274.938 2409.6
-120.641 -183.179 2347.42
-25.616 -1033 2671.6
-28.7336 -255.445 2282.81
-35.9322 -311.866 2552.33
12.6304 -679.13 2567.05
-66.037 46.2013 2429.38
36.6237 55.8152 2464.57
218.393 -127.198 2548.85
32.5626 -1052.69 2790.7
146.05 -300.791 2355.99
100.648 -299.075 2599.14
120.45 -693.069 2678
139.284 65.4292 2499.75
34.4909 -124.828 2520.15
FRAME: 59
0 0 0
0 0 0
0 0 0
0 0 0
0 0 0
0 0 0
0 0 0
0 0 0
0 0 0
0 0 0
0 0 0
0 0 0
0 0 0
0 0 0
0 0 0
FRAME: 60
63.5622 276.512 2422.82
-97.5256 -148.562 2317.84
-28.4684 -1079.89 2666.02
-28.8943 -265.234 2273.42
-30.7239 -312.358 2553.92
14.8223 -694.701 2567.36
-47.474 45.9764 2432.69
47.5032 52.8082 2465.22
220.98 -148.176 2573.79
28.4876 -1079.89 2816.33
151.079 -320.415 2402.02
101.345 -302.858 2599.14
93.2915 -702.668 2688.55
142.48 59.6399 2497.74
41.4068 -127.4 2520.87
FRAME: 61
76.6013 279.006 2436
-76.7935 -162.305 2321.55
-28.3242 -1092.83 2666.92
48.2719 -303.331 2138.68
-6.09294 -315.483 2561.58
14.992 -711.66 2571.31
-27.1572 48.6272 2437.41
60.4842 55.1001 2472.15
220.698 -149.605 2581.5
18.2791 -1101.05 2818.6
160.902 -310.104 2415.43
94.5269 -308.052 2601.47
86.2388 -700.556 2694.02
148.126 61.573 2506.9
52.3506 -128.334 2526.84
FRAME: 62
84.1733 281.266 2443.27
-70.931 -167.48 2319.55
-35.4395 -1086.72 2664.95
37.086 -290.127 2072.35
-12.6432 -309.738 2560.4
11.2664 -704.004 2570.9
-14.2169 50.3966 2438.49
66.1042 56.4815 2486.01
217.876 -149.092 2593.5
21.8611 -1103.98 2824.11
162.172 -316.072 2453.35
79.5303 -302.755 2614.93
97.1945 -703.135 2702.22
146.425 62.5664 2533.53
49.7739 -124.882 2536.84
FRAME: 63
93.3826 281.62 2452.99
-62.7857 -175.213 2326.69
-42.2348 -1074.84 2652.78
46.3114 -327.132 2130.12
-9.80733 -298.463 2553.63
9.04663 -694.101 2562.05
-4.09851 52.4616 2451.56
73.9765 54.4549 2507.51
209.247 -150.357 2622.02
4.92084 -1041.73 2730.94
162.785 -315.561 2457.26
69.1123 -296.448 2610.18
34.8489 -680.639 2586.78
152.052 56.4483 2563.45
51.8145 -121.5 2544.7
FRAME: 64
104.984 278.25 2468.13
-52.8983 -173.284 2328.33
-49.1158 -1061.96 2661.95
2.13216 -237.048 1956.75
-11.923 -295.384 2550.53
4.10386 -691.726 2560.12
4.8442 57.468 2455.64
79.9036 55.7095 2521.11
201.571 -151.627 2642.04
6.93993 -1048.16 2700.79
121.168 -280.816 2460.06
53.8716 -296.925 2607.91
39.231 -689.661 2591.15
154.963 53.951 2586.57
50.439 -120.222 2550.16
FRAME: 65
111.989 276.851 2477.42
-22.8831 -154.223 2329.98
-46.9667 -1064.96 2652.7
33.8181 -261.144 2002.36
-9.87982 -292.465 2557.86
6.49806 -693.541 2556.01
7.17829 60.8194 2462.29
82.4483 58.1964 2528.03
198.687 -156.565 2657.37
6.12346 -1051.9 2710.9
155.707 -295.087 2478.49
51.4038 -294.6 2611.39
41.7631 -691.096 2595.27
157.718 55.5735 2593.78
51.6051 -117.668 2556.33
FRAME: 66
119.711 272.726 2488.27
-37.2501 -137.444 2386.54
-65.6116 -1092.47 2644.63
63.0342 -360.317 2118
-9.75177 -312.687 2544.34
10.1398 -720.046 2562.19
-2.9366 69.2842 2496.78
86.4172 56.1688 2537.41
217.379 -180.226 2646.36
19.6779 -1045.95 2736.21
175.586 -337.298 2484.36
53.5465 -321.978 2573.13
45.0072 -685.622 2619.14
175.771 43.0533 2578.04
54.1573 -130.582 2548.07
FRAME: 67
127.636 269.826 2497.72
-26.1428 -140.429 2383.58
-50.6866 -1084.22 2660.17
56.1459 -261.836 1998.98
-3.08487 -304.408 2558.04
19.2441 -710.864 2572.89
10.0912 63.6602 2485.07
88.9149 54.2049 2543.33
210.844 -185.191 2671.53
1.93086 -1059.3 2765.17
169.923 -356.087 2513.16
45.7519 -310.266 2594.14
35.5877 -697.695 2606.74
167.739 44.7497 2601.59
55.1242 -126.566 2559.71
FRAME: 68
130.209 269.281 2500.1
-21.5555 -143.909 2386.62
-44.8293 -1083.61 2664.74
70.1809 -270.242 1998.61
-1.50336 -300.432 2560.81
23.5178 -706.688 2575.58
16.5971 60.0257 2483.44
90.3217 51.4092 2551.21
207.597 -183.69 2680.37
3.85408 -1061.51 2774.27
183.745 -360.49 2543.38
43.5675 -305.7 2602.23
34.4116 -703.371 2605.97
164.046 42.7928 2618.97
55.6769 -125.828 2566.36
FRAME: 69
138.754 268.812 2510.67
-2.46682 -179.539 2402.77
-47.7084 -1089.82 2688.53
108.989 -317.339 2174.38
-1.07765 -313.617 2591.99
28.04 -715.59 2608.56
32.9448 34.8829 2491.82
87.4187 42.389 2576.63
191.577 -174.934 2701.09
20.7396 -1037.04 2727.49
165.564 -344.321 2549.22
58.2158 -300.204 2693.24
38.2361 -685.342 2595.9
141.893 49.8951 2661.44
57.9939 -132.261 2609.62
FRAME: 70
141.249 268.721 2516.91
2.05693 -186.812 2411.16
-46.974 -1090.86 2690.3
92.0146 -373.363 2397.21
7.89142 -312.801 2603.9
31.6212 -716.007 2612.88
36.7704 31.5529 2488.49
86.5987 43.497 2582.5
179.199 -170.538 2733.24
36.2134 -1033.81 2723.36
174.982 -323.292 2560.91
58.1266 -297.035 2705.71
41.7073 -679.142 2613.11
136.427 55.4411 2676.51
59.8038 -130.711 2618.65
FRAME: 71
143.81 267.885 2523.6
2.83162 -188.292 2416.87
-42.3938 -1090.66 2692.36
94.3513 -363.553 2384.35
6.89246 -313.916 2607.2
36.0607 -716.297 2617.52
37.5079 31.0754 2492.01
85.923 42.5922 2589.93
176.037 -170.6 2741.01
33.0436 -1042.68 2748.67
182.075 -333.111 2554.6
55.0612 -299.359 2708.77
45.831 -693.622 2620.5
134.338 54.109 2687.86
58.4499 -132.023 2623.96
FRAME: 72
147.116 267.65 2534.05
3.50317 -190.324 2416.83
-37.8547 -1090.66 2696.18
106.293 -364.648 2359.74
7.59588 -312.153 2608.7
37.1487 -714.938 2621.26
38.7016 30.2227 2494.93
86.7555 40.7673 2598.96
173.672 -164.881 2745.81
35.4891 -1038.72 2738.08
182.107 -312.538 2562.22
54.2289 -299.324 2711.03
47.6689 -689.75 2621.26
134.809 51.3118 2702.99
58.8339 -132.486 2629.41
FRAME: 73
148.334 267.487 2544.71
2.11583 -191.812 2415.35
-37.3644 -1082.67 2695.72
75.4749 -302.768 2220.55
7.37555 -321.259 2610.44
41.6543 -723.708 2619.57
44.0397 32.4377 2496.18
88.8158 44.5755 2604.18
154.183 -159.119 2780.06
29.004 -1052.94 2789.31
171.115 -322.671 2551.46
55.6289 -306.474 2726.74
75.2619 -699.01 2717.19
133.592 56.7134 2712.18
60.159 -134.646 2636.39
FRAME: 74
149.629 268.304 2546.9
3.014 -192.348 2415.53
-39.8715 -1067.69 2688.24
100.64 -329.258 2255.99
5.50832 -322.909 2604.4
36.2562 -720.089 2613.78
46.7162 35.0623 2494.78
89.096 45.8823 2605.19
160.023 -161.248 2766.13
26.996 -1060.04 2815.81
166.507 -321.908 2547.99
52.3025 -310.046 2724.08
70.1613 -699.889 2702.06
131.476 56.7023 2715.59
59.0007 -135.298 2634.71
FRAME: 75
150.582 268.895 2549.52
2.81029 -184.558 2416.09
-35.9093 -1075.83 2689.12
74.723 -326.005 2224.89
4.61694 -318.343 2599.23
35.2154 -721.469 2608.88
46.9623 40.7544 2494.9
89.1058 50.0047 2611.29
171.268 -171.532 2744.86
16.3989 -1064.65 2834.14
167.986 -332.273 2551.02
50.7527 -307.201 2725.5
66.3125 -705.956 2701.29
131.249 59.2551 2727.69
58.3953 -131.383 2636.83
FRAME: 76
152.394 270.185 2550.6
-1.73531 -183.767 2418.78
-32.055 -1059.36 2697.25
52.9176 -330.596 2226.69
7.098 -321.842 2608.8
32.0737 -711.306 2607.08
46.4019 42.0908 2496.56
92.0019 54.3772 2616.06
183.263 -161.404 2742.4
13.1185 -1043.84 2802.17
168.068 -336.416 2546.58
58.3199 -307.475 2744.31
55.5528 -692.518 2654.41
137.602 66.6636 2735.56
62.3554 -130.14 2646.31
FRAME: 77
155.316 272.61 2562.12
-2.1619 -183.341 2418.58
-33.0788 -1062.81 2688.25
64.0751 -361.03 2263.81
1.30928 -316.524 2606.26
36.2115 -703.986 2599.66
47.0734 42.1976 2501.37
93.8498 50.1293 2617.64
180.239 -168.089 2740.59
5.24311 -1045.95 2787.59
177.909 -341.401 2554.15
51.7312 -306.512 2733.84
40.8441 -695.276 2635.43
140.626 58.061 2733.9
60.185 -130.694 2643.84
FRAME: 78
158.906 275.861 2570.75
-2.88933 -186.364 2418
-28.4114 -1060.98 2687.51
115.858 -370.571 2148.54
-0.133746 -314.217 2604.29
31.8874 -702.416 2596.87
51.0842 42.293 2503.84
100.375 47.2365 2621.44
178.894 -166.372 2744.38
2.66792 -1051.33 2755.35
187.596 -367.796 2579.73
52.7202 -307.853 2731.46
36.1315 -694.211 2600.36
149.666 52.18 2739.04
63.3341 -131.899 2644.66
FRAME: 79
164.272 277.806 2585.91
-9.14904 -191.449 2424.19
-29.8259 -1057.61 2689.06
29.2273 -369.644 2272.97
1.42093 -316.101 2603.55
33.4771 -706.851 2595.58
55.2488 39.755 2508.24
103.96 42.7772 2625.12
177.995 -174.031 2753.69
1.31168 -1061.31 2774.31
211.202 -402.469 2629.43
53.8209 -312.006 2729.51
58.3294 -705.748 2662.51
152.67 45.7995 2742
65.7902 -135.638 2645.82
FRAME: 80
169.01 275.616 2603.27
-7.8694 -199.547 2436.3
-34.8111 -1070.7 2680.08
39.1273 -373.734 2287.11
6.41523 -324.599 2604.67
44.4451 -721.97 2592.76
59.943 34.3427 2512.7
106.573 36.3387 2628.96
174.841 -188.473 2772.13
12.3432 -1074.02 2803.03
216.705 -409.445 2668.65
55.7921 -322.003 2726.92
67.4868 -721.54 2692.82
153.202 38.3348 2745.23
68.8381 -143.481 2647.38
FRAME: 81
171.624 271.356 2614.55
-0.776164 -193.411 2441.9
-26.7871 -1093.58 2684.06
48.2354 -352.925 2278.65
12.2813 -327.255 2600.11
50.2809 -727.182 2597.18
60.9743 39.5274 2519.59
105.559 36.9816 2642.23
166.693 -188.779 2786.22
27.3059 -1077.27 2864.35
223.28 -433.921 2717.69
57.0334 -329.753 2722.25
73.718 -730.331 2717.38
150.143 34.4357 2764.88
70.1079 -145.761 2651.71
FRAME: 82
170.191 267.616 2627.35
1.2044 -195.236 2436.72
-25.9171 -1079.99 2681.85
73.6126 -356.845 2273.99
10.7801 -330.792 2599.18
51.9663 -727.563 2592.85
70.4135 28.4951 2527.78
106.072 26.9294 2647.64
88.9671 -154.066 2865.14
17.7229 -1112.2 2829.19
180.284 -410.392 2841.98
49.9421 -332.283 2731.86
98.1875 -749.943 2745.85
141.731 25.3637 2767.5
68.2165 -152.304 2656.58
FRAME: 83
169.947 262.959 2638.72
2.13024 -186.196 2441.5
-26.2038 -1097.01 2675.44
95.3425 -366.316 2307.42
18.9508 -332.91 2596.93
43.7792 -713.456 2645.46
76.002 30.8391 2529.71
108.95 28.0047 2651.68
100.25 -181.046 2840.19
23.9352 -1106.1 2855.29
212.009 -432.449 2842.8
54.9838 -335.761 2729.66
96.1927 -740.126 2767.71
141.898 25.1703 2773.65
72.9587 -153.165 2657.49
FRAME: 84
169.706 260.596 2645.43
12.3538 -196.936 2434.14
-24.0111 -1093.98 2676.01
123.863 -331.034 2273.61
16.9168 -340.762 2593.55
58.595 -738.453 2613.96
79.336 26.8012 2532.99
108.161 23.7201 2654.58
81.1862 -169.233 2878.03
24.6329 -1124.22 2881.29
83.4022 -395.908 3009.69
50.0848 -344.122 2734.54
104.257 -762.261 2778
136.986 20.6389 2776.18
70.8309 -159.361 2659.31
FRAME: 85
167.866 257.681 2653.17
25.8811 -194.663 2434.17
-19.7473 -1101.5 2682.56
151.64 -322.965 2282.23
22.9102 -345.733 2591.15
72.0228 -752.7 2592.56
84.5669 23.4276 2533.92
108.745 21.0087 2656.44
76.6809 -177.656 2874.7
32.4369 -1142.79 2871.25
88.5215 -398.505 2999.88
51.6297 -348.449 2737.01
100.732 -768.801 2785.06
132.924 18.5897 2778.96
73.0076 -163.041 2660.26
FRAME: 86
166.432 254.635 2661.78
44.4363 -199.197 2436.85
-18.7325 -1102.1 2681.73
193.718 -322.126 2294.12
28.2376 -351.077 2587.4
83.4668 -757.18 2592.9
88.9484 23.2945 2536.75
108.511 20.8489 2659.38
68.4433 -179.839 2877.74
38.5944 -1148.92 2872.05
89.9525 -395.599 3000.68
52.4816 -353.968 2739.61
103.267 -772.907 2788.49
128.073 18.4032 2782
74.4352 -165.837 2661.44
FRAME: 87
163.206 252.914 2674.05
64.4866 -205.309 2450.21
-12.6318 -1099.61 2680.9
218.47 -312.573 2293.71
32.092 -356.755 2587.24
95.7251 -762.557 2595.73
92.5682 20.6701 2540.36
108.379 18.7748 2661.56
63.7828 -181.658 2881.52
48.8297 -1153.78 2873.25
94.1755 -392.065 3008.72
52.3675 -359.012 2742.21
105.761 -775.393 2795.85
124.189 16.8795 2782.76
75.3043 -169.554 2663.14
FRAME: 88
155.978 255.258 2687.77
88.927 -198.855 2449.81
-13.7327 -1102.23 2671.05
239.919 -321.252 2294.39
37.9226 -355.403 2586.41
106.433 -766.175 2592
95.6959 26.4334 2542.02
108.355 23.7861 2665.36
60.7509 -187.213 2874.8
59.4636 -1156.17 2864.86
104.959 -389.504 3003.85
53.9355 -358.636 2741.81
105.666 -771.176 2800.32
121.014 21.1388 2788.7
77.142 -166.617 2664.73
FRAME: 89
152.416 257.261 2695.22
105.574 -196.86 2448.92
-12.2065 -1108.27 2674.66
268.341 -344.614 2306.64
42.9493 -358.516 2587.52
107.941 -768.028 2594.74
98.1645 23.0063 2543.12
106.699 21.6908 2665.97
54.0224 -180.465 2882.39
59.3982 -1133.18 2933.52
107.955 -382.27 2998.1
53.879 -360.127 2744.89
107.542 -775.7 2810.51
115.234 20.3754 2788.82
77.5568 -168.815 2666.09
FRAME: 90
146.666 260.711 2701.96
118.492 -196.046 2450.64
-8.20732 -1110.24 2670.85
268.71 -349.621 2300.38
48.8435 -356.253 2589.12
115.926 -771.042 2594.66
102.809 26.8358 2547.57
107.695 25.2519 2670.48
55.5718 -183.491 2881.79
69.0366 -1143.28 2923.01
113.312 -376.79 3011.08
55.2274 -358.194 2746.95
107.537 -770.543 2813.76
112.582 23.6679 2793.4
79.8654 -165.986 2669.26
FRAME: 91
143.66 263.373 2704.77
132.833 -197.256 2452.04
-7.61222 -1106.72 2666.2
269.841 -353.078 2317.03
53.2182 -358.823 2588.72
119.216 -769.179 2594.16
107.968 29.8538 2551.42
108.729 28.46 2672.1
85.022 -179.816 2807.87
65.4985 -1122.49 2894.05
133.854 -352.379 2916.48
54.2878 -360.57 2747.56
113.25 -769.554 2796.15
109.49 27.0661 2792.79
81.2408 -165.618 2670.12
FRAME: 92
136.974 266.506 2708.28
151.206 -198.871 2454.51
-11.7833 -1105.56 2670.83
270.981 -340.086 2328.91
62.4628 -358.997 2585.18
122.335 -768.285 2593
113.908 34.0165 2555.77
109.398 32.034 2675.22
96.6839 -172.792 2794.84
72.7786 -1118.95 2865.65
167.743 -325.217 2793.81
56.3471 -361.648 2748.69
115.918 -765.148 2798.72
104.888 30.0516 2794.66
84.4016 -164.144 2671.08
FRAME: 93
130.746 269.454 2711.73
153.4 -198.633 2451.95
-11.1371 -1099.03 2666.93
260.272 -333.894 2335.99
66.5126 -356.62 2584.2
123.873 -766.647 2591.34
114.056 35.0398 2554.48
106.845 33.1383 2675.91
94.6764 -167.079 2791.29
75.1219 -1119.97 2900.59
178.672 -302.888 2772.41
56.6571 -359.2 2750.39
115.895 -763.694 2798.02
99.6344 31.2368 2797.35
84.2149 -162.386 2671.6
FRAME: 94
122.541 272.87 2716.33
159.313 -187.57 2441.54
-17.4742 -1094.09 2664.73
292.062 -275.457 2306.93
69.959 -358.466 2583.85
128.985 -766.633 2589.15
116.074 37.4473 2553.22
107.422 35.7866 2675.84
93.3498 -164.873 2804.25
71.9992 -1115.12 2888.67
196.926 -290.419 2720.21
58.2284 -360.693 2751.36
115.009 -759.307 2809.93
98.7697 34.1259 2798.46
85.7578 -161.896 2671.72
FRAME: 95
122.088 273.177 2713.85
163.384 -177.959 2430.82
-17.2936 -1094.35 2664.36
322.704 -223.771 2290.91
73.7488 -360.035 2581.85
131.601 -764.107 2585.44
114.818 37.5164 2555.17
105.691 35.0885 2678.03
120.684 -159.162 2749.14
69.6848 -1119.18 2891.21
241.205 -257.441 2560.77
61.1626 -363.356 2753.24
116.503 -752.12 2792.71
96.5632 32.6606 2800.88
86.5732 -163.303 2672.78
FRAME: 96
119.882 273.053 2713.74
160.93 -182.265 2433.01
1.67474 -1104.42 2710.71
335.712 -191.999 2268.25
78.9051 -359.442 2604.59
137.396 -766.688 2607.5
121.406 33.1035 2583.24
107.383 31.1895 2672.48
118.497 -161.966 2746.47
67.6795 -1089.3 2868.25
205.008 -260.363 2636.5
60.2166 -362.046 2731.03
116.366 -754.86 2787.97
93.3597 29.2754 2761.73
88.4717 -164.777 2670.15
FRAME: 97
119.927 271.447 2709.67
159.382 -175.932 2427.42
5.9965 -1109.42 2695.27
338.329 -174.508 2271.38
80.3395 -356.254 2575.75
132.408 -767.407 2583.41
117.926 40.6814 2550.34
105.246 37.2463 2677.51
84.4958 -163.928 2835.18
66.1862 -1096.59 2848.92
165.303 -322.914 2766.15
62.8737 -360.978 2751.02
117.605 -755.858 2788.92
92.5659 33.8112 2804.68
88.4263 -160.685 2670.45
FRAME: 98
114.572 271.913 2703.51
154.549 -178.912 2429.85
-7.97752 -1099.7 2690.38
333.182 -198.419 2275.76
81.5437 -362.331 2574.98
136.853 -771.482 2580.58
116.642 38.5726 2563.27
106.368 35.6988 2675.31
108.466 -160.081 2825.77
71.1968 -1099.46 2867.18
218.044 -283.104 2725.52
63.4502 -366.199 2750.77
122.056 -755.798 2772.76
96.0942 32.825 2787.35
89.4325 -164.283 2669.09
FRAME: 99
107.898 269.147 2695.31
145.846 -182.118 2424.57
-6.60026 -1103.92 2687.09
312.438 -218.301 2250.81
81.589 -363.302 2574.27
145.967 -778.162 2571.91
117.147 41.1125 2552.12
106.339 39.2502 2669.38
103.222 -146.648 2819.11
81.3448 -1084.16 2868.86
191.833 -253.084 2655.87
65.008 -365.307 2749.31
122.625 -753.943 2772.77
95.5314 37.3878 2786.64
89.8189 -162.527 2665.59
FRAME: 100
91.6267 261.176 2680.21
138.084 -189.522 2412.76
-1.02983 -1112.16 2683.2
302.594 -217.476 2235.5
79.9086 -364.938 2571.76
148.506 -779.688 2565.75
113.436 38.1249 2535.7
103.932 38.5038 2659.63
110.102 -138.521 2761.25
90.0761 -1090.59 2874.36
188.924 -238.481 2691
66.3986 -363.702 2749.21
123.875 -756.871 2807.03
94.4273 38.8828 2783.56
88.5427 -162.908 2660.06
FRAME: 101
81.4704 256.997 2666.45
125.669 -202.432 2403.17
-13.3777 -1111.53 2672.32
288.332 -225.86 2202.86
78.9705 -373.899 2571.21
151.259 -784.598 2560.15
105.249 28.7253 2517.54
99.2169 31.8152 2647.85
143.173 -150.926 2704.29
115.394 -1051.17 2778.26
209.171 -237.293 2492.75
70.8741 -368.896 2746.13
131.12 -765.538 2795.61
93.1852 34.9052 2778.15
87.0696 -169.791 2653.26
FRAME: 102
73.6673 256.177 2646.66
117.179 -208.3 2394.16
-2.8261 -1119.96 2674.18
269.335 -209.802 2182.9
75.6546 -376.333 2566.45
147.93 -783.901 2555.73
89.2622 24.7828 2497.2
87.7579 29.9699 2639.67
114.161 -153.742 2731.46
101.996 -1067.61 2812.66
203.68 -237.684 2585.06
73.803 -369.281 2744.55
135.133 -765.39 2767.38
86.2535 35.157 2782.13
81.2434 -171.419 2647.58
FRAME: 103
57.8505 253.509 2611.84
107.061 -215.013 2394.52
-7.88729 -1118.33 2665.24
248.135 -218.435 2183.14
72.1148 -378.643 2564.04
148.295 -782.998 2551.42
77.1427 21.84 2485.37
80.4461 29.3892 2631.25
112.414 -157.711 2731.45
105.116 -1067.33 2804.39
190.689 -233.981 2573.85
75.9399 -368.971 2742.31
133.274 -755.728 2726.21
83.7495 36.9383 2777.12
77.2367 -172.209 2642.21
FRAME: 104
51.6111 256.528 2590.1
84.4326 -214.579 2386.58
2.8066 -1126.86 2667.75
178.112 -205.066 2145.4
70.8983 -376.567 2563.24
138.583 -784.581 2556.07
62.2361 20.3409 2471.68
71.9585 28.282 2623.04
100.11 -162.158 2748.56
88.1755 -1079.23 2834.24
187.688 -248.58 2521.96
80.5762 -366.564 2725.29
136.589 -763.16 2704.17
81.6808 36.2231 2774.39
73.8478 -171.642 2633.65
FRAME: 105
31.013 266.498 2556.19
20.3677 -214.204 2398.04
5.08513 -1124.46 2662.13
79.478 -248.907 2149.3
64.1957 -371.817 2563.24
121.122 -770.791 2550.43
29.1445 20.1052 2460.69
54.1371 30.5064 2613.81
87.2711 -163.356 2775.44
81.8792 -1076.68 2872.39
169.253 -278.321 2637.33
87.1889 -360.433 2710.95
149.373 -752.561 2708.25
79.1296 40.9076 2766.93
64.9147 -167.809 2625.45
FRAME: 106
10.2148 288.685 2507.89
-31.4741 -174.01 2422.19
-1.76658 -1095.14 2660.74
-31.2081 -256.008 2177.72
53.2775 -346.304 2553.5
84.95 -739.774 2547.34
-7.67377 53.4185 2450.42
51.0607 66.4631 2558.9
117.679 -138.903 2740.28
62.481 -1051.97 2882.47
181.674 -221.023 2626.39
114.595 -330.665 2656.45
146.316 -719.21 2723.56
109.795 79.5077 2667.37
67.4985 -136.011 2581.94
FRAME: 107
2.46709 295.465 2480.61
-56.4012 -159.914 2423.4
-5.17102 -1080.1 2673.81
-80.4437 -266.338 2148.06
29.5575 -325.012 2553.86
52.0034 -718.285 2557.98
-30.8482 70.6751 2446.14
47.8961 90.1548 2520.44
232.757 142.438 2408.61
72.6424 -1038.7 2853.05
212.667 357.838 2391.34
130.228 -299.5 2645.9
172.697 -682.993 2720.09
126.64 109.635 2594.74
63.8945 -111.051 2560.16
FRAME: 108
-5.86203 299.266 2462.33
-95.3923 -116.904 2456.55
-7.37788 -1072.31 2682.35
-111.814 -299.825 2180.57
17.0543 -300.908 2557.65
46.844 -703.18 2566.82
-65.5643 105.18 2462.76
37.081 123.879 2497.85
253.165 161.437 2313.24
70.7546 -1029.06 2899.52
218.718 386.754 2159.65
136.591 -278.727 2602.99
173.8 -680.801 2732.11
139.726 142.579 2532.95
56.9518 -82.969 2539.09
FRAME: 109
-6.09433 295.756 2446.81
-91.6828 -147.926 2451.65
-7.82921 -1075.42 2710.1
-139.193 -348.123 2217.48
6.70459 -296.579 2577.03
26.1452 -700.111 2599.79
-80.2271 100.355 2471.1
24.751 118.053 2484.54
245.513 133.031 2262.21
91.5241 -1012.23 2914.44
215.841 282.934 2036.42
141.905 -272.975 2597.34
179.222 -671.151 2714.73
129.729 135.751 2497.99
49.528 -83.3624 2535.86
FRAME: 110
-12.7306 285.475 2431.72
-102.561 -163.804 2455.68
-7.86726 -1058.87 2717.59
-154.248 -382.391 2268.73
-2.4039 -288.84 2583.25
19.4957 -689.287 2604.49
-85.0831 82.1803 2455.01
22.7393 100.552 2467.32
227.938 85.9166 2263.94
119.52 -1003.89 2927.52
201.103 81.0799 1965.33
144.985 -263.582 2599.79
183.404 -666.521 2708.59
130.562 118.924 2479.63
47.015 -87.8294 2529.42
FRAME: 111
-21.5599 275.358 2417.19
-113.429 -188.769 2452.14
-10.7068 -1054.85 2746.27
-196.546 -419.917 2269.46
-11.0153 -273.471 2604.07
15.4356 -681.455 2626.54
-102.26 71.2862 2446.87
11.8533 83.1288 2433.1
219.676 -16.7857 2262.18
134.134 -1009.32 2914.44
201.362 -26.0219 1970.34
147.856 -256.788 2584.67
190.281 -669.855 2686.04
125.967 94.9713 2419.34
40.1367 -91.0003 2513.74
FRAME: 112
-32.3757 259.107 2386.18
-116.07 -208.555 2477.53
-1.10443 -1044.76 2730.51
-222.499 -440.533 2327.03
-9.09764 -268.483 2611.8
18.8471 -680.537 2615.51
-102.105 48.016 2444.07
3.85477 59.1217 2422.27
175.951 -113.515 2259.05
144.043 -985.775 2915.76
158.804 -283.812 2025.26
152.905 -251.44 2578.68
194.795 -650.94 2683.45
109.815 70.2273 2400.48
37.8791 -100.42 2508.76
FRAME: 113
-35.016 248.346 2366.04
-119.03 -205.714 2503.78
-2.87621 -1028.56 2700.55
-224.133 -441.057 2382.69
-8.76072 -285.044 2604.56
16.2501 -682.52 2595.62
-106.244 34.378 2441.13
-5.38024 40.9863 2407.29
159.958 -139.616 2248.62
147.941 -977.771 2937.38
132.85 -382.003 2073.58
151.751 -274.767 2549.8
191.591 -644.927 2666.35
95.4838 47.5945 2373.44
33.0574 -119.46 2492.23
FRAME: 114
-37.0813 234.233 2348.56
-128.332 -208.681 2516.12
-0.598985 -1007.16 2679.72
-236.449 -445.455 2379.39
-14.4064 -285.651 2603.38
8.76227 -665.43 2569.9
-109.513 17.4476 2430.51
-10.775 20.7821 2394.83
155.754 -175.735 2257.38
162.1 -979.445 2932.01
117.784 -435.532 2120.65
141.252 -281.236 2545.54
196.493 -645.213 2668.92
87.9633 24.1166 2359.14
26.3239 -131.331 2484.64
FRAME: 115
-39.3047 225.798 2335.93
-129.528 -218.037 2529.39
1.91131 -987.189 2665.68
-235.926 -457.627 2410.04
7.48258 -293.548 2606.49
4.73321 -663.846 2567.6
-109.475 7.73816 2435.22
-15.3871 9.55798 2391.47
146.421 -207.76 2277.21
165.932 -974.304 2921.41
99.3641 -461.901 2164.97
137.78 -292.301 2544.01
202.192 -644.989 2676.2
78.7009 11.3778 2347.72
28.6221 -141.683 2483.36
FRAME: 116
-39.9072 215.642 2322.9
-129.685 -219.328 2528.71
-0.275511 -973.997 2677.12
-237.461 -467.933 2409.6
11.6741 -300.355 2605.21
2.29633 -677.742 2581.05
-109.662 -1.15913 2424.88
-15.1851 0.399534 2384.74
153.448 -236.831 2298.71
168.877 -980.909 2926.9
93.4709 -475.659 2203.89
127.643 -298.402 2556.57
201.533 -651.662 2678.64
79.2921 1.9582 2344.6
27.2366 -149.49 2482.81
FRAME: 117
-39.7359 212.286 2314.82
-127.586 -223.369 2533.37
-2.6155 -983.862 2675.44
-229.008 -478.568 2424.14
11.059 -308.26 2610.87
-3.6769 -679.42 2587.8
-107.037 0.385685 2432.22
-16.1811 -2.1713 2384.95
148.615 -247.478 2311.54
168.305 -981.514 2935.76
85.9759 -482.799 2212.09
127.98 -311.847 2549.56
205.099 -652.16 2686.08
74.6751 -4.72828 2337.69
26.6693 -156.112 2482.58
FRAME: 118
-39.7188 208.419 2306.46
-130.229 -227.518 2536.15
-8.99764 -967.717 2665
-219.348 -482.185 2412.25
6.1252 -310.588 2615.07
-1.35639 -690.839 2608.45
-107.863 -1.8226 2432.01
-15.2765 -5.63358 2384.18
153.598 -251.218 2325.12
166.289 -982.066 2936.06
92.2704 -477.344 2225.35
131.941 -316.56 2548.58
201.311 -661.125 2689.18
77.3102 -9.44455 2336.34
26.8783 -159.604 2483
FRAME: 119
-37.9929 205.824 2302.45
-131.759 -227.687 2537.74
-3.17316 -967.524 2659.11
-206.631 -483.833 2401.29
5.18821 -312.701 2618.18
-1.33197 -696.789 2609.95
-105.772 -1.53078 2432.22
-11.3633 -9.30826 2381.86
161.765 -255.573 2343.31
160.492 -981.086 2937.55
93.4017 -468.099 2263.28
130.463 -323.911 2549.8
192.987 -663.489 2690.3
83.0458 -17.0857 2331.49
28.2311 -163.807 2482.92
FRAME: 120
-34.0869 203.716 2297.31
-134.321 -228.88 2527.31
-1.19889 -941.849 2650.23
-203.956 -489.351 2384.7
-1.36506 -316.525 2615.26
-11.0216 -701.916 2615.3
-101.343 -1.54559 2424.51
-1.62496 -8.9489 2380.97
171.562 -249.406 2365.71
155.286 -992.355 2940.15
95.3048 -459.192 2278.91
127.373 -326.322 2558.5
185.094 -681.437 2684.01
98.0928 -16.3522 2337.42
30.6894 -165.186 2483.92
FRAME: 121
-27.6687 206.493 2299.23
-136.698 -238.073 2514.41
-3.03721 -973.072 2668.44
-198.504 -488.332 2365.73
-6.48778 -318.885 2609.45
-16.3182 -711.839 2600.06
-103.463 -3.22898 2424.94
1.8339 -8.17579 2387.08
179.448 -248.727 2372.68
152.413 -996.859 2947.8
97.3525 -441.723 2300.46
122.805 -325.019 2562.88
174.992 -676.439 2662.84
107.131 -13.1226 2349.23
29.9962 -165.064 2486.63
FRAME: 122
-23.6675 210.055 2296.54
-141.047 -241.155 2505.13
-1.29083 -982.447 2674.61
-188.895 -491.705 2326.52
-9.97507 -313.249 2612.16
2.03534 -695.241 2588.14
-108.701 -0.525959 2418.35
2.85479 -1.23068 2386.35
188.521 -230.899 2394.06
145.525 -1001.9 2936.44
96.2473 -423.508 2310.88
130.415 -314.107 2572.05
177.639 -681.318 2668.46
114.411 -1.93541 2354.34
31.5373 -157.454 2489.22
FRAME: 123
-15.6643 214.994 2296.39
-141.339 -230.482 2479.55
3.97405 -989.58 2659.37
-173.633 -482.132 2307.18
-29.4999 -292.855 2615.75
-10.0585 -670.258 2551.25
-103.595 8.89428 2413.83
6.37928 3.64141 2385.67
206.725 -211.597 2417.7
139.556 -997.052 2938.98
102.25 -402.404 2318.84
125.201 -300.661 2575.83
178.237 -673.14 2667.31
116.354 -1.61147 2357.52
27.1148 -146.558 2490.73
FRAME: 124
-9.85582 221.1 2295.38
-144.48 -234.302 2457.08
-2.2594 -981.431 2663.8
-166.605 -471.049 2269.69
-56.1407 -303.904 2588.46
-9.82756 -669.208 2547.77
-104.15 11.6375 2398.12
7.88689 11.9886 2385.92
208.594 -202.95 2433.83
140.643 -1003.32 2930.83
97.6587 -392.3 2325.43
127.048 -302.439 2571.63
179.944 -676.388 2659.58
119.924 12.3398 2373.72
21.6702 -145.592 2482.98
FRAME: 125
-1.38382 233.867 2296.83
-138.238 -233.518 2449.53
-6.36588 -996.165 2662.94
-138.315 -431.325 2232.58
-56.4153 -299.889 2578.84
5.29222 -666.37 2543.45
-100.601 16.6448 2386.97
11.1035 21.5888 2384.65
211.747 -176.152 2461.99
131.241 -1008.58 2931.52
90.9104 -379.448 2362.04
121.546 -291.573 2576.57
179.271 -678.69 2660.92
122.808 26.5329 2382.33
21.8344 -137.071 2481.18
FRAME: 126
12.4163 250.172 2308.07
-125.409 -224.128 2436.35
-8.4057 -1001.58 2656.77
-107.425 -427.038 2255.13
-54.7425 -295.946 2564.18
12.8209 -659.695 2537.9
-94.4271 23.0774 2378.57
14.4917 32.0507 2388.08
211.083 -164.472 2487.86
121.881 -1008.81 2927.73
79.7621 -370.88 2365.54
107.821 -282.382 2579.02
176.808 -677.654 2661.94
123.411 41.0239 2397.59
20.5155 -128.557 2479.84
FRAME: 127
22.6979 259.686 2316.44
-117.517 -223.545 2420.68
-18.1872 -1015.89 2662.6
-58.6866 -423.165 2223.63
-46.0922 -301.598 2551.36
17.0749 -669.973 2539.87
-88.4077 24.1677 2371.16
18.7466 37.7969 2392.47
211.032 -154.044 2512.04
106.417 -1012.85 2918.84
87.8895 -333.314 2385.22
100.122 -283.029 2580.72
172.454 -678.725 2657.87
125.901 51.4262 2413.79
22.8809 -127.258 2479.26
FRAME: 128
31.3829 265.015 2320.66
-108.405 -214.895 2399.5
-28.0557 -1044.49 2663.92
-81.9918 -406.645 2173.08
-43.603 -305.562 2544.26
14.6325 -691.116 2542.7
-81.1453 28.5121 2366.97
22.4769 43.508 2396.99
208.658 -147.28 2527
95.8662 -1011.19 2918.99
71.4113 -324.724 2402.53
91.1062 -285.949 2583.68
157.326 -684.472 2668.58
126.099 58.5039 2427.01
23.1143 -126.124 2480.48
FRAME: 129
38.4593 267.59 2324.98
-98.5808 -211.021 2372.88
-33.0888 -1061.56 2652.66
-82.5484 -400.165 2116.57
-49.7176 -303.452 2536.69
16.1944 -696.853 2532.96
-71.6174 32.5955 2368.04
28.3711 45.6507 2403.19
205.016 -150.388 2533.59
83.7644 -1013.93 2912.14
79.9421 -318.678 2386.6
84.8385 -286.101 2584.58
147.805 -684.368 2677.85
128.36 58.7059 2438.34
22.9658 -124.563 2481.91
FRAME: 130
42.7269 268.02 2327.68
-100.497 -209.204 2356.58
-39.2827 -1054.24 2654.11
-150.255 -326.697 1971.52
-48.4049 -310.231 2523.27
8.80321 -703.164 2532.3
-65.089 32.0644 2363.17
31.8678 46.5787 2405.66
198.744 -147.639 2551
74.0878 -1027.87 2886.2
73.7433 -318.374 2383.16
86.5344 -290.078 2582.67
149.696 -693.587 2686.82
128.825 61.093 2448.16
25.4663 -126.788 2479.32
FRAME: 131
53.022 267.824 2334.98
-94.0176 -213.246 2349.97
-40.6876 -1058.87 2649.43
-152.497 -290.001 1947.13
-43.5226 -320.784 2508.77
0.606488 -706.37 2528.74
-51.907 32.2965 2357.92
41.0939 47.2699 2409.18
188.426 -145.187 2566.68
63.7994 -1021.79 2862.06
87.9146 -309.196 2437.23
90.3592 -299.227 2583.03
148.789 -693.627 2689.85
134.095 62.2434 2460.45
32.2561 -131.368 2477.54
FRAME: 132
62.2283 269.03 2342.56
-95.1982 -213.998 2337.62
-41.4724 -1055.08 2656.37
-95.3424 -345.729 2007.48
-37.3522 -323.914 2509.09
2.43414 -712.968 2528.82
-49.0581 30.3201 2359.51
43.3554 46.0605 2414.3
183.275 -148.993 2568.86
54.7431 -1013.14 2866.38
88.4635 -335.941 2393.97
87.6458 -302.383 2584.31
142.554 -693.504 2698.29
135.769 61.8009 2469.1
34.2511 -133.544 2480.5
FRAME: 133
78.6971 268.318 2358.71
-86.1441 -218.61 2327.51
-43.734 -1069 2648.79
-110.006 -297.799 2005.26
-33.0281 -326.962 2506.03
2.71484 -714.989 2526.42
-34.9906 30.6758 2361.64
49.9174 45.7688 2422.62
177.872 -151.609 2574.97
46.2876 -1012.45 2849.96
79.8145 -343.126 2429.18
81.1713 -306.54 2588.67
131.904 -697.972 2693.89
134.825 60.8618 2483.59
36.9945 -135.491 2484.99
FRAME: 134
87.461 270.512 2363.47
-82.8328 -221.55 2336.76
-50.0934 -1058.92 2648.3
-98.1864 -298.646 1991.96
-29.7116 -325.459 2508.84
1.08596 -714.861 2532.14
-25.619 30.1097 2369.95
55.6933 44.1126 2436.88
173.763 -154.539 2589.35
25.2514 -1022.67 2856.44
111.101 -342.555 2434.5
75.6099 -307.289 2595.59
124.883 -700.924 2701.33
137.006 58.1154 2503.82
39.3212 -136.131 2494.55
FRAME: 135
97.3951 270.668 2370.9
-82.4113 -207.575 2341.46
-58.3773 -1058.26 2643.48
-91.3531 -313.744 2008.33
-32.0556 -321.885 2515.67
5.9163 -716.079 2529.76
-15.7419 32.7667 2377.54
63.4195 45.819 2449.41
175.297 -159.332 2585.95
18.4832 -1028.37 2855.88
116.938 -358.993 2444.06
71.5713 -304.588 2610.61
108.807 -706.158 2715.79
142.581 58.8714 2521.27
41.5887 -133.709 2506.27
FRAME: 136
107.65 272.261 2376.95
-82.43 -195.834 2367.01
-58.2224 -1059.1 2643.42
-82.3207 -279.134 1980.37
-35.8525 -320.073 2521.55
9.80723 -712.233 2531.07
-10.6316 35.5549 2383.46
66.5289 47.7388 2456.42
177.291 -161.356 2590.43
7.33708 -1035.44 2847.61
111.094 -351.355 2428.76
66.9675 -303.524 2619.4
97.8083 -701.373 2719.75
143.689 59.9227 2529.37
41.0432 -132.03 2513.45
FRAME: 137
119.867 277.183 2391.31
-72.7561 -180.755 2391.51
-59.2816 -1060.63 2646.1
-30.3728 -321.175 2082.27
-27.7025 -318.285 2533.5
11.6359 -715.169 2534.93
-0.582239 46.0073 2400.59
70.9684 55.2574 2468.45
181.437 -162.428 2588.9
6.13504 -1039.47 2841.08
133.933 -353.214 2462.89
61.4599 -306.841 2617.91
94.4206 -705.844 2713.45
142.519 64.5075 2536.3
43.9236 -128.653 2522.08
FRAME: 138
124.379 277.497 2405.11
-68.2565 -184.233 2389.43
-53.8761 -1060.76 2649.78
-11.2265 -311.7 2122.48
-28.39 -312.105 2535.7
14.1074 -708.275 2538.08
3.49568 47.3791 2407.61
75.4042 54.7388 2476.96
183.228 -161.191 2604.37
5.6436 -1034.35 2808.2
122.323 -343.324 2437.65
59.0529 -303.339 2619.8
76.5745 -691.22 2701.75
147.313 62.0985 2546.31
45.3678 -126.492 2527.35
FRAME: 139
134.11 277.948 2424.67
-52.4714 -178.55 2404.18
-51.3049 -1068.39 2656.01
-3.72119 -301.893 2093.44
-23.9617 -308.942 2539.37
22.5706 -708.751 2557.53
14.7289 47.7772 2419.73
83.2804 52.9156 2498.74
189.997 -165.101 2629.48
4.84988 -1042.32 2816.21
122.303 -333.17 2443.99
50.8738 -303.431 2625.77
76.4976 -689.984 2706.51
151.832 58.054 2577.74
48.3682 -126.636 2540.66
FRAME: 140
145.858 275.895 2449.29
-40.33 -179.213 2437.94
-48.3737 -1072.7 2665.78
9.93894 -328.066 2139.67
-11.7037 -310.818 2557.05
27.2343 -716.593 2578.33
28.2778 45.4126 2439.86
92.5139 48.859 2521.07
191.053 -169.942 2651.52
-3.59891 -1051.68 2847.97
132.162 -338.165 2487.88
48.2954 -307.707 2633.33
67.5428 -696.241 2707.58
156.75 52.3053 2602.27
55.4049 -130.202 2558.13
FRAME: 141
150.917 273.661 2469.18
-42.0644 -167.628 2462.04
-51.0237 -1070.02 2664.55
20.8089 -332.594 2152.15
-14.5721 -312.586 2561.54
32.8427 -712.047 2581.42
34.6934 49.5086 2452.38
96.0812 50.577 2530.89
196.442 -173.501 2660.3
-4.3854 -1056.41 2834
133.242 -336.857 2488.04
44.8682 -311.8 2637.49
39.6779 -698.924 2643.49
157.469 51.6454 2609.39
55.6146 -130.808 2565.2
FRAME: 142
154.198 272.692 2478.63
-32.2303 -194.407 2444.32
-51.5111 -1084.11 2664.04
-9.67296 -393.719 2289.68
-7.06687 -313.83 2561.08
37.0942 -723.745 2591.62
44.5096 30.6735 2432.97
102.939 40.9845 2532.98
188.06 -173.876 2689.52
-1.67249 -1054.74 2846.38
143.568 -323.102 2489.73
40.8518 -309.876 2639.45
38.5095 -699.906 2655.07
161.368 51.2955 2632.98
59.9155 -135.434 2566.62
FRAME: 143
157.504 271.328 2488.37
-32.8445 -178.693 2469.68
-50.0543 -1072.8 2661.2
-3.36724 -388.215 2273.16
-9.11899 -309.41 2561.62
41.0137 -716.888 2591.22
44.0969 42.111 2451.7
102.337 44.8597 2549.63
184.182 -170.038 2710.79
4.32597 -1058.64 2873.98
147.458 -327.267 2508.36
42.8982 -308.291 2647.2
42.4232 -704.461 2676.2
160.578 47.6085 2647.55
59.6135 -131.995 2577.02
FRAME: 144
159.654 269.613 2493.46
-22.3306 -189.275 2477.27
-54.4013 -1070.05 2657.53
8.38392 -378.413 2245.77
-12.9166 -309.274 2565.19
39.4642 -715.077 2591.71
44.7244 48.7008 2466.13
102.173 46.8153 2560.59
181.641 -170.158 2717.48
2.75446 -1054.95 2859.11
144.142 -316.236 2512.02
38.4265 -310.918 2649.78
48.7169 -709.076 2684.13
159.621 44.9299 2655.05
57.4639 -131.64 2584.04
FRAME: 145
161.26 269.698 2497.63
-23.2847 -182.52 2475.35
-53.7479 -1073.88 2674.02
-14.9403 -317.246 2114.9
-13.8731 -308.77 2567.59
39.0906 -715.044 2593.54
44.3382 53.2333 2471
102.464 49.7812 2567.19
179.358 -171.491 2739.67
-0.515374 -1057.83 2857.42
144.065 -308.71 2548.88
36.7659 -311.657 2651.43
46.4679 -710.275 2685.15
160.589 46.3291 2663.38
56.9551 -130.216 2588.35
FRAME: 146
162.887 268.319 2503.35
-22.367 -168.625 2450.56
-54.902 -1070.88 2680.56
10.0214 -347.957 2158.84
-9.66665 -308.216 2577.51
38.7715 -718.01 2597.07
46.2326 55.7093 2477.12
102.516 52.9042 2574.07
175.049 -176.874 2748.09
-1.04169 -1056.52 2853.43
146.115 -302.096 2571.81
35.1179 -310.454 2654.18
50.0478 -711.187 2699
158.799 50.0992 2671.01
57.6206 -128.215 2594.96
FRAME: 147
164.045 268.706 2506.17
-19.8821 -190.704 2486.12
-60.0334 -1069.6 2689.07
-1.34162 -356.999 2312.89
-11.4521 -310.85 2585.05
37.8371 -715.164 2600.94
49.9689 56.1072 2494.11
105.143 51.8142 2584.6
175.406 -182.743 2755.88
2.38457 -1053.45 2834.6
144.265 -307.625 2576.07
36.749 -314.746 2662.72
52.9185 -705.277 2682.73
160.317 47.5213 2675.08
58.8957 -130.492 2604.24
FRAME: 148
165.06 267.208 2507.3
-24.1267 -193.399 2492.66
-53.2727 -1057.36 2754.29
-20.6977 -426.311 2456.37
-14.7551 -311.376 2595.83
30.9542 -726.102 2612.61
49.0643 54.8834 2502.32
104.481 51.2161 2588.71
178.244 -178.062 2761.45
0.495404 -1060.55 2833.76
140.602 -296.889 2554.86
34.3422 -314.674 2671.79
52.2525 -706.229 2714.13
159.897 47.5489 2675.1
57.1371 -130.904 2611.26
FRAME: 149
167.482 269.166 2511.96
-17.9157 -188.657 2455.39
-64.5744 -1079.72 2703.4
-7.27585 -435.492 2447.52
-15.7226 -312.919 2598.9
34.1373 -720.519 2612.37
49.1242 51.6404 2501.83
105.394 50.4266 2590.32
176.782 -182.476 2770.06
-1.57359 -1032.29 2699.42
137.211 -304.972 2572.54
41.8043 -314.236 2689.5
40.7765 -687.235 2664.94
161.664 49.2128 2678.81
59.2175 -131.575 2617.26
FRAME: 150
166.622 270.973 2521.85
-26.5006 -192.737 2485.72
-63.6947 -1070.55 2715.45
10.121 -385.308 2394.54
-8.97074 -315.644 2615.65
27.6052 -724.074 2611.2
48.6147 49.023 2503.85
106.124 51.718 2590.46
182.424 -171.407 2776.52
-4.84788 -1005.49 2674.66
142.103 -297.4 2555.48
48.1288 -313.031 2701.85
43.9913 -680.577 2687.99
163.634 54.413 2677.07
62.8516 -131.31 2624.61
FRAME: 151
170.216 268.245 2527.96
-25.3874 -193.138 2518.45
-58.9442 -1013.4 2807.49
-35.8398 -492.654 2583.26
-6.59732 -316.437 2616.07
27.8526 -718.481 2612.18
54.8472 50.5617 2514.91
108.46 49.5504 2605.37
184.623 -182.728 2766.45
-6.73486 -1033.14 2733.79
147.549 -317.711 2567.7
41.1824 -317.346 2697.69
18.1998 -689.595 2616.13
162.073 48.5392 2695.83
62.8764 -133.671 2631.13
FRAME: 152
173.965 271.162 2538.99
-32.5985 -206.37 2536.88
-67.6092 -1064.1 2726.82
-19.6644 -487.254 2519.46
-9.67858 -317.608 2629.03
18.983 -721.579 2620.74
53.6207 44.6618 2517.01
109.055 47.7212 2606.7
181.498 -179.889 2773.32
-0.244386 -1012.29 2886.7
151.063 -324.374 2578.09
48.0753 -313.601 2722.14
48.1695 -695.784 2741.02
164.49 50.7807 2696.38
64.1268 -133.941 2641.14
FRAME: 153
180.593 267.461 2557.31
-38.5816 -210.162 2515.69
-66.7122 -1079.66 2715.31
-20.4176 -447.968 2421.97
-9.89029 -319.584 2630.82
20.0636 -725.422 2623.16
54.34 39.3599 2522.82
110.671 41.6291 2616.54
180.729 -181.493 2782.45
-4.03407 -1020.74 2886.8
177.61 -364.7 2641.8
48.995 -316.23 2729.89
50.734 -709.369 2750.79
167.002 43.8984 2710.27
65.1117 -138.139 2648.45
FRAME: 154
182.443 266.22 2576.87
-35.6551 -205.462 2512.32
-69.2735 -1087.04 2710.26
-7.52977 -419.581 2384.9
-8.19779 -324.122 2633.27
19.0087 -727.072 2626.12
60.3411 36.5689 2532.62
113.449 36.7252 2636.24
154.654 -184.809 2819.82
0.206466 -1025.43 2883.71
133.869 -379.694 2817.88
45.1045 -323.305 2738.01
55.6506 -726.135 2784.94
166.556 36.8815 2739.85
65.951 -143.494 2660.94
FRAME: 155
183.45 263.231 2590.33
-34.7258 -203.182 2517.35
-59.747 -1087.93 2703.63
-9.67692 -419.141 2389.33
-7.21677 -329.886 2635.09
24.8165 -731.676 2625.43
65.3164 36.8835 2540.92
115.098 36.2874 2647.5
146.957 -185.264 2830.71
5.1882 -1058.07 2966.63
118.704 -389.365 2894.55
44.1465 -329.935 2746.03
55.3968 -735.156 2811.03
164.88 35.6913 2754.08
66.7815 -146.812 2669.03
FRAME: 156
183.355 261.265 2603.18
-39.3447 -199.04 2519.48
-50.6155 -1097.82 2703.24
-9.56108 -411.976 2381.84
-1.8243 -334.491 2639.09
36.691 -741.467 2627.29
63.0745 39.546 2545.78
103.685 39.5708 2665.94
79.6523 -169.269 2895.09
-0.495911 -1056.68 2990.35
46.7932 -385.034 3058.3
37.5239 -333.976 2754.76
57.4679 -743.03 2798.42
144.296 39.5956 2786.11
60.7675 -147.331 2681.43
FRAME: 157
181.797 258.502 2620.38
-26.1689 -199.996 2539.56
-44.9152 -1103.01 2698.9
17.6295 -414.913 2430.61
-1.03253 -335.577 2641.63
44.7648 -747.788 2637.58
70.3321 37.1448 2562.78
108.895 36.0695 2674.13
65.2611 -157.162 2909.56
10.2047 -1071.27 2987.74
63.562 -381.79 3038.36
41.0596 -338.073 2755.61
63.2412 -745.444 2818.25
147.457 34.9943 2785.48
64.4542 -150.378 2686.38
FRAME: 158
182.649 257.278 2631.26
-22.6359 -200.711 2532.6
-36.0754 -1090.02 2721.72
18.2634 -425.524 2420.49
3.30553 -340.18 2640.25
51.7369 -751.408 2636.69
73.8892 35.3142 2561.87
108.126 35.5194 2675.85
67.999 -164.299 2901.34
9.08239 -1080.42 2949.3
65.6255 -392.374 3043.19
41.7495 -340.463 2763.4
65.5284 -748.827 2822.95
142.362 35.7245 2789.83
65.3266 -152.401 2688.84
FRAME: 159
181.818 256.866 2642.06
-13.0641 -213.125 2500.98
-34.392 -1089.81 2725.72
49.3319 -434.443 2418.62
10.0154 -346.523 2632.78
62.919 -756.494 2630.45
80.7315 31.8707 2559.93
108.276 32.8867 2677.12
65.5221 -169.228 2900.64
18.0056 -1079.79 3000.62
46.4319 -397.812 3059.09
42.6236 -345.414 2767.32
71.0033 -752.433 2828.79
135.82 33.9026 2794.31
67.2977 -156.541 2688.58
FRAME: 160
179.871 256.046 2647.92
-0.737547 -218.16 2496.69
-28.4987 -1105.85 2702.88
60.8448 -474.004 2432.65
15.5611 -350.229 2624.69
72.6323 -757.979 2627.24
87.1083 27.6896 2556.56
109.695 28.796 2676.5
44.9568 -169.239 2912.64
22.4102 -1077.4 3024.08
45.0348 -404.427 3053.48
42.957 -349.021 2766.19
74.8413 -756.89 2839.11
132.282 29.9025 2796.43
69.477 -160.415 2685.97
FRAME: 161
178.817 257.617 2652.17
11.8558 -221.59 2494.56
-25.7657 -1089.34 2722.92
72.8944 -444.838 2415.6
19.4097 -354.559 2618.98
75.6545 -761.905 2621.69
90.4594 27.5211 2556.1
108.405 29.1171 2678.62
51.4335 -175.591 2906.22
27.1936 -1073.85 2975.65
44.1001 -406.229 3056.38
42.5266 -352.414 2771.84
75.6249 -758.307 2841.14
126.352 30.713 2801.13
69.6868 -162.185 2687.02
FRAME: 162
175.789 257.924 2659.27
26.8757 -222.554 2490.26
-23.8475 -1091.63 2718.63
113.202 -449.26 2416.28
26.0252 -357.176 2611.72
80.8352 -764.545 2618.8
97.5944 25.6386 2551.6
109.383 28.4744 2676.77
50.5037 -177.835 2905.83
27.4072 -1073.25 2970.51
46.5215 -403.232 3050.27
41.8541 -353.408 2774.19
77.4843 -758.617 2842.93
121.172 31.3102 2801.95
71.6615 -163.409 2684.86
FRAME: 163
171.211 258.164 2666.36
30.6862 -221.162 2487.75
-19.1237 -1107.37 2698.46
131.734 -462.155 2438.93
30.8991 -359.61 2607.99
84.2352 -768.446 2618.14
101.643 23.5913 2548.9
109.651 27.0578 2676.45
42.1249 -181.437 2905.53
28.7444 -1085.61 2927.58
46.4444 -405.122 3049.94
41.582 -354.816 2775.93
78.3437 -761.881 2854.93
117.66 30.5242 2803.99
72.9459 -165.078 2684.2
FRAME: 164
168.658 257.941 2667.35
38.3436 -215.557 2518.6
-11.5949 -1112.27 2703.03
157.289 -441.844 2400.53
35.2758 -355.771 2614.79
88.2596 -768.095 2626.19
100.755 25.6006 2568.94
104.968 28.3963 2681.77
44.6749 -173.674 2906.75
28.7942 -1083.82 2933.75
55.2571 -402.149 3041.57
40.819 -351.917 2763.78
79.0315 -756.244 2836.42
109.18 31.1919 2794.59
71.5076 -162.724 2685.53
FRAME: 165
164.725 258.418 2668.64
46.6146 -210.411 2508.89
-9.86676 -1117.68 2690.79
173.886 -433.842 2418.83
41.4342 -354.887 2603.7
94.9211 -767.029 2613.84
105.566 26.8413 2556.93
104.39 29.4476 2681.18
37.2261 -168.764 2916.97
30.5062 -1087.29 2928.01
59.7943 -401.074 3039.05
40.0602 -351.278 2773.88
80.5457 -753.219 2829.59
103.215 32.0539 2805.44
72.5688 -161.818 2684.99
FRAME: 166
161.303 259.181 2668.9
63.0615 -206.592 2482.4
-6.74237 -1120.16 2687.42
194.066 -428.62 2425.95
46.9724 -355.291 2599.58
100.547 -767.06 2610.71
109.76 30.3974 2551.82
104.557 33.1978 2677.71
35.6757 -165.726 2907.14
33.627 -1094.97 2915.19
66.5766 -399.028 3020.52
40.2546 -350.532 2772.56
82.7233 -752.104 2827.88
99.3528 35.9982 2803.59
74.085 -159.857 2681.89
FRAME: 167
155.92 260.384 2668.41
69.6425 -197.201 2467.81
-0.109546 -1124.02 2684.74
216.481 -426.31 2425.07
55.91 -353.686 2593.83
103.845 -769.654 2610.55
114.45 38.2223 2551.38
103.49 40.843 2678.09
38.2459 -164.277 2899.74
39.7484 -1102.18 2914.22
85.9159 -401.238 2972.6
40.7277 -349.255 2772.44
82.0313 -753.595 2823.77
92.5302 43.4636 2804.8
75.9044 -155.314 2680.61
FRAME: 168
150.921 261.798 2666.54
79.9289 -194.307 2469.36
-1.05872 -1128.26 2682.36
210.095 -425.877 2426.6
59.9756 -352.191 2592.25
108.961 -775.765 2605.92
115.034 36.9894 2554.28
104.145 39.976 2676.34
38.5849 -161.92 2898.95
44.6678 -1103.52 2861.32
96.3745 -401.203 2942.56
43.9425 -347.007 2773.9
88.1326 -748.706 2786.22
93.256 42.9627 2798.4
78.052 -154.811 2679.71
FRAME: 169
145.944 264.191 2659.93
84.4427 -190.41 2470.99
0.11997 -1120.17 2679.59
226.39 -425.802 2429.94
62.4724 -353.458 2589.67
111.339 -770.027 2603.8
115.709 40.5739 2545.84
101.507 43.0877 2676.28
50.5402 -166.098 2839.86
52.7714 -1100.26 2871.35
93.144 -400.038 2965.81
42.8874 -349.545 2769.83
106.387 -742.671 2693.58
87.3048 45.6014 2806.72
77.0933 -154.207 2678.01
FRAME: 170
139.705 265.471 2646.44
91.899 -190.58 2466.88
-0.795289 -1123.47 2676.38
236.235 -425.173 2425.67
68.4263 -354.905 2589.21
120.022 -775.153 2597.84
117.664 42.8244 2540.97
100.324 47.6394 2671.31
16.6802 -115.651 2928.92
44.3061 -1105.14 2873.06
85.4239 -390.784 3014.69
43.8074 -347.802 2772.62
95.8966 -744.359 2735.25
82.9835 52.4545 2801.64
78.2203 -151.857 2676.11
FRAME: 171
135.537 261.965 2635.62
98.9037 -193.292 2465.95
5.83082 -1127.16 2682.66
236.195 -425.131 2427.79
69.8438 -356.698 2590.45
119.901 -777.378 2597.28
115.218 36.4649 2523.66
96.7595 45.4095 2657.55
-3.42605 -46.4778 2929.67
56.3875 -1093.24 2868.04
52.3911 -267.918 3030.02
44.9486 -344.621 2768.3
108.462 -735.999 2721.92
78.3008 54.3541 2791.44
77.0779 -152.625 2668.46
FRAME: 172
127.18 259.623 2613.45
109.19 -202.113 2458.48
8.92953 -1127.57 2684.38
254.96 -423.438 2413.5
73.5588 -358.73 2586.45
123.791 -781.24 2593.43
111.704 34.3128 2509.33
92.5367 45.3951 2647.9
-2.17157 -52.0189 2923.62
68.7946 -1093.81 2831.97
70.8035 -299.405 3012.88
48.5093 -344.127 2765.67
113.581 -739.673 2724.44
73.3696 56.4774 2786.48
76.7854 -153.017 2661.98
FRAME: 173
116.408 259.335 2595.62
114.409 -208.736 2447.24
9.83896 -1129.6 2684.09
275.188 -415.326 2377.36
76.8346 -360.851 2582.38
127.261 -784.949 2586.85
105.006 29.1828 2493.27
86.8707 42.5988 2637.68
9.32913 -72.2811 2909.6
80.8284 -1090.62 2830.06
70.4574 -288.842 3010.63
54.0788 -343.841 2762.33
120.972 -748.351 2758.41
68.7352 56.0147 2782.08
76.1637 -154.874 2655.01
FRAME: 174
104.505 257.783 2572.92
110.07 -216.39 2435.97
15.7229 -1131.98 2688.39
260.108 -425.894 2362.81
77.7663 -363.894 2580.53
130.843 -786.685 2582.12
95.8063 21.7547 2474.05
79.4175 39.8448 2621.61
10.9635 -67.3279 2905.27
83.8773 -1088.15 2815.07
68.2741 -264.248 2996.32
57.8904 -341.887 2758.1
121.728 -744.811 2759.32
63.0288 57.9349 2769.17
73.6229 -156.523 2645.46
FRAME: 175
88.2294 262.666 2549.1
103.996 -217.816 2414.01
11.4654 -1135.37 2682.02
253.429 -420.313 2324.19
79.0374 -366.84 2575.52
128.728 -791.173 2577.14
90.8408 16.006 2456.9
77.6109 38.0275 2607.74
7.12841 -67.5035 2895.65
78.3178 -1083.14 2868.04
73.7886 -266.296 2998.23
63.2461 -340.313 2754.9
122.147 -746.803 2767.77
64.381 60.049 2758.57
74.3763 -157.774 2636.47
FRAME: 176
76.956 266.628 2526.01
92.6078 -220.055 2404.25
14.2674 -1138.34 2681.11
240.618 -415.686 2305.53
77.1828 -369.318 2570.95
123.166 -789.326 2571.94
79.789 14.6466 2440.49
71.5314 40.554 2593.97
13.3452 -83.2447 2882.94
73.9062 -1074.5 2843.35
79.4908 -270.563 2985.62
67.1418 -338.439 2751.97
125.129 -743.514 2768.29
63.2737 66.4615 2747.45
71.8469 -156.662 2627.72
FRAME: 177
63.7506 273.703 2504.03
79.5049 -216.776 2401.02
7.76192 -1141.76 2673.47
217.495 -402.792 2262.85
75.648 -364.389 2561.16
106.252 -779.127 2569.16
66.4566 19.938 2429.43
64.0007 46.6771 2586.24
2.95095 -59.7251 2883.18
70.659 -1067.81 2849.56
78.4701 -259.662 2986.25
72.5691 -332.483 2747.5
132.093 -726.549 2786.49
61.5447 73.4161 2743.04
69.0546 -150.88 2620.28
FRAME: 178
56.6802 295.299 2504.06
69.1056 -171.18 2408.52
7.92204 -1149.71 2659.18
171.579 -364.594 2250.7
68.6306 -344.28 2546.69
92.3242 -766.533 2560.03
51.0214 57.8809 2422.89
57.3986 83.6406 2574.31
10.8434 -61.5694 2869.26
61.6753 -1036.39 2915.32
82.1338 -256.956 2986.83
77.9232 -310.454 2743.57
130.923 -703.488 2803.52
63.7758 109.4 2725.74
65.3378 -121.863 2609.72
FRAME: 179
45.988 296.339 2471.83
41.7155 -125.018 2389.05
3.30877 -1117.1 2655.16
124.018 -293.175 2240.29
57.6806 -338.919 2555.7
74.4937 -747.874 2559.72
39.662 71.3504 2416.13
59.8736 100.023 2552.45
35.6407 -72.4851 2843
66.4845 -1025.58 2893.86
85.8158 -241.669 2970.7
85.6664 -299.776 2735.53
140.041 -673.467 2765.94
80.0852 128.696 2688.77
65.7735 -109.662 2599.03
FRAME: 180
44.7855 306.022 2423.86
-8.33349 -130.79 2409.14
7.2776 -1080.15 2641.38
86.6925 -301.144 2241.46
47.409 -304.139 2538.12
66.2575 -710.483 2551.72
-4.73729 88.841 2419.06
52.0064 114.073 2508.68
125.012 51.0816 2699.21
52.4514 -1027.45 2915.17
118.557 14.8746 2794.95
125.944 -265.903 2662.1
137.032 -649.028 2755.88
108.75 139.306 2598.3
69.3414 -85.4739 2554.39
FRAME: 181
34.6465 311.366 2403.13
-16.9819 -91.5199 2399.45
1.0655 -1056.52 2661.77
37.696 -253.277 2223.5
29.3425 -291.736 2555.13
45.4959 -697.242 2568.43
-30.2863 101.155 2424.57
48.6208 125.382 2477.77
265.645 219.101 2386.75
69.5227 -1012.38 2915.83
138.06 307.19 2527.21
136.778 -257.486 2631.49
146.46 -644.328 2740.16
127.528 149.609 2530.96
65.8404 -74.6143 2535.54
FRAME: 182
24.6019 306.787 2375.63
-41.5222 -102.141 2426.21
5.64637 -1045.07 2694.39
-68.71 -355.24 2196.79
21.9326 -275.152 2554.84
36.5833 -684.674 2583.04
-51.137 114.286 2429.19
50.5874 132.27 2450.42
242.281 142.814 2241.88
75.1717 -1017.55 2917.56
176.077 371.198 2166.55
155.396 -251.098 2583.6
156.35 -648.244 2730.44
152.312 150.255 2471.65
69.6258 -65.4271 2509.82
FRAME: 183
25.033 300.793 2357.07
-65.2871 -113.292 2438.17
9.53049 -1037.86 2708.74
-107.184 -370.548 2222.49
16.0246 -262.126 2549.27
35.3182 -677.586 2591.01
-63.5224 123.502 2430.34
48.7644 137.631 2439.01
240.637 111.611 2210.43
87.7431 -1014.36 2935.33
196.695 298.36 1966.14
156.61 -244.292 2560.15
166.441 -648.363 2730.02
161.051 151.76 2447.69
67.5408 -57.7889 2496.86
FRAME: 184
17.5687 279.956 2342.24
-81.8629 -156.084 2432.78
8.17352 -1042.36 2724.02
-144.891 -396.136 2250.86
11.8691 -271.462 2558.16
29.7989 -684.706 2606.22
-73.8597 95.734 2417.34
37.6604 110.422 2418.05
246.444 73.5221 2195.4
106.948 -1010.85 2929.93
217.091 116.236 1888.52
156.355 -252.375 2559.3
175.612 -650.922 2730.74
149.18 125.111 2418.77
60.8862 -75.7479 2488.39
FRAME: 185
15.7154 266.271 2327.95
-98.9918 -183.868 2455.78
15.3582 -1042.09 2729.81
-168.713 -413.536 2285.37
9.75828 -273.692 2582.28
30.007 -683.338 2618.95
-85.6916 68.6534 2410.34
33.0447 76.7275 2391.19
240.573 -35.5183 2180.74
131.939 -1008.76 2945.06
225.101 -16.6744 1894.1
160.836 -263.443 2558.08
179.247 -659.221 2727.71
151.781 84.8017 2372.05
59.1708 -95.92 2480.69
FRAME: 186
12.6753 258.074 2320.21
-108.442 -185.889 2461.25
25.7532 -1048.81 2732.56
-197.1 -419.288 2304.21
6.28673 -279.579 2588.51
32.5362 -690.873 2628.26
-93.3649 56.6716 2404.12
23.3137 59.9344 2373.47
223.847 -69.9104 2148.09
134.286 -1004.04 2948.17
234.293 -238.61 1816.82
158.534 -275.605 2548.32
183.997 -669.4 2719.5
139.992 63.1972 2342.83
52.8621 -108.829 2470.94
FRAME: 187
10.384 250.158 2313.21
-99.5962 -185.687 2494.62
15.4543 -1049.08 2716.92
-198.84 -418.163 2354.03
-5.30044 -291.427 2575.41
16.9652 -691.581 2610.04
-86.5296 50.3329 2426.64
15.6977 51.1687 2370.29
199.955 -106.948 2146.17
136.208 -985.088 2924.27
223.486 -316.633 1976.15
156.79 -287.6 2454.92
196.172 -659.166 2677.18
117.925 52.0046 2313.93
45.7213 -119.172 2442.73
FRAME: 188
7.96797 235.901 2291.5
-113.062 -192.432 2507.21
21.0292 -1045.23 2711.46
-208.189 -424.651 2400.17
-6.93732 -292.145 2575.47
17.0779 -688.007 2606.03
-93.205 43.4448 2422.72
9.75563 36.0716 2364.08
175.357 -197.352 2210.72
157.909 -1025.23 2867.23
175.509 -463.842 2088.2
144.95 -303.757 2478.96
187.445 -688.616 2605.84
112.716 28.6984 2305.43
39.3809 -130.94 2445.65
FRAME: 189
5.24581 223.002 2272.31
-113.352 -193.127 2514.62
20.5753 -1047.33 2705.52
-210.927 -441.758 2417.49
-6.17702 -300.528 2574.01
16.9958 -694.482 2607.92
-91.2272 37.6415 2417.62
8.44123 24.4183 2357.09
172.21 -218.538 2233.4
142.861 -1003.38 2886.87
156.178 -493.332 2133.64
132.209 -319.548 2488.02
171.875 -696.197 2575.02
108.11 11.1951 2296.56
35.7287 -142.81 2444.05
FRAME: 190
4.38738 215.649 2252.6
-116.766 -184.973 2525.99
16.0567 -1047.04 2710.55
-205.3 -444.405 2435.42
-2.61983 -304.266 2575
18.5584 -697.061 2610.52
-97.0892 29.0226 2407.76
5.96476 15.0186 2349.71
171.497 -235.249 2253.23
78.5312 -982.817 2825.53
153.2 -494.628 2189.38
128.036 -322.347 2500.24
125.069 -702.001 2547.13
109.019 1.01463 2291.67
34.3365 -149.144 2443.67
FRAME: 191
4.12695 213.087 2243.12
-120.981 -186.737 2529.45
16.3197 -1042.25 2713.48
-191.619 -450.207 2429.79
-1.58232 -309.101 2574.9
16.4167 -699.615 2616.59
-99.7635 24.4008 2402.39
6.02723 10.426 2347.25
169.365 -244.813 2266.28
42.9963 -1001.97 2753.71
150.218 -500.27 2223.19
124.63 -326.044 2508.55
119.46 -706.976 2517.65
111.818 -3.54869 2292.1
33.7754 -153.573 2444.49
FRAME: 192
4.89085 211.026 2239.69
-121.503 -200.24 2520.72
21.2423 -1038.55 2705.65
-191.094 -457.672 2424.02
-3.95564 -309.217 2578.33
17.8974 -702.112 2615.68
-101.693 20.6112 2400.42
6.1203 5.83728 2346.62
167.197 -256.765 2285.23
59.2452 -1011.47 2791.54
142.956 -508.204 2260.29
123.839 -326.933 2513.88
105.938 -720.018 2509.95
113.934 -8.93659 2292.82
33.0309 -156.119 2446.36
FRAME: 193
6.49892 210.174 2239.32
-123.106 -202.426 2520.86
16.5889 -1025.13 2704.51
-188.465 -457.176 2411.49
-8.95059 -307.503 2580.69
14.6237 -695.389 2609.09
-104.804 17.0212 2396.37
5.12488 2.60352 2347.69
169.085 -264.319 2305.03
56.2981 -1003.49 2779.76
141.249 -500.782 2277.44
116.159 -324.022 2525
115.76 -710.834 2555.9
115.053 -11.8142 2299.01
29.3645 -156.58 2450.27
FRAME: 194
8.00034 210.318 2238.97
-123.018 -205.782 2517.03
18.36 -1026.38 2704.4
-175.063 -468.168 2402.29
-9.67266 -304.084 2584.62
11.3419 -693.612 2606.14
-102.382 17.9046 2396.13
6.54427 3.27833 2347.74
174.827 -260.764 2326.21
69.6009 -1006.89 2807.24
139.179 -499.729 2303.77
121.557 -321.903 2525.97
118.195 -717.443 2552.05
115.471 -11.348 2299.36
31.2433 -154.858 2451.52
FRAME: 195
10.0222 212.228 2238.47
-124.317 -207.469 2509.39
13.3128 -1013.75 2702.14
-162.345 -468.121 2387.14
-21.3895 -296.83 2586.35
0.138371 -680.411 2598.9
-103.159 20.3128 2391.3
8.74865 7.21307 2350.38
182.724 -240.776 2358.61
73.2777 -1006.89 2810.67
136.538 -478.293 2338.23
119.637 -313.532 2534.64
123.21 -712.408 2557.39
120.657 -5.88668 2309.47
28.9363 -148.984 2455.44
FRAME: 196
12.246 216.337 2241.01
-124.283 -208.945 2503.41
13.0186 -1021.48 2707.42
-146.183 -467.699 2371.37
-28.9118 -292.997 2582.04
-4.01775 -680.985 2596.12
-102.91 22.8621 2387.22
12.5842 14.5775 2356.98
194.097 -222.128 2384.64
76.2049 -992.535 2826.21
135.382 -451.585 2345.67
117.779 -303.611 2543.57
146.044 -692.209 2591
128.079 6.29291 2326.74
28.5088 -141.863 2459.89
FRAME: 197
17.0411 227.313 2246.25
-124.719 -211.768 2487.28
13.5856 -1027.87 2712.76
-132.74 -474.029 2350.86
-30.1824 -297.358 2576.89
-5.02267 -685.172 2599.03
-102.225 26.2791 2380.31
15.3108 21.9768 2358.35
200.432 -205.053 2403.7
114.449 -960.849 2898.78
130.36 -428.162 2380.17
114.424 -302.675 2549.84
150.48 -682.506 2615.04
132.847 17.6744 2336.39
28.7158 -139.02 2460.86
FRAME: 198
20.9562 239.164 2257.38
-125.083 -209.254 2473.16
12.2808 -1026.56 2712.03
-119.612 -475.012 2340.4
-34.7452 -291.482 2573.21
-8.02451 -680.041 2594.89
-98.3667 36.3336 2380.68
19.1275 33.03 2364.36
201.61 -196.337 2412.78
116.297 -960.379 2901.1
113.269 -428.991 2370.05
110.4 -295.541 2553.03
152.05 -673.889 2630.82
136.622 29.7264 2348.04
28.4773 -130.241 2463.74
FRAME: 199
25.3444 250.492 2274.78
-123.65 -211.041 2460.74
5.02466 -1024.62 2720.41
-107.585 -473.145 2323.24
-41.6222 -285.109 2574.64
-9.14034 -669.565 2593.95
-90.7397 39.4771 2373.63
22.9516 41.714 2369.66
207.48 -171.79 2439.94
114.789 -978.661 2891.02
84.0808 -399.535 2384.83
110.405 -280.432 2571.16
150.519 -662.842 2633.92
136.643 43.9508 2365.7
28.6716 -120.528 2471.28
FRAME: 200
26.3697 257.124 2288.74
-119.343 -203.61 2463.4
-2.7521 -1020.5 2711.19
-92.6041 -460.631 2324.27
-50.5094 -279.321 2566.67
-21.6205 -654.816 2580.18
-96.5774 40.5391 2379.56
18.968 42.7117 2377.75
208.786 -163.031 2469.3
112.661 -969.341 2891.5
84.2101 -376.126 2402.35
109.305 -275.404 2565.72
157.018 -649.06 2643.37
134.513 44.8843 2375.94
24.183 -117.325 2471.97
FRAME: 201
30.397 266.949 2297.75
-119.741 -198.787 2456.5
-0.695065 -1020.19 2711.69
-77.8652 -448.022 2317.1
-50.0892 -290.297 2549.09
-16.2392 -655.607 2585.22
-91.2472 46.6731 2378.9
27.311 50.2675 2388.05
213.66 -166.259 2483.43
105.33 -969.408 2883.95
82.4365 -339.333 2393.1
102.401 -285.045 2562.28
153.571 -645.574 2645.11
145.869 53.862 2397.2
26.7335 -118.702 2471.87
FRAME: 202
32.5325 276.392 2305.38
-123.394 -193.83 2441.02
-10.1577 -1017.09 2712.47
-60.7253 -436.671 2294.28
-45.9203 -293.865 2542.33
-16.3092 -662.342 2580.78
-90.8421 48.6119 2376.62
28.5093 54.8632 2392.64
208.939 -153.082 2510.53
93.5351 -971.166 2892.57
95.4329 -309.701 2405.92
97.481 -286.194 2562.47
147.065 -645.419 2649.46
147.861 61.1145 2408.65
27.1448 -117.583 2472.52
FRAME: 203
33.4543 281.697 2313.9
-120.426 -199.637 2434.95
-18.6148 -1024.74 2705.06
-58.1212 -448.865 2272.84
-44.8698 -300.713 2542
-16.0419 -679.536 2573.92
-88.5807 48.2249 2379.95
30.3818 56.4535 2403.46
199.218 -157.826 2533.84
87.2208 -982.322 2897.04
86.1461 -300.458 2394.53
95.3955 -290.697 2570.56
142.885 -658.94 2659.33
149.344 64.6821 2426.97
27.8223 -119.626 2479.87
FRAME: 204
34.9354 283.608 2324.22
-118.205 -203.808 2423.63
-23.17 -1019.84 2697.47
-34.1233 -436.655 2246.36
-49.2352 -311.282 2538.92
-16.4349 -697.35 2577.93
-87.179 48.8007 2380.71
30.8997 56.8669 2409.02
189.711 -164.253 2541.88
83.4769 -995.052 2899.39
82.8555 -348.281 2377.61
89.8371 -301.754 2572.36
142.139 -667.246 2658.6
148.978 64.9331 2437.33
25.6003 -124.825 2482.33
FRAME: 205
35.7061 283.605 2337.69
-112.454 -209.103 2414.2
-23.4268 -1023.63 2700.8
-26.0793 -425.357 2234.29
-45.849 -321.472 2538.49
-23.0672 -712.68 2578.19
-84.8846 44.9387 2382.14
30.9752 55.0378 2417.67
183.566 -165.651 2559.18
83.5038 -996.974 2894.42
78.5729 -341.637 2390.44
84.6172 -309.984 2578.68
140.218 -673.816 2656.05
146.835 65.137 2453.2
25.1796 -130.345 2488.13
FRAME: 206
35.771 282.265 2347.33
-111.445 -215.904 2418.47
-26.8855 -1029.32 2704.37
9.42388 -444.945 2278.06
-45.6706 -326.05 2537.73
-26.0387 -714.814 2579.78
-81.5444 38.6535 2383.13
29.6701 51.6122 2426.53
172.024 -172.149 2572.63
78.1825 -1002.34 2893.55
74.9246 -324.559 2392.28
82.6658 -310.776 2588.52
142.298 -688.491 2641.32
140.885 64.5709 2469.94
24.0839 -133.4 2494.83
FRAME: 207
36.8318 278.77 2357.28
-111.128 -215.235 2416.71
-31.514 -1034.65 2706.29
-30.2921 -398.054 2169
-48.0892 -331.155 2528.68
-25.7381 -717.733 2578.72
-81.6628 34.6595 2386.01
26.7066 47.3633 2433.81
161.161 -181.824 2581.42
69.6357 -1007.33 2885.52
56.7899 -323.43 2360.71
79.5194 -315.91 2585.2
142.076 -700.904 2631.73
135.076 60.067 2481.6
21.2109 -138.085 2495.37
FRAME: 208
34.3324 274.327 2368.5
-107.834 -227.683 2401.93
-44.4308 -1057.55 2703.64
-35.3418 -412.275 2142.66
-47.8555 -332.901 2525.38
-33.023 -727.78 2575.35
-77.1358 28.097 2385.7
24.9029 41.8575 2437.7
153.863 -187.443 2575.66
63.525 -1017.84 2873.53
37.7762 -372.486 2307.11
74.2679 -316.045 2588.42
139.049 -705.075 2627.46
126.942 55.618 2489.71
19.0545 -141.308 2497.3
FRAME: 209
34.1536 272.207 2375.55
-110.285 -229.954 2404.52
-47.5809 -1062.68 2702.22
-30.8599 -386.714 2120.07
-49.5976 -336.271 2520.27
-30.5386 -733.851 2573.35
-77.0958 25.3511 2388.82
20.137 38.545 2441.02
149.095 -188.021 2580.07
65.3217 -1018.76 2855.44
42.235 -373.426 2309.87
68.6819 -319.832 2585.05
138.767 -700.266 2616.96
117.37 51.739 2493.22
14.8396 -144.753 2496.84
FRAME: 210
33.5892 267.327 2384.51
-112.391 -233.036 2391.56
-48.195 -1063.57 2698.66
6.10746 -375.589 2150.03
-43.3931 -344.881 2520.5
-33.7882 -730.627 2560.71
-76.5756 18.2575 2394.12
17.4878 31.9559 2446.43
141.91 -201.398 2569.73
55.0735 -1024.66 2857.95
38.0914 -387.836 2290.76
68.6912 -328.387 2583.61
137.71 -706.233 2614.07
111.551 45.6542 2498.75
15.0684 -152.339 2499.24
FRAME: 211
33.0915 266.05 2393.56
-109.864 -227.431 2386.93
-47.7052 -1080.33 2697.48
13.0713 -400.817 2202.89
-37.7169 -346.509 2529.37
-32.3219 -735.807 2559.43
-71.5174 18.3893 2402.66
18.5079 32.0404 2455.03
140.936 -210.907 2557.42
54.1751 -1033.7 2834.87
39.0877 -362.333 2260
65.8696 -330.601 2589.92
134.921 -706.456 2615.56
108.533 45.6915 2507.4
16.2921 -153.257 2507.34
FRAME: 212
33.6851 268.036 2404.28
-106.19 -216.344 2379.08
-43.8044 -1088.04 2696.42
37.2022 -337.165 2126.52
-36.5688 -349.394 2526.99
-36.3683 -744.15 2563.93
-69.637 25.1775 2407.16
17.1334 39.6221 2466.75
139.927 -211.353 2560.17
50.5558 -1030.56 2815.21
59.9481 -347.491 2252.46
66.4575 -332.115 2598.01
134.264 -707.471 2614.16
103.904 54.0667 2526.34
16.0389 -150.566 2514.63
FRAME: 213
34.8979 268.101 2410.09
-85.9406 -210.321 2389.35
-45.1183 -1085.89 2697.18
41.8648 -325.004 2184.04
-35.8181 -348.138 2526.55
-42.748 -742.481 2564.28
-67.341 29.4057 2409.63
14.7804 45.1602 2478.11
138.093 -213.091 2567.71
52.5819 -1032.03 2810.38
67.3728 -322.084 2247.42
62.8028 -328.971 2609.29
135.577 -710.833 2610.19
96.9017 60.9148 2546.58
14.1364 -146.697 2523.01
FRAME: 214
36.4822 269.591 2414.91
-95.677 -195.251 2414.23
-41.5339 -1087.59 2692.96
37.1166 -309.987 2169.53
-34.3178 -343.497 2528.43
-44.8361 -739.636 2565.16
-68.0922 34.4205 2414.91
14.924 48.9005 2484.37
139.05 -211.833 2571.84
48.2901 -1031.27 2809.35
51.3025 -312.183 2259.91
59.1207 -326.985 2606.82
134.809 -709.672 2610.49
97.9401 63.3805 2553.83
13.6627 -143.17 2526
FRAME: 215
36.5488 270.637 2419.58
-97.9685 -196.467 2428.4
-41.659 -1093.78 2699.28
-12.3828 -389.358 2351.84
-34.4142 -341.897 2531.56
-50.7849 -743.75 2567.89
-70.8627 36.5156 2423.33
14.1838 49.723 2487.88
137.16 -209.635 2570.46
57.6616 -1031.88 2800.78
54.9069 -342.202 2327.13
61.8008 -326.871 2604.22
134.401 -710.225 2609.7
99.2303 62.9303 2552.42
13.9385 -142.331 2527.89
FRAME: 216
36.8243 271.773 2422.59
-110.291 -192.838 2447.15
-40.931 -1102.65 2696.34
-13.2908 -380.08 2350.62
-34.5819 -342.299 2530.5
-51.8586 -747.692 2566.65
-70.97 39.8126 2432.55
13.1662 51.4056 2494.2
136.045 -208.491 2580.11
68.1856 -1034.67 2789.28
55.0902 -327.531 2349.62
63.1632 -328.802 2601.48
134.806 -708.944 2609.66
97.3024 62.9987 2555.84
13.7284 -142.072 2530.09
FRAME: 217
36.9412 274.307 2427.75
-122.068 -183.289 2460.46
-37.8113 -1098.23 2691.16
-11.8315 -350.82 2336.87
-34.1747 -342.604 2527.23
-51.5923 -748.107 2565.61
-74.6031 46.526 2441.3
10.7483 56.0016 2503.99
134.992 -204.907 2581.09
80.2128 -1040.86 2774.63
51.4232 -319.515 2322.46
61.1943 -332.018 2596.18
132.735 -711.585 2612.99
96.0996 65.4772 2566.69
12.129 -140.655 2532.85
FRAME: 218
37.13 275.705 2430.51
-121.449 -187.762 2462.98
-37.2398 -1101.6 2692.21
-4.65166 -281.164 2298.61
-36.7499 -340.861 2529.39
-53.6936 -747.727 2566.16
-75.6512 47.8187 2445.05
12.1657 56.71 2503.93
134.594 -192.718 2588.93
89.8069 -1046.03 2761.75
50.4764 -313.112 2343.32
63.1338 -330.773 2595.8
132.443 -711.075 2613.3
99.9826 65.6014 2562.8
12.6788 -139.554 2533.26
FRAME: 219
39.2606 276.004 2436.74
-119.769 -195.712 2459.89
-35.3938 -1097.83 2689.95
18.7558 -277.186 2268.74
-36.6218 -337.459 2528.77
-51.2822 -744.41 2564.52
-74.881 44.5512 2450.56
16.6495 51.9673 2510.93
116.49 -179.667 2583.21
96.9376 -1053.9 2756.5
63.2989 -284.529 2317.85
66.2513 -329.005 2596.3
131.999 -711.273 2615.37
108.18 59.3834 2571.3
15.7321 -140.632 2536.73
FRAME: 220
41.5305 277.359 2446.03
-115.336 -199.633 2455.1
-35.2853 -1099.09 2692.02
32.3536 -257.88 2248.99
-36.5175 -335.475 2531.21
-49.862 -744.018 2567.11
-72.9728 45.8698 2453.12
18.9734 52.8395 2514.61
107.723 -180.857 2571.54
100.926 -1059.42 2749.49
52.7533 -261.584 2309.08
67.3644 -327.507 2600.35
132.118 -713.512 2614.9
110.92 59.8091 2576.09
17.1984 -139.326 2540.19
FRAME: 221
42.7394 277.749 2448.48
-109.559 -202.183 2446.5
-35.6711 -1097.91 2692.09
39.2307 -243.524 2258.95
-35.2805 -335.88 2536.56
-48.1522 -742.781 2567.5
-69.5577 45.7254 2456.47
22.1468 53.4587 2517.26
115.238 -180.693 2585.83
103.243 -1055.86 2747.05
56.4924 -257.847 2339.4
74.3869 -325.78 2608.82
133.49 -710.866 2615.27
113.851 61.192 2578.06
20.85 -138.685 2544.98
FRAME: 222
45.7925 278.044 2453.43
-102.893 -193.744 2446.7
-31.2189 -1096.29 2690.76
51.3042 -268.101 2272.76
-30.8093 -337.576 2535.95
-44.1784 -743.581 2565.01
-69.2282 50.9062 2462.94
22.2092 58.858 2522.9
124.286 -177.938 2604.34
102.205 -1060.87 2758.08
57.4389 -255.689 2332.08
81.3837 -327.721 2608.83
131.93 -715.418 2624.91
113.647 66.8099 2582.86
23.7482 -136.895 2547.65
FRAME: 223
49.0911 277.824 2456.83
-80.8991 -188.904 2428.4
-29.3972 -1101.82 2694.37
41.5843 -223.089 2270.85
-24.9792 -337.409 2539.25
-41.3904 -744.649 2566.38
-61.1542 55.0026 2475.36
25.9117 61.6561 2535.46
124.929 -178.717 2618.48
102.084 -1063.57 2760.6
43.6364 -236.357 2310.33
82.5931 -329.076 2612.38
131.544 -717.302 2627.45
112.978 68.3095 2595.57
27.3593 -135.793 2555.64
FRAME: 224
51.9503 278.56 2460.8
-70.5489 -191.951 2417.24
-30.4474 -1107.59 2696.49
42.7934 -249.492 2277.46
-26.0692 -341.227 2541.97
-39.7431 -753.342 2575.16
-61.8312 51.4481 2477.68
28.0559 57.6611 2533.04
132.428 -177.112 2603.18
102.923 -1065.4 2759.61
40.1364 -195.171 2287.01
84.9872 -333.694 2609.95
133.196 -721.864 2629.1
117.943 63.8742 2588.4
28.7575 -139.9 2554.5
FRAME: 225
56.2415 278.017 2467.6
-63.6824 -187.892 2425.95
-25.3047 -1134.56 2705.31
45.435 -228.797 2282.5
-23.8636 -352.844 2544.03
-30.3619 -769.435 2585.03
-61.7625 50.8899 2481.31
29.6486 57.1414 2534.83
139.858 -175.144 2567.81
101.792 -1084.6 2774.26
27.1618 -176.446 2273.33
90.169 -345.234 2610.33
127.684 -756.339 2660.36
121.06 63.3929 2588.36
31.4007 -145.949 2556.01
FRAME: 226
59.9732 277.376 2470.65
-65.2959 -176.128 2420.46
-24.2205 -1139.06 2707.43
44.8842 -214.477 2284.91
-23.8461 -361.989 2543.02
-28.2445 -783.238 2592.09
-51.4904 48.0679 2494.96
40.0147 50.827 2544.96
144.928 -178.806 2517.4
98.7406 -1088.78 2796.14
17.927 -142.571 2270.41
95.3405 -358.59 2607.53
125.9 -771.271 2676.62
131.52 53.5862 2594.96
37.8809 -154.731 2560.12
FRAME: 227
65.0745 276.08 2475.7
-67.9867 -172.421 2399.64
-26.1695 -1145.37 2714.13
41.4624 -191.954 2278.6
-22.6546 -370.374 2548.49
-27.109 -793.925 2600.68
-45.343 36.8864 2508.27
47.9016 37.4521 2553.48
148.312 -176.741 2489.19
100.399 -1097.68 2793.39
31.0866 -117.593 2308.15
100.054 -369.665 2607.98
128.069 -780.755 2688.41
141.146 38.0179 2598.69
43.3006 -166.284 2565.86
FRAME: 228
67.0318 276.419 2478.8
-69.3556 -169.263 2399.52
-26.464 -1151.01 2718.37
43.7438 -186.696 2281.74
-23.0732 -371.179 2550.4
-23.5921 -794.302 2605.12
-47.9589 35.3997 2507.35
49.1889 35.801 2556.17
154.303 -179.859 2506.9
98.5882 -1107.16 2788.18
47.332 -121.132 2299.1
100.781 -370.709 2612.27
123.594 -776.773 2689.96
146.337 36.2023 2605
44.0214 -167.571 2568.76
FRAME: 229
72.2697 276.12 2483.23
-68.7338 -169.331 2379.99
-22.3904 -1153.15 2716.54
55.7616 -178.639 2264.72
-16.8056 -371.648 2551.33
-22.2637 -789.851 2600.3
-50.9577 23.1589 2491.45
49.224 26.5203 2546.55
161.419 -175.737 2484.59
94.8348 -1076.73 2780.41
62.8505 -112.504 2305.71
100.443 -367.71 2615.92
122.482 -770.783 2695.09
149.406 29.8817 2601.65
45.5213 -171.579 2565.09
FRAME: 230
77.7123 274.36 2491.46
-53.6897 -176.625 2373.22
-23.5683 -1155.35 2719.61
51.6939 -163.018 2275.37
-13.9114 -380.873 2566.53
-21.0696 -795.839 2603.2
-41.9179 15.5579 2503.49
57.0124 18.1414 2552.47
167.759 -189.015 2458.02
91.5941 -1099.82 2801.76
50.7272 -77.1302 2281.09
104.07 -377.316 2626.56
115.865 -771.2 2693.95
155.943 20.725 2601.44
51.0457 -180.477 2574.51
FRAME: 231
81.4581 272.705 2497.65
-31.0647 -176.396 2360.29
-23.6856 -1159.75 2727.01
40.3126 -136.956 2310.71
-16.1238 -382.221 2567.93
-21.6104 -797.428 2611.1
-36.9346 13.0478 2503.67
61.0471 15.0106 2552.43
175.79 -193.206 2458.68
98.104 -1091.92 2782.46
51.5898 -57.5343 2295.65
105.924 -379.37 2630.2
118.678 -771.273 2693.89
159.029 16.9735 2601.2
52.9736 -182.893 2575.75
FRAME: 232
86.8133 272.397 2506.13
-13.5492 -167.465 2356.48
-22.0129 -1158.56 2733.29
46.0191 -115.06 2336.93
-14.3186 -383.871 2570.26
-20.4243 -796.405 2611.54
-35.2959 12.5263 2504.27
61.7691 14.5222 2552.72
181.092 -182.668 2454.17
95.9501 -1097.88 2786.82
53.373 -45.0133 2293.65
106.056 -381.462 2630.85
115.885 -776.456 2695.66
158.834 16.5181 2601.18
53.8189 -184.072 2576.64
FRAME: 233
91.6903 272.145 2510.61
-9.81909 -157.27 2346.28
-22.6526 -1157.55 2738.41
42.9146 -69.2109 2325.13
-12.0442 -383.635 2575.87
-20.3785 -796.996 2612.51
-32.9839 13.2388 2505.3
64.8097 15.2878 2553.53
182.525 -187.209 2452.55
94.3177 -1107.81 2789.52
54.3838 -30.5018 2288.63
107.026 -381.257 2635.06
119.072 -777.242 2702.68
162.603 17.3367 2601.77
56.1504 -183.579 2579.5
FRAME: 234
96.5361 271.646 2515.77
-4.95373 -144.38 2336.48
-20.9077 -1156.45 2738.58
50.9972 -48.7942 2336.3
-10.8427 -385.709 2581.1
-18.8662 -799.865 2620.54
-29.1112 11.4304 2509.91
68.691 13.2128 2557.86
183.708 -181.215 2461.3
89.7608 -1115.58 2806.9
45.7686 -30.4083 2273.89
110.47 -383.622 2640.6
121.805 -778.686 2707.79
166.493 14.9953 2605.8
59.2524 -185.726 2584.35
FRAME: 235
99.1239 271.233 2517.56
10.6416 -134.437 2312.82
-21.7095 -1152.66 2742.95
44.3494 -40.3895 2354.99
-8.23506 -389.103 2580.82
-19.8957 -796.492 2623.04
-24.8529 7.95235 2511.59
72.2886 9.24674 2559.99
181.978 -170.171 2447.31
91.4737 -1111.21 2813.54
49.2146 -33.6654 2325.22
112.43 -387.575 2640.95
124.113 -782.62 2710.93
169.43 10.5411 2608.38
62.1931 -189.546 2585.44
FRAME: 236
101.167 271.587 2521.47
17.3758 -125.126 2307.03
-22.3531 -1144.56 2749.47
13.3507 -3.54722 2396.64
-8.61467 -388.359 2583.52
-19.1849 -795.848 2627.01
-23.2732 8.27048 2518.63
73.2569 8.97598 2564.08
175.391 -176.146 2446.83
92.7066 -1103.95 2811.63
45.2905 -31.4909 2316.56
114.438 -387.494 2641.41
121.493 -789.476 2712.21
169.787 9.68149 2609.53
63.0842 -189.475 2588.27
FRAME: 237
105.138 271.373 2526.52
29.0832 -115.493 2295.2
-26.8762 -1139.21 2757.27
14.7459 6.98635 2423.08
-5.86285 -387.945 2588.07
-17.6763 -793.842 2632.13
-18.3464 9.51498 2521.58
77.9708 9.86248 2567.03
169.503 -170.269 2445.71
94.5561 -1101.45 2808.93
44.6104 -26.9624 2320.27
116.83 -387.559 2645.77
123.027 -787.485 2713.32
174.288 10.21 2612.48
66.7272 -188.945 2591.98
FRAME: 238
107.145 270.368 2528.05
29.3093 -110.239 2304.79
-26.4683 -1129.1 2760.06
19.4904 1.18723 2425.57
-4.93777 -388.136 2594.27
-13.2011 -792.468 2638.93
-11.1886 5.92054 2530.47
85.5171 4.53247 2571.42
167.564 -174.67 2436.9
88.1113 -1114.59 2827.8
33.5962 -21.5795 2348.37
121.875 -389.944 2648
125.611 -785.678 2715.81
182.223 3.14439 2612.37
71.9929 -192.254 2596.28

