FRAME: 0
0 0 0
0 0 0
0 0 0
0 0 0
0 0 0
0 0 0
0 0 0
0 0 0
0 0 0
0 0 0
0 0 0
0 0 0
0 0 0
0 0 0
0 0 0
FRAME: 1
0 0 0
0 0 0
0 0 0
0 0 0
0 0 0
0 0 0
0 0 0
0 0 0
0 0 0
0 0 0
0 0 0
0 0 0
0 0 0
0 0 0
0 0 0
FRAME: 2
0 0 0
0 0 0
0 0 0
0 0 0
0 0 0
0 0 0
0 0 0
0 0 0
0 0 0
0 0 0
0 0 0
0 0 0
0 0 0
0 0 0
0 0 0
FRAME: 3
0 0 0
0 0 0
0 0 0
0 0 0
0 0 0
0 0 0
0 0 0
0 0 0
0 0 0
0 0 0
0 0 0
0 0 0
0 0 0
0 0 0
0 0 0
FRAME: 4
0 0 0
0 0 0
0 0 0
0 0 0
0 0 0
0 0 0
0 0 0
0 0 0
0 0 0
0 0 0
0 0 0
0 0 0
0 0 0
0 0 0
0 0 0
FRAME: 5
0 0 0
0 0 0
0 0 0
0 0 0
0 0 0
0 0 0
0 0 0
0 0 0
0 0 0
0 0 0
0 0 0
0 0 0
0 0 0
0 0 0
0 0 0
FRAME: 6
0 0 0
0 0 0
0 0 0
0 0 0
0 0 0
0 0 0
0 0 0
0 0 0
0 0 0
0 0 0
0 0 0
0 0 0
0 0 0
0 0 0
0 0 0
FRAME: 7
0 0 0
0 0 0
0 0 0
0 0 0
0 0 0
0 0 0
0 0 0
0 0 0
0 0 0
0 0 0
0 0 0
0 0 0
0 0 0
0 0 0
0 0 0
FRAME: 8
0 0 0
0 0 0
0 0 0
0 0 0
0 0 0
0 0 0
0 0 0
0 0 0
0 0 0
0 0 0
0 0 0
0 0 0
0 0 0
0 0 0
0 0 0
FRAME: 9
0 0 0
0 0 0
0 0 0
0 0 0
0 0 0
0 0 0
0 0 0
0 0 0
0 0 0
0 0 0
0 0 0
0 0 0
0 0 0
0 0 0
0 0 0
FRAME: 10
0 0 0
0 0 0
0 0 0
0 0 0
0 0 0
0 0 0
0 0 0
0 0 0
0 0 0
0 0 0
0 0 0
0 0 0
0 0 0
0 0 0
0 0 0
FRAME: 11
0 0 0
0 0 0
0 0 0
0 0 0
0 0 0
0 0 0
0 0 0
0 0 0
0 0 0
0 0 0
0 0 0
0 0 0
0 0 0
0 0 0
0 0 0
FRAME: 12
0 0 0
0 0 0
0 0 0
0 0 0
0 0 0
0 0 0
0 0 0
0 0 0
0 0 0
0 0 0
0 0 0
0 0 0
0 0 0
0 0 0
0 0 0
FRAME: 13
0 0 0
0 0 0
0 0 0
0 0 0
0 0 0
0 0 0
0 0 0
0 0 0
0 0 0
0 0 0
0 0 0
0 0 0
0 0 0
0 0 0
0 0 0
FRAME: 14
0 0 0
0 0 0
0 0 0
0 0 0
0 0 0
0 0 0
0 0 0
0 0 0
0 0 0
0 0 0
0 0 0
0 0 0
0 0 0
0 0 0
0 0 0
FRAME: 15
0 0 0
0 0 0
0 0 0
0 0 0
0 0 0
0 0 0
0 0 0
0 0 0
0 0 0
0 0 0
0 0 0
0 0 0
0 0 0
0 0 0
0 0 0
FRAME: 16
0 0 0
0 0 0
0 0 0
0 0 0
0 0 0
0 0 0
0 0 0
0 0 0
0 0 0
0 0 0
0 0 0
0 0 0
0 0 0
0 0 0
0 0 0
FRAME: 17
0 0 0
0 0 0
0 0 0
0 0 0
0 0 0
0 0 0
0 0 0
0 0 0
0 0 0
0 0 0
0 0 0
0 0 0
0 0 0
0 0 0
0 0 0
FRAME: 18
0 0 0
0 0 0
0 0 0
0 0 0
0 0 0
0 0 0
0 0 0
0 0 0
0 0 0
0 0 0
0 0 0
0 0 0
0 0 0
0 0 0
0 0 0
FRAME: 19
0 0 0
0 0 0
0 0 0
0 0 0
0 0 0
0 0 0
0 0 0
0 0 0
0 0 0
0 0 0
0 0 0
0 0 0
0 0 0
0 0 0
0 0 0
FRAME: 20
0 0 0
0 0 0
0 0 0
0 0 0
0 0 0
0 0 0
0 0 0
0 0 0
0 0 0
0 0 0
0 0 0
0 0 0
0 0 0
0 0 0
0 0 0
FRAME: 21
0 0 0
0 0 0
0 0 0
0 0 0
0 0 0
0 0 0
0 0 0
0 0 0
0 0 0
0 0 0
0 0 0
0 0 0
0 0 0
0 0 0
0 0 0
FRAME: 22
0 0 0
0 0 0
0 0 0
0 0 0
0 0 0
0 0 0
0 0 0
0 0 0
0 0 0
0 0 0
0 0 0
0 0 0
0 0 0
0 0 0
0 0 0
FRAME: 23
0 0 0
0 0 0
0 0 0
0 0 0
0 0 0
0 0 0
0 0 0
0 0 0
0 0 0
0 0 0
0 0 0
0 0 0
0 0 0
0 0 0
0 0 0
FRAME: 24
0 0 0
0 0 0
0 0 0
0 0 0
0 0 0
0 0 0
0 0 0
0 0 0
0 0 0
0 0 0
0 0 0
0 0 0
0 0 0
0 0 0
0 0 0
FRAME: 25
0 0 0
0 0 0
0 0 0
0 0 0
0 0 0
0 0 0
0 0 0
0 0 0
0 0 0
0 0 0
0 0 0
0 0 0
0 0 0
0 0 0
0 0 0
FRAME: 26
0 0 0
0 0 0
0 0 0
0 0 0
0 0 0
0 0 0
0 0 0
0 0 0
0 0 0
0 0 0
0 0 0
0 0 0
0 0 0
0 0 0
0 0 0
FRAME: 27
0 0 0
0 0 0
0 0 0
0 0 0
0 0 0
0 0 0
0 0 0
0 0 0
0 0 0
0 0 0
0 0 0
0 0 0
0 0 0
0 0 0
0 0 0
FRAME: 28
0 0 0
0 0 0
0 0 0
0 0 0
0 0 0
0 0 0
0 0 0
0 0 0
0 0 0
0 0 0
0 0 0
0 0 0
0 0 0
0 0 0
0 0 0
FRAME: 29
0 0 0
0 0 0
0 0 0
0 0 0
0 0 0
0 0 0
0 0 0
0 0 0
0 0 0
0 0 0
0 0 0
0 0 0
0 0 0
0 0 0
0 0 0
FRAME: 30
0 0 0
0 0 0
0 0 0
0 0 0
0 0 0
0 0 0
0 0 0
0 0 0
0 0 0
0 0 0
0 0 0
0 0 0
0 0 0
0 0 0
0 0 0
FRAME: 31
0 0 0
0 0 0
0 0 0
0 0 0
0 0 0
0 0 0
0 0 0
0 0 0
0 0 0
0 0 0
0 0 0
0 0 0
0 0 0
0 0 0
0 0 0
FRAME: 32
0 0 0
0 0 0
0 0 0
0 0 0
0 0 0
0 0 0
0 0 0
0 0 0
0 0 0
0 0 0
0 0 0
0 0 0
0 0 0
0 0 0
0 0 0
FRAME: 33
0 0 0
0 0 0
0 0 0
0 0 0
0 0 0
0 0 0
0 0 0
0 0 0
0 0 0
0 0 0
0 0 0
0 0 0
0 0 0
0 0 0
0 0 0
FRAME: 34
0 0 0
0 0 0
0 0 0
0 0 0
0 0 0
0 0 0
0 0 0
0 0 0
0 0 0
0 0 0
0 0 0
0 0 0
0 0 0
0 0 0
0 0 0
FRAME: 35
0 0 0
0 0 0
0 0 0
0 0 0
0 0 0
0 0 0
0 0 0
0 0 0
0 0 0
0 0 0
0 0 0
0 0 0
0 0 0
0 0 0
0 0 0
FRAME: 36
0 0 0
0 0 0
0 0 0
0 0 0
0 0 0
0 0 0
0 0 0
0 0 0
0 0 0
0 0 0
0 0 0
0 0 0
0 0 0
0 0 0
0 0 0
FRAME: 37
0 0 0
0 0 0
0 0 0
0 0 0
0 0 0
0 0 0
0 0 0
0 0 0
0 0 0
0 0 0
0 0 0
0 0 0
0 0 0
0 0 0
0 0 0
FRAME: 38
0 0 0
0 0 0
0 0 0
0 0 0
0 0 0
0 0 0
0 0 0
0 0 0
0 0 0
0 0 0
0 0 0
0 0 0
0 0 0
0 0 0
0 0 0
FRAME: 39
0 0 0
0 0 0
0 0 0
0 0 0
0 0 0
0 0 0
0 0 0
0 0 0
0 0 0
0 0 0
0 0 0
0 0 0
0 0 0
0 0 0
0 0 0
FRAME: 40
0 0 0
0 0 0
0 0 0
0 0 0
0 0 0
0 0 0
0 0 0
0 0 0
0 0 0
0 0 0
0 0 0
0 0 0
0 0 0
0 0 0
0 0 0
FRAME: 41
0 0 0
0 0 0
0 0 0
0 0 0
0 0 0
0 0 0
0 0 0
0 0 0
0 0 0
0 0 0
0 0 0
0 0 0
0 0 0
0 0 0
0 0 0
FRAME: 42
0 0 0
0 0 0
0 0 0
0 0 0
0 0 0
0 0 0
0 0 0
0 0 0
0 0 0
0 0 0
0 0 0
0 0 0
0 0 0
0 0 0
0 0 0
FRAME: 43
0 0 0
0 0 0
0 0 0
0 0 0
0 0 0
0 0 0
0 0 0
0 0 0
0 0 0
0 0 0
0 0 0
0 0 0
0 0 0
0 0 0
0 0 0
FRAME: 44
0 0 0
0 0 0
0 0 0
0 0 0
0 0 0
0 0 0
0 0 0
0 0 0
0 0 0
0 0 0
0 0 0
0 0 0
0 0 0
0 0 0
0 0 0
FRAME: 45
0 0 0
0 0 0
0 0 0
0 0 0
0 0 0
0 0 0
0 0 0
0 0 0
0 0 0
0 0 0
0 0 0
0 0 0
0 0 0
0 0 0
0 0 0
FRAME: 46
0 0 0
0 0 0
0 0 0
0 0 0
0 0 0
0 0 0
0 0 0
0 0 0
0 0 0
0 0 0
0 0 0
0 0 0
0 0 0
0 0 0
0 0 0
FRAME: 47
0 0 0
0 0 0
0 0 0
0 0 0
0 0 0
0 0 0
0 0 0
0 0 0
0 0 0
0 0 0
0 0 0
0 0 0
0 0 0
0 0 0
0 0 0
FRAME: 48
0 0 0
0 0 0
0 0 0
0 0 0
0 0 0
0 0 0
0 0 0
0 0 0
0 0 0
0 0 0
0 0 0
0 0 0
0 0 0
0 0 0
0 0 0
FRAME: 49
0 0 0
0 0 0
0 0 0
0 0 0
0 0 0
0 0 0
0 0 0
0 0 0
0 0 0
0 0 0
0 0 0
0 0 0
0 0 0
0 0 0
0 0 0
FRAME: 50
0 0 0
0 0 0
0 0 0
0 0 0
0 0 0
0 0 0
0 0 0
0 0 0
0 0 0
0 0 0
0 0 0
0 0 0
0 0 0
0 0 0
0 0 0
FRAME: 51
0 0 0
0 0 0
0 0 0
0 0 0
0 0 0
0 0 0
0 0 0
0 0 0
0 0 0
0 0 0
0 0 0
0 0 0
0 0 0
0 0 0
0 0 0
FRAME: 52
0 0 0
0 0 0
0 0 0
0 0 0
0 0 0
0 0 0
0 0 0
0 0 0
0 0 0
0 0 0
0 0 0
0 0 0
0 0 0
0 0 0
0 0 0
FRAME: 53
0 0 0
0 0 0
0 0 0
0 0 0
0 0 0
0 0 0
0 0 0
0 0 0
0 0 0
0 0 0
0 0 0
0 0 0
0 0 0
0 0 0
0 0 0
FRAME: 54
0 0 0
0 0 0
0 0 0
0 0 0
0 0 0
0 0 0
0 0 0
0 0 0
0 0 0
0 0 0
0 0 0
0 0 0
0 0 0
0 0 0
0 0 0
FRAME: 55
0 0 0
0 0 0
0 0 0
0 0 0
0 0 0
0 0 0
0 0 0
0 0 0
0 0 0
0 0 0
0 0 0
0 0 0
0 0 0
0 0 0
0 0 0
FRAME: 56
0 0 0
0 0 0
0 0 0
0 0 0
0 0 0
0 0 0
0 0 0
0 0 0
0 0 0
0 0 0
0 0 0
0 0 0
0 0 0
0 0 0
0 0 0
FRAME: 57
0 0 0
0 0 0
0 0 0
0 0 0
0 0 0
0 0 0
0 0 0
0 0 0
0 0 0
0 0 0
0 0 0
0 0 0
0 0 0
0 0 0
0 0 0
FRAME: 58
0 0 0
0 0 0
0 0 0
0 0 0
0 0 0
0 0 0
0 0 0
0 0 0
0 0 0
0 0 0
0 0 0
0 0 0
0 0 0
0 0 0
0 0 0
FRAME: 59
0 0 0
0 0 0
0 0 0
0 0 0
0 0 0
0 0 0
0 0 0
0 0 0
0 0 0
0 0 0
0 0 0
0 0 0
0 0 0
0 0 0
0 0 0
FRAME: 60
0 0 0
0 0 0
0 0 0
0 0 0
0 0 0
0 0 0
0 0 0
0 0 0
0 0 0
0 0 0
0 0 0
0 0 0
0 0 0
0 0 0
0 0 0
FRAME: 61
0 0 0
0 0 0
0 0 0
0 0 0
0 0 0
0 0 0
0 0 0
0 0 0
0 0 0
0 0 0
0 0 0
0 0 0
0 0 0
0 0 0
0 0 0
FRAME: 62
-79.8603 373.734 2554.59
-34.6438 -53.1615 2399.87
-738.355 -923.213 2848.81
311.82 -206.473 2315
-297.414 -281.908 2632.95
-402.989 -751.865 2649.67
-210.34 162.901 2479.13
-165.14 184.698 2605.24
-53.5198 19.1023 2745.82
-192.452 -914.817 2908.72
146.806 -94.1056 2797.69
-235.187 -251.959 2805.31
-79.8459 -624.082 2764.3
-119.941 206.495 2731.36
-215.72 -41.1176 2662.19
FRAME: 63
-64.2544 345.044 2571.94
-44.4218 -74.6743 2416.7
-730.999 -914.305 2844.26
295.318 -289.334 2336.08
-302.202 -319.241 2631.95
-393.047 -772.171 2636.99
-210.473 144.307 2496.23
-163.717 160.376 2618.11
-40.1735 -5.85869 2738.78
-199.542 -931.352 2919.36
179.619 -186.839 2651.52
-232.826 -296.147 2808.19
-95.8823 -649.974 2762.28
-116.961 176.444 2740
-215.615 -73.6594 2669.09
FRAME: 64
-51.5651 317.039 2587.24
-42.8193 -97.6427 2422.27
-729.325 -898.732 2843.75
288.878 -342.537 2336.65
-297.65 -322.999 2628.15
-386.087 -771.782 2635.86
-187.32 126.802 2495.92
-153.179 142.397 2623.04
-64.3956 -28.7286 2781.21
-204.085 -945.981 2923.52
134.561 -226.731 2667.91
-250.178 -303.26 2793.48
-96.3853 -656.345 2742.88
-119.038 157.992 2750.15
-213.547 -85.366 2666.93
FRAME: 65
-45.0091 306.69 2596.12
-40.0816 -121.26 2414.5
-723.619 -892.37 2838.86
270.97 -360.219 2336.57
-296.993 -325.572 2622.82
-387.372 -774.363 2633.03
-178.842 114.3 2491.87
-149.756 130.276 2624.59
-55.6716 -63.862 2736.37
-207.846 -950.855 2924.57
143.941 -284.353 2617.43
-258.033 -306.036 2788.72
-100.183 -650.445 2731.09
-120.671 146.252 2757.32
-213.635 -92.7639 2665.18
FRAME: 66
-41.3582 305.121 2597.84
-43.4846 -129.298 2411.27
-726.38 -888.547 2831.84
254.4 -376.952 2343.59
-295.436 -335.068 2623.94
-391.462 -782.896 2620.62
-174.253 106.784 2493.2
-146.551 121.23 2627.41
-46.5949 -74.1627 2723.82
-210.017 -951.22 2924.99
162.497 -301.01 2595.77
-260.16 -318.602 2779.65
-105.448 -666.209 2728.62
-118.85 135.677 2761.61
-212.175 -102.802 2664.6
FRAME: 67
-30.9593 307.676 2603.75
-60.818 -131.888 2409.46
-724.801 -907.409 2830.99
211.49 -379.938 2358.79
-300.497 -337.482 2615.86
-393.606 -768.55 2613.97
-174.886 107.37 2497.32
-143.263 118.257 2629.23
-43.0285 -87.8996 2717.66
-243.524 -953.908 2925.69
140.695 -313.402 2600.79
-258.787 -324.186 2780.31
-114.476 -675.515 2741.04
-111.639 129.145 2761.13
-211.452 -106.288 2663.66
FRAME: 68
-24.6319 320.71 2605.99
-101.107 -134.637 2410.71
-725.866 -904.914 2820.15
149.406 -377.563 2371.02
-305.549 -338.945 2606.38
-408.339 -763.625 2605.39
-187.81 116.28 2497.74
-142.886 122.791 2625.82
-28.1644 -93.2269 2712.36
-244.166 -943.202 2928.88
86.8268 -309.428 2672.66
-242.257 -330.012 2782.8
-101.656 -652.191 2757.12
-97.9624 129.302 2753.9
-208.395 -105.844 2660.2
FRAME: 69
-20.029 344.357 2603.6
-139.159 -128.661 2417.55
-731.938 -909.624 2813.09
82.1181 -365.218 2416.39
-308.476 -335.634 2595.14
-446.946 -740.239 2599.02
-202.958 124.656 2503.24
-146.206 126.214 2625.86
-52.1785 -95.7522 2815.74
-209.468 -946.762 2932.72
59.5889 -354.485 2731.23
-222.513 -333.471 2778.32
-101.975 -642.77 2762.28
-89.454 127.772 2748.48
-205.85 -104.169 2656.29
FRAME: 70
-20.2189 365.167 2596.86
-240.839 -85.112 2428.84
-745.604 -897.198 2807.23
-6.71537 -353.257 2441.64
-304.312 -306.715 2580.41
-470.699 -703.182 2591.9
-235.842 160.18 2506.8
-159.633 160.227 2618.83
-127.96 -16.6133 2860.97
-201.161 -956.842 2938.27
22.9614 -268.161 2680.95
-176.548 -307.14 2766.42
-102.038 -659.045 2754.05
-83.4231 160.273 2730.85
-200.031 -73.3504 2646.12
FRAME: 71
-16.6472 401.836 2595.78
-283.459 -73.0724 2457.03
-774.952 -891.117 2828.11
-57.5423 -299.691 2464.48
-317.683 -260.355 2611.57
-498.361 -664.167 2613.73
-235.443 178.591 2519.48
-150.424 178.837 2616.51
-140.923 1.22712 2852.22
-176.558 -960.291 2910.04
-70.9828 -175.827 2679.99
-171.282 -262.97 2771.31
-88.9667 -639.108 2747.43
-65.4047 179.082 2713.55
-197.453 -41.4128 2653.98
FRAME: 72
-19.1339 454.889 2595.63
-286.884 -47.05 2473.99
-792.778 -874.173 2846.42
-65.504 -235.432 2472.79
-313.408 -211.197 2640.5
-503.876 -615.416 2625.44
-225.167 224.904 2516.55
-136.628 224.218 2608.96
-64.0202 -1.46507 2800.27
-159.525 -950.373 2880.11
4.49072 -170.58 2787.23
-183.084 -213.182 2772.56
-78.7943 -612.54 2718.98
-48.0891 223.532 2701.37
-192.437 6.01404 2657.74
FRAME: 73
-12.0044 490.373 2598.62
-346.06 -16.5403 2531.76
-798.9 -870.761 2850.45
-124.746 -204.71 2484.56
-320.987 -206.257 2648.45
-525.492 -570.105 2631.96
-261.46 275.255 2538.54
-149.729 266.074 2594.73
73.5337 8.74295 2701.87
-154.332 -956.951 2871.23
153.977 -205.725 2758.58
-159.709 -220.346 2727.26
-82.4329 -620.555 2706.81
-37.9984 256.894 2650.92
-195.038 26.3865 2641.29
FRAME: 74
-15.2039 545.345 2589.47
-376.875 38.0027 2588.6
-735.28 -867.083 2835.83
-180.77 -181.267 2528.96
-336.243 -169.374 2640.8
-488.745 -546.981 2643.13
-282.846 313.919 2562.3
-149.738 296.048 2599.66
91.5334 26.8754 2643.82
-154.082 -941.978 2881.75
306.174 -162.131 2547.55
-131.801 -197.467 2697.16
-84.5207 -601.394 2708.86
-16.6305 278.177 2637.02
-191.88 56.3138 2634.32
FRAME: 75
-18.6895 584.33 2575.51
-382.928 62.0185 2606.71
-661.928 -861.572 2822.33
-199.107 -161.611 2503.44
-320.462 -126.433 2652.69
-461.817 -507.412 2650.33
-278.464 339.076 2564.05
-141.838 319.695 2589.59
102.942 49.4019 2599.25
-150.509 -924.445 2870.9
381.051 -173.995 2365.53
-125.533 -154.57 2689.35
-97.3253 -568.472 2698.69
-5.21229 300.314 2615.12
-182.418 89.5966 2630.3
FRAME: 76
-21.3681 616.375 2556.28
-369.103 93.7091 2599.95
-621.361 -844.728 2815.71
-216.153 -133.075 2483.25
-321.807 -76.3208 2654.42
-485.424 -456.17 2649.15
-268.907 381.794 2566.32
-124.943 353.755 2588.65
72.2973 156.887 2491.31
-144.377 -915.616 2871.24
20.339 214.396 2256.78
-126.466 -114.53 2684.71
-99.7367 -531.646 2710.37
19.021 325.716 2610.98
-174.54 129.165 2629.1
FRAME: 77
-26.9731 635.608 2544.82
-360.779 126.246 2598.73
-675.119 -813.138 2813.99
-226.093 -101.057 2487.86
-313.394 -47.0709 2661.67
-508.069 -426.249 2647.78
-286.897 393.394 2586.79
-132.841 366.066 2595.74
82.9248 231.412 2435.79
-133.89 -910.615 2874.42
-64.933 340.614 2218.37
-119.056 -82.6725 2672.64
-99.0035 -506.64 2714.73
21.2149 338.737 2604.69
-174.533 150.597 2631.45
FRAME: 78
-29.3407 663.882 2540.78
-353.041 224.636 2555.64
-658.559 -818.074 2830.41
-236.634 -63.4563 2479.47
-304.197 -27.0192 2671.12
-517.313 -415.171 2672.13
-297.323 450.035 2618.06
-146.485 430.438 2605.12
28.1188 306.129 2397.61
-124.641 -899.665 2858.7
-178.076 443.529 2275.56
-106.975 -53.3076 2654.14
-90.7545 -488.737 2702.42
4.35237 410.84 2592.18
-176.036 195.137 2633.88
FRAME: 79
-29.9728 674.731 2535.56
-379.04 256.772 2650.64
-626.426 -814.41 2848.41
-288.312 100.647 2492.88
-298.079 -23.8615 2682.82
-508.954 -403.024 2694.22
-300.991 463.376 2643.72
-153.207 446.311 2614.06
-27.1232 343.905 2371.49
-113.347 -895.236 2850.82
-305.69 483.24 2360.79
-100.269 -46.9317 2644.81
-85.6881 -476.9 2699.3
-5.42269 429.246 2584.4
-176.191 205.457 2638.94
FRAME: 80
-32.3403 683.218 2530.04
-358.066 274.269 2579.63
-596.007 -809.64 2873.38
-304.401 246.055 2468.28
-297.162 -22.382 2672.8
-494.143 -399.036 2720.14
-310.692 461.9 2642.01
-162.044 449.584 2609.35
-80.6192 381.551 2351.55
-83.2433 -898.435 2828.73
-296.495 535.657 2422.86
-91.355 -39.4068 2628.64
-72.8183 -478.085 2680.16
-13.3961 437.269 2576.69
-178.151 209.345 2630.04
FRAME: 81
-38.8683 679.657 2526.68
-349.737 285.256 2540.51
-558.366 -821.505 2905.6
-334.905 221.848 2505.48
-291.492 -33.1665 2682.78
-464.692 -418.562 2737.43
-312.3 442.164 2644.7
-166.688 432.015 2601.66
-149.745 384.069 2347.05
-60.496 -906.726 2810.38
-306.678 504.467 2506.98
-80.1586 -47.9793 2621.1
-64.7716 -483.262 2672.23
-21.0771 421.867 2558.63
-176.257 195.721 2626.8
FRAME: 82
-53.3883 683.067 2525.29
-355.825 288.503 2533.89
-506.686 -840.685 2941.45
-319.753 256.655 2483.5
-292.578 -42.929 2683.79
-440.017 -443.427 2772.58
-306.614 452.298 2642.63
-165.141 441.442 2594.1
-191.124 388.034 2377.49
-38.2625 -921.05 2784.59
-357.064 512.979 2512.03
-78.6861 -59.4945 2610.8
-54.973 -500.953 2651.36
-23.6672 430.586 2545.56
-175.386 195.115 2620.7
FRAME: 83
-61.0365 675.657 2526
-350.851 286.727 2506.41
-463.463 -865.909 2976.73
-274.48 302.314 2476.8
-290.26 -51.9632 2683.95
-398.94 -474.891 2785.4
-312.977 435.833 2639.37
-169.684 425.611 2587.32
-219.663 366.684 2392.52
-22.1964 -935.82 2765.35
-363.38 486.772 2529.81
-76.7155 -67.2099 2606.36
-47.5562 -510.437 2637.53
-26.3903 415.388 2535.27
-176.586 183.012 2616.24
FRAME: 84
-79.092 655.207 2527.93
-362.001 237.446 2628.45
-436.401 -873.002 2994.91
-334.028 146.537 2506
-280.95 -60.556 2689.89
-376.48 -496.574 2793.78
-302.902 422.633 2643.62
-168.925 412.321 2583.49
-236.694 343.186 2397.25
-14.8216 -943.893 2755.69
-376.429 440.255 2558.06
-76.5995 -76.3898 2598
-45.7233 -518.555 2625.91
-34.9487 402.009 2523.36
-173.85 171.924 2613.72
FRAME: 85
-95.9853 624.632 2526.49
-388.547 244.891 2637.33
-424.086 -873.842 3001.39
-334.765 225.246 2429.87
-271.814 -73.5967 2702.58
-365.962 -501.552 2797.83
-288.426 404.213 2656.25
-162.919 392.819 2588.96
-228.693 288.267 2406.53
-10.7411 -955.294 2752.22
-419.78 385.964 2537.81
-75.1406 -91.4837 2597
-47.3962 -534.717 2618.27
-37.4133 381.426 2521.68
-168.198 155.139 2619.38
FRAME: 86
-103.031 617.453 2524.1
-394.466 212.511 2680.36
-428.734 -884.4 3011.35
-361.326 128.747 2465.53
-270.511 -84.7095 2727.04
-376.617 -501.878 2831.63
-294.219 400.543 2669.23
-167.618 387.867 2595.15
-156.92 170.348 2469.03
-7.57605 -952.2 2754.68
-423.979 279.016 2526.82
-74.4102 -104.432 2612.2
-46.9308 -535.364 2619.22
-41.0166 375.191 2521.07
-170.039 146.648 2632.39
FRAME: 87
-109.983 618.729 2522.08
-389.767 263.522 2823.23
-436.687 -889.482 3015.01
-485.356 207.323 2671.03
-280.42 -79.2539 2738.28
-396.351 -501.419 2842.65
-302.689 408.501 2676.63
-173.367 395.172 2605.62
-125.379 141.268 2470
-3.74653 -951.681 2761.04
-405.705 188.829 2513.28
-80.6209 -99.8311 2628.48
-48.9441 -535.074 2631.95
-44.0449 381.843 2534.61
-176.944 152.815 2644.5
FRAME: 88
-121.666 626.412 2521.01
-396.545 242.208 2828.03
-450.663 -888.313 3017.22
-413.749 73.3108 2589.52
-297.108 -73.7182 2743.03
-404.717 -505.165 2840.4
-316.845 418.384 2684.13
-181.804 403.657 2612.05
-106.998 149.282 2474.68
-2.43375 -946.711 2773.94
-375.183 132.41 2511.51
-91.5645 -96.2513 2633.5
-54.1606 -533.121 2650.55
-46.7631 388.929 2539.98
-188.07 159.336 2650.16
FRAME: 89
-126.236 643.635 2520.7
-400.943 193.806 2803.14
-452.348 -882.652 3010.75
-376.502 32.4431 2545.59
-304.69 -65.3908 2745.42
-415.094 -492.712 2832.86
-330.126 427.319 2679.92
-191.745 413.556 2612.11
-35.995 142.333 2535.21
-13.6564 -946.142 2796.81
-292.477 58.7611 2487.77
-95.5688 -86.1202 2642.7
-59.889 -529.725 2680.82
-53.3639 399.794 2544.29
-195.937 168.9 2653.08
FRAME: 90
-133.02 645.694 2522.15
-410.564 196.827 2796.43
-454.455 -882.154 3004.58
-423.535 15.2422 2569.27
-311.505 -63.6649 2742.81
-417.36 -494.461 2827.42
-347.637 431.378 2681.25
-201.824 419.847 2620.78
2.44349 158.72 2577.45
-43.2887 -929.418 2837.74
-257.887 20.7913 2531.66
-104.205 -80.0679 2656.63
-70.3845 -519.053 2700.46
-56.0101 408.317 2560.3
-204.839 173.991 2660.25
FRAME: 91
-142.513 647.841 2530.57
-431.734 180.83 2792.1
-458.669 -881.513 3002.74
-436.504 5.94834 2572.77
-316.769 -65.2739 2746.4
-414.144 -497.709 2824.91
-359.393 421.964 2683.53
-208.246 411.327 2629.82
15.8701 141.706 2616.77
-76.6115 -917.694 2877.04
-251.91 -15.0731 2548.5
-110.603 -79.8286 2673.24
-90.087 -515.957 2715.91
-57.0991 400.69 2576.1
-210.966 169.388 2669.82
FRAME: 92
-157.258 646.952 2541.76
-454.623 161.229 2785.12
-460.027 -885.951 3000.85
-394.045 -23.6531 2553.43
-322.38 -71.6501 2745.15
-416.872 -501.072 2823.51
-372.012 409.181 2681.44
-217.405 400.766 2637.4
13.1133 123.626 2636.57
-85.4723 -914.192 2886.61
-241.128 -59.3397 2559.74
-119.331 -82.7109 2687.33
-99.962 -514.995 2726.7
-62.7971 392.352 2593.35
-219.13 161.793 2676.82
FRAME: 93
-170.703 635.453 2554.63
-471.378 147.452 2781.33
-462.856 -889.511 2997.88
-367.66 -30.0411 2498.04
-326.301 -85.5424 2747.38
-416.047 -507.679 2822.28
-382.275 393.081 2682.9
-223.211 385.921 2647.85
7.58397 101.534 2677.13
-86.8797 -915.358 2900.5
-216.438 -73.9168 2538.17
-128.614 -94.4206 2703.79
-104.672 -519.261 2742.75
-64.148 378.761 2612.79
-225.334 147.97 2686.71
FRAME: 94
-180.369 622.204 2565.66
-451.121 66.8324 2680.76
-464.162 -891.787 3001.88
-226.515 -5.51675 2409.13
-338.598 -107.13 2754.86
-417.185 -519.97 2828.9
-395.765 371.628 2671.02
-242.037 370.321 2654.6
-2.89057 108.497 2708.31
-90.9049 -919.937 2914.45
-124.952 -27.2247 2452.89
-134.491 -108.88 2733.03
-110.367 -530.587 2765.58
-88.3094 369.015 2638.17
-239.291 131.158 2699.27
FRAME: 95
-183.941 620.946 2570.99
-399.165 99.9079 2587.2
-479.958 -889.627 2995.9
-126.941 55.861 2391.33
-349.788 -104.545 2750.47
-439.096 -518.724 2823.31
-387.402 373.343 2640.93
-236.84 372.381 2651.85
0.417939 123.372 2705.16
-96.7571 -925.609 2922.16
-8.85575 54.1528 2421.15
-144.796 -105.89 2765.15
-115.858 -536.905 2783.02
-86.2787 371.419 2662.77
-242.066 133.582 2704.83
FRAME: 96
-184.539 621.027 2571.85
-368.185 122.18 2534.43
-507.998 -886.453 2982.59
-102.174 83.5976 2370.57
-358.769 -94.375 2737.94
-451.655 -515.323 2804.17
-370.758 370.36 2606.93
-218.883 365.857 2637.79
44.5593 116.089 2715.34
-109.175 -920.41 2915.78
37.1709 109.961 2387.68
-154.125 -100.336 2779.65
-120.064 -530.601 2782.92
-67.0076 361.355 2668.66
-237.665 134.251 2698.3
FRAME: 97
-180.958 620.915 2572.74
-332.516 132.31 2509.15
-554.19 -870.709 2957.64
-37.0201 94.4812 2348.41
-363.17 -88.309 2729.52
-444.172 -518.091 2764.9
-353.218 368.784 2588.43
-210.166 364.68 2637.41
61.5847 130.738 2713.54
-120.328 -922.302 2917.45
75.0557 118.878 2394.26
-167.041 -93.9077 2796.46
-123.085 -527.908 2789.17
-67.1137 360.577 2686.38
-237.636 136.786 2700.2
FRAME: 98
-174.192 621.717 2572.25
-280.63 129.204 2477.66
-593.841 -867.284 2929.26
81.0708 82.6512 2340.72
-359.831 -89.2271 2721.16
-443.461 -526.005 2739.69
-335.821 367.239 2581.54
-206.596 366.265 2642.07
89.0347 157.705 2727.41
-131.908 -917.81 2922.25
117.503 131.027 2486.15
-173.233 -90.8391 2808.2
-127.821 -519.766 2797.6
-77.3708 365.291 2702.6
-236.564 138.116 2703.37
FRAME: 99
-160.261 614.553 2577.51
-222.013 125.232 2449.08
-635.68 -895.683 2905.24
143.219 57.428 2327.33
-357.767 -104.312 2710.09
-445.58 -541.475 2724.13
-319.064 360.186 2577.79
-200.936 359.785 2654.75
84.7725 189.34 2790.94
-144.829 -908.4 2931.94
188.221 190.463 2625.14
-187.096 -105.011 2821.14
-133.142 -508.32 2805.7
-82.8082 359.385 2731.72
-236.684 127.562 2710.18
FRAME: 100
-143.258 589.761 2584.82
-184.249 133.462 2440.87
-659.063 -905.471 2887.91
172.397 31.2044 2298.85
-356.874 -119.727 2701.75
-453.85 -565.893 2708.4
-302.925 346.015 2576.04
-193.854 345.823 2664.01
65.217 226.822 2857.15
-158.234 -909.749 2940.1
252.481 248.417 2782.61
-196.178 -120.054 2831.3
-136.696 -511.085 2810.86
-84.7822 345.631 2751.98
-235.19 112.966 2715.27
FRAME: 101
-120.081 534.713 2594.59
-153.589 123.512 2438
-683.276 -909.526 2879.93
183.962 10.3614 2304.93
-357.272 -158.752 2693.81
-459.101 -589.798 2693.95
-291.742 320.404 2578
-195.172 321.535 2671.15
24.3041 176.903 2832.63
-160.842 -918.682 2946.43
207.035 164.248 2731.56
-206.745 -158.236 2837.56
-121.12 -537.313 2815.41
-98.6011 322.666 2764.31
-238.59 81.5207 2718.42
FRAME: 102
-108.662 508.467 2602.85
-102.788 85.9865 2430.89
-678.524 -912.055 2869.41
199.259 -24.8209 2303.23
-347.556 -185.742 2681.9
-430.57 -627.347 2666.17
-263.861 279.087 2559.17
-185.616 283.972 2670.3
-27.5833 158.797 2873.45
-170.776 -912.043 2949.98
175.921 123.074 2813.8
-231.308 -178.433 2846.17
-121.083 -542.071 2820.05
-107.372 288.858 2781.43
-237.524 50.9424 2717.17
FRAME: 103
-87.1537 460.317 2617.44
-63.5808 25.1433 2441.99
-673.404 -905.648 2868.29
294.384 -149.633 2349.13
-333.065 -210.07 2672.49
-412.713 -658.652 2654.77
-229.712 244.762 2547.31
-170.564 253.773 2668.88
-90.6518 120.048 2893.8
-177.599 -927.552 2947.36
65.5949 -3.36763 2748.54
-246.062 -197.01 2849.62
-126.544 -562.97 2818.19
-111.417 262.784 2790.44
-230.064 25.1165 2714.97
FRAME: 104
-71.9161 434.894 2627.6
-50.815 6.86284 2445.25
-671.656 -899.264 2863.01
284.966 -168.727 2311.46
-322.62 -232.78 2668.24
-402.982 -686.71 2638.6
-212.482 227.384 2544.75
-159.127 237.103 2669.42
-94.591 100.101 2903.7
-181.848 -928.369 2949.11
100.997 -39.8372 2698.09
-244.701 -218.762 2849.38
-118.653 -588.163 2818.75
-105.772 246.823 2794.09
-221.394 5.66636 2714.11
FRAME: 105
-61.879 416.168 2640.41
-45.6781 -8.53742 2459.64
-666.914 -896.585 2862.4
270.005 -197.687 2331.26
-318.271 -262.469 2657.21
-397.584 -705.214 2631.15
-203.752 214.712 2545.93
-153.345 222.728 2673.65
-93.8095 80.3927 2902.92
-187.774 -930.47 2951.25
88.8583 -45.6002 2744.82
-241.902 -250.555 2849.32
-110.974 -631.644 2828.86
-102.938 230.743 2801.36
-216.716 -16.8923 2713.46
FRAME: 106
-52.6972 402.944 2653.21
-48.4236 -14.9398 2468.85
-666.351 -891.248 2858.69
247.98 -206.507 2354.37
-308.945 -275.516 2648.28
-386.65 -717.774 2623.18
-190.408 203.449 2550.74
-144.735 209.479 2678.84
-87.3907 65.8015 2914.74
-191.459 -933.493 2952.97
91.1758 -71.4976 2762.17
-237.682 -266.456 2844.8
-112.399 -637.635 2830.35
-99.0625 215.51 2806.93
-209.025 -30.7533 2712.69
FRAME: 107
-47.1 397.316 2661.4
-30.9646 -44.2696 2466.14
-663.094 -886.05 2859.89
279.112 -250.042 2357.93
-297.377 -293.345 2644.01
-384.847 -733.506 2612.72
-176.746 190.696 2548.31
-138.525 196.445 2682.59
-79.6943 39.7021 2919.72
-194.967 -940.782 2951.41
126.944 -118.209 2722.09
-240.449 -285.623 2836.52
-108.427 -645.117 2817.74
-100.304 202.195 2816.87
-203.719 -46.5194 2711.43
FRAME: 108
-44.1986 386.719 2672.81
-31.0623 -57.2087 2470.81
-664.38 -887.68 2862.03
267.184 -271.194 2373.37
-289.485 -296.928 2639.6
-388.158 -739.357 2613.12
-168.547 184.386 2551.9
-134.539 188.39 2685.46
-52.8793 -1.14991 2867.14
-193.732 -938.135 2945.84
191.676 -195.5 2631.2
-240.45 -291.465 2827.96
-105.498 -644.964 2793.21
-100.531 192.394 2819.02
-199.753 -52.9032 2709.62
FRAME: 109
-44.5291 379.896 2682.38
-38.6126 -61.9769 2471.71
-662.337 -874.596 2860.62
252.587 -296.306 2395.73
-288.856 -302.355 2636.2
-394.822 -733.441 2611.48
-169.632 179.997 2555.25
-133.638 181.368 2689.25
-41.6833 -48.2109 2835.57
-197.311 -952.009 2943.83
244.131 -291.053 2558.94
-238.403 -300.675 2820.5
-113.26 -664.21 2786.01
-97.6436 182.74 2823.26
-198.634 -60.0736 2708.8
FRAME: 110
-41.8519 375.703 2685.77
-56.5562 -60.7844 2475.14
-661.392 -874.167 2857
217.737 -298.53 2399.24
-285.793 -302.083 2634.03
-394.872 -735.911 2605.05
-169.169 181.43 2556.47
-133.645 181.108 2688.87
-37.3382 -57.1581 2774.42
-193.649 -949.443 2939.52
249.268 -329.332 2493.2
-237.461 -302.864 2809.85
-107.71 -665.73 2768.4
-98.1211 180.787 2821.27
-197.636 -60.6827 2705.4
FRAME: 111
-37.7968 375.694 2688.84
-83.8152 -66.0301 2465.68
-668.659 -875.661 2850.54
181.066 -312.339 2416.78
-284.415 -300.602 2634.8
-407.369 -738.317 2598.19
-170.604 183.629 2555.17
-134.391 182.218 2688.21
-53.4108 -33.2439 2852.54
-190.64 -948.89 2928.91
171.83 -313.414 2663.83
-238.571 -302.699 2799.8
-107.935 -681.712 2763.39
-98.1776 180.806 2821.25
-197.942 -59.7162 2702.75
FRAME: 112
-35.2749 380.729 2684.23
-128.119 -72.0302 2452.98
-672.645 -882.263 2838.17
98.0004 -307.566 2454.21
-296.757 -298.569 2619.38
-406.606 -728.397 2586.55
-191.384 190.564 2551.92
-141.299 184.157 2682.34
-81.5256 -28.9728 2879.35
-190.879 -950.117 2928.36
61.4095 -281.081 2777.26
-229.951 -307.365 2790.83
-120.264 -694.058 2772.71
-91.2131 177.751 2812.77
-202.326 -59.4048 2693.72
FRAME: 113
-36.9964 388.384 2677.26
-198.629 -48.8457 2453.4
-679.393 -880.761 2820.03
6.89026 -286.875 2484.94
-315.757 -296.785 2602.78
-413.498 -709.725 2577.58
-224.99 197.938 2557.58
-156.277 186.716 2678.64
-114.166 -32.8602 2913.85
-191.423 -959.627 2938.28
40.1433 -291.61 2890.73
-211.46 -314.099 2784.75
-145.032 -696.105 2770.86
-87.5638 175.495 2799.7
-209.943 -59.3628 2686.2
FRAME: 114
-38.7429 408.965 2672.78
-283.826 -34.1347 2479
-693.391 -868.539 2814.8
-60.8394 -260.185 2520.11
-318.928 -272.614 2617.44
-424.711 -645.892 2572.97
-249.479 209.033 2572.77
-169.976 201.271 2682.41
-115.863 -9.74681 2898.3
-179.809 -969.274 2926.15
-10.8925 -200.043 2938.61
-189.183 -285.885 2794.62
-121.645 -661.075 2761.6
-90.4739 193.509 2792.05
-212.016 -38.9896 2694.22
FRAME: 115
-41.2565 432.931 2668.72
-314.494 -32.5498 2500.35
-682.592 -886.596 2841.6
-98.9888 -209.365 2535.48
-332.221 -258.319 2625.53
-475.335 -620.295 2594.27
-272.412 221.621 2572.24
-180.743 214.825 2671.69
-109.411 -11.0351 2892.78
-167.119 -963.72 2907.45
-19.1214 -177.003 2926.81
-180.696 -270.205 2786.96
-108.482 -635.568 2762.56
-89.0737 208.028 2771.14
-218.601 -24.7186 2688.97
FRAME: 116
-40.8817 472.27 2662.3
-360.083 -10.782 2558.88
-722.373 -883.136 2855.64
-178.684 -200.869 2556.59
-350.327 -236.643 2630.28
-525.01 -625.65 2629.32
-302.086 263.481 2590.03
-188.081 250.539 2663.53
-76.6281 9.92751 2840.43
-155.185 -964.287 2902.75
1.78672 -163.797 2862.27
-169.349 -257.654 2747
-106.414 -631.038 2758.48
-74.0757 237.597 2737.02
-223.959 1.69533 2676.08
FRAME: 117
-44.838 576.886 2635.45
-404.575 20.9452 2613.26
-751.915 -883.394 2876.13
-247.554 -202.561 2551.17
-370.595 -186.701 2659.51
-588.997 -554.862 2646.65
-337.86 324.938 2612.84
-193.539 308.725 2645.09
49.907 37.0498 2649.9
-141.034 -951.126 2877.8
164.663 -146.395 2596.55
-149.275 -211.989 2709.3
-101.703 -610.032 2731.93
-49.2181 292.512 2677.35
-226.737 54.6899 2664.75
FRAME: 118
-52.3183 611.91 2624.21
-450.603 94.192 2661.16
-750.147 -887.887 2858.38
-287.218 -154.154 2534.51
-380.356 -129.738 2662.25
-600.57 -508.291 2664.05
-347.836 356.889 2613.55
-196.83 338.548 2629.71
49.4476 52.1505 2623.68
-140.842 -936.726 2868.74
173.398 -98.0148 2348.59
-140.171 -159.131 2687.99
-111.596 -575.727 2724.39
-45.8242 320.207 2645.87
-228.547 97.0567 2652.41
FRAME: 119
-57.711 641.133 2605.96
-440.687 145.939 2647.4
-733.974 -863.473 2839.5
-281.454 -76.5166 2517.62
-370.696 -77.2617 2660.89
-600.02 -465.12 2672.7
-351.275 418.014 2608.53
-189.499 397.863 2622.37
54.2404 96.2736 2555.34
-143.599 -933.37 2860.85
30.5906 100.473 2167.69
-137.244 -106.365 2681.05
-136.482 -522.098 2717.57
-27.7233 377.711 2636.21
-221.735 153.025 2646.67
FRAME: 120
-70.3912 677.634 2588.88
-438.32 189.204 2661.55
-705.783 -838.831 2827.05
-279.117 6.98394 2444.21
-377.418 -35.9225 2661.81
-599.182 -424.721 2679.87
-346.864 454.946 2615.18
-187.274 428.761 2622.1
-18.0028 201.09 2542.42
-144.567 -922.835 2856.6
-102.251 189.113 2279.97
-160.264 -71.7207 2671.32
-146.505 -507.4 2720.8
-27.6842 402.576 2629.01
-228.058 187.47 2644.33
FRAME: 121
-82.4379 686.021 2581.1
-423.92 243.966 2629.33
-680.85 -822.83 2823.08
-346.652 22.4536 2478.11
-379.917 -15.7732 2669.38
-585.987 -409.036 2692.4
-353.279 472.271 2644.08
-194.511 444.856 2639.44
-12.3973 269.662 2480.58
-150.54 -913.626 2849.4
-315.238 398.927 2299.52
-173.906 -51.3929 2663.61
-159.124 -490.07 2716.36
-35.7433 417.441 2634.8
-235.711 205.637 2652.97
FRAME: 122
-84.7861 692.931 2574.71
-453.547 325.945 2699.72
-645.412 -817.467 2846.4
-395.677 130.382 2485.06
-387.657 2.88649 2682.03
-578.035 -407.059 2704.95
-385.541 483.694 2673.86
-221.933 463.231 2655.89
-58.2047 353.444 2443.75
-166.962 -905.797 2835.45
-370.546 474.21 2344.63
-175.439 -23.7578 2658.84
-166.947 -473.947 2705.56
-58.3245 442.767 2637.92
-251.74 226.398 2663.16
FRAME: 123
-92.6085 706.356 2570.51
-438.379 326.608 2630.86
-611.434 -812.824 2862.48
-402.322 163.819 2443.12
-392.89 16.0657 2687.2
-563.181 -398.355 2713.04
-388.986 515.646 2681.79
-232.966 497.878 2649.52
-134.552 412.311 2391.77
-180.105 -902.083 2820.9
-428.343 532.673 2436.06
-180.597 -8.16543 2642.66
-179.547 -458.35 2693.15
-76.9458 480.111 2617.24
-259.855 250.914 2657.23
FRAME: 124
-103.8 713.833 2553.09
-438.186 328.524 2654.59
-568.783 -811.146 2889.15
-432.207 206.881 2481.9
-396.334 26.8557 2700.22
-550.705 -399.064 2728.88
-379.617 515.466 2686.09
-232.031 495.115 2643.76
-216.075 436.972 2380.58
-194.05 -915.889 2805.88
-452.496 560.093 2495.67
-190.164 -1.94261 2640.18
-190.253 -464.136 2682.52
-84.446 474.764 2601.43
-262.64 253.786 2656.98
FRAME: 125
-129.881 702.516 2552.87
-431.354 303.837 2691.24
-493.588 -847.405 2942.88
-446.705 272.597 2505.19
-396.998 14.5644 2719.65
-498.37 -440.126 2775.6
-371.139 503.618 2707.48
-235.784 482.712 2646.64
-273.436 433.998 2396.52
-201.089 -943.719 2781.18
-423.616 552.84 2535.38
-201.972 -15.8944 2631.04
-205.516 -493.124 2653.25
-100.428 461.807 2585.81
-267.634 241.024 2660.99
FRAME: 126
-151.282 684.574 2553.08
-425.41 292.182 2712.27
-457.312 -842.812 2980.97
-467.653 270.569 2513.26
-393.378 -3.15323 2731.24
-480.192 -451.581 2793.05
-372.337 477.298 2711.45
-248.598 458.352 2637.68
-299.267 387.139 2417.58
-207.813 -962.18 2758.69
-322.254 520.302 2538.14
-207.706 -31.7531 2619.72
-216.92 -517.357 2632.32
-124.859 439.406 2563.9
-274.57 220.449 2656.58
FRAME: 127
-170.668 657.661 2553.18
-416.726 261.776 2765.1
-423.516 -856.624 3011.64
-612.684 183.363 2629.79
-382.949 -32.6674 2743.65
-464.179 -483.328 2807.54
-366.578 451.985 2724.5
-260.872 435.117 2636.53
-289.403 364.723 2442.96
-213.3 -969.231 2747.12
-220.58 487.417 2559.66
-225.326 -57.8086 2612.23
-233.868 -536.938 2617.82
-155.167 418.249 2548.55
-282.505 194.94 2657.23
FRAME: 128
-187.422 614.33 2558.84
-415.359 244.884 2799.13
-414.481 -849.218 3020.19
-666.791 140.794 2715.63
-377.938 -65.1749 2759.65
-454.772 -497.445 2817.02
-358.94 427.714 2742.65
-260.265 410.144 2642.4
-333.215 342.854 2443.9
-210.846 -990.427 2746.49
-203.795 428.722 2566.94
-231.019 -91.343 2610.69
-238.786 -564.969 2615.87
-161.591 392.574 2542.15
-282.372 165.943 2663.78
FRAME: 129
-199.164 602.454 2563.04
-418.157 255.032 2782.92
-411.655 -855.349 3027.02
-662.459 99.283 2781.84
-380.529 -99.4859 2786.59
-453.757 -515.879 2833.79
-357.301 393.476 2757.83
-261.295 373.645 2651.24
-368.084 279.897 2460.4
-212.733 -1001.33 2746.29
-198.731 421.287 2559.41
-231.166 -130.571 2619.92
-245.858 -584.619 2611.93
-165.289 353.814 2544.64
-283.571 129.308 2677.25
FRAME: 130
-204.75 594.583 2564.68
-426.78 207.928 2831.93
-397.861 -865.811 3027.49
-666.275 28.3479 2850.98
-377.515 -108.387 2788.74
-452.287 -529.021 2841.25
-349.013 379.812 2762.41
-257.079 357.935 2651.5
-386.76 290.838 2475.29
-211.732 -999.318 2747.74
-183.723 427.455 2537.86
-239.531 -141.375 2622.07
-253.441 -588.439 2610.25
-165.145 336.059 2540.59
-282.801 116.527 2678.45
FRAME: 131
-212.928 594.149 2563.39
-423.305 225.73 2807.89
-402.737 -874.09 3029
-627.765 26.6686 2868.4
-376.895 -107.734 2783.58
-460.678 -530.412 2838.88
-355.256 377.503 2758.87
-265.043 357.741 2651.08
-406.916 252.607 2471.52
-211.947 -987.904 2752.65
-198.245 399.072 2536.3
-242.606 -137.224 2623.03
-252.585 -581.514 2617.12
-174.831 337.98 2543.3
-287.397 117.631 2677.2
FRAME: 132
-220.528 596.812 2565.09
-429.095 224.917 2821.56
-407.001 -872.73 3027.14
-595.634 14.7154 2894.51
-383.727 -102.347 2782.49
-458.171 -529.365 2836.83
-357.714 380.132 2755.22
-268.746 360.316 2651.06
-391.625 248.201 2479.12
-212.426 -986.82 2754.43
-264.987 391.402 2566.59
-247.508 -132.729 2623.05
-252.952 -580.044 2622.69
-179.778 340.5 2546.89
-292.182 121.389 2676.91
FRAME: 133
-223.031 614.922 2564.8
-430.985 194.874 2847.91
-410.558 -879.735 3024.18
-555.733 -34.3459 2923.04
-387.518 -100.228 2778.48
-460.4 -529.742 2840.78
-368.656 394.706 2748.12
-274.854 375.653 2648.8
-385.003 247.049 2478.7
-211.107 -978.021 2762.05
-417.871 376.758 2587.82
-245.728 -128.982 2628.57
-248.251 -568.926 2635.42
-181.052 356.601 2549.48
-295.738 130.524 2676.16
FRAME: 134
-228.017 631.775 2562.42
-427.525 214.301 2830.66
-413.429 -876.884 3022.22
-528.681 97.9829 2741.55
-394.185 -93.2892 2779.28
-459.126 -519.438 2842.91
-375.964 407.232 2747.91
-277.45 388.26 2649.8
-344.703 193.742 2487.49
-212.963 -971.018 2769.28
-505.319 315.769 2590.94
-243.532 -122.295 2629.32
-244.035 -562.983 2646.54
-178.937 369.289 2551.7
-298.154 140.234 2677.05
FRAME: 135
-228.663 637.578 2562.09
-427.741 223.425 2848.54
-416.089 -880.434 3020.33
-532.606 183.785 2759.03
-399.941 -84.3533 2781.79
-462.098 -513.528 2843.7
-395.854 421.417 2743.68
-287.016 402.413 2648.63
-330.752 190.299 2489.9
-212.174 -965.508 2776.29
-560.392 242.972 2582.35
-240.157 -112.383 2641.86
-240.118 -549.289 2660.42
-178.178 383.408 2553.58
-303.533 152.022 2680.23
FRAME: 136
-231.865 640.881 2564.72
-462.034 254.535 2863.73
-416.931 -883.369 3013.79
-646.631 239.825 2851.77
-401.325 -84.9367 2782.22
-462.311 -521.283 2838.76
-411.966 422.898 2753.17
-297.204 407.203 2657.12
-308.932 168.818 2491.42
-209.613 -960.511 2784.62
-564.963 207.381 2585.18
-237.818 -107.521 2645.21
-235.372 -545.788 2669.4
-182.443 391.508 2561.07
-308.388 155.487 2685.42
FRAME: 137
-238.063 641.605 2565.28
-447.287 230.692 2866.47
-418.497 -887.697 3014.92
-633.986 195.495 2785.44
-406.87 -85.3171 2784.48
-461.585 -524.77 2841.17
-425.939 418.478 2740.06
-308.657 403.623 2650.93
-280.388 149.383 2505.11
-206.944 -957.403 2787.79
-525.34 104.645 2525.47
-234.416 -107.29 2653.29
-231.876 -542.631 2675.71
-191.375 388.768 2561.79
-314.65 153.66 2684.91
FRAME: 138
-246.505 639.471 2570.55
-441.085 225.718 2873.28
-417.789 -891.041 3018.2
-502.569 42.4117 2702.01
-410.424 -87.7321 2784.54
-460.335 -533.378 2841.17
-437.58 413.136 2745.94
-315.662 400.457 2658.45
-215.397 106.564 2539.73
-205.874 -961.242 2785.16
-556.132 68.1726 2572.12
-234.358 -106.093 2658.15
-229.115 -542.984 2678.76
-193.744 387.779 2570.96
-319.026 151.772 2689.9
FRAME: 139
-265.788 636.251 2579.7
-444.791 208.848 2878.25
-419.49 -892.988 3015.99
-519.677 -46.5068 2647.77
-416.6 -92.7713 2784.08
-463.022 -535.627 2838.37
-451.21 404.984 2743.76
-325.731 395.917 2666.88
-162.779 110.21 2578.25
-202.125 -961.456 2791.09
-422.424 -75.9872 2517.84
-231.838 -106.099 2670.87
-225.259 -543.056 2685.99
-200.252 386.85 2589.99
-324.975 148.241 2697.18
FRAME: 140
-278.455 639.966 2583.07
-482.844 159.787 2867.08
-422.026 -897.465 3011.39
-507.58 -70.585 2781.8
-419.677 -86.9564 2785.83
-462.794 -533.785 2835.27
-461.79 404.485 2743.32
-331.065 396.179 2672.1
-154.534 112.528 2590.97
-199.865 -955.922 2798.19
-377.923 -140.639 2520.96
-235.068 -98.7121 2685.31
-221.456 -537.271 2693.42
-200.34 387.874 2600.87
-329.218 151.673 2703.83
FRAME: 141
-289.269 642.532 2588
-509.963 135.086 2869.25
-423.404 -901.818 3012.25
-604.808 -178.517 2950
-428.501 -76.456 2787.15
-467.531 -536.549 2835.61
-468.426 405.556 2745.96
-332.505 397.641 2680.67
-142.912 106.707 2627.52
-198.549 -951.272 2804.41
-288.413 -184.307 2540.86
-234.716 -87.7806 2694.02
-221.872 -530.495 2697.57
-196.583 389.727 2615.38
-332.057 157.761 2710.63
FRAME: 142
-298.015 647.137 2592.87
-525.927 132.11 2864.9
-423.267 -895.194 3015.07
-652.765 -215.278 2921.97
-438.32 -77.8531 2786.25
-468.698 -530.702 2834.88
-480.367 405.861 2743.89
-338.025 398.758 2683.78
-139.924 112 2655.3
-198.882 -950.498 2811.14
-202.08 -171.357 2545.71
-235.393 -88.0239 2700.49
-222.947 -531.201 2703.41
-195.683 391.656 2623.67
-337.441 157.91 2713.58
FRAME: 143
-304.451 648.867 2595.03
-547.535 129.981 2854.14
-422.457 -892.702 3020.13
-693.09 -198.374 2844.62
-446.83 -75.5085 2782.64
-467.716 -526.609 2838.5
-492.746 403.435 2738.28
-341.989 397.435 2686.21
-136.827 107.283 2670.79
-200.569 -952.392 2809.63
-116.631 -224.459 2573.2
-233.889 -84.01 2709.07
-222.335 -528.243 2699.54
-191.232 391.434 2634.13
-341.174 158.838 2716.03
FRAME: 144
-307.046 653.43 2601.44
-577.937 124.941 2842.84
-420.242 -893.559 3019.27
-732.805 -190.968 2778.02
-450.344 -81.4817 2780.52
-467.544 -529.8 2835.74
-502.998 398.471 2738.32
-347.703 394.454 2690.93
-136.506 101.731 2695.72
-200.526 -953.137 2811.88
-55.749 -231.265 2583.57
-235.271 -87.0766 2714.83
-221.139 -532.607 2712.55
-192.408 390.437 2643.54
-345.255 155.088 2719.3
FRAME: 145
-310.227 656.204 2603.21
-612.917 131.194 2813.11
-419.288 -896.785 3023.79
-749.067 -176.404 2726.67
-450.919 -79.4038 2778.71
-467.106 -530.558 2838.5
-509.896 395.819 2731.87
-350.486 393.956 2691.04
-129.092 105.043 2710.54
-200.086 -952.569 2814.38
13.5903 -210.009 2630.64
-230.865 -82.0498 2722.25
-219.227 -533.422 2725.78
-191.077 392.094 2650.21
-345.689 156.615 2720.76
FRAME: 146
-313.607 657.899 2606.68
-636.599 129.476 2786.95
-419.24 -901.064 3024.21
-766.34 -163.156 2692.28
-449.085 -85.2081 2779.64
-466.319 -541.15 2840.56
-515.267 392.441 2728.07
-354.943 393.033 2692.79
-121.354 109.939 2720.87
-196.725 -949.786 2821.26
71.4605 -186.096 2660.03
-229.897 -84.4575 2731.35
-219.109 -537.597 2737.81
-194.619 393.626 2657.5
-347.217 154.1 2724.14
FRAME: 147
-313.796 654.93 2608.55
-646.917 133.996 2759.54
-415.983 -903.339 3026.55
-789.605 -149.29 2638.32
-451.757 -86.8185 2778.16
-463.766 -542.956 2847.59
-516.659 389.309 2725.19
-355.199 390.196 2694.79
-109.922 113.889 2731.04
-193.723 -951.295 2826.56
135.858 -155.038 2728.4
-229.901 -85.62 2736.4
-215.902 -536.529 2741.42
-193.738 391.083 2664.39
-348.014 151.988 2726.04
FRAME: 148
-313.161 653.036 2607.71
-657.836 131.834 2736.44
-416.062 -903.674 3026.63
-797.725 -139.123 2633.06
-452.055 -88.5707 2778.34
-464.175 -544.096 2846.38
-519.199 387.982 2720.27
-357.902 390.719 2697.21
-96.5591 127.793 2742.25
-186.98 -948.681 2828.72
194.659 -121.126 2769.26
-228.949 -84.7989 2746.51
-209.033 -533.702 2749
-196.605 393.457 2674.16
-349.202 152.017 2729.82
FRAME: 149
-309.653 646.97 2605.58
-657.788 142.457 2700.74
-416.295 -901.539 3027.4
-800.662 -103.892 2553.84
-452.029 -91.8735 2779.24
-462.955 -545.34 2846.26
-519.185 386.336 2717.59
-357.669 389.899 2700.04
-73.4164 141.708 2756.63
-168.486 -946.141 2831.91
223.406 -30.8131 2852.39
-227.701 -86.9452 2754.92
-187.219 -523.451 2757.02
-196.153 393.462 2682.5
-348.767 150.245 2733.56
FRAME: 150
-304.822 641.594 2602.06
-652.148 146.672 2675.81
-415.027 -902.994 3028.24
-788.866 -100.772 2540.22
-449.762 -91.115 2778.27
-458.163 -546.285 2848.18
-519.008 384.876 2714.06
-358.17 390.428 2702.66
-64.0977 159.322 2773.51
-154.703 -940.644 2839.26
267.226 -1.70234 2904.42
-224.046 -83.3275 2762.29
-177.14 -516.38 2757.94
-197.333 395.98 2691.25
-347.537 151.603 2736.47
FRAME: 151
-296.711 629.433 2594.57
-648.738 151.494 2657.55
-415.815 -901.669 3027.4
-780.866 -97.5023 2519.61
-449.421 -89.7208 2778.02
-456.075 -544.425 2850.43
-517.699 388.117 2711.78
-356.827 394.401 2705.79
-59.9086 171.905 2789.05
-143.066 -934.023 2848
235.254 31.0465 2934.58
-221.616 -80.8055 2769.59
-168.348 -512.071 2761.13
-195.955 400.685 2699.81
-346.173 154.569 2739.8
FRAME: 152
-290.581 625.851 2589.75
-642.799 152.532 2643.1
-416.056 -900.307 3027.68
-769.702 -102.023 2487.88
-447.928 -88.0248 2775.6
-452.566 -533.504 2853.34
-514.352 389.704 2706.27
-353.544 396.259 2705.03
-57.7932 181.278 2806.09
-134.164 -929.568 2856.84
212.005 47.4886 2950.12
-219.211 -78.7163 2773.92
-160.608 -509.431 2763.59
-192.735 402.814 2703.79
-343.557 156.444 2739.9
FRAME: 153
-282.778 616.732 2585.27
-637.123 153.623 2641.1
-417.606 -894.413 3025.22
-731.815 -76.4245 2357.82
-445.204 -88.6208 2770.86
-448.922 -528.013 2851.77
-505.952 394.359 2701.89
-346.968 400.258 2704.48
-62.3262 187.664 2815.36
-126.963 -927.989 2864.81
218.809 53.7932 2994.03
-215.158 -80.0627 2774.54
-153.535 -506.301 2768.77
-187.985 406.157 2707.08
-338.575 157.958 2738.59
FRAME: 154
-269.574 605.315 2580.97
-620.168 152.601 2636.57
-418.313 -895.167 3025.33
-690.047 -76.3914 2314.71
-440.367 -89.291 2770.69
-443.982 -534.035 2851.24
-503.239 393.645 2701.11
-343.976 399.991 2705.37
-66.6999 195.116 2826.63
-119.411 -932.537 2878.4
193.427 57.2974 3006.4
-212.719 -80.238 2776.89
-147.525 -510.747 2777.47
-184.713 406.338 2709.63
-335.26 157.613 2739.58
FRAME: 155
-256.055 601.952 2572.86
-604.064 151.353 2636.5
-417.734 -893.175 3021.54
-654.36 -95.6835 2354.56
-435.87 -88.5143 2768.18
-435.663 -525.594 2851.54
-491.815 393.694 2696.32
-331.805 398.607 2703.55
-64.4972 197.621 2837.23
-118.608 -936.951 2896.86
172.405 46.1156 3044.95
-204.306 -81.4265 2778.53
-143.572 -519.597 2793.02
-171.795 403.521 2710.79
-325.947 156.818 2738.46
FRAME: 156
-233.087 588.156 2555.79
-590.767 147.891 2635.83
-416.746 -900.493 3021.63
-607.829 -105.448 2342
-425.171 -86.2644 2765.96
-427.438 -532.575 2844.89
-478.968 396.826 2689.99
-321.379 401.424 2699.96
-62.1326 194.829 2841.65
-117.773 -929.599 2896.84
159.25 37.0277 3054.28
-198.935 -79.6918 2780.21
-146.656 -516.783 2797.97
-163.789 406.021 2709.93
-316.716 159.223 2736.52
FRAME: 157
-218.108 586.666 2552.13
-567.591 141.217 2645.42
-416.83 -907.549 3015.62
-556.316 -121.798 2359.98
-415.14 -90.0079 2759.41
-421.6 -535.386 2838
-457.859 393.034 2681.56
-301.979 396.251 2696.97
-52.9941 179.871 2845.81
-118.025 -927.13 2903.37
130.66 16.5513 3045.82
-183.497 -85.2538 2782.31
-140.395 -516.251 2804.84
-146.098 399.468 2712.39
-300.648 154.31 2733.92
FRAME: 158
-186.715 571.446 2539.63
-529.887 128.237 2658.9
-416.219 -910.101 3016.91
-471.151 -165.046 2436.61
-383.052 -91.3793 2746.66
-411.142 -530.643 2836.79
-429.165 381.49 2663.44
-273.144 385.175 2684.93
-47.1556 160.458 2844.11
-117.328 -921.7 2902.4
99.4252 -6.95016 3070.32
-162.29 -86.1772 2777.12
-133.505 -514.519 2806.33
-117.124 388.86 2706.42
-272.908 148.198 2723.41
FRAME: 159
-148.877 554.489 2521.56
-496.597 107.643 2666.87
-415.295 -904.093 3010.36
-430.843 -184.557 2480.82
-364.193 -96.5702 2740.92
-403.842 -524.96 2834.33
-407.504 376.026 2648.73
-252.531 379.904 2675.44
-47.1282 147.306 2844.17
-118.136 -926.587 2901.42
79.363 -17.1104 3070.23
-146.431 -91.1127 2778.54
-130.016 -517.83 2806.52
-97.5572 383.782 2702.16
-253.921 143.031 2717.59
FRAME: 160
-130.579 551.792 2519.72
-468.943 99.3972 2668.93
-416.042 -896.481 3002.12
-396.967 -201.757 2545.99
-348.643 -95.4079 2741.05
-395.206 -517.94 2828.1
-386.029 369.802 2639.29
-234.543 373.928 2670.15
-46.651 139.396 2849.28
-119.169 -934.641 2899.16
74.8749 -37.8004 3059.89
-132.893 -89.5478 2785
-124.698 -523.464 2803.45
-83.0561 378.055 2701
-237.655 140.725 2716.58
FRAME: 161
-102.623 539.427 2516.72
-442.062 95.4534 2684.36
-421.307 -885.132 2987.13
-360.132 -203.278 2597.06
-339.712 -104.143 2737.76
-388.006 -507.03 2817.13
-365.341 361.22 2632.48
-217.321 363.724 2668.8
-48.2038 120.36 2863.21
-119.645 -938.769 2900.2
85.5235 -76.0484 3064.87
-125.774 -100.556 2790.34
-121.194 -527.107 2805.56
-69.3004 366.229 2705.12
-225.032 130.687 2716.42
FRAME: 162
-81.8576 529.549 2512.4
-420.181 81.6203 2689.87
-426.242 -881.577 2977.03
-320.242 -234.974 2630.57
-331.972 -104.177 2732.91
-386.046 -506.452 2809.57
-340.621 362.428 2626.91
-198.315 362.319 2667.84
-43.2468 117.841 2866.92
-119.435 -945.149 2906.01
86.6902 -91.6269 3047.48
-120.176 -104.394 2793.83
-115.789 -533.877 2809.6
-56.0085 362.211 2708.77
-212.194 129.017 2715.61
FRAME: 163
-72.2988 524.122 2510.07
-411.91 81.8903 2695.87
-429.535 -879.847 2968.2
-309.262 -166.681 2660.4
-327.023 -105.401 2730.27
-379.084 -518.342 2786.99
-326.961 362.448 2623.14
-186.136 360.948 2665.75
-27.0598 101.372 2864.49
-120.281 -946.115 2906.55
95.6409 -92.5041 3047.09
-113.794 -107.744 2794.87
-113.117 -535.766 2811.08
-45.3108 359.447 2708.35
-203.272 127.188 2714.16
FRAME: 164
-50.2319 527.417 2501.23
-403.218 85.037 2691.99
-432.284 -879.428 2958.86
-321.023 -204.957 2648.68
-323.724 -104.722 2729.92
-372.297 -529.323 2769.74
-317.178 363.194 2617.63
-174.655 359.679 2658.43
-17.1213 116.192 2840.62
-118.823 -946.978 2905.69
98.981 -86.2571 2997.79
-107.232 -110.109 2791.88
-108.933 -539.761 2810.54
-32.1313 356.165 2699.23
-195.067 126.132 2709.67
FRAME: 165
-40.0625 528.365 2503.01
-386.298 81.7435 2694.64
-436.057 -883.303 2949.93
-319.906 -198.974 2667.55
-315.29 -101.86 2724.49
-362.621 -535.766 2760.22
-302.327 360.905 2614.86
-161.042 355.778 2657
-3.85479 106.028 2840.09
-118.326 -947.135 2908.26
111.374 -81.5333 2978.78
-99.8857 -109.722 2788.67
-101.313 -542.771 2813.32
-19.7562 350.651 2699.14
-184.315 124.994 2706.79
FRAME: 166
-16.7514 519.537 2495.57
-372.886 80.6363 2685.72
-435.474 -881.113 2934.43
-293.76 -214.544 2650.9
-302.436 -97.2069 2716.02
-341.846 -530.088 2733.81
-285.274 359.812 2610.14
-143.612 352.821 2652.52
15.8186 96.943 2835.45
-118.222 -945.797 2909.43
129.831 -142.834 2940.49
-87.0517 -107.87 2780.34
-94.7408 -544.829 2814.11
-1.94859 345.829 2694.9
-169.178 125.141 2700.35
FRAME: 167
-0.971356 516.844 2491.44
-355.673 77.8305 2676.8
-426.13 -884.514 2907.15
-244.143 -185.642 2602.8
-284.203 -90.2057 2709.37
-324.866 -520.932 2716.54
-271.953 356.856 2604.27
-128.399 348.951 2647.28
37.3343 97.7906 2832.2
-117.252 -938.634 2904.85
152.97 -177.462 2878.94
-77.2174 -101.69 2771.23
-84.9662 -541.499 2810.8
15.1557 341.046 2690.29
-154.554 126.502 2693.79
FRAME: 168
13.7805 518.516 2492.21
-340.074 77.7625 2661.12
-411.129 -888.519 2883
-219.698 -184.402 2554.54
-272.406 -87.274 2702.85
-320.304 -514.239 2701.91
-261.262 358.813 2600.4
-119.427 350.851 2643.84
56.7387 109.119 2824.74
-117.905 -928.501 2899.44
164.779 -177.394 2855.5
-71.0892 -98.6325 2764.47
-82.2843 -536.714 2810.08
22.4085 342.889 2687.29
-145.587 128.949 2688.75
FRAME: 169
17.0147 520.537 2496.58
-329.861 80.3205 2650.32
-398.264 -895.066 2868.29
-206.09 -165.904 2501.35
-264.391 -86.2181 2701.21
-316.928 -516.09 2700.96
-252.558 362.424 2597.18
-111.255 353.371 2640.21
76.378 108 2806.48
-117.747 -930.71 2898.03
176.082 -197.662 2812.12
-69.9129 -98.7136 2760.35
-79.8506 -537.174 2807.46
30.0467 344.318 2683.24
-139.204 130.453 2685.5
FRAME: 170
24.2124 520.231 2495.19
-321.839 80.1261 2636.47
-372.154 -909.753 2842.8
-215.479 -162.518 2463.05
-254.002 -85.6968 2701.63
-312.289 -517.267 2696.06
-246.514 363.924 2596.16
-103.439 353.825 2637.41
89.2505 104.374 2795.74
-117.153 -929.434 2899.55
187.347 -201.365 2779.37
-67.4575 -98.9156 2755.39
-79.4542 -527.905 2808.56
39.6354 343.725 2678.67
-132.084 130.759 2682.96
FRAME: 171
26.822 521.143 2493.24
-315.833 80.8756 2622.77
-360.323 -916.649 2828.35
-217.687 -153.25 2430.01
-247.089 -84.2935 2705.15
-305.658 -518.68 2691.66
-240.608 367.024 2594.12
-97.61 356.471 2632
99.1919 102.964 2785.21
-118.187 -926.376 2898.73
194.936 -190.628 2740.7
-63.7784 -97.9799 2753.6
-80.9398 -524.155 2807.19
45.388 345.917 2669.88
-126.522 132.667 2680.69
FRAME: 172
22.6198 524.337 2512.57
-301.038 92.8782 2611.76
-359.276 -930.425 2822.78
-218.019 -152.256 2433.39
-265.545 -77.9614 2700.92
-311.248 -516.08 2689.96
-242.503 376.133 2592.53
-95.8043 358.511 2631.12
116.946 96.1687 2772.98
-116.436 -936.575 2907.2
195.209 -209.072 2714.54
-78.5105 -100.656 2750.23
-89.1477 -524.039 2834.39
50.8948 340.889 2669.7
-133.916 134.601 2678.35

