FRAME: 0
0 0 0
0 0 0
0 0 0
0 0 0
0 0 0
0 0 0
0 0 0
0 0 0
0 0 0
0 0 0
0 0 0
0 0 0
0 0 0
0 0 0
0 0 0
FRAME: 1
0 0 0
0 0 0
0 0 0
0 0 0
0 0 0
0 0 0
0 0 0
0 0 0
0 0 0
0 0 0
0 0 0
0 0 0
0 0 0
0 0 0
0 0 0
FRAME: 2
0 0 0
0 0 0
0 0 0
0 0 0
0 0 0
0 0 0
0 0 0
0 0 0
0 0 0
0 0 0
0 0 0
0 0 0
0 0 0
0 0 0
0 0 0
FRAME: 3
0 0 0
0 0 0
0 0 0
0 0 0
0 0 0
0 0 0
0 0 0
0 0 0
0 0 0
0 0 0
0 0 0
0 0 0
0 0 0
0 0 0
0 0 0
FRAME: 4
0 0 0
0 0 0
0 0 0
0 0 0
0 0 0
0 0 0
0 0 0
0 0 0
0 0 0
0 0 0
0 0 0
0 0 0
0 0 0
0 0 0
0 0 0
FRAME: 5
0 0 0
0 0 0
0 0 0
0 0 0
0 0 0
0 0 0
0 0 0
0 0 0
0 0 0
0 0 0
0 0 0
0 0 0
0 0 0
0 0 0
0 0 0
FRAME: 6
0 0 0
0 0 0
0 0 0
0 0 0
0 0 0
0 0 0
0 0 0
0 0 0
0 0 0
0 0 0
0 0 0
0 0 0
0 0 0
0 0 0
0 0 0
FRAME: 7
0 0 0
0 0 0
0 0 0
0 0 0
0 0 0
0 0 0
0 0 0
0 0 0
0 0 0
0 0 0
0 0 0
0 0 0
0 0 0
0 0 0
0 0 0
FRAME: 8
0 0 0
0 0 0
0 0 0
0 0 0
0 0 0
0 0 0
0 0 0
0 0 0
0 0 0
0 0 0
0 0 0
0 0 0
0 0 0
0 0 0
0 0 0
FRAME: 9
0 0 0
0 0 0
0 0 0
0 0 0
0 0 0
0 0 0
0 0 0
0 0 0
0 0 0
0 0 0
0 0 0
0 0 0
0 0 0
0 0 0
0 0 0
FRAME: 10
0 0 0
0 0 0
0 0 0
0 0 0
0 0 0
0 0 0
0 0 0
0 0 0
0 0 0
0 0 0
0 0 0
0 0 0
0 0 0
0 0 0
0 0 0
FRAME: 11
0 0 0
0 0 0
0 0 0
0 0 0
0 0 0
0 0 0
0 0 0
0 0 0
0 0 0
0 0 0
0 0 0
0 0 0
0 0 0
0 0 0
0 0 0
FRAME: 12
0 0 0
0 0 0
0 0 0
0 0 0
0 0 0
0 0 0
0 0 0
0 0 0
0 0 0
0 0 0
0 0 0
0 0 0
0 0 0
0 0 0
0 0 0
FRAME: 13
0 0 0
0 0 0
0 0 0
0 0 0
0 0 0
0 0 0
0 0 0
0 0 0
0 0 0
0 0 0
0 0 0
0 0 0
0 0 0
0 0 0
0 0 0
FRAME: 14
0 0 0
0 0 0
0 0 0
0 0 0
0 0 0
0 0 0
0 0 0
0 0 0
0 0 0
0 0 0
0 0 0
0 0 0
0 0 0
0 0 0
0 0 0
FRAME: 15
0 0 0
0 0 0
0 0 0
0 0 0
0 0 0
0 0 0
0 0 0
0 0 0
0 0 0
0 0 0
0 0 0
0 0 0
0 0 0
0 0 0
0 0 0
FRAME: 16
0 0 0
0 0 0
0 0 0
0 0 0
0 0 0
0 0 0
0 0 0
0 0 0
0 0 0
0 0 0
0 0 0
0 0 0
0 0 0
0 0 0
0 0 0
FRAME: 17
0 0 0
0 0 0
0 0 0
0 0 0
0 0 0
0 0 0
0 0 0
0 0 0
0 0 0
0 0 0
0 0 0
0 0 0
0 0 0
0 0 0
0 0 0
FRAME: 18
0 0 0
0 0 0
0 0 0
0 0 0
0 0 0
0 0 0
0 0 0
0 0 0
0 0 0
0 0 0
0 0 0
0 0 0
0 0 0
0 0 0
0 0 0
FRAME: 19
0 0 0
0 0 0
0 0 0
0 0 0
0 0 0
0 0 0
0 0 0
0 0 0
0 0 0
0 0 0
0 0 0
0 0 0
0 0 0
0 0 0
0 0 0
FRAME: 20
0 0 0
0 0 0
0 0 0
0 0 0
0 0 0
0 0 0
0 0 0
0 0 0
0 0 0
0 0 0
0 0 0
0 0 0
0 0 0
0 0 0
0 0 0
FRAME: 21
0 0 0
0 0 0
0 0 0
0 0 0
0 0 0
0 0 0
0 0 0
0 0 0
0 0 0
0 0 0
0 0 0
0 0 0
0 0 0
0 0 0
0 0 0
FRAME: 22
0 0 0
0 0 0
0 0 0
0 0 0
0 0 0
0 0 0
0 0 0
0 0 0
0 0 0
0 0 0
0 0 0
0 0 0
0 0 0
0 0 0
0 0 0
FRAME: 23
0 0 0
0 0 0
0 0 0
0 0 0
0 0 0
0 0 0
0 0 0
0 0 0
0 0 0
0 0 0
0 0 0
0 0 0
0 0 0
0 0 0
0 0 0
FRAME: 24
0 0 0
0 0 0
0 0 0
0 0 0
0 0 0
0 0 0
0 0 0
0 0 0
0 0 0
0 0 0
0 0 0
0 0 0
0 0 0
0 0 0
0 0 0
FRAME: 25
0 0 0
0 0 0
0 0 0
0 0 0
0 0 0
0 0 0
0 0 0
0 0 0
0 0 0
0 0 0
0 0 0
0 0 0
0 0 0
0 0 0
0 0 0
FRAME: 26
0 0 0
0 0 0
0 0 0
0 0 0
0 0 0
0 0 0
0 0 0
0 0 0
0 0 0
0 0 0
0 0 0
0 0 0
0 0 0
0 0 0
0 0 0
FRAME: 27
0 0 0
0 0 0
0 0 0
0 0 0
0 0 0
0 0 0
0 0 0
0 0 0
0 0 0
0 0 0
0 0 0
0 0 0
0 0 0
0 0 0
0 0 0
FRAME: 28
0 0 0
0 0 0
0 0 0
0 0 0
0 0 0
0 0 0
0 0 0
0 0 0
0 0 0
0 0 0
0 0 0
0 0 0
0 0 0
0 0 0
0 0 0
FRAME: 29
0 0 0
0 0 0
0 0 0
0 0 0
0 0 0
0 0 0
0 0 0
0 0 0
0 0 0
0 0 0
0 0 0
0 0 0
0 0 0
0 0 0
0 0 0
FRAME: 30
0 0 0
0 0 0
0 0 0
0 0 0
0 0 0
0 0 0
0 0 0
0 0 0
0 0 0
0 0 0
0 0 0
0 0 0
0 0 0
0 0 0
0 0 0
FRAME: 31
0 0 0
0 0 0
0 0 0
0 0 0
0 0 0
0 0 0
0 0 0
0 0 0
0 0 0
0 0 0
0 0 0
0 0 0
0 0 0
0 0 0
0 0 0
FRAME: 32
0 0 0
0 0 0
0 0 0
0 0 0
0 0 0
0 0 0
0 0 0
0 0 0
0 0 0
0 0 0
0 0 0
0 0 0
0 0 0
0 0 0
0 0 0
FRAME: 33
0 0 0
0 0 0
0 0 0
0 0 0
0 0 0
0 0 0
0 0 0
0 0 0
0 0 0
0 0 0
0 0 0
0 0 0
0 0 0
0 0 0
0 0 0
FRAME: 34
0 0 0
0 0 0
0 0 0
0 0 0
0 0 0
0 0 0
0 0 0
0 0 0
0 0 0
0 0 0
0 0 0
0 0 0
0 0 0
0 0 0
0 0 0
FRAME: 35
0 0 0
0 0 0
0 0 0
0 0 0
0 0 0
0 0 0
0 0 0
0 0 0
0 0 0
0 0 0
0 0 0
0 0 0
0 0 0
0 0 0
0 0 0
FRAME: 36
0 0 0
0 0 0
0 0 0
0 0 0
0 0 0
0 0 0
0 0 0
0 0 0
0 0 0
0 0 0
0 0 0
0 0 0
0 0 0
0 0 0
0 0 0
FRAME: 37
0 0 0
0 0 0
0 0 0
0 0 0
0 0 0
0 0 0
0 0 0
0 0 0
0 0 0
0 0 0
0 0 0
0 0 0
0 0 0
0 0 0
0 0 0
FRAME: 38
0 0 0
0 0 0
0 0 0
0 0 0
0 0 0
0 0 0
0 0 0
0 0 0
0 0 0
0 0 0
0 0 0
0 0 0
0 0 0
0 0 0
0 0 0
FRAME: 39
0 0 0
0 0 0
0 0 0
0 0 0
0 0 0
0 0 0
0 0 0
0 0 0
0 0 0
0 0 0
0 0 0
0 0 0
0 0 0
0 0 0
0 0 0
FRAME: 40
0 0 0
0 0 0
0 0 0
0 0 0
0 0 0
0 0 0
0 0 0
0 0 0
0 0 0
0 0 0
0 0 0
0 0 0
0 0 0
0 0 0
0 0 0
FRAME: 41
0 0 0
0 0 0
0 0 0
0 0 0
0 0 0
0 0 0
0 0 0
0 0 0
0 0 0
0 0 0
0 0 0
0 0 0
0 0 0
0 0 0
0 0 0
FRAME: 42
0 0 0
0 0 0
0 0 0
0 0 0
0 0 0
0 0 0
0 0 0
0 0 0
0 0 0
0 0 0
0 0 0
0 0 0
0 0 0
0 0 0
0 0 0
FRAME: 43
0 0 0
0 0 0
0 0 0
0 0 0
0 0 0
0 0 0
0 0 0
0 0 0
0 0 0
0 0 0
0 0 0
0 0 0
0 0 0
0 0 0
0 0 0
FRAME: 44
0 0 0
0 0 0
0 0 0
0 0 0
0 0 0
0 0 0
0 0 0
0 0 0
0 0 0
0 0 0
0 0 0
0 0 0
0 0 0
0 0 0
0 0 0
FRAME: 45
0 0 0
0 0 0
0 0 0
0 0 0
0 0 0
0 0 0
0 0 0
0 0 0
0 0 0
0 0 0
0 0 0
0 0 0
0 0 0
0 0 0
0 0 0
FRAME: 46
0 0 0
0 0 0
0 0 0
0 0 0
0 0 0
0 0 0
0 0 0
0 0 0
0 0 0
0 0 0
0 0 0
0 0 0
0 0 0
0 0 0
0 0 0
FRAME: 47
0 0 0
0 0 0
0 0 0
0 0 0
0 0 0
0 0 0
0 0 0
0 0 0
0 0 0
0 0 0
0 0 0
0 0 0
0 0 0
0 0 0
0 0 0
FRAME: 48
0 0 0
0 0 0
0 0 0
0 0 0
0 0 0
0 0 0
0 0 0
0 0 0
0 0 0
0 0 0
0 0 0
0 0 0
0 0 0
0 0 0
0 0 0
FRAME: 49
0 0 0
0 0 0
0 0 0
0 0 0
0 0 0
0 0 0
0 0 0
0 0 0
0 0 0
0 0 0
0 0 0
0 0 0
0 0 0
0 0 0
0 0 0
FRAME: 50
0 0 0
0 0 0
0 0 0
0 0 0
0 0 0
0 0 0
0 0 0
0 0 0
0 0 0
0 0 0
0 0 0
0 0 0
0 0 0
0 0 0
0 0 0
FRAME: 51
0 0 0
0 0 0
0 0 0
0 0 0
0 0 0
0 0 0
0 0 0
0 0 0
0 0 0
0 0 0
0 0 0
0 0 0
0 0 0
0 0 0
0 0 0
FRAME: 52
0 0 0
0 0 0
0 0 0
0 0 0
0 0 0
0 0 0
0 0 0
0 0 0
0 0 0
0 0 0
0 0 0
0 0 0
0 0 0
0 0 0
0 0 0
FRAME: 53
0 0 0
0 0 0
0 0 0
0 0 0
0 0 0
0 0 0
0 0 0
0 0 0
0 0 0
0 0 0
0 0 0
0 0 0
0 0 0
0 0 0
0 0 0
FRAME: 54
-212.28 499.348 2581.6
-537.44 57.7929 2645.24
-435.047 -941.229 2719.43
-587.689 -286.155 2606.41
-470.166 -102.383 2748.67
-391.367 -534.799 2664.67
-405.946 277.374 2555.72
-286.679 287.662 2668.56
-61.7753 96.3031 2725.71
-419.871 -885.964 3162.12
91.9409 -56.0616 2456.12
-321.581 -89.5655 2889.24
-323.426 -507.535 3014.14
-167.412 297.951 2781.4
-341.276 95.844 2743.76
FRAME: 55
-217.064 488.272 2555.15
-561.951 40.6905 2626.02
-425.409 -937.698 2680.67
-581.45 -308.496 2581.07
-465.499 -108.004 2712.13
-384.159 -534.566 2613.76
-422.976 257.469 2538.61
-286.319 244.738 2619.48
-54.5031 95.9212 2715.45
-383.59 -924.892 2679.95
-40.2986 -61.4931 2471.19
-330.849 -120.548 2791.82
-323.66 -512.673 2981.3
-149.661 232.006 2700.35
-342.246 65.231 2685.73
FRAME: 56
-218.245 477.404 2530.08
-574.29 32.1069 2616.46
-432.986 -948.989 2643.43
-585.734 -316.166 2552.68
-451.645 -130.19 2664.96
-374.119 -554.198 2578.2
-436.427 245.192 2537.81
-290.626 229.802 2585.4
-47.0142 80.2166 2684.62
-408.959 -928.654 2657.34
-0.109249 -270.524 2369.45
-277.972 -148.523 2721.64
-323.764 -527.947 2890.22
-144.824 214.411 2632.98
-327.717 45.2228 2639.35
FRAME: 57
-216.264 465.761 2504.74
-570.688 14.7814 2595.67
-435.864 -988.949 2648.24
-580.454 -325.5 2519.68
-445.184 -147.074 2657.49
-407.908 -578.485 2568.13
-439.64 236.799 2527.34
-294.006 227.411 2572.61
-109.94 -17.5928 2637.98
-398.96 -946.423 2622.17
-213.229 -132.986 2365.46
-262.31 -158.863 2714.34
-336.105 -554.901 2850.98
-148.371 218.023 2617.88
-323.876 37.221 2629.26
FRAME: 58
-211.128 439.039 2465.59
-578.251 4.60197 2600.25
-429.691 -989.657 2639.46
-612.052 -292.237 2543.24
-437.198 -156.018 2641.72
-418.688 -591.77 2550.04
-448.148 226.772 2530.97
-297.776 212.409 2552.17
-108.906 -12.5241 2619.95
-409.501 -950.234 2615.08
-354.134 -105.628 2383
-259.142 -173.024 2666.82
-334.531 -549.145 2837.09
-147.404 198.047 2573.37
-322.973 23.9442 2603.22
FRAME: 59
-204.011 405.061 2441.89
-585.135 30.3047 2580.98
-429.584 -981.101 2643.5
-602.852 -262.026 2502.94
-432.938 -152.576 2602.96
-428.746 -582.438 2516.87
-446.741 252.123 2512.54
-301.029 213.644 2548.9
-151.008 -35.5776 2646.87
-415.246 -952.462 2598.27
-336.242 -35.5351 2423.24
-394.578 -162.706 2612.53
-315.185 -582.224 2737.08
-155.317 175.165 2585.25
-357.393 28.0013 2578.32
FRAME: 60
-205.594 393.564 2428.05
-597.33 19.7706 2583.82
-422.581 -981.659 2639.89
-621.318 -253.649 2477.5
-432.603 -156.95 2600.64
-425.761 -583.697 2498.52
-461.703 245.418 2514.77
-309.206 211.394 2540.51
-205.942 -45.2009 2507.25
-426.489 -947.839 2593.94
-440.588 -104.538 2379.78
-374.983 -169.806 2610.36
-264.736 -572.684 2759.28
-156.709 177.369 2566.25
-356.5 24.0078 2573
FRAME: 61
-207.996 398.674 2422.84
-610.95 17.8485 2600.04
-419.206 -982.857 2636.48
-624.837 -264.282 2480.83
-427.726 -142.665 2622.29
-422.837 -574.682 2506.96
-473.844 251.112 2531.61
-316.689 223.31 2525.28
-207.411 -28.9924 2491.01
-324.841 -945.285 2720.6
-535.312 -129.879 2258.04
-330.533 -159.859 2618.38
-243.501 -561.18 2768.05
-159.535 195.507 2518.96
-347.909 36.0239 2572.81
FRAME: 62
-215.109 413.496 2406.19
-614.982 28.8878 2595.47
-416.998 -970.138 2651.16
-634.658 -243.762 2441.59
-433.118 -120.545 2640.29
-423.849 -570.503 2521.62
-473.853 259.409 2525.04
-316.281 237.018 2519.74
-204.606 -18.4019 2500.08
-339.357 -950.1 2666.33
-466.77 -95.431 2366.77
-295.883 -140.046 2635.68
-245.528 -544.399 2741.45
-158.709 214.627 2514.44
-340.391 53.3611 2578.86
FRAME: 63
-221.637 428.859 2396.12
-617.734 33.3701 2599.32
-417.539 -969.68 2665.22
-640.595 -201.638 2428.23
-438.533 -123.755 2643.42
-425.901 -574.448 2537.95
-477.951 252.073 2518.37
-317.634 238.427 2516.32
-200.664 -8.28516 2501.65
-303.31 -802.115 3072.33
-494.551 -122.313 2287.8
-256.49 -139.25 2641.1
-236.443 -549.479 2735.92
-157.316 224.781 2514.27
-332.572 53.462 2579.29
FRAME: 64
-226.994 441.764 2404.41
-616.112 29.9207 2597.85
-415.181 -977.082 2684.45
-648.682 -206.919 2442.59
-438.868 -128.987 2642.65
-422.999 -583.53 2569.41
-479.44 251.919 2521
-317.069 241.388 2518.14
-185.253 -5.25345 2499.54
-265.915 -781.512 3078.17
-483.28 -123.479 2295.17
-239.826 -141.895 2639.14
-207.29 -549.527 2740.16
-154.699 230.858 2515.28
-328.208 52.9735 2579.52
FRAME: 65
-243.154 464.372 2433.19
-608.024 21.8741 2607.61
-417.112 -997.005 2690.96
-591.065 -169.714 2354.35
-417.448 -141.195 2648.23
-400.105 -601.322 2602.8
-480.521 246.633 2528.34
-316.136 244.523 2521.7
-173.497 -2.39113 2498.79
-144.122 -766.594 3021.28
-450.889 -121.877 2354.06
-214.858 -143.794 2640.05
-166.393 -533.51 2716.09
-151.751 242.414 2515.05
-316.144 51.0143 2582.92
FRAME: 66
-248.267 477.758 2448.72
-585.189 9.99982 2598.43
-413.988 -992.518 2697.35
-486.17 -180.792 2372.1
-399.605 -142.775 2666.61
-390.055 -597.382 2612.18
-462.017 259.594 2563.21
-301.392 254.535 2546.98
-165.868 -15.0504 2502.92
-122.176 -780.331 3021.63
-345.063 -179.782 2312.33
-206.194 -148.866 2647.07
-152.958 -538.483 2707.32
-140.767 249.476 2530.75
-302.146 54.3574 2601.91
FRAME: 67
-249.132 492.309 2466.95
-558.927 25.1642 2629.88
-412.567 -968.558 2690.39
-450.983 -101.505 2396.29
-341.524 -151.386 2722.93
-368.519 -575.72 2629.51
-443.724 267.546 2623.08
-288.702 260.335 2576.14
-172.716 -45.8436 2482.51
-70.5383 -823.659 3006.29
-418.564 -119.83 2364.26
-198.698 -158.03 2679.68
-144.846 -553.687 2728.72
-133.679 253.123 2529.21
-279.406 52.8134 2638.73
FRAME: 68
-247.02 502.98 2489.34
-477.686 66.6644 2685.43
-412.451 -953.761 2718.99
-419.275 -108.166 2417.37
-326.584 -128.503 2743.84
-373.819 -556.035 2677.56
-408.627 281.23 2630.13
-266.119 271.552 2585.91
-131.226 -27.6525 2512.88
-46.0414 -833.856 3017.98
-265.385 -149.851 2333.93
-177.072 -138.657 2697.45
-133.019 -540.755 2720.23
-123.612 261.873 2541.69
-258.974 68.9858 2653.28
FRAME: 69
-244.112 511.732 2512.55
-458.899 57.3152 2707.88
-418.537 -950.324 2740.06
-423.837 -182.019 2510.26
-317.713 -116.101 2759.81
-373.189 -557.529 2722.1
-399.727 292.891 2654.44
-254.071 282.62 2606.53
-51.6892 -7.85242 2604.69
-31.3353 -842.327 3016.96
-371.745 -116.496 2395.56
-163.295 -126.99 2709.01
-115.825 -546.655 2736.67
-108.415 272.349 2558.61
-247.288 80.5375 2670.47
FRAME: 70
-233.714 498.024 2545.52
-447.397 58.555 2719.12
-467.454 -960.171 2871.47
-374.778 -75.3018 2525.61
-306.074 -108.079 2783.75
-378.533 -560.558 2763.13
-382.623 294.318 2689.67
-235.809 283.648 2645.54
-37.4604 7.26462 2637.24
-9.33755 -837.501 3008.84
-183.765 -160.068 2497.51
-153.947 -119.136 2738.03
-103.484 -529.963 2747.49
-88.994 272.978 2601.42
-232.91 85.0202 2703.22
FRAME: 71
-228.415 489.093 2567.7
-430.91 25.4608 2699.82
-471.958 -942.4 2909.33
-370.48 -108.25 2576
-299.351 -125.123 2793.66
-408.262 -542.989 2786.47
-385.788 269.779 2704.14
-236.427 266.863 2662.33
-9.22208 18.1226 2664.1
8.47874 -845.841 3029.59
-166.279 -189.588 2483.86
-128.726 -128.454 2745.91
-84.4255 -522.889 2800.63
-87.0659 263.947 2620.53
-225.233 70.0371 2716.06
FRAME: 72
-214.724 509.129 2592.16
-421.57 30.229 2710.27
-465.353 -899.409 3080.3
-350.132 -102.886 2569.44
-301.579 -122.147 2815.64
-412.835 -540.511 2831.43
-379.862 282.071 2714.59
-228.313 280.113 2681.72
-12.6293 31.2571 2701.34
14.9681 -854.685 3038.85
-141.785 -174.718 2528.12
-116.11 -124.543 2775.41
-70.346 -521.058 2841.15
-76.7643 278.155 2648.85
-218.579 78.3841 2738.62
FRAME: 73
-207.132 520.421 2604.71
-397.243 35.0918 2696.7
-479.4 -877.157 3118.58
-210.143 -110.622 2431.33
-303.054 -117.546 2822.37
-415.881 -541.744 2846.27
-352.972 288.914 2700.05
-203.197 282.759 2683.34
-20.1144 32.9703 2717.67
12.6749 -853.938 3075.7
-112.389 -159.721 2563.1
-107.976 -125.563 2800.61
-57.8311 -515.717 2895.01
-53.4227 276.604 2666.63
-204.356 80.6024 2747.42
FRAME: 74
-198.657 548.061 2625.99
-386.105 65.2832 2703.63
-484.079 -865.929 3140.36
-248.622 -43.718 2684.7
-325.265 -103.243 2853.07
-394.47 -528.36 2889.27
-331.705 313.766 2710.94
-194.93 304.438 2698.12
-19.4001 47.6055 2770.97
6.62593 -866.764 3094.76
-121.102 -135.447 2561.46
-94.2698 -118.996 2831.43
-49.1465 -516.154 2938.6
-58.1544 295.111 2685.31
-202.349 96.6593 2770.18
FRAME: 75
-196.879 560.451 2634.34
-350.566 74.4608 2663.47
-488.359 -829.938 3156.63
-249.587 -37.7482 2658.28
-328.692 -37.0752 2884.92
-395.73 -466.739 2922.85
-339.65 314.203 2684.03
-198.104 319.154 2711.34
-85.8785 125.818 2838.6
-15.7296 -888.71 3100.25
-121.275 -144.999 2630.3
-117.695 -29.6948 2925.63
-61.2479 -500.974 2954.48
-56.5591 324.105 2738.65
-210.649 142.884 2808.3
FRAME: 76
-199.9 565.481 2640.43
-319.477 86.9105 2635.06
-487.463 -834.826 3161.94
-243.975 -43.18 2656.42
-333.134 -33.2452 2888.32
-398.974 -460.057 2941.95
-351.333 306.694 2686.18
-212.768 314.522 2712.22
-85.5499 124.073 2835.53
-46.9164 -870.223 3119.41
-169.989 -60.2191 2538.91
-127.232 -21.6131 2927.02
-88.0862 -466.159 2970.66
-74.2029 322.351 2738.26
-221.475 143.547 2809.95
FRAME: 77
-205.333 573.397 2646.02
-316.687 86.2493 2634.67
-488.464 -849.047 3158.93
-99.3802 -121.943 2625.46
-359.898 -19.7428 2878.59
-416.162 -451.274 2939.2
-357.451 326.792 2686.48
-227.924 333.586 2722.01
-87.0306 108.237 2829.84
-136.186 -829.394 3213.91
-163.855 -38.2012 2479.87
-160.336 -9.27568 2933.32
-127.529 -447.318 3004.31
-98.3974 340.38 2757.53
-244.021 159.538 2813.98
FRAME: 78
-211.871 581.16 2653.26
-335.149 97.6505 2679.91
-506.264 -846.835 3147.22
-158.837 -16.4798 2525.51
-372.659 -16.0973 2874.35
-422.747 -445.278 2930.24
-386.156 343.268 2714.31
-244.269 343.664 2740.37
-80.7684 85.3434 2854.18
-144.846 -824.512 3240.81
-137.451 -81.9414 2604.13
-169.916 -15.5314 2911.58
-148.542 -427.464 3058.2
-102.382 344.06 2766.43
-257.778 163.925 2816.67
FRAME: 79
-215.838 585.184 2658.48
-347.03 107.227 2691.02
-527.058 -833.54 3140.1
-130.789 -30.6532 2577.43
-375.97 -15.8934 2870.21
-425.985 -436.731 2916.14
-401.626 356.136 2730.07
-254.11 350.642 2750.96
-70.4272 102.223 2816.61
-146.845 -830.258 3263.65
-141.986 -78.5509 2616.81
-197.164 -22.5527 2895.54
-158.936 -430.422 3079.48
-106.595 345.148 2771.85
-270.339 165.709 2816.92
FRAME: 80
-218.587 588.111 2665.65
-433.689 127.814 2741.07
-552.448 -838.022 3149.44
-64.1661 100.835 2484.15
-372.901 -25.6614 2868.33
-427.881 -452.257 2909.37
-408.569 358.26 2737.47
-261.311 356.747 2760.42
-70.5156 102.542 2816.71
-147.411 -828.56 3259.22
-121.156 -164.275 2675
-195.529 -27.4835 2895.97
-166.79 -428.355 3084.2
-114.053 355.234 2783.36
-272.763 165.087 2821.28
FRAME: 81
-223.576 580.598 2681.66
-434.709 125.901 2744.07
-577.052 -841.524 3153.25
-120.176 -155.924 2689.82
-370.877 -32.3876 2868.75
-431.549 -469.613 2911.19
-411.037 353.362 2738.17
-262.763 353.841 2762.76
-64.7778 107.688 2816.24
-150.257 -827.783 3260.81
-105.79 -147.333 2694.4
-192.216 -31.8104 2898.38
-171.471 -430.035 3086.3
-114.488 354.32 2787.35
-272.155 160.871 2823.16
FRAME: 82
-228.015 575.287 2690.12
-422.259 82.2558 2737.95
-589.884 -845.183 3155.29
-72.3236 -165.224 2700.64
-381.915 -69.3213 2876.26
-427.446 -488.813 2915.5
-413.753 330.421 2742.25
-275.03 335.287 2782.61
-77.5014 57.0412 2887.67
-154.542 -828.072 3258.82
-33.8927 -32.5719 2561.37
-209.096 -63.2596 2926.54
-184.039 -464.388 3088.73
-136.308 340.153 2822.97
-285.268 134.498 2842
FRAME: 83
-234.629 568.454 2699.08
-406.229 44.7836 2716.7
-599.149 -852.836 3164.11
-131.785 -67.3919 2591.34
-393.042 -89.7545 2888.86
-433.776 -510.689 2942.66
-412.615 304.643 2735.16
-284.151 315.168 2797.57
-77.7659 59.7323 2891.36
-188.499 -829.805 3250.01
3.27728 -21.9418 2577.92
-235.79 -76.8708 2965.26
-189.691 -470.373 3087.23
-155.688 325.693 2859.98
-299.284 115.928 2862.31
FRAME: 84
-237.714 565.248 2703.77
-403.095 23.1774 2707.25
-606.234 -863.532 3174.69
-122.961 -105.852 2583.25
-403.811 -106.053 2898.83
-445.655 -529.738 2952.98
-412.34 296 2735.27
-290.315 311.925 2806.22
-77.3296 70.5349 2886.39
-221.891 -821.411 3233.9
41.4126 -7.83215 2595.71
-235.272 -84.0579 2996.83
-194.694 -466.921 3082.31
-168.289 327.85 2877.18
-304.928 108.435 2877.03
FRAME: 85
-241.15 565.705 2703.84
-408.536 24.1428 2705.64
-603.992 -872.861 3172.88
-110.496 -201.686 2610.67
-415.635 -107.147 2896.67
-450.508 -540.231 2951.21
-408.117 306.805 2725.39
-296.458 324.287 2797.35
-47.762 103.879 2849.73
-355.699 -801.365 3204.73
162.422 150.081 2592.52
-245.186 -80.4598 3006.53
-237.285 -468.27 3074.63
-184.799 341.769 2869.32
-313.434 115.242 2874.48
FRAME: 86
-252.759 574.029 2697.07
-388.777 30.3831 2674.59
-604.117 -868.21 3173.13
-142.885 -245.424 2606.39
-419.897 -100.526 2877.34
-449.865 -538.256 2948.68
-403.296 316.088 2704.75
-298.836 333.574 2786.71
-35.4689 172.711 2809.57
-389.416 -811.133 3214.84
210.946 226.558 2592.19
-270.691 -75.5505 2994.41
-273.295 -467.508 3065.79
-194.376 351.06 2868.67
-322.065 122.768 2861.29
FRAME: 87
-247.757 574.681 2697.1
-387.535 38.3003 2667.46
-599.516 -862.164 3133.88
-202.149 -263.522 2604.17
-418.227 -88.1528 2869.64
-434.461 -529.733 2920.01
-400.069 320.788 2693.88
-299.351 339.908 2777.95
-5.56763 208.675 2801.06
-422.213 -827.277 3199.34
251.291 280.812 2614.03
-275.555 -61.0674 2988.72
-282.4 -487.554 3079
-198.633 359.029 2862.01
-323.121 132.649 2853.56
FRAME: 88
-255.603 577.294 2685.33
-400.548 22.6626 2648.74
-603.21 -843.557 3096.42
-245.756 -288.991 2611.47
-419.393 -82.1888 2846.19
-434.663 -514.871 2874.51
-399.889 315.159 2668.08
-301.877 336.43 2766.03
34.0912 237.221 2817.98
-438.132 -825.088 3206.04
281.502 319.696 2647.33
-293.901 -55.0197 2970.93
-285.82 -485.099 3059.74
-203.865 357.7 2863.97
-329.262 133.913 2837.29
FRAME: 89
-256.621 560.818 2674.4
-484.989 7.13061 2643.92
-583.794 -887.62 2961.98
-334.362 -261.376 2597.29
-430.843 -91.6928 2824.68
-411.056 -521.59 2789.79
-394.074 309.55 2643.21
-300.221 328.268 2750.44
35.3167 255.463 2797.42
-442.09 -835.893 3188.18
316.335 363.459 2679.18
-320.176 -69.7007 2950.99
-298.305 -489.888 3050.61
-206.369 346.985 2857.68
-337.866 123.786 2819.14
FRAME: 90
-249.917 547.866 2666.24
-477.742 23.1803 2632.62
-569.709 -899.894 2922.86
-382.779 -274.929 2597.88
-446.366 -108.713 2793.4
-414.141 -535.436 2765.18
-393.953 304.157 2621.31
-300.449 319.124 2734.41
35.8337 254.734 2791.03
-444.105 -849.493 3176.29
329.676 457.858 2703.19
-331.387 -90.2728 2932.26
-302.268 -506.659 3035.83
-206.946 334.091 2847.5
-344.663 109.816 2798.62
FRAME: 91
-239.62 535.565 2642.65
-483.492 23.9117 2619.74
-544.215 -934.548 2864.67
-529.675 -318.334 2593.5
-451.697 -119.372 2772.39
-410.261 -546.823 2736.79
-389.934 290.188 2598.88
-296.356 305.028 2714.27
42.7952 260.573 2790.41
-444.632 -862.551 3126.7
324.62 393.644 2703.73
-333.35 -100.484 2918.56
-300.997 -518.306 3023.06
-202.777 319.868 2829.66
-344.44 97.5502 2779.87
FRAME: 92
-232.304 525.06 2620
-498.831 21.8032 2609.98
-501.111 -949.469 2793.4
-552.31 -327.371 2603.53
-458.179 -123.038 2755.76
-406.888 -551.974 2711.74
-391.116 278.896 2569.75
-296.685 297.152 2691.13
42.848 262.81 2777.81
-442.676 -859.342 3141.78
322.286 343.458 2682.59
-339.355 -99.9576 2908.72
-296.589 -522.663 3005.9
-202.253 315.409 2812.51
-347.726 92.8272 2761.68
FRAME: 93
-220.905 507.025 2575.81
-526.381 21.7904 2597.18
-437.784 -955.181 2690.2
-576.162 -322.343 2575.53
-459.643 -118.099 2738.49
-395.428 -545.107 2663.07
-395.887 265.541 2537.58
-293.664 283.043 2650.57
47.9937 199.085 2725.98
-422.118 -885.584 3108.99
337.032 273.353 2601.76
-338.044 -96.8875 2873.97
-308.583 -517.362 2994.03
-191.44 300.546 2763.56
-346.253 87.775 2728.4
FRAME: 94
-218.326 491.09 2543.72
-534.334 4.77863 2575.14
-421.085 -957.027 2642.02
-580.533 -347.054 2557.39
-459.046 -122.824 2720.27
-379.578 -549.001 2612.68
-402.293 249.45 2509.84
-293.293 268.392 2617.46
38.9692 143.247 2688.46
-415.32 -886.635 3096.31
322.96 236.604 2544.71
-329.526 -100.27 2848.91
-302.735 -518.708 2973.32
-184.292 287.334 2725.07
-343.789 78.4225 2701.02
FRAME: 95
-217.412 473.878 2517.78
-540.765 4.69607 2550.68
-425.312 -943.207 2614.43
-559.593 -351.434 2520.29
-468.961 -135.158 2678.52
-372.35 -553.444 2589.68
-410.17 230.523 2478.75
-297.327 249.27 2592.98
-22.4782 54.4337 2642.08
-406.803 -895.049 3083.68
311.23 151.223 2479.76
-327.062 -110.638 2825.03
-296.569 -530.413 2954.31
-184.484 268.017 2707.22
-347.669 63.186 2672.38
FRAME: 96
-217.268 452.667 2494.54
-553.717 -11.8118 2541.47
-416.024 -942.847 2620.32
-554.369 -361.964 2486.04
-462.116 -153.675 2648.69
-366.306 -573.821 2564.39
-426.017 217.973 2472.52
-302.529 225.854 2568.76
-52.0637 4.6741 2614.8
-406.868 -897.028 3064.01
75.3068 -172.601 2359.33
-317.518 -142.545 2762.81
-290.587 -557.438 2910.86
-179.041 233.735 2665
-346.173 38.8723 2637.25
FRAME: 97
-214.499 410.371 2446.59
-565.279 -36.9527 2531.25
-403.128 -980.685 2583.59
-549.932 -378.889 2426.9
-449.728 -197.223 2600.07
-365.64 -612.404 2525.17
-442.975 190.494 2472.96
-300.269 182.977 2521.34
-91.6615 -50.4535 2593.48
-410.487 -885.306 3044.71
-4.05057 -186.951 2326.76
-270.064 -205.25 2658.46
-290.339 -599.483 2772.65
-157.562 175.461 2569.72
-330.082 -9.12961 2575.3
FRAME: 98
-209.9 384.485 2418.78
-574.204 -41.5901 2536.95
-395.814 -992.124 2554.28
-565.447 -368.994 2389.16
-446.165 -208.758 2589.32
-358.742 -631.209 2494.17
-451.408 182.56 2474.89
-302.318 171.669 2502.81
-115.828 -68.2258 2587.61
-405.213 -897.847 2978.54
-259.01 -302.753 2273.95
-253.471 -222.155 2625.34
-249.393 -636.82 2669.92
-153.227 160.778 2530.73
-326.068 -21.8937 2555.07
FRAME: 99
-201.907 358.891 2382.01
-585.009 -42.9367 2537.94
-394.661 -986.344 2546.85
-595.962 -327.504 2356.45
-451.274 -206.107 2599.54
-380.997 -622.094 2479.06
-460.923 178.923 2475.33
-308.825 161.978 2486.68
-167.216 -85.3091 2549.27
-389.443 -902.001 2843.23
-386.09 -271.595 2225.79
-271.082 -226.057 2612.72
-269.091 -614.445 2647.32
-156.728 145.033 2498.03
-335.001 -27.0522 2546.41
FRAME: 100
-201.9 355.775 2359.22
-599.589 -35.0157 2527.96
-393.188 -992.489 2552.94
-615.996 -306.659 2360.65
-449.777 -203.586 2606.28
-397.403 -619.036 2482.38
-466.635 180.267 2468.83
-311.712 161.131 2470.68
-187.316 -91.024 2520.33
-336.131 -870.109 2715.92
-426.518 -231.005 2232.35
-270.774 -225.635 2608.29
-257.315 -624.009 2627.51
-156.789 141.995 2472.52
-335.994 -26.7396 2538.98
FRAME: 101
-201.92 356.771 2348.49
-607.01 -25.163 2524.01
-394.612 -998.548 2563.01
-617.911 -297.818 2359.61
-444.208 -194.615 2607.4
-406.469 -608.633 2490.47
-472.625 186.764 2467.73
-314.515 164.836 2460.59
-198.176 -85.9444 2505.79
-330.05 -894.202 2670.64
-432.816 -199.191 2236.72
-275.525 -218.322 2599.59
-233.534 -614.74 2603.97
-156.405 142.907 2453.46
-337.191 -20.8164 2532.04
FRAME: 102
-204.633 365.34 2345.6
-608.806 -24.1534 2523.95
-393.529 -991.062 2567.75
-628.139 -285.787 2348.96
-438.411 -183.66 2605.6
-413.329 -601.393 2501.92
-475.616 195.296 2468.46
-315.496 173.817 2457.91
-195.525 -72.5204 2493.66
-335.978 -860.537 2777.56
-402.121 -176.591 2266.27
-272.629 -205.98 2594.75
-229.381 -597.309 2628.39
-155.377 152.338 2447.36
-335.508 -10.5014 2529.04
FRAME: 103
-209.574 380.473 2342.71
-610.385 -17.713 2521.89
-391.794 -984.744 2570.07
-634.948 -255.138 2272.01
-432.607 -173.685 2599.45
-408.632 -595.067 2505.86
-475.132 205.846 2469.93
-313.954 185.923 2460.04
-195.176 -65.9156 2481.26
-325.903 -846.542 2940.57
-447.351 -202.558 2180.98
-269.889 -193.734 2589.66
-212.197 -592.734 2652.59
-152.776 166.001 2450.15
-332.601 1.10717 2527.3
FRAME: 104
-216.783 405.014 2356.6
-610.022 -14.8324 2522.56
-389.15 -985.085 2573.77
-594.897 -228.797 2273.62
-424.061 -167.021 2605
-400.874 -596.666 2515.1
-470.659 215.262 2484.51
-310.207 196.477 2468.15
-199.747 -66.3071 2444.77
-213.068 -811.826 3019.85
-452.142 -191.053 2228.08
-257.41 -186.387 2588.29
-182.279 -596.433 2659.32
-149.756 177.691 2451.8
-325.472 9.88621 2532.4
FRAME: 105
-223.728 421.379 2375.4
-595.682 -8.81215 2538.29
-389.771 -980.52 2572.11
-559.992 -195.815 2261.29
-412.514 -164.614 2616.91
-391.353 -589.914 2510.96
-462.565 224.33 2506.24
-303.739 206.114 2482.64
-198.179 -74.7128 2434.91
-183.337 -800.497 3004.19
-432.517 -184.931 2252.21
-245.475 -183.713 2592.42
-162.208 -599.113 2666.5
-144.912 187.897 2459.04
-316.366 15.9749 2543.65
FRAME: 106
-228.457 434.553 2390.01
-579.743 -17.3123 2533.44
-391.051 -984.593 2587.49
-519.121 -175.059 2249.5
-398.029 -166.728 2621.17
-381.733 -591.611 2519.67
-463.295 226.675 2522.88
-303.061 216.085 2497.87
-195.475 -73.8522 2434.15
-132.494 -793.526 2979.86
-431.257 -158.99 2273.59
-224.878 -178.159 2594.36
-135.011 -585.607 2660.06
-142.827 205.495 2472.86
-307.257 21.8208 2552.82
FRAME: 107
-225.648 449.988 2424.53
-532.213 -11.714 2530.84
-391.37 -983.94 2603.57
-402.549 -185.563 2309.21
-358.657 -172.718 2647.46
-364.097 -590.978 2553.39
-440.019 223.19 2571.81
-288.592 216.087 2528.19
-184.768 -67.3175 2434.61
-49.3056 -839.987 2952.5
-417.83 -113.397 2267.91
-200.234 -180.432 2602.54
-100.465 -562.108 2657.89
-137.165 208.985 2484.57
-284.019 19.7561 2576.59
FRAME: 108
-223.167 471.154 2454.51
-485.299 -9.40102 2560.86
-395.607 -977.675 2618.55
-397.934 -181.949 2339.17
-336.476 -164.958 2672.26
-363.475 -580.931 2592.78
-420.073 232.801 2594.68
-270.314 225.292 2548.96
-174.312 -64.1353 2435.67
-35.568 -843.945 2951.72
-397.352 -95.0751 2285.03
-182.855 -172.742 2625.64
-94.2555 -550.984 2673.32
-120.556 217.783 2503.23
-264.99 28.2209 2598.95
FRAME: 109
-212.176 488.289 2495.91
-462.135 55.62 2673.32
-407.391 -966.72 2647.39
-374.445 -137.849 2433.64
-326.523 -143.738 2693.52
-364.196 -564.575 2643.02
-386.407 271.298 2625.8
-231.103 260.06 2595.81
-50.2118 -7.89933 2572.82
-17.3283 -867.32 2965.34
-285.307 -121.269 2338.06
-162.85 -155.424 2662.6
-76.367 -542.293 2718.38
-75.799 248.822 2565.82
-237.895 55.2396 2636.93
FRAME: 110
-207.795 498.277 2518.46
-456.008 51.2289 2710.31
-424.35 -973.305 2690.13
-370.637 -156.708 2509.02
-318.273 -138.854 2718.51
-372.949 -567.742 2672.28
-375.071 277.914 2647.29
-218.915 267.755 2619.6
-19.2452 -4.29602 2615.66
-9.74259 -869.956 2976.03
-262.965 -117.64 2352.79
-143.368 -150.182 2687.78
-69.1764 -539.519 2740.01
-62.7601 257.596 2591.91
-224.868 61.6186 2661.37
FRAME: 111
-207.597 501.894 2538.22
-444.7 44.3596 2748.61
-441.539 -982.258 2755.64
-368.65 -154.844 2564.68
-290.227 -136.238 2754.43
-385.897 -577.188 2707.15
-365.822 277.737 2679.87
-212.405 270.486 2642.34
-1.98192 6.38657 2637
-0.729376 -868.225 2995.04
-215.198 -168.916 2436.45
-127.543 -143.911 2714.91
-63.0745 -532.006 2767.65
-58.9889 263.234 2604.8
-210.645 65.2055 2688.5
FRAME: 112
-207.285 501.016 2557.99
-419.282 40.0931 2765.69
-452.946 -980.203 2827.71
-351.145 -152.052 2589.59
-285.955 -139.725 2774.97
-412.082 -572.203 2727.14
-360.64 273.184 2695.91
-207.951 267.827 2660.77
3.7655 2.35774 2661.81
2.27461 -872.134 3001.9
-192.554 -164.909 2464.36
-114.784 -145.755 2735.58
-62.6502 -529.249 2784.41
-55.2615 262.47 2625.64
-204.16 62.5436 2708.02
FRAME: 113
-207.212 505.071 2578.71
-408.187 25.1287 2759.33
-461.047 -944.372 2945.74
-316.302 -142.327 2545.7
-293.237 -133.823 2795.99
-425.419 -559.116 2762.5
-364.066 276.523 2708.93
-211.463 272.803 2682.73
11.5062 12.1656 2695.5
3.90832 -874.402 3009.93
-240.436 -98.6655 2452.99
-115.633 -138.224 2765.54
-64.2223 -529.065 2815.32
-58.8594 269.083 2656.54
-207.949 68.3894 2731.75
FRAME: 114
-207.627 510.703 2592.86
-405.608 36.5505 2742.16
-468.816 -922.489 2984.26
-296.147 -140.277 2528.05
-313.747 -110.83 2816.16
-432.495 -535.57 2800.58
-360.288 297.573 2716.01
-208.966 288.01 2697.26
1.90599 18.6898 2739.63
4.3929 -881.836 3011.02
-210.814 -118.897 2513.82
-128.793 -122.522 2793.32
-68.0288 -523.553 2843.08
-57.6444 278.447 2678.52
-215.118 85.6671 2751
FRAME: 115
-214.254 525.366 2606.98
-403.165 41.5182 2743.76
-478.631 -896.75 3058
-269.848 -136.5 2571.11
-343.633 -97.025 2843.75
-429.953 -523.794 2844.87
-391.374 309.599 2728.19
-227.593 299.25 2716.49
-23.0153 46.4672 2807.01
4.29037 -885.71 3023.27
-203.488 -135.888 2552.74
-145.467 -109.809 2829.16
-78.3311 -516.706 2877.76
-63.812 288.901 2704.79
-236.072 97.9164 2776.47
FRAME: 116
-228.254 541.59 2620.03
-411.662 42.0222 2750.87
-494.377 -862.437 3156.97
-221.75 -100.807 2557.07
-357.444 -88.4497 2861.95
-427.681 -512.397 2883.35
-411.608 311.172 2731.51
-249.661 308.545 2734.54
-54.7493 61.2109 2840.36
-5.51674 -863.027 3058.68
-192.242 -91.8789 2548.23
-160.285 -92.033 2865.31
-101.08 -478.488 2935.44
-87.7141 305.917 2737.57
-254.263 109.152 2799.08
FRAME: 117
-242.042 547.623 2630.88
-437.266 46.5926 2751.31
-496.563 -842.963 3225.36
-195.565 -72.1562 2523.44
-372.234 -77.8865 2877.31
-444.461 -490.807 2950.29
-432.98 305.68 2723.43
-277.802 311.172 2741.76
-79.161 93.8333 2853.77
-11.128 -859.217 3071.52
-168.859 -124.995 2606.78
-191.122 -71.8253 2898.07
-113.656 -476.876 2954.37
-122.624 316.664 2760.1
-279.74 118.158 2814.73
FRAME: 118
-253.442 545.014 2640.06
-442.152 28.1569 2732.19
-492.023 -841.749 3234.67
-189.09 -80.1136 2555.74
-377.897 -85.1715 2886.35
-450.128 -496.984 2972.28
-440.851 293.273 2720.5
-289.919 305.945 2747.27
-85.8544 87.4607 2852.23
-18.4471 -857.26 3079.56
-148.393 -136.069 2629.11
-193.118 -69.8693 2918.76
-124.388 -470.421 2975.55
-138.987 318.618 2774.05
-287.713 114.212 2824.91
FRAME: 119
-272.031 533.084 2657.42
-445.51 9.78884 2722.97
-475.439 -850.138 3242.82
-169.32 -63.85 2555.57
-397.229 -103.968 2899.51
-463.335 -511.569 3005.88
-442.084 276.741 2726.9
-302.197 292.49 2761.12
-87.2471 63.4329 2854
-62.4664 -866.439 3110.43
-91.3087 -130.696 2618.48
-199.686 -81.8289 2947.58
-141.555 -472.117 3012.22
-162.31 308.239 2795.35
-300.327 99.7956 2842.34
FRAME: 120
-286.638 526.605 2668.71
-446.792 6.60047 2714.06
-465.415 -855.987 3249.11
-176.913 -54.5784 2546.6
-420.929 -116.419 2906.91
-465.907 -518.692 3015.89
-447.844 270.281 2731.74
-315.082 285.656 2774.5
-109.788 37.7872 2854.31
-139.403 -859.954 3159.2
-61.4137 -139.769 2621.84
-224.376 -93.7901 2970.09
-157.74 -480.981 3030.67
-182.32 301.031 2817.25
-318.867 90.276 2856.5
FRAME: 121
-294.438 525.438 2674.8
-444.968 25.8042 2696.25
-465.322 -852.083 3247.4
-177.388 -45.2547 2544.93
-435.497 -110.126 2906.85
-472.669 -514.055 3021.17
-450.736 273.942 2731.05
-322.214 289.791 2781.41
-119.307 42.9701 2860.34
-187.373 -865.472 3176.12
-14.245 -16.9654 2538.12
-240.443 -86.3203 2982.95
-186.86 -491.649 3043.57
-193.691 305.641 2831.76
-330.092 95.7839 2863.15
FRAME: 122
-302.165 539.87 2684.55
-437.649 42.9867 2679.11
-465.306 -849.636 3240.3
-155.763 -54.9141 2546.02
-440.206 -99.927 2903.3
-472.82 -516.459 3013.76
-454.343 278.681 2727.27
-330.287 296.227 2784.4
-113.045 48.3648 2848.14
-273.94 -850.335 3195.23
9.72712 -39.4305 2529.3
-258.732 -74.3424 2986.76
-224.187 -475.381 3055.23
-206.232 313.774 2841.53
-339.878 104.546 2864.71
FRAME: 123
-307.938 555.577 2688.25
-426.829 49.2916 2660.37
-483.225 -843.101 3217.28
-113.61 -107.895 2548.31
-445.013 -96.3769 2888.61
-465.451 -519.111 2973.53
-458.366 289.04 2709.97
-337.523 308.339 2777.24
-75.9729 113.994 2788.98
-399.898 -821.563 3255.82
152.786 164.31 2558.9
-279.682 -70.0803 2980.36
-262.449 -481.993 3060.29
-216.679 327.637 2844.5
-349.935 112.555 2855.86
FRAME: 124
-312.414 564.005 2689.73
-418.392 54.5812 2647.27
-515.941 -847.449 3189.88
-120.691 -141.582 2544.3
-443.857 -94.1702 2870.23
-449.27 -536.313 2916.59
-455.646 301.961 2697.9
-341.068 321.463 2771.18
-58.8846 146.469 2787.47
-436.583 -817.368 3256.5
189.792 234.596 2558.32
-290.387 -67.9237 2968.26
-290.918 -486.574 3054.01
-226.49 340.964 2844.46
-354.095 120.208 2845.21
FRAME: 125
-315.009 566.713 2690.66
-413.963 48.568 2643.93
-555.445 -856.208 3140.06
-140.94 -185.478 2547.04
-444.852 -91.8522 2860.28
-442.953 -539.773 2892.22
-449.304 306.494 2688.24
-340.114 326.226 2765.37
-28.2913 182.207 2771.06
-465.978 -814.256 3255.02
214.427 289.119 2577.5
-296.636 -64.9757 2964.6
-301.571 -486.466 3059.29
-230.925 345.959 2842.51
-355.429 123.906 2838.91
FRAME: 126
-315.385 563.678 2690.42
-418.838 42.7188 2633.58
-590.062 -865.417 3069.93
-175.502 -226.845 2538.95
-447.135 -90.507 2845.64
-444.339 -538.46 2861.35
-448.497 306.51 2679.68
-342.388 325.016 2757.64
-11.8251 223.821 2766.53
-477.033 -819.072 3255.38
234.098 320.682 2590.23
-303.922 -65.2564 2950.49
-304.496 -492 3062.86
-236.28 343.522 2835.61
-358.958 123.567 2827.85
FRAME: 127
-310.451 538.6 2672.45
-482.3 6.53949 2600.6
-588.878 -934.988 2903.12
-287.728 -303.126 2522.17
-455.797 -105.793 2825.24
-451.91 -551.01 2784.93
-450.425 294.299 2650.54
-348.395 314.404 2738.37
-10.9568 249.751 2748.85
-484.274 -818.596 3238.44
245.63 383.491 2625.43
-326.202 -80.2328 2936.69
-315.178 -502.868 3048.79
-246.366 334.508 2826.2
-369.697 110.695 2809.67
FRAME: 128
-305.292 522.167 2648.94
-509.577 -10.316 2588.83
-584.294 -948.99 2866.37
-381.924 -339.631 2538.6
-467.151 -124.052 2804
-455.514 -564.128 2753.63
-451.084 273.039 2609.63
-352.549 296.629 2710.18
-10.4496 245.941 2748.15
-486.299 -816.644 3225.8
244.742 382.865 2633.22
-353.142 -96.7899 2920.17
-332.538 -509.295 3032.33
-254.014 320.219 2810.73
-381.348 93.1039 2786.13
FRAME: 129
-300.398 501.995 2620.58
-526.205 -13.5287 2574.79
-573.538 -964.367 2826.51
-511.377 -323.147 2555.36
-484.126 -139.086 2771.45
-461.779 -567.608 2717.53
-452.577 255.884 2578.25
-356.298 279.477 2685.69
-12.0319 237.35 2751.65
-479.567 -817.538 3219.63
247.365 339.471 2640.99
-367.712 -110.646 2901.08
-339.644 -507.994 3011.24
-260.018 303.07 2793.13
-391.108 77.3057 2760.98
FRAME: 130
-294.775 488.386 2594.64
-557.921 -11.4585 2564.4
-543.32 -967.074 2769.39
-580.501 -331.348 2538.47
-504.129 -137.62 2750.69
-466.019 -563.965 2673.59
-463.507 243.295 2553.67
-360.321 265.308 2663.44
-9.53587 208.122 2741.67
-476.73 -824.766 3208.78
264.838 293.664 2624.34
-379.081 -110.746 2884.5
-349.903 -514.54 3005.23
-257.135 287.322 2773.21
-400.963 70.5626 2740.52
FRAME: 131
-288.496 466.189 2571.73
-615.715 -11.8267 2553.31
-529.256 -971.978 2732.47
-628.561 -349.651 2531.3
-523.553 -146.569 2733.64
-468.172 -566.402 2645.24
-475.859 221.711 2527.17
-366.712 243.439 2635.86
-15.0274 168.911 2718.48
-475.032 -830.947 3200.61
251.416 254.624 2601.22
-389.159 -119.844 2868.01
-357.397 -531.06 2975.93
-257.565 265.166 2744.56
-411.534 55.1161 2718.34
FRAME: 132
-289.959 448.52 2545.63
-643.867 -13.5407 2536.52
-525.544 -981.219 2703.37
-652.241 -355.712 2517.41
-537.591 -162.603 2709.96
-476.807 -585.788 2613.04
-489.074 213.559 2502.24
-374.829 231.107 2606.62
-50.2238 72.7665 2668.27
-484.475 -820.703 3217.85
242.101 170.142 2545.24
-400.868 -141.293 2835.65
-372.984 -549.196 2958.89
-260.585 248.655 2711
-422.03 39.5796 2689.71
FRAME: 133
-295.413 433.236 2511.29
-654.341 -25.5805 2522.99
-527.735 -981.34 2693.03
-671.397 -364.495 2494.02
-547.386 -166.007 2684.63
-494.795 -593.286 2597.06
-504.243 196.565 2479.39
-383.179 211.932 2576.4
-87.2296 23.9413 2647.84
-477.404 -829.112 3210.23
206.929 -8.00889 2446.45
-396.852 -146.575 2805.66
-367.814 -553.651 2941.73
-262.114 227.299 2673.41
-427.649 27.8204 2660.77
FRAME: 134
-308.434 413.656 2438.67
-681.851 -21.6305 2535.28
-520.991 -980.41 2648.14
-723.358 -345.069 2464.74
-543.081 -173.467 2606.99
-498.24 -603.367 2533.5
-534.247 192.851 2476.17
-390.176 190.042 2526.03
-156.77 -34.1486 2602.53
-345.481 -814.965 2978.05
115.059 -81.6342 2473.83
-350.066 -174.805 2667.67
-298.932 -532.79 2703.85
-246.105 187.233 2575.89
-418.375 7.95278 2581.68
FRAME: 135
-306.548 404.037 2415.43
-699.864 -21.2418 2527.68
-520.018 -1001.26 2634.69
-730.299 -348.679 2435.24
-550.116 -199.635 2593.1
-505.796 -626.246 2517.85
-546.389 185.821 2463.24
-397.659 179.329 2500.99
-187.404 -44.1355 2575.8
-371.617 -816.888 2972.25
-103.056 -227.727 2350.66
-343.88 -207.754 2642.83
-325.773 -597.583 2681.3
-248.929 172.837 2538.73
-422.329 -12.1826 2559.48
FRAME: 136
-303.068 378.329 2373.49
-710.135 -19.0093 2525.21
-511.801 -1006.72 2630.01
-749.749 -312.342 2425.41
-545.751 -197.272 2601.56
-521.636 -629.561 2502.92
-560.004 180.42 2453.85
-407.264 169.275 2472.75
-264.299 -76.8042 2519.1
-393.994 -830.859 2952.13
-456.871 -243.154 2260.69
-359.413 -210.651 2623.97
-361.551 -601.951 2628
-254.524 158.13 2491.66
-429.923 -17.3433 2542.76
FRAME: 137
-300.657 360.815 2344.36
-715.369 -17.3415 2520.56
-514.653 -1001.37 2635.51
-757.081 -301.407 2452.37
-549.377 -197.304 2608.07
-557.512 -630.413 2524.31
-565.831 180.202 2442.83
-413.34 166.408 2454.71
-296.769 -80.2246 2479.85
-408.897 -838.437 2922.35
-537.907 -266.959 2187.86
-370.536 -213.256 2621.89
-380.96 -607.248 2637.46
-260.85 152.613 2466.59
-436.648 -19.4363 2534.84
FRAME: 138
-302.344 355.686 2328.2
-721.265 -20.3957 2516.66
-515.628 -1001.44 2618.35
-773.204 -294.573 2415.7
-547.572 -195.66 2610.52
-568.21 -626.976 2523.97
-577.353 182.711 2436.31
-422.996 166.2 2436.73
-316.937 -77.6568 2453.13
-382.314 -807.265 2750.04
-551.278 -247.582 2214.55
-378.79 -213.423 2611.25
-361.225 -618.624 2588.58
-268.639 149.689 2437.15
-443.088 -19.1707 2523.81
FRAME: 139
-311.918 368.742 2305.39
-733.607 -10.624 2515.65
-524.267 -1008.25 2645.07
-781.046 -287.092 2417.6
-548.421 -191.468 2603.11
-587.983 -616.687 2523.68
-594.409 193.831 2430.87
-436.043 179.141 2421.54
-330.515 -72.6914 2433.1
-384.135 -806.111 2753.99
-605.097 -190.121 2189.19
-373.479 -207.648 2592.91
-359.379 -608.955 2582.82
-277.676 164.451 2412.21
-448.497 -10.2083 2509.78
FRAME: 140
-320.748 381.748 2294.75
-739.779 1.26526 2523.04
-520.857 -1007.01 2633.15
-795.329 -269.988 2422.51
-546.922 -186.584 2597.25
-589.412 -614.012 2526.43
-603.639 208.112 2433.85
-442.584 192.6 2413.79
-367.321 -61.7918 2378.97
-425.955 -802.239 2797.04
-629.128 -183.726 2155.25
-370.467 -203.555 2575.25
-346.363 -593.813 2595.26
-281.528 177.089 2393.73
-450.639 -1.23445 2500.02
FRAME: 141
-340.402 417.652 2289.23
-736.451 23.017 2529.94
-514.999 -1002.13 2639.49
-786.752 -237.598 2385.76
-544.779 -174.597 2587.66
-583.896 -611.349 2525.54
-602.501 229.478 2432.73
-445.822 213.406 2404.58
-362.812 -48.6709 2370.55
-476.775 -957.024 2633.42
-607.069 -161.244 2178.12
-365.488 -192.845 2556.25
-325.627 -577.719 2625.18
-289.144 197.334 2376.43
-450.478 14.8425 2488.27
FRAME: 142
-356.519 449.271 2301.1
-727.569 42.1508 2543.43
-507.14 -992.048 2647.45
-773.778 -213.906 2369.18
-538.281 -157.863 2579.5
-570.555 -605.223 2531.77
-604.28 248.452 2439.27
-448.211 234.362 2404.88
-353.258 -35.3645 2343.27
-461.347 -957.679 2649.65
-627.891 -148.738 2209.8
-359.766 -173.809 2540.78
-298.862 -566.814 2639.36
-292.142 220.271 2370.48
-448.617 34.2627 2482.51
FRAME: 143
-367.092 472.013 2308.67
-720.141 52.8487 2547.57
-502.166 -986.134 2656.89
-765.291 -171.6 2441.33
-525.573 -145.001 2572.9
-550.423 -594.827 2548.28
-600.381 258.194 2441.1
-445.21 248.452 2406.87
-344.396 -29.4615 2346.98
-444.812 -963.988 2654.23
-581.086 -142.443 2175.04
-348.692 -156.003 2534.24
-282.926 -556.64 2632.07
-290.04 238.71 2372.64
-441.171 48.9751 2480.22
FRAME: 144
-379.56 491.517 2330.15
-676.37 61.8934 2523.46
-498.457 -981.737 2661.69
-689.203 -165.257 2370.35
-520.518 -137.42 2571.2
-538.684 -586.129 2554.97
-591.086 268.563 2451.6
-436.658 258.869 2416.64
-322.387 -34.1299 2355.16
-415.501 -923.971 2716.34
-550.867 -134.89 2199.7
-341.626 -148.575 2530.95
-262.75 -548.048 2625.78
-282.229 249.175 2381.67
-433.865 57.9356 2483.86
FRAME: 145
-388.106 501.319 2348.32
-679.702 73.6957 2520.9
-498.144 -978.28 2666.08
-687.877 -204.615 2360.87
-516.018 -132.05 2573.12
-533.23 -582.258 2557.24
-576.502 277.779 2467.78
-425.258 266.813 2432.06
-272.734 -27.4144 2383.56
-405.341 -911.22 2730.8
-535.403 -120.953 2151.28
-335.953 -145.046 2530.76
-247.73 -539.64 2616.91
-274.014 255.847 2396.34
-425.622 64.1323 2492
FRAME: 146
-391.802 505.76 2363.49
-656.359 61.408 2504.97
-497.487 -980.822 2665.79
-658.659 -231.724 2337.96
-501.369 -134.003 2582.52
-530.895 -583.449 2552.91
-559.714 279.995 2484.95
-411.34 269.328 2447.97
-243.391 -26.2549 2400.51
-343.74 -870.478 2804.26
-451.397 -117.063 2197.34
-323.569 -146.811 2538.39
-236.931 -544.016 2614.68
-262.965 258.662 2410.99
-411.904 64.4609 2504.21
FRAME: 147
-394.407 513.216 2394.95
-644.641 28.2047 2506.96
-493.953 -988.744 2674.5
-597.24 -215.327 2350.9
-485.801 -141.843 2599.04
-518.221 -591.185 2572.67
-564.364 272.069 2512.31
-409.245 268.914 2474.2
-210.281 -17.7481 2438.01
-260.076 -853.828 2871.38
-386.893 -78.7702 2282.48
-299.245 -145.694 2553.24
-223.451 -550.045 2617.9
-254.125 265.76 2436.09
-400.884 62.5727 2525.17
FRAME: 148
-392.718 518.265 2420.86
-633.108 17.0654 2510.2
-493.999 -990.477 2683.37
-567.983 -207.377 2356.26
-476.922 -144.87 2605.06
-504.443 -591.555 2595.45
-564.114 272.417 2531.08
-403.705 273.037 2493.87
-206.405 -18.9537 2449.73
-211.249 -849.879 2917.01
-410.71 -22.5455 2231.78
-285.729 -144.14 2560.79
-209.358 -556.172 2628.86
-243.296 273.657 2456.66
-392.515 64.2657 2538.4
FRAME: 149
-373.307 533.127 2460.89
-608.575 18.266 2565.58
-491.515 -985.737 2704.07
-530.73 -180.269 2380.65
-460.302 -142.511 2619.23
-482.644 -589.604 2635.94
-549.86 285.462 2557.01
-386.789 289.742 2524.71
-163.261 7.01674 2508.25
-141.861 -865.496 2969.2
-348.949 -95.7253 2310.07
-261.069 -137.199 2579.92
-184.852 -556.117 2664.47
-223.717 294.022 2492.4
-373.737 74.9435 2562.14
FRAME: 150
-358.995 541.03 2486.25
-596.898 16.0574 2609.64
-488.563 -978.21 2719.18
-542.189 -194.521 2433.03
-446.34 -140.702 2631.74
-466.789 -582.482 2656.51
-536.143 292.382 2578.11
-370.491 297.649 2548.04
-138.794 28.0897 2543.7
-126.813 -879.234 2985.68
-302.477 -108.985 2356.17
-243.112 -134.178 2594.91
-162.678 -547.645 2692.87
-204.84 302.916 2517.98
-357.609 80.1047 2580.68
FRAME: 151
-335.005 541.903 2517.94
-536.67 13.0627 2657.22
-486.479 -978.281 2733.58
-416.932 -167.331 2487.2
-416.153 -143.967 2663.91
-445.801 -583.085 2691.71
-506.118 294.235 2612.49
-341.644 298.832 2581.41
-97.4336 34.7983 2589.82
-119.956 -889.943 3006.26
-268.569 -137.458 2419.74
-217.719 -138.387 2626.57
-144.761 -552.951 2739.27
-177.17 303.43 2550.32
-329.29 78.8277 2613.32
FRAME: 152
-315.094 539.597 2541.87
-516.403 13.6972 2682.69
-480.995 -977.451 2736.04
-400.208 -183.525 2497.13
-394.626 -142.764 2684.38
-431.702 -580.946 2711.9
-486.547 290.887 2636.93
-319.352 295.584 2608.47
-78.7797 9.50504 2616.83
-115.95 -898.291 3022.09
-261.588 -160.385 2424.51
-198.027 -137.284 2650.97
-137.013 -545.578 2770.32
-152.156 300.281 2580
-307.839 77.7803 2638.07
FRAME: 153
-285.151 531.838 2572.02
-483.428 15.4182 2717.01
-477.185 -970.458 2740.26
-422.727 -194.205 2521.6
-371.902 -139.151 2706.99
-415.016 -570.76 2746.36
-457.569 288.634 2670.26
-290.548 291.339 2644.32
-56.0174 13.9178 2643.32
-111.965 -906.37 3035.31
-243.449 -148.382 2473.79
-179.968 -136.116 2677.29
-127.839 -536.254 2805.13
-123.528 294.044 2618.38
-283.242 76.853 2668.23
FRAME: 154
-267.128 526.721 2587.39
-469.848 9.03845 2723.84
-476.52 -970.558 2749.81
-409.421 -199.952 2536.94
-352.208 -132.959 2729.73
-405.288 -564.263 2770.98
-438.329 285.427 2683.23
-272.532 287.942 2662.09
-41.7337 31.0204 2678.71
-112.301 -908.634 3037.23
-236.187 -118.439 2498.03
-166.063 -130.105 2706.17
-118.549 -524.794 2831.86
-106.735 290.458 2640.94
-265.834 78.2051 2690.02
FRAME: 155
-239.104 534.053 2605.13
-447.417 11.9303 2740.29
-447.323 -962.773 2787.81
-400.941 -188.193 2546.44
-336.283 -119.031 2759.11
-387.773 -549.091 2795.75
-416.522 296.374 2699.54
-249.552 297.548 2681.97
-34.4757 26.0667 2697.83
-112.105 -903.506 3045.64
-269.572 -87.6485 2479.94
-142.969 -117.673 2738.97
-109.744 -516.842 2864.68
-82.5816 298.722 2664.41
-244.589 89.5977 2715.51
FRAME: 156
-221.729 540.852 2617.73
-427.952 20.4584 2748.34
-427.159 -960.984 2818.85
-394.971 -163.854 2517.58
-321.539 -108.288 2778.12
-377.239 -540.165 2806.54
-397.057 309.564 2713.59
-232.127 308.69 2698.04
-30.0651 41.811 2721.53
-112.661 -903.107 3050.98
-226.98 -95.7728 2541.36
-132.974 -109.301 2760.55
-107.167 -516.516 2883.98
-67.1973 307.817 2682.49
-229.692 99.9481 2733.69
FRAME: 157
-198.839 550.125 2635.74
-414.026 39.8812 2745.28
-359.782 -936.156 2933.96
-397.14 -106.647 2479.97
-316.963 -92.0864 2797.73
-362.408 -525.257 2836.38
-376.773 324.59 2730.45
-212.605 319.564 2718.96
-6.49902 69.9425 2768.75
-115.629 -904.007 3055.96
-243.779 -59.1969 2549.93
-122.857 -98.0789 2784.2
-103.485 -510.603 2906.47
-48.4358 314.537 2707.47
-216.257 112.24 2754.96
FRAME: 158
-182.471 556.491 2650.96
-396.252 65.3776 2787.91
-330.043 -919.067 2978.74
-285.862 -46.8681 2618.61
-312.85 -81.7738 2815.6
-345.337 -513.222 2856.85
-366.067 336.892 2741.21
-200.9 330.324 2734.98
9.77044 85.9596 2795.5
-116.052 -904.193 3059.57
-196.169 -70.6893 2606.51
-114.342 -89.7389 2808.13
-93.3018 -505.613 2924.95
-35.7324 323.756 2728.76
-207.248 122.284 2773.42
FRAME: 159
-168.353 562.84 2664.37
-386.458 94.9507 2822.58
-275.95 -886.311 3061.27
-247.673 -84.9675 2641.9
-306.779 -73.5892 2827.82
-319.317 -499.256 2900.77
-355.458 349.932 2755.28
-190.655 342.916 2755.66
21.9176 86.8135 2824.76
-112.983 -903.483 3059.89
-129.406 -97.6822 2675.62
-106.522 -82.1046 2828.17
-86.5047 -498.761 2942.33
-25.8522 335.9 2756.04
-198.653 132.535 2791.83
FRAME: 160
-160.849 564.641 2668.4
-391.317 111.475 2848
-256.749 -877.451 3089.4
-269.333 -69.9065 2651.24
-300.247 -68.8134 2848.8
-302.19 -491.544 2922.96
-348.651 358.413 2771.72
-183.582 351.55 2773.12
36.728 92.8428 2844.82
-107.66 -911.247 3066.92
-74.2666 -107.357 2718.6
-98.6743 -77.1643 2850.34
-83.525 -497.879 2956.97
-18.5138 344.688 2774.52
-191.521 139.281 2811.35
FRAME: 161
-158.291 561.296 2682
-396.344 124.717 2862.3
-241.512 -877.996 3120.36
-261.046 -80.9379 2686.25
-296.753 -68.3634 2856.36
-291.783 -490.201 2944.46
-346.081 359.847 2782
-180.739 353.104 2783.94
38.8484 98.3008 2859.56
-106.691 -912.921 3074.61
-81.6797 -101.208 2720.41
-95.0379 -76.5639 2858.51
-85.0033 -495.811 2970.39
-15.3978 346.36 2785.89
-188.317 140.32 2820.69
FRAME: 162
-158.245 557.774 2695.34
-407.194 134.275 2874.8
-214.976 -870.21 3163.14
-301.09 -44.8174 2726.34
-292.544 -68.7976 2867.92
-279.231 -489.302 2975.63
-344.308 360.036 2795.05
-178.942 353.867 2796.47
45.4566 98.0432 2871.9
-104.94 -914.931 3085.27
-76.2777 -102.558 2736.79
-91.0419 -76.3044 2869.38
-84.3876 -495.976 2987.53
-13.5761 347.698 2797.89
-185.368 140.658 2832.56
FRAME: 163
-159.542 559.559 2697.97
-411.278 134.831 2884.48
-202.925 -872.163 3175.01
-278.257 -67.4236 2727.16
-286.779 -68.4811 2881.47
-270.339 -488.966 2998.56
-345.036 361.24 2805.39
-179.57 356.234 2805.19
49.6721 98.6798 2884.2
-107.273 -913.32 3091.21
-91.0077 -98.0089 2752.32
-90.1787 -74.4189 2881.28
-85.1845 -498.976 2999.6
-14.1042 351.228 2804.99
-184.025 142.392 2843.28
FRAME: 164
-163.328 557.771 2705.9
-418.907 130.781 2902.43
-196.626 -870.879 3186.4
-328.016 -52.6275 2768.53
-287.302 -71.031 2891.77
-271.388 -486.748 3022.99
-349.318 360.292 2815.58
-182.17 356.15 2814.68
49.3592 99.2045 2894.12
-115.873 -915.62 3100.59
-72.7036 -95.2555 2751.58
-90.149 -75.8896 2890.87
-84.0675 -501.229 3006.72
-15.0213 352.009 2813.77
-185.447 141.345 2853
FRAME: 165
-170.352 556.548 2715.45
-425.72 132.345 2915.15
-189.205 -874.087 3194.91
-332.662 -26.655 2789.72
-286.819 -71.9019 2904.93
-264.055 -489.164 3044.1
-355.088 358.269 2829.89
-187.298 356.265 2826.99
47.9987 101.425 2902.89
-120.512 -917.264 3115.58
-77.221 -99.0656 2762
-88.1677 -74.2625 2901.57
-82.668 -503.968 3014.95
-19.5069 354.261 2824.09
-187.396 141.591 2865.12
FRAME: 166
-180.762 560.258 2726.08
-430.984 130.354 2923.08
-179.658 -878.114 3196.33
-313.444 -35.435 2797.29
-281.897 -72.9653 2918.89
-258.844 -488.206 3061.38
-360.187 357.127 2843.68
-193.307 358.388 2837.33
46.3149 105.482 2909.2
-122.896 -914.062 3122.95
-79.1674 -96.3329 2769.32
-85.8094 -71.4535 2911.62
-81.531 -503.478 3019.14
-26.4277 359.649 2830.98
-188.58 143.089 2876.29
FRAME: 167
-191.123 569.145 2737.58
-431.419 122.839 2934.59
-173.295 -883.19 3202.16
-320.691 -20.4971 2796.92
-277.321 -72.9328 2929.62
-249.269 -493.821 3080.29
-366.675 355.558 2857.73
-200.156 360.854 2849.57
42.067 113.413 2920.5
-122.65 -908.776 3124.45
-100.129 -84.4603 2787.16
-82.6844 -66.684 2920.33
-79.9332 -500.452 3025.42
-33.6377 366.151 2841.4
-190.08 145.523 2887.27
FRAME: 168
-200.794 574.672 2748.66
-427.769 113.803 2950.22
-171.921 -888.515 3213.44
-335.487 -11.3191 2810.72
-272.322 -74.1639 2939.08
-241.988 -501.039 3101.67
-368.588 354.642 2866.33
-203.212 362.739 2858.66
39.256 119.629 2930.37
-121.739 -911.05 3125.14
-84.3053 -93.0644 2811.5
-79.8244 -64.6387 2930.4
-79.2579 -501.323 3031.19
-37.836 370.836 2850.99
-189.643 146.669 2896.7
FRAME: 169
-208.566 578.912 2759.94
-425.182 106.817 2958.39
-172.026 -891.137 3221.52
-336.721 -27.8634 2816.71
-268.884 -75.4761 2950.11
-245.988 -505.782 3116.58
-372.092 353.85 2871.15
-207.644 364.975 2866.04
37.9605 125.832 2938.46
-124.913 -912.75 3124.9
-126.829 -72.4215 2821.51
-78.1666 -62.4457 2944.42
-80.3198 -500.656 3031.63
-43.1966 376.1 2860.93
-190.585 148.007 2906.65
FRAME: 170
-217.486 581.927 2774.89
-430.48 106.323 2957.48
-177.463 -882.671 3234.03
-388.228 -1.26051 2800.29
-267.258 -72.8197 2954.22
-248.686 -502.05 3126.65
-375.6 355.732 2880.83
-212.578 369.714 2877.29
32.404 132.651 2951.04
-125.112 -915.365 3122.67
-110.223 -75.4538 2834.33
-77.3056 -56.4209 2950.18
-77.5964 -500.222 3030.07
-49.5563 383.697 2873.75
-192.43 152.547 2914.74
FRAME: 171
-219.565 587.676 2784.12
-433.888 108.792 2967.85
-178.13 -870.577 3236.34
-365.41 8.26633 2826.89
-266.723 -71.8384 2964.16
-246 -491.616 3122.04
-377.289 358.003 2890.26
-214.696 372.545 2885.24
27.031 138.468 2962.77
-125.836 -914.877 3130.32
-95.8033 -91.1762 2849.38
-76.49 -54.7186 2958.42
-74.3797 -499.055 3031.83
-52.1024 387.087 2880.21
-193.151 154.633 2923.26
FRAME: 172
-221.085 592.655 2796.14
-435.903 108.163 2966.74
-179.058 -871.209 3235.49
-393.885 0.73483 2807.85
-262.991 -69.9962 2974.27
-240.603 -492.895 3130.41
-375.751 358.617 2903.48
-214.14 373.62 2895.34
25.4499 132.383 2967.23
-103.936 -908.447 3127.84
-112.369 -81.1488 2854.33
-72.432 -52.2577 2964.72
-73.7097 -494.815 3041.91
-52.5301 388.624 2887.2
-190.926 156.247 2932.42
FRAME: 173
-219.873 597.576 2809.02
-436.619 108.364 2974.46
-182.178 -874.663 3233.71
-359.622 -8.87742 2837.99
-260.688 -67.717 2983.23
-239.661 -494.914 3126.98
-376.463 360.576 2910.74
-215.026 376.453 2901.86
22.5338 134.334 2972.41
-91.842 -907.005 3131.68
-164.069 -52.1949 2819.01
-69.6743 -48.8913 2972.73
-71.575 -491.252 3046.07
-53.5893 392.329 2892.99
-190.103 159.074 2939.92
FRAME: 174
-216.743 601.31 2825.59
-438.327 114.912 2990.42
-182.769 -877.901 3233.48
-346.055 -0.433769 2814.3
-257.783 -67.2518 2988.14
-236.644 -495.846 3125.9
-375.363 360.694 2917.47
-213.717 377.549 2908.34
21.4773 131.693 2975.34
-52.7616 -897.334 3129.6
-89.7149 -83.1825 2860.69
-65.0896 -47.1387 2977.26
-51.7684 -482.27 3044.62
-52.0706 394.403 2899.21
-187.577 160.177 2945.52
FRAME: 175
-211.131 607.929 2834.65
-432.835 122.364 3005.8
-182.868 -880.455 3243.89
-299.824 -56.3693 2841.4
-254.251 -64.4878 2993.84
-237.517 -495.361 3132.45
-373.504 362.447 2925.03
-211.139 380.066 2914.77
22.1208 136.451 2979.32
-27.3858 -892.555 3126.52
-126.512 -59.3219 2854.72
-59.1863 -43.3229 2981.43
-34.4434 -476.878 3041.77
-48.7743 397.684 2904.51
-183.929 163.08 2951.2
FRAME: 176
-201.662 613.928 2845.04
-431.736 132.856 3015.84
-179.507 -878.684 3243.78
-306.592 -23.4316 2866.75
-249.641 -61.6936 2994.91
-231.982 -488.09 3128.52
-366.651 364.707 2932.35
-201.847 382.157 2922.43
23.4714 128.156 2985.76
32.3055 -875.843 3136.4
-102.529 -65.4867 2864.92
-49.8122 -40.5242 2982.68
-10.8072 -468.336 3049.68
-37.0429 399.608 2912.5
-175.787 165.524 2955.61
FRAME: 177
-189.22 621.536 2855.63
-427.319 134.677 3017.38
-177.094 -881.677 3241.53
-337.415 -2.35693 2882.32
-246.09 -60.1085 2996.4
-229.561 -487.092 3127.13
-355.846 368.775 2938.68
-190.848 384.546 2928.73
32.3385 121.41 2990.91
64.8637 -875.321 3141.7
-100.923 -53.8154 2866.49
-41.1942 -40.6202 2983.59
15.6999 -465.836 3055.52
-25.8504 400.317 2918.79
-167.245 167.091 2959.36
FRAME: 178
-176.666 629.721 2860.71
-423.78 141.287 3024.45
-174.09 -882.371 3241.35
-300.781 16.6407 2851.88
-243.141 -57.2714 3000.94
-226.619 -479.722 3119.68
-345.881 375.734 2946.24
-181.315 389.093 2934.31
42.5257 125.761 2994.6
85.2707 -873.049 3142.45
-88.6355 -56.0208 2867.2
-36.4486 -40.6268 2985.46
28.5283 -460.343 3057.46
-16.7494 402.452 2922.39
-160.555 170.072 2963.75
FRAME: 179
-170.489 630.137 2870.24
-420.035 154.962 2998.62
-175.977 -883.802 3243.03
-343.627 44.1537 2819.85
-238.341 -53.9318 2999.47
-223.307 -479.506 3123.37
-341.047 376.347 2948.98
-176.276 390.294 2937.95
41.0935 119.116 2992.24
98.7511 -876.333 3143.7
-88.0624 -59.4978 2862.93
-30.0763 -36.5537 2984.91
34.8931 -454.918 3062.16
-11.504 404.24 2926.91
-155.242 172.526 2965.07
FRAME: 180
-153.444 631.783 2878.82
-413.827 134.201 3002.99
-172.558 -882.626 3245.9
-318.569 20.5887 2853.31
-228.871 -49.3375 3000.06
-212.354 -474.805 3123.94
-326.972 378.461 2950.04
-163.45 392.147 2940.06
56.4785 124.872 2995.84
117.262 -873.292 3154.02
-92.475 -42.6642 2858.63
-16.2068 -31.855 2986.29
46.8181 -448.923 3066.16
0.0717531 405.833 2930.08
-142.995 175.775 2966.62
FRAME: 181
-135.963 632.571 2883.23
-391.472 126.277 3007.12
-174.372 -882.615 3246.17
-276.708 5.7283 2850.91
-219.018 -49.6918 2998.64
-209.805 -474.823 3124.5
-318.493 377.862 2951.52
-151.532 391.26 2941.52
68.81 124.746 2997.55
124.642 -876.096 3162.26
-92.9989 -33.4894 2852.45
-5.78622 -32.7495 2985.33
51.2321 -448.285 3068.4
15.4281 404.659 2931.52
-131.967 175.02 2966.75
FRAME: 182
-118.708 632.073 2885.16
-372.173 125.999 3012.13
-171.246 -882.841 3244.42
-238.325 8.01578 2840.77
-207.868 -51.4094 2997.33
-202.09 -474.529 3124.83
-302.12 378.54 2952.44
-135.801 390.542 2942.04
81.1317 118.587 2994.5
131.023 -875.123 3168.07
-54.7383 -43.5987 2850.23
7.61807 -36.0915 2983.17
61.1674 -448.551 3072.4
30.5183 402.545 2931.64
-117.963 173.396 2966.15
FRAME: 183
-105.667 631.074 2884.94
-352.185 116.973 3011.08
-168.142 -877.714 3238.67
-215.939 -9.33322 2853.28
-197.709 -53.2247 2995.97
-190.957 -473.641 3118.91
-289.07 377.593 2953.58
-121.212 388.328 2942.48
92.4144 114.514 2992.31
131.392 -875.91 3171.31
-25.9387 -64.9937 2860.4
19.0818 -39.6631 2981.15
65.2437 -449.975 3075.54
46.6462 399.062 2931.38
-105.263 170.942 2965.52
FRAME: 184
-74.3835 628.495 2881.5
-324.735 111.616 3008.6
-164.618 -878.572 3241.82
-193.502 0.763996 2857.56
-176.789 -60.0406 2992.89
-175.296 -479.508 3117.57
-269.576 373.983 2951.27
-97.4905 384.279 2940.92
109.702 107.772 2988.73
134.426 -875.492 3174.49
3.58751 -74.9799 2849.05
41.5462 -47.2508 2979.51
74.4069 -450.062 3083.13
74.5949 394.574 2930.57
-82.5559 165.316 2963.56
FRAME: 185
-57.4996 621.695 2883.19
-302.904 102.749 2998.62
-153.621 -872.016 3241.45
-175.674 -30.2512 2834.85
-156.674 -70.2695 2984.61
-153.92 -469.715 3113.78
-252.529 367.047 2944.76
-78.5119 377.842 2936.97
125.134 101.237 2982.02
133.445 -885.421 3175.6
3.29125 -48.9462 2855.25
59.8602 -57.0145 2974.72
79.743 -451.362 3091.53
95.5051 388.637 2929.17
-63.4595 157.1 2958.32

