FRAME: 0
0 0 0
0 0 0
0 0 0
0 0 0
0 0 0
0 0 0
0 0 0
0 0 0
0 0 0
0 0 0
0 0 0
0 0 0
0 0 0
0 0 0
0 0 0
FRAME: 1
0 0 0
0 0 0
0 0 0
0 0 0
0 0 0
0 0 0
0 0 0
0 0 0
0 0 0
0 0 0
0 0 0
0 0 0
0 0 0
0 0 0
0 0 0
FRAME: 2
0 0 0
0 0 0
0 0 0
0 0 0
0 0 0
0 0 0
0 0 0
0 0 0
0 0 0
0 0 0
0 0 0
0 0 0
0 0 0
0 0 0
0 0 0
FRAME: 3
0 0 0
0 0 0
0 0 0
0 0 0
0 0 0
0 0 0
0 0 0
0 0 0
0 0 0
0 0 0
0 0 0
0 0 0
0 0 0
0 0 0
0 0 0
FRAME: 4
0 0 0
0 0 0
0 0 0
0 0 0
0 0 0
0 0 0
0 0 0
0 0 0
0 0 0
0 0 0
0 0 0
0 0 0
0 0 0
0 0 0
0 0 0
FRAME: 5
0 0 0
0 0 0
0 0 0
0 0 0
0 0 0
0 0 0
0 0 0
0 0 0
0 0 0
0 0 0
0 0 0
0 0 0
0 0 0
0 0 0
0 0 0
FRAME: 6
0 0 0
0 0 0
0 0 0
0 0 0
0 0 0
0 0 0
0 0 0
0 0 0
0 0 0
0 0 0
0 0 0
0 0 0
0 0 0
0 0 0
0 0 0
FRAME: 7
0 0 0
0 0 0
0 0 0
0 0 0
0 0 0
0 0 0
0 0 0
0 0 0
0 0 0
0 0 0
0 0 0
0 0 0
0 0 0
0 0 0
0 0 0
FRAME: 8
0 0 0
0 0 0
0 0 0
0 0 0
0 0 0
0 0 0
0 0 0
0 0 0
0 0 0
0 0 0
0 0 0
0 0 0
0 0 0
0 0 0
0 0 0
FRAME: 9
0 0 0
0 0 0
0 0 0
0 0 0
0 0 0
0 0 0
0 0 0
0 0 0
0 0 0
0 0 0
0 0 0
0 0 0
0 0 0
0 0 0
0 0 0
FRAME: 10
0 0 0
0 0 0
0 0 0
0 0 0
0 0 0
0 0 0
0 0 0
0 0 0
0 0 0
0 0 0
0 0 0
0 0 0
0 0 0
0 0 0
0 0 0
FRAME: 11
0 0 0
0 0 0
0 0 0
0 0 0
0 0 0
0 0 0
0 0 0
0 0 0
0 0 0
0 0 0
0 0 0
0 0 0
0 0 0
0 0 0
0 0 0
FRAME: 12
0 0 0
0 0 0
0 0 0
0 0 0
0 0 0
0 0 0
0 0 0
0 0 0
0 0 0
0 0 0
0 0 0
0 0 0
0 0 0
0 0 0
0 0 0
FRAME: 13
0 0 0
0 0 0
0 0 0
0 0 0
0 0 0
0 0 0
0 0 0
0 0 0
0 0 0
0 0 0
0 0 0
0 0 0
0 0 0
0 0 0
0 0 0
FRAME: 14
0 0 0
0 0 0
0 0 0
0 0 0
0 0 0
0 0 0
0 0 0
0 0 0
0 0 0
0 0 0
0 0 0
0 0 0
0 0 0
0 0 0
0 0 0
FRAME: 15
0 0 0
0 0 0
0 0 0
0 0 0
0 0 0
0 0 0
0 0 0
0 0 0
0 0 0
0 0 0
0 0 0
0 0 0
0 0 0
0 0 0
0 0 0
FRAME: 16
0 0 0
0 0 0
0 0 0
0 0 0
0 0 0
0 0 0
0 0 0
0 0 0
0 0 0
0 0 0
0 0 0
0 0 0
0 0 0
0 0 0
0 0 0
FRAME: 17
0 0 0
0 0 0
0 0 0
0 0 0
0 0 0
0 0 0
0 0 0
0 0 0
0 0 0
0 0 0
0 0 0
0 0 0
0 0 0
0 0 0
0 0 0
FRAME: 18
0 0 0
0 0 0
0 0 0
0 0 0
0 0 0
0 0 0
0 0 0
0 0 0
0 0 0
0 0 0
0 0 0
0 0 0
0 0 0
0 0 0
0 0 0
FRAME: 19
0 0 0
0 0 0
0 0 0
0 0 0
0 0 0
0 0 0
0 0 0
0 0 0
0 0 0
0 0 0
0 0 0
0 0 0
0 0 0
0 0 0
0 0 0
FRAME: 20
0 0 0
0 0 0
0 0 0
0 0 0
0 0 0
0 0 0
0 0 0
0 0 0
0 0 0
0 0 0
0 0 0
0 0 0
0 0 0
0 0 0
0 0 0
FRAME: 21
0 0 0
0 0 0
0 0 0
0 0 0
0 0 0
0 0 0
0 0 0
0 0 0
0 0 0
0 0 0
0 0 0
0 0 0
0 0 0
0 0 0
0 0 0
FRAME: 22
0 0 0
0 0 0
0 0 0
0 0 0
0 0 0
0 0 0
0 0 0
0 0 0
0 0 0
0 0 0
0 0 0
0 0 0
0 0 0
0 0 0
0 0 0
FRAME: 23
0 0 0
0 0 0
0 0 0
0 0 0
0 0 0
0 0 0
0 0 0
0 0 0
0 0 0
0 0 0
0 0 0
0 0 0
0 0 0
0 0 0
0 0 0
FRAME: 24
0 0 0
0 0 0
0 0 0
0 0 0
0 0 0
0 0 0
0 0 0
0 0 0
0 0 0
0 0 0
0 0 0
0 0 0
0 0 0
0 0 0
0 0 0
FRAME: 25
0 0 0
0 0 0
0 0 0
0 0 0
0 0 0
0 0 0
0 0 0
0 0 0
0 0 0
0 0 0
0 0 0
0 0 0
0 0 0
0 0 0
0 0 0
FRAME: 26
0 0 0
0 0 0
0 0 0
0 0 0
0 0 0
0 0 0
0 0 0
0 0 0
0 0 0
0 0 0
0 0 0
0 0 0
0 0 0
0 0 0
0 0 0
FRAME: 27
0 0 0
0 0 0
0 0 0
0 0 0
0 0 0
0 0 0
0 0 0
0 0 0
0 0 0
0 0 0
0 0 0
0 0 0
0 0 0
0 0 0
0 0 0
FRAME: 28
0 0 0
0 0 0
0 0 0
0 0 0
0 0 0
0 0 0
0 0 0
0 0 0
0 0 0
0 0 0
0 0 0
0 0 0
0 0 0
0 0 0
0 0 0
FRAME: 29
0 0 0
0 0 0
0 0 0
0 0 0
0 0 0
0 0 0
0 0 0
0 0 0
0 0 0
0 0 0
0 0 0
0 0 0
0 0 0
0 0 0
0 0 0
FRAME: 30
0 0 0
0 0 0
0 0 0
0 0 0
0 0 0
0 0 0
0 0 0
0 0 0
0 0 0
0 0 0
0 0 0
0 0 0
0 0 0
0 0 0
0 0 0
FRAME: 31
0 0 0
0 0 0
0 0 0
0 0 0
0 0 0
0 0 0
0 0 0
0 0 0
0 0 0
0 0 0
0 0 0
0 0 0
0 0 0
0 0 0
0 0 0
FRAME: 32
0 0 0
0 0 0
0 0 0
0 0 0
0 0 0
0 0 0
0 0 0
0 0 0
0 0 0
0 0 0
0 0 0
0 0 0
0 0 0
0 0 0
0 0 0
FRAME: 33
0 0 0
0 0 0
0 0 0
0 0 0
0 0 0
0 0 0
0 0 0
0 0 0
0 0 0
0 0 0
0 0 0
0 0 0
0 0 0
0 0 0
0 0 0
FRAME: 34
0 0 0
0 0 0
0 0 0
0 0 0
0 0 0
0 0 0
0 0 0
0 0 0
0 0 0
0 0 0
0 0 0
0 0 0
0 0 0
0 0 0
0 0 0
FRAME: 35
0 0 0
0 0 0
0 0 0
0 0 0
0 0 0
0 0 0
0 0 0
0 0 0
0 0 0
0 0 0
0 0 0
0 0 0
0 0 0
0 0 0
0 0 0
FRAME: 36
0 0 0
0 0 0
0 0 0
0 0 0
0 0 0
0 0 0
0 0 0
0 0 0
0 0 0
0 0 0
0 0 0
0 0 0
0 0 0
0 0 0
0 0 0
FRAME: 37
0 0 0
0 0 0
0 0 0
0 0 0
0 0 0
0 0 0
0 0 0
0 0 0
0 0 0
0 0 0
0 0 0
0 0 0
0 0 0
0 0 0
0 0 0
FRAME: 38
0 0 0
0 0 0
0 0 0
0 0 0
0 0 0
0 0 0
0 0 0
0 0 0
0 0 0
0 0 0
0 0 0
0 0 0
0 0 0
0 0 0
0 0 0
FRAME: 39
0 0 0
0 0 0
0 0 0
0 0 0
0 0 0
0 0 0
0 0 0
0 0 0
0 0 0
0 0 0
0 0 0
0 0 0
0 0 0
0 0 0
0 0 0
FRAME: 40
0 0 0
0 0 0
0 0 0
0 0 0
0 0 0
0 0 0
0 0 0
0 0 0
0 0 0
0 0 0
0 0 0
0 0 0
0 0 0
0 0 0
0 0 0
FRAME: 41
0 0 0
0 0 0
0 0 0
0 0 0
0 0 0
0 0 0
0 0 0
0 0 0
0 0 0
0 0 0
0 0 0
0 0 0
0 0 0
0 0 0
0 0 0
FRAME: 42
0 0 0
0 0 0
0 0 0
0 0 0
0 0 0
0 0 0
0 0 0
0 0 0
0 0 0
0 0 0
0 0 0
0 0 0
0 0 0
0 0 0
0 0 0
FRAME: 43
0 0 0
0 0 0
0 0 0
0 0 0
0 0 0
0 0 0
0 0 0
0 0 0
0 0 0
0 0 0
0 0 0
0 0 0
0 0 0
0 0 0
0 0 0
FRAME: 44
0 0 0
0 0 0
0 0 0
0 0 0
0 0 0
0 0 0
0 0 0
0 0 0
0 0 0
0 0 0
0 0 0
0 0 0
0 0 0
0 0 0
0 0 0
FRAME: 45
0 0 0
0 0 0
0 0 0
0 0 0
0 0 0
0 0 0
0 0 0
0 0 0
0 0 0
0 0 0
0 0 0
0 0 0
0 0 0
0 0 0
0 0 0
FRAME: 46
0 0 0
0 0 0
0 0 0
0 0 0
0 0 0
0 0 0
0 0 0
0 0 0
0 0 0
0 0 0
0 0 0
0 0 0
0 0 0
0 0 0
0 0 0
FRAME: 47
0 0 0
0 0 0
0 0 0
0 0 0
0 0 0
0 0 0
0 0 0
0 0 0
0 0 0
0 0 0
0 0 0
0 0 0
0 0 0
0 0 0
0 0 0
FRAME: 48
0 0 0
0 0 0
0 0 0
0 0 0
0 0 0
0 0 0
0 0 0
0 0 0
0 0 0
0 0 0
0 0 0
0 0 0
0 0 0
0 0 0
0 0 0
FRAME: 49
0 0 0
0 0 0
0 0 0
0 0 0
0 0 0
0 0 0
0 0 0
0 0 0
0 0 0
0 0 0
0 0 0
0 0 0
0 0 0
0 0 0
0 0 0
FRAME: 50
0 0 0
0 0 0
0 0 0
0 0 0
0 0 0
0 0 0
0 0 0
0 0 0
0 0 0
0 0 0
0 0 0
0 0 0
0 0 0
0 0 0
0 0 0
FRAME: 51
0 0 0
0 0 0
0 0 0
0 0 0
0 0 0
0 0 0
0 0 0
0 0 0
0 0 0
0 0 0
0 0 0
0 0 0
0 0 0
0 0 0
0 0 0
FRAME: 52
0 0 0
0 0 0
0 0 0
0 0 0
0 0 0
0 0 0
0 0 0
0 0 0
0 0 0
0 0 0
0 0 0
0 0 0
0 0 0
0 0 0
0 0 0
FRAME: 53
0 0 0
0 0 0
0 0 0
0 0 0
0 0 0
0 0 0
0 0 0
0 0 0
0 0 0
0 0 0
0 0 0
0 0 0
0 0 0
0 0 0
0 0 0
FRAME: 54
-12.2532 292.344 2171.47
-456.502 -99.3857 2250.55
-200.547 -785.254 2348.83
-489.976 -306.56 2073.89
-311.653 -257.435 2337.47
-296.328 -586.621 2306.27
-336.496 121.114 2281.9
-172.003 97.699 2315.18
-41.8154 -136.672 2425.86
-144.866 -826.918 2528.19
-154.081 -246.992 2120.53
-156.921 -279.69 2368.38
-110.862 -573.811 2361.7
-7.5107 74.2838 2348.46
-203.145 -85.4317 2334.05
FRAME: 55
-36.9702 362.827 2161.79
-463 -63.8228 2266.38
-256.993 -828.736 2412.98
-509.82 -226.137 2099.69
-310.916 -211.996 2336.1
-289.537 -574.779 2341.72
-342.867 157.382 2275.33
-170.905 130.892 2295.26
-64.2752 -98.2716 2393.67
-168.469 -814.92 2697.11
-149.578 -169.32 2142.1
-155.922 -236.696 2356.86
-82.8643 -538.98 2294.92
1.05778 104.402 2315.19
-202.162 -46.7267 2320.87
FRAME: 56
-58.7061 481.503 2155.83
-459.953 7.70836 2346.98
-314.747 -890.069 2404.47
-435.517 -147.549 2167.11
-318.44 -117.157 2427.57
-292.171 -544.685 2387.47
-335.503 263.452 2294.91
-171.586 255.025 2318.51
-38.2736 -16.0322 2385.29
-178.227 -814.951 2854.98
-116.191 -126.84 2204.13
-102.353 -125.698 2459.42
-39.4937 -514.269 2569.09
-7.66904 246.598 2342.12
-190.991 66.7988 2381
FRAME: 57
-61.6838 503.746 2188.91
-451.295 98.4946 2400.16
-341.24 -930.121 2463.75
-407.539 -119.427 2190.47
-310.659 -85.3283 2452.58
-288.314 -546.579 2393.73
-328.705 293.172 2318.09
-165.18 277.402 2330.71
-0.303389 -2.84159 2370.34
-172.324 -802.063 2961.78
-151.326 -184.71 2178.83
-113.797 -104.051 2468.69
-62.7638 -507.577 2607.59
-1.65522 261.632 2343.33
-188.704 91.3562 2395.67
FRAME: 58
-68.3279 525.035 2220.59
-446.771 91.8805 2413.22
-351.674 -931.521 2491.78
-369.855 -120.792 2200.65
-302.92 -78.1763 2471.51
-294.883 -543.647 2411.26
-323.429 303.671 2328.93
-162.092 290.443 2341.03
1.16583 8.39909 2374.79
-161.919 -789.409 2965.46
-148.074 -183.283 2196.97
-103.463 -94.4892 2486.79
-70.9366 -497.823 2619.42
-0.755033 277.216 2353.12
-182.642 102.055 2410.09
FRAME: 59
-87.7486 545.431 2279.51
-386.294 57.4097 2445.47
-443.593 -899.088 2651.39
-274.843 -160.342 2295.46
-295.832 -73.0688 2498
-337.445 -510.397 2483.4
-310.547 298.6 2354.65
-157.827 292.414 2376.68
17.5444 44.155 2500.18
-85.0735 -827.851 2954.55
-126.787 -187.412 2316.86
-88.3092 -81.1872 2528.76
-47.0893 -485.83 2651.88
-5.10755 286.228 2398.71
-174.949 107.643 2445.03
FRAME: 60
-100.18 550.266 2304.28
-385.582 61.8045 2464.77
-461.916 -900.696 2695.74
-269.648 -113.106 2259.98
-312.119 -73.1967 2525.1
-343.459 -517.663 2527.19
-308.441 306.953 2381.63
-156.896 295.923 2402.63
29.8326 33.4458 2512.45
-78.646 -842.105 2957.65
-119.756 -215.108 2370.97
-94.7366 -89.8409 2555.85
-38.1696 -489.932 2674.2
-5.35024 284.893 2423.64
-180.162 107.202 2471.55
FRAME: 61
-109.385 542.291 2339.87
-381.131 21.8604 2508.57
-471.818 -914.314 2719.53
-250.754 -175.271 2260.33
-280.496 -101.121 2571.31
-352.877 -543.868 2568.32
-306.8 287.287 2417.89
-154.575 282.477 2436.26
37.6271 33.4712 2531.46
-72.3311 -847.421 2963.16
-117.551 -238.296 2423.14
-88.0618 -107.125 2594.48
-32.1 -512.312 2718.66
-2.34902 277.668 2454.64
-169.427 89.1772 2509.58
FRAME: 62
-116.16 520.544 2364.73
-369.876 9.35157 2524.84
-479.477 -919.77 2747.01
-228.428 -194.968 2237.47
-267.297 -116.649 2606.65
-353.842 -556.209 2590.24
-303.271 266.5 2446.82
-154.87 263.566 2467.03
7.47304 14.3821 2565.47
-64.5318 -865.043 2978.85
-134.868 -247.253 2409.11
-98.7564 -119.908 2629.83
-15.2158 -527.218 2744.08
-6.46937 260.632 2487.23
-168.948 72.6441 2542.63
FRAME: 63
-125.758 486.032 2390.21
-357.941 -24.8993 2524.06
-489.234 -917.069 2767.33
-230.337 -204.45 2369.81
-291.116 -131.738 2648
-366.538 -551.393 2616.44
-306.682 240.208 2460.39
-161.313 239.206 2491.43
-3.7705 -24.4486 2634.18
-52.3091 -879.096 3000.58
-103.429 -276.75 2509.24
-115.032 -132.972 2686.19
-2.8508 -543.577 2764.86
-15.9435 238.203 2522.48
-182.193 53.4254 2579.26
FRAME: 64
-132.578 478.491 2394.05
-359.944 -40.3158 2537.37
-479.936 -930.585 2767.66
-165.69 -153.462 2318.98
-276.767 -148.462 2648.5
-353.41 -563.723 2620.29
-313.401 230.067 2485.9
-167.838 229.918 2505.46
16.6313 -20.7708 2650.78
-52.2055 -861.884 3035.87
-99.8414 -214.972 2402.15
-102.294 -148.598 2671.89
-6.8899 -521.609 2810.89
-22.2749 229.77 2525.02
-178.684 40.6939 2582.83
FRAME: 65
-134.17 482.17 2397.48
-363.317 -41.9702 2542.59
-476.342 -940.205 2766.41
-133.195 -128.193 2342.33
-280.668 -149.505 2649.78
-343.708 -573.163 2626.58
-316.704 229.846 2495.52
-172.033 230.918 2514.09
9.76897 -24.8116 2648.93
-57.4912 -856.16 3063.53
-78.9572 -152.483 2347.04
-96.6121 -148.151 2673.15
-14.4503 -524.286 2836.37
-27.363 231.99 2532.66
-180.337 41.0451 2587.78
FRAME: 66
-133.796 494.457 2398.1
-363.11 -20.0366 2526.9
-473.474 -944.728 2766.34
-117.141 -45.3595 2345.79
-288.332 -147.568 2643.82
-338.888 -575.675 2627.37
-316.182 249.357 2488.6
-175.65 253.454 2518.9
-3.54376 -9.42855 2653.64
-71.7009 -855.019 3084.29
-31.6746 -97.4998 2326.2
-102.811 -142.195 2683.53
-38.0396 -517.034 2855.64
-35.1185 257.551 2549.19
-185.611 54.2864 2591.28
FRAME: 67
-131.961 521.273 2395.11
-349.34 1.70645 2497.25
-466.011 -942.099 2770.2
-85.1224 -13.966 2351.12
-294.846 -137.27 2639.95
-330.689 -573.785 2629.85
-310.296 272.918 2473.63
-175.533 280.571 2517.05
-11.2047 28.7845 2651.33
-106.324 -851.437 3080.39
57.3247 3.49554 2294.54
-107.984 -126.68 2699.93
-56.8534 -506.628 2873.12
-40.7697 288.224 2560.47
-188.474 74.298 2593.49
FRAME: 68
-130.005 546.728 2400.93
-286.951 28.2262 2408.72
-464.248 -933.428 2778.88
3.98823 32.5266 2326.43
-300.535 -110.604 2640.27
-315.891 -551.377 2635.13
-300.12 282.805 2453.76
-175.473 297.364 2520.48
-32.3694 55.0557 2674.03
-156.862 -853.268 3045.1
93.4023 19.1497 2360.66
-133.87 -91.1727 2729.28
-67.7598 -502.231 2864.86
-50.826 311.922 2587.21
-196.338 98.2375 2602.63
FRAME: 69
-126.067 563.942 2406.09
-232.053 38.3254 2363.15
-466.3 -938.014 2782.83
82.0656 46.546 2304.03
-301.443 -103.234 2636.09
-302.36 -548.956 2633.86
-287.559 287.306 2433.1
-173.842 307.591 2515.66
-30.8099 80.0773 2684.13
-220.865 -842.028 3002.32
143.422 46.4049 2333.89
-155.509 -77.2456 2741.87
-72.0163 -487.234 2853.12
-60.1246 327.876 2598.22
-201.159 108.676 2602.32
FRAME: 70
-121.245 576.304 2412.68
-168.235 36.1966 2326.71
-459.274 -941.017 2766.98
155.373 28.4166 2278.83
-298.724 -102.962 2616.76
-275.815 -556.649 2611.85
-271.739 286.005 2421.38
-176.657 310.323 2517.67
-26.4132 100.31 2701.59
-274.024 -844.889 2966.99
203.512 71.0263 2387.02
-175.013 -71.4267 2741.58
-80.814 -482.375 2837.48
-81.5748 334.641 2613.96
-206.763 111.564 2598.42
FRAME: 71
-115.297 574.502 2426.03
-123.293 49.4009 2301.49
-440.464 -932.08 2681.71
262.5 -61.1355 2208.35
-300.773 -109.065 2594.59
-249.166 -562.469 2565.55
-254.471 282.144 2411.02
-177.315 306.514 2522.22
23.1914 139.015 2722.24
-290.682 -863.422 2924.02
243.428 129.379 2567.19
-205.229 -79.1198 2731.68
-118.26 -496.248 2810.52
-100.16 330.884 2633.43
-215.158 106.211 2592.68
FRAME: 72
-102.364 565.449 2438.46
-104.02 50.3843 2286.01
-412.642 -936.305 2625.51
258.392 -120.168 2181.19
-299.423 -119.451 2570.86
-228.124 -568.917 2530.15
-233.796 277.251 2401.44
-177.996 303.007 2526.2
12.9231 186.06 2793.07
-301.154 -868.224 2894.88
280.143 309.914 2791.54
-229.4 -87.3965 2726.43
-129.984 -491.287 2813.43
-122.196 328.763 2650.95
-221.204 99.7916 2587.42
FRAME: 73
-94.9591 545.878 2452.43
-67.4729 42.8399 2270.91
-403.672 -923.934 2576.81
275.744 -172.805 2151.46
-293.493 -135.71 2554.81
-188.85 -585.377 2474.16
-201.634 265.112 2389.75
-164.237 292.075 2522.99
19.9121 186.329 2792.29
-288.878 -876.92 2891.65
205.27 286.232 2838.23
-247.701 -103.591 2715.38
-138.177 -514.521 2815.42
-126.841 319.038 2656.24
-217.417 86.2124 2579.04
FRAME: 74
-86.8874 515.621 2467.41
-50.3393 49.0643 2265.6
-374.155 -926.732 2530.71
247.9 -198.852 2124.62
-292.309 -144.17 2540.82
-163.764 -589.844 2435.41
-177.691 251.92 2387.26
-153.271 278.288 2523.63
23.7785 202.381 2822.48
-280.887 -884.323 2898.01
190.99 346.727 2935.57
-262.482 -112.148 2707.07
-132.475 -517.98 2815.55
-128.85 304.655 2660
-215.333 75.0644 2573.79
FRAME: 75
-70.8806 489.48 2475.53
-37.781 20.9886 2260.45
-326.368 -922.519 2472.64
232.511 -235.592 2120.87
-297.799 -156.294 2521.59
-151.24 -583.663 2415.32
-157.908 240.961 2377.25
-145.08 265.967 2522.12
15.7763 197.636 2824.75
-278.715 -886.986 2903.64
184.023 324.926 2843.82
-283.219 -127.566 2688.2
-135.096 -528.152 2805.31
-132.253 290.973 2666.99
-217.795 62.0187 2563.51
FRAME: 76
-57.3397 460.709 2472.46
-32.0205 -5.73377 2256.57
-304.909 -945.638 2445.79
239.602 -289.657 2099.09
-295.555 -164.406 2498.72
-139.687 -586.945 2400.38
-142.197 233.122 2370.81
-137.56 255.605 2519.56
-122.186 37.7007 2714.41
-275.855 -893.837 2903.15
-29.0111 -120.529 2685.1
-290.081 -138.338 2671.95
-134.719 -537.342 2788.09
-132.924 278.088 2668.31
-215.189 52.1163 2552.45
FRAME: 77
-45.948 436.796 2468.27
-41.1082 -32.291 2250.05
-288.058 -961.139 2442.28
212.38 -334.339 2088.61
-290.529 -178.979 2479.19
-124.376 -596.912 2386.59
-127.942 220.959 2361.32
-130.914 242.839 2513.94
-134.058 24.0337 2677.18
-282.525 -902.075 2897.36
7.51116 -150.974 2614.36
-294.003 -153.34 2658.74
-136.984 -554.215 2771.79
-133.887 264.719 2666.56
-211.59 38.3397 2541.45
FRAME: 78
-35.1516 416.127 2460.02
-54.1929 -39.7938 2240.59
-267.475 -983.061 2445.25
178.681 -357.79 2086.55
-288.144 -203.973 2459.65
-108.11 -612.408 2372.78
-118.227 206.03 2348.13
-127.303 225.167 2506.77
-145.114 -13.3365 2674.08
-293.434 -915.228 2899.01
-12.9674 -222.676 2562.48
-298.139 -182.704 2635.57
-133.53 -577.731 2761.77
-136.379 244.304 2665.42
-210.222 15.9142 2527.19
FRAME: 79
-20.7735 380.91 2426.9
-82.7535 -65.7371 2205.88
-253.724 -994.275 2438.19
119.987 -412.973 2053.59
-285.476 -230.147 2423.6
-94.1815 -633.403 2344.52
-107.097 185.773 2306.4
-122.852 202.369 2482.68
-170.89 -52.9175 2655.65
-309.264 -927.046 2891.63
-47.4342 -245.459 2676.05
-300.32 -214.338 2590.28
-136.355 -587.902 2740.96
-138.607 218.965 2658.97
-207.875 -9.93692 2494.81
FRAME: 80
-10.9017 360.828 2403.07
-113.826 -83.1682 2181.65
-248.63 -998.418 2428.83
85.6073 -427.181 2049.17
-286.749 -254.519 2390.38
-77.6501 -647.629 2319.65
-101.157 165.128 2265.67
-121.779 182.516 2456.5
-191.925 -77.6855 2663.55
-326.393 -935.002 2878.95
-78.3925 -286.024 2749
-305.266 -238.646 2562.85
-145.385 -613.266 2710.34
-142.402 199.903 2647.34
-208.893 -32.0333 2466.56
FRAME: 81
-7.96114 341.295 2380.69
-144.02 -106.719 2140.62
-244.8 -995.829 2423.55
52.3521 -447.695 2050.23
-280.812 -275.903 2358.56
-63.9278 -646.668 2294.67
-101.036 150.196 2238.34
-125.856 163.641 2435.32
-216.667 -84.3194 2684.11
-322.769 -939.827 2867.83
-112.022 -370.066 2700.36
-302.421 -264.074 2529.87
-133.091 -627.496 2691.19
-150.676 177.086 2632.29
-208.736 -53.1735 2439.76
FRAME: 82
-0.71288 322.717 2361.57
-167.122 -128.079 2123.3
-251.589 -1002.74 2415.02
14.9797 -461.105 2049.81
-270.704 -284.724 2339.23
-84.4497 -669.333 2271.55
-115.692 130.689 2215.94
-132.305 143.832 2411.8
-200.462 -76.0396 2680.35
-306.061 -966.392 2863.15
-86.8864 -332.222 2736.45
-286.769 -271.819 2518.18
-163.673 -669.441 2654.15
-148.917 156.976 2607.66
-205.521 -67.2194 2420.25
FRAME: 83
8.25385 310.635 2343.52
-198.747 -170.034 2120.34
-256.058 -1013.77 2409.75
-36.3197 -497.865 2055.24
-284.767 -288.682 2329.37
-112.028 -691.453 2259.39
-132.82 83.2749 2215.94
-115.777 92.7189 2370.46
-123.379 -54.442 2650.21
-287.768 -969.588 2832.55
308.763 -123.807 2654.85
-261.463 -276.212 2506.3
-135.289 -674.404 2625.55
-98.734 102.163 2524.98
-194.446 -94.8642 2394.15
FRAME: 84
17.6 301.201 2328.01
-233.324 -192.813 2117.29
-255.017 -1012.69 2396.05
-91.1082 -501.867 2058.85
-294.793 -290.119 2326.31
-128.722 -689.022 2257.43
-151.793 62.3559 2204.26
-104.082 65.9746 2338.98
-1.50265 -116.416 2558.38
-185.392 -1000.7 2538.5
437.231 -158.445 2524.14
-237.806 -285.445 2487.72
-121.909 -674.339 2606.58
-56.3707 69.5933 2473.7
-185.19 -110.904 2373
FRAME: 85
28.947 283.653 2290.12
-307.78 -209.483 2130.5
-268.978 -986.45 2458.95
-227.652 -491.71 2021.28
-300.1 -298.383 2331
-168.353 -712.377 2290.02
-180.428 62.1947 2190.58
-106.736 60.9718 2319.51
-16.4176 -152.765 2505.72
-204.376 -1012.87 2620.01
220.22 -385.573 2264.24
-217.656 -299.561 2475.47
-99.2218 -677.365 2562.2
-33.0448 59.749 2448.45
-182.807 -119 2361.38
FRAME: 86
35.3548 276.244 2261.53
-339.732 -204.562 2143.24
-276.084 -963.408 2479.89
-304.34 -494.015 2027.81
-304.027 -305.502 2329.97
-147.463 -705.705 2266.33
-211.061 62.6181 2183.12
-117.451 58.3156 2302.91
-12.943 -212.265 2394.51
-200.577 -996.359 2632.35
164.159 -503.954 2111.38
-201.654 -309.617 2460.13
-96.9039 -681.733 2528.68
-23.8406 54.0131 2422.7
-185.146 -124.622 2348.98
FRAME: 87
36.2381 276.444 2237.71
-377.657 -172.179 2170.7
-265.969 -971.948 2464.6
-360.588 -466.766 2035.5
-300.585 -317.783 2314.56
-138.424 -707.224 2241.67
-230.612 74.6549 2186.57
-121.939 64.6803 2285.92
-38.752 -206.323 2326.58
-130.509 -953.785 2513.49
0.956275 -496.008 2058.83
-173.587 -327.445 2429.91
-96.3711 -684.167 2471.53
-13.2661 54.7057 2385.27
-179.512 -128.967 2329.08
FRAME: 88
35.0883 282.393 2221.58
-416.172 -130.437 2200.24
-264.163 -982.336 2478.64
-418.083 -435.711 2053
-297.431 -311.775 2306.37
-165.571 -701.437 2256.67
-240.878 93.987 2193.99
-123.117 78.8044 2274.84
-43.231 -193.951 2299.76
-169.99 -967.509 2573.52
-33.7972 -531.621 1980.35
-158.839 -328.696 2400.74
-114.787 -703.792 2473.12
-5.35639 63.6217 2355.7
-175.626 -120.715 2314.2
FRAME: 89
23.878 313.858 2204.08
-470.105 -57.2645 2265
-262.149 -985.901 2479.01
-518.111 -350.859 2139.18
-299.303 -287.447 2319.74
-220.311 -690.967 2319
-262.13 126.393 2205.91
-127.537 108.225 2267.78
-47.9 -163.875 2308.4
-194.707 -984.758 2596.01
-152.72 -412.263 2008.06
-144.202 -308.188 2390.24
-94.2108 -704.959 2470.38
7.0569 90.0571 2329.65
-174.645 -94.7963 2311.39
FRAME: 90
9.92725 357.942 2193.33
-481.658 -6.05654 2286.49
-260.788 -983.282 2478.99
-555.548 -308.455 2196.44
-292.956 -240.381 2329.33
-242.762 -653.137 2350.99
-269.285 162.241 2209.23
-128.153 144.604 2261.89
-36.1831 -123.301 2302.42
-197.748 -987.857 2608.38
-163.684 -379.573 2018.68
-132.198 -260.283 2389.53
-89.1588 -692.646 2481.19
12.9791 126.966 2314.54
-170.365 -52.8641 2310.66
FRAME: 91
-0.815086 414.13 2187.52
-497.902 51.7197 2330.9
-253.069 -976.577 2454
-552.752 -246.476 2251.01
-285.075 -195.108 2349.28
-240.32 -604.984 2351.14
-285.794 207.332 2228.89
-134.745 188.16 2267.8
-32.6832 -81.6988 2290.92
-204.012 -973.153 2630.07
-152.425 -323.529 2011.85
-134.103 -214.677 2388.21
-86.9105 -631.479 2480.49
16.3036 168.988 2306.71
-172.167 -8.3664 2318.27
FRAME: 92
-6.01326 460.788 2197.22
-489.292 93.8656 2361.1
-247.659 -974.506 2447.52
-533.323 -203.941 2283.66
-284.799 -162.307 2369.19
-217.705 -593.622 2321.33
-290.716 249.69 2246.83
-132.54 229.999 2277.61
-22.0342 -48.082 2302.97
-172.788 -913.185 2616.55
-135.949 -280.371 2044.22
-119.529 -183.102 2400.57
-73.4894 -599.98 2459.55
25.6367 210.308 2308.39
-167.352 28.6472 2331.24
FRAME: 93
-21.0346 507.477 2207.8
-477.139 139.167 2388.65
-239.762 -949.918 2403.84
-499.457 -174.647 2298.78
-281.548 -106.351 2391.08
-221.716 -551.803 2345.78
-289.896 297.529 2270.57
-132.959 279.298 2292.84
-9.67065 -12.2833 2326.02
-182.078 -861.501 2711.85
-118.643 -238.3 2088.16
-106.525 -126.794 2415.73
-48.4733 -559.521 2467.26
23.9784 261.068 2315.12
-163.498 81.3629 2348.13
FRAME: 94
-29.1845 536.12 2217.37
-461.047 176.532 2415.24
-247.313 -929.194 2421.59
-458.654 -143.128 2310.44
-277.533 -84.8554 2398.72
-233.624 -535.516 2359.41
-286.597 326.171 2284.16
-130.319 308.495 2303.49
-6.05485 19.2737 2352.44
-168.308 -825.471 2784.9
-96.9113 -237.911 2138.41
-100.063 -104.617 2420.66
-44.9171 -529.413 2476.84
25.9596 290.819 2322.82
-159.558 106.879 2356.59
FRAME: 95
-37.1279 561.013 2231.85
-451.289 178.926 2438.82
-297.413 -928.914 2470.8
-416.827 -135.302 2325.97
-281.717 -76.7003 2411.67
-242.337 -536.46 2365.88
-290.024 343.536 2304.05
-131.721 324.961 2316.39
1.47012 35.937 2374.48
-147.816 -770.136 2854.13
-52.0563 -207.038 2187.89
-94.9447 -98.2735 2426.6
-48.1647 -507.255 2510.68
26.5821 306.386 2328.74
-160.026 118.737 2367.77
FRAME: 96
-55.7245 584.61 2283.2
-435.263 159.216 2473.76
-373.507 -900.875 2549.59
-332.607 -136.99 2317.06
-276.598 -73.8893 2450.11
-261.096 -520.238 2394.53
-297.211 353.999 2354.43
-139.76 338.983 2356.95
35.5423 75.3466 2433.48
-111.645 -802.028 2879.19
30.3364 -198.217 2308.17
-86.6812 -91.8425 2453.43
-43.2192 -503.79 2558.91
17.6915 323.967 2359.46
-160.7 128.059 2404.36
FRAME: 97
-66.6088 586.93 2320.66
-410.972 127.142 2503.84
-419.766 -903.612 2640.57
-276.321 -143.951 2299.66
-270.904 -81.6215 2492.31
-286.708 -526.275 2463.02
-297.643 345.194 2394.39
-142.81 333.694 2399.01
47.2487 66.3001 2484.08
-85.4218 -836.129 2892.75
-19.6576 -202.161 2332.26
-84.0856 -95.24 2498.46
-34.1414 -510.5 2621.74
12.0232 322.193 2403.62
-160.152 122.632 2447.2
FRAME: 98
-78.0427 580.225 2356.9
-382.809 72.5741 2513.49
-438.919 -913.227 2701.42
-238.11 -165.331 2285.8
-270.991 -106.766 2540.46
-303.095 -547.11 2515.03
-295.281 327.606 2426.5
-140.433 320.035 2438.89
52.1644 44.537 2542.74
-70.5351 -858.658 2901.44
-42.0423 -230.58 2410.95
-70.3287 -116.429 2556.84
-24.5229 -511.784 2673.57
14.4157 312.464 2451.28
-155.546 104.219 2493.77
FRAME: 99
-93.5131 545.094 2403.78
-359.44 13.7411 2522.9
-474.151 -917.266 2817.96
-217.505 -151.605 2332.75
-280.758 -152.649 2598.89
-330.204 -580.147 2611.77
-290.818 293.153 2471.6
-142.4 285.952 2481.69
35.5328 11.3807 2584.76
-57.7637 -893.346 2941.63
-74.5454 -255.12 2462.01
-66.239 -163.115 2613.43
-23.3746 -536.711 2723.39
6.01817 278.751 2491.79
-157.949 64.0349 2543.93
FRAME: 100
-102.928 531.68 2418.14
-352.362 -6.48105 2527.9
-478.391 -908.431 2854.14
-168.139 -167.997 2348.78
-280.317 -171.31 2620.53
-328.579 -606.327 2641.56
-295.728 273.706 2492.43
-148.669 269.159 2501.49
38.3287 -4.13194 2609.22
-52.2244 -895.896 2963.07
-84.5757 -238.633 2462.56
-60.5514 -178.188 2633.94
-26.2273 -550.367 2748.15
-1.60991 264.613 2510.55
-159.552 47.2053 2564.36
FRAME: 101
-110.322 521.764 2426.55
-355.371 -19.2247 2529.84
-476.923 -908.959 2871.2
-124.891 -157.862 2326.26
-279.796 -175.617 2628.65
-315.958 -610.756 2657.04
-303.423 259.283 2500.67
-157.035 257.693 2514.59
19.7878 -13.3413 2630.87
-52.2954 -898.264 2978.24
-81.6198 -201.249 2420.92
-67.3291 -177.942 2648.74
-24.3936 -569.508 2757.99
-10.6457 256.104 2528.52
-165.299 40.4571 2576.64
FRAME: 102
-114.4 520.87 2429.03
-356.697 -27.7257 2530.5
-473.778 -911.059 2874.29
-97.4933 -120.89 2319.34
-281.79 -171.508 2639.25
-318.527 -609.965 2663.24
-304.991 254.811 2503.47
-161.113 255.173 2522.02
10.5061 -9.34041 2642.02
-54.2737 -892.777 2996.82
-69.1557 -169.383 2393.01
-72.2613 -170.963 2666.32
-32.9942 -579.793 2778.44
-17.2353 255.536 2540.58
-169.069 41.9688 2587.4
FRAME: 103
-120.336 526.654 2430.38
-351.762 -15.9615 2515.9
-469.442 -914.317 2876.74
-60.2967 -59.4481 2322.68
-294.221 -163.036 2638.96
-330.07 -598.658 2669.38
-308.552 268.824 2492.83
-168.373 271.316 2520.54
1.8322 8.061 2647.36
-61.9452 -884.51 3008.85
-16.3557 -143.228 2400.77
-82.9165 -159.248 2680.81
-44.1713 -552.458 2803.82
-28.1927 273.809 2548.26
-178.471 55.0871 2590.22
FRAME: 104
-124.779 541.742 2427.1
-342.163 1.30699 2489.39
-467.125 -909.911 2878.75
-60.1175 -11.8819 2332.17
-305.056 -143.823 2643.17
-342.407 -574.144 2682.23
-309.914 281.677 2481.84
-173.856 286.943 2521.91
-2.75742 22.0486 2651.6
-75.6063 -877.554 3015.36
29.799 -12.6125 2305.22
-99.0109 -135.775 2703.86
-69.2394 -541.414 2813.92
-37.7983 292.209 2561.98
-187.945 73.5719 2597.71
FRAME: 105
-129.531 563.206 2426.64
-305.523 34.3528 2434.44
-462.85 -905.18 2878.9
3.12497 39.1541 2313.83
-309.703 -114.738 2638.08
-344.671 -549.825 2683.28
-307.904 295.162 2469.77
-179.434 305.484 2524.28
-9.40802 41.3853 2657.16
-122.048 -869.421 3000.96
88.1301 55.6952 2303.17
-114.794 -99.061 2720.65
-85.0618 -521.239 2812.13
-50.9637 315.806 2578.79
-195.841 99.2923 2601.82
FRAME: 106
-129.209 576.848 2426.41
-263.206 51.7067 2371
-460.456 -911.93 2872.93
57.8304 68.507 2294.62
-311.642 -97.6632 2629.89
-335.127 -547.55 2677.45
-302.35 298.644 2460.22
-179.62 311.206 2530.9
5.72008 71.5703 2666.83
-197.384 -855.481 2978.88
152.84 101.265 2308.02
-133.931 -79.5812 2730.8
-102.189 -500.036 2807.79
-56.8905 323.768 2601.58
-201.203 111.292 2605.62
FRAME: 107
-130.268 587.383 2427.56
-195.263 55.8898 2336.92
-458.634 -914.243 2861.55
153.464 81.8953 2272.12
-310.41 -100.268 2616.98
-313.727 -556.963 2658.64
-294.453 300.263 2447.1
-187.19 318.309 2534.11
11.0514 99.2056 2667.61
-263.492 -856.194 2955.56
172.377 109.186 2302.01
-158.127 -74.8505 2739.53
-113.917 -487.731 2801.52
-79.9279 336.355 2621.13
-210.729 115.375 2606.19
FRAME: 108
-129.785 591.972 2429.78
-140.927 83.0905 2302.13
-453.336 -920.458 2783.75
240.118 30.7317 2193.53
-309.942 -94.8166 2584.94
-286.691 -550.207 2630.06
-273.594 307.918 2424.49
-190.053 324.729 2533
25.0335 147.49 2698.16
-345.388 -860.954 2932.89
165.955 116.946 2423.07
-208.078 -74.5238 2715.36
-123.65 -492.431 2796.81
-106.511 341.54 2641.5
-224.531 120.029 2591.57
FRAME: 109
-129.059 587.428 2432.69
-107.781 81.834 2279.25
-437.69 -941.506 2721.72
267.338 -32.8259 2146.69
-310.685 -101.255 2571.94
-264.427 -550.416 2580.98
-256.293 302.389 2404.04
-188.904 323.36 2523.84
27.3903 173.987 2731.98
-337.356 -870.142 2919.78
280.969 317.923 2693.97
-230.651 -76.6043 2713.12
-139.741 -499.42 2793.07
-121.516 344.331 2643.64
-229.786 117.215 2583.18
FRAME: 110
-119.242 564.921 2439.78
-87.8596 74.6268 2260.65
-434.82 -915.452 2672.37
241.655 -86.8762 2114.12
-316.463 -111.753 2560.72
-221.439 -560.394 2525.42
-238.42 283.583 2389.08
-186.559 307.269 2518.72
42.2888 205.453 2780.52
-314.009 -879.66 2917.71
277.873 385.8 2794.31
-258.189 -85.2019 2706.05
-155.244 -499.814 2804.65
-134.697 330.955 2648.37
-236.942 104.396 2576.05
FRAME: 111
-107.569 534.534 2447.18
-60.613 44.4998 2244.93
-418.341 -926.713 2609.64
279.792 -156.204 2092.86
-317.719 -134.613 2538.46
-196.857 -583.518 2487.17
-211.415 261.259 2376.03
-181.333 287.073 2513.34
-1.55722 190.438 2790.62
-311.444 -884.478 2887.4
176.985 296.56 2816.6
-283.001 -105.673 2693.65
-170.789 -516.509 2821.19
-151.25 312.888 2650.65
-240.846 83.465 2564.7
FRAME: 112
-93.6859 507.56 2456.84
-47.6721 27.7566 2240.03
-373.415 -924.097 2523.94
254.361 -197.801 2079.96
-316.587 -154.373 2518.77
-170.753 -590.221 2460.36
-191.514 240.26 2372.87
-174.402 265.647 2513.06
-27.6085 178.707 2811.91
-309.255 -887.835 2891.4
161.658 290.909 2831.96
-295.394 -124.475 2685.81
-176.251 -526.528 2823.96
-157.289 291.034 2653.25
-240.196 63.1113 2557.68
FRAME: 113
-82.9607 479.544 2462.33
-43.5266 14.5321 2235.09
-351.61 -937.332 2495.11
250.297 -254.442 2062.73
-312.429 -174.194 2503.18
-145.445 -598.894 2428.94
-175.62 222.177 2364.05
-168.746 248.771 2510.97
-37.5259 173.733 2828.43
-308.041 -896.381 2880.99
117.249 315.282 2887.16
-303.524 -142.436 2679.41
-175.575 -531.383 2826.52
-161.872 275.364 2657.89
-238.361 45.2281 2551.13
FRAME: 114
-69.1797 455.56 2459.73
-47.1542 -15.1102 2226.42
-313.546 -979.959 2456.29
225.877 -338.735 2031.28
-310.703 -186.75 2485.13
-132.757 -607.28 2407.61
-158.564 208.56 2347.39
-158.925 236.965 2501.69
-70.4813 154.06 2822.09
-304.565 -909.113 2868.7
62.1786 270.166 2935.59
-310.285 -153.507 2666.6
-178.576 -540.053 2821.68
-159.287 265.371 2655.99
-234.71 33.4185 2538.77
FRAME: 115
-49.4571 419.392 2453.08
-58.5575 -41.3813 2216.95
-287.804 -988.147 2446.87
173.189 -354.863 2061.07
-308.853 -202.377 2462.76
-124.188 -617.92 2385.45
-149.585 196.876 2338.19
-154.349 223.96 2494.28
-93.6999 133.551 2793.52
-335.516 -927.922 2885.43
36.108 152.207 2889.6
-313.778 -167.97 2658
-180.105 -548.865 2819.93
-159.113 251.044 2650.37
-232.832 19.3931 2527.33
FRAME: 116
-30.6862 379.64 2416.11
-87.8654 -69.8225 2184.03
-251.76 -997.757 2440.93
94.915 -411.928 2038.33
-307.546 -237.926 2420.99
-90.7097 -635.725 2347.31
-131.327 164.504 2286.66
-144.554 192.619 2465.38
-192.436 -39.4262 2693.23
-354.665 -939.501 2866.3
-86.6515 -273.478 2769.42
-320.063 -205.608 2612.5
-185.012 -564.779 2798.71
-157.781 220.734 2644.1
-229.179 -14.5739 2491.06
FRAME: 117
-19.6159 348.768 2385.11
-114.932 -82.54 2158.51
-239.28 -1009.5 2431.11
54.8168 -432.09 2029.5
-307.419 -258.402 2394.04
-72.5679 -653.755 2303.82
-122.988 157.203 2258.03
-140.601 174.302 2446.12
-199.282 -67.3059 2666.88
-364.239 -931.255 2857.75
-88.6317 -299.319 2757.09
-321.021 -243.607 2541.88
-184.533 -571.764 2764.42
-158.214 191.401 2634.21
-227.411 -38.3513 2457.04
FRAME: 118
-13.842 339.113 2371.04
-146.338 -111.722 2128.73
-244.299 -1005.39 2420.47
23.0149 -459.007 2033.41
-294.467 -272.03 2353.11
-46.4454 -648.685 2306.35
-117.041 142.861 2228.85
-142.208 161.14 2423.09
-226.558 -81.4757 2667.77
-360.751 -930.382 2857.65
-92.4304 -282.21 2694.94
-317.565 -254.286 2530.97
-172.38 -583.68 2747.02
-167.374 179.418 2617.33
-224.112 -51.0092 2432.56
FRAME: 119
-2.60522 323.056 2347.47
-168.268 -130.188 2115.9
-259.729 -1008.08 2424.08
-17.4281 -484.689 2038.01
-284.198 -284.871 2323.85
-86.9293 -670.275 2305.12
-123.354 122.725 2210.02
-144.403 140.197 2398.34
-204.056 -79.0919 2651.49
-317.941 -947.871 2755.79
-60.203 -261.836 2702.89
-304.672 -265.106 2518.8
-159.427 -590.282 2737.33
-165.453 157.668 2586.66
-219.419 -67.396 2409.83
FRAME: 120
7.91268 312.669 2331.82
-196.841 -160.153 2111.71
-262.653 -1018.16 2449.21
-93.7943 -507.509 2032.08
-287.187 -293.525 2310.73
-122.854 -716.228 2297.28
-142.214 95.0953 2200.27
-139.282 111.608 2358.54
-94.639 -96.9662 2606.34
-311.407 -932.393 2720.81
307.144 -161.471 2668.32
-280.816 -270.553 2504.14
-147.35 -606.779 2703.72
-136.35 128.122 2516.82
-211.642 -85.2152 2382.99
FRAME: 121
14.8515 305.812 2319.64
-239.571 -172.156 2107.9
-275.049 -1011.19 2494.47
-177.679 -508.642 2030.77
-283.691 -298.434 2305.99
-151.208 -738.189 2329.39
-158.643 79.9212 2193.68
-133.638 93.7125 2327.64
-26.3417 -115.46 2526.48
-253.455 -1003.71 2628.07
255.322 -243.819 2499.05
-250.202 -278.998 2482.16
-136.972 -627.272 2668.35
-108.633 107.504 2461.6
-200.293 -97.5017 2360.86
FRAME: 122
22.1054 297.78 2296.4
-279.817 -180.916 2107.48
-303.681 -980.861 2555.05
-236.582 -505.099 2034.86
-290.35 -299.54 2307.78
-192.08 -731.352 2325.27
-171.601 69.8314 2176.44
-125.23 81.7532 2304.56
-30.8596 -142.784 2508.52
-222.468 -1029.11 2594.79
276.201 -303.318 2440.66
-231.952 -284.288 2469.64
-122.334 -648.049 2628.18
-78.8589 93.675 2432.68
-193.191 -105.08 2346.63
FRAME: 123
35.4315 286.071 2257.64
-329.777 -163.568 2108.15
-307.79 -990.668 2543.48
-365.553 -472.112 2007.86
-302.347 -294.689 2289.98
-211.881 -720.015 2281.02
-188.751 78.422 2150.26
-118.189 79.2759 2269.56
-37.2834 -195.726 2318.53
-190.202 -1035.44 2595.67
92.1469 -487.82 2165.01
-221.186 -293.411 2426.72
-109.409 -662.186 2589.94
-47.6272 80.1298 2388.87
-189.978 -107.387 2313.95
FRAME: 124
50.9998 285.107 2218.84
-434.566 -86.4749 2144.01
-309.427 -973.415 2575.19
-471.189 -395.59 2015.05
-304.156 -287.398 2250.82
-253.397 -709.938 2257.37
-222.775 111.485 2149.55
-114.806 89.2983 2231.3
-38.0484 -183.842 2249.61
-199.057 -1026.61 2595.27
-62.7066 -411.95 1998.22
-187.418 -310.664 2340.22
-120.582 -675.425 2516.54
-6.83612 67.1116 2313.06
-180.296 -104.866 2263.41
FRAME: 125
61.3603 282.029 2190.14
-447.167 -60.2258 2154.98
-305.718 -984.429 2565.07
-521.724 -355.832 2020.79
-316.067 -274.043 2238.83
-305.803 -701.567 2271.9
-235.463 128.888 2148.34
-116.651 98.6622 2214.37
-50.0822 -164.798 2201.33
-196.639 -1024.09 2578.19
-60.8364 -465.643 1905.22
-182.119 -307.89 2312.35
-116.355 -676.352 2517.62
2.16105 68.4369 2280.41
-182.872 -96.1523 2244.98
FRAME: 126
68.4029 281.636 2167.88
-459.281 -31.6606 2161.84
-304.731 -976.101 2558.09
-561.23 -322.698 2019.31
-322.873 -257.526 2232.93
-320.39 -682.289 2276.41
-237.772 141.61 2146.25
-114.336 107.857 2202.42
-50.287 -155.291 2177.02
-199.971 -1033.86 2565.27
-127.482 -409.371 1881.52
-171.33 -299.068 2300.71
-113.371 -680.139 2499.27
9.10058 74.1048 2258.59
-180.719 -85.2197 2234.62
FRAME: 127
70.0239 295.517 2140.73
-462.485 -6.57064 2166.84
-307.339 -960.289 2565.97
-591.669 -268.949 2021.88
-327.605 -240.747 2232.19
-344.589 -656.283 2277.59
-237.59 156.473 2138.87
-114.244 122.467 2183.85
-45.1081 -152.089 2161.46
-199.1 -1034.68 2550.84
-114.811 -429.199 1824.39
-161.495 -287.065 2288.33
-105.267 -692.293 2459.5
9.10239 88.4612 2228.83
-179.397 -70.7196 2222.05
FRAME: 128
70.3938 308.747 2125.33
-465.601 3.2463 2169.37
-282.138 -975.577 2479.69
-620.719 -243.377 2029.56
-328.258 -222.62 2239.42
-347.603 -635.036 2289.3
-243.284 170.287 2134.6
-116.182 135.996 2168.11
-47.8298 -136.953 2130.26
-197.37 -1029.3 2539.98
-131.345 -406.174 1850.49
-154.897 -270.015 2283.35
-94.1898 -686.063 2436.83
10.9193 101.705 2201.62
-178.88 -55.1607 2214.75
FRAME: 129
68.2346 323.059 2117.46
-468.879 36.7245 2177.6
-255.452 -987.987 2433.76
-634.361 -207.846 2048.09
-321.071 -215.851 2241.45
-336.547 -626.85 2295.91
-243.949 186.08 2128.86
-113.655 153.305 2159.94
-48.6986 -128.877 2126.73
-181.161 -1046.45 2505.6
-144.139 -397.43 1923.66
-147.953 -260.097 2281.13
-85.1378 -684.034 2412.68
16.638 120.531 2191.03
-174.084 -42.3345 2210.62
FRAME: 130
65.4704 353.143 2109.59
-471.218 84.0384 2186.66
-257.827 -990.544 2415.64
-638.52 -178.448 2067.71
-319.668 -204.155 2243.83
-314.636 -619.285 2297.32
-243.895 215.931 2124.9
-108.847 183.077 2153.58
-27.005 -103.178 2157.18
-196.104 -1016.55 2513.1
-120.459 -374.73 1974.42
-140.317 -248.664 2280.31
-70.5735 -674.71 2398.87
26.2013 150.223 2182.26
-169.42 -21.6662 2207.82
FRAME: 131
64.8902 377.879 2096.96
-473.921 93.799 2194.27
-278.271 -1001.06 2434.56
-646.778 -177.669 2101.09
-304.398 -189.321 2244.96
-277.918 -612.109 2279.18
-241.481 225.222 2120.86
-106.714 195.771 2151.2
-20.6277 -87.632 2151.48
-206.725 -987.536 2523.39
-109.089 -352.023 1945.26
-132.968 -227.477 2281.8
-67.2583 -654.919 2359.92
28.052 166.32 2181.55
-162.699 -6.314 2207.29
FRAME: 132
55.5013 421.318 2088.96
-462.384 92.2691 2185.31
-246.318 -991.179 2393.9
-633.645 -191.985 2133.27
-278.455 -162.525 2243.4
-221.845 -588.671 2257.06
-233.156 242.929 2100.02
-100.583 224.853 2147.53
-24.7313 -71.7958 2171.75
-175.051 -1012.44 2450.12
-30.027 -314.195 1925.62
-119.641 -184.33 2299.82
-68.5515 -617.295 2386.08
31.9898 206.777 2195.04
-149.816 25.7126 2209.57
FRAME: 133
48.4245 448.035 2084.28
-459.757 97.1031 2199.32
-230.23 -970.936 2386.33
-621.659 -200.35 2168.62
-276.515 -139.765 2258.83
-218.011 -573.317 2270.79
-236.377 267.531 2111.81
-103.139 248.514 2152.13
-25.8924 -45.9618 2166.62
-182.274 -981.418 2442.44
8.37562 -330.228 1927.8
-122.273 -161.722 2304.86
-106.454 -580.796 2338.7
30.0994 229.496 2192.44
-151.266 48.885 2216.99
FRAME: 134
43.7275 457.965 2086.46
-453.774 90.6685 2211.46
-231.39 -966.112 2382.84
-603.302 -217.401 2184.69
-278.429 -131.409 2274.66
-213.01 -579.941 2271.85
-244.412 278.568 2122.51
-107.864 259.972 2161.47
-19.341 -33.9328 2177.62
-198.102 -957.415 2464
39.8324 -342.527 1971.63
-123.995 -152.356 2318.37
-124.52 -568.036 2334.1
28.6836 241.375 2200.43
-154.538 59.0447 2228.99
FRAME: 135
31.8059 470.919 2092.5
-444.006 72.3229 2220.06
-233.274 -993.33 2387.19
-585.725 -256.83 2194.12
-278.225 -130.128 2281.83
-211.355 -587.317 2288.42
-249.218 278.862 2131.99
-108.27 258.79 2166.78
-20.0206 -25.9254 2195.83
-205.75 -970.098 2505.58
64.7134 -348.539 2035.23
-119.425 -152.47 2321.22
-110.118 -569.516 2383.34
32.6782 238.718 2201.57
-153.548 58.7456 2234.15
FRAME: 136
17.045 479.268 2104.14
-435.313 42.844 2226.5
-230.453 -1000.44 2393.15
-553.519 -295.579 2200.45
-272.645 -139.979 2283.45
-212.472 -613.626 2297.3
-255.474 270.651 2145.14
-112.358 253.457 2179.25
-10.557 -26.3872 2215.39
-214.352 -956.171 2540.31
108.185 -361.917 2085.12
-108.281 -159.616 2322.77
-108.662 -587.564 2383.79
30.759 236.263 2213.37
-151.41 51.8298 2241.18
FRAME: 137
3.53869 486.734 2115.25
-420.607 22.7872 2237.16
-229.457 -1002.45 2387.01
-515.549 -323.946 2198.25
-268.466 -152.845 2285.63
-213.275 -625.762 2305.12
-258.474 262.725 2160.07
-114.914 248.618 2191.58
9.90658 -40.333 2256.78
-213.388 -938.238 2582.44
145.765 -370.285 2139.57
-91.7501 -170.119 2324.45
-85.3019 -595.051 2411.13
28.6469 234.512 2223.09
-147.511 43.5683 2248.31
FRAME: 138
-17.0594 500.624 2134.97
-387.074 -6.41529 2252.01
-228.869 -1009.13 2395.67
-403.877 -359.756 2185.98
-254.427 -173.769 2296.85
-207.756 -637.011 2316.5
-256.837 255.688 2179.51
-114.834 247.719 2212.21
55.0006 -38.4962 2337.43
-208.576 -935.488 2595.12
205.682 -352.018 2270.32
-71.7146 -184.065 2338.91
-47.4984 -605.393 2460.82
27.1686 239.751 2244.91
-138.953 34.4012 2265.05
FRAME: 139
-26.2104 515.681 2150.6
-361.256 -5.62792 2270.64
-227.819 -1018.82 2415.13
-285.141 -297.934 2191.82
-233.537 -173.764 2324.1
-201.864 -635.561 2333.65
-255.249 262.127 2210.56
-112.151 261.324 2244
77.8643 -3.3864 2404.57
-161.604 -877.016 2736.76
248.706 -301.606 2413.87
-43.2358 -174.879 2368.59
-26.0764 -608.681 2483.07
30.9461 260.52 2277.44
-125.269 43.501 2295.17
FRAME: 140
-28.9432 529.607 2166.36
-345.979 -6.3559 2287.21
-222.628 -1017.51 2444.64
-208.515 -251.117 2184.89
-224.733 -168.251 2350.59
-201.035 -629.256 2352.77
-255.021 268.658 2232.98
-110.054 272.541 2268.7
85.2566 21.533 2439.41
-119.541 -859.338 2784.98
253.48 -263.532 2488.52
-24.1105 -162.842 2400.05
-9.22625 -608.397 2487.5
34.9141 276.424 2304.42
-117.238 53.4972 2322.01
FRAME: 141
-29.0255 537.845 2179.68
-336.603 3.04096 2311.74
-216.937 -1011.3 2472.12
-153.256 -213.216 2175.91
-214.21 -154.739 2377.75
-193.11 -615.993 2370.13
-255.163 278.771 2259.38
-109.822 285.082 2292.49
91.14 44.3386 2462.76
-97.8927 -851.667 2808.12
272.104 -246.187 2536.19
-16.1176 -146.164 2422.75
6.47537 -577.704 2510
35.5198 291.393 2325.6
-112.493 67.3153 2346.37
FRAME: 142
-28.6172 539.804 2196.12
-323.823 7.77781 2333.12
-219.204 -1018.75 2477.53
-114.448 -175.165 2176.12
-208.44 -145.326 2396.02
-188.097 -606.45 2391.9
-254.59 289.482 2286.35
-108.119 295.544 2318.24
107.17 63.0158 2493.24
-68.5085 -849.858 2820.5
274.215 -211.266 2620.05
-14.5265 -137.27 2438.12
16.966 -562.127 2524.03
38.3517 301.606 2350.14
-109.801 77.1232 2367.66
FRAME: 143
-25.7375 532.694 2215.21
-308.986 10.8855 2351.92
-219.025 -1022.05 2480.24
-80.2561 -133.413 2168.47
-198.571 -144.643 2424.68
-181.531 -601.91 2400.73
-254.468 299.079 2318.64
-107.857 306.151 2344.03
104.941 82.1293 2512.19
-52.9832 -856.286 2830.42
251.429 -178.636 2561.18
-7.61905 -135.393 2457.72
18.5849 -563.395 2537.01
38.7533 313.224 2369.43
-105.476 83.0666 2392.62
FRAME: 144
-24.3408 522.661 2229.63
-297.752 8.17906 2354.79
-223.239 -1024.3 2494.19
-60.7284 -97.2745 2162.83
-193.703 -146.664 2441.49
-184.685 -602.524 2411.37
-248.036 298.84 2346.11
-98.8117 305.599 2375.39
107.498 80.2199 2551.5
-41.015 -872.995 2839.93
251.558 -172.441 2598.62
3.53317 -137.731 2480.11
21.5672 -572.689 2552.21
50.4124 312.358 2404.67
-96.9483 81.7011 2418.1
FRAME: 145
-9.33266 505.447 2259.04
-293.029 2.0325 2396.91
-226.807 -1030.55 2513.26
-83.6268 -65.2381 2173.83
-183.671 -153.322 2479.49
-186.23 -607.828 2444.78
-236.261 293.899 2385.76
-86.9684 299.838 2414.06
121.37 67.1972 2596.99
-33.5834 -892.907 2854.08
276.154 -206.237 2800.87
13.9166 -145.476 2516.87
28.1397 -580.761 2580.92
62.3246 305.777 2442.36
-85.9228 75.2197 2456.12
FRAME: 146
17.3649 494.207 2304.81
-290.669 9.62146 2528.51
-226.699 -1021.08 2537.15
-163.12 -92.1512 2227.39
-169.275 -155.411 2532.29
-188.974 -602.786 2491.81
-222.748 295.383 2439.55
-73.3721 299.388 2461.49
130.34 61.7851 2640.41
-29.1033 -897.175 2868.38
248.556 -191.985 2817.48
21.7818 -150.197 2560.81
39.8873 -574.163 2641.9
76.0039 303.394 2483.43
-73.5594 73.2923 2504.02
FRAME: 147
26.2303 492.368 2324.31
-281.474 15.1382 2539.98
-223.418 -1010.68 2555.03
-200.132 -136.514 2282.17
-164.187 -157.137 2559.29
-187.585 -599.686 2533.29
-212.366 299.949 2466.96
-64.7162 303.962 2492.78
130.98 67.39 2674.17
-24.8397 -905.178 2871.83
241.263 -190.514 2812.02
30.1954 -151.795 2593.77
42.6787 -574.279 2672.65
82.9337 307.976 2518.61
-65.8561 74.7482 2534.66
FRAME: 148
33.601 492.442 2343.76
-275.53 25.3133 2554.52
-220.784 -1013.05 2568.69
-244.096 -183.442 2363.82
-160.695 -144.717 2589.79
-187.767 -595.469 2561.12
-209.406 311.827 2494.87
-58.0389 317.341 2525.75
130.657 62.5053 2709.96
-22.8536 -899.611 2873.54
209.592 -168.69 2944.71
43.0342 -137.325 2631.46
41.764 -553.312 2695.91
93.3281 322.856 2556.63
-58.4346 88.1601 2568.19
FRAME: 149
41.7062 496.59 2359.05
-279.306 28.135 2580.96
-229.641 -1012.67 2601.84
-276.376 -229.977 2460.06
-165.785 -133.757 2605.43
-188.931 -584.694 2577.71
-208.569 322.151 2512.13
-56.4734 326.472 2541.73
126.573 63.2239 2728.43
-22.3317 -899.536 2876.91
195.24 -167.024 2983.37
45.7635 -127.675 2646.76
44.2695 -543.757 2707.14
95.6225 330.793 2571.32
-58.2421 97.8779 2583.91
FRAME: 150
35.67 498.911 2379.28
-286.772 52.4347 2616.72
-241.971 -1003.37 2635.86
-325.972 -240.304 2561.31
-163.884 -117.559 2627
-187.212 -574.927 2596.65
-208.877 329.037 2535.07
-55.3082 332.329 2558.87
115.375 74.4303 2752.3
-22.3637 -893.105 2883.15
196.785 -177.86 2887.49
46.3091 -113.055 2659.68
44.5451 -527.852 2717.16
98.2602 335.62 2582.67
-57.0478 108.511 2601.1
FRAME: 151
41.4242 500.325 2381.87
-292.358 68.8711 2637
-248.032 -980.801 2666.18
-370.382 -217.225 2654.95
-166.784 -106.553 2642.09
-191.055 -559.316 2612.04
-207.972 338.544 2550.32
-53.7121 339.931 2572.12
117.283 76.7593 2762.17
-22.7598 -894.922 2890.3
183.084 -110.832 2987.19
43.2557 -104.658 2671.84
38.4914 -523.439 2735.03
100.548 341.319 2593.91
-57.7382 117.163 2614.54
FRAME: 152
45.2589 499.227 2397.92
-311.257 84.4383 2684.66
-261.912 -966.033 2728.4
-451.254 -156.756 2804.28
-175.405 -95.9658 2664.46
-203.899 -548.311 2639.38
-210.56 345.267 2574.17
-54.4232 344.447 2598.95
117.814 74.9532 2782.5
-21.8059 -892.115 2898.69
174.717 -131.801 2975.15
35.8235 -97.0792 2697.99
26.937 -510.085 2760.46
101.713 343.627 2623.73
-62.107 123.962 2640.09
FRAME: 153
45.5956 496.056 2428.67
-322.554 103.838 2732.85
-285.347 -940.099 2842.19
-487.635 -103.282 2892.7
-180.443 -79.6838 2697.4
-214.277 -532.088 2684.4
-209.536 348.316 2606.79
-56.1152 345.301 2623.81
121.517 73.5605 2808.29
-20.0245 -897.477 2899.74
186.148 -133.054 3000.49
32.3855 -83.8642 2720.92
21.9631 -503.147 2775.38
97.3058 342.286 2640.82
-65.072 131.764 2666.48
FRAME: 154
43.9378 504.06 2445.1
-332.781 124.165 2768.01
-295.161 -933.442 2866.8
-496.853 -80.5459 2918.91
-188.245 -70.6121 2718.93
-235.439 -519.123 2716.95
-209.763 353.303 2627.84
-57.3462 347.811 2641.09
121.927 73.8328 2820.22
-18.0157 -904.452 2907.59
119.108 -187.971 2874.41
27.914 -78.3976 2737.64
17.6292 -505.243 2793.94
95.0706 342.319 2654.33
-68.7559 136.653 2684.69
FRAME: 155
33.8092 493.071 2466.57
-332.435 143.556 2785.95
-299.829 -917.972 2901.46
-496.019 -60.9452 2931.37
-197.494 -63.8513 2741.49
-244.384 -510.615 2745.77
-211.553 359.954 2643.14
-58.9988 352.848 2656.3
120.928 79.8367 2839.03
-17.6751 -910.715 2912.14
174.532 -170.713 2993.21
23.962 -74.1195 2760.68
15.2727 -508.176 2804.28
93.5554 345.741 2669.47
-72.8824 141.931 2703.69
FRAME: 156
41.6963 491.446 2461.54
-342.837 153.296 2809.16
-306.129 -906.291 2943.11
-500.226 -59.2128 2947.78
-201.575 -63.3235 2756.3
-249.387 -509.785 2765.76
-220.466 361.858 2661.72
-64.0532 354.183 2671.2
122.615 87.0972 2850.79
-15.0286 -917.285 2919.38
178.019 -150.522 2963.76
20.5638 -74.2091 2769.79
12.3578 -509.5 2812.6
92.359 346.508 2680.67
-77.2795 142.709 2717.12
FRAME: 157
28.3568 499.756 2504.45
-347.833 149.845 2822.9
-309.792 -906.443 2970.39
-500.271 -67.5763 2948.86
-205.91 -62.195 2773.49
-254.866 -514.236 2795.23
-232.396 367.649 2680.83
-71.2534 359.441 2686.09
123.366 94.1906 2857.36
-15.212 -912.91 2925.03
188.92 -141.447 2939.82
13.673 -73.4083 2780.64
11.347 -506.866 2819.02
89.8897 351.233 2691.35
-83.6859 145.82 2731.58
FRAME: 158
24.6673 497.77 2507.99
-353.095 150.477 2829.38
-308.248 -889.291 2998.83
-502.771 -93.5354 2964.79
-212.689 -63.8665 2787.55
-261.528 -509.803 2823.28
-239.26 372.212 2695.4
-76.3755 362.763 2697.5
124.863 95.9663 2856.9
-16.3085 -915.392 2931.85
191.479 -158.041 2948.32
7.28463 -76.6578 2790.35
7.87931 -516.808 2830.26
86.5089 353.314 2699.6
-89.5387 146.251 2743.23
FRAME: 159
12.5006 504.513 2508.58
-361.517 146.078 2844.96
-307.64 -886.733 3039.29
-489.214 -135.634 2925.12
-225.421 -64.2318 2804.66
-262.969 -507.013 2861.03
-251.973 373.512 2716.99
-88.2714 364.022 2712.67
125.849 94.5018 2854.84
-16.1265 -919.026 2941.82
190.873 -174.48 2929.39
3.24653 -77.4903 2798.63
2.71814 -527.892 2847.79
75.4303 354.533 2708.35
-99.6794 146.581 2757.16
FRAME: 160
-23.3237 512.787 2528.61
-365.567 128.236 2855.22
-294.426 -898.531 3079.14
-458.845 -177.906 2879.23
-240.839 -68.8264 2827.65
-273.268 -525.958 2911.23
-279.301 372.238 2740.22
-111.657 365.672 2729
121.499 102.606 2857.18
-17.2046 -919.409 2948.82
188.155 -184.556 2896.5
-4.6573 -78.0957 2811.81
-2.29759 -529.244 2856.46
55.986 359.106 2717.77
-117.203 146.105 2774.36
FRAME: 161
-42.3868 502.187 2544.56
-375.196 114.896 2868.96
-289.313 -893.119 3098.88
-431.92 -193.562 2835.58
-257.511 -68.4058 2849.3
-279.065 -520.093 2927.54
-291.296 374.35 2755.16
-124.989 366.995 2740.05
115.384 107.54 2861.34
-17.5781 -930.875 2957.03
182.39 -184.833 2871.19
-13.6338 -79.2394 2827.15
-8.30755 -536.492 2865.47
41.3169 359.64 2724.95
-130.281 146.586 2789.14
FRAME: 162
-60.6396 513.629 2560.99
-377.028 112.032 2867.59
-286.228 -878.719 3117.01
-423.301 -188.392 2789.22
-264.582 -65.9761 2867.63
-285.633 -508.075 2952.8
-305.766 375.221 2767.1
-141.35 369.717 2749.6
102.514 127.67 2872.31
-18.6067 -935.035 2958.76
181.418 -174.216 2866.13
-25.2056 -74.0305 2842.2
-15.3252 -538.587 2872.73
23.0654 364.213 2732.1
-143.122 149.857 2802.26
FRAME: 163
-91.4335 510.41 2570.26
-388.476 110.22 2872.46
-288.081 -880.318 3121.69
-409.784 -185.322 2761.42
-272.689 -63.5189 2880.11
-289.312 -506.155 2963.89
-318.535 377.985 2781.36
-154.928 374.467 2764.13
96.6488 135.158 2874.98
-18.1183 -931.654 2960.17
178.088 -171.244 2853.21
-34.3266 -68.673 2855.04
-27.0639 -535.93 2890.52
8.67843 370.949 2746.9
-154.218 154.185 2815.85
FRAME: 164
-113.422 504.599 2580.76
-396.986 111.24 2875.75
-290.439 -882.807 3130.43
-406.19 -153.642 2719.92
-273.901 -63.0225 2890.23
-291.722 -504.787 2974.58
-330.701 381.11 2792.48
-168.432 380.368 2775.38
90.4983 143.143 2881.82
-17.0924 -930.227 2958.85
178.336 -152.022 2838.73
-45.3385 -64.0857 2866.16
-32.6949 -531.682 2897.88
-6.16173 379.626 2758.29
-164.026 158.407 2826.79
FRAME: 165
-127.057 514.98 2595.81
-425.468 149.082 2886.24
-291.319 -879.826 3135.65
-406.007 -129.116 2691.96
-275.478 -50.8666 2899.27
-296.372 -494.921 2991.67
-336.697 388.993 2799.9
-177.459 389.983 2784.27
84.8087 156.187 2887.4
-16.0298 -932.478 2959.77
177.924 -144.293 2821.63
-53.7716 -49.499 2877.6
-36.6221 -524.177 2904.68
-18.2212 390.973 2768.65
-171.042 169.9 2836.35
FRAME: 166
-132.312 521.57 2609.77
-438.786 152.224 2891.64
-292.639 -885.241 3140.63
-423.321 -114.429 2713.7
-281.523 -45.8142 2905.48
-302.419 -497.332 3001.03
-342.199 390.119 2809.23
-185.53 392.221 2795.16
80.9413 161.029 2889.1
-14.2524 -926.066 2964.68
169.857 -138.734 2810.15
-59.6857 -42.8424 2885.58
-41.1766 -510.994 2909.66
-28.8613 394.322 2781.09
-178.067 173.946 2845.34
FRAME: 167
-139.486 533.212 2625.29
-447.214 153.955 2895.44
-292.271 -891.144 3141.01
-431.797 -100.165 2696.43
-291.028 -39.719 2915.63
-305.326 -498.472 3009.74
-349.51 395.805 2818.37
-194.237 398.057 2803.29
76.9695 169.148 2892.86
-17.6818 -913.574 2982.84
159.637 -125.134 2797.37
-65.0168 -36.4452 2893.63
-44.2989 -500.753 2913.6
-38.9645 400.31 2788.21
-186.13 179.988 2853.96
FRAME: 168
-163.401 545.317 2628.49
-452.732 160.914 2907.24
-290.492 -887.217 3141.86
-460.48 -74.3888 2657.69
-300.774 -29.7933 2925.92
-311.584 -488.98 3013.07
-360.55 403.082 2825.68
-203.594 404.61 2808.42
64.4551 184.821 2900.22
-44.8067 -889.031 3031.55
161.007 -101.634 2791.46
-74.7245 -27.5972 2901
-52.577 -488.151 2921.99
-46.6373 406.139 2791.16
-195.671 187.958 2860.94
FRAME: 169
-173.815 552.293 2641.71
-460.136 165.113 2912.07
-290.641 -884.603 3143.41
-478.037 -81.3558 2721.8
-304.672 -27.7194 2929.83
-312.504 -482.138 3016.61
-365.228 408.181 2831.09
-208.08 409.71 2814.98
61.19 187.24 2906.04
-61.7281 -878.211 3054.85
155.355 -123.452 2803.06
-81.6771 -25.5795 2906.95
-66.1523 -476.07 2933.06
-50.9323 411.24 2798.87
-200.627 191.53 2866.68
FRAME: 170
-176.836 555.514 2645.03
-464.439 167.181 2916.3
-290.555 -884.791 3140.33
-499.014 -94.7068 2701.44
-308.1 -24.8963 2933.39
-316.144 -476.854 3016
-368.376 412.009 2834.24
-212.354 413.674 2818.06
56.3746 189.685 2911.88
-75.7896 -861.586 3067.82
154.982 -108.427 2821.63
-85.6589 -22.5346 2910.33
-76.7833 -466.579 2940.17
-56.3329 415.34 2801.88
-204.617 194.979 2869.96
FRAME: 171
-177 563.542 2648.23
-468.339 167.329 2924.66
-290.556 -887.689 3140.55
-522.777 -108.898 2732
-310.963 -27.1388 2937.16
-315.859 -482.196 3016.85
-377.391 413.489 2843.08
-219.012 416.719 2824.79
53.7965 188.599 2914.85
-82.3644 -861.277 3076.03
142.498 -124.44 2823.82
-86.1994 -22.575 2911.22
-83.6758 -468.464 2950.31
-60.6336 419.949 2806.49
-208.797 195.931 2874.49
FRAME: 172
-181.641 558.07 2654.64
-468.921 169.932 2936.34
-288.944 -889.451 3143.7
-536.179 -119.667 2768.23
-315.317 -26.07 2939.58
-316.804 -485.465 3019.18
-380.702 415.472 2848.64
-222.213 418.567 2829.81
49.518 187.266 2919.48
-85.3843 -860.041 3080.48
146.377 -106.97 2848.15
-89.0262 -21.6686 2912.79
-84.788 -469.456 2954
-63.725 421.662 2810.98
-212.192 197.349 2878
FRAME: 173
-185.527 562.733 2658.87
-469.71 165.44 2943.78
-288.831 -889.822 3142.89
-552.663 -148.586 2797.92
-315.968 -28.033 2941.42
-316.083 -489.024 3020.34
-383.515 415.477 2854.84
-223.489 418.863 2835.26
47.0516 189.559 2924.38
-83.7455 -863.922 3083.49
149.914 -104.876 2881.05
-89.6427 -23.2657 2913.76
-82.6997 -471.867 2954.67
-63.4632 422.25 2815.69
-213.147 196.607 2881.43

