FRAME: 0
0 0 0
0 0 0
0 0 0
0 0 0
0 0 0
0 0 0
0 0 0
0 0 0
0 0 0
0 0 0
0 0 0
0 0 0
0 0 0
0 0 0
0 0 0
FRAME: 1
0 0 0
0 0 0
0 0 0
0 0 0
0 0 0
0 0 0
0 0 0
0 0 0
0 0 0
0 0 0
0 0 0
0 0 0
0 0 0
0 0 0
0 0 0
FRAME: 2
0 0 0
0 0 0
0 0 0
0 0 0
0 0 0
0 0 0
0 0 0
0 0 0
0 0 0
0 0 0
0 0 0
0 0 0
0 0 0
0 0 0
0 0 0
FRAME: 3
0 0 0
0 0 0
0 0 0
0 0 0
0 0 0
0 0 0
0 0 0
0 0 0
0 0 0
0 0 0
0 0 0
0 0 0
0 0 0
0 0 0
0 0 0
FRAME: 4
0 0 0
0 0 0
0 0 0
0 0 0
0 0 0
0 0 0
0 0 0
0 0 0
0 0 0
0 0 0
0 0 0
0 0 0
0 0 0
0 0 0
0 0 0
FRAME: 5
0 0 0
0 0 0
0 0 0
0 0 0
0 0 0
0 0 0
0 0 0
0 0 0
0 0 0
0 0 0
0 0 0
0 0 0
0 0 0
0 0 0
0 0 0
FRAME: 6
0 0 0
0 0 0
0 0 0
0 0 0
0 0 0
0 0 0
0 0 0
0 0 0
0 0 0
0 0 0
0 0 0
0 0 0
0 0 0
0 0 0
0 0 0
FRAME: 7
0 0 0
0 0 0
0 0 0
0 0 0
0 0 0
0 0 0
0 0 0
0 0 0
0 0 0
0 0 0
0 0 0
0 0 0
0 0 0
0 0 0
0 0 0
FRAME: 8
0 0 0
0 0 0
0 0 0
0 0 0
0 0 0
0 0 0
0 0 0
0 0 0
0 0 0
0 0 0
0 0 0
0 0 0
0 0 0
0 0 0
0 0 0
FRAME: 9
0 0 0
0 0 0
0 0 0
0 0 0
0 0 0
0 0 0
0 0 0
0 0 0
0 0 0
0 0 0
0 0 0
0 0 0
0 0 0
0 0 0
0 0 0
FRAME: 10
0 0 0
0 0 0
0 0 0
0 0 0
0 0 0
0 0 0
0 0 0
0 0 0
0 0 0
0 0 0
0 0 0
0 0 0
0 0 0
0 0 0
0 0 0
FRAME: 11
0 0 0
0 0 0
0 0 0
0 0 0
0 0 0
0 0 0
0 0 0
0 0 0
0 0 0
0 0 0
0 0 0
0 0 0
0 0 0
0 0 0
0 0 0
FRAME: 12
0 0 0
0 0 0
0 0 0
0 0 0
0 0 0
0 0 0
0 0 0
0 0 0
0 0 0
0 0 0
0 0 0
0 0 0
0 0 0
0 0 0
0 0 0
FRAME: 13
0 0 0
0 0 0
0 0 0
0 0 0
0 0 0
0 0 0
0 0 0
0 0 0
0 0 0
0 0 0
0 0 0
0 0 0
0 0 0
0 0 0
0 0 0
FRAME: 14
0 0 0
0 0 0
0 0 0
0 0 0
0 0 0
0 0 0
0 0 0
0 0 0
0 0 0
0 0 0
0 0 0
0 0 0
0 0 0
0 0 0
0 0 0
FRAME: 15
0 0 0
0 0 0
0 0 0
0 0 0
0 0 0
0 0 0
0 0 0
0 0 0
0 0 0
0 0 0
0 0 0
0 0 0
0 0 0
0 0 0
0 0 0
FRAME: 16
0 0 0
0 0 0
0 0 0
0 0 0
0 0 0
0 0 0
0 0 0
0 0 0
0 0 0
0 0 0
0 0 0
0 0 0
0 0 0
0 0 0
0 0 0
FRAME: 17
0 0 0
0 0 0
0 0 0
0 0 0
0 0 0
0 0 0
0 0 0
0 0 0
0 0 0
0 0 0
0 0 0
0 0 0
0 0 0
0 0 0
0 0 0
FRAME: 18
0 0 0
0 0 0
0 0 0
0 0 0
0 0 0
0 0 0
0 0 0
0 0 0
0 0 0
0 0 0
0 0 0
0 0 0
0 0 0
0 0 0
0 0 0
FRAME: 19
0 0 0
0 0 0
0 0 0
0 0 0
0 0 0
0 0 0
0 0 0
0 0 0
0 0 0
0 0 0
0 0 0
0 0 0
0 0 0
0 0 0
0 0 0
FRAME: 20
0 0 0
0 0 0
0 0 0
0 0 0
0 0 0
0 0 0
0 0 0
0 0 0
0 0 0
0 0 0
0 0 0
0 0 0
0 0 0
0 0 0
0 0 0
FRAME: 21
0 0 0
0 0 0
0 0 0
0 0 0
0 0 0
0 0 0
0 0 0
0 0 0
0 0 0
0 0 0
0 0 0
0 0 0
0 0 0
0 0 0
0 0 0
FRAME: 22
0 0 0
0 0 0
0 0 0
0 0 0
0 0 0
0 0 0
0 0 0
0 0 0
0 0 0
0 0 0
0 0 0
0 0 0
0 0 0
0 0 0
0 0 0
FRAME: 23
0 0 0
0 0 0
0 0 0
0 0 0
0 0 0
0 0 0
0 0 0
0 0 0
0 0 0
0 0 0
0 0 0
0 0 0
0 0 0
0 0 0
0 0 0
FRAME: 24
0 0 0
0 0 0
0 0 0
0 0 0
0 0 0
0 0 0
0 0 0
0 0 0
0 0 0
0 0 0
0 0 0
0 0 0
0 0 0
0 0 0
0 0 0
FRAME: 25
0 0 0
0 0 0
0 0 0
0 0 0
0 0 0
0 0 0
0 0 0
0 0 0
0 0 0
0 0 0
0 0 0
0 0 0
0 0 0
0 0 0
0 0 0
FRAME: 26
0 0 0
0 0 0
0 0 0
0 0 0
0 0 0
0 0 0
0 0 0
0 0 0
0 0 0
0 0 0
0 0 0
0 0 0
0 0 0
0 0 0
0 0 0
FRAME: 27
0 0 0
0 0 0
0 0 0
0 0 0
0 0 0
0 0 0
0 0 0
0 0 0
0 0 0
0 0 0
0 0 0
0 0 0
0 0 0
0 0 0
0 0 0
FRAME: 28
0 0 0
0 0 0
0 0 0
0 0 0
0 0 0
0 0 0
0 0 0
0 0 0
0 0 0
0 0 0
0 0 0
0 0 0
0 0 0
0 0 0
0 0 0
FRAME: 29
0 0 0
0 0 0
0 0 0
0 0 0
0 0 0
0 0 0
0 0 0
0 0 0
0 0 0
0 0 0
0 0 0
0 0 0
0 0 0
0 0 0
0 0 0
FRAME: 30
0 0 0
0 0 0
0 0 0
0 0 0
0 0 0
0 0 0
0 0 0
0 0 0
0 0 0
0 0 0
0 0 0
0 0 0
0 0 0
0 0 0
0 0 0
FRAME: 31
0 0 0
0 0 0
0 0 0
0 0 0
0 0 0
0 0 0
0 0 0
0 0 0
0 0 0
0 0 0
0 0 0
0 0 0
0 0 0
0 0 0
0 0 0
FRAME: 32
0 0 0
0 0 0
0 0 0
0 0 0
0 0 0
0 0 0
0 0 0
0 0 0
0 0 0
0 0 0
0 0 0
0 0 0
0 0 0
0 0 0
0 0 0
FRAME: 33
0 0 0
0 0 0
0 0 0
0 0 0
0 0 0
0 0 0
0 0 0
0 0 0
0 0 0
0 0 0
0 0 0
0 0 0
0 0 0
0 0 0
0 0 0
FRAME: 34
0 0 0
0 0 0
0 0 0
0 0 0
0 0 0
0 0 0
0 0 0
0 0 0
0 0 0
0 0 0
0 0 0
0 0 0
0 0 0
0 0 0
0 0 0
FRAME: 35
0 0 0
0 0 0
0 0 0
0 0 0
0 0 0
0 0 0
0 0 0
0 0 0
0 0 0
0 0 0
0 0 0
0 0 0
0 0 0
0 0 0
0 0 0
FRAME: 36
0 0 0
0 0 0
0 0 0
0 0 0
0 0 0
0 0 0
0 0 0
0 0 0
0 0 0
0 0 0
0 0 0
0 0 0
0 0 0
0 0 0
0 0 0
FRAME: 37
0 0 0
0 0 0
0 0 0
0 0 0
0 0 0
0 0 0
0 0 0
0 0 0
0 0 0
0 0 0
0 0 0
0 0 0
0 0 0
0 0 0
0 0 0
FRAME: 38
0 0 0
0 0 0
0 0 0
0 0 0
0 0 0
0 0 0
0 0 0
0 0 0
0 0 0
0 0 0
0 0 0
0 0 0
0 0 0
0 0 0
0 0 0
FRAME: 39
0 0 0
0 0 0
0 0 0
0 0 0
0 0 0
0 0 0
0 0 0
0 0 0
0 0 0
0 0 0
0 0 0
0 0 0
0 0 0
0 0 0
0 0 0
FRAME: 40
0 0 0
0 0 0
0 0 0
0 0 0
0 0 0
0 0 0
0 0 0
0 0 0
0 0 0
0 0 0
0 0 0
0 0 0
0 0 0
0 0 0
0 0 0
FRAME: 41
0 0 0
0 0 0
0 0 0
0 0 0
0 0 0
0 0 0
0 0 0
0 0 0
0 0 0
0 0 0
0 0 0
0 0 0
0 0 0
0 0 0
0 0 0
FRAME: 42
0 0 0
0 0 0
0 0 0
0 0 0
0 0 0
0 0 0
0 0 0
0 0 0
0 0 0
0 0 0
0 0 0
0 0 0
0 0 0
0 0 0
0 0 0
FRAME: 43
0 0 0
0 0 0
0 0 0
0 0 0
0 0 0
0 0 0
0 0 0
0 0 0
0 0 0
0 0 0
0 0 0
0 0 0
0 0 0
0 0 0
0 0 0
FRAME: 44
0 0 0
0 0 0
0 0 0
0 0 0
0 0 0
0 0 0
0 0 0
0 0 0
0 0 0
0 0 0
0 0 0
0 0 0
0 0 0
0 0 0
0 0 0
FRAME: 45
0 0 0
0 0 0
0 0 0
0 0 0
0 0 0
0 0 0
0 0 0
0 0 0
0 0 0
0 0 0
0 0 0
0 0 0
0 0 0
0 0 0
0 0 0
FRAME: 46
258.816 162.208 2353.29
-174.182 88.2868 2361.32
16.513 -1012.42 2575.69
-207.484 166.316 2099.25
-55.9506 -318.68 2518.67
57.4503 -692.499 2473.99
11.0432 26.0878 2424.84
118.709 2.61357 2465.94
252.029 -223.732 2382.39
-43.4719 -859.154 2882.96
300.723 -402.754 2136.6
85.6396 -349.551 2572.72
41.1482 -730.835 2509.6
226.375 -20.8607 2507.04
66.7767 -165.751 2505.82
FRAME: 47
260.269 164.957 2342.33
-149.209 114.869 2360.1
18.0386 -1024.26 2564.71
-199.966 199.732 2081.35
-55.1802 -320.528 2515.74
56.2064 -695.949 2470.36
25.2674 71.9408 2407.3
101.457 62.2323 2429.78
237.017 -219.602 2390.7
-47.579 -846.381 2891.72
297.08 -423.328 2149.85
94.3859 -339.587 2559.86
45.4185 -716.303 2511.27
177.646 52.5238 2452.25
60.5299 -133.912 2483.79
FRAME: 48
256.865 164.381 2339.96
-184.248 53.8147 2324.71
13.2181 -1017.77 2733.65
-219.132 201.903 2112.46
-62.0751 -313.632 2534.07
49.0604 -691.853 2488.55
13.9332 41.1909 2385.39
111.786 26.7096 2410.95
240.374 -199.977 2379.11
-6.81565 -931.097 2726.62
311.421 -382.999 2154.4
106.503 -338.557 2577.92
79.5072 -734.445 2601.55
209.639 12.2283 2436.52
67.0001 -149.692 2483.48
FRAME: 49
251.108 179.425 2343.15
-188.585 49.8173 2325.34
12.6361 -1009.58 2740.09
-202.814 199.224 2126.89
-61.7845 -307.603 2542.59
47.499 -692.033 2496.24
14.3643 41.9907 2382.41
107.585 30.1718 2405.7
244.541 -192.27 2392.26
-4.1548 -918.234 2723.51
271.713 -388.81 2218.06
109.266 -329.29 2585.3
92.5599 -700.821 2616.36
200.807 18.3529 2428.98
65.6631 -144.137 2484.82
FRAME: 50
244.19 198.36 2350.99
-195.096 56.115 2319.07
9.91544 -991.583 2757.42
-188.021 202.617 2135.6
-59.0771 -299.45 2550.59
46.5834 -693.18 2501.59
7.84092 48.8072 2388.8
105.05 36.8093 2410.96
252.204 -172.448 2418.8
-0.833889 -921.335 2723.22
327.418 -362.334 2207.28
110.386 -320.313 2589.4
87.9655 -679.222 2632.88
202.259 24.8115 2433.12
65.3524 -136.536 2490.47
FRAME: 51
235.073 214.23 2369.78
-190.165 61.3882 2367.46
11.4174 -1016.35 2653.26
-169.549 126.638 2123.75
-53.8043 -291.934 2555.95
43.0815 -686.429 2521.91
-21.6897 61.9542 2411.42
95.4705 47.0707 2429.68
260.302 -163.46 2474.68
-4.34345 -920.687 2823.96
346.651 -327.82 2269.43
109.342 -312.195 2583.21
117.848 -678.624 2647.97
212.631 32.1872 2447.94
61.6197 -127.497 2499.63
FRAME: 52
219.448 251.444 2392.88
-203.98 68.0537 2371.59
18.8543 -1005.08 2672.96
-159.916 101.565 2143.75
-50.3113 -282.651 2560.1
44.8063 -679.408 2530.06
-19.7564 73.3261 2431.18
96.4071 61.448 2460.22
262.566 -143.661 2531.18
5.77027 -919.408 2895.76
380.543 -256.771 2372.77
111.279 -298.804 2601.97
130.225 -656.755 2732.06
212.571 49.5698 2489.27
63.4454 -114.64 2520.63
FRAME: 53
206.241 271.691 2411.48
-213.653 61.8816 2387.43
21.1105 -1019.12 2648.27
-145.555 73.9017 2145.2
-43.2593 -274.587 2575.67
43.187 -677.779 2540.87
-20.0154 79.3442 2450.79
97.2464 71.1042 2486.15
261.788 -138.72 2551.07
12.8105 -915.59 2906.3
387.225 -229.054 2436.01
118.979 -285.906 2624.94
133.631 -641.756 2753
214.508 62.8641 2521.5
67.5533 -104.571 2543.23
FRAME: 54
193.099 289.22 2435.76
-216.179 38.8587 2415.39
13.9577 -1018.62 2640.29
-143.349 37.184 2192.35
-40.1601 -273.199 2589.21
36.0128 -679.578 2555.56
-29.7249 84.7826 2474.67
92.0355 78.8094 2512.11
267.704 -133.036 2591.9
12.8144 -901.244 2939.64
406.518 -208.571 2481.06
125.901 -281.267 2640.41
135.576 -638.721 2765.48
213.796 72.8362 2549.54
67.453 -99.212 2563.46
FRAME: 55
180.914 300.076 2461.13
-206.807 4.36257 2455.01
23.7291 -1025.8 2616.23
-143.988 5.03369 2243.72
-36.7661 -269.103 2611.77
31.5931 -674.134 2570.03
-41.7967 89.6464 2501.95
83.9564 85.6989 2537.69
275.472 -124.043 2647.26
15.0819 -919.858 2911.08
400.732 -226.408 2494.68
126.251 -274.169 2658.29
131.113 -628.211 2790.89
209.71 81.7514 2573.43
64.3494 -92.9684 2586.36
FRAME: 56
167.327 307.431 2481.72
-206.382 -19.6593 2484.41
30.2967 -1006.5 2634.5
-143.311 -31.4598 2293.46
-39.0593 -258.715 2638.72
23.3341 -660.929 2588.1
-54.108 99.4186 2532.17
77.0175 94.6081 2563.66
272.601 -118.997 2678.31
5.43601 -910.106 2954.52
382.419 -204.796 2548.32
121.741 -264.6 2677.44
123.894 -619.978 2817.86
208.143 89.7977 2595.15
59.1793 -83.5247 2610.87
FRAME: 57
155.286 318.9 2505.59
-195.271 -47.2549 2541.72
32.6178 -1011.32 2626.31
-139.035 -78.7425 2331.52
-45.7172 -257.735 2658.23
17.9545 -658.842 2603.83
-57.5574 103.981 2547.41
73.2648 100.633 2586.26
263.093 -108.906 2709.13
8.37099 -924.326 2930.23
369.846 -217.113 2570.1
117.955 -261.919 2706.88
115.937 -626.104 2837.05
204.087 97.2854 2625.11
54.6918 -79.5969 2634.41
FRAME: 58
136.716 331.038 2534.91
-182.708 -60.9692 2597.12
26.1704 -1006.31 2677.8
-114.181 -149.093 2408.89
-51.715 -255.503 2681.73
12.9056 -654.412 2632.89
-62.7046 109.352 2580.7
65.1779 107.332 2624.32
247.465 -99.9527 2756.81
7.15913 -932.062 2957.22
326.358 -229.249 2661.24
112.617 -258.104 2737.91
107.562 -628.302 2857.42
193.06 105.312 2667.93
47.8144 -74.7361 2667.07
FRAME: 59
122.798 338.179 2556.37
-173.522 -68.8796 2627.91
6.07048 -1003.74 2717.73
-87.2245 -168.166 2444.09
-56.4464 -252.795 2700.02
2.32075 -648.576 2677.49
-65.786 109.931 2598.82
60.2011 109.963 2648.54
227.074 -85.05 2827.17
8.52215 -940.825 2929.04
324.047 -198.262 2684.66
110.559 -252.686 2766.15
102.164 -625.522 2872.71
186.188 109.994 2698.27
43.6288 -71.3891 2690.82
FRAME: 60
111.407 341.197 2572.48
-163.157 -88.2409 2650.41
-9.15689 -1011.72 2757.72
-59.5121 -167.634 2469.98
-55.7051 -260.597 2722.59
-10.2706 -660.371 2710.48
-72.0169 108.006 2617.85
54.868 109.18 2664.64
223.255 -87.7497 2834.15
2.73038 -943.778 2897.18
267.852 -186.667 2678.24
107.071 -259.056 2782.78
93.2489 -637.347 2894.77
181.753 110.353 2711.43
40.2756 -75.3235 2708.66
FRAME: 61
98.9497 350.286 2595.78
-164.304 -84.0434 2664.3
-37.2634 -993.691 2820.06
-25.1931 -151.465 2483.89
-60.4488 -251.847 2743.09
-22.0476 -651.237 2729.35
-80.9958 115.62 2641.88
46.9674 115.809 2683.04
203.235 -81.0877 2855.44
-5.65919 -935.434 2986.15
226.261 -172.429 2666.5
100.989 -251.525 2795.28
90.5116 -628.531 2899.97
174.931 115.997 2724.21
33.6187 -67.9387 2726.12
FRAME: 62
88.521 355.731 2611.57
-157.626 -87.9002 2663.15
-63.3786 -983.493 2878.21
9.86384 -135.478 2488.6
-67.0989 -245.58 2750.62
-37.7148 -646.643 2744.75
-89.3375 122.738 2654.8
37.6339 122.901 2699.16
196.003 -80.1223 2856.77
-30.8969 -929.99 2998.58
196.796 -165.043 2653.21
89.0461 -245.335 2805.15
81.768 -629.329 2909.34
164.605 123.064 2743.51
24.3038 -61.2783 2738.52
FRAME: 63
79.3025 364.156 2628.38
-157.816 -90.5155 2669.84
-106.596 -924.276 2922.95
28.2485 -114.308 2506.13
-74.2678 -237.959 2760.04
-53.8481 -633.596 2758.8
-98.061 128.995 2665
29.317 129.447 2709.61
173.139 -64.4595 2879.77
-45.9145 -924.168 3034.97
148.15 -131.022 2637.59
81.2074 -237.36 2814.45
68.4306 -619.727 2912.49
156.695 129.898 2754.23
16.3934 -54.1064 2748.43
FRAME: 64
69.8379 369.236 2642.78
-164.118 -82.6141 2680.72
-129.454 -928.226 2958.07
42.9642 -90.8478 2517.19
-94.9053 -235.987 2775.44
-95.6221 -645.872 2796.11
-107.046 136.528 2677.99
17.7252 135.171 2720.05
166.302 -75.0118 2856.57
-47.3296 -940.435 3050.08
124.417 -133.513 2602.59
66.6513 -237.727 2829.93
54.665 -623.724 2921.46
142.496 133.815 2762.1
1.7991 -50.8428 2761.37
FRAME: 65
58.6637 375.619 2653.81
-165.798 -76.4478 2687.67
-178.757 -900.479 3007.3
53.5239 -69.864 2531.3
-107.717 -227.149 2786.72
-118.619 -626.51 2820.22
-115.576 143.711 2685.27
7.37425 141.613 2726.56
155.168 -68.6285 2858.86
-44.7695 -928.45 3062.75
98.4041 -109.852 2585.69
51.6339 -229.851 2840.22
34.0215 -617.15 2923.87
130.324 139.514 2767.84
-10.3338 -43.4437 2770.01
FRAME: 66
46.2881 386.638 2667.98
-166.234 -59.0639 2687.97
-203.899 -880.729 3018.52
38.9022 -40.2943 2582.71
-136.844 -204.737 2805.59
-163.404 -569.993 2856.74
-131.436 160.331 2692.53
-17.1173 156.981 2726.83
58.1409 7.4975 2699.65
-44.6107 -924.424 3066.43
63.7213 -107.377 2576.85
20.1896 -209.25 2852.66
13.8663 -593.986 2940.57
97.2013 153.631 2761.14
-37.7223 -25.006 2777.98
FRAME: 67
30.8547 384.566 2673.44
-181.045 -52.2629 2704.77
-235.387 -872.948 3065.73
12.1136 -35.3017 2597.42
-157.729 -197.387 2818.65
-180.214 -566.009 2883.05
-147.996 167.241 2702.05
-45.8794 168.156 2741.97
44.952 -9.9582 2733.98
-45.3224 -909.677 3084.44
57.2321 -94.2788 2561.75
-6.72751 -196.031 2877.7
-4.5026 -572.687 2968.74
56.2376 169.072 2781.89
-64.0538 -14.2762 2795.07
FRAME: 68
19.312 384.487 2683.31
-165.928 -36.9295 2703.73
-256.484 -877.103 3086.34
-27.255 -33.6747 2587.7
-168.679 -194.696 2829.79
-196.001 -561.539 2893.2
-158.666 163.816 2713.61
-64.5604 168.993 2758.02
41.4417 5.80831 2791.71
-48.5893 -901.552 3092.65
49.5968 -86.464 2595.56
-18.1521 -186.379 2899.93
-13.2294 -559.864 2979.88
29.5456 174.17 2802.43
-78.9879 -10.7723 2811.44
FRAME: 69
-11.5655 369.292 2713.73
-161.582 -25.5504 2704.24
-263.013 -866.971 3103.78
-35.2051 45.4869 2616.83
-189.954 -193.563 2853.25
-213.147 -559.545 2920.52
-171.186 143.095 2717.39
-69.4069 149.453 2770.13
63.0591 8.75362 2820.39
-49.2558 -881.643 3095.78
58.7439 -54.4098 2662.54
-32.6772 -183.48 2933.72
-20.4738 -546.627 2992.69
32.3721 155.811 2822.86
-90.3613 -19.5341 2831.81
FRAME: 70
-7.93764 373.444 2715.02
-141.889 -13.5499 2684.63
-271.223 -881.196 3113.6
-65.8872 134.779 2694.8
-197.522 -182.043 2866.54
-226.934 -561.486 2928
-168.423 139.854 2723.91
-64.9174 143.488 2780.74
67.6199 33.2911 2773.79
-52.9505 -882.328 3104.51
35.0599 70.1523 2668.56
-46.2401 -176.659 2949.41
-24.4814 -541.819 2994.24
38.5881 147.122 2837.58
-93.3993 -17.9315 2844.36
FRAME: 71
-14.4822 362.97 2712.28
-137.466 -16.3425 2671.06
-277.664 -880.746 3136.82
-49.7512 102.41 2669.35
-209.982 -184.859 2881.51
-243.075 -562.252 2951.41
-188.226 129.833 2735.96
-80.9045 133.505 2786.15
63.1222 23.8288 2756.78
-51.9344 -883.734 3112.86
2.63964 131.076 2640.17
-51.6449 -179.643 2955.42
-26.3799 -546.224 3000.25
26.4171 137.176 2836.34
-105.859 -24.373 2852.31
FRAME: 72
-21.9793 356.106 2702.28
-168.729 -24.9069 2680.06
-283.794 -880.337 3142.51
-71.2746 95.0732 2669.75
-230.006 -198.039 2898.26
-259.174 -570.516 2966.63
-220.524 105.878 2761.18
-103.239 109.936 2803.51
65.4931 28.3224 2772.27
-41.551 -868.153 3108.31
-9.03123 53.449 2651.28
-53.934 -192.567 2959.96
-19.419 -536.532 3005.24
14.0466 113.994 2845.84
-122.604 -42.6834 2866.31
FRAME: 73
-23.8645 354.295 2707.73
-162.095 -21.1377 2693.02
-281.116 -878.742 3144.55
-61.4536 63.8828 2687.56
-234.125 -178.906 2913.68
-267.142 -558.675 2977.2
-220.259 117.333 2766.04
-107.575 118.606 2803.67
18.7068 -13.6572 2808.85
-59.1087 -879.743 3120.17
-33.4764 18.7874 2717.46
-66.1206 -176.339 2970.37
-34.4667 -540.846 3003.2
5.10844 119.878 2841.31
-128.849 -29.5082 2872.85
FRAME: 74
-32.1682 357.112 2698.47
-224.199 -24.5692 2710.99
-287.643 -864.944 3154.31
-72.2804 33.5662 2697.02
-252.231 -168.508 2928.55
-284.054 -544.412 2996.07
-229.766 129.727 2771.28
-112.788 123.514 2803.6
15.3537 -11.4632 2818.67
-76.5641 -860.821 3134.37
-33.3999 30.6099 2733.5
-81.074 -177.08 2974.79
-40.3201 -525.822 3007.17
4.18868 117.301 2835.92
-139.72 -24.6398 2877.63
FRAME: 75
-43.8671 364.861 2705.24
-242.308 -20.9872 2712.58
-279.296 -860.379 3160.04
-58.9011 14.0178 2679.8
-246.6 -154.692 2936.23
-278.946 -534.581 3006.1
-228.843 144.702 2775.33
-110.936 135.773 2797.81
-28.4069 -27.6382 2806.18
-103.827 -863.496 3154.17
-65.9049 -12.1991 2744.16
-77.6339 -167.395 2967.5
-65.2905 -530.236 3006.38
6.97203 126.844 2820.29
-136.526 -12.6352 2874.84
FRAME: 76
-53.6426 377.955 2722.56
-273.034 -21.9874 2769.51
-277.155 -843 3168.39
-97.2969 -0.448999 2683.42
-252.857 -150.398 2947.98
-280.599 -521.287 3018.46
-233.579 160.266 2787.22
-112.912 146.344 2801.62
-36.2055 -22.1675 2825.35
-117.561 -849.381 3171.3
-45.5712 19.8913 2755.33
-79.9657 -170.587 2967.33
-82.2323 -524.577 3026.58
7.75469 132.423 2816.02
-139.662 -7.07416 2879.64
FRAME: 77
-63.143 380.241 2703.57
-279.12 -21.3705 2819.71
-276.179 -846.186 3172.83
-107.279 -30.1149 2681.11
-252.38 -138.363 2956.08
-280.763 -515.668 3021.6
-235.52 174.78 2795.66
-115.271 157.476 2800.85
-13.6303 -16.2706 2842.68
-123.116 -853.832 3171.64
-94.5692 -13.362 2764.9
-79.9029 -163.219 2962.86
-88.5842 -523.471 3026.8
4.97762 140.171 2806.04
-140.706 3.34239 2880.16
FRAME: 78
-66.6614 383.95 2699.28
-288.391 -20.7614 2863.44
-274.794 -843.294 3176.41
-121.452 -41.1697 2699.27
-251.937 -134.877 2962.44
-280.81 -512.583 3026.39
-239.028 180.586 2805.28
-116.432 158.946 2803.46
19.6928 -27.6484 2848.3
-127.026 -854.262 3178.57
-120.855 -26.12 2756.31
-83.9958 -164.538 2958.78
-93.4723 -525.919 3033.36
6.16466 137.306 2801.64
-142.199 4.61938 2882.03
FRAME: 79
-70.0815 392.256 2705.41
-304.865 -5.47208 2881.18
-275.784 -836.482 3193.23
-144.967 -52.3292 2707.36
-252.008 -138.679 2971.72
-282.71 -512.396 3039.91
-243.429 188.062 2804.13
-117.817 165.745 2799.88
38.6845 -39.8374 2861.54
-122.983 -848.403 3194.1
-117.82 -46.1802 2764.4
-84.1889 -168.51 2964.72
-93.1721 -525.32 3052.13
7.79611 143.427 2795.62
-142.958 6.07484 2884.05
FRAME: 80
-76.0622 390.337 2688.83
-308.043 23.1739 2896.53
-277.451 -848.764 3194.45
-168.772 -99.7166 2742.94
-247.813 -128.857 2974.68
-281.971 -512.987 3036.11
-239.441 197.01 2804.84
-116.842 172.174 2795.92
45.8993 -35.8376 2854.47
-123.446 -855.607 3196.09
-149.312 -60.8986 2761.43
-87.4753 -161.361 2961.79
-94.4942 -524.533 3045.56
5.75685 147.339 2786.99
-142.243 13.5326 2882.08
FRAME: 81
-82.771 391.758 2673.61
-320.281 48.6056 2906.03
-282.268 -845.056 3205.24
-178.408 -35.0722 2754
-249.335 -131.54 2978.04
-283.079 -510.438 3041.14
-240.253 202.44 2803.92
-115.063 175.913 2793.61
46.8484 -35.1418 2863.53
-123.886 -844.81 3203.7
-121.589 -42.2021 2777.04
-87.4181 -165.901 2963.55
-93.8637 -522.161 3056.91
10.1274 149.387 2783.3
-141.72 13.5963 2882.2
FRAME: 82
-84.3391 389.063 2680.67
-326.638 73.0847 2924.4
-293.277 -844.406 3197.69
-242.739 -47.2333 2793.33
-249.291 -128.985 2973.11
-284.551 -510.841 3035.75
-240.891 203.552 2805.57
-117.323 179.353 2797.05
44.3662 -33.1741 2856.25
-125.714 -853.251 3198.19
-143.674 -67.2931 2781.5
-87.5256 -160.74 2961.07
-96.4278 -524.185 3052.63
6.24461 155.154 2788.52
-142.866 17.2452 2882.07
FRAME: 83
-85.6563 388.367 2677.78
-328.776 63.3576 2921.42
-299.405 -842.17 3197.67
-246.525 -70.8006 2747.8
-250.366 -128.017 2974.17
-286.97 -510.085 3037.04
-244.391 203.992 2805.7
-119.987 179.547 2797.8
37.4785 -33.3237 2864.94
-128.01 -855.731 3201.63
-150.813 -98.2572 2783.4
-93.8347 -158.836 2963.54
-98.4969 -525.983 3056.43
4.41727 155.102 2789.91
-146.044 18.0601 2883.33
FRAME: 84
-86.7766 387.381 2684.03
-333.586 52.5385 2911.64
-304.772 -843.807 3189.04
-243.463 -63.952 2755.07
-254.416 -124.252 2971.42
-289.351 -508.369 3032.64
-251.435 203.063 2809.94
-126.957 180.44 2804.35
29.096 -24.1155 2860.57
-128.061 -853.871 3196.85
-152.792 -70.2092 2788.4
-99.1936 -152.54 2963.95
-99.106 -520.781 3052.73
-2.47873 157.817 2798.76
-151.881 21.0222 2886.02
FRAME: 85
-89.9688 385.453 2677.85
-341.004 19.2457 2887.14
-311.436 -846.337 3204.54
-238.19 -79.3693 2717.12
-263.756 -132.358 2983.45
-297.043 -514.381 3045.99
-254.775 196.181 2809.65
-129.749 172.994 2806.1
21.3634 -15.8812 2890.83
-126.454 -850.938 3196.7
-133.185 -108.883 2774.49
-102.781 -161.816 2978.44
-96.5253 -520.188 3052.25
-4.72271 149.807 2802.56
-156.509 12.9535 2893.52
FRAME: 86
-92.0265 379.38 2682.85
-349.996 7.46801 2784.52
-305.898 -846.651 3192.24
-233.329 -33.0731 2685.07
-264.986 -128.295 2968.66
-294.767 -511.795 3034.53
-265.71 182.193 2804.61
-136.796 161.623 2808.74
10.0792 -40.3906 2887.04
-130.145 -851.145 3199.19
-131.065 -190.449 2766.47
-114.366 -152.236 2973.32
-100.906 -522.098 3054.22
-7.88224 141.052 2812.88
-163.236 10.6785 2889.87
FRAME: 87
-94.5536 368.952 2680.19
-334.124 -15.902 2792.54
-306.285 -851.124 3199.2
-238.59 -76.5518 2685.9
-273.331 -139.99 2973.43
-297.296 -520.533 3042.32
-272.323 160.88 2798.42
-143.509 144.304 2807.48
0.264717 -58.151 2898.47
-133.345 -852.079 3203.2
-138.611 -99.7469 2759.12
-114.36 -160.905 2983.76
-100.996 -523.6 3049.63
-14.6949 127.729 2816.55
-168.677 -3.07134 2893.04
FRAME: 88
-92.2614 352.647 2696.01
-268.676 -53.5922 2698.85
-305.02 -859.119 3184.99
-184.037 -68.9376 2631.16
-277.316 -152.766 2962.86
-297.588 -526.386 3031.29
-275.444 122.175 2789.87
-154.519 115.485 2810.61
-13.4615 -83.3336 2877.13
-135.151 -845.31 3190.85
-84.8281 -123.291 2671.58
-116.375 -161.621 2990.5
-100.706 -514.325 3046.04
-33.5945 108.795 2831.36
-175.682 -20.8543 2893.64
FRAME: 89
-89.2506 351.767 2698.33
-270.59 -54.3683 2711.42
-303.875 -859.773 3182.46
-149.472 -61.6859 2617.73
-279.185 -161.366 2955.09
-298.341 -527.418 3027.82
-270.827 122.862 2776.95
-152.758 120.067 2803.65
-3.39225 -80.0747 2860.84
-136.603 -847.032 3167.91
-38.9703 -116.226 2625.62
-116.125 -165.26 2992
-100.296 -519.039 3038.02
-34.6888 117.271 2830.35
-175.207 -21.6232 2888.6
FRAME: 90
-79.8599 351.934 2700.12
-255.074 -40.9478 2683.21
-305.736 -847.699 3189.98
-62.2593 23.7334 2535.38
-281.796 -155.121 2948.6
-299.669 -519.187 3033.07
-266.193 138.501 2745.2
-139.012 128.166 2770.5
22.3283 -5.89942 2726.08
-131.698 -860.539 3156.73
1.87734 -48.7294 2564.8
-111.747 -168.361 2983.27
-98.3181 -528.172 3036.41
-11.8313 117.831 2795.8
-167.892 -16.7876 2868.22
FRAME: 91
-68.4252 358.573 2706.9
-219.589 -18.1675 2637.84
-303.188 -842.411 3176.58
-8.30272 -13.9151 2571.78
-282.221 -140.665 2937.28
-300.729 -511.128 3020.63
-245.167 160.533 2734.1
-117.649 146.085 2765.47
42.135 22.1675 2644.64
-129.615 -866.132 3138.94
56.1795 103.912 2530.74
-112.675 -159.783 2978.99
-97.0834 -531.965 3029.8
9.86872 131.636 2796.83
-157.549 -2.06952 2861.8
FRAME: 92
-55.6198 372.927 2709.65
-184.893 -2.24701 2616.82
-300.967 -840.577 3172.29
53.8924 14.0348 2558.14
-278.529 -142.58 2922.37
-300.904 -511.107 3015.15
-229.806 166.148 2730.47
-106.139 153.325 2771.65
69.1815 20.4872 2663.28
-128.861 -869.774 3131.61
90.2803 49.1504 2576.51
-112.26 -159.566 2977.89
-96.3723 -534.783 3026.93
17.5278 140.501 2812.83
-150.767 1.12575 2860.89
FRAME: 93
-45.1856 382.453 2709.99
-125.811 2.00608 2614.63
-299.285 -840.19 3173.41
94.3126 95.6527 2555.91
-273.389 -147.243 2910.46
-296.354 -517.325 2997.64
-214.944 168.638 2725.15
-94.3094 157.013 2773.46
99.0495 -11.3614 2702.36
-127.558 -859.117 3128.46
67.8565 64.1571 2549.88
-108.957 -162.905 2976.33
-94.4043 -529.63 3022.25
26.3256 145.388 2821.77
-142.741 0.969613 2858.43
FRAME: 94
-29.0423 387.621 2709.79
-82.4486 4.98421 2587.69
-293.314 -841.712 3147.4
151.952 148.921 2564.25
-251.58 -145.7 2885.05
-277.185 -524.774 2962.22
-195.36 156.59 2713.83
-77.74 145.306 2773.42
159.741 -21.5247 2736.47
-126.957 -856.264 3118.22
77.501 99.5543 2540.3
-109.453 -159.154 2957.15
-93.2977 -526.778 3012.29
39.8799 134.022 2833.01
-129.128 -3.56065 2847.26
FRAME: 95
-18.9347 392.284 2702.14
-67.1388 17.1631 2579.16
-292.253 -853.058 3154.7
140.376 140.567 2558.87
-235.461 -161.851 2859.86
-268.024 -539.969 2953.46
-182.272 155.821 2700.48
-67.0952 148.058 2771.49
173.439 -1.68747 2757.02
-125.175 -851.741 3117.46
105.108 80.0545 2574.19
-99.0947 -170.715 2943.95
-89.1528 -528.892 3006.71
48.0817 140.296 2842.49
-117.187 -9.11216 2836.7
FRAME: 96
-5.49295 391.897 2704.07
-46.0625 26.7504 2551.53
-289.207 -855.9 3125.95
181.414 174.021 2549.76
-219.158 -183.344 2824.95
-249.602 -550.488 2917.63
-170.613 154.041 2696.75
-54.9909 144.72 2765.39
199.408 2.51176 2754.19
-124.805 -845.865 3114.62
147.593 80.4294 2570.18
-68.7613 -195.562 2913.72
-88.5207 -520.036 3003.57
60.6308 135.398 2834.02
-99.4754 -22.3667 2817.36
FRAME: 97
9.33482 392.341 2702.56
-29.3428 36.439 2522.79
-288.077 -852.992 3119.15
184.782 176.813 2532.73
-204.251 -189.419 2809.54
-206.822 -568.871 2875.22
-156.287 150.162 2684.72
-40.6399 141.19 2757.3
221.262 12.442 2754.06
-123.992 -847.868 3113.21
257.226 71.0515 2620.39
-53.5026 -201.043 2903.35
-81.3755 -525.406 2999.52
75.0076 132.218 2829.87
-84.7583 -27.0204 2806.87
FRAME: 98
26.549 385.73 2695.55
-19.7516 33.5843 2494.29
-288.924 -854.386 3107.23
169.143 166.447 2517.49
-187.694 -200.844 2797.45
-195.942 -583.089 2861.06
-136.928 141.134 2669.99
-25.6449 135.179 2754.64
249.184 12.8376 2764.87
-120.239 -849.357 3115.35
325.878 64.3954 2677.95
-46.4057 -208.254 2905.5
-73.4567 -540.57 3000.44
85.6382 129.224 2839.29
-71.3474 -34.6851 2803.06
FRAME: 99
46.3239 377.946 2687.85
-17.9704 35.8789 2477.59
-280.584 -855.788 3095.13
171.791 169.949 2480.76
-179.466 -207.168 2789
-173.481 -588.994 2834.91
-124.384 133.368 2653.61
-13.4666 130.229 2742.59
265.12 14.7871 2768.65
-118.626 -839.357 3114.36
397.506 58.4656 2707.13
-35.5845 -211.324 2904.15
-64.2069 -536.219 2994.05
97.4507 127.091 2831.58
-60.496 -39.5081 2794.58
FRAME: 100
62.8737 375.866 2683.69
-10.6242 42.4807 2444.18
-272.447 -862.63 3056.55
216.695 183.301 2439.46
-164.154 -217.429 2772.97
-159.958 -598.694 2810.72
-108.522 132.628 2634.95
-0.938561 131.477 2730.07
270.429 7.00448 2782.11
-113.657 -848.781 3109.34
423.724 55.4455 2707.89
-28.1298 -218.825 2893.06
-52.5734 -544.008 2991.09
106.645 130.327 2825.2
-48.5402 -43.3247 2781.54
FRAME: 101
82.37 373.166 2675.9
-11.217 69.9617 2387.22
-249.106 -880.008 3013.85
177.836 178.924 2326.76
-151.684 -225.68 2748.44
-135.178 -604.395 2781.49
-87.5892 132.628 2613.82
17.7145 130.084 2707.29
267.118 -5.27808 2788.05
-109.66 -852.19 3099.78
462.305 14.8231 2725.14
-12.8569 -228.961 2871.4
-28.0849 -565.383 2974.81
123.018 127.54 2800.77
-32.278 -48.6183 2758.61
FRAME: 102
106.596 366.364 2651.21
-11.1096 98.5065 2320.18
-192.743 -954.255 2870.01
170.708 191.442 2211.23
-132.528 -227.678 2703.68
-112.215 -609.563 2741.99
-59.0565 126.32 2570.34
43.6689 124.852 2665.99
260.243 -18.0145 2789.63
-84.1015 -863.123 3080.82
485.027 -25.5946 2709.76
13.3624 -229.726 2839.93
17.0124 -569.908 2930.26
146.394 123.384 2761.63
-7.95703 -51.925 2718.9
FRAME: 103
131.13 358.15 2613.94
-37.0345 104.131 2286.56
-166.288 -962.5 2854.63
118.128 183.579 2165.41
-132.523 -223.104 2685.44
-93.7617 -613.41 2713.34
-52.0462 122.043 2548.13
54.3068 118.173 2638.08
268.962 -31.0545 2767.74
-71.7407 -886.382 2916.56
505.142 -55.2663 2696.03
23.4695 -228.392 2818.13
35.5994 -564.72 2901.69
160.66 114.303 2728.04
-0.109866 -53.7877 2694.93
FRAME: 104
176.603 339.588 2545.83
-60.0408 112.526 2260.46
-106.609 -979.884 2785.33
89.3234 205.289 2107.98
-128.637 -228.378 2659.58
-54.583 -622.788 2666
-46.827 121.973 2515.49
59.9473 121.765 2609.67
276.342 -39.7475 2745.37
-43.9948 -895.378 2890.92
520.077 -79.7956 2663.36
32.1063 -228.145 2802.47
41.179 -565.032 2900.92
166.722 121.557 2703.84
5.84096 -53.2482 2670.35
FRAME: 105
206.234 325.26 2500.54
-87.976 116.93 2240.45
-54.864 -968.075 2703.21
67.2229 201.687 2072.01
-128.327 -230.72 2643.01
-38.2814 -621.201 2643.07
-53.9043 119.91 2492.69
60.7324 118.631 2577.15
283.458 -49.6268 2724.8
-2.28368 -900.024 2843.18
523.483 -112.468 2616.59
43.8208 -231.411 2772.43
49.8668 -571.868 2888.7
175.369 117.351 2661.62
9.23959 -56.2173 2642.44
FRAME: 106
220.317 316.169 2480.57
-102.101 121.97 2223.51
-47.5664 -977.06 2700.88
21.4515 202.466 2029.21
-125.445 -237.976 2620.62
-35.9822 -627.806 2615.72
-51.4336 117.401 2466.87
67.7148 113.494 2543.66
291.851 -63.6692 2681.67
15.3164 -901.63 2839.53
530.277 -152.589 2576.16
53.8762 -241.009 2741.84
55.9139 -575.684 2884.98
186.863 109.586 2620.45
15.9652 -62.9996 2612.45
FRAME: 107
230.468 300.782 2456.73
-116.054 128.616 2211.06
-33.8628 -980.958 2719.03
-22.6801 217.809 1989.28
-105.832 -246.076 2586.68
-15.2434 -634.65 2581.53
-57.3442 110.894 2452.19
66.2541 106.374 2517.22
289.735 -78.1865 2655.39
11.3405 -898.455 2832.15
524.802 -199.207 2531.14
69.4583 -248.56 2688.05
66.4436 -583.683 2852.12
189.852 101.854 2582.25
24.0337 -70.472 2577.29
FRAME: 108
247.336 260.376 2413.08
-126.945 113.066 2198.06
-35.6533 -933.299 2807.44
-98.0705 180.684 1968.91
-89.9435 -264.519 2557.9
15.3277 -668.249 2526.34
-56.308 86.717 2431.19
74.1805 80.3614 2490.76
300.032 -125.736 2587.76
57.6567 -918.599 2719.29
536.104 -286.179 2445.95
82.3584 -268.108 2647.53
75.497 -593.345 2843.62
204.669 74.0057 2550.33
35.194 -92.9762 2546.74
FRAME: 109
256.151 236.557 2384.21
-126.336 90.6155 2184.87
-47.6255 -912.007 2823.72
-120.971 164.221 1953.62
-82.0081 -277.87 2536.34
34.6467 -673.541 2483.13
-39.7445 63.5713 2405.03
86.7503 55.7415 2464.04
304.803 -147.633 2567.27
87.2247 -937.443 2608.22
521.704 -322.942 2406.67
86.0599 -282.88 2625.81
79.7817 -600.269 2843.04
213.245 47.9118 2523.05
44.3881 -112.317 2522.55
FRAME: 110
264.502 218.362 2363.2
-131.397 70.4901 2192.15
-47.7193 -886.971 2831.29
-153.661 128.007 1955
-67.5355 -293.841 2509.69
42.0842 -682.247 2467.99
-7.24554 39.4454 2369.11
110.071 30.577 2422.18
311.863 -167.484 2520.06
81.3142 -927.724 2591.06
509.049 -342.847 2364.45
98.0302 -299.332 2598.33
88.8073 -619.759 2797.76
227.387 21.7087 2475.25
62.6591 -133.005 2488.09
FRAME: 111
274.463 203.381 2339.07
-142.677 49.7389 2213.24
-42.3228 -881.638 2808.01
-174.362 92.0854 1966.49
-41.8617 -302.1 2481.82
70.5559 -682.623 2438.3
4.69501 29.9242 2357.46
124.67 16.3022 2404.45
322.437 -181.074 2480.1
59.4593 -916.206 2613.17
507.415 -362.601 2322
109.404 -314.499 2550.56
84.386 -622.523 2788.85
244.645 2.68013 2451.44
79.2207 -145.999 2460.32
FRAME: 112
280.545 196.006 2320.32
-147.369 38.8704 2216.9
-43.675 -857.764 2857.68
-173.334 75.4528 1958.73
-27.9096 -305.359 2473.54
80.6211 -682.695 2432.19
11.2688 29.2419 2347.17
133.604 10.925 2393.98
329.465 -193.759 2454.48
62.0975 -944.511 2599.42
509.813 -383.401 2280.94
108.953 -323.998 2529.16
89.4648 -643.634 2702.96
255.939 -7.39196 2440.78
87.063 -151.877 2447.66
FRAME: 113
287.726 189.404 2303.18
-134.707 18.9842 2227.02
-38.4051 -865.161 2848.1
-193.665 44.7823 1963.21
-19.275 -310.519 2460.23
87.1583 -685.487 2426.59
21.1031 27.2068 2335.53
143.377 6.07879 2378.72
337.265 -201.668 2431.97
51.6827 -935.9 2637.02
500.022 -386.697 2266.25
114.217 -332.136 2510.51
92.266 -653.828 2677.91
265.651 -15.0493 2421.9
95.4239 -157.624 2432.04
FRAME: 114
293.763 187.417 2290.13
-131.289 18.2367 2231.24
-42.5353 -861.692 2857.85
-173.516 32.222 1967.6
-19.5611 -310.728 2458.81
83.8375 -688.096 2428.38
30.9119 26.8487 2324.69
149.73 7.40737 2370.93
337.426 -201.922 2425.24
72.1229 -946.083 2568.77
492.226 -391.127 2252.39
116.342 -331.214 2515.03
106.188 -655.903 2659.22
268.549 -12.034 2417.18
99.0604 -156.782 2428.93
FRAME: 115
296.943 190.81 2276.92
-135.204 14.7712 2220.81
-39.2558 -855.333 2872.64
-182.795 9.27238 1966.06
-16.3846 -307.149 2456.11
83.6246 -686.465 2428.53
41.5511 25.0906 2312.6
156.939 7.91548 2359.66
335.238 -199.517 2419.56
79.7023 -954.324 2551.94
490.987 -377.846 2249.73
124.141 -326.537 2516.42
116.123 -650.905 2664.15
272.328 -9.25963 2406.72
105.409 -154.464 2422.97
FRAME: 116
295.115 199.479 2263.4
-137.337 9.63569 2239.51
-8.40998 -869.692 2842.65
-181.375 3.76342 1969.01
-4.76712 -305.77 2450.77
91.3177 -684.145 2426.94
36.9225 30.5555 2313.52
156.852 10.3749 2353.11
337.352 -201.138 2410.84
66.995 -936.894 2577.12
501.46 -370.01 2244.6
128.485 -327.921 2495.18
112.656 -646.394 2674.12
276.781 -9.80558 2392.7
109.355 -153.235 2413.04
FRAME: 117
294.016 207.561 2258.73
-140.781 5.64088 2242.13
6.30817 -881.27 2828.65
-164.962 -2.23346 1975.23
-0.666006 -302.23 2449.66
89.6578 -680.863 2430.2
42.038 30.6657 2312.11
160.399 12.4183 2351.66
336.98 -198.335 2411.15
63.7784 -938.859 2613.67
512.275 -347.33 2256.25
139.019 -323.781 2496.46
128.934 -646.878 2668.04
278.761 -5.82914 2391.21
114.788 -150.294 2412.36
FRAME: 118
287.319 220.89 2268.36
-143.59 5.32458 2259.99
34.2192 -937.9 2760.1
-169.709 -2.42343 1989.37
3.45912 -294.276 2448.5
91.8634 -680.871 2426.49
43.6184 36.3294 2310.45
160.065 20.4971 2350.77
335.514 -189.906 2422.04
61.0662 -932.902 2658.33
506.999 -322.167 2274.64
143.779 -313.208 2497.3
143.699 -641.209 2654.62
276.512 4.6649 2391.09
116.842 -141.623 2411.84
FRAME: 119
283.152 233.832 2274.58
-152.881 -7.02253 2270.37
42.0259 -944.635 2762.09
-168.12 -19.2911 2002.13
6.30072 -295.176 2450.69
93.1678 -683.396 2432.71
39.5356 42.4348 2315.13
158.844 28.9404 2355.67
337.09 -176.739 2435.87
57.2015 -922.876 2723.67
482.308 -305.96 2286.69
154.401 -311.771 2501.24
145.367 -640.023 2672.53
278.153 15.446 2396.2
119.598 -137.267 2415.82
FRAME: 120
275.458 246.476 2284.78
-159.687 -17.0827 2298.08
55.0139 -962.38 2714.53
-178.17 -34.9112 2038.89
9.28792 -292.814 2449.91
94.9556 -682.176 2432.78
39.85 45.7595 2318.72
157.403 34.9864 2362.99
336.978 -170.317 2454.38
56.9249 -930.175 2753.26
508.307 -275.018 2321.07
157.9 -306.265 2505.98
152.214 -636.618 2682.17
274.957 24.2133 2407.25
120.499 -132.276 2420.46
FRAME: 121
255.648 265.466 2314.01
-152.377 -28.1545 2352.54
66.9841 -981.841 2682.95
-177.991 -91.9707 2132.21
13.5119 -289.738 2464.95
99.0449 -681.888 2447.63
32.3885 59.4825 2346.11
152.644 49.4048 2389.69
336.338 -150.172 2507.49
67.5664 -938.05 2815.17
472.213 -238.032 2380.89
159.844 -301.865 2518.13
153.006 -632.767 2695.04
272.9 39.3271 2433.28
119.661 -123.198 2440.62
FRAME: 122
238.834 281.549 2335.27
-145.093 -38.5746 2397
75.3649 -992.198 2652.77
-175.532 -130.874 2173.31
15.024 -284.868 2486.38
97.4643 -677.611 2463.46
22.431 70.6198 2374.89
145.112 62.0348 2417.09
330.182 -136.515 2539.55
75.1535 -943.44 2815.69
469.118 -211.593 2407.31
160.81 -294.975 2536.54
152.892 -627.591 2709.73
267.794 53.4497 2459.29
116.515 -113.943 2464.28
FRAME: 123
220.775 290.89 2369.78
-138.219 -57.2797 2440.47
76.0098 -986.816 2670.31
-139.424 -161.582 2211.76
15.1927 -276.519 2511.35
90.6339 -666.874 2483.39
14.8601 76.4428 2404.18
138.246 70.4609 2448.96
326.066 -127.063 2579.95
77.8291 -947.208 2797.57
448.337 -194.967 2418.57
162.612 -283.403 2565.2
157.807 -620.447 2727.93
261.631 64.4791 2493.74
113.574 -104.75 2493.61
FRAME: 124
204.893 299.841 2392.1
-136 -67.5292 2471.33
78.488 -990.153 2668.36
-118.003 -170.28 2246.71
13.8869 -273.389 2537.27
84.2953 -662.743 2504.17
2.17416 80.7261 2435.53
128.482 75.5604 2473.99
314.623 -125.965 2608.58
74.2244 -944.823 2821.52
410.118 -157.002 2440.83
161.614 -279.323 2582.63
159.386 -621.379 2741.69
254.79 70.3948 2512.44
108.116 -100.398 2516.97
FRAME: 125
192.83 306.57 2407.23
-132.331 -76.6208 2514.64
73.2698 -992.087 2697.11
-79.0131 -175.858 2281.86
9.29926 -270.962 2556.53
72.614 -660.984 2529.02
-4.06174 84.0409 2459.66
121.595 79.4582 2495.82
306.621 -123.36 2629.12
63.8331 -937.183 2868.99
399.524 -177.488 2446.53
160.202 -276.355 2600.18
158.175 -629.829 2755.96
247.251 74.8754 2531.99
103.173 -97.1 2537.09
FRAME: 126
177.534 313.071 2431.26
-125.263 -98.9246 2528.19
79.2132 -993.511 2664.08
-34.9571 -178.128 2322.01
2.63905 -272.604 2581.78
62.543 -657.689 2553.76
-14.1413 83.4119 2485.22
112.84 80.8596 2520.15
296.528 -118.816 2651.85
71.4457 -951.32 2834.79
390.279 -167.318 2465.7
162.085 -275.661 2625.94
159.708 -630.332 2763.51
239.821 78.3074 2555.08
97.6009 -96.6364 2562
FRAME: 127
160.564 313.009 2455.5
-123.979 -108.121 2547.16
76.2063 -1002.74 2650.51
-0.808434 -160.434 2349.06
-5.01207 -272.632 2613.3
52.9246 -657.166 2580.84
-23.9497 84.3395 2515.33
103.05 82.7389 2548.16
284.506 -119.803 2670.44
64.4913 -952.772 2844.54
347.366 -165.888 2496.12
156.923 -274.49 2655.71
153.936 -635.347 2785.33
230.05 81.1384 2580.99
89.5028 -95.411 2591.33
FRAME: 128
134.371 324.269 2495.61
-107.581 -106.636 2546.2
25.9475 -1011.55 2715.7
88.519 -127.329 2367.28
-17.1183 -265.769 2647.12
31.6069 -653.478 2621.82
-41.4473 93.6767 2541.24
86.5784 94.1146 2577.09
246.763 -103.853 2719.7
54.8333 -958.975 2857.65
286.003 -150.883 2522.93
140.362 -264.957 2691.8
141.714 -640.736 2808.78
214.604 94.5526 2612.94
74.1001 -85.624 2623.27
FRAME: 129
120.305 339.598 2514.96
-94.3839 -96.2106 2535.14
-11.5736 -990.746 2769.71
104.219 -94.2372 2372.72
-31.719 -255.065 2663.13
1.83834 -646.598 2662.59
-51.0369 106.564 2546.29
72.0358 112.096 2593.56
218.269 -85.1886 2738.91
39.9328 -966.288 2950.84
246.991 -140.737 2536.45
129.878 -247.536 2725.72
130.561 -636.816 2823.43
195.109 117.627 2640.84
60.5577 -69.6024 2643.99
FRAME: 130
96.6553 353.675 2544.63
-89.0064 -84.4336 2536.4
-63.2634 -975.843 2846.15
97.1844 -62.2462 2381.28
-49.483 -248.09 2674.47
-33.4143 -647.636 2690.18
-67.9486 121.505 2564.5
54.7403 125.939 2610.66
181.142 -63.1972 2759.91
30.539 -948.37 2959.58
210.525 -134.499 2568.06
114.089 -242.041 2736.22
113.725 -632.811 2833.06
177.429 130.373 2656.82
43.5216 -59.5632 2658
FRAME: 131
85.4853 363.254 2557.81
-95.3232 -69.7619 2535.18
-110.085 -945.317 2864.44
92.912 -41.8285 2406.97
-63.0155 -242.973 2683.4
-53.336 -639.792 2699.77
-76.0648 129.912 2574.22
39.9542 135.419 2625.67
158.294 -46.6591 2783.37
24.7876 -933.813 2966.91
192.312 -140.866 2587.03
96.0673 -235.233 2754.11
94.9489 -624.062 2843.64
155.973 140.927 2677.12
28.24 -51.842 2672.21
FRAME: 132
76.1766 376.072 2586.18
-96.518 -61.0498 2539.22
-155.138 -920.459 2891.57
79.5956 -33.4987 2426.08
-82.8516 -233.174 2695.34
-87.3097 -623.696 2723.45
-85.2082 135.933 2584.59
22.5527 141.179 2635.11
187.137 60.2833 2650.29
21.4317 -930.047 2980.32
142.879 -22.399 2503.27
75.1777 -225.329 2768.87
75.0746 -611.946 2853.56
130.314 146.424 2685.63
9.35786 -44.0363 2683.61
FRAME: 133
69.0502 379.807 2595.4
-69.7875 -32.7805 2524.25
-203.565 -876.229 2947.85
83.6377 -30.872 2425.98
-100.679 -223.62 2708
-114.49 -604.632 2745.5
-95.2396 136.603 2595.14
11.6203 140.672 2649.55
184.381 61.2231 2659.69
19.2367 -927.158 2982.94
97.8982 17.8012 2571.61
53.865 -217.696 2786.39
60.0479 -597.188 2863.4
118.48 144.741 2703.96
-5.89333 -39.993 2698.37
FRAME: 134
46.4388 381.012 2609.89
-60.6229 -31.3278 2527.32
-269.918 -866.192 3017.45
73.7251 33.6147 2420.5
-121.736 -221.458 2731.58
-170.01 -576.773 2815.74
-114.719 122.977 2591.57
-7.10401 130.487 2650.73
158.896 53.0792 2673.61
19.732 -919.483 2985.21
91.8645 60.0537 2554.32
24.0414 -211.236 2811.53
47.8143 -585.107 2870.94
100.511 137.998 2709.88
-27.9757 -42.9298 2711.14
FRAME: 135
32.8115 375.397 2618.35
-64.9912 -29.9667 2534.64
-280.682 -867.428 3028.84
15.874 -11.923 2468.05
-135.133 -215.355 2758.77
-185.816 -582.577 2822.07
-138.617 120.668 2606.67
-35.582 132.983 2669.99
150.081 41.6583 2727.62
13.6095 -907.288 3004.39
76.7065 51.716 2597.62
-3.79432 -200.134 2837.92
35.749 -571.252 2891.82
67.453 145.299 2733.31
-52.5227 -37.3805 2734.17
FRAME: 136
24.4042 369.389 2620.91
-83.8835 9.5857 2577.88
-287.791 -871.8 3047.05
-9.10014 27.6722 2526.92
-167.445 -210.986 2776.97
-208.255 -582.198 2839.68
-152.607 124.472 2624.83
-46.3374 132.458 2684.68
136.833 39.4845 2729.2
13.3085 -905.31 3020.24
70.4253 105.186 2577.81
-18.0944 -200.338 2859.4
31.326 -570.35 2908.41
59.932 140.444 2744.52
-69.5536 -36.6021 2751.43
FRAME: 137
11.482 359.921 2626.56
-93.2735 9.15333 2583.24
-291.488 -881.719 3063.85
-7.88588 41.0436 2511.2
-185.639 -210.62 2792.23
-223.747 -583.697 2859.44
-165.874 120.456 2640.13
-60.2799 127.907 2699.64
125.53 20.8633 2744.12
8.75488 -902.707 3039.01
23.2935 102.899 2579.95
-35.0753 -200.514 2875.5
27.5183 -571.883 2920.94
45.314 135.358 2759.15
-85.3186 -38.8299 2766.75
FRAME: 138
-0.815188 349.944 2639.51
-138.727 -39.1746 2582.82
-294.786 -889.251 3060.63
-18.0337 1.48913 2578.6
-198.083 -213.597 2802.76
-236.333 -590.301 2872.69
-177.946 103.61 2652.82
-69.652 109.532 2715.17
98.0984 54.5785 2725.09
-1.84267 -902.099 3045.91
12.6597 199.488 2591.56
-51.7795 -205.719 2886.29
23.8762 -571.95 2924.6
38.6416 115.454 2777.52
-97.2917 -50.0631 2779.85
FRAME: 139
-5.21352 346.484 2638.68
-140.182 -52.5169 2583.29
-293.218 -901.709 3074.43
-42.7975 24.967 2572.34
-208.063 -219.297 2813.92
-243.082 -595.557 2887.2
-199.322 93.6844 2666.11
-91.9082 103.604 2730.03
86.7188 40.892 2735.03
-23.4258 -889.552 3069.07
3.74712 240.079 2589.62
-61.9006 -206.345 2899.78
13.8893 -567.443 2936.92
15.5059 113.524 2793.94
-113.445 -54.6085 2793.44
FRAME: 140
-8.4488 342.593 2648.5
-152.451 -56.4492 2570.57
-295.372 -911.04 3070.8
-63.5346 6.85034 2629.32
-214.412 -206.386 2831.4
-249.659 -592.602 2896.45
-198.219 94.8904 2676.58
-90.9631 102.603 2735.42
55.0049 22.1438 2769.04
-59.1526 -871.107 3088.71
-20.5496 169.027 2618.91
-68.142 -196.124 2911.15
4.35293 -556.264 2947.84
16.2931 110.316 2794.26
-116.12 -49.3259 2803.35
FRAME: 141
-8.76192 346.385 2645.24
-147.648 -47.0051 2594.27
-292.615 -908.656 3073.36
-88.8196 37.2525 2617.53
-220.106 -200.596 2837.54
-252.163 -585.635 2899.37
-199.906 107.14 2686.3
-94.6119 112.672 2745.75
48.9937 2.19148 2812.76
-84.7498 -863.145 3119.86
-31.4859 24.0065 2707.05
-72.4252 -193.541 2919.11
-13.2186 -554.318 2968.25
10.6826 118.205 2805.2
-120.439 -42.198 2812.04
FRAME: 142
-9.93459 348.644 2645.95
-149.759 -41.35 2604.36
-292.073 -898.537 3077.92
-86.4538 57.7217 2616.75
-225.286 -190.583 2850.78
-255 -575.062 2906.83
-199.68 115.868 2701.23
-96.2694 118.281 2755.47
40.9382 19.0543 2800.21
-123.32 -853.804 3157.85
-9.29315 45.7871 2712.61
-76.8064 -187.741 2926.84
-38.0085 -547.433 2987.33
7.14096 120.693 2809.72
-123.658 -35.4404 2822.14
FRAME: 143
-8.77128 350.962 2650.36
-157.404 -52.4537 2605.75
-279.901 -891.933 3077.5
-97.3688 32.3538 2641.51
-217.812 -183.965 2849.79
-246.754 -566.807 2906.66
-201.2 127.06 2703.27
-112.429 134.306 2772.69
42.7207 34.3735 2804.47
-153.585 -845.812 3171.41
6.973 46.7637 2717.19
-91.7156 -175.765 2941.15
-65.1204 -540.721 2999.5
-23.6571 141.552 2842.11
-133.596 -22.7793 2834.08
FRAME: 144
-9.81934 356.872 2652.73
-166.231 -54.3181 2620.97
-283.21 -885.65 3083.99
-73.757 38.0641 2636.05
-225.266 -181.833 2857.69
-255.363 -562.145 2918.9
-194.052 131.214 2707.67
-95.1416 131.537 2762.43
44.4873 68.5109 2754.35
-154.084 -840.079 3171.55
11.3608 178.159 2674.46
-82.5389 -182.373 2933.63
-71.1447 -535.328 3009.78
3.76902 131.859 2817.18
-124.522 -25.2831 2829.04
FRAME: 145
-11.3847 361.075 2666.76
-156.902 -38.5374 2615.26
-281.083 -878.826 3088.09
-75.695 55.1807 2565.83
-229.158 -174.429 2865.78
-256.436 -552.949 2925.33
-189.102 143.771 2715.13
-87.4925 137.748 2757.95
40.6214 67.9392 2731.73
-152.973 -840.147 3161.66
8.66283 130.071 2617.41
-79.4875 -183.428 2927.65
-76.3447 -531.46 3010.95
14.117 131.726 2800.77
-120.908 -20.59 2827.33
FRAME: 146
-10.286 365.119 2667.97
-153.338 -43.6343 2618.84
-281.316 -874.979 3093.21
-55.7815 21.5374 2618.58
-223.786 -182.708 2862.93
-254.61 -552.97 2928.09
-189.809 148.006 2715.55
-86.4878 143.013 2760.04
65.1235 25.6587 2775.91
-160.62 -852.156 3171.31
8.35129 30.4226 2663.99
-79.018 -190.202 2924.47
-82.8215 -542.451 3027.51
16.8328 138.02 2804.54
-118.945 -21.7212 2826.87
FRAME: 147
-10.3825 364.679 2670.14
-177.69 -33.2597 2696.13
-283.215 -867.428 3091.41
-37.5668 -19.9678 2597.8
-220.685 -182.582 2864.83
-244.86 -561.846 2922.15
-196.552 152.651 2730.46
-83.8855 142.971 2761.54
79.691 -18.5388 2837.12
-162.245 -857.391 3170.79
8.59716 -99.7325 2681.55
-67.4314 -195.471 2907.83
-78.1754 -546.11 3028.66
28.7813 133.29 2792.63
-113.972 -23.0279 2823.94
FRAME: 148
-8.46187 366.133 2677.35
-184.985 -30.2675 2686.37
-283.476 -855.337 3099.62
6.64948 -23.9428 2569.52
-212.962 -181.01 2870.39
-231.602 -557.291 2920.66
-186.808 162.75 2712.97
-63.2408 138.627 2725.52
90.7169 6.4072 2861.82
-159.954 -878.91 3156.52
25.4862 -189.959 2753.2
-64.7795 -209.447 2886.21
-73.5448 -566.887 3024.2
60.3263 114.503 2738.07
-101.056 -28.3009 2801.91
FRAME: 149
10.8526 368.001 2702.09
-171.944 -18.4733 2676.45
-284.011 -848.438 3081.51
63.5786 -11.6735 2572.14
-195.106 -183.695 2854.68
-207.358 -562.124 2884.41
-168.078 165.054 2703.92
-48.6918 149.169 2726.19
91.9482 27.1574 2762.55
-158.042 -883.624 3155.9
74.0399 -159.14 2704.35
-42.5387 -203.641 2883.36
-64.2751 -564.571 3021.33
70.6946 133.284 2748.45
-83.7572 -22.2495 2797.6
FRAME: 150
21.4505 363.145 2711.23
-162.338 -20.3069 2672.63
-280.177 -841.632 3068.56
94.4945 -10.2366 2577.48
-183.751 -187.767 2838.45
-189.649 -568.412 2858.89
-151.395 162.705 2700.86
-41.8221 156.696 2742.39
99.3607 8.29201 2771.13
-155.331 -886.462 3159.89
95.7572 -147.687 2668.8
-30.9946 -196.082 2896.27
-53.2124 -564.341 3015.67
67.7505 150.686 2783.92
-74.5974 -17.6144 2804.87
FRAME: 151
29.6902 363.096 2716.99
-107.881 -21.3399 2635.36
-267.315 -842.486 3035.57
132.081 -3.09866 2583.2
-156.433 -189.941 2821.3
-160.365 -569.878 2829.71
-136.914 158.786 2700.6
-31.4 158.425 2765.12
103.65 -18.3101 2775.99
-155.922 -878.383 3155.34
128.523 -51.3538 2609.52
-23.9833 -190.269 2901.51
-37.5567 -558.864 3008.48
74.114 158.063 2829.64
-60.8042 -15.8402 2813.26
FRAME: 152
34.2893 364.396 2719.88
-59.6683 -41.01 2625.73
-257.209 -870.042 2992.72
166.111 5.97511 2580.71
-139.559 -198.479 2815.69
-144.412 -576.713 2828.08
-115.963 149.341 2688.63
-19.8655 154.319 2770.44
117.422 -25.2048 2828.95
-157.119 -864.63 3145.67
169.528 6.39624 2595.65
-23.0013 -192.391 2914.99
-37.7211 -555.889 3002.68
76.2321 159.297 2852.26
-50.5727 -20.5579 2817.89
FRAME: 153
40.9066 367.482 2721.45
1.9276 -30.8483 2582.75
-242.632 -878.74 2959.04
179.512 11.5024 2580.69
-142.933 -206.465 2797.08
-124.152 -580.79 2814.42
-105.047 148.875 2674.18
-13.9361 152.924 2763.59
134.583 -34.0107 2857.07
-168.215 -872.672 3116.26
169.435 49.8043 2571.25
-27.9621 -201.246 2909.73
-43.295 -568.362 3003.92
77.1749 156.974 2852.99
-49.6917 -25.4654 2808.5
FRAME: 154
54.602 369.883 2716.87
42.0402 -18.9655 2562.74
-231.26 -893.706 2935.1
210.051 35.8625 2587.23
-136.733 -197.74 2781.38
-107.926 -582.655 2793.92
-90.6897 150.183 2654.27
-6.39217 156.258 2751.03
126.888 -28.7167 2861.7
-165.729 -875.503 3086.73
190.445 37.5725 2588.57
-31.5248 -190.199 2901.67
-41.5986 -556.687 3002.07
77.9053 162.333 2847.8
-45.2607 -18.8558 2796.28
FRAME: 155
58.4048 372.422 2713.17
63.5106 -18.929 2541.33
-214.509 -923.465 2899.31
228.563 68.7001 2554.68
-132.658 -209.343 2765.09
-97.5068 -596.87 2780.48
-76.4782 140.085 2635.06
1.32139 149.171 2741.33
142.398 -24.9133 2854.12
-159.234 -895.739 3046.68
212.033 40.0151 2600.48
-32.5489 -197.691 2901.51
-37.4751 -563.656 3006.76
79.121 158.257 2847.61
-40.6411 -27.1731 2787.32
FRAME: 156
66.5137 374.711 2708.08
71.2773 -21.9566 2521.72
-189.756 -946.91 2847.72
247.578 94.7369 2526.07
-125.682 -214.378 2743.64
-87.8473 -605.668 2759.64
-65.0235 134.168 2621.31
5.72825 145.092 2732.78
146.2 -18.0009 2859.23
-144.242 -901.476 3023.72
246.615 0.385349 2647.51
-28.5056 -198.999 2896.93
-34.755 -562.284 3004.95
76.48 156.017 2844.25
-35.6829 -30.7979 2776.53
FRAME: 157
71.8059 373.017 2701.12
86.7279 -18.2071 2486.04
-160.529 -959.925 2784.84
267.895 118.574 2505.97
-122.384 -218.449 2723.59
-77.7799 -610.978 2740.92
-51.1556 123.119 2596.87
15.1711 135.86 2710.76
163.136 -17.8567 2842.09
-138.684 -905.271 3015.95
287.031 -6.49919 2640.28
-30.7059 -199.285 2882.71
-35.104 -560.996 3008.29
81.4979 148.602 2824.65
-30.6868 -36.5034 2756.95
FRAME: 158
81.678 372.401 2687.73
91.4852 -14.202 2451.63
-133.031 -968.83 2736.43
283.385 138.315 2478.14
-112.378 -227.896 2694.96
-59.4016 -618.081 2703.45
-40.3091 120.584 2576.05
18.163 135.77 2699.43
164.632 -19.807 2828.36
-125.563 -913.081 3032.41
307.351 -17.0625 2651.01
-28.1039 -204.49 2875.3
-33.7468 -566.258 3005.2
76.635 150.955 2822.81
-26.0391 -40.2118 2742.28
FRAME: 159
94.0532 369.284 2667.75
96.647 -5.36795 2409
-101.083 -1007.65 2690.47
279.122 151.912 2448.65
-108.99 -232.526 2674.41
-44.4182 -630.391 2659.84
-31.9687 117.148 2543.66
27.9194 133.484 2671.32
174.344 -14.9059 2826.04
-127.149 -908.392 3015.23
365.258 -27.9623 2646.25
-28.8794 -208.305 2849.62
-34.0571 -562.637 3001.24
87.8075 149.82 2798.97
-20.5077 -43.4656 2716.67
FRAME: 160
105.025 365.198 2644.67
105.499 0.41578 2348.13
-88.6436 -964.781 2804.18
299.323 152.484 2402.6
-91.6574 -244.581 2640.09
-31.605 -634.727 2635.32
-16.3379 111.727 2515.79
34.4738 129.36 2645.87
173.471 -18.3679 2806.08
-84.4801 -919.974 2840.42
355.823 -39.8009 2640.06
-21.021 -214.64 2822.76
-33.5626 -569.941 2990.96
85.2854 146.992 2775.95
-10.9327 -50.1255 2688.65
FRAME: 161
122.575 360.31 2619.52
106.778 -1.62855 2304.51
-77.4313 -942.879 2820.77
291.298 154.857 2365.37
-82.4492 -247.365 2612.07
-22.3667 -635.232 2605.73
-6.66028 108.9 2487.27
38.007 128.64 2626.05
180.075 -26.3096 2778.44
-37.3416 -925.007 2674.18
388.503 -61.0899 2610
-20.8955 -216.506 2802.51
-34.5642 -575.244 2962.87
82.6742 148.38 2764.83
-6.83268 -51.6476 2666.67
FRAME: 162
137.477 353.123 2592.85
101.643 6.06326 2242.65
-67.8279 -915.65 2885.18
289.459 148.162 2278.04
-75.5578 -257.237 2580.74
-4.97955 -640.531 2574.51
2.99494 97.6692 2457.46
43.9952 116.916 2600.93
192.147 -40.3444 2749.33
-33.9077 -917.349 2659.17
410.099 -84.8653 2574.11
-20.0109 -227.581 2771.37
-35.9775 -579.73 2956.73
84.9954 136.163 2744.4
-1.89458 -62.7465 2638.49
FRAME: 163
178.782 318.09 2527.23
76.219 5.32631 2208.43
-85.0185 -904.841 2872.67
258.381 124.29 2160.09
-82.0536 -263.866 2539.38
-5.72388 -641.738 2532.98
11.4735 95.7717 2440.21
54.2287 107.538 2576.82
200.728 -78.9013 2673.7
-19.9842 -929.091 2634.52
426.99 -153.459 2478.59
-11.9556 -240.845 2750.95
-30.1074 -596.264 2940.47
96.9839 119.304 2713.43
3.61204 -72.4088 2610.99
FRAME: 164
186.67 304.313 2499.89
49.3918 -4.57285 2146.33
-124.649 -895.77 2863.27
225.82 98.6488 2059.57
-106.644 -275.561 2511.29
-31.1032 -651.007 2514.28
17.2216 71.7043 2412.53
79.5935 79.175 2528.41
204.246 -102.835 2639.26
2.12439 -952.923 2585.09
422.974 -185.17 2446.61
10.2563 -256.516 2731.43
-6.06251 -608.344 2901.11
141.965 86.6458 2644.29
15.6998 -93.4317 2574.88
FRAME: 165
197.715 280.036 2477.81
-30.0077 -24.2137 2137.84
-164.542 -866.108 2920.17
159.253 76.0342 2010.57
-113.786 -280.42 2503.73
-38.1539 -656.074 2501.51
5.84277 51.4316 2395.07
74.4069 60.0666 2498.78
212.866 -123.777 2610.65
18.7936 -971.454 2527.7
413.538 -226.177 2406.08
20.1742 -260.749 2710.35
-4.39261 -611.005 2898.93
142.971 68.7017 2602.48
13.8005 -105.259 2552.91
FRAME: 166
217.582 257.049 2436.06
-46.7491 -33.6125 2113.38
-187.519 -862.452 2907.06
86.308 64.9537 1956.09
-119.651 -295.655 2490.33
-44.1403 -664.566 2493.39
-8.19853 37.2974 2370.18
71.1585 44.5172 2475.33
230.031 -148.998 2564.58
8.97311 -985.641 2537.97
417.957 -256.71 2364.43
22.5765 -278.568 2683.93
1.5841 -629.663 2849.13
150.515 51.7369 2580.48
11.3107 -121.297 2531.23
FRAME: 167
232.129 233.352 2405.9
-67.8757 -35.0011 2116.71
-232.24 -842.199 2892.34
24.0934 29.6802 1892.2
-131.751 -301.105 2480.52
-56.9066 -672.43 2486.58
-10.2206 25.5989 2350.61
73.6861 33.2255 2455.66
230.126 -158.009 2535.89
21.6756 -978.319 2516.1
409.119 -285.012 2323.76
25.5182 -283.844 2679.51
4.87097 -629.943 2858.84
157.593 40.8522 2560.71
10.2848 -129.624 2517.84
FRAME: 168
243.85 219.581 2382.58
-102.807 -34.2407 2153.55
-204.796 -874.852 2845.15
-66.9472 18.4448 1904.79
-130.321 -298.495 2477.58
-53.9952 -672.865 2478.78
-4.56959 23.6973 2337.06
82.7516 25.149 2437.36
236.472 -170.255 2504.58
-8.42197 -963.951 2560.3
408.48 -313.481 2288.7
18.6216 -291.72 2649.06
0.770701 -639.801 2817.19
170.073 26.6007 2537.67
13.4508 -134.979 2500.34
FRAME: 169
256.643 200.159 2348.21
-142.142 -23.515 2191.9
-199 -876.395 2857.93
-188.699 -6.53934 1938.23
-138.279 -296.105 2472.52
-57.2622 -675.884 2475.08
-1.65746 22.3353 2312.43
93.9701 18.3172 2404.25
241.763 -176.791 2458.26
-17.2436 -964.104 2576.2
378.644 -356.877 2234.74
16.1486 -296.719 2626.47
-3.0106 -643.076 2789.86
189.598 14.299 2496.07
16.4524 -139.047 2476.87
FRAME: 170
264.16 190.303 2329.65
-164.303 -24.5297 2216.76
-183.977 -881.531 2858.31
-261.79 -17.3932 1979.8
-139.528 -289.803 2468.41
-52.4744 -674.279 2471.01
-0.694763 22.6329 2301.51
99.7954 10.9862 2383.4
252.444 -185.146 2428.07
-12.0499 -971.146 2549.08
379.261 -363.383 2207.65
11.6942 -300.82 2600.22
-11.0493 -645.924 2772.15
200.286 -0.66044 2465.29
17.9393 -142.163 2458.86
FRAME: 171
267.355 184.532 2309.91
-182.674 -26.9606 2240.21
-163.257 -892.906 2823.09
-303.008 -25.6787 2027.93
-135.491 -284.608 2462.04
-43.4189 -661.823 2460.65
-1.89126 33.5738 2295.77
101.971 12.1861 2364.95
257.524 -196.697 2416.97
-28.0403 -958.087 2559.88
375.463 -379.869 2195.55
2.97887 -306.541 2562.88
-23.444 -640.679 2774.71
205.833 -9.20169 2434.13
17.8574 -141.694 2438.71
FRAME: 172
270.181 182.961 2295.8
-191.385 -28.3581 2254.74
-145.994 -887.465 2812.5
-335.107 -35.8441 2065.72
-129.324 -276.9 2454.87
-37.2198 -659.458 2459.3
1.33611 36.5929 2291.53
107.697 8.96386 2353.1
259.563 -206.365 2397.77
-39.9127 -951.7 2573.45
370.289 -377.546 2176.49
8.01573 -307.995 2540.14
-26.5391 -646.951 2751.59
214.058 -18.6652 2414.66
23.5215 -141.742 2425.3
FRAME: 173
270.972 187.982 2279.44
-187.749 -29.7802 2280.98
-138.427 -885.72 2805.76
-351.792 -58.2976 2096.09
-123.619 -276.015 2456.26
-31.439 -661.088 2460.47
13.4626 34.8718 2283.08
116.785 6.06924 2342.85
262.456 -208.731 2385.07
-56.6906 -941.838 2610.8
387.329 -374.709 2171.24
3.26193 -306.383 2535.76
-26.5345 -647.796 2735.94
220.107 -22.7334 2402.62
28.3034 -142.565 2419.43
FRAME: 174
271.747 189.273 2275.57
-190.768 -34.0666 2290.79
-105.095 -927.527 2738.82
-342.859 -69.5293 2115.17
-124.83 -270.67 2457.57
-35.0877 -659.086 2463.49
10.4245 38.7118 2279.71
115.073 9.03733 2335.4
260.906 -208.194 2392.43
-67.8892 -923.42 2649.54
382.531 -372.253 2178.48
8.83372 -305.055 2533.38
-19.356 -647.518 2705.29
219.722 -20.6371 2391.08
28.5376 -139.413 2415.44
FRAME: 175
271.048 196.512 2270.31
-197.647 -38.7001 2293.89
-82.3414 -958.344 2668.68
-369.287 -107.175 2124.19
-118.414 -268.514 2459.54
-35.2319 -658.728 2464.22
10.8225 40.482 2276.85
116.731 11.5464 2331.7
259.547 -205.843 2397.9
-58.3376 -932.453 2680.35
395.536 -360.117 2193.29
14.4514 -301.987 2531.87
-11.0714 -647.257 2713.49
222.639 -17.3892 2386.55
32.3749 -136.852 2413.7
FRAME: 176
262.18 216.054 2273.46
-198.865 -42.391 2297.55
-72.452 -956.994 2645.99
-356.146 -166.304 2159.23
-113.533 -268.65 2457.8
-32.7305 -658.399 2464.11
10.0163 43.9184 2277.1
116.538 16.5682 2331.27
258.291 -205.362 2404.11
-38.0051 -933.196 2637.34
429.35 -335.96 2246.47
22.1151 -301.38 2529.58
-7.25483 -638.202 2743.87
223.059 -10.782 2385.44
35.4144 -134.223 2412.48
FRAME: 177
252.773 230.614 2278.09
-195.673 -46.082 2305.04
-73.5149 -951.667 2665.21
-337.64 -203.772 2191.8
-104.539 -269.273 2460.2
-30.7301 -658.279 2467.22
8.42716 46.37 2279.96
116.159 21.9189 2335.04
261.159 -192.104 2424.33
-36.2989 -932.705 2674.5
427.682 -312.481 2273.56
30.6539 -298.64 2531.32
6.23341 -635.327 2736.27
223.89 -2.53224 2390.12
39.6081 -131.019 2415.4
FRAME: 178
248.053 241.042 2284.13
-183.108 -48.6784 2322.4
-62.6652 -975.266 2616.32
-308.769 -239.722 2219.43
-96.7018 -273.019 2462.45
-27.4592 -660.269 2469.65
9.46336 51.9758 2283.4
117.853 30.9889 2343.39
268.157 -178.771 2456.9
-26.6597 -938.57 2717.94
417.197 -293.874 2319.29
34.5536 -297.378 2536.81
27.2202 -630.205 2748.58
226.242 10.0019 2403.38
43.3894 -127.105 2421.51
FRAME: 179
238.021 261.059 2299.9
-174.008 -54.8979 2342.84
-46.6504 -986.678 2573.03
-284.625 -272.632 2245.31
-87.5133 -269.043 2463.81
-18.4823 -652.766 2474.41
3.81515 65.8162 2296.02
115.747 46.5751 2359.14
270.154 -166.78 2477.67
-17.9121 -927.762 2841.61
418.316 -273.254 2358.69
44.5732 -291.05 2539.13
51.3285 -620.537 2728.65
227.68 27.3339 2422.27
47.1386 -116.736 2430.31
FRAME: 180
226.937 272.892 2313.19
-164.516 -59.3276 2364.92
-39.629 -987.312 2569.3
-238.054 -296.684 2289.26
-77.1039 -265.624 2468.7
-10.3435 -650.75 2475.11
-2.99899 80.6196 2310.62
111.493 64.0184 2376.97
259.391 -146.734 2520.85
-13.361 -932.252 2848
413.915 -269.839 2400.07
51.1448 -283.618 2543.23
57.922 -617.868 2735.16
225.986 47.4172 2443.31
49.2569 -105.301 2441.47
FRAME: 181
214.688 285.614 2328.76
-156.408 -75.9856 2395.44
-34.3191 -986.133 2553.65
-195.578 -314.157 2317.58
-66.9728 -256.889 2473.67
-3.05489 -645.244 2476.23
-14.5086 85.0269 2332.6
104.246 69.2292 2393.6
261.7 -140.828 2537.34
-17.904 -931.502 2857.52
432.829 -275.977 2410.08
67.3718 -274.48 2542.27
65.478 -616.34 2721.77
223 53.4316 2454.6
52.2226 -98.2276 2450.78
FRAME: 182
204.858 293.911 2344.42
-147.544 -82.8518 2410.13
-28.7363 -999.313 2559.38
-162.94 -339.629 2364.75
-56.6341 -258.218 2481.8
-0.751766 -647.216 2480.25
-18.174 86.1361 2348.56
101.321 72.3138 2411.91
263.102 -131.168 2564.27
-14.4515 -936.395 2864.22
402.124 -269.22 2423.46
70.2602 -272.499 2548.8
66.3471 -615.424 2734.37
220.815 58.4914 2475.27
54.0668 -96.5225 2463.61
FRAME: 183
188.456 301.411 2370.94
-128.778 -95.4163 2438.97
-23.5528 -1000.14 2562.8
-102.724 -343.398 2382.55
-42.2862 -259.857 2503.17
8.79048 -646.4 2498.16
-19.3646 89.285 2386.3
100.625 75.4033 2442.82
259.845 -130.397 2605.02
-14.6986 -943.421 2862.56
350.397 -264.663 2513.47
79.5564 -273.615 2560.4
64.6324 -621.507 2753.49
220.614 61.5217 2499.35
59.6299 -95.6661 2487.31
FRAME: 184
172.388 305.713 2393.39
-115.484 -109.779 2473.66
-20.5101 -996.242 2573.31
-55.1359 -341.837 2414.55
-31.5486 -267.123 2531.48
11.8791 -643.396 2518.87
-18.6948 83.9329 2412.7
100.558 72.6125 2467.92
253.02 -128.699 2643.19
-19.3501 -946.823 2885.9
328.784 -271.499 2540.02
83.3994 -277.466 2584.84
67.2816 -622.596 2789.08
219.811 61.2921 2523.13
63.2418 -99.8412 2513.04
FRAME: 185
163.92 305.611 2403.48
-109.005 -121.41 2484.1
-24.3472 -996.958 2586.26
-29.6677 -330.197 2432.87
-31.9278 -271.192 2544.55
9.49298 -647.655 2541.84
-20.6126 82.7614 2424.26
99.369 75.0817 2481.44
245.872 -126.682 2680.13
-14.9377 -952.413 2872.52
322.986 -264.974 2556.56
95.5997 -278.464 2606.42
71.5086 -624.627 2805.93
219.351 67.4021 2538.62
65.6024 -99.8732 2528.46
FRAME: 186
155.401 310.721 2413.04
-103.763 -127.856 2494.47
-24.9864 -1005.85 2607.03
-22.8942 -327.774 2454.43
-29.8706 -269.433 2559.39
6.9912 -648.936 2555.33
-23.5212 84.0567 2441.91
96.2418 78.4294 2498.31
240.316 -118.303 2694.88
-15.2917 -948.43 2893.8
332.696 -265.985 2576.73
102.19 -275.069 2622.12
76.8827 -624.5 2815.89
216.005 72.8022 2554.71
66.2008 -96.9107 2544.53
FRAME: 187
146.589 314.491 2423.99
-101.013 -128.036 2507.26
-34.5931 -1000.5 2637.58
-52.8897 -334.378 2479.68
-28.0835 -265.441 2567.97
2.52089 -648.875 2567.03
-29.2216 89.1015 2453.42
90.1429 86.2616 2509.98
231.175 -111.871 2694.46
-24.6611 -945.662 2870.91
338.317 -250.382 2585.58
106.457 -268.287 2632.21
73.7243 -618.67 2816.97
209.507 83.4218 2566.55
64.6647 -90.3012 2555.04
FRAME: 188
140.134 323.002 2431.61
-102.414 -113.02 2519.44
-41.6451 -994.356 2672.21
-71.4356 -333.734 2512.13
-33.4912 -261.734 2579.15
1.77428 -646.228 2573.79
-34.8272 97.0925 2462.28
84.8594 95.6984 2519.21
218.152 -105.455 2705.99
-29.7941 -947.864 2866.26
323.047 -244.619 2605.49
106.239 -263.208 2645.81
73.9889 -615.399 2826.77
204.546 94.3044 2576.13
60.6165 -83.3864 2565.84
FRAME: 189
127.593 339.593 2445.38
-104.084 -104.079 2527.68
-55.1745 -973.305 2715.55
-84.2377 -338.043 2519.4
-36.1524 -257.034 2584.62
-3.58989 -635.654 2590.54
-41.8393 107.25 2471.37
78.4611 106.654 2528.8
208.9 -97.402 2711.36
-25.7599 -938.663 2905.2
291.349 -242.033 2622
104.051 -257.668 2651.62
74.7088 -614.524 2828.23
198.762 106.058 2586.24
56.2052 -75.3485 2573.46
FRAME: 190
116.67 354.813 2456.67
-108.509 -100.804 2535.08
-63.1923 -957.951 2747.36
-67.8708 -314.657 2524.13
-37.3318 -254.399 2589.35
-8.63042 -627.009 2604.35
-47.8256 118.792 2482.93
71.3495 118.661 2535.2
193.311 -85.9532 2712.91
-25.1304 -925.967 2917.73
209.439 -241.711 2625.13
104.215 -254.515 2651.48
79.7795 -608.273 2829.29
190.525 118.529 2587.46
52.3956 -67.8982 2577.8
FRAME: 191
105.93 354.518 2474.22
-106.99 -100.461 2531.26
-68.0113 -942.902 2775.69
-38.108 -272.816 2517.88
-39.7019 -249.348 2594.52
-20.1371 -623.789 2614.44
-51.595 120.523 2488
67.9282 120.544 2538.21
194.176 -92.1388 2703.63
-22.3665 -925.014 2914.1
160.374 -207.867 2552.89
103.514 -249.319 2654.71
84.9327 -605.878 2808.11
187.451 120.565 2588.41
49.9171 -64.3948 2581.41
FRAME: 192
99.4844 356.011 2480.44
-108.327 -101.606 2530.99
-67.209 -936.922 2787.69
-7.46692 -211.177 2507.48
-41.9338 -251.848 2598.41
-28.1653 -623.677 2627.09
-55.8548 121.782 2493.29
61.7774 122.735 2542.02
188.289 -96.6619 2697.35
-30.9741 -920.102 2900.56
176.889 -192.823 2536.23
101.092 -250.696 2657.58
84.5161 -612.451 2794.1
179.41 123.687 2590.74
45.6782 -64.2687 2585.01
FRAME: 193
90.9916 356.756 2487.54
-112.156 -105.108 2530.13
-63.8223 -934.961 2799.16
1.30711 -193.191 2493.73
-46.2731 -249.994 2598.71
-37.6373 -631.219 2641.15
-61.3972 123.869 2497.47
57.9497 124.494 2545.36
185.715 -97.5795 2693.21
-32.8376 -926.453 2907.83
152.047 -175.602 2480.66
100.327 -249.222 2657.51
83.2534 -613.124 2796.72
177.297 125.119 2593.24
42.4882 -62.5569 2586.74
FRAME: 194
84.7597 356.101 2489.54
-118.3 -103.611 2534.67
-65.6101 -945.075 2814.83
15.4124 -201.241 2484.23
-49.2401 -254.36 2601.25
-57.5645 -648.774 2663.5
-67.503 122.358 2503.79
51.5378 123.96 2550.65
159.865 -93.0901 2684.18
-38.207 -932.372 2909.43
137.826 -202.269 2459.48
99.8184 -252.37 2659.83
84.3888 -619.11 2784.01
170.579 125.561 2597.5
38.4135 -64.7029 2590.59
FRAME: 195
79.4883 354.982 2492.23
-126.661 -92.6475 2526.42
-61.8808 -950.701 2808.89
27.5773 -194.172 2482.77
-54.8938 -256.126 2599.2
-51.2836 -649.234 2650.87
-76.6655 126.821 2514.15
35.8642 130.575 2565.73
96.1673 -59.8483 2704.43
-49.1487 -949.875 2912.29
159.898 -213.36 2480.44
93.9268 -251.161 2666.98
80.9783 -622.665 2795.89
148.394 134.33 2617.3
27.6903 -61.5339 2599.41
FRAME: 196
67.1774 354.018 2496.89
-120.411 -85.6927 2532.81
-59.4946 -955.674 2806.82
39.101 -159.943 2473.34
-54.6923 -256.92 2595.78
-51.0364 -653.744 2649.41
-78.3898 121.319 2516.72
27.4829 126.992 2577.03
104.957 -47.4779 2704.68
-51.4489 -945.572 2916.08
177.19 -187.543 2533.5
86.293 -249.38 2675.78
83.6011 -626.142 2781.69
133.356 132.664 2637.34
21.6416 -63.0791 2606.4
FRAME: 197
57.3337 345.32 2498.73
-107.968 -89.7354 2503.57
-59.9682 -959.218 2806.61
30.739 -142.629 2491.97
-55.4729 -254.871 2591.78
-51.6477 -650.538 2648.06
-87.1069 111.977 2514.9
16.0984 119.85 2583.46
126.74 -22.3148 2676.88
-46.956 -929.523 2918.66
204.109 -192.79 2580.76
78.5221 -244.616 2680.59
94.1604 -623.964 2765.78
119.304 127.723 2652.03
13.8115 -64.9469 2609.82
FRAME: 198
54.1384 349.269 2500.42
-53.6294 -90.7234 2466.07
-62.3199 -963.507 2806.16
64.6869 -159.307 2538.67
-57.6365 -254.819 2598.57
-54.5728 -650.819 2654.95
-86.8952 111.485 2520.64
16.7563 117.905 2584.32
176.524 -38.7171 2664.23
-28.3519 -919.853 2940.25
197.12 -261.343 2569.84
73.1094 -246.695 2678.4
97.4445 -630.374 2761.5
120.408 124.325 2648.01
12.2464 -66.4258 2611.4
FRAME: 199
48.7959 348.59 2501.22
-55.7964 -86.5499 2452.66
-68.2454 -962.393 2816.38
41.0023 -160.085 2535.54
-62.4928 -252.877 2606.3
-63.2475 -642.466 2669.73
-87.2494 108.707 2525.01
19.4338 113.823 2576.96
188.099 -32.0823 2652.02
-5.08322 -917.165 2951.39
168.474 -246.102 2562.38
75.8171 -246.23 2673.58
102.294 -626.638 2755.86
126.117 118.94 2628.9
13.048 -67.8652 2608.45
FRAME: 200
41.3893 351.199 2498.47
-92.4365 -66.6643 2463.35
-74.2082 -957.833 2827.41
28.4844 -164.867 2493.37
-63.8168 -244.535 2618.05
-71.1593 -633.12 2689.07
-90.5474 118.284 2527.75
18.034 122.843 2566.79
181.05 -59.3261 2647.66
7.62154 -909.537 2945.3
144.162 -255.165 2563.37
75.038 -238.568 2667.45
101.168 -621.281 2747.05
126.615 127.403 2605.83
11.8223 -59.354 2604.77
FRAME: 201
38.734 353.645 2497
-122.637 -55.5806 2455.41
-73.612 -956.06 2834.71
-21.4523 -118.872 2407.47
-67.3303 -243.906 2627
-74.0263 -625.605 2694.98
-96.9352 123.446 2538.94
16.6424 126.798 2568.02
182.576 -71.7413 2654.14
27.9813 -908.188 2949.02
111.318 -254.112 2535.77
81.7662 -239.481 2665.09
103.205 -613.663 2744.3
130.22 130.15 2597.11
11.9301 -57.4476 2607.04
FRAME: 202
34.4602 354.451 2495.58
-115.456 -70.1096 2498.64
-74.1092 -953.41 2840.15
-16.0605 -152.761 2414.87
-67.6991 -237.754 2638.16
-78.2483 -617.339 2706.28
-102.879 129.173 2550.48
19.6959 130.723 2572.37
185.688 -79.4965 2659.48
52.6121 -909.817 2937.32
86.21 -225.933 2522.18
86.936 -235.809 2665.79
102.99 -604.113 2748.87
142.27 132.273 2594.26
14.6572 -53.0292 2612.17
FRAME: 203
33.4543 355.054 2500.12
-95.291 -80.1916 2544.51
-73.8869 -952.461 2842.34
-14.8516 -141.79 2448.68
-66.2311 -232.396 2647.1
-80.1385 -609.424 2712.58
-89.1622 129.508 2560.03
29.1201 128.449 2577.47
178.621 -99.7939 2648.05
71.1146 -922.491 2922.3
50.6632 -182.154 2512.78
92.8089 -233.904 2670.95
103.739 -605.725 2748.46
147.402 127.39 2594.91
21.2045 -52.3507 2618.25
FRAME: 204
31.5707 354.829 2503.13
-97.0354 -74.7136 2567.89
-76.0301 -937.086 2849.75
-34.5792 -172.738 2454.79
-64.8541 -215.902 2662.65
-81.8763 -592.658 2719.59
-82.4903 138.561 2571.69
38.8898 135.108 2583.79
179.684 -93.6766 2649.78
76.3785 -924.093 2915
57.5974 -179.963 2527.42
103.381 -220.923 2679.69
104.642 -600.593 2747.64
160.27 131.655 2595.88
29.0767 -41.6522 2627.48
FRAME: 205
32.1379 353.893 2504.64
-94.8851 -80.3039 2579.44
-75.8942 -937.34 2856
-41.6735 -165.713 2431
-62.4157 -214.879 2675.69
-80.713 -591.518 2729.75
-81.256 139.59 2584.3
42.9705 133.975 2590.67
186.527 -95.6718 2653.61
77.0648 -921.985 2915.29
46.5986 -166.831 2504.26
106.186 -222.641 2684.36
103.276 -592.785 2759.61
167.197 128.359 2597.04
32.4279 -42.3925 2635.35
FRAME: 206
31.8166 354.76 2505.2
-99.009 -88.0019 2600.21
-73.4007 -936.91 2860.13
-2.58674 -204.25 2455.04
-59.5185 -214.662 2687.86
-78.4251 -589.869 2747.08
-86.1838 139.903 2598.22
43.6193 132.939 2598.68
215.227 -100.356 2663.91
76.564 -918.981 2926.3
41.2612 -177.324 2519.42
107.811 -223.651 2688.45
104.94 -594.029 2770.89
173.422 125.976 2599.13
33.8827 -43.1085 2643.41
FRAME: 207
31.7004 356.537 2506.05
-138.327 -48.6584 2632.39
-71.4794 -935.415 2864.68
-200.388 -4.99048 2301.16
-57.9604 -212.555 2699.78
-76.3224 -590.52 2750.58
-79.8962 144.195 2610.34
51.3267 133.097 2604.93
229.538 -102.82 2668.63
77.1068 -923.856 2942.85
47.7193 -154.161 2521.89
108.2 -226.627 2693
105.484 -598.992 2786.56
182.55 121.998 2599.52
38.2232 -43.2472 2650.66
FRAME: 208
30.449 356.55 2509.29
-126.867 -54.254 2685.05
-71.7762 -930.603 2866.51
-102.388 -83.5806 2445.7
-55.5289 -210.786 2707.45
-73.3712 -588.956 2757.39
-81.4154 146.684 2614.4
51.858 136.411 2608.15
241.393 -96.2892 2666.9
82.8599 -926.465 2952.07
23.1558 -184.14 2525.29
112.525 -223.772 2699.7
106.516 -598.554 2800.02
185.131 126.137 2601.9
40.178 -40.4341 2655.86
FRAME: 209
32.9966 359.666 2515.23
-91.2162 -43.2063 2706.84
-69.2633 -931.787 2872.29
46.6432 -97.9953 2523.95
-45.584 -210.02 2721.48
-68.4125 -590.447 2764.33
-79.8416 148.233 2626.14
54.6176 138.835 2614.42
274.364 -65.2709 2666.99
86.4401 -926.502 2952.43
129.411 -189.869 2526.02
121.502 -221.524 2707.24
108.88 -597.968 2816.01
189.077 129.437 2602.71
46.2883 -38.4684 2664.39
FRAME: 210
34.3023 361.314 2518.07
-90.6274 -41.1195 2709.93
-70.7218 -926.191 2877.35
61.1493 -129.217 2525.16
-34.92 -202.015 2735.02
-63.4301 -581.776 2767.27
-80.9154 150.327 2632.31
55.0577 143.81 2620.06
285.06 -58.3733 2659.04
89.7583 -920.084 2951.04
164.937 -182.031 2499.1
129.801 -209.753 2720.41
113.318 -591.318 2822.84
191.031 137.293 2607.8
51.2491 -31.0373 2673.88
FRAME: 211
38.5847 363.2 2523.84
-83.8673 -37.5735 2714.68
-70.749 -927.122 2881.19
75.4984 -134.354 2521.82
-25.8601 -208.412 2745.89
-63.1179 -586.368 2770.06
-77.0659 151.275 2641.69
59.3246 145.913 2628.84
298.416 -50.0122 2651.07
89.417 -924.79 2951.83
202.004 -126.357 2421.93
136.275 -214.712 2730.63
115.775 -595.409 2829.47
195.715 140.552 2615.99
57.2659 -32.8245 2683.55
FRAME: 212
41.5652 365.303 2529.92
-83.2177 -44.4675 2737.04
-70.2155 -922.552 2883.24
85.4515 -150.64 2523.27
-24.1098 -207.883 2750.58
-61.9181 -582.335 2771.79
-77.97 148.906 2651.77
60.4398 143.989 2639.07
306.733 -46.4276 2641.75
90.0141 -925.956 2951.15
223.24 -58.5515 2395.5
138.55 -213.55 2735.73
117.804 -594.993 2827.23
198.85 139.073 2626.38
58.83 -33.3637 2691.11
FRAME: 213
46.7448 367.935 2536.79
-87.2664 -41.6275 2767.05
-71.4037 -905.007 2891.12
90.9997 -146.079 2547.39
-28.8465 -212.014 2747.62
-62.6648 -577.731 2769.77
-78.4188 153.403 2657.42
62.944 147.87 2648.8
318.041 -18.0244 2633.51
90.0382 -931.338 2952.3
222.215 -12.5105 2390.41
138.101 -218.515 2737.52
120.476 -601.496 2829.22
204.307 142.337 2640.17
58.7855 -33.6972 2695.68
FRAME: 214
47.4026 368.374 2541.53
-95.8387 -54.1126 2736.01
-76.8098 -908.895 2905.9
-4.27055 -158.399 2510.57
-27.9941 -203.315 2748.02
-60.9414 -576.875 2779.78
-79.519 155.432 2657.94
62.0314 150.595 2650.43
317.975 -9.72189 2641.19
92.8581 -931.462 2952.37
211.055 26.889 2408.11
137.093 -208.838 2739.38
119.263 -594.029 2829.92
203.582 145.759 2642.92
58.2904 -27.7406 2697.06
FRAME: 215
50.0709 368.649 2549.97
-102.167 -44.2982 2732.39
-78.9375 -901.273 2919.47
-110.229 -162.686 2521.73
-29.5436 -194.348 2749.28
-61.5961 -572.123 2782.44
-77.5676 161.997 2662.38
64.2111 155.866 2654.97
357.509 77.4447 2575.73
94.7247 -939.372 2952.87
243.469 228.205 2414.18
135.884 -201.447 2740.69
119.763 -596.994 2832.1
205.99 149.735 2647.56
58.6907 -21.0158 2699.98

