FRAME: 0
0 0 0
0 0 0
0 0 0
0 0 0
0 0 0
0 0 0
0 0 0
0 0 0
0 0 0
0 0 0
0 0 0
0 0 0
0 0 0
0 0 0
0 0 0
FRAME: 1
0 0 0
0 0 0
0 0 0
0 0 0
0 0 0
0 0 0
0 0 0
0 0 0
0 0 0
0 0 0
0 0 0
0 0 0
0 0 0
0 0 0
0 0 0
FRAME: 2
0 0 0
0 0 0
0 0 0
0 0 0
0 0 0
0 0 0
0 0 0
0 0 0
0 0 0
0 0 0
0 0 0
0 0 0
0 0 0
0 0 0
0 0 0
FRAME: 3
0 0 0
0 0 0
0 0 0
0 0 0
0 0 0
0 0 0
0 0 0
0 0 0
0 0 0
0 0 0
0 0 0
0 0 0
0 0 0
0 0 0
0 0 0
FRAME: 4
0 0 0
0 0 0
0 0 0
0 0 0
0 0 0
0 0 0
0 0 0
0 0 0
0 0 0
0 0 0
0 0 0
0 0 0
0 0 0
0 0 0
0 0 0
FRAME: 5
0 0 0
0 0 0
0 0 0
0 0 0
0 0 0
0 0 0
0 0 0
0 0 0
0 0 0
0 0 0
0 0 0
0 0 0
0 0 0
0 0 0
0 0 0
FRAME: 6
0 0 0
0 0 0
0 0 0
0 0 0
0 0 0
0 0 0
0 0 0
0 0 0
0 0 0
0 0 0
0 0 0
0 0 0
0 0 0
0 0 0
0 0 0
FRAME: 7
0 0 0
0 0 0
0 0 0
0 0 0
0 0 0
0 0 0
0 0 0
0 0 0
0 0 0
0 0 0
0 0 0
0 0 0
0 0 0
0 0 0
0 0 0
FRAME: 8
0 0 0
0 0 0
0 0 0
0 0 0
0 0 0
0 0 0
0 0 0
0 0 0
0 0 0
0 0 0
0 0 0
0 0 0
0 0 0
0 0 0
0 0 0
FRAME: 9
0 0 0
0 0 0
0 0 0
0 0 0
0 0 0
0 0 0
0 0 0
0 0 0
0 0 0
0 0 0
0 0 0
0 0 0
0 0 0
0 0 0
0 0 0
FRAME: 10
0 0 0
0 0 0
0 0 0
0 0 0
0 0 0
0 0 0
0 0 0
0 0 0
0 0 0
0 0 0
0 0 0
0 0 0
0 0 0
0 0 0
0 0 0
FRAME: 11
0 0 0
0 0 0
0 0 0
0 0 0
0 0 0
0 0 0
0 0 0
0 0 0
0 0 0
0 0 0
0 0 0
0 0 0
0 0 0
0 0 0
0 0 0
FRAME: 12
0 0 0
0 0 0
0 0 0
0 0 0
0 0 0
0 0 0
0 0 0
0 0 0
0 0 0
0 0 0
0 0 0
0 0 0
0 0 0
0 0 0
0 0 0
FRAME: 13
0 0 0
0 0 0
0 0 0
0 0 0
0 0 0
0 0 0
0 0 0
0 0 0
0 0 0
0 0 0
0 0 0
0 0 0
0 0 0
0 0 0
0 0 0
FRAME: 14
0 0 0
0 0 0
0 0 0
0 0 0
0 0 0
0 0 0
0 0 0
0 0 0
0 0 0
0 0 0
0 0 0
0 0 0
0 0 0
0 0 0
0 0 0
FRAME: 15
0 0 0
0 0 0
0 0 0
0 0 0
0 0 0
0 0 0
0 0 0
0 0 0
0 0 0
0 0 0
0 0 0
0 0 0
0 0 0
0 0 0
0 0 0
FRAME: 16
0 0 0
0 0 0
0 0 0
0 0 0
0 0 0
0 0 0
0 0 0
0 0 0
0 0 0
0 0 0
0 0 0
0 0 0
0 0 0
0 0 0
0 0 0
FRAME: 17
0 0 0
0 0 0
0 0 0
0 0 0
0 0 0
0 0 0
0 0 0
0 0 0
0 0 0
0 0 0
0 0 0
0 0 0
0 0 0
0 0 0
0 0 0
FRAME: 18
0 0 0
0 0 0
0 0 0
0 0 0
0 0 0
0 0 0
0 0 0
0 0 0
0 0 0
0 0 0
0 0 0
0 0 0
0 0 0
0 0 0
0 0 0
FRAME: 19
0 0 0
0 0 0
0 0 0
0 0 0
0 0 0
0 0 0
0 0 0
0 0 0
0 0 0
0 0 0
0 0 0
0 0 0
0 0 0
0 0 0
0 0 0
FRAME: 20
0 0 0
0 0 0
0 0 0
0 0 0
0 0 0
0 0 0
0 0 0
0 0 0
0 0 0
0 0 0
0 0 0
0 0 0
0 0 0
0 0 0
0 0 0
FRAME: 21
0 0 0
0 0 0
0 0 0
0 0 0
0 0 0
0 0 0
0 0 0
0 0 0
0 0 0
0 0 0
0 0 0
0 0 0
0 0 0
0 0 0
0 0 0
FRAME: 22
0 0 0
0 0 0
0 0 0
0 0 0
0 0 0
0 0 0
0 0 0
0 0 0
0 0 0
0 0 0
0 0 0
0 0 0
0 0 0
0 0 0
0 0 0
FRAME: 23
0 0 0
0 0 0
0 0 0
0 0 0
0 0 0
0 0 0
0 0 0
0 0 0
0 0 0
0 0 0
0 0 0
0 0 0
0 0 0
0 0 0
0 0 0
FRAME: 24
0 0 0
0 0 0
0 0 0
0 0 0
0 0 0
0 0 0
0 0 0
0 0 0
0 0 0
0 0 0
0 0 0
0 0 0
0 0 0
0 0 0
0 0 0
FRAME: 25
0 0 0
0 0 0
0 0 0
0 0 0
0 0 0
0 0 0
0 0 0
0 0 0
0 0 0
0 0 0
0 0 0
0 0 0
0 0 0
0 0 0
0 0 0
FRAME: 26
0 0 0
0 0 0
0 0 0
0 0 0
0 0 0
0 0 0
0 0 0
0 0 0
0 0 0
0 0 0
0 0 0
0 0 0
0 0 0
0 0 0
0 0 0
FRAME: 27
0 0 0
0 0 0
0 0 0
0 0 0
0 0 0
0 0 0
0 0 0
0 0 0
0 0 0
0 0 0
0 0 0
0 0 0
0 0 0
0 0 0
0 0 0
FRAME: 28
0 0 0
0 0 0
0 0 0
0 0 0
0 0 0
0 0 0
0 0 0
0 0 0
0 0 0
0 0 0
0 0 0
0 0 0
0 0 0
0 0 0
0 0 0
FRAME: 29
0 0 0
0 0 0
0 0 0
0 0 0
0 0 0
0 0 0
0 0 0
0 0 0
0 0 0
0 0 0
0 0 0
0 0 0
0 0 0
0 0 0
0 0 0
FRAME: 30
0 0 0
0 0 0
0 0 0
0 0 0
0 0 0
0 0 0
0 0 0
0 0 0
0 0 0
0 0 0
0 0 0
0 0 0
0 0 0
0 0 0
0 0 0
FRAME: 31
0 0 0
0 0 0
0 0 0
0 0 0
0 0 0
0 0 0
0 0 0
0 0 0
0 0 0
0 0 0
0 0 0
0 0 0
0 0 0
0 0 0
0 0 0
FRAME: 32
0 0 0
0 0 0
0 0 0
0 0 0
0 0 0
0 0 0
0 0 0
0 0 0
0 0 0
0 0 0
0 0 0
0 0 0
0 0 0
0 0 0
0 0 0
FRAME: 33
0 0 0
0 0 0
0 0 0
0 0 0
0 0 0
0 0 0
0 0 0
0 0 0
0 0 0
0 0 0
0 0 0
0 0 0
0 0 0
0 0 0
0 0 0
FRAME: 34
0 0 0
0 0 0
0 0 0
0 0 0
0 0 0
0 0 0
0 0 0
0 0 0
0 0 0
0 0 0
0 0 0
0 0 0
0 0 0
0 0 0
0 0 0
FRAME: 35
0 0 0
0 0 0
0 0 0
0 0 0
0 0 0
0 0 0
0 0 0
0 0 0
0 0 0
0 0 0
0 0 0
0 0 0
0 0 0
0 0 0
0 0 0
FRAME: 36
0 0 0
0 0 0
0 0 0
0 0 0
0 0 0
0 0 0
0 0 0
0 0 0
0 0 0
0 0 0
0 0 0
0 0 0
0 0 0
0 0 0
0 0 0
FRAME: 37
0 0 0
0 0 0
0 0 0
0 0 0
0 0 0
0 0 0
0 0 0
0 0 0
0 0 0
0 0 0
0 0 0
0 0 0
0 0 0
0 0 0
0 0 0
FRAME: 38
0 0 0
0 0 0
0 0 0
0 0 0
0 0 0
0 0 0
0 0 0
0 0 0
0 0 0
0 0 0
0 0 0
0 0 0
0 0 0
0 0 0
0 0 0
FRAME: 39
0 0 0
0 0 0
0 0 0
0 0 0
0 0 0
0 0 0
0 0 0
0 0 0
0 0 0
0 0 0
0 0 0
0 0 0
0 0 0
0 0 0
0 0 0
FRAME: 40
0 0 0
0 0 0
0 0 0
0 0 0
0 0 0
0 0 0
0 0 0
0 0 0
0 0 0
0 0 0
0 0 0
0 0 0
0 0 0
0 0 0
0 0 0
FRAME: 41
0 0 0
0 0 0
0 0 0
0 0 0
0 0 0
0 0 0
0 0 0
0 0 0
0 0 0
0 0 0
0 0 0
0 0 0
0 0 0
0 0 0
0 0 0
FRAME: 42
0 0 0
0 0 0
0 0 0
0 0 0
0 0 0
0 0 0
0 0 0
0 0 0
0 0 0
0 0 0
0 0 0
0 0 0
0 0 0
0 0 0
0 0 0
FRAME: 43
0 0 0
0 0 0
0 0 0
0 0 0
0 0 0
0 0 0
0 0 0
0 0 0
0 0 0
0 0 0
0 0 0
0 0 0
0 0 0
0 0 0
0 0 0
FRAME: 44
0 0 0
0 0 0
0 0 0
0 0 0
0 0 0
0 0 0
0 0 0
0 0 0
0 0 0
0 0 0
0 0 0
0 0 0
0 0 0
0 0 0
0 0 0
FRAME: 45
0 0 0
0 0 0
0 0 0
0 0 0
0 0 0
0 0 0
0 0 0
0 0 0
0 0 0
0 0 0
0 0 0
0 0 0
0 0 0
0 0 0
0 0 0
FRAME: 46
0 0 0
0 0 0
0 0 0
0 0 0
0 0 0
0 0 0
0 0 0
0 0 0
0 0 0
0 0 0
0 0 0
0 0 0
0 0 0
0 0 0
0 0 0
FRAME: 47
0 0 0
0 0 0
0 0 0
0 0 0
0 0 0
0 0 0
0 0 0
0 0 0
0 0 0
0 0 0
0 0 0
0 0 0
0 0 0
0 0 0
0 0 0
FRAME: 48
0 0 0
0 0 0
0 0 0
0 0 0
0 0 0
0 0 0
0 0 0
0 0 0
0 0 0
0 0 0
0 0 0
0 0 0
0 0 0
0 0 0
0 0 0
FRAME: 49
0 0 0
0 0 0
0 0 0
0 0 0
0 0 0
0 0 0
0 0 0
0 0 0
0 0 0
0 0 0
0 0 0
0 0 0
0 0 0
0 0 0
0 0 0
FRAME: 50
0 0 0
0 0 0
0 0 0
0 0 0
0 0 0
0 0 0
0 0 0
0 0 0
0 0 0
0 0 0
0 0 0
0 0 0
0 0 0
0 0 0
0 0 0
FRAME: 51
0 0 0
0 0 0
0 0 0
0 0 0
0 0 0
0 0 0
0 0 0
0 0 0
0 0 0
0 0 0
0 0 0
0 0 0
0 0 0
0 0 0
0 0 0
FRAME: 52
0 0 0
0 0 0
0 0 0
0 0 0
0 0 0
0 0 0
0 0 0
0 0 0
0 0 0
0 0 0
0 0 0
0 0 0
0 0 0
0 0 0
0 0 0
FRAME: 53
0 0 0
0 0 0
0 0 0
0 0 0
0 0 0
0 0 0
0 0 0
0 0 0
0 0 0
0 0 0
0 0 0
0 0 0
0 0 0
0 0 0
0 0 0
FRAME: 54
0 0 0
0 0 0
0 0 0
0 0 0
0 0 0
0 0 0
0 0 0
0 0 0
0 0 0
0 0 0
0 0 0
0 0 0
0 0 0
0 0 0
0 0 0
FRAME: 55
0 0 0
0 0 0
0 0 0
0 0 0
0 0 0
0 0 0
0 0 0
0 0 0
0 0 0
0 0 0
0 0 0
0 0 0
0 0 0
0 0 0
0 0 0
FRAME: 56
0 0 0
0 0 0
0 0 0
0 0 0
0 0 0
0 0 0
0 0 0
0 0 0
0 0 0
0 0 0
0 0 0
0 0 0
0 0 0
0 0 0
0 0 0
FRAME: 57
0 0 0
0 0 0
0 0 0
0 0 0
0 0 0
0 0 0
0 0 0
0 0 0
0 0 0
0 0 0
0 0 0
0 0 0
0 0 0
0 0 0
0 0 0
FRAME: 58
0 0 0
0 0 0
0 0 0
0 0 0
0 0 0
0 0 0
0 0 0
0 0 0
0 0 0
0 0 0
0 0 0
0 0 0
0 0 0
0 0 0
0 0 0
FRAME: 59
0 0 0
0 0 0
0 0 0
0 0 0
0 0 0
0 0 0
0 0 0
0 0 0
0 0 0
0 0 0
0 0 0
0 0 0
0 0 0
0 0 0
0 0 0
FRAME: 60
0 0 0
0 0 0
0 0 0
0 0 0
0 0 0
0 0 0
0 0 0
0 0 0
0 0 0
0 0 0
0 0 0
0 0 0
0 0 0
0 0 0
0 0 0
FRAME: 61
0 0 0
0 0 0
0 0 0
0 0 0
0 0 0
0 0 0
0 0 0
0 0 0
0 0 0
0 0 0
0 0 0
0 0 0
0 0 0
0 0 0
0 0 0
FRAME: 62
0 0 0
0 0 0
0 0 0
0 0 0
0 0 0
0 0 0
0 0 0
0 0 0
0 0 0
0 0 0
0 0 0
0 0 0
0 0 0
0 0 0
0 0 0
FRAME: 63
403.012 342.05 2273.22
187.743 -176.901 2234.05
177.943 -1005.59 2528.17
389.514 -436.675 2122.86
153.402 -290.186 2463.08
238.992 -671.349 2452.82
246.742 53.7796 2241.5
340.716 85.507 2328.47
528.268 -104.242 2338.59
286.391 -901.044 2907.81
657.26 -210.655 2096.33
345.285 -225.189 2640.93
388.544 -607.65 2729.12
434.69 117.235 2415.44
295.03 -86.0902 2440.24
FRAME: 64
411.73 324.88 2255.6
191.893 -189.547 2222.19
180.868 -904.455 2842.59
377.047 -440.757 2103.37
157.359 -291.588 2459.16
239.41 -676.769 2450.95
247.802 35.2612 2222.52
345.831 66.0787 2304.24
521.009 -119.846 2267.61
275.566 -903.211 2913.82
623.245 -217.138 2055.49
348.483 -231.472 2618.44
388.574 -612.897 2715.04
443.861 96.8962 2385.96
299.376 -97.7255 2421.52
FRAME: 65
418.87 313.783 2237.57
206.795 -209.036 2199.56
166.999 -886.132 2854.05
377.928 -455.691 2086.58
158.137 -295.442 2454.44
238.389 -689.148 2427.69
251.653 23.8028 2198.86
352.438 53.8603 2273.51
514.528 -120.614 2279.02
294.698 -905.801 2741.1
552.841 -195.325 1952.53
358.323 -235.585 2602.61
397.309 -625.957 2692.52
453.224 83.9178 2348.16
305.335 -105.827 2401.02
FRAME: 66
428.226 304.074 2216.49
212.582 -217.993 2177.44
177.239 -881.396 2834.4
375.465 -471.832 2078.54
154.386 -293.654 2444.46
275.272 -692.169 2388.5
255.335 21.9626 2187.38
358.256 47.0296 2259.18
489.133 -130.93 2222.05
282.071 -908.618 2733.07
504.733 -169.452 1916.03
357.968 -244.09 2586.3
394.885 -633.828 2683.23
461.178 72.0965 2330.97
307.217 -110.921 2387.28
FRAME: 67
443.368 302.507 2186.43
206.386 -213.805 2176.78
185.43 -881.351 2804.35
337.3 -461.526 2088.55
161.054 -296.058 2435.13
274.397 -695.829 2386.35
256.778 28.5513 2179.41
358.728 52.2966 2249.89
473.278 -121.757 2196.9
282.853 -911.234 2685.51
438.312 -124.717 1877.79
358.054 -250.14 2571.34
393.783 -637.644 2680.11
460.678 76.0419 2320.38
309.141 -110.401 2376.56
FRAME: 68
451.394 305.484 2165.66
189.706 -197.467 2180.18
189.003 -862.201 2806.32
307.141 -443.796 2099.53
173.277 -289.687 2419.56
271.652 -683.114 2377.52
248.001 45.3523 2173.93
357.438 61.6299 2238.02
454.48 -121.456 2167.25
266.884 -919.082 2680.74
425.646 -120.173 1870.26
357.75 -259.643 2530.68
384.075 -640.464 2635.86
466.876 77.9076 2302.11
311.476 -106.517 2356.57
FRAME: 69
454.053 309.426 2157.05
172.086 -175.714 2190.09
196.354 -863.78 2797.19
266.68 -432.603 2114.29
176.737 -281.591 2414.74
257.973 -670.586 2394.25
242.136 58.6744 2170.13
355.868 69.9164 2226.95
447.051 -115.966 2148.07
262.157 -921.628 2686.88
425.988 -109.501 1866.68
356.536 -260.725 2508.92
377.864 -638.8 2638.12
469.6 81.1583 2283.76
311.252 -100.621 2344.39
FRAME: 70
454.896 313.193 2150.99
159.133 -168.197 2205.86
191.974 -864.575 2811.13
237.216 -425.986 2135.48
178.854 -275.15 2417.56
250.608 -666.216 2402.71
236.75 66.8141 2170.25
354.014 74.9257 2222.31
451.218 -115.499 2133.67
254.641 -921.307 2713.96
432.06 -96.4468 1873
356.875 -260.612 2499.85
374.165 -637.824 2592.7
471.278 83.0372 2274.37
310.939 -96.4775 2340.5
FRAME: 71
453.959 320.295 2147.22
145.885 -155.924 2228.95
210.973 -859.09 2800.45
195.698 -415.931 2158.1
196.518 -269.132 2404.37
271.565 -661.233 2380.56
227.173 80.7071 2184
351.886 81.1242 2222.49
457.027 -115.273 2117.38
242.619 -927.751 2749.51
429.274 -105.839 1869.47
372.063 -267.066 2460.97
361.819 -638.405 2605.61
476.598 81.5412 2260.98
318.088 -93.4872 2327.58
FRAME: 72
450.177 330.344 2148.23
133.501 -125.156 2255.99
225.61 -908.12 2695.65
157.245 -399.73 2198.33
211.8 -263.661 2390.47
285.589 -661.19 2369.86
221.745 93.326 2199.49
349.698 89.4529 2227.23
452.548 -118.395 2115.44
240.547 -929.257 2799.62
427.85 -115.142 1866.7
386.638 -268.817 2428.53
350.604 -636.877 2610.57
477.651 85.5798 2254.96
324.459 -88.3931 2318.36
FRAME: 73
443.3 340.256 2158.24
132.453 -126.918 2264.53
226.39 -952.28 2637.39
132.754 -403.644 2225.24
212.531 -266.91 2388.94
280.616 -668.874 2380.39
219.969 95.0071 2206.53
346.959 94.1593 2239.16
457.373 -112.81 2143.16
253.245 -937.665 2751.24
440.024 -112.07 1896.86
385.438 -267.706 2434.05
354.11 -641.893 2610.36
473.948 93.3116 2271.79
322.971 -86.5743 2325.33
FRAME: 74
434.996 347.636 2171.14
125.65 -118.96 2282.72
231.122 -963.086 2629.06
118.253 -409.888 2248.93
215.352 -268.265 2386.06
281.2 -677.352 2385.25
217.296 102.221 2222.4
345.317 101.61 2256.3
464.982 -111.919 2195.98
257.234 -942.396 2750.17
437.765 -131.793 1926.69
389.946 -269.03 2432.4
370.45 -659.58 2603.01
473.337 100.998 2290.2
323.983 -83.5192 2332.76
FRAME: 75
419.481 358.141 2200.72
117.646 -122.263 2320.03
244.634 -987.078 2585.99
106.128 -415.719 2310.96
213.37 -267.325 2396.07
276.792 -680.223 2410.54
210.151 109.479 2254.85
340.03 107.49 2287.67
468.861 -129.116 2266.32
273.421 -951.598 2740.67
455.374 -172.428 2031.25
389.479 -269.778 2440.8
391.21 -675.383 2578.1
469.908 105.501 2320.49
320.727 -80.5308 2353.05
FRAME: 76
409.066 364.671 2224.86
112.864 -115.931 2354
252.725 -989.813 2566.49
97.221 -407.115 2336.41
211.197 -264.401 2414.92
278.671 -679.625 2424.2
201.903 114.532 2290.32
335.052 110.135 2317.6
475.674 -125.201 2314.74
274.443 -966.103 2745.08
462.513 -191.507 2091.58
387.515 -270.093 2451.14
395.383 -674.338 2581.25
468.201 105.738 2344.89
317.204 -78.5558 2375.31
FRAME: 77
397.012 369.834 2252.73
109.812 -108.541 2381.33
263.817 -1006.1 2533.42
105.056 -403.131 2369.66
209.507 -260.552 2436.61
277.374 -674.744 2434.86
198.776 118.052 2315.56
331.372 113.276 2340.2
477.729 -104.32 2395.3
276.711 -965.588 2776.34
457.057 -243.008 2169.74
384.776 -266.773 2469.34
405.106 -665.085 2600.66
463.967 108.501 2364.83
314.257 -75.1932 2396.59
FRAME: 78
380.229 373.144 2296.62
101.188 -105.135 2427.62
264.697 -1012.2 2548.37
123.052 -391.439 2403.55
206.938 -257.239 2478.12
268.562 -670.025 2474.44
185.373 120.544 2372.27
320.232 114.319 2387.54
487.316 -108.818 2469.88
280.436 -968.189 2795.96
456.114 -290.227 2283.99
376.273 -265.047 2497.33
401.867 -662.616 2624.53
455.092 108.094 2402.81
305.919 -73.4121 2437.63
FRAME: 79
368.547 374.295 2330.02
92.2045 -98.2429 2473.01
268.673 -1018.8 2560.88
124.996 -376.285 2407.95
201.99 -254.683 2510.87
262.781 -670.907 2503.26
178.471 127.675 2416.67
314.045 119.417 2425.89
488.809 -110.848 2500.6
290.673 -967.751 2836.53
449.134 -293.565 2322.5
367.875 -264.777 2522.18
393.313 -664.885 2645.58
449.619 111.159 2435.1
299.489 -70.1567 2471.21
FRAME: 80
359.665 379.007 2360.96
92.0308 -95.722 2510.22
268.041 -1019.17 2576.08
146.517 -358.951 2441.68
199.238 -257.24 2547.79
252.462 -677.442 2529.65
174.645 130.041 2453.33
311.526 120.868 2459.91
490.248 -114.829 2525.99
295.949 -964.216 2885.09
434.838 -295.315 2375.02
363.708 -268.235 2555.73
389.981 -671.453 2690.97
448.407 111.695 2466.49
296.499 -70.9348 2505.83
FRAME: 81
352.159 384.557 2381.66
89.9053 -92.7357 2543.07
257.375 -1026.23 2619.89
163.151 -326.937 2436.58
197.049 -254.603 2579.12
235.977 -670.908 2575.24
165.419 138.858 2492.71
305.713 129.321 2492.69
485.824 -106.729 2552.68
295.053 -969.429 2909.38
426.632 -297.164 2412.4
360.951 -265.768 2579.06
388.912 -664.273 2720.85
446.007 119.783 2492.67
292.356 -65.4324 2535.89
FRAME: 82
341.662 391.951 2400.74
90.984 -94.5527 2566.44
250.519 -1025.18 2617.86
182.475 -299.42 2412.64
190.752 -252.288 2609.96
230.43 -674.126 2594.93
159.256 147.671 2513.47
300.375 137.504 2513.26
481.302 -101.936 2583.7
293.735 -983.039 2954.25
408.526 -289.379 2454.84
353.044 -264.044 2609.62
381.612 -670.491 2752.86
441.494 127.337 2513.05
286.136 -60.3312 2561.53
FRAME: 83
331.59 402.048 2420.27
92.6527 -84.204 2585.4
222.347 -1016.97 2661.19
193.901 -270.561 2420.3
181.702 -241.637 2638.8
219.871 -665.261 2623.15
153.393 158.039 2532.16
293.714 147.51 2533.45
434.042 -82.726 2653.86
293.886 -978.502 3002.94
377.776 -284.066 2489.18
343.994 -253.815 2640.29
377.462 -664.105 2778.83
434.035 136.981 2534.74
278.281 -50.1078 2586.5
FRAME: 84
318.007 418.503 2449.09
84.6196 -79.6953 2606.16
200.673 -996.655 2715.24
198.368 -245.12 2419.57
178.132 -231.656 2668.2
203.249 -652.187 2646.2
138.215 169.928 2558.36
280.165 160.866 2554.4
472.995 -48.2593 2654.1
300.304 -959.502 3006.96
363.5 -256.387 2513.29
338.06 -241.921 2663.56
368.609 -643.706 2791.97
422.115 151.805 2550.44
269.13 -37.9613 2610.14
FRAME: 85
305.808 429.802 2470.2
82.1222 -77.0564 2611.32
166.073 -980.532 2766.64
207.23 -218.63 2416.45
167.403 -216.48 2691.71
190.221 -635.086 2673.06
127.581 177.949 2570.58
268.087 169.982 2567.4
472.823 -29.7804 2661.03
304.809 -947.205 3009.63
362.991 -249.831 2541.14
330.397 -225.724 2687.9
361.984 -635.039 2793.74
408.594 162.016 2564.21
258.494 -25.5597 2628.6
FRAME: 86
281.834 448.239 2503.29
77.2038 -66.7815 2632.84
92.5414 -927.62 2874.74
207.671 -184.92 2426.08
150.493 -198.954 2719.51
130.991 -583.649 2733.8
115.278 192.899 2600.75
258.912 182.496 2593.11
455.243 -34.7905 2677.11
309.142 -935.65 3009.02
311.597 -234.769 2566.38
324.587 -211.535 2710.24
350.868 -615.847 2803.68
402.546 172.094 2585.47
248.226 -11.3741 2653.99
FRAME: 87
263.656 455.551 2522.59
67.3497 -54.9094 2639.54
68.2736 -912.982 2907.73
202.031 -173.821 2424.58
135.165 -188.464 2737.45
113.749 -572.511 2754.89
107.1 203.297 2617.51
250.704 190.926 2611.97
440.227 -40.9263 2692.91
314.208 -931.901 2995
299.289 -231.416 2557.78
309.356 -203.425 2730.33
342.704 -597.771 2813.91
394.307 178.555 2606.43
236.482 -2.50898 2672.93
FRAME: 88
245.89 457.388 2538.53
64.5713 -46.8959 2637.29
42.2467 -898.963 2945.55
188.522 -166.885 2442.66
125.316 -181.973 2754.8
96.2284 -561.862 2773.14
99.3352 207.802 2627.61
238.913 197.364 2624.56
422.301 -27.925 2711.83
317.804 -928.222 2986.53
292.908 -223.341 2572.18
299.816 -194.969 2750.43
338.847 -582.028 2818.57
378.491 186.926 2621.52
225.74 4.44632 2688.59
FRAME: 89
231.541 460.125 2553.31
66.2652 -45.7385 2638.77
12.6337 -882.146 2992.87
181.042 -164.8 2470.31
118.326 -182.147 2770.31
76.1804 -556.503 2804.15
86.0053 206.293 2646.22
220.656 200.619 2642.3
400.927 -20.0811 2714.77
320.503 -925.741 2986.59
268.637 -216.102 2595.8
296.768 -189.586 2765.04
335.434 -576.802 2827.67
355.306 194.945 2638.37
214.101 7.37639 2704.99
FRAME: 90
216.725 461.865 2566.52
56.1767 -39.4635 2641.92
1.05047 -879.324 3018.62
164.391 -173.056 2449.46
99.7089 -179.251 2790.35
61.2517 -554.311 2831.69
78.1534 205.267 2663.47
206.509 198.816 2656.47
377.722 -10.2096 2721.03
321.346 -919.668 2992.19
265.993 -230.605 2599.13
288.76 -188.884 2779.82
332.181 -567.443 2836.64
334.866 192.365 2649.47
200.372 7.37433 2720.78
FRAME: 91
199.386 454.103 2586.96
41.747 -29.6626 2641.22
-9.03776 -894.842 3044.36
140.045 -181.049 2466.58
93.1561 -189 2803.83
45.0386 -563.808 2859.21
78.2969 185.982 2672.6
197.751 180.378 2666.31
349.894 -25.8866 2713.43
327.313 -905.744 2988.61
260.769 -214.088 2582.01
279.61 -196.796 2794.48
333.184 -547.973 2840.88
317.206 174.773 2660.02
192.067 -6.26001 2732.73
FRAME: 92
185.659 449.001 2600.26
36.5252 -32.9788 2639.85
-9.07359 -894.147 3059.2
126.361 -162.794 2475.04
83.104 -207.378 2807.83
36.1566 -565.662 2883.89
62.7347 172.525 2677.74
184.642 169.823 2671.71
332.5 -40.2489 2712.62
326.45 -909.611 2991.28
232.944 -214.376 2577.18
277.391 -211.236 2799.24
327.099 -552.854 2843.39
306.549 167.121 2665.67
182.445 -19.742 2737.62
FRAME: 93
175.453 446.784 2608.93
15.6727 -36.0132 2651.74
-9.96688 -888.683 3060.44
119.619 -151.435 2473.55
72.3944 -211.936 2822.99
29.3389 -565.391 2899.57
60.0327 164.917 2689.13
179.21 160.648 2681.84
316.949 -50.0028 2716.45
326.002 -914.639 2998.11
220.11 -221.473 2582.48
270.777 -218.987 2810.55
322.378 -556.658 2853.06
298.388 156.378 2674.55
175.398 -27.4069 2749.3
FRAME: 94
166.89 447.533 2613.51
6.29397 -36.5609 2660.94
-11.4221 -889.508 3065.31
113.464 -141.896 2497.13
68.859 -210.522 2836.32
24.9698 -565.726 2905.28
56.468 167.797 2698.67
172.004 162.37 2686.76
308.586 -53.0379 2719.93
322.584 -904.421 3010.06
194.873 -191.491 2563.17
267.05 -219.698 2815.49
314.344 -552.571 2864.83
287.54 156.942 2674.86
169.979 -26.3702 2756.33
FRAME: 95
162.099 449.202 2616.29
3.3553 -32.9976 2662.58
-13.3712 -879.797 3063.62
119.525 -126.19 2485.32
68.0826 -203.927 2847.05
21.1633 -552.564 2903.56
42.8825 168.998 2714.52
163.598 163.626 2698.21
303.068 -62.2671 2726.64
317.696 -905.955 3021.52
183.337 -193.795 2580.16
262.936 -212.567 2820.44
309.397 -556.079 2871.84
284.314 158.254 2681.89
164.554 -22.3103 2765.98
FRAME: 96
159.071 452.907 2619.54
-1.09472 -12.1953 2674.11
-16.9112 -874.487 3065.63
116.835 -121.695 2475.33
67.1687 -178.287 2860.47
15.3181 -539.457 2901.86
37.4366 175.844 2727.28
161.468 168.162 2705.01
298.791 -59.4026 2733.27
307.927 -901.551 3031.62
180.159 -198.88 2576.39
263.17 -190.58 2824.84
301.393 -547.34 2878.27
285.5 160.481 2682.74
163.319 -8.13551 2773.83
FRAME: 97
157.571 454.589 2622.87
-3.7596 -7.97519 2680.16
-17.1653 -870.71 3065.1
105.468 -104.491 2462.23
62.3049 -168.607 2869.12
12.6812 -532.327 2897.92
42.3338 181.477 2733.25
164.242 169.866 2707.97
293.995 -63.4595 2720.96
300.848 -900.132 3046.09
182.326 -198.031 2578.43
257.279 -187.228 2828.43
297.939 -546.928 2887.13
286.15 158.254 2682.7
162.017 -4.02617 2778.38
FRAME: 98
156.057 455.006 2626.45
-0.0428005 -8.06527 2671
-21.6213 -869.716 3063.95
111.498 -103.481 2453.62
57.7119 -167.141 2870.37
3.70696 -527.718 2896.06
31.3477 181.571 2735.15
157.563 172.099 2712.08
295.659 -65.4282 2732.13
296.726 -897.835 3049.8
186.433 -213.028 2589.79
254.247 -181.791 2834.35
290.64 -543.94 2889.13
283.777 162.628 2689.02
156.771 -1.18345 2782.22
FRAME: 99
154.296 455.113 2629.37
-1.70615 -21.3704 2672.62
-35.7724 -871.619 3068.98
105.937 -100.907 2452.86
58.1078 -169.266 2875.19
-4.12721 -528.362 2899.81
38.5249 181.617 2734.48
163.366 170.904 2715.07
294.634 -62.973 2732.28
295.11 -897.71 3054.09
194.114 -216.472 2599.86
250.675 -185.591 2844.98
276.577 -547.691 2892.9
288.207 160.191 2695.67
158.879 -3.26233 2787.58
FRAME: 100
153.195 456.146 2634.74
-1.71763 -29.0782 2683.73
-51.6287 -867.843 3065.72
110.349 -104.218 2456.12
54.851 -172.777 2876.02
-13.8107 -526.937 2908.18
43.0658 181.599 2738.94
164.287 169.278 2717.86
297.173 -60.0264 2724.08
294.156 -901.771 3059.46
185.423 -186.863 2589.13
249.504 -192.517 2841.36
279.798 -557.662 2896.3
285.508 156.958 2696.79
158.232 -6.68423 2788.28
FRAME: 101
153.162 456.582 2634.57
-4.10845 -27.9429 2670.23
-49.0174 -862.856 3075.8
112.936 -96.8562 2434.32
49.2711 -169.273 2873.2
-16.6431 -514.478 2893.83
38.1345 186.827 2727.68
160.229 175.672 2719.03
305.966 -65.1853 2755.45
297.801 -906.947 3052.96
201.64 -209.477 2615.18
224.763 -184.927 2860.23
279.731 -562.442 2892.02
282.323 164.517 2710.39
148.623 -0.71417 2792.87
FRAME: 102
151.323 457.884 2635.8
2.21234 -43.4077 2651.07
-71.707 -857.18 3081.44
145.975 -117.196 2443.65
38.0672 -169.395 2866.49
-34.0248 -519.669 2918.25
32.024 183.802 2712.53
156.452 174.198 2714.81
298.863 -50.015 2752.8
300.432 -904.882 3046.3
208.38 -170.805 2625.94
212.371 -182.766 2868.23
281.588 -557.047 2887.65
280.881 164.594 2717.1
140.836 -0.941278 2791.09
FRAME: 103
144.211 463.245 2635.3
-16.594 -52.055 2657.66
-112.601 -872.237 3082.4
151.303 -118.113 2451.59
30.3358 -173.786 2852.09
-50.0745 -533.63 2901.99
-3.31587 190.454 2713.04
135.157 186.29 2717.73
298.314 -58.242 2770.7
295.594 -897.103 3054.37
215.587 -183.425 2586.65
207.957 -179.084 2857.39
274.44 -549.51 2897.91
273.63 182.125 2722.42
127.152 4.92751 2786.24
FRAME: 104
140.75 464.596 2635.77
-27.1798 -46.2845 2659.65
-119.641 -880.816 3080.76
174.634 -100.472 2459.16
11.8688 -176.671 2845.64
-58.767 -545.728 2903.92
-19.0455 199.116 2706.56
113.26 200.12 2717.83
307.709 -2.58604 2782.53
291.667 -899.018 3067.61
228.746 -181.449 2591.62
197.162 -175.258 2861.16
269.586 -552.964 2910.55
245.566 201.125 2729.1
108.888 12.078 2785.62
FRAME: 105
134.984 463.477 2636.4
-29.9059 -48.9096 2655.25
-122.752 -877.409 3078.86
201.836 -100.272 2453.76
-1.0464 -186.338 2841.24
-64.7741 -553.058 2898.82
-25.3454 192.859 2701.43
106.182 195.151 2717.49
271.556 -11.0906 2809.37
289.362 -905.891 3073.88
232.505 -187.26 2577.14
193.333 -182.965 2864.84
265.239 -561.112 2916.31
237.71 197.443 2733.54
101.163 5.24968 2785.26
FRAME: 106
126.202 456.195 2634.82
-30.5071 -52.577 2652.37
-121.699 -875.276 3079.03
213.021 -104.111 2462.3
-3.18637 -187.625 2836.69
-63.8314 -555.789 2893.26
-22.2327 190.971 2690.2
112.217 190.938 2705.63
278.399 -3.57317 2755.54
288.522 -907.659 3072.49
276.973 -196.636 2538.96
194.862 -187.583 2859.58
266.29 -564.553 2916
246.666 190.906 2721.06
104.027 1.66743 2776.88
FRAME: 107
129.91 457.175 2635.52
-23.7972 -63.152 2644.38
-121.79 -880.722 3081.28
215.214 -103.242 2463.74
-2.36254 -194.079 2833.96
-61.0464 -562.112 2896.9
-21.9746 183.859 2684.78
110.957 185.657 2700.24
288.538 -17.0281 2751.96
283.63 -905.671 3071.37
305.304 -218.877 2566
200.417 -191.245 2857.67
267.367 -565.045 2914.11
243.888 187.455 2715.71
104.992 -3.50249 2773.03
FRAME: 108
132.817 457.565 2635.18
0.95532 -61.3297 2628.59
-125.067 -880.587 3078.95
245.52 -98.4337 2452.64
2.24759 -197.316 2827.11
-57.5569 -563.879 2896.27
-12.1413 182.864 2677.36
118.272 185.759 2698.83
300.697 -32.875 2780.35
276.319 -907.898 3066.45
345.397 -201.717 2562.3
203.672 -192.777 2860.12
266.952 -567.327 2911.9
248.685 188.654 2720.3
110.616 -4.64407 2771.22
FRAME: 109
135.235 456.491 2632.89
9.5693 -65.1717 2621.64
-123.305 -881.453 3075.61
265.644 -105.863 2468.87
4.09388 -203.999 2820.79
-54.9265 -570.715 2891.28
-1.89421 181.728 2670.48
125.716 185.519 2697
311.628 -37.5924 2784.4
268.281 -906.685 3068.4
382.881 -165.594 2537.69
209.765 -197.86 2863.45
267.898 -571.43 2913.36
253.326 189.309 2723.52
116.322 -7.70536 2769.56
FRAME: 110
147.747 458.005 2623.18
22.1128 -62.625 2619.15
-123.381 -878.055 3072.39
293.792 -112.074 2458.19
12.2342 -202.578 2812.5
-44.1578 -575.585 2882.08
13.675 185.091 2663.5
137.75 188.974 2695.75
329.981 -34.0754 2795.39
257.414 -907.001 3065.33
435.646 -155.564 2557.36
213.219 -196.251 2864.7
269.243 -573.982 2908.6
261.826 192.856 2727.99
125.238 -5.22033 2767.17
FRAME: 111
172.617 460.654 2611.99
56.577 -51.6569 2592.75
-119.193 -875.654 3068.03
340.267 -140.052 2479.73
28.9903 -201.436 2795.09
-13.0404 -581.916 2859.38
46.0559 187.681 2642.36
164.995 192.136 2688.46
383.547 -17.532 2797.46
245.865 -904.857 3062.73
500.002 -136.694 2595.34
219.077 -194.366 2868.63
269.699 -574.347 2905.73
283.934 196.592 2734.57
144.514 -2.88226 2760.16
FRAME: 112
201.058 453.733 2599.46
71.7454 -52.0602 2580.16
-109.653 -872.443 3058.63
359.043 -153.986 2472.46
49.0279 -199.671 2779.71
28.6042 -590.926 2822.2
74.9204 180.684 2625.15
186.01 187.108 2680.07
417.594 -20.9374 2796.51
241.084 -901.479 3057.04
575.081 -129.377 2630.33
225.562 -189.473 2867.05
270.273 -571.398 2901.65
297.1 193.533 2735
161.653 -3.73206 2751.73
FRAME: 113
221.614 448.145 2588.72
89.1019 -57.1376 2565.22
-91.9039 -865.511 3032.52
380.095 -177.247 2471.05
71.4734 -201.953 2757.1
65.6839 -595.722 2787.81
98.7293 175.597 2606.63
202.345 185.482 2671.98
423.401 -13.891 2802.02
239.833 -896.897 3053.27
644.56 -121.125 2667.85
233.69 -186.585 2859.45
275.97 -568.25 2896.94
305.961 195.367 2737.34
177.463 -4.39356 2740.13
FRAME: 114
248.303 438.382 2575.99
108.472 -64.9265 2546.75
-79.9528 -874.242 3017.47
401.089 -207.805 2468.97
88.4444 -203.129 2743.89
78.464 -601.75 2766.76
113.227 170.135 2595.16
216.703 180.879 2667.16
434.059 -4.22123 2797.53
241.325 -895.835 3052.11
680.502 -117.513 2675.46
241.877 -187.338 2850.53
284.282 -572.958 2894.32
320.179 191.623 2739.15
190.932 -7.1773 2732.18
FRAME: 115
268.347 425.363 2562.49
120.946 -75.6144 2534.98
-57.1333 -888.898 2980.94
405.096 -222.689 2455.69
102.124 -207.165 2729.01
101.722 -609.71 2736.1
130.171 165.763 2583.43
230.439 176.81 2658.25
459.837 -3.72645 2776.09
240.081 -899.344 3051.09
721.243 -109.2 2652.85
251.875 -190.608 2840.93
296.785 -583.013 2892.7
330.707 187.858 2733.08
203.719 -11.038 2721.61
FRAME: 116
284.698 418.041 2552.52
140.28 -87.5778 2519.89
-23.3821 -900.772 2920.85
402.219 -245.618 2440.21
112.601 -211.08 2716.34
123.032 -613.721 2709.87
146.173 154.037 2565.34
245.979 165.529 2643.27
493.192 -12.2741 2745.34
238.876 -896.338 3047.66
736.435 -110.381 2651.3
259.538 -193.959 2831.42
303.415 -590.403 2889.22
345.785 177.021 2721.2
216.024 -18.4952 2708.57
FRAME: 117
305.569 410.256 2532.21
145.756 -93.2746 2507.28
25.4449 -926.913 2856.82
405.307 -261.57 2429.45
122.128 -216.206 2699.42
146.547 -618.493 2678.44
163.885 150.774 2547.69
262.344 161.189 2627.35
499.529 -12.2625 2740.06
228.211 -903.176 3057.4
756.6 -98.3154 2634.8
267.04 -200.556 2817.28
313.286 -602.404 2881.38
360.802 171.604 2707.01
228.464 -23.5958 2692.85
FRAME: 118
319.479 403.373 2517.49
158.961 -102.133 2481.65
59.8982 -949.461 2788.29
407.274 -269.091 2410.62
123.298 -220.137 2684.02
167.727 -617.702 2646.99
174.515 142.975 2527
274.48 152.345 2605.72
514.387 -20.7378 2716.59
233.782 -909 3046.81
778.219 -98.1683 2629.91
273.71 -205.501 2803.55
321.181 -602.981 2870.1
374.444 161.715 2684.43
236.492 -30.237 2674.75
FRAME: 119
344.702 401.795 2469.57
155.884 -115.644 2454.83
141.24 -1005.1 2666.98
393.141 -285.445 2361.03
125.312 -228.506 2657.78
185.263 -628.813 2603.25
186.988 124.221 2458.02
291.378 141.45 2543.67
525.783 -23.1209 2669.08
230.114 -926.501 2973.79
795.195 -100.078 2563.35
280.846 -202.238 2786.05
326.815 -597.094 2853.55
395.769 158.678 2629.32
247.229 -36.9612 2632.79
FRAME: 120
359.219 399.784 2433.72
155.481 -121.707 2431.93
158.274 -1022.73 2644.82
391.061 -291.259 2335.56
126.228 -237.052 2628.69
210.847 -638.154 2563.16
199.807 112.787 2415.01
300.051 135.241 2500.8
525.46 -24.369 2617.92
242.329 -930.706 2940.64
803.176 -112.312 2541.66
288.569 -198.592 2770.02
333.31 -594.065 2840.38
400.294 157.696 2586.58
253.725 -41.2901 2600.08
FRAME: 121
370.682 389.983 2400.33
157.313 -133.743 2403.15
181.446 -1019.7 2624.66
386.973 -311.628 2310.02
125.781 -243.166 2602.73
215.812 -643.099 2557.5
206.646 102.663 2386.16
303.788 127.211 2469.45
522.855 -28.2797 2580.12
261.969 -936.197 2862.31
792.612 -122.798 2491.25
298.516 -197.324 2753.23
349.485 -599.361 2815.85
400.929 151.759 2552.75
257.968 -46.517 2573.72
FRAME: 122
378.348 377.189 2375.01
151.861 -146.737 2378.98
184.107 -1003.76 2675.65
377.824 -333.482 2276.47
136.358 -255.57 2577.48
230.414 -653.554 2538.02
208.327 86.6226 2358.03
305.744 114.52 2441.17
522.556 -54.4875 2522.97
272.522 -941.834 2850.65
794.781 -150.642 2414.48
307.917 -203.593 2727.54
358.96 -599.92 2799.01
403.162 142.417 2524.3
263.941 -57.5308 2546.84
FRAME: 123
379.434 359.911 2354.12
143.368 -158.117 2359.35
185.556 -1000.25 2687.27
374.274 -358.313 2242.08
140.168 -267.916 2550.88
241.633 -660.92 2526.54
204.431 75.832 2341.66
302.664 101.201 2416.36
514.046 -75.5925 2480.07
274.535 -913.948 2868.87
750.82 -190.578 2311.74
319.162 -217.636 2692.44
370.443 -602.201 2783.92
400.896 126.57 2491.06
266.164 -70.7875 2519.01
FRAME: 124
382.457 340.503 2328.75
131.753 -171.674 2342.46
201.168 -980.532 2687.77
362.988 -372.591 2216.61
163.682 -284.133 2510.65
271.954 -671.178 2477.24
200.498 68.7434 2333.45
307.855 83.0413 2395.45
514.974 -117.42 2422.45
257.7 -906.402 2865.92
677.248 -240.985 2194.99
330.219 -254.868 2616.9
358.803 -626.701 2721.81
415.213 97.3393 2457.46
277.403 -93.2296 2479.61
FRAME: 125
385.56 327.061 2313.91
129.454 -184.29 2327.68
199.486 -954.112 2711.94
351.205 -397.31 2198.99
168.733 -286.957 2503.24
287.918 -681.369 2449.22
194.643 60.5255 2325.62
309.193 68.2668 2375.41
505.734 -142.764 2361.01
229.649 -897.366 2859.88
611.175 -249.34 2109.85
332.999 -269.374 2583.63
358.493 -638.078 2693.5
423.743 76.0081 2425.2
280.03 -104.949 2459.42
FRAME: 126
388.654 315.083 2297.57
129.532 -184.707 2308.3
190.557 -937.999 2725.02
333.72 -395.533 2176.64
167.27 -291.091 2499.78
282.878 -680.57 2436.68
195.97 53.4215 2310.69
308.103 62.8497 2359.98
479.086 -141.911 2329.5
231.111 -904.996 2821.02
537.435 -245.147 2041.79
332.823 -271.171 2580.84
360.642 -638.23 2689.53
420.236 72.278 2409.26
279.075 -109.141 2450.14
FRAME: 127
397.152 307.098 2270.83
130.186 -185.74 2293.05
193.436 -918.399 2736.11
319.52 -385.525 2156.43
167.306 -289.854 2498.06
280.082 -672.057 2429.83
194.775 53.1255 2296.52
309.276 60.5682 2340.49
453.516 -137.752 2296.04
226.917 -896.728 2786.96
424.625 -191.306 1970.72
335.267 -274.375 2568.82
357.847 -643.075 2657.01
423.777 68.0109 2384.47
280.281 -110.773 2436.97
FRAME: 128
403.367 307.303 2253.16
128.249 -180.557 2287.34
205.495 -928.828 2695.46
304.541 -358.04 2154.82
167.582 -281.625 2499.45
279.315 -661.04 2426.36
192.501 60.5323 2289.55
311.294 63.1205 2326.76
438.764 -126.537 2257.33
227.534 -899.261 2767.56
388.263 -159.013 1948.12
335.706 -274.855 2556.5
356.144 -640.309 2608.01
430.086 65.7086 2363.96
281.469 -107.56 2427.37
FRAME: 129
407.325 310.048 2241.06
131.625 -177.19 2287.96
208.623 -951.581 2656.08
310.819 -360.525 2164.68
164.709 -270.947 2496.51
269.249 -661.752 2430.04
195.586 68.7379 2283.48
313.004 72.38 2323.6
415.751 -98.8085 2223
227.375 -896.966 2789.42
329.491 -127.651 1928.97
335.399 -262.349 2559.3
358.637 -631.418 2600.85
430.422 76.0221 2363.71
281.529 -97.1338 2425.75
FRAME: 130
410.451 314.786 2230.58
127.865 -168.129 2290.48
218.18 -954.115 2641.86
289.177 -342.32 2162.84
158.909 -262.014 2502.33
261.674 -651.897 2437.43
193.918 82.9229 2278.79
314.915 84.2103 2317.96
392.204 -97.6528 2216.35
237.568 -899.801 2764.96
291.232 -132.865 1944.54
334.971 -257.878 2562.45
360.212 -624.842 2613.24
435.912 85.4978 2357.12
280.927 -87.8678 2425.18
FRAME: 131
410.139 317.566 2226.44
127.258 -147.181 2299.96
228.494 -985.909 2586.5
287.364 -329.911 2186.48
171.633 -261.464 2493.03
264.779 -651.762 2440.8
193.56 93.4568 2282.08
312.792 95.3273 2321.54
395.371 -74.1191 2221.22
244.092 -918.586 2760.05
268.693 -163.175 1980.05
334.774 -256.733 2549.53
358.243 -620.285 2621.04
432.023 97.1978 2361
282.998 -81.8857 2421.41
FRAME: 132
406.693 324.948 2227.18
122.828 -137.068 2312.63
225.744 -997.477 2563.86
261.951 -339.193 2184.39
169.901 -251.784 2496.28
256.74 -646.175 2457.57
192.901 104.693 2284.89
313.906 105.433 2324.12
389.436 -53.8209 2189.55
248.333 -916.849 2797.25
256.056 -144.077 1961.22
333.291 -248.771 2551.93
356.234 -610.289 2618.97
434.91 106.172 2363.35
282.751 -72.4224 2424.11
FRAME: 133
401.92 330.859 2229.71
116.08 -124.627 2328.04
223.379 -996.108 2560.87
251.304 -341.763 2201.34
171.002 -241.027 2496.94
253.295 -638.225 2466.11
186.455 116.818 2297.02
308.037 114.676 2329.99
385.659 -47.1657 2207.65
256.963 -949.253 2785.52
257.713 -104.716 1959.28
328.406 -242.051 2541.67
360.474 -610.195 2620.32
429.619 112.534 2362.96
278.871 -63.4314 2424.65
FRAME: 134
374.388 353.186 2267.27
106.201 -119.144 2371.61
233.426 -994.184 2556.11
221.047 -334.815 2271.95
182.995 -234.118 2507.34
252.016 -635.284 2485.14
169.446 123.845 2344.18
299.166 115.226 2363.94
367.985 -45.9206 2291.2
260.416 -973.847 2776.93
275.671 -108.803 2060.59
319.75 -242.562 2528.62
365.858 -618.043 2621.7
428.885 106.606 2383.71
275.269 -61.5572 2440.96
FRAME: 135
360.779 362.376 2288.73
97.7679 -123.795 2417.63
245.954 -993.854 2538.85
214.371 -348.217 2299.36
191.242 -239.256 2519.23
255.182 -637.948 2493.51
160.458 126.44 2374.58
292.184 117.899 2389.13
364.115 -72.3074 2338.77
261.17 -977.57 2790.27
262.333 -140.317 2109.15
313.926 -246.928 2533.11
380.387 -619.59 2635.27
423.91 109.358 2403.68
272.384 -62.5965 2457.65
FRAME: 136
349.11 368.763 2315.29
89.59 -119.945 2453.26
250.31 -990.896 2544.21
194.501 -328.788 2326.33
194.119 -244.742 2531.3
256.473 -643.284 2510.78
149.566 131.855 2411.41
287.034 120.912 2417.82
377.115 -81.0316 2376.06
261.06 -974.482 2796.32
271.025 -152.042 2133.17
308.8 -253.528 2537.17
388.77 -626.528 2660.39
424.502 109.969 2424.23
269.247 -64.1114 2476.03
FRAME: 137
337.284 375.822 2342.96
85.0052 -122.226 2489.5
256.836 -997.219 2550.5
205.446 -319.761 2361.45
187.733 -250.775 2553.95
255.581 -646.108 2533.76
142.315 130.246 2441.67
281.444 122.429 2451.31
385.299 -84.5039 2440.88
254.06 -972.779 2794.5
293.942 -159.252 2205.66
318.02 -257.913 2563.23
384.489 -636.13 2683.77
420.572 114.612 2460.95
267.16 -65.9576 2504.95
FRAME: 138
324.544 382.806 2373.65
81.6283 -115.312 2516.31
259.903 -1001.35 2555.41
185.114 -306.467 2377.8
183.965 -254.011 2580.67
248.699 -649.415 2560.61
138.355 131.881 2471.31
277.602 128.828 2485.59
392.332 -98.2678 2508.81
252.988 -972.896 2801.43
297.693 -183.418 2258.68
333.188 -256.938 2596.82
375.594 -644.709 2715.58
416.849 125.775 2499.88
268.089 -63.3232 2537.17
FRAME: 139
317.781 386.992 2403.42
75.1852 -117.258 2552.35
260.776 -1001.66 2560.29
191.404 -315.342 2416.58
179.279 -252.638 2614.66
253.332 -651.536 2568.11
130.46 136.643 2510.58
272.288 132.959 2517.14
393.9 -97.4947 2536.15
249.454 -977.041 2804.22
301.245 -198.857 2308.27
335.689 -256.534 2622.29
369.339 -653.416 2745.07
414.117 129.275 2523.7
264.886 -60.8136 2567.81
FRAME: 140
312.132 390.069 2427.73
78.847 -119.366 2587.44
258.447 -991.405 2571.02
206.389 -303.194 2396.38
175.763 -253.485 2645.09
242.621 -643.368 2595.97
125.61 136.464 2539.53
267.09 133.537 2543.75
405.145 -112.724 2579.68
248.563 -976.532 2808.18
301.658 -211.66 2355.41
336.004 -256.74 2649.97
372.313 -656.444 2764.22
408.571 130.61 2547.97
261.487 -60.7878 2595.64
FRAME: 141
302.488 402.515 2455.96
81.8613 -114.237 2604.49
258.781 -996.332 2585.47
193.306 -268.82 2413.97
170.985 -244.329 2670.47
237.589 -638.005 2630.9
124.281 144.256 2561.14
266.776 138.58 2561.84
442.831 -102.189 2622.83
245.801 -979.33 2821.57
308.187 -231.782 2400.16
331.262 -250.708 2671.24
372.449 -649.815 2778.22
409.272 132.905 2562.54
258.95 -54.4691 2616.35
FRAME: 142
288.809 418.92 2492.1
75.986 -97.5249 2639.22
231.043 -990.225 2692.01
185.864 -220.148 2432.98
166.209 -233.02 2706.32
225.259 -630.25 2673.32
118.282 160.216 2599.73
255.833 156.015 2598.4
445.595 -86.5147 2626.84
253.433 -979.537 2864.03
306.728 -228.838 2486.02
323.453 -237.731 2705.03
366.154 -641.063 2808.79
393.384 151.814 2597.07
250.332 -39.6802 2652.04
FRAME: 143
275.398 432.081 2521.7
71.0113 -72.8727 2665.46
208.398 -978.77 2761.59
182.308 -206.298 2461.74
160.509 -218.477 2740.98
212.742 -620.133 2715.27
109.088 176.592 2628.37
245.808 172.239 2620.31
437.124 -67.5676 2629.1
282.125 -960.903 3000.63
306.036 -228.028 2539.58
320.354 -223.431 2731.83
351.463 -630.079 2829.97
382.528 167.886 2612.25
243.12 -24.3573 2678.36
FRAME: 144
264.762 441.938 2544.67
75.2452 -56.9595 2693.4
174.847 -962.564 2839.38
200.337 -201.744 2459.54
156.177 -217.159 2756.46
189.211 -620.515 2756.82
101.887 185.936 2646.39
241.176 182.733 2640.7
435.587 -54.9929 2677.02
276.934 -961.508 3028.26
288.14 -215.941 2554.08
316.522 -220.669 2750.45
345.25 -626.75 2841.56
380.465 179.53 2635.01
238.763 -18.0905 2697.08
FRAME: 145
258.852 456.247 2567.63
73.017 -47.3062 2715.27
155.899 -946.168 2894.81
187.536 -164.742 2472.57
152.217 -201.005 2780.42
162.537 -600.055 2779.29
99.2724 199.72 2674.17
240.994 194.024 2664.1
428.621 -40.5299 2704.25
285.814 -934.662 3030.26
289.486 -206.382 2571.93
313.52 -207.407 2769.04
341.966 -608.475 2854.24
382.717 188.327 2654.02
236.932 -5.09131 2719.41
FRAME: 146
251.114 465.509 2583.74
73.1976 -30.1616 2711.16
134.679 -919.268 2944.87
205.042 -156.493 2507.67
138.428 -169.126 2806.8
137.1 -575.315 2801.55
104.832 218.092 2684.33
239.247 208.974 2676.05
418.356 -30.9256 2738.35
285.74 -923.531 3032.46
273.236 -186.889 2599.37
304.523 -180.425 2795.76
335.194 -582.645 2872.09
373.662 199.857 2667.76
230.361 17.0994 2738.66
FRAME: 147
241.099 473.216 2601.3
80.7565 -34.4805 2701.48
113.172 -887.418 2987.67
223.493 -166.809 2529.1
131.425 -160.859 2832.88
116.576 -552.957 2821.2
99.3623 221.874 2701.17
228.723 217.098 2695.16
406.98 -8.89058 2750.78
288.342 -915.914 3025.56
270.883 -167.33 2606.96
309.003 -167.146 2824.78
327.032 -565.589 2880.95
358.084 212.322 2689.15
224.469 26.5477 2762
FRAME: 148
230.566 477.967 2617.76
75.5374 -32.3996 2713.67
83.1821 -865.168 3049.14
201.099 -142.918 2519.86
122.872 -164.678 2842.9
91.4569 -551.134 2864.08
101.661 226.386 2722.87
227.914 218.776 2711.83
387.482 -17.7566 2751.69
288.924 -921.222 3027.65
248.368 -155.559 2607.28
306.891 -175.707 2826.48
321.354 -569.244 2889.54
354.167 211.166 2700.78
221.398 24.292 2773.26
FRAME: 149
218.291 482.887 2643.42
70.2801 -34.4311 2721.58
59.5787 -853.784 3089.02
187.434 -148.33 2547.15
112.083 -162.967 2856.96
76.809 -544.677 2886.3
99.005 224.788 2747.23
223.529 214.546 2731.64
371.467 -12.112 2743.73
289.259 -921.202 3031.32
209.436 -118.902 2607.13
301.445 -178.051 2833.42
313.108 -566.528 2899.83
348.053 204.304 2716.05
215.147 22.0185 2788.41
FRAME: 150
195.479 490.769 2674.47
49.6656 -18.3788 2741.56
32.0962 -851.999 3139.87
162.479 -132.59 2542.87
98.0843 -160.567 2876.85
50.2559 -540.882 2946.23
85.0899 237.668 2764.71
208.317 227.691 2745.74
355.486 -14.0218 2750.78
290.15 -913.268 3035.49
196.779 -131.901 2613.89
288.66 -176.03 2847.87
306.247 -558.546 2909.34
331.543 217.714 2726.76
200.844 29.6962 2804.05
FRAME: 151
181.069 491.781 2696.36
24.9031 -4.46539 2770.38
19.8673 -860.786 3155.4
137.529 -126.741 2549.38
94.0688 -161.688 2900.39
34.6971 -532.9 2986.58
84.0607 242.162 2781.61
199.236 231.673 2758.18
344.048 -11.079 2751.84
291.654 -908.699 3040.57
201.909 -162.516 2654.78
279.488 -178.664 2863.13
303.099 -553.136 2916.22
314.41 221.183 2734.74
193.007 30.7482 2819.97
FRAME: 152
169.391 485.521 2712.76
10.8571 7.43471 2795.17
14.3286 -866.895 3166.94
99.9708 -117.55 2564.11
82.1019 -166.803 2931.25
28.1427 -538.119 3000.99
73.2497 231.237 2794.92
186.696 219.781 2767.92
316.007 -24.3437 2765.56
293.332 -905.127 3046.94
221.533 -195.456 2690.24
275.014 -186.746 2885.42
301.402 -551.87 2924.18
300.142 208.325 2740.92
182.627 21.503 2838.13
FRAME: 153
159.781 477.455 2725.03
2.57035 -10.4129 2801.81
13.4921 -867.826 3177.66
115.19 -131.173 2590.32
71.499 -178.951 2946.11
25.2451 -549.402 3012.56
43.5385 209.274 2811.46
160.657 203.117 2789.82
309.223 -31.8194 2782.5
295.892 -909.31 3066.83
209.875 -187.803 2713.06
273.976 -189.571 2910
299.78 -555.844 2938
277.776 196.959 2768.18
166.697 9.4279 2858.94
FRAME: 154
150.239 475.248 2735.47
-3.95789 -10.8656 2801.41
11.6506 -865.713 3183.23
105.306 -112.442 2566.84
61.5325 -184.347 2960.85
21.7028 -552.718 3019.6
28.8659 198.435 2832.5
150.634 193.986 2806.5
301.692 -43.4114 2795.6
299.644 -908.681 3074.09
203.358 -209.854 2703.41
269.698 -190.41 2920.22
299.111 -557.804 2940.15
272.403 189.537 2780.5
158.125 3.30397 2873.52
FRAME: 155
147.228 474.815 2740.01
-11.0712 11.1433 2799.51
12.0469 -865.551 3188.2
101.637 -115.023 2591.74
66.9773 -178.902 2977.11
22.2719 -551.627 3031.14
40.4118 201.093 2843.26
159.387 192.335 2808.66
298.386 -68.7639 2822.74
296.121 -905.33 3085.76
185.866 -190.273 2703.37
269.643 -193.015 2921.66
296.385 -556.699 2949.78
278.362 183.578 2774.06
163.848 3.18838 2879.02
FRAME: 156
142.847 482.178 2744.15
-9.973 23.3137 2795.61
7.021 -864.868 3187.65
98.3623 -105.79 2614
65.4881 -157.557 2992.95
15.5641 -544.495 3037.46
38.6786 223.91 2856.71
156.935 211.826 2817.12
303.312 -29.8959 2821.4
298.754 -902.271 3101.04
150.507 -154.529 2668.67
265.548 -177.873 2927.67
292.266 -539.253 2969.75
275.192 199.742 2777.53
161.227 22.0551 2888.71
FRAME: 157
142.55 491.722 2746.49
-17.3677 31.0573 2817.5
7.27208 -855.776 3189.9
95.515 -108.944 2630.47
58.3887 -148.322 2988.91
17.3445 -532.307 3036.61
41.6054 236.526 2854.59
159.993 223.681 2820.61
283.941 -6.63969 2824.07
290.005 -898.376 3110.29
132.01 -123.601 2639.74
255.496 -169.512 2933.12
284.117 -537.455 2974.82
278.38 210.836 2786.64
158.468 32.3819 2890.81
FRAME: 158
144.235 501.126 2751.05
-14.7875 31.9107 2829.11
0.192255 -851.943 3187.1
89.3395 -109.295 2634.6
49.788 -133.59 2989.13
9.80487 -520.196 3026.98
37.2048 254.219 2858.3
157.895 239.714 2825.49
282.158 -4.83953 2826.81
284.628 -889.356 3120.31
127.805 -127.505 2644.99
245.227 -156.96 2935.98
280.565 -526.473 2982.7
278.585 225.21 2792.68
152.701 47.2198 2894.03
FRAME: 159
144.797 498.649 2754.03
-11.9106 24.6642 2842.11
-9.59906 -847.463 3184.85
85.6771 -102.222 2607.44
49.673 -134.035 2993.23
-4.42055 -505.068 3017.58
33.5214 245.718 2869.54
156.324 230.88 2834.96
297.527 -12.9334 2840.15
278.503 -889.011 3140.09
134.701 -142.25 2667.14
242.148 -157.519 2938.57
278.593 -527.196 2989.97
279.127 216.043 2800.38
151.117 42.5519 2900.43
FRAME: 160
148.051 492.552 2763.32
-6.80321 16.2668 2828.81
-24.5507 -850.042 3186.67
105.802 -101.164 2591.45
48.0891 -141.687 2994.83
-19.5963 -507.746 3018.26
41.493 231.37 2868.65
161.649 215.127 2837.87
303.176 -33.1095 2846.77
276.309 -896.553 3152.89
173.219 -197.599 2707.46
239.692 -168.163 2944.97
277.349 -538.753 2997.33
281.804 198.884 2807.09
152.77 30.1007 2903.89
FRAME: 161
149.029 486.705 2769.99
-2.52111 5.23208 2812.16
-38.9556 -838.501 3192.14
90.9197 -87.5552 2560.61
48.4816 -149.208 3004.26
-25.2205 -505.103 3012.66
38.9325 227.199 2871.12
159.934 209.697 2841.27
301.818 -35.9809 2849.8
275.173 -897.778 3153.62
169.384 -167.994 2704.92
229.218 -175.657 2958.03
275.062 -543.397 2996.63
280.935 192.195 2811.41
149.392 23.6324 2911.21
FRAME: 162
148.292 486.15 2772.38
10.5652 -27.2713 2793.27
-57.9361 -826.48 3183.02
92.8211 -73.439 2553.63
42.1098 -148.451 3001.27
-38.9448 -491.817 3004.75
40.8599 223.063 2855.84
159.637 206.86 2833.38
303.229 -29.7778 2852.25
276.424 -902.495 3162.05
185.41 -222.493 2737.67
231.083 -174.306 2964.86
272.411 -546.332 3006.43
278.415 190.657 2810.92
148.117 22.7406 2908.23
FRAME: 163
147.482 486.388 2768.47
12.3573 -30.5433 2774.07
-78.9093 -821.796 3178.62
105.694 -89.3289 2557.73
30.6116 -147.884 2994.4
-55.5915 -484.564 3004.66
37.5379 219.275 2844.23
157.73 203.33 2829.29
289.992 -33.7746 2859.98
275.041 -905.492 3171.44
182.441 -221.937 2762.73
225.649 -173.568 2969.94
270.892 -551.033 3013.21
277.922 187.385 2814.35
142.93 21.3021 2905.73
FRAME: 164
146.149 486.903 2770.17
11.8601 -28.6462 2750.06
-97.3968 -811.647 3173.93
108.142 -65.3156 2564.8
13.7782 -143.232 2980.57
-64.3895 -471.894 3002.96
25.2855 220.001 2833.76
149.369 205.436 2829.52
285.631 -33.0937 2879.7
277.604 -913.23 3177.61
186.484 -212.68 2743.72
210.826 -166 2973.8
267.436 -552.742 3018.03
273.452 190.872 2825.29
130.836 25.4102 2903.35
FRAME: 165
141.315 489.043 2767.47
-2.20801 -25.9582 2755.31
-96.8009 -815.685 3172.39
120.522 -92.5624 2558.13
23.1908 -139.673 2974.49
-57.065 -475.933 3015
-6.5039 219.638 2822.87
127.332 215.264 2826.67
293.69 -7.11048 2887.66
274.827 -896.207 3171.63
188.204 -204.587 2753.81
198.41 -145.79 2979.2
255.212 -531.078 3013.14
261.167 210.891 2830.47
119.066 36.2665 2901.76
FRAME: 166
127.8 490.772 2765.49
-18.5495 -18.7358 2750.54
-123.761 -823.289 3186.97
146.586 -94.25 2573.09
7.34859 -143.725 2962.6
-71.9809 -485.06 3020.68
-25.1292 222.851 2813.29
101.913 224.651 2822.86
298.89 29.5275 2899.62
273.738 -894.622 3174.59
215.617 -215.746 2762.6
184.889 -141.485 2975.88
246.407 -530.127 3018.81
228.955 226.45 2832.43
99.0156 41.0229 2896.05
FRAME: 167
115.108 484.205 2761.02
-44.8911 -26.442 2770.57
-129.782 -830.898 3190.52
174.52 -108.154 2570.33
-4.41749 -150.306 2959.51
-81.3811 -503.309 3019.7
-34.8181 220.089 2813.47
94.0421 221.186 2825.21
288.201 33.7974 2907.31
268.396 -889.962 3175.78
220.221 -202.493 2739.32
172.719 -148.827 2975.68
242.447 -530.99 3018.8
222.902 222.284 2836.95
89.0965 35.81 2896.4
FRAME: 168
107.39 475.803 2758.8
-48.0587 -36.4031 2774.17
-132.004 -841.828 3197.76
202.824 -125.132 2600.13
-5.77424 -163.046 2962.17
-83.4101 -517.545 3025.32
-41.0771 209.941 2815.5
92.7016 210.937 2826.76
276.691 -8.83851 2899.32
261.402 -880.904 3171.3
252.01 -226.765 2721.91
172.537 -161.753 2977.23
242.484 -526.927 3016.22
226.48 211.932 2838.03
88.0415 24.2684 2898.23
FRAME: 169
107.614 469.505 2754.03
-39.327 -42.5409 2749.97
-132.634 -844.607 3193.03
229.731 -120.974 2601.5
-7.56434 -174.11 2955.64
-77.3451 -529.167 3021.52
-39.6335 203.28 2812.05
95.412 205.363 2827.48
276.216 -42.3318 2918.9
251.84 -876.208 3167.58
259.393 -166.289 2673.81
178.224 -171.293 2976.82
238.47 -535.792 3015.5
230.458 207.445 2842.91
90.371 16.3306 2896.85
FRAME: 170
115.02 462.02 2743.81
-40.0014 -48.6856 2759.73
-131.275 -855.072 3192.29
226.608 -115.721 2601.13
-9.75214 -180.05 2946.52
-79.9583 -541.588 3016.06
-31.0105 199.279 2800.64
102.697 201.717 2822.58
284.818 -49.5188 2923.99
238.719 -872.964 3166.63
300.007 -151.99 2666.63
183.011 -176.56 2978.18
236.099 -544.126 3018.91
236.404 204.155 2844.52
94.6632 11.7059 2892.46
FRAME: 171
127.093 459.161 2733.33
-21.6507 -46.2361 2753.39
-131.617 -854.872 3187.17
235.015 -118.243 2607.84
-10.4821 -180.726 2938.31
-73.3451 -543.047 3002.55
-18.3765 197.11 2788.25
111.391 199.106 2815.75
293.647 -46.0006 2925.31
222.648 -871.178 3163.65
333.02 -134.56 2653.19
184.249 -177.728 2979.63
236.795 -549.449 3017.84
241.159 201.103 2843.25
99.1374 9.93958 2887.36
FRAME: 172
151.252 461.509 2719.91
-8.21861 -41.6919 2745.33
-130.552 -852.656 3181.1
247.856 -125.656 2626.09
-6.80255 -179.994 2922.49
-68.0936 -549.003 2992.45
1.85009 198.243 2769.44
126.042 201.889 2807.22
315.337 -27.8734 2921.87
204.934 -880.292 3160.35
416.005 -132.656 2661.43
192.252 -174.145 2983.09
235.468 -553.166 3017.74
250.233 205.534 2845.01
109.383 12.4097 2880.01
FRAME: 173
191.363 458.037 2698.38
13.3338 -27.7655 2739.4
-125.133 -837.276 3158.12
303.736 -190.102 2638.72
16.4697 -181.16 2892.73
7.49529 -573.563 2927.65
40.3133 198.927 2737.35
154.767 204.437 2790.08
361.571 -7.37849 2910.42
193.849 -880.9 3155.83
533.286 -94.5852 2708.13
195.795 -172.429 2975.7
232.843 -551.259 3014.97
269.22 209.947 2842.8
130.449 13.8213 2862.15
FRAME: 174
218.904 451.563 2684.68
34.7548 -31.3811 2717.11
-123.195 -832.71 3139.65
314.603 -233.275 2634.76
34.2214 -180.995 2867.31
27.153 -575.636 2906.31
63.7147 197.259 2715.22
174.842 202.807 2774.98
381.209 -1.32722 2904.93
188.979 -882.575 3149.76
605.614 -76.5712 2724.22
204.17 -172.46 2958.9
237.299 -551.733 3005.99
285.97 208.356 2834.74
147.019 13.04 2844.04
FRAME: 175
245.792 442.038 2672.09
72.0946 -62.5759 2682.68
-116.695 -827.527 3110.28
314.569 -277.604 2609.09
46.7653 -183.764 2848.03
45.1306 -579.628 2885.68
90.2865 185.832 2693.77
200.88 190.491 2767.73
403.929 0.701547 2900.19
189.509 -885.282 3142.73
638.784 -66.7289 2733.83
207.124 -176.912 2955.38
244.79 -553.893 2993.93
311.474 195.15 2841.69
163.913 5.07662 2834.72
FRAME: 176
266.294 430.208 2656.06
87.2224 -73.8948 2660.43
-106.345 -830.634 3090.75
300.194 -326.904 2599.02
58.1694 -188.096 2839.44
57.1372 -584.279 2865.46
105.24 175.744 2677.56
212.24 182.822 2755.9
419.608 2.64992 2887.52
192.862 -887.728 3135.55
669.636 -54.6452 2729.68
210.938 -177.928 2951.35
251.848 -555.58 2985.75
319.24 189.9 2834.25
173.397 -0.0949013 2825.65
FRAME: 177
290.402 416.767 2636.31
94.2153 -87.0995 2637.04
-87.573 -850.458 3063.82
265.439 -368.526 2576.99
76.6587 -196.037 2825.76
77.8133 -589.894 2833.89
129.341 159.772 2651.45
229.415 172.644 2740.49
463.667 -15.1811 2837.15
195.195 -888.21 3132.04
702.724 -43.6208 2739.03
213.877 -178.381 2947.86
263.393 -563.66 2978.12
329.489 185.516 2829.53
187.342 -7.28251 2813.65
FRAME: 178
305.143 408.351 2619.69
97.523 -103.246 2622.83
-74.8595 -863.328 3035.98
217.649 -402.593 2569.73
84.4722 -201.912 2818.39
91.6846 -594.784 2810.36
148.403 151.187 2628.43
244.732 167.729 2721.47
477.178 -13.2443 2817.28
197.827 -893.324 3132.45
723.311 -31.607 2740.41
216.967 -179.087 2946.51
266.8 -569.491 2977.08
341.062 184.271 2814.5
197.726 -11.3851 2801.96
FRAME: 179
316.648 399.927 2602.36
112.978 -112.555 2583.16
-58.4566 -881.63 2987.32
179.8 -425.507 2569.59
95.25 -220.805 2769.45
102.235 -606.229 2776.63
172.78 137.774 2598.24
255.443 157.591 2700.46
482.464 -15.5538 2805.66
203.79 -883.716 3124.57
735.736 -28.2795 2734.52
222.919 -189.474 2928.21
286.123 -577.818 2951.3
338.106 177.409 2802.69
207.264 -23.7741 2774.64
FRAME: 180
327.429 392.435 2581.81
110.236 -114.204 2569.15
-23.439 -924.55 2892.8
91.1013 -365.669 2608.21
105.623 -227.882 2734.46
110.279 -609.728 2744.22
177.298 128.16 2568.08
260.912 149.19 2671.77
491.067 -14.2409 2790.86
205.216 -878.073 3125.69
729.26 -39.5948 2724.38
234.739 -193.523 2897.49
292.619 -580.143 2929.33
344.526 170.22 2775.47
215.547 -30.7564 2743.87
FRAME: 181
349.193 385.088 2512.09
100.236 -109.14 2526.89
36.6454 -963.948 2762.69
62.9369 -362.943 2567.32
102.346 -239.915 2693.3
122.817 -624.149 2652.45
185.214 120.837 2512.97
271.614 143.132 2607.18
502.133 -12.9379 2741.18
190.284 -895.223 3044.35
763.558 -37.4684 2663.64
250.178 -197.618 2860.44
306.774 -586.535 2896.81
358.013 165.428 2701.38
223.938 -37.817 2692.02
FRAME: 182
355.641 385.712 2474.07
73.272 -90.696 2517.29
81.7286 -970.324 2707.1
29.2831 -369.697 2454.23
113.377 -238.386 2633.45
154.404 -629.313 2600.48
173.102 125.816 2467.73
272.582 137.21 2553.74
516.321 -25.863 2681.77
172.166 -922.992 2985.53
765.05 -70.6842 2625.4
254.121 -216.75 2762.4
290.421 -598.225 2874.01
372.061 148.605 2639.74
228.166 -45.1786 2625.83
FRAME: 183
360.143 382.107 2432.17
71.2803 -95.8087 2491.52
112.446 -988.177 2645.09
28.9557 -393.447 2439.16
116.119 -241.425 2593.23
180.207 -637.171 2553.82
176.121 123.527 2426.87
277.001 133.385 2508.24
514.482 -34.4786 2637.79
180.603 -926.034 2958.34
780.062 -88.6645 2569.83
262.005 -220.458 2718.42
297.36 -589.037 2861.21
377.882 143.244 2589.61
233.032 -48.778 2582.04
FRAME: 184
363.59 366.403 2384.67
58.7108 -95.341 2456.27
142.207 -1007.75 2590.36
21.3321 -408.538 2418.17
118.56 -248.545 2562.93
203.31 -639.003 2523.44
169.191 117.335 2385.18
275.929 128.096 2461.73
510.651 -50.3518 2586.97
198.446 -933.769 2937.39
775.265 -131.779 2500.4
275.274 -229.248 2679.24
298.3 -585.223 2837.45
382.668 138.858 2538.28
236.423 -55.4001 2541.41
FRAME: 185
362.215 354.745 2352.89
55.4963 -114.585 2438.68
155.034 -1009.53 2570.83
27.3785 -436.679 2376.02
126.87 -266.924 2530.36
222.525 -655.296 2488.15
163.393 100.515 2360.61
273.586 109.485 2427.07
507.539 -82.7013 2509.28
211.772 -937.76 2923.89
763.777 -181.311 2399.86
288.178 -250.773 2630.69
308.477 -600.462 2785.35
383.78 118.454 2493.53
240.555 -74.682 2503.8
FRAME: 186
357.924 335.074 2323.92
54.1973 -133.923 2413.37
171.447 -1004.46 2615.35
35.9162 -460.701 2346.75
138.866 -280.5 2499.29
204.065 -660.846 2490.26
161.587 84.9405 2346.23
271.58 91.7533 2403.58
499.771 -111.603 2458.62
224.246 -954.522 2800.67
723.133 -244.744 2294.93
296.088 -267.777 2585.6
308.422 -612.314 2700.97
381.573 98.5661 2460.93
244.529 -91.1926 2473.01
FRAME: 187
355.361 313.381 2299.7
55.5568 -178.578 2366.31
175.034 -977.341 2689.65
58.4501 -495 2303.34
140.077 -303.817 2474.91
190.562 -672.82 2497.33
161.116 60.3096 2323.63
275.343 67.6028 2378.16
490.111 -140.954 2400.81
248.129 -962.653 2638.55
671.49 -270.641 2199.95
314.992 -289.308 2562.97
302.539 -633.57 2590.06
389.57 74.8959 2432.69
251.439 -114.48 2448.55
FRAME: 188
359.33 296.706 2271.17
58.636 -197.101 2349.43
177.155 -968.176 2718.07
83.4072 -516.091 2276.2
149.362 -318.597 2455.98
189.099 -694.61 2487.3
156.794 48.2516 2306.99
276.054 53.7703 2352.57
478.766 -158.078 2333.52
244.234 -980.914 2566.45
622.895 -282.386 2089.28
322.857 -307.764 2526.54
300.641 -648.08 2546.36
395.314 59.2889 2398.15
256.082 -129.705 2421.92
FRAME: 189
367.3 281.715 2241.87
68.9145 -200.827 2323.7
180.402 -977.938 2669.93
121.828 -484.602 2223.13
152.973 -319.516 2445.41
203.692 -696.815 2463.71
159.041 35.4378 2274.59
277.222 44.4115 2320.43
449.857 -150.483 2290.89
242.699 -981.408 2522.99
488.675 -249.632 1962.98
324.182 -303.144 2516.17
310.046 -663.023 2492.18
395.403 53.3852 2366.26
257.9 -133.459 2400.61
FRAME: 190
374.927 276.252 2214.38
75.867 -200.046 2311.36
181.162 -966.269 2661.42
148.315 -465.804 2207.63
162.956 -313.057 2440.64
233.471 -678.015 2395.1
157.298 30.4475 2254.1
277.591 40.1542 2296.45
441.208 -152.72 2266.15
241.014 -996.046 2456.46
450.677 -215.774 1925.87
321.488 -297.652 2499.19
310.081 -656.24 2500.42
397.885 49.8609 2338.79
259.907 -132.6 2383.18
FRAME: 191
380.788 275.806 2193
77.3482 -190.511 2300.11
173.082 -963.49 2613.29
165.013 -440.046 2194.14
160.852 -301.762 2434.97
231.29 -663.916 2389.24
158.008 38.6749 2245.62
278.139 45.7379 2282.45
422.901 -144.244 2220.94
233.775 -990.753 2515.06
407.527 -184.499 1905.34
321.145 -290.163 2486.5
321.309 -652.876 2578.2
398.27 52.8009 2319.27
259.569 -125.112 2371.59
FRAME: 192
385.346 277.792 2177.76
75.9575 -169.659 2295.67
181.69 -951.275 2610.46
163.885 -412.531 2181.28
157.728 -289.058 2432.81
235.688 -651.203 2384.88
154.927 50.5936 2235.31
276.698 54.7129 2266.28
409.858 -140.607 2183.77
218.318 -966.993 2593.15
380.796 -166.759 1897.53
323.773 -283.373 2475.15
319.947 -637.888 2589.24
398.469 58.8322 2297.25
258.724 -115.751 2360.13
FRAME: 193
389.488 285.968 2166.15
78.5497 -146.32 2298.33
174.938 -971.452 2513.51
166.866 -387.452 2187.88
152.751 -275.59 2426.47
229.538 -644.336 2386.89
160.361 71.7329 2230.98
278.919 71.5137 2252.71
400.156 -136.399 2176.76
211.304 -950.809 2713.21
361.008 -140.787 1887.09
321.827 -275.942 2456.31
320.931 -625.187 2604.51
397.476 71.2944 2274.44
258.104 -102.126 2347.05
FRAME: 194
391.044 289.639 2157.89
80.6772 -138.461 2297.42
188.988 -989.965 2487.62
161.513 -389.139 2199.69
156.023 -265.246 2430.05
228.21 -642.721 2395.39
160.217 80.2347 2228.06
282.252 78.3803 2251.05
388.38 -128.022 2168.73
206.601 -929.688 2740.65
351.954 -117.075 1878.41
320.179 -267.084 2461.93
318.343 -616.311 2597.36
404.288 76.5259 2274.03
260.177 -93.8924 2348.52
FRAME: 195
391.274 300.72 2153.35
78.975 -116.657 2306.61
194.102 -989.996 2481.46
136.024 -361.918 2218.93
163.911 -252.437 2422.57
227.024 -639.026 2396.13
157.409 98.9149 2229.49
280.14 99.5804 2252.68
402.495 -101.979 2159.31
202.912 -921.672 2753.2
363.683 -111.367 1888.95
328.177 -251.366 2453.81
316.906 -609.758 2595.33
402.871 100.246 2275.86
263.092 -76.1606 2345.43
FRAME: 196
390.92 310.311 2155.28
73.7428 -103.852 2313.71
193.453 -991.897 2481.4
124.146 -368.778 2230.14
171.641 -244.437 2416.62
228.499 -637.604 2395.49
158.229 111.532 2230.74
281.841 112.05 2252.66
398.812 -99.9003 2173.86
224.61 -936.093 2738.79
359.371 -122.909 1901.26
328.578 -243.399 2445.02
327.762 -608.955 2587.08
405.453 112.568 2274.57
265.975 -65.9339 2341.74
FRAME: 197
387.031 323.914 2166.12
72.8126 -105.744 2321.71
199.75 -982.525 2500.22
113.624 -367.421 2257.29
173.586 -246.136 2420.3
229.507 -636.334 2404.37
155.597 114.554 2244.36
280.944 112.731 2260.16
403.165 -98.1269 2174.16
220.025 -940.755 2696.1
372.512 -113.95 1914.39
333.728 -248.327 2440.7
342.312 -611.892 2573.19
406.291 110.909 2275.96
267.3 -67.25 2345.33
FRAME: 198
379.755 335.088 2177.24
71.5767 -108.442 2331.39
205.134 -989.979 2501.86
95.5324 -371.057 2288.32
175.072 -245.04 2420.05
229.964 -639.924 2411.56
153.006 118.767 2255.09
279.562 117.276 2269.06
405.971 -94.9655 2187.57
224.907 -943.032 2701
373.022 -121.005 1931.62
339.47 -246.889 2438.25
349.282 -613.681 2563.02
406.118 115.784 2283.02
268.416 -64.3445 2349.11
FRAME: 199
375.237 343.982 2189.3
68.4275 -104.602 2337.33
207.082 -991.243 2513.45
84.6386 -374.447 2304.69
174.938 -247.224 2423.31
225.004 -644.771 2425.45
150.878 124.223 2269.52
279.509 120.358 2279.45
408.691 -102.659 2216.46
225.766 -934.202 2701.4
380.37 -138.589 1961.8
338.793 -252.026 2435.93
356.762 -621.325 2553.87
408.139 116.493 2289.38
268.187 -64.6336 2354.54
FRAME: 200
362.634 359.499 2222.63
65.2809 -96.0032 2371.03
207.225 -998.115 2530.72
68.4243 -375.891 2345.12
171.747 -246.536 2431.5
220.222 -644.322 2446.73
152.118 128.552 2302.86
282.009 124.285 2316.86
411.726 -106.578 2280.03
241.581 -920.983 2778.62
394.937 -172.218 2032.25
341.929 -252.012 2449.92
354.672 -620.866 2574.07
411.901 120.018 2330.86
269.424 -62.4945 2378.78
FRAME: 201
352.168 368.497 2255.72
69.2299 -97.8664 2408.94
205.832 -1008.16 2547.25
67.6022 -386.282 2374.36
166.072 -245.836 2457.06
214.781 -646.729 2466.88
149.963 130.668 2329.47
283.154 125.456 2342.43
417.907 -103.389 2325.16
269.666 -922.471 2835.91
408.814 -188.597 2086.04
346.589 -252.494 2475.24
357.831 -629.664 2616.46
416.346 120.245 2355.38
269.742 -61.8543 2404.29
FRAME: 202
347.019 372.251 2283.63
65.5681 -110.586 2426.44
204.64 -1018.18 2563.79
62.1738 -386.255 2397.05
166.865 -249.275 2483.32
215.642 -654.446 2488.58
142.316 127.466 2360.27
280.507 123.592 2373.54
424.317 -98.9291 2374.09
286.178 -920.3 2887.95
415.632 -214.123 2134.15
351.003 -254.317 2501.18
368.746 -638.039 2651.27
418.699 119.717 2386.81
269.721 -64.1023 2432.9
FRAME: 203
335.511 366.184 2319.4
69.1339 -106.798 2445.51
205.732 -1014.29 2551.74
71.1493 -387.495 2413.11
160.175 -244.719 2498.52
213.563 -645.844 2503.05
141.291 135.634 2386.65
281.826 127.994 2399.04
422.945 -107.487 2389.31
295.637 -911.548 2897.53
416.937 -234.538 2164.18
343.816 -254.695 2514.7
359.573 -633.446 2662.25
422.362 120.354 2411.43
266.911 -60.8566 2452.82
FRAME: 204
336.106 372.102 2351.02
64.3958 -115.86 2475.83
209.209 -1016.38 2572.98
71.2337 -379.223 2442.73
158.232 -245.314 2529.36
219.98 -647.336 2533.04
139.163 137.096 2425.05
280.031 128.188 2432
427.22 -104.164 2425.35
298.689 -905.361 2940.93
421.907 -258.285 2212.68
343.552 -256.956 2538.58
363.845 -633.411 2691.46
420.9 119.28 2438.95
265.461 -61.4733 2482.99
FRAME: 205
336.49 374.521 2385.93
71.8754 -103.856 2496.58
211.075 -1005.19 2577.02
80.5256 -377.954 2459.67
158.521 -235.138 2555.36
222.463 -638.262 2560.91
144.844 148.003 2451.78
285.602 137.333 2462.16
438.975 -104.71 2469.64
305.988 -907.306 2964.97
421.094 -270.33 2262.25
339.957 -248.854 2569.04
359.211 -627.487 2716.89
426.36 126.663 2472.55
267.42 -52.3316 2512.18
FRAME: 206
334.442 379.437 2414.24
76.5238 -90.4057 2526.15
211.037 -996.719 2585.88
88.9458 -367.061 2479.68
156.74 -229.17 2590.23
218.107 -628.561 2597.82
147.207 158.382 2488.74
287.518 145.795 2494.93
447.698 -105.134 2498.62
298.201 -903.317 2977.68
421.215 -278.699 2294.76
340.941 -245.616 2598.45
361.221 -627.562 2738.31
427.83 133.208 2501.11
268.179 -45.7989 2544.63
FRAME: 207
331.509 385.48 2455.44
80.9693 -84.9041 2567.5
206.879 -982.061 2604.11
106.408 -346.276 2517.36
157.103 -220 2632.37
207.423 -616.872 2646.58
148.564 169.982 2531.33
290.074 156.048 2535.82
458.954 -115.267 2543.63
300.676 -895.934 3018.82
415.273 -293.298 2369.43
340.515 -238.065 2638.33
362.384 -619.926 2773.31
431.585 142.113 2540.3
269.442 -36.4924 2585.58
FRAME: 208
326.842 397.395 2490.72
83.3363 -79.28 2597.73
203.165 -970.702 2630.78
126.477 -329.328 2532.08
161.15 -213.534 2668.83
198.426 -606.294 2682.39
146.204 177.956 2567.2
288.391 165.038 2568.29
464.146 -112.457 2581.58
305.399 -890.994 3032.59
415.573 -288.782 2407.39
343.918 -230.202 2670.33
362.902 -597.409 2813.11
430.578 152.119 2569.37
270.462 -28.4153 2618.93
FRAME: 209
320.626 412.495 2523.56
84.3441 -72.4497 2629.52
164.298 -958.492 2683.71
146.182 -294.972 2536.72
162.487 -199.227 2708.77
179.914 -596.45 2709.67
141.114 190.645 2603.67
283.944 178.746 2600.58
464.78 -100.945 2619.41
309.137 -883.761 3053.22
406.445 -275.914 2465.2
344.986 -214.508 2704.92
364.825 -581.052 2841.47
426.775 166.847 2597.49
268.84 -14.0608 2653.71
FRAME: 210
312.721 431.077 2547.38
89.4678 -61.0778 2645.53
136.03 -953.778 2732.92
163.459 -272.114 2544.14
160.769 -180.457 2736.35
162.653 -581.392 2729.04
138.898 205.926 2624.43
281.896 194.513 2623.86
463.35 -81.1273 2653.89
313.243 -884.67 3058.72
387.147 -269.542 2501.64
342.006 -195.002 2735.69
360.946 -571.935 2853.47
424.893 183.099 2623.28
266.641 3.39141 2679.94
FRAME: 211
306.167 441.046 2567.87
85.0517 -84.3786 2672.12
112.209 -944.33 2784.54
178.14 -255.225 2540.08
154.376 -165.691 2760.86
148.533 -571.153 2741.39
135.578 223.559 2652.66
279.441 209.904 2649.88
456.895 -64.0588 2688.54
314.868 -884.421 3065.66
391.429 -266.511 2534.52
335.018 -182.855 2757.47
353.103 -563.973 2865.68
423.303 196.248 2647.11
262.069 17.8154 2704.52
FRAME: 212
292.49 448.697 2589.51
83.3888 -54.9789 2688.38
65.2781 -901.542 2879.32
196.513 -221.547 2532.35
148.621 -152.148 2787.08
125.567 -546.763 2759.25
126.182 234.344 2674.24
268.028 222.434 2670.26
440.069 -2.32376 2708.23
316.751 -882.889 3071.87
361.756 -257.335 2559.78
329.275 -167.345 2782.05
346.065 -552.761 2878.76
409.874 210.524 2666.28
253.488 31.3439 2727.41
FRAME: 213
279.906 463.267 2609.77
78.3754 -40.5771 2698
47.0428 -879.655 2922.92
207.043 -202.831 2523.83
144.891 -141.398 2803.92
107.07 -528.664 2769.58
116.478 244.837 2691.3
258.019 235.197 2686.94
441.831 8.23941 2727.39
321.512 -879.952 3067.19
354.554 -246.478 2581.14
325.574 -153.706 2798.38
340.599 -543.072 2884.87
399.561 225.557 2682.59
246.626 43.8227 2744.05
FRAME: 214
270.189 473.242 2627.2
71.6517 -29.7771 2705.74
23.588 -884.511 2974.32
217.846 -181.868 2520.9
140.537 -137.851 2814.4
87.1637 -521.627 2790.9
110.323 251.081 2703.82
250.458 242.735 2697.7
443.216 12.2052 2733.68
322.372 -883.96 3063.6
340.84 -237.739 2605.14
323.412 -148.777 2806.34
336.189 -540.211 2888.09
390.594 234.388 2691.58
241.216 49.7101 2754.03
FRAME: 215
257.267 477.559 2642
62.0771 -22.651 2709.58
9.69462 -882.863 3014.58
212.262 -175.512 2522.23
134.301 -133.779 2824.43
74.6255 -515.524 2815.38
102.337 253.382 2711.8
243.209 246.563 2709.28
437.665 4.31909 2745.36
321.998 -885.131 3065.83
310.941 -216.281 2603.67
317.859 -142.694 2821.12
329.949 -537.707 2896.11
384.081 239.743 2706.76
234.645 54.163 2766.03
FRAME: 216
244.118 483.282 2655.12
52.8783 -19.252 2709.02
-4.72869 -876.918 3070.81
217.929 -157.27 2511.71
127.722 -130.228 2833.69
54.4629 -510.38 2847.78
88.9735 253.134 2721.01
232.276 248.725 2722.58
427.426 5.13185 2768.82
321.662 -882.107 3062.26
317.837 -215.146 2640.62
310.295 -135.677 2835.72
323.97 -532.566 2899.75
375.579 244.317 2724.15
225.642 57.8866 2778.64
FRAME: 217
231.286 488.532 2672.85
44.5763 -18.9359 2712.29
-17.5799 -873.777 3107.25
218.019 -145.837 2521.37
125.13 -126.582 2842.42
44.6082 -508.23 2863.29
79.55 256.307 2737.57
224.145 253.928 2739.39
420.23 -0.0765325 2790.86
320.873 -875.83 3064.16
296.709 -204.09 2646.46
307.95 -129.326 2844.79
315.272 -522.587 2901.6
368.74 251.548 2741.21
220.343 62.9869 2791.5
FRAME: 218
212.883 491.43 2686.05
34.4705 -19.8502 2716.69
-26.4663 -875.352 3139.53
214.011 -140.814 2525.21
112.681 -132.715 2850.37
32.2601 -514.529 2890.95
65.7574 252.654 2746.84
209.046 251.414 2747.47
407.353 -3.82763 2798.27
317.592 -884.533 3061.82
275.845 -199.604 2655.54
297.676 -134.226 2851.2
309.527 -528.828 2908.06
352.336 250.174 2748.11
207.113 58.9718 2799.13
FRAME: 219
184.933 488.298 2707.45
25.4934 -28.5154 2724.77
-28.9682 -877.229 3162.17
199.014 -140.393 2537.95
99.4577 -142.33 2864.84
12.5713 -520.981 2932.53
50.0709 245.724 2762.51
188.377 247.836 2763.36
381.495 3.63823 2809.54
314.969 -881.056 3066.36
255.463 -200.555 2675.36
286.238 -139.784 2865.85
297.655 -525.498 2907.21
326.684 249.948 2764.22
190.612 53.3892 2814.36
FRAME: 220
169.027 485.245 2721.83
21.8573 -37.806 2725.33
-29.7378 -870.518 3170.58
187.707 -133.519 2545.34
88.9037 -144.817 2872.1
6.47211 -519.362 2945.65
43.9825 238.082 2770.81
178.193 240.893 2773.17
366.246 4.46089 2820.36
315.965 -882.914 3063.34
246.172 -205.612 2690.42
276.817 -141.876 2874.95
292.246 -526.535 2903.54
312.404 243.704 2775.52
180.527 48.7732 2823.35
FRAME: 221
154.342 480.434 2737.9
17.3938 -42.8426 2723.69
-34.9883 -868.704 3167.7
172.654 -140.574 2550.78
65.7471 -156.857 2876.35
-5.9319 -524.479 2955.84
32.2936 223.826 2779.39
158.558 227.719 2789.3
347.212 -2.10712 2826.46
312.977 -892.212 3065.15
237.842 -223.336 2693.62
254.047 -151.96 2891.57
288.641 -536.276 2910.44
284.823 231.612 2799.21
159.228 36.6552 2836.63
FRAME: 222
149.552 478.534 2743.02
16.2027 -47.2661 2727.74
-36.3829 -868.332 3181.94
171.523 -149.71 2592.2
54.1016 -156.968 2882.28
-9.10524 -525.392 2969.82
25.8838 222.225 2785.19
153.633 224.487 2793.13
332.888 -9.55584 2831.13
313.108 -894.223 3075.76
218.274 -221.463 2692.99
249.931 -154.664 2894.82
285.617 -537.609 2918.83
281.381 226.749 2801.07
152.825 34.3354 2840.84
FRAME: 223
143.314 480.76 2742.48
10.3729 -43.7196 2724.11
-33.572 -862.845 3190.84
173.562 -162.882 2591.19
47.0683 -149.86 2892.33
-6.8065 -518.302 2989.29
18.4611 227.547 2784.45
148.881 229.7 2795.61
322.598 -11.5106 2835.72
315.099 -890.992 3077.16
221.349 -238.803 2706.63
238.693 -147.297 2909.96
284.678 -534.136 2929.39
279.301 231.854 2806.78
145.881 40.561 2848.38
FRAME: 224
136.762 484.805 2750.03
7.95748 -41.2394 2727.48
-29.8597 -870.145 3190.21
167.957 -162.923 2604.32
46.0625 -146.3 2897.68
-2.29096 -522.344 2991.6
11.5149 233.41 2788.79
143.183 236.685 2797.95
318.065 -18.225 2835.76
312.814 -880.612 3076.93
206.111 -232.044 2703.03
236.914 -142.583 2911.2
277.806 -522.349 2932.58
274.85 239.96 2807.1
142.335 46.1217 2851.19
FRAME: 225
135.925 487.258 2751.32
7.68265 -41.1921 2729.4
-28.3162 -864.367 3189.61
157.013 -155.419 2613.02
41.2336 -150.412 2903.85
-3.23877 -518.008 3005.19
12.2094 235.095 2792.94
142.093 237.075 2800.15
304.802 -11.1792 2835.46
311.698 -884.714 3078.41
208.964 -225.439 2721.97
237.665 -148.612 2914.39
277.036 -525.873 2938.61
271.976 239.056 2807.36
140.771 43.7816 2854.63
FRAME: 226
136.464 487.055 2753.36
5.41713 -40.0854 2737.56
-27.4344 -867.451 3191.61
154.285 -158.38 2605.15
36.5717 -152.34 2907.72
-4.51233 -521.127 3013.9
14.1738 234.701 2797.97
142.619 233.869 2802.64
297.924 -19.2023 2829.75
311.819 -890.167 3079.47
212.178 -235.819 2722.24
232.826 -154.571 2914.69
276.424 -530.08 2942.1
271.064 233.038 2807.3
138.659 40.2066 2856.92
FRAME: 227
134.184 492.747 2761.31
0.639147 -27.6371 2746.93
-28.6022 -867.021 3196.04
154.677 -168.035 2609.63
44.3642 -139.68 2909.72
-0.854194 -506.279 3019.35
10.0895 248.81 2810.56
142.064 248.237 2813.34
303.532 -19.3289 2833.17
309.932 -879.904 3081.09
211.454 -230.732 2708.79
231.426 -141.422 2912.76
270.619 -518.203 2943.28
274.039 247.665 2816.13
139.98 53.843 2862.29
FRAME: 228
137.798 492.192 2760.61
2.2595 -23.8852 2752.22
-29.3411 -867.33 3204.53
138.857 -156.884 2610.6
50.4552 -134.652 2913.16
9.09318 -499.535 3030.33
15.5236 246.957 2809.49
144.756 246.992 2815.41
309.564 -27.0851 2830.88
311.336 -880.919 3091.5
213.612 -247.387 2704.14
229.921 -135.266 2920.64
272.049 -515.856 2956.68
273.988 247.028 2821.32
142.472 56.0166 2866.15
FRAME: 229
148.364 496.567 2760.13
6.69295 -16.3685 2754.51
-26.3176 -858.424 3207.81
139.642 -169.851 2604.93
57.0966 -126.241 2914.51
17.7292 -494.136 3029.29
22.5026 251.184 2805.58
149.995 251.36 2816.45
315.544 -27.9966 2835.82
311.432 -880.162 3086.81
240.402 -275.888 2717.29
225.896 -126.3 2928.06
270.603 -513.172 2958.57
277.487 251.535 2827.31
145.745 62.5446 2868.87
FRAME: 230
157.866 502.82 2764.94
8.7373 -9.5002 2765.42
-24.6481 -863.997 3199.02
136.451 -172.219 2620.97
63.2626 -121.208 2912.43
22.4576 -495.061 3027.16
27.7972 261.649 2811.97
159.137 258.771 2819.27
325.631 -24.3282 2843.05
312.383 -875.688 3082.86
236.175 -253.913 2713.94
228.199 -124.697 2921.68
274.837 -507.247 2960.9
290.476 255.893 2826.57
152.434 67.9093 2868.16
FRAME: 231
167.442 506.113 2765.37
8.57326 -5.69522 2780.54
-21.7099 -866.341 3194.5
127.523 -176.133 2616.34
71.4029 -117.779 2911.1
27.4618 -490.353 3022.06
29.1335 267.706 2815.12
164.93 265.439 2822.35
337.842 -13.0986 2852.15
314.123 -879.023 3085.49
230.295 -236.062 2708.89
237.299 -120.274 2920.27
277.283 -506.513 2970.34
300.726 263.172 2829.59
159.64 73.2063 2869.02
FRAME: 232
176.252 505.013 2769.15
10.2413 -5.38606 2791.73
-19.0527 -869.16 3197.91
125.637 -189.11 2624.09
77.9298 -115.439 2908.26
33.1911 -489.341 3020.24
37.8186 271.684 2813.8
174.052 269.957 2824.18
338.638 -5.74092 2847.98
315.522 -878.908 3089.46
252.982 -237.58 2725.75
248.177 -117.334 2921.66
279.971 -506.168 2978.56
310.286 268.229 2834.57
168.553 76.7849 2869.57
FRAME: 233
187.532 504.483 2770.39
13.2769 -4.48443 2787.7
-21.0401 -871.216 3195.35
122.075 -209.932 2634.55
82.2088 -113.222 2895.81
39.455 -490.257 3013.54
44.7211 278.174 2810.19
182.537 276.517 2824.19
353.148 -1.0114 2849.44
313.333 -876.754 3090.85
272.472 -252.327 2748.77
257.872 -115.238 2914.02
282.301 -502.47 2983.02
320.353 274.861 2838.19
176.289 81.1438 2864.55
FRAME: 234
201.497 506.547 2771.91
30.1629 -5.17054 2800.46
-17.1239 -871.492 3188.15
120.706 -262.412 2700.67
97.7771 -112.51 2903.05
47.2101 -494.037 2996.12
65.3736 275.406 2811.26
198.321 272.6 2823.16
364.736 -0.278189 2858.23
318.377 -875.089 3101.99
254.601 -262.05 2744.94
267.801 -116.022 2919.57
287.099 -503.06 2990.59
331.268 269.794 2835.06
190.555 79.167 2867.24
FRAME: 235
217.262 503.859 2766.75
32.5761 -8.29494 2803.81
-19.96 -874.663 3186.21
105.727 -253.133 2678.79
104.345 -118.363 2904.2
51.5042 -502.839 2983.62
73.3166 273.639 2811.85
210.496 269.375 2823.7
382.526 2.65351 2880.33
313.007 -875.88 3108.97
291.215 -253.837 2762.85
277.658 -123.906 2919.78
290.344 -503.621 3003.21
347.676 265.11 2835.55
200.749 74.1199 2867.84
FRAME: 236
229.329 498.854 2761
35.817 -15.7152 2801.86
-19.8941 -876.124 3183.2
108.142 -274.026 2722.52
107.793 -121.108 2909.37
56.612 -506.33 2973.51
79.3729 268.576 2808.55
218.084 264.898 2823.84
419.935 6.325 2899.8
309.521 -870.083 3119.51
371.116 -258.569 2811.43
285.41 -125.909 2928.85
297.835 -505.573 3010.94
356.794 261.221 2839.14
207.343 70.6949 2871.48
FRAME: 237
241.018 500.172 2762.21
38.7624 -19.3905 2803.61
-18.2118 -873.523 3170.45
86.2831 -289.618 2729.17
112.284 -123.31 2910.96
73.0901 -506.949 2962.7
86.7274 268.598 2806.71
225.297 264.726 2823.32
435.423 17.2446 2905.67
312.267 -876.35 3114.4
450.035 -262.598 2848.59
292.507 -128.354 2932.48
302.793 -510.753 3010.66
363.867 260.855 2839.93
213.846 69.4472 2872.52
FRAME: 238
261.417 499.46 2753.81
40.829 -23.6945 2805.81
-7.18097 -868.892 3147.43
69.561 -314.218 2748.93
123.606 -120.981 2906
86.1625 -501.27 2929.17
100.604 269.052 2800.39
239.951 265.154 2819.69
456.587 24.9874 2906.21
316.198 -879.744 3111.77
484.809 -267.782 2881.62
306.556 -126.16 2931.09
310.617 -513.585 3011.62
379.297 261.255 2838.98
227.516 70.7916 2869.11

