FRAME: 0
0 0 0
0 0 0
0 0 0
0 0 0
0 0 0
0 0 0
0 0 0
0 0 0
0 0 0
0 0 0
0 0 0
0 0 0
0 0 0
0 0 0
0 0 0
FRAME: 1
0 0 0
0 0 0
0 0 0
0 0 0
0 0 0
0 0 0
0 0 0
0 0 0
0 0 0
0 0 0
0 0 0
0 0 0
0 0 0
0 0 0
0 0 0
FRAME: 2
0 0 0
0 0 0
0 0 0
0 0 0
0 0 0
0 0 0
0 0 0
0 0 0
0 0 0
0 0 0
0 0 0
0 0 0
0 0 0
0 0 0
0 0 0
FRAME: 3
0 0 0
0 0 0
0 0 0
0 0 0
0 0 0
0 0 0
0 0 0
0 0 0
0 0 0
0 0 0
0 0 0
0 0 0
0 0 0
0 0 0
0 0 0
FRAME: 4
0 0 0
0 0 0
0 0 0
0 0 0
0 0 0
0 0 0
0 0 0
0 0 0
0 0 0
0 0 0
0 0 0
0 0 0
0 0 0
0 0 0
0 0 0
FRAME: 5
0 0 0
0 0 0
0 0 0
0 0 0
0 0 0
0 0 0
0 0 0
0 0 0
0 0 0
0 0 0
0 0 0
0 0 0
0 0 0
0 0 0
0 0 0
FRAME: 6
0 0 0
0 0 0
0 0 0
0 0 0
0 0 0
0 0 0
0 0 0
0 0 0
0 0 0
0 0 0
0 0 0
0 0 0
0 0 0
0 0 0
0 0 0
FRAME: 7
0 0 0
0 0 0
0 0 0
0 0 0
0 0 0
0 0 0
0 0 0
0 0 0
0 0 0
0 0 0
0 0 0
0 0 0
0 0 0
0 0 0
0 0 0
FRAME: 8
0 0 0
0 0 0
0 0 0
0 0 0
0 0 0
0 0 0
0 0 0
0 0 0
0 0 0
0 0 0
0 0 0
0 0 0
0 0 0
0 0 0
0 0 0
FRAME: 9
0 0 0
0 0 0
0 0 0
0 0 0
0 0 0
0 0 0
0 0 0
0 0 0
0 0 0
0 0 0
0 0 0
0 0 0
0 0 0
0 0 0
0 0 0
FRAME: 10
0 0 0
0 0 0
0 0 0
0 0 0
0 0 0
0 0 0
0 0 0
0 0 0
0 0 0
0 0 0
0 0 0
0 0 0
0 0 0
0 0 0
0 0 0
FRAME: 11
0 0 0
0 0 0
0 0 0
0 0 0
0 0 0
0 0 0
0 0 0
0 0 0
0 0 0
0 0 0
0 0 0
0 0 0
0 0 0
0 0 0
0 0 0
FRAME: 12
0 0 0
0 0 0
0 0 0
0 0 0
0 0 0
0 0 0
0 0 0
0 0 0
0 0 0
0 0 0
0 0 0
0 0 0
0 0 0
0 0 0
0 0 0
FRAME: 13
0 0 0
0 0 0
0 0 0
0 0 0
0 0 0
0 0 0
0 0 0
0 0 0
0 0 0
0 0 0
0 0 0
0 0 0
0 0 0
0 0 0
0 0 0
FRAME: 14
0 0 0
0 0 0
0 0 0
0 0 0
0 0 0
0 0 0
0 0 0
0 0 0
0 0 0
0 0 0
0 0 0
0 0 0
0 0 0
0 0 0
0 0 0
FRAME: 15
0 0 0
0 0 0
0 0 0
0 0 0
0 0 0
0 0 0
0 0 0
0 0 0
0 0 0
0 0 0
0 0 0
0 0 0
0 0 0
0 0 0
0 0 0
FRAME: 16
0 0 0
0 0 0
0 0 0
0 0 0
0 0 0
0 0 0
0 0 0
0 0 0
0 0 0
0 0 0
0 0 0
0 0 0
0 0 0
0 0 0
0 0 0
FRAME: 17
0 0 0
0 0 0
0 0 0
0 0 0
0 0 0
0 0 0
0 0 0
0 0 0
0 0 0
0 0 0
0 0 0
0 0 0
0 0 0
0 0 0
0 0 0
FRAME: 18
0 0 0
0 0 0
0 0 0
0 0 0
0 0 0
0 0 0
0 0 0
0 0 0
0 0 0
0 0 0
0 0 0
0 0 0
0 0 0
0 0 0
0 0 0
FRAME: 19
0 0 0
0 0 0
0 0 0
0 0 0
0 0 0
0 0 0
0 0 0
0 0 0
0 0 0
0 0 0
0 0 0
0 0 0
0 0 0
0 0 0
0 0 0
FRAME: 20
0 0 0
0 0 0
0 0 0
0 0 0
0 0 0
0 0 0
0 0 0
0 0 0
0 0 0
0 0 0
0 0 0
0 0 0
0 0 0
0 0 0
0 0 0
FRAME: 21
0 0 0
0 0 0
0 0 0
0 0 0
0 0 0
0 0 0
0 0 0
0 0 0
0 0 0
0 0 0
0 0 0
0 0 0
0 0 0
0 0 0
0 0 0
FRAME: 22
0 0 0
0 0 0
0 0 0
0 0 0
0 0 0
0 0 0
0 0 0
0 0 0
0 0 0
0 0 0
0 0 0
0 0 0
0 0 0
0 0 0
0 0 0
FRAME: 23
0 0 0
0 0 0
0 0 0
0 0 0
0 0 0
0 0 0
0 0 0
0 0 0
0 0 0
0 0 0
0 0 0
0 0 0
0 0 0
0 0 0
0 0 0
FRAME: 24
0 0 0
0 0 0
0 0 0
0 0 0
0 0 0
0 0 0
0 0 0
0 0 0
0 0 0
0 0 0
0 0 0
0 0 0
0 0 0
0 0 0
0 0 0
FRAME: 25
0 0 0
0 0 0
0 0 0
0 0 0
0 0 0
0 0 0
0 0 0
0 0 0
0 0 0
0 0 0
0 0 0
0 0 0
0 0 0
0 0 0
0 0 0
FRAME: 26
0 0 0
0 0 0
0 0 0
0 0 0
0 0 0
0 0 0
0 0 0
0 0 0
0 0 0
0 0 0
0 0 0
0 0 0
0 0 0
0 0 0
0 0 0
FRAME: 27
0 0 0
0 0 0
0 0 0
0 0 0
0 0 0
0 0 0
0 0 0
0 0 0
0 0 0
0 0 0
0 0 0
0 0 0
0 0 0
0 0 0
0 0 0
FRAME: 28
0 0 0
0 0 0
0 0 0
0 0 0
0 0 0
0 0 0
0 0 0
0 0 0
0 0 0
0 0 0
0 0 0
0 0 0
0 0 0
0 0 0
0 0 0
FRAME: 29
0 0 0
0 0 0
0 0 0
0 0 0
0 0 0
0 0 0
0 0 0
0 0 0
0 0 0
0 0 0
0 0 0
0 0 0
0 0 0
0 0 0
0 0 0
FRAME: 30
0 0 0
0 0 0
0 0 0
0 0 0
0 0 0
0 0 0
0 0 0
0 0 0
0 0 0
0 0 0
0 0 0
0 0 0
0 0 0
0 0 0
0 0 0
FRAME: 31
0 0 0
0 0 0
0 0 0
0 0 0
0 0 0
0 0 0
0 0 0
0 0 0
0 0 0
0 0 0
0 0 0
0 0 0
0 0 0
0 0 0
0 0 0
FRAME: 32
0 0 0
0 0 0
0 0 0
0 0 0
0 0 0
0 0 0
0 0 0
0 0 0
0 0 0
0 0 0
0 0 0
0 0 0
0 0 0
0 0 0
0 0 0
FRAME: 33
0 0 0
0 0 0
0 0 0
0 0 0
0 0 0
0 0 0
0 0 0
0 0 0
0 0 0
0 0 0
0 0 0
0 0 0
0 0 0
0 0 0
0 0 0
FRAME: 34
0 0 0
0 0 0
0 0 0
0 0 0
0 0 0
0 0 0
0 0 0
0 0 0
0 0 0
0 0 0
0 0 0
0 0 0
0 0 0
0 0 0
0 0 0
FRAME: 35
0 0 0
0 0 0
0 0 0
0 0 0
0 0 0
0 0 0
0 0 0
0 0 0
0 0 0
0 0 0
0 0 0
0 0 0
0 0 0
0 0 0
0 0 0
FRAME: 36
0 0 0
0 0 0
0 0 0
0 0 0
0 0 0
0 0 0
0 0 0
0 0 0
0 0 0
0 0 0
0 0 0
0 0 0
0 0 0
0 0 0
0 0 0
FRAME: 37
0 0 0
0 0 0
0 0 0
0 0 0
0 0 0
0 0 0
0 0 0
0 0 0
0 0 0
0 0 0
0 0 0
0 0 0
0 0 0
0 0 0
0 0 0
FRAME: 38
0 0 0
0 0 0
0 0 0
0 0 0
0 0 0
0 0 0
0 0 0
0 0 0
0 0 0
0 0 0
0 0 0
0 0 0
0 0 0
0 0 0
0 0 0
FRAME: 39
0 0 0
0 0 0
0 0 0
0 0 0
0 0 0
0 0 0
0 0 0
0 0 0
0 0 0
0 0 0
0 0 0
0 0 0
0 0 0
0 0 0
0 0 0
FRAME: 40
167.495 303.415 1957.67
75.4968 -23.5599 2596.14
148.641 -815.612 2521.27
-223.368 -120.208 2402.18
115.469 -148.606 2333.06
130.915 -568.046 2372.53
168.367 32.533 2364.12
238.758 11.1859 2263.23
198.321 -34.678 1905.54
325.813 -940.757 2567.37
14.1711 -174.224 1995.66
226.658 -182.325 2173.7
271.171 -640.17 2375.6
309.15 -10.1611 2162.34
204.911 -77.1397 2258.3
FRAME: 41
150.253 312.631 2002.24
73.5977 48.458 2394.01
240.436 -832.182 2518.21
-112.493 55.3219 2429.7
180.137 -185.582 2396.73
173.57 -526.52 2409.72
155.257 174.173 2257.39
206.671 106.257 2143.62
215.652 -155.245 2054.1
237.083 -930.661 2516.7
64.7611 -349.744 2005.78
231.246 -253.162 2282.72
225.333 -607.213 2368.68
258.085 38.3418 2029.85
206.181 -56.5573 2241.67
FRAME: 42
147.412 313.071 1994.78
108.13 33.5611 2426.18
55.1728 -692.025 2336.21
-23.0287 12.3665 2341.98
149.607 -194.743 2362.66
123.587 -516.044 2339.46
159.511 157 2252.43
205.977 93.6811 2143.13
234.83 -154.291 2061.37
232.053 -850.118 2442.49
122.849 -349.501 2006.71
201.042 -261.853 2248.34
226.569 -591.834 2366.17
252.443 30.3618 2033.83
190.651 -67.3086 2224.32
FRAME: 43
137.933 310.892 2009.96
97.2241 49.3044 2431.31
110.154 -714.953 2264.59
-10.9291 61.2194 2369.91
162.507 -207.91 2394.47
171.802 -524.547 2402.11
145.199 140.599 2266.75
203.896 70.1767 2151.42
256.241 -181.763 2053.31
252.211 -858.004 2500.07
177.705 -428.184 1964.46
223.861 -272.003 2287.13
235.396 -594.901 2343.15
262.594 -0.245956 2036.08
198.54 -84.8899 2246.11
FRAME: 44
134.813 311.527 2027.48
134.02 25.2931 2442.22
157.618 -766.913 2322.61
-15.3061 68.176 2408.49
182.592 -213.01 2351.29
166.966 -554.079 2407.48
157.822 140.782 2270.45
195.234 78.8158 2141.34
235.723 -177.226 1995.76
240.746 -816.022 2395.15
211.232 -441.213 1903.63
212.731 -264.661 2240.05
228.038 -589.246 2273.34
232.646 16.8496 2012.23
196.448 -80.0098 2218.51
FRAME: 45
129.006 313.864 2032.26
152.958 38.3424 2464.37
182.556 -782.946 2244.1
-4.37741 91.6613 2475.19
192.508 -204.787 2363.82
162.56 -549.203 2381.24
161.517 142.805 2265.68
190.289 77.3823 2133.93
238.242 -180.463 1968.08
237.486 -842.528 2369.35
249.245 -412.696 1841.89
220.67 -275.41 2233.14
237.001 -586.93 2280.45
219.061 11.96 2002.18
198.439 -81.3581 2216.21
FRAME: 46
124.026 314.646 2040.61
148.319 39.8198 2453.77
192.418 -809.556 2309.53
-56.5571 120.304 2521.79
202.456 -220.572 2349.69
164.677 -552.845 2371.82
159.299 140.237 2266.31
188.756 76.722 2131.81
257.39 -184.123 1924.57
247.131 -860.607 2314.47
258.255 -397.455 1788.39
228.056 -273.419 2231.52
256.635 -554.466 2187.53
218.214 13.2072 1997.32
202.006 -85.1366 2211.21
FRAME: 47
122.599 315.34 2043.26
136.152 54.74 2470.25
203.995 -840.588 2351.8
-37.9139 121.453 2522.01
199.406 -219.09 2354.44
170.434 -573.292 2377.55
149.145 145.972 2268.91
185.161 79.8408 2129.3
279.611 -182.986 1883.68
248.11 -815.061 2291.19
273.972 -436.461 1707.29
229.161 -271.111 2220.6
246.766 -560.01 2198.16
221.177 13.7098 1989.68
199.722 -82.6299 2208.41
FRAME: 48
117.756 319.344 2040.27
119.717 89.3494 2485.61
216.292 -810.404 2358.78
-31.8146 127.069 2560.58
195.205 -210.287 2380.48
176.63 -554.828 2385.78
142.793 166.896 2261.99
185.652 87.2013 2122.53
291.887 -174.684 1907.02
244.694 -806.681 2295.94
347.845 -378.117 1725.41
229.238 -272.446 2250.69
250.639 -546.957 2203.82
228.512 7.50646 1983.07
198.937 -77.0826 2219.06
FRAME: 49
116.888 320.721 2045.47
124.216 86.3996 2423.56
205.006 -775.78 2330.03
21.1841 84.426 2438.93
201.24 -206.473 2375.83
182.47 -550.171 2389.12
131.62 169.684 2241.88
185.976 94.1553 2111.7
323.996 -158.316 1907.88
226.958 -770.05 2275.74
362.468 -370.103 1701.59
241.857 -258.451 2257.56
262.372 -492.195 2159.84
240.333 18.6262 1981.53
203.762 -69.1534 2214.2
FRAME: 50
115.063 322.387 2047.6
120.738 87.6975 2430.1
224.306 -665.159 2251.89
-19.681 109.227 2458.29
202.512 -196.189 2378.45
186.387 -535.368 2438.92
128.232 169.755 2251.38
185 96.4412 2119.33
334.771 -152.185 1892.18
236.54 -725.052 2241.82
417.556 -344.589 1682.85
248.887 -244.444 2242.37
259.56 -498.552 2206.16
241.767 23.1276 1987.28
205.349 -61.9377 2214.87
FRAME: 51
115.132 324.119 2048.66
93.2096 107.621 2458.44
236.753 -627.229 2268.57
-24.5912 101.861 2451.87
198.094 -187.804 2386.59
186.403 -518.744 2458.46
121.143 181.034 2239.22
185.216 106.428 2115.88
344.887 -131.593 1911.78
237.798 -712.39 2226.83
386.67 -346.198 1678.34
245.9 -239.766 2276.94
259.452 -472.777 2234.15
249.289 31.8224 1992.54
203.607 -53.6784 2223.82
FRAME: 52
116.069 328.413 2051.09
87.8069 114.493 2457.41
229.147 -582.257 2237.64
-31.8293 112.772 2477.67
186.814 -174.167 2404.31
173.809 -506.18 2470.19
123.395 183.006 2243.04
187.132 105.048 2124.05
358.043 -139.679 1900.9
232.319 -697.35 2167.34
428.519 -313.256 1692.02
244.857 -241.136 2286.77
254.037 -495.711 2192.74
250.868 27.0902 2005.06
201.483 -51.3018 2234.8
FRAME: 53
115.423 331.825 2052.66
89.0994 118.649 2435.07
221.893 -621.55 2199.33
-39.5052 104.551 2484.2
186.651 -176.827 2409.16
169.342 -502.345 2486.75
121.979 185.665 2240.76
190.444 106.707 2122.74
362.749 -129.925 1900.7
238.146 -696.601 2199.09
392.604 -339.932 1631.57
251.669 -224.624 2284.34
254.641 -444.344 2169.56
258.909 27.7482 2004.72
204.802 -47.0094 2234.74
FRAME: 54
116.565 332.636 2052.17
71.0257 121.349 2460.55
232.907 -573.253 2216.08
-61.4484 114.454 2514.65
179.711 -171.064 2398.67
167.681 -506.262 2428.73
123.385 180.734 2239.71
189.944 109.003 2118.78
369.502 -126.537 1903.93
233.405 -742.563 2309.87
331.467 -359.665 1589.32
249.616 -236.212 2247.16
247.173 -480.2 2222.35
256.503 37.2721 1997.85
202.304 -47.3174 2220.85
FRAME: 55
118.564 337.675 2048.23
80.5441 111.193 2456.2
232.038 -602.795 2284.09
-90.7332 143.81 2455.8
175.849 -160.91 2385.47
154.902 -496.771 2492.23
122.992 181.431 2234.37
190.924 111.766 2111.08
376.675 -129.011 1912.3
250.136 -659.461 2207.49
378.6 -326.409 1637.53
256.21 -228.973 2215.74
267.181 -473.048 2216.72
258.856 42.1012 1987.79
203.477 -41.5875 2205.84
FRAME: 56
120.446 343.963 2042.5
71.1928 123.081 2449.69
234.332 -588.912 2336.22
-107.598 168.462 2478.85
174.539 -158.428 2425.9
151.486 -466.037 2512.75
110.372 201.592 2229.39
194.281 112.263 2113.1
396.083 -163.068 1927.39
259.25 -656.404 2149.68
401.791 -351.06 1660.05
257.97 -243.022 2311.45
289.647 -447.541 2140.93
278.19 22.9346 1996.81
205.268 -44.2308 2240.89
FRAME: 57
120.977 344.856 2045.94
94.685 97.6717 2453.02
230.663 -640.039 2326.89
-82.8566 143.072 2476.47
175.853 -168.326 2402.37
162.542 -504.713 2477.61
123.841 190.783 2248.83
193.172 123.137 2121.24
381.368 -120.986 1905.02
265.935 -654.95 2214.81
431.725 -319.797 1690.92
255.75 -231.761 2220
305.505 -395.489 2070.04
262.503 55.4911 1993.64
204.487 -38.453 2216.21
FRAME: 58
126.384 351.017 2050.93
100.811 96.3557 2444.25
220.011 -595.695 2280.79
-73.2896 140.454 2442.01
174.754 -153.893 2385.12
160.521 -499.036 2491.83
123.255 198.47 2252.45
192.851 130.923 2127.84
378.5 -110.407 1907.79
274.419 -614.338 2179.26
350.81 -370.027 1647.19
248.616 -229.08 2246.03
308.586 -403.973 2093.12
262.448 63.3756 2003.22
202.268 -30.2819 2221.71
FRAME: 59
129.262 355.644 2049.1
108.13 90.8114 2447.58
221.139 -651.515 2345.14
-92.4299 145.262 2489.24
174.407 -162.607 2411.66
151.068 -493.922 2495.85
125.841 199.945 2259.14
194.84 127.113 2127.98
383.24 -127.675 1930.53
281.74 -628.951 2167.43
449.298 -328.216 1744.42
257.429 -245.911 2238.07
291.473 -443.797 2120.66
263.838 54.2808 1996.82
205.379 -38.573 2226.43
FRAME: 60
132.042 353.104 2059.79
107.822 80.1655 2434.65
221.968 -597.771 2231.98
-84.3516 127.868 2451.57
175.524 -147.287 2366.98
175.955 -492.567 2427.67
125.163 192.725 2260.62
192.873 136.878 2136.33
376.178 -92.0796 1935.47
259.332 -642.978 2201.97
441.499 -337.262 1771.19
253.836 -212.225 2217.38
288.96 -478.005 2175.9
260.583 81.0311 2012.05
203.777 -21.439 2214.26
FRAME: 61
135.648 363.059 2054.26
77.0108 100.391 2485.59
210.137 -634.908 2327.04
-82.8264 130.562 2519.14
175.727 -171.991 2411.03
144.08 -508.266 2516.41
121.994 207.534 2270.54
196.094 135.093 2143.17
379.698 -122.622 1943.69
262.21 -610.237 2030.79
435.647 -297.331 1747.66
246.614 -238.84 2282.87
277.452 -466.2 2131.64
270.193 62.6514 2015.8
203.632 -35.1614 2245.06
FRAME: 62
137.679 363.489 2062.79
85.9701 99.0717 2483.73
206.311 -650.544 2328.06
-86.7273 111.025 2504.56
176.097 -177.518 2393.89
153.116 -522.525 2499.28
124.425 196.131 2279.16
194.894 134.012 2148.19
380.177 -110.151 1949.05
272.335 -627.692 2092.42
423.705 -327.877 1768.83
248.71 -238.097 2249.45
286.602 -447.793 2123.81
265.364 71.8938 2017.21
203.649 -36.8976 2234.93
FRAME: 63
135.827 364.909 2066.11
93.8876 91.2677 2486.5
216.726 -644.812 2318.23
-87.2585 112.665 2518.59
177.428 -180.609 2397.75
159.2 -525.481 2506.42
121.482 197.821 2284.17
193.126 136.387 2152.88
383.506 -108.67 1958.68
250.446 -598.494 2035.26
434.109 -321.13 1793.04
248.199 -238.009 2258.14
279.549 -460.417 2114.39
264.769 74.9528 2021.58
202.969 -36.461 2240.41
FRAME: 64
137.28 368.797 2073.2
96.1816 83.6674 2467.16
218.41 -630.785 2326.1
-96.4744 71.7264 2445.42
176.811 -176.809 2408.9
174.17 -512.815 2443.82
117.897 203.611 2287.58
192.004 139.187 2157.8
387.447 -109.062 1974.29
246.135 -573.63 2102.76
440.951 -324.647 1825.2
248.05 -237.018 2278.4
267.154 -462.416 2090.62
266.111 74.7631 2028.02
202.217 -33.8632 2250.73
FRAME: 65
133.713 368.035 2088.59
100.596 69.8296 2462.27
211.098 -636.555 2219.99
-70.8463 56.8692 2435.16
171.628 -164.038 2393.98
170.315 -492.949 2416.89
113.438 198.96 2291.65
192.184 140.142 2166.34
384.872 -87.5372 2005.44
209.367 -565.938 1914.49
409.968 -341.641 1889.7
250.162 -221.817 2265.22
263.007 -483.146 2103.3
270.931 81.3235 2041.03
201.54 -26.3927 2247.97
FRAME: 66
131.357 370.68 2107.43
113.646 65.6276 2472.27
183.773 -600.05 2298.83
-41.6007 -16.5825 2406.99
175.783 -166.711 2403.22
147.88 -505.964 2428.69
113.342 198.897 2299
191.144 140.203 2174.41
375.095 -65.7886 2012.42
179.389 -612.916 2325.79
419.294 -286.125 1926.29
252.07 -221.251 2276.47
253.529 -493.591 2118.98
268.946 81.5095 2049.81
202.535 -26.8888 2257.13
FRAME: 67
129.603 373.477 2117.81
114.291 52.3701 2479.41
147.64 -650.031 2379.78
-25.9009 -68.8264 2378.99
162.166 -173.4 2389.46
136.798 -523.957 2428.3
112.847 186.467 2311.72
183.489 149.425 2183.25
381.501 -52.1178 2058.94
194.384 -609.667 2342.28
410.832 -271.216 1950.09
250.382 -219.981 2217.23
270.058 -504.496 2153.1
254.132 112.383 2054.79
194.882 -23.6326 2243.3
FRAME: 68
122.726 329.474 2121.82
116.429 41.66 2473.94
65.1229 -582.556 2297.73
-55.9159 -65.7416 2357.43
170.426 -175.056 2402.4
140.79 -526.018 2446.62
101.32 173.069 2304.83
177.15 137.335 2182.79
386.537 -58.6838 2050.51
144.582 -589.814 2381.99
359.352 -320.75 1993.54
256.034 -219.059 2258.95
235.809 -504.487 2153.05
252.979 101.6 2060.75
195.19 -29.8614 2256.73
FRAME: 69
128.411 381.696 2128.43
115.844 24.8586 2476.64
115.897 -544.416 2296.28
-17.5316 -105.793 2369.95
152.404 -181.796 2388.93
118.687 -525.594 2386.59
112.548 186.739 2318.94
183.23 150.149 2201.14
386.399 -55.0869 2084.11
199.536 -662.686 2387.43
348.007 -295.756 2009.42
266.17 -228.15 2254.91
252.772 -483.579 2207.57
253.913 113.56 2083.35
196.259 -27.4119 2261.53
FRAME: 70
119.147 348.452 2136.49
105.319 27.3519 2465.86
131.206 -520.127 2415.58
-51.7636 -162.597 2328.39
157.174 -175.329 2390.81
100.746 -483.668 2364.46
91.5083 175.128 2309.4
177.095 145.031 2193.36
396.003 -54.0693 2083.06
175.893 -615.714 2425.37
327.326 -293.111 2024.75
264.684 -213.138 2256.59
248.906 -506.727 2238
262.682 114.934 2077.31
194.012 -24.6014 2258.53
FRAME: 71
117.534 350.69 2142.16
100.414 13.156 2479.7
167.823 -499.619 2421.45
-61.402 -179.413 2275.57
164.81 -164.435 2400.66
126.82 -460.428 2410.51
95.1834 192.625 2338.58
180.208 154.981 2212.32
402.297 -62.5055 2083.24
216.112 -607.652 2436.99
240.238 -287.278 2062.66
257.885 -205.956 2262.37
230.901 -520.501 2283.35
265.234 117.338 2086.06
195.778 -15.1071 2271.92
FRAME: 72
126.3 387.072 2152.79
100.492 14.0704 2487.34
199.52 -526.337 2427.94
-50.9284 -186.58 2288.35
164.234 -155.862 2404.67
130.749 -463.721 2415.41
96.0801 199.632 2353.14
179.832 164.505 2227.11
399.443 -47.3475 2098.19
242.926 -601.418 2382.69
239.481 -255.737 2087.84
253.659 -194.306 2267.45
233.208 -519.005 2283.01
263.583 129.378 2101.07
194.389 -5.28953 2281.58
FRAME: 73
126.34 395.654 2162.22
103.947 21.9276 2480.19
192.461 -409.09 2450.42
-51.1384 -151.319 2229.59
165.485 -143.936 2418.75
148.695 -474.537 2430.82
97.0749 193.928 2355.15
177.506 158.033 2233.96
388.239 -58.9266 2108.23
238.782 -503.77 2404.41
182.258 -241.737 2134.44
255.539 -182.879 2282.43
218.001 -393.617 2277.43
257.937 122.137 2112.78
194.009 -2.68753 2292.28
FRAME: 74
131.099 394.307 2178.67
104.797 36.7448 2497.76
212.929 -438.449 2458.97
-47.9639 -116.358 2241.5
163.955 -128.933 2435.15
134.742 -473.924 2448.93
92.5473 200.269 2354.16
174.474 164.362 2243.08
369.866 -53.9349 2156.55
252.442 -572.112 2419.24
163.971 -196.896 2188.03
256.702 -167.647 2307.74
206.828 -355.271 2256.15
256.4 128.455 2131.99
192.401 8.03619 2307.26
FRAME: 75
130.756 396.388 2180.91
100.001 32.7925 2488.33
206.705 -488.005 2502.22
-65.5601 -87.3238 2287.56
158.591 -125.493 2434.28
144.345 -461.817 2462.77
90.9048 194.744 2359.14
175.944 159.468 2249.41
373.677 -56.0288 2149.87
262.804 -626.347 2418.05
164.768 -202.803 2193.95
254.4 -163.163 2312.44
218.332 -415.355 2311.41
260.983 124.191 2139.67
191.22 7.56982 2311.38
FRAME: 76
131.869 398.904 2198.97
98.6435 37.7201 2485.69
190.442 -412.949 2483.54
-101.287 15.4624 2358.22
152.693 -100.498 2446.74
135.017 -447.263 2448.61
88.7899 202.607 2364.15
170.083 164.253 2259.02
352.052 -60.2263 2180.24
249.582 -610.942 2410.3
158.29 -124.722 2225.86
242.386 -143.508 2328.85
222.276 -385.703 2304.31
251.376 125.898 2153.9
183.811 21.1249 2323.41
FRAME: 77
132.523 398.036 2191.92
86.2405 38.3921 2495.58
211.618 -569.856 2534.06
-5.57446 -87.5526 2292.61
156.294 -114.559 2470.84
145.55 -439.076 2536.64
104.401 202.677 2374.65
168.717 172.616 2267.32
322.651 -45.0758 2191.63
245.063 -641.135 2440.29
136.578 -128.858 2239.14
214.978 -136.475 2355.46
215.195 -408.845 2319.41
233.033 142.555 2159.99
177.177 23.5496 2340.23
FRAME: 78
134.14 398.624 2199.3
3.38461 89.5214 2524.56
223.885 -603.683 2544.64
6.51888 -65.3663 2313.58
164.877 -112.585 2483.61
150.842 -467.017 2543.69
107.828 216.663 2409.35
166.412 180.872 2286.59
290.802 -34.6896 2198.97
239.751 -702.892 2463.65
125.689 -121.522 2217.08
215.207 -144.943 2359.21
214.524 -496.405 2351.53
224.995 145.081 2163.82
178.227 26.054 2354
FRAME: 79
135.585 400.609 2196.36
-24.6021 104.298 2541.24
246.074 -747.094 2599.35
-24.1568 -48.2093 2344.78
160.303 -119.895 2484.73
147.938 -471.182 2570.71
92.9159 232.299 2426.86
164.341 189.712 2292.88
271.927 -43.8865 2204.01
242.552 -831.176 2498.29
136.056 -113.047 2227.39
234.321 -167.25 2344.86
215.625 -521.396 2372.37
235.767 147.125 2158.9
180.827 23.0697 2353.84
FRAME: 80
136.729 401.277 2207.78
-31.1925 125.866 2562.38
238.515 -713.523 2585.3
-40.4924 -21.7104 2368.11
165.886 -133.16 2487.54
149.487 -494.542 2574.45
99.2565 228.971 2441.27
165.705 189.963 2306.26
223.011 -14.9543 2194.89
236.472 -832.971 2475.03
71.7509 -53.7389 2283.78
230.946 -172.429 2355.89
211.661 -520.496 2377.04
232.153 150.955 2171.26
182.06 18.584 2363.99
FRAME: 81
137.462 402.897 2202.56
-26.3049 131.437 2566.93
245.639 -759.143 2628.23
-57.3127 7.09049 2399.6
164.043 -137.863 2493.19
153.615 -494.305 2589.79
104.484 228.447 2440.92
168.584 188.64 2307.61
180.665 -51.8424 2197.45
236.144 -813.136 2475.19
11.925 -22.1767 2315.88
229.675 -180.038 2358.11
210.276 -524.283 2385.15
232.684 148.833 2174.29
182.722 14.8451 2366.63
FRAME: 82
139.581 401.347 2221.18
-25.9759 150.385 2571.91
244.042 -717.513 2628.98
-74.535 52.4215 2413.61
169.533 -138.86 2499.09
165.555 -516.289 2610.01
117.552 229.845 2455.01
174.042 189.963 2319.95
169.167 -16.631 2195.17
231.036 -841.795 2477.97
-17.9569 37.0553 2379.31
224.492 -177.513 2368.05
202.345 -529.442 2386.29
230.533 150.08 2184.9
185.527 15.8883 2376.76
FRAME: 83
140.565 403.416 2224.6
-18.5236 178.078 2587.27
250.091 -739.109 2607.4
-54.8605 92.9457 2452.14
173.956 -135.619 2497.68
166.733 -507.682 2607.32
122.398 231.096 2461.97
175.662 191.576 2324.45
150.878 17.1622 2210.7
231.073 -842.49 2475.06
-1.66277 36.1446 2364.44
223.689 -172.684 2369.09
199.676 -526.815 2388.54
228.926 152.055 2186.93
187.242 18.712 2378.92
FRAME: 84
140.546 403.692 2218.79
-5.85418 233.889 2594
242.386 -736.042 2632.89
-66.3007 72.9494 2431.19
170.475 -141.711 2512.92
161.786 -511.453 2627.52
116.768 229.118 2450.59
170.49 187.352 2319.53
160.407 1.7239 2209.75
234.618 -848.587 2487.61
32.9534 21.5381 2332.25
226.602 -184.393 2381.24
201.45 -536.723 2402.67
224.212 145.587 2188.48
184.514 12.1499 2383.31
FRAME: 85
141.772 406.71 2224.8
17.3079 230.159 2578
245.246 -735.147 2616.45
-48.4101 88.5331 2422.97
174.427 -145.75 2511.15
162.2 -512.858 2644.13
120.666 232.67 2450.38
169.919 191.999 2321.13
141.428 5.91978 2230.97
230.951 -845.923 2484.88
62.0082 74.7123 2347.02
223.062 -185.93 2383.8
201.222 -531.985 2418.1
219.172 151.328 2191.89
184.332 13.0792 2384.3
FRAME: 86
142.347 407.896 2224.63
12.3503 240.622 2552.41
240.37 -729.504 2633.37
-29.5401 79.3497 2394.05
171.86 -145.348 2518.03
164.763 -515.796 2640.51
116.172 234.925 2449
166.584 192.718 2321.75
140.592 4.94712 2232.04
232.553 -860.997 2491.88
82.2237 46.4443 2326.64
222 -187.274 2391.61
198.243 -536.489 2422.49
216.995 150.511 2194.51
181.757 13.2035 2388.29
FRAME: 87
142.021 408.42 2226.26
15.0255 255.388 2535.7
243.116 -774.778 2598.62
-13.1788 96.438 2368.6
172.068 -141.987 2518.14
171.568 -511.216 2621.34
112.237 239.387 2446.88
162.303 195.088 2318.35
124.147 14.2762 2237.67
230.339 -855.128 2492.96
94.898 75.5314 2345.39
220.575 -184.755 2394.22
194.968 -533.063 2423.33
212.369 150.788 2189.83
179.312 15.8582 2387.27
FRAME: 88
142.302 405.303 2237.87
14.9158 231.491 2521.92
242.942 -790.45 2583.26
0.200841 58.6697 2356.07
169.896 -146.855 2518.84
170.099 -524.804 2613.3
110.219 241.914 2455.33
157.869 199.353 2324.37
131.06 15.4769 2230.33
236.141 -861.418 2486.99
77.8995 124.806 2366.48
215.303 -187.025 2394.78
196.869 -545.433 2422.77
205.518 156.793 2193.41
175.234 16.2067 2390.59
FRAME: 89
141.184 407.049 2230.88
17.1622 261.794 2532.55
247.447 -816.456 2605.83
-12.7326 82.6215 2374.83
171.579 -142.968 2506.51
174.596 -521.591 2563.44
110.911 233.346 2434.19
159.239 197.992 2325.22
171.548 86.4243 2251.7
228.247 -848.845 2511.37
140.054 125.317 2336.58
217.178 -176.693 2401.47
191.492 -538.024 2427.63
207.568 162.639 2216.25
176.809 19.0808 2389.6
FRAME: 90
139.977 405.859 2228.3
27.3769 290.463 2529.13
243.099 -822.031 2615.62
-18.0414 91.1137 2374.66
166.084 -144.094 2476.96
172.35 -524.434 2542.94
102.143 239.189 2427.98
158.281 213.883 2335.97
165.37 94.9767 2270.1
230.765 -842.647 2507.84
160.9 151.218 2306.5
216.813 -164.012 2399.86
191.786 -533.727 2422.1
214.419 188.577 2243.97
174.865 29.9151 2387.19
FRAME: 91
139.137 402.274 2220.26
16.0722 279.477 2524.68
237.929 -842.676 2591.97
-12.2623 63.8431 2342.5
160.618 -144.763 2457.95
170.898 -532.09 2506.3
92.8815 242.373 2430.05
158.289 225.663 2350.28
233.09 189.663 2278.92
231.189 -848.616 2485
140.549 185.685 2303.82
215.063 -156.409 2401.79
191.636 -530.325 2416.41
223.696 208.953 2270.5
173.065 37.5385 2390.07
FRAME: 92
139.945 396.695 2216.5
15.0753 294.894 2520.85
228.056 -854.463 2583.25
-8.6145 58.6791 2329.21
160.236 -134.072 2453.2
168.689 -511.301 2480.02
90.0432 243.844 2428.42
152.156 225.917 2343.9
212.132 199.61 2273.59
233.787 -851.246 2479.28
202.69 280.26 2314.84
210.631 -147.897 2387.63
187.335 -519.597 2404.26
214.269 207.991 2259.38
168.795 42.4665 2382.16
FRAME: 93
152.715 392.963 2216.2
21.938 300.084 2506.86
222.497 -846.603 2573.91
-17.4866 84.5826 2334.02
159.139 -120.687 2441.23
165.09 -498.527 2461.64
90.7575 252.717 2411.44
159.763 236.067 2345.82
244.462 219.686 2329.97
235.078 -846.836 2486.71
206.098 264.724 2296.15
214.899 -132.929 2398.19
189.477 -511.311 2408.87
228.769 219.417 2280.2
173.391 54.6291 2382.76
FRAME: 94
169.046 394.641 2215.9
25.0828 280.348 2475.92
207.94 -843.834 2544.59
-9.69233 86.9829 2309.8
157.514 -114.014 2429.49
161.498 -499.333 2448.06
91.9216 252.153 2386.47
163.03 243.875 2333.63
234.773 205.635 2281.3
242.47 -836.049 2479.89
242.263 340.368 2274.87
225.268 -113.955 2403.25
194.148 -495.577 2397.65
234.139 235.598 2280.79
177.211 64.9455 2375
FRAME: 95
163.032 392.445 2207.86
30.8714 302.485 2455.23
214.014 -836.789 2539.83
-7.98266 104.809 2290.4
160.491 -112.171 2412.68
164.018 -488.453 2447.74
82.5848 258.067 2368.56
157.611 253.932 2315.76
265.317 261.037 2364.97
225.826 -830.587 2474.6
237.126 288.729 2241.97
219.661 -114.638 2374.44
192.15 -493.13 2399.13
232.637 249.797 2262.96
173.844 70.2637 2354.66
FRAME: 96
173.671 403.51 2245.06
6.81224 292.728 2397.09
208.112 -841.514 2510.52
9.95655 99.1824 2285.28
167.126 -107.208 2411.35
165.354 -494.025 2436.56
94.9735 253.049 2335.25
157.899 236.252 2279.95
238.667 223.628 2267.14
230.459 -852.706 2472.24
191.519 301.286 2171.87
214.926 -119.165 2376.07
182.498 -494.819 2392
220.825 219.455 2224.65
174.463 61.5325 2336.83
FRAME: 97
177.301 402.968 2241.68
-2.7049 245.582 2400.04
211.991 -849.628 2520.32
10.0538 78.9458 2286.55
168.088 -115.148 2406.39
165.073 -501.908 2432.45
93.1104 242.454 2327.38
155.881 226.775 2263.38
215.493 252.507 2234.62
224.972 -831.759 2482.83
212.54 315.355 2192.38
213.085 -124.99 2368.8
177.336 -507.374 2379.15
218.651 211.095 2199.39
173.233 53.3528 2325.49
FRAME: 98
191.096 400.263 2229.46
17.589 199.478 2386.03
216.478 -858.308 2515.86
-11.3068 120.555 2293.47
172.347 -108.956 2388.61
166.451 -491.044 2422.93
92.1478 238.528 2322.99
154.201 217.614 2250.62
198.714 228.398 2197.66
227.839 -831.219 2476.54
192.845 359.911 2167.5
208.624 -118.129 2354.45
174.99 -501.045 2371.62
216.254 196.701 2178.25
172.343 52.0357 2311.07
FRAME: 99
195.823 386.29 2208.93
19.0367 244.549 2355.66
206.217 -832.489 2490.93
9.19919 129.624 2248.28
165.66 -103.313 2365.44
160.728 -477.424 2401.32
89.552 262.443 2291.7
169.502 260.755 2279.49
251.689 231.217 2276.82
230.77 -816.163 2471.45
264.71 361.939 2205.54
225.671 -102.819 2369.48
191.409 -485.047 2379.48
249.453 259.067 2267.28
182.584 78.8446 2323.47
FRAME: 100
186.538 369.697 2179.43
9.98341 214.45 2346.35
211.574 -856.508 2479.79
-12.0505 107.423 2241.46
173.699 -112.12 2363.4
164.376 -499.889 2396.07
101.982 248.095 2269.44
181.083 241.657 2251.03
217.786 212.577 2207.81
223.029 -819.125 2460.91
217.545 317.857 2210.79
223.182 -112.648 2360.81
182.821 -493.85 2363.13
260.184 235.219 2232.61
189.762 64.6362 2306.57
FRAME: 101
180.415 368.339 2171.7
-3.40444 196.564 2344.3
212.919 -845.705 2479.24
-1.59574 108.104 2222.75
170.69 -113.65 2369.77
172.38 -500.305 2412.21
81.5946 239.265 2286.55
166.889 223.928 2235.85
218.201 173.946 2164.98
220.41 -831.986 2462.82
213.611 266.584 2174.26
226.08 -121.609 2339.6
189.072 -493.609 2351.67
252.184 208.59 2185.14
182.637 53.149 2295.27
FRAME: 102
155.787 341.133 2086.21
-8.51793 196.269 2323.41
207.677 -859.103 2475.33
10.2259 115.109 2205.58
167.891 -135.538 2359.73
164.369 -512.384 2392.47
82.8877 217.187 2274.33
165.238 195.372 2213.66
190.443 105.8 2171.42
218.845 -829.791 2472.75
187.267 244.198 2161.69
221.717 -146.186 2324.71
195.105 -502.407 2352.95
247.588 173.558 2152.99
180.021 27.255 2277.94
FRAME: 103
151.522 332.39 2079.41
8.74943 188.666 2338.61
216.844 -868.609 2501.45
20.8176 93.5627 2195.69
180.338 -146.735 2362.34
175.244 -518.251 2395.65
101.191 192.417 2275.17
168.217 151.107 2187.13
142.633 50.6053 2128.47
216.526 -857.243 2451.57
137.898 216.353 2202.98
219.715 -165.538 2320.21
192.176 -516.069 2340.39
235.244 109.797 2099.09
184.122 -2.5146 2264.21
FRAME: 104
153.195 326.771 2064.64
21.0232 225.925 2367.49
208.929 -857.56 2493.35
-3.9223 71.002 2195.98
183.296 -143.889 2384.96
168.62 -502.332 2385.96
139.953 186.332 2280.74
182.235 126.55 2180.27
117.984 23.4125 2147.46
219.733 -891.997 2453.95
83.7315 138.639 2198.49
215.814 -185.447 2316.66
186.58 -546.608 2345.06
224.518 66.7677 2079.81
190.895 -19.059 2265.54
FRAME: 105
156.04 320.661 2056.7
1.85881 218.981 2383.47
212.917 -850.997 2484.76
-41.3554 43.4554 2239.33
181.486 -144.253 2383.12
168.222 -521.089 2380.19
136.806 187.758 2287.3
181.349 120.582 2170.91
119.264 -20.245 2106.75
212.232 -879.999 2454.76
51.96 93.0847 2219.11
211.88 -189.302 2304.22
192.852 -551.418 2359.73
225.892 53.4054 2054.52
189.016 -23.098 2257.29
FRAME: 106
153.817 315.389 2032.62
2.57495 196.702 2402.89
214.433 -840.054 2479.3
-105.844 2.38139 2303.86
186.751 -151.48 2384.51
171.715 -529.048 2377.71
149.259 189.01 2286.76
188.955 118.624 2163.39
137.193 -59.9716 2082.23
211.87 -870.695 2459.76
48.5703 -20.7515 2186.36
215.612 -205.154 2291.29
183.964 -557.42 2341.99
228.65 48.2389 2040.02
195.068 -29.8463 2250.64
FRAME: 107
154.109 313.577 2034.56
-4.68567 137.497 2395.36
211.794 -849.869 2470.02
-129.407 -15.2942 2320.35
193.968 -155.829 2381.49
171.557 -534.877 2371.69
153.532 178.432 2275.62
187.698 108.343 2154.74
137.436 -86.5282 2097.59
214.527 -875.983 2445.62
-57.7633 -124.962 2213.38
221.327 -214.22 2281.38
197.464 -567.6 2346.09
221.863 38.2532 2033.87
197.673 -38.3408 2243.09
FRAME: 108
150.266 312.196 2017.95
14.487 114.158 2412.06
216.972 -851.753 2470.16
-189.783 51.9659 2371.4
198.009 -178.697 2377.11
183.703 -545.419 2377.44
155.32 166.44 2265.63
191.362 99.6887 2144
139.106 -114.298 2074.85
205.342 -851.934 2477.37
-87.9751 -198.02 2213.51
230.772 -240.051 2265.86
196.948 -579.051 2339.92
227.404 32.9374 2022.38
202.876 -54.8426 2232.74
FRAME: 109
150.428 310.401 2031.27
48.365 115.381 2425.41
231.142 -865.432 2460.49
-205.952 21.1227 2396.99
193.914 -160.535 2376.93
175.537 -543.06 2382.47
161.862 161.733 2265.02
193.88 93.2906 2147.49
161.429 -141.215 2044.52
219.608 -868.914 2466.45
-48.8673 -209.713 2179.14
224.943 -229.817 2261.3
199.833 -581.033 2324.84
225.898 24.8476 2029.97
201.654 -50.9428 2233.3
FRAME: 110
146.596 311.964 2001.86
90.1795 91.2328 2443.35
174.621 -781.706 2438.1
-110.961 148.387 2480.79
193.693 -198.939 2386.31
156.928 -530.089 2409.28
168.209 149.545 2247.72
194.692 78.9574 2130.48
173.962 -163.02 2027.67
226.52 -862.858 2474.39
-47.3119 -332.011 2099.12
221.693 -274.745 2261.51
180.794 -600.506 2319.72
221.174 8.36994 2013.25
201.192 -78.9423 2227.2
FRAME: 111
146.4 309.62 2018.6
116.526 82.2672 2429.92
84.6926 -705.556 2395.84
-37.5582 165.636 2457.54
184.272 -187.772 2343.17
134.303 -533.529 2388.72
185.917 147.909 2259.83
193.226 91.8546 2135.68
201.297 -106.134 2023.69
226.916 -874.617 2415.65
20.0032 -310.606 2015.13
192.091 -246.595 2217.82
210.165 -594.271 2286.56
200.535 35.7999 2011.52
190.704 -62.6646 2208.09
FRAME: 112
143.927 309.931 2015.45
118.847 85.092 2437.93
75.1956 -701.812 2314.54
-27.7426 168.245 2470.08
183.316 -182.472 2352.53
129.304 -503.087 2308.01
191.758 143.026 2258.47
196.226 85.577 2134.75
205.534 -125.657 1968.61
236.417 -877.447 2432.57
30.8935 -339.485 1960.25
186.825 -252.043 2205.63
224.896 -585.766 2288.85
200.695 28.1285 2011.04
190.648 -65.8402 2206.92
FRAME: 113
140.865 309.453 2017.35
123.945 91.6298 2439.71
154.84 -820.223 2345.04
-24.5246 190.057 2491.51
188.953 -204.332 2327.83
148.652 -541.402 2306.83
182.479 137.96 2253.88
196.836 84.9708 2128.57
211.305 -141.092 1926.13
236.599 -879.502 2453.01
85.7637 -379.944 1846.87
202.388 -258.206 2201.02
244.116 -581.339 2315.21
211.193 31.9813 2003.26
196.253 -73.149 2196.5
FRAME: 114
136.855 313.706 2019.19
137.533 86.486 2443.41
149.618 -825.111 2350.68
-11.7768 186.522 2522.32
186.925 -220.37 2298.26
149.782 -563.238 2332.57
169.233 131.907 2244.53
192.164 82.1967 2116.12
212.5 -146.617 1905.03
233.845 -856.025 2471.57
121.389 -383.225 1787.71
205.472 -262.013 2188.36
236.229 -579.158 2277.24
215.096 32.4867 1987.7
194.181 -79.4975 2179.72
FRAME: 115
134.883 312.412 2028.16
144.914 79.6746 2421.82
121.841 -844.715 2289.48
19.2203 189.058 2497.26
178.137 -225.396 2258.3
150.578 -569.583 2326.41
168.018 123.847 2247.72
189.683 88.3278 2113.61
213.747 -128.296 1893.49
238.724 -862.334 2453.85
153.4 -397.104 1711.34
196.18 -255.816 2144.7
228.961 -590.854 2219.85
211.349 52.8082 1979.5
188.421 -76.1392 2157.56
FRAME: 116
129.985 314.936 2031.7
169.321 39.1427 2368.29
142.311 -864.51 2311.33
60.9319 92.2797 2395.93
164.174 -230.97 2237.65
143.721 -563.293 2347.04
168.736 113.899 2240.11
187.628 89.4901 2105.17
218.002 -110.435 1868
242.773 -855.331 2427.36
193.004 -366.672 1655.24
184.851 -257.035 2089.85
220.791 -589.054 2148.87
206.52 65.081 1970.22
181.07 -77.2562 2134.46
FRAME: 117
125.542 317.282 2032.67
148.009 64.7988 2371.73
137.901 -846.106 2308.66
68.4744 98.124 2366.64
169.134 -248.716 2220.23
144.388 -578.834 2339.7
168.138 108.033 2236.15
187.967 81.4352 2095.69
227.262 -120.149 1856.29
231.314 -854.043 2402.1
230.961 -328.604 1623.46
186.71 -271.921 2082.23
207.511 -597.635 2092.4
207.797 54.8378 1955.22
182.945 -89.4417 2123.46
FRAME: 118
123.597 319.358 2035.78
136.263 71.6257 2400.95
144.909 -846.315 2286.59
60.1549 134.251 2350.2
177.446 -249.557 2214.75
147.828 -567.377 2256.04
171.602 104.478 2245.53
186.965 89.0153 2100.25
244.217 -109.208 1802.63
219.831 -769.428 2216.83
218.178 -329.46 1560.92
192.99 -261.532 2049.55
232.614 -544.904 2047.56
202.327 73.5528 1954.98
186.091 -83.2646 2116.2
FRAME: 119
120.43 320.007 2038.82
144.797 68.5193 2425.38
135.936 -852.381 2213.12
57.9375 137.611 2396.78
179.62 -251.58 2226.53
145.481 -579.426 2223.18
168.399 105.499 2247.65
185.689 91.3313 2099.12
261.619 -87.6039 1783.2
237.359 -755.667 2238.32
209.669 -301.031 1495.38
199.752 -259.223 2030.19
226.133 -555.281 2115.81
202.978 77.1632 1950.58
187.687 -82.035 2113.74
FRAME: 120
119.537 322.494 2041.37
119.235 70.2184 2419.56
136.796 -804.421 2104.78
-25.9693 202.956 2537.7
166.69 -263.805 2218.49
146.333 -587.56 2190.74
158.949 92.8071 2235.18
191.007 88.3383 2089.23
290.059 -77.888 1773.01
194.121 -675.499 1985.54
325.253 -215.766 1543.55
218.198 -239.173 1976.97
220.485 -550.187 2039.94
223.065 83.8696 1943.28
191.725 -81.5754 2093.48
FRAME: 121
128.277 290.641 2014.06
126.666 71.4888 2371.61
142.055 -769.96 2152.66
-13.5006 160.103 2506.49
159.032 -266.458 2163.52
135.076 -511.652 2049.81
169.055 81.0675 2172.66
195.954 93.3716 2054.07
292.351 -51.5407 1765.57
190.526 -570.896 2114.86
315.522 -198.89 1537.67
212.718 -208.416 1868.23
239.081 -431.587 2011.28
222.853 105.676 1935.47
190.915 -72.0325 2034.97
FRAME: 122
117.062 328.988 2048.94
120.667 27.622 2409.92
139.888 -759.017 2096.19
-37.9301 135.068 2519.2
158.552 -272.721 2088.71
90.6411 -461.778 2019.4
170.41 66.5495 2207.55
201.592 115.595 2058.05
305.456 3.7327 1763.08
182.621 -533.774 2022.23
222.527 -190.313 1461.76
208.953 -180.211 1758.76
218.044 -476.968 1964.91
232.774 164.64 1908.56
192.672 -55.4355 1990.89
FRAME: 123
122.227 313.764 2033.45
130.113 53.5476 2382.57
137.321 -703.355 2213.21
-50.8273 161.714 2472.2
150.001 -240.254 2136.5
120.673 -486.123 2129.46
156.513 79.5443 2179.07
200.839 100.228 2060.37
322.363 -31.8142 1779.62
185.663 -527.869 1867.7
297.624 -184.78 1513.6
228.766 -196.586 1862.87
238.275 -415.053 1864.02
245.166 120.913 1941.67
195.111 -59.0957 2030.03
FRAME: 124
127.598 278.491 1993.47
97.7581 6.57216 2306.35
150.985 -710.071 2195.53
-53.2304 111.576 2396.35
137.929 -237.901 2134.92
93.1316 -524.883 2043.06
131.572 56.4473 2146.28
200.55 91.481 2038.22
347.798 -21.6357 1764.94
209.44 -533.607 2001.82
303.718 -182.331 1494.65
243.734 -187.746 1875.71
243.425 -404.349 1847.65
269.528 126.515 1930.16
195.691 -60.6714 2021.77
FRAME: 125
126.605 291.876 1983.4
114.072 14.2835 2330.98
135.876 -685.975 2139.74
-54.9777 110.761 2363.81
144.32 -227.811 2126
115.897 -508.422 2120.94
143.626 61.3399 2114.61
188.537 79.2967 1996.52
326.904 -33.7736 1757.58
198.329 -544.631 2140.55
245.643 -217.352 1469.23
226.194 -182.575 1863.21
234.346 -392.54 1851.73
233.449 97.2535 1878.42
186.897 -62.9482 1995.56
FRAME: 126
123.906 316.067 2012.17
115.022 27.2745 2366.3
138.886 -680.655 2126.28
-80.378 132.046 2404.5
151.769 -215.86 2180.84
132.434 -505.093 2211.37
145.879 100.759 2195.29
199.93 116.799 2055.17
336.059 -18.6553 1773.92
185.257 -539.929 2081.68
243.264 -224.293 1491.7
224.367 -175.91 1878.37
228.837 -402.328 1861.15
253.981 132.839 1915.06
193.999 -39.5427 2042.39
FRAME: 127
127.242 308.253 2007.39
136.446 67.8103 2426.56
131.754 -681.935 2128.51
-55.1017 174.418 2475.86
160.65 -196.313 2243.39
117.565 -471.928 2165.14
160.847 117.474 2207.38
196.212 118.333 2062.49
320.842 -25.4422 1784.08
217.46 -589.065 2238.06
238.07 -231.043 1504.83
228.024 -196.167 1894.7
243.446 -409.44 1942.29
231.577 119.193 1917.6
195.274 -38.9534 2065.77
FRAME: 128
125.39 332.456 2039.68
125.293 73.4628 2411.55
117.656 -661.657 2111.38
-76.9365 174.539 2440.44
155.174 -182.285 2208.55
108.861 -489.563 2217.93
141.652 139.737 2210.42
199.395 131.87 2083.55
342.233 -36.4897 1809.83
217.115 -599.604 2281.44
301.111 -253.477 1549.46
234.65 -184.998 1992.16
229.345 -418.272 1941.82
257.139 124.003 1956.68
197.154 -25.8857 2091.95
FRAME: 129
125.599 341.717 2042.68
134.131 58.1964 2427.14
109.467 -703.92 2121.31
-74.117 96.1977 2330.45
154.061 -211.447 2218.32
144.676 -518.083 2353.28
151.296 84.2161 2138.32
198.395 106.442 2043.96
331.768 -16.8297 1816.81
240.862 -616.669 2345.51
324.889 -208.58 1569.58
234.27 -185.09 1901.36
256.496 -401.87 2006.69
245.495 128.667 1949.6
196.28 -45.9133 2051.9
FRAME: 130
128.382 326.798 2030.73
88.3129 55.1726 2418.1
134.494 -655.519 2238.15
-98.6619 86.0568 2334.01
133.987 -223.93 2096.98
106.074 -513.411 2187.59
114.037 57.3199 2079.49
199.171 105.806 2015.23
368.24 -13.2005 1827.78
242.106 -599.371 2320.76
280.039 -244.578 1548.79
240.826 -165.776 1968.91
247.13 -435.259 1910.34
284.305 154.291 1950.96
193.289 -44.5236 2024.09
FRAME: 131
128.188 338.821 2043.74
105.567 77.4838 2419.54
127.104 -620.375 2211.45
-93.9799 147.143 2412.68
147.397 -180.84 2244.55
105.849 -504.487 2223.71
135.044 148.274 2199.65
202.49 136.422 2080.8
358.025 -44.913 1843.88
241.627 -641.036 2297.37
375.682 -234.091 1623.25
251.351 -187.35 2000.9
259.117 -424.028 2004.58
269.936 124.569 1961.94
200.932 -23.8368 2101.76
FRAME: 132
130.621 344.679 2050.55
99.6722 78.1387 2423.55
143.735 -645.415 2253.37
-93.6519 142.492 2383.07
153.434 -181.994 2242.52
112.927 -513.369 2222.53
126.593 157.492 2237.56
202.822 139.429 2108.48
366.915 -52.3766 1868.21
247.896 -639.423 2278.52
366.786 -260.242 1669.99
255.05 -201.45 2027.61
252.726 -446.394 2014.25
279.051 121.366 1979.4
203.532 -26.1465 2121.77
FRAME: 133
130.994 349.087 2056.04
96.3883 82.3221 2422.49
180.122 -662.016 2261.13
-95.4271 146.153 2361.27
153.904 -167.346 2262.04
102.854 -513.951 2238.98
119.242 167.401 2229.42
201.604 140.129 2115.17
372.656 -63.1737 1898.05
269.409 -681.235 2290.7
340.204 -286.362 1694.62
259.967 -202.571 2095.56
249.999 -485.268 2004.57
283.967 112.857 2000.93
204.27 -22.4146 2146.99
FRAME: 134
132.437 344.043 2049.83
111.903 68.6695 2461.98
152.29 -611.615 2212.48
-81.2378 165.476 2456.27
164.053 -180.805 2310.99
129.067 -512.657 2288.87
143.541 156.764 2273.59
204.123 140.583 2134.37
351.356 -45.0659 1889.9
278.628 -743.961 2342.46
345.41 -285.107 1708.68
259.573 -193.065 2049.23
267.845 -475.961 2146.92
264.705 124.402 1995.14
207.968 -23.1757 2157.24
FRAME: 135
133.003 354.168 2063.2
127.219 61.7285 2457.14
188.233 -640.826 2317.44
-79.7478 165.08 2472.79
160.729 -192.675 2323.78
125.082 -530.239 2311.77
141.882 158.555 2283.85
204.768 140.599 2141.6
355.532 -57.016 1895.84
279.948 -740.519 2380.52
325.89 -296.188 1728.16
265.911 -218.949 2058.75
261.82 -491.596 2051.84
267.654 122.644 1999.36
209.044 -32.6063 2166.43
FRAME: 136
135.459 355.511 2065.3
122.777 97.049 2442.06
201.999 -631.862 2380.23
-80.9908 182.594 2441.79
176.17 -159.642 2355.3
129.531 -520.746 2364.34
140.084 185.297 2278.23
203.07 148.121 2144.66
353.197 -74.3377 1933.13
271.556 -796.492 2437.08
367.012 -293.783 1781.39
267.776 -209.329 2139.97
262 -519.489 2114.84
266.056 110.944 2011.08
212.522 -18.1821 2196.15
FRAME: 137
136.084 357.39 2069.45
120.101 91.1603 2449.59
208.974 -637.833 2350.72
-92.7302 181.709 2450.79
173.641 -165.908 2352.05
141.973 -526.074 2400.04
130.649 184.828 2281.23
199.445 150.076 2149.01
359.432 -69.9576 1950.98
269.986 -790.978 2429.28
363.982 -323.425 1814.79
269.672 -212.729 2146.2
264.207 -541.453 2164.78
268.242 115.323 2016.8
210.551 -19.6216 2199.07
FRAME: 138
136.496 362.271 2076.82
115.775 82.5282 2450.69
215.949 -648.467 2347.27
-96.6703 173.555 2465.08
164.173 -172.049 2334.26
145.699 -522.949 2427.29
120.935 180.385 2284.64
194.042 150.566 2156.22
367.462 -65.9102 1973.47
249.598 -786.535 2382.43
377.788 -290.995 1815.7
261.032 -212.007 2146.01
252.237 -546.248 2175.21
267.149 120.747 2027.79
203.322 -20.7309 2198.18
FRAME: 139
136.415 366.412 2087.8
123.814 76.8798 2467.2
238.161 -750.528 2452.1
-97.0141 155.15 2469.89
167.893 -174.196 2376.77
141.958 -522.21 2447.34
126.643 186.027 2307.92
191.085 154.113 2170.18
359.897 -61.1739 1997.15
270.743 -800.024 2445.75
342.345 -316.027 1866.87
264.239 -218.409 2152.07
268.993 -544.814 2251.36
255.527 122.199 2032.44
203.576 -21.0949 2217.3
FRAME: 140
136.356 370.296 2096.79
117.466 74.1513 2472.35
225.62 -725.448 2427.71
-110.725 129.526 2458.84
172.281 -168.748 2375.07
154.707 -543.881 2468.76
120.732 191.949 2321.66
185.57 158.978 2182.78
367.8 -62.2673 2039.31
269.085 -811.098 2456.53
361.558 -298.544 1899.51
256.032 -210.492 2184.68
260.058 -557.929 2246.83
250.409 126.006 2043.91
199.863 -15.321 2231.33
FRAME: 141
135.866 372.9 2111.93
123.453 61.4991 2494.07
211.031 -748.537 2448.73
-99.6284 100.848 2464.13
167.79 -177.873 2401.38
152.476 -547.515 2471.29
121.583 190.238 2339.32
184.085 153.838 2197.48
369.878 -62.4862 2050.98
271.904 -802.252 2452.31
317.66 -308.445 1933.97
254.324 -229.505 2202.6
263.379 -555.766 2251.41
246.587 117.438 2055.65
197.571 -24.9257 2249.74
FRAME: 142
106.764 249.151 2110.15
53.1554 -8.55202 2372.11
113.583 -716.292 2457.36
-116.803 -45.6127 2314.4
160.646 -177.972 2396.07
121.465 -534.138 2432.6
76.4823 120.727 2291.12
154.015 92.5644 2167.88
367.518 -89.515 2067.99
282.413 -780.437 2455.62
294.808 -334.399 1936.7
260.125 -221.159 2230.49
270.435 -564.708 2274.32
231.548 64.4021 2044.65
182.201 -53.5005 2240.58
FRAME: 143
112.741 287.607 2122.25
56.5337 -3.54553 2428.52
92.4258 -721.46 2502.85
-118.301 -49.544 2347.79
166.082 -191.431 2398.5
130.05 -551.951 2424.07
76.6221 131.429 2322.46
158.678 115.928 2192.61
367.946 -71.9157 2080.93
281.404 -787.461 2459.33
289.226 -333.233 2002.24
254.08 -218.852 2242.39
249.145 -574.028 2285.77
240.733 100.426 2062.75
184.379 -44.6069 2256.52
FRAME: 144
133.771 382.932 2150.25
124.217 72.652 2516.98
129.356 -675.169 2383.09
-85.6451 -4.56632 2444.1
175.234 -180.872 2411.86
143.714 -546.549 2434.82
108.041 169.342 2342.86
168.968 137.243 2211.09
367.048 -64.1124 2103.77
270.239 -778.04 2440.24
304.846 -300.113 1993.32
247.367 -220.041 2252.14
232.412 -591.11 2296.58
229.895 105.143 2079.32
190.134 -31.607 2271.55
FRAME: 145
128.546 363.933 2157.3
85.1923 17.6093 2467
90.8296 -604.471 2492.45
-75.9628 -43.2709 2408.71
150.72 -176.689 2416.39
51.5446 -463.942 2345.78
110.318 197.665 2353.46
179.273 162.107 2230.22
380.046 -66.3056 2124.22
260.961 -825.463 2452.82
260.03 -300.287 2072.44
242.115 -223.872 2264.09
225.481 -594.816 2316.18
248.227 126.548 2106.99
187.845 -19.0866 2285.23
FRAME: 146
133.306 392.507 2171.71
82.811 22.9911 2467.15
234.161 -768.686 2552.5
-46.731 -61.6192 2399.42
162.819 -170.779 2430.11
139.817 -532.469 2456.41
107.035 206.234 2364.82
175.099 167.913 2236.57
374.521 -61.5858 2125.5
257.617 -825.477 2453.74
213.947 -291.342 2090.24
239.428 -213.438 2285.74
238.75 -581.494 2324.05
243.163 129.593 2108.32
188.111 -12.0975 2297.25
FRAME: 147
134.021 392.003 2179.79
97.2204 36.8008 2520.15
259.397 -726.002 2509.88
-77.7589 -115.362 2351.58
157.657 -167.866 2444.39
136.147 -530.692 2472.31
105.067 203.755 2373.7
177.209 163.571 2249.03
378.571 -67.1553 2145.7
259.394 -844.782 2466.1
214.467 -282.036 2112.24
238.063 -212.313 2305.21
233.97 -595.915 2340.46
249.351 123.388 2124.36
187.535 -13.2591 2311.92
FRAME: 148
133.285 395.944 2184.44
95.7771 35.8388 2504.82
261.449 -700.59 2553.97
-133.835 -77.3007 2322.82
156.154 -168.481 2450.54
156.525 -529.669 2505.9
97.286 200.948 2367.06
175.632 159.036 2246.74
376.277 -77.9558 2156.54
257.826 -832.62 2456.09
159.213 -271.893 2167.68
240.266 -213.304 2322.04
234.24 -574.391 2356.56
253.978 117.125 2126.43
186.921 -15.9281 2316.52
FRAME: 149
134.438 399.209 2195.85
102.516 36.1591 2522.55
285.128 -726.876 2516.37
-134.81 -21.5645 2289.71
153.478 -155.127 2470.39
136.002 -493.863 2548.5
107.689 208.752 2383.21
178.667 161.882 2261.7
373.846 -78.5375 2171.4
257.632 -847.661 2471.54
122.961 -249.919 2204.9
232.58 -207.377 2334.8
229.763 -569.102 2371.34
249.645 115.012 2140.2
185.848 -9.68516 2332.15
FRAME: 150
135.302 402.6 2211.78
102.18 36.7765 2529.78
276.028 -776.803 2555.04
-124.322 -53.6707 2321.4
158.154 -153.393 2471.59
141.517 -493.584 2515.25
106.926 209.128 2395.94
173.409 167.154 2273
362.315 -73.5317 2179.67
257.589 -843.402 2469.99
115.784 -226.83 2234.23
232.709 -200.51 2333.73
231.312 -562.298 2370.51
239.893 125.179 2150.07
184.42 -4.89882 2337.83
FRAME: 151
135.485 405.723 2221.66
98.6959 37.773 2537.62
277.713 -718.616 2561.78
-128.639 -34.1168 2339.55
158.888 -154.086 2480.13
137.256 -495.473 2527.85
107.284 210.735 2410.15
174.155 168.93 2283.95
353.583 -69.7851 2191.09
253.321 -834.959 2474.33
83.6676 -201.641 2252.79
232.903 -200.341 2340.21
225.916 -556.174 2380.22
241.027 127.125 2157.75
185.025 -4.14181 2347.06
FRAME: 152
135.722 409.141 2234.14
98.6777 39.8297 2554.74
279.086 -722.135 2595.37
-111.621 43.4829 2399.68
161.199 -152.246 2490.77
143.838 -500.953 2561.22
104.04 213.232 2431.01
170.137 173.394 2301.67
290.425 -48.3477 2214.35
247.404 -823.9 2476.6
44.219 -142.546 2293.79
231.602 -194.712 2352.73
219.61 -553.146 2386.99
236.234 133.556 2172.34
183.268 -0.0425833 2361.71
FRAME: 153
136.687 411.449 2244.27
86.453 35.9986 2557.98
276.124 -745.072 2623.65
-130.966 125.572 2450.74
160.843 -147.826 2500.65
144.812 -498.689 2572.92
101.634 218.759 2444.85
165.395 181.925 2316.6
260.225 -45.5831 2244.78
244.791 -817.612 2477.67
37.6777 -112.596 2309.57
229.285 -187.386 2362.72
216.395 -543.3 2387.54
229.157 145.091 2188.35
180.23 7.15944 2374.14
FRAME: 154
135.978 413.68 2250.93
80.1365 33.9557 2556.94
272.076 -741.424 2632.76
-129.981 162.923 2469.33
159.411 -140.062 2510.99
148.332 -499.086 2585.32
100.644 226.197 2452.46
163.708 188.593 2324.52
237.063 -51.4284 2248.1
246.365 -827.546 2483.38
33.5655 -82.466 2316.16
227.547 -181.227 2372.49
214.321 -543.038 2392.9
226.773 150.988 2196.58
178.594 13.974 2383.13
FRAME: 155
135.134 417.963 2265.65
35.7084 51.8117 2556.54
276.523 -739.586 2657.98
-84.9873 126.126 2439.09
161.641 -134.749 2510.25
145.66 -505.259 2584.53
104.642 225.02 2460.83
163.752 190.37 2334.85
171.847 -38.3145 2237.48
244.247 -827.632 2480.67
10.6528 -50.6925 2328.02
224.533 -171.742 2376.4
206.824 -536.954 2393.4
222.863 155.72 2208.86
178.42 18.5622 2389.09
FRAME: 156
136.271 417.226 2262.45
-3.43438 65.3184 2561.87
277.056 -736.314 2657.8
-92.2002 82.8705 2428.45
162.822 -133.174 2517.79
151.894 -507.504 2588.91
105.455 229.445 2479.82
163.296 193.032 2344.39
133.886 -42.781 2211.39
241.582 -822.796 2481.7
-32.4647 -3.82631 2380.4
220.974 -170.496 2382.38
206.457 -534.239 2396.71
221.137 156.618 2208.96
177.597 20.5983 2397.24
FRAME: 157
136.611 419.858 2269.24
-12.3465 96.3885 2578.29
271.661 -761.402 2653.78
-90.8865 82.4573 2425.06
164.532 -141.837 2525.92
150.324 -508.356 2600.38
108.055 226.538 2480.97
163.409 190.096 2347.34
156.825 -45.5289 2229.09
241.11 -819.081 2483.19
-24.7078 36.0524 2386.5
222.752 -180.163 2386.47
205.729 -538.619 2403.29
218.764 153.653 2213.72
178.526 14.5479 2401.77
FRAME: 158
134.746 421.329 2280.4
-37.2031 195.859 2597.89
265.145 -769.746 2671.87
-88.0152 72.8523 2437.04
163.906 -139.232 2532.43
152.22 -516.667 2623.69
109.379 230.253 2482.15
160.838 192.56 2350.86
145.628 -31.0859 2246.42
240.984 -815.717 2483.48
-19.6838 44.1059 2398.76
217.983 -178.729 2395.76
202.293 -540.901 2412.78
212.297 154.867 2219.57
175.891 16.7899 2407.48
FRAME: 159
132.513 423.309 2284.16
-21.6807 247.251 2610.83
270.978 -770.857 2695.8
-87.3584 84.9121 2452.36
164.313 -141.991 2542.7
154.846 -513.7 2633.08
110.489 234.477 2495.62
159.998 196.974 2359.46
126.919 -12.9437 2244.38
238.043 -814.898 2483.99
15.7051 36.5469 2384.46
217.518 -182.191 2396.88
200.973 -538.527 2420
209.508 159.472 2223.31
175.457 17.4415 2414.63
FRAME: 160
128.336 427.638 2292.65
-4.85949 278.079 2627.69
267.414 -775.558 2739.75
-85.5708 104.364 2456.89
163.151 -134.728 2545.28
154.549 -507.306 2644.96
106.787 243.775 2504.8
155.764 206.58 2367.51
143.818 23.2827 2284.62
238.761 -820.192 2488.46
75.5317 17.3675 2340.75
211.714 -172.058 2409.64
199.061 -533.882 2424.81
204.741 169.386 2230.21
171.598 26.5936 2422.48
FRAME: 161
126.977 431.515 2297.4
-7.86416 277.529 2625.81
273.035 -775.746 2730.82
-81.5716 107.303 2460.96
163.404 -139.744 2543.44
160.854 -518.69 2653.33
98.4967 246.299 2514.58
149.459 210.911 2372.74
134.969 18.9552 2271.58
233.695 -816.772 2486.22
71.3055 49.8482 2376.62
209.818 -172.331 2414.47
197.123 -532.251 2430.59
200.422 175.523 2230.91
168.035 27.4369 2425.85
FRAME: 162
126.865 428.813 2292.64
-23.3652 279.06 2601.14
268.331 -770.881 2735.98
-58.079 92.3035 2444.94
161.574 -135.976 2550.57
157.695 -507.632 2658.87
95.8002 249.994 2503.73
148.928 212.901 2368.49
135.782 12.095 2277.49
237.954 -820.448 2493.02
58.9636 40.2418 2377.52
213.19 -172.118 2418.64
200.036 -529.527 2431.96
202.055 175.807 2233.25
168.155 29.4269 2426.55
FRAME: 163
125.54 427.44 2290.45
-15.3762 245.75 2604.7
269.345 -768.502 2741.19
-41.8366 84.3817 2418.18
163.153 -136.192 2555.15
161.298 -505.943 2668.96
93.7444 252.479 2501.2
147.456 214.394 2367.82
147.97 14.0931 2282.3
235.934 -816.378 2493.83
74.6237 16.0733 2384.05
214.988 -173.182 2425.87
198.642 -532.45 2433.22
201.168 176.308 2234.45
168.263 29.8534 2429.17
FRAME: 164
123.483 428.055 2291.62
-18.7799 266.809 2597.3
268.886 -782.258 2767.71
-27.8395 76.9133 2402.9
161.537 -135.621 2557.85
159.815 -504.583 2664.94
95.3447 249.884 2499.01
146.435 211.798 2369.05
162.853 11.7043 2318.93
240.53 -811.044 2500.63
70.8657 6.89064 2385.53
212.638 -173.734 2427.62
200.955 -526.348 2442.8
197.526 173.712 2239.09
166.761 28.5606 2430.89
FRAME: 165
122.282 428.64 2289.12
-13.8973 276.271 2604.89
270.867 -772.442 2748.42
-30.6976 84.4093 2402.89
161.261 -133.383 2562.34
161.636 -504.78 2677.11
91.0604 253.256 2497.06
142.299 214.7 2368.57
140.565 26.0827 2302.64
239.502 -820.516 2506.16
67.8359 27.9721 2420.81
212.977 -172.45 2432.3
200.345 -530.159 2444.78
193.537 176.145 2240.08
164.709 30.8918 2432.95
FRAME: 166
123.391 426.263 2291.53
-42.9525 265.657 2595.81
267.523 -772.232 2757.78
-13.7315 92.628 2372.05
159.728 -122.89 2565.48
162.077 -497.273 2681.97
90.1249 258.376 2499.43
140.843 217.768 2370.08
139.143 45.7624 2287.24
240.012 -826.18 2507.37
85.5791 7.36477 2401.12
210.18 -163.494 2436.26
201.216 -525.642 2448.78
191.561 177.161 2240.73
162.898 37.2881 2435.48
FRAME: 167
120.208 425.267 2287.96
-20.5805 275.93 2594.55
270.382 -783.54 2774.28
-20.2057 89.763 2392.43
153.812 -114.874 2542.73
159.407 -502.027 2687.22
90.6208 260.433 2479.56
142.152 228.526 2376.36
157.114 45.8115 2314.84
238.934 -811.606 2510.28
89.2279 72.8909 2410.85
209.666 -146.861 2437.44
200.027 -507.518 2450.33
193.684 196.618 2273.16
161.946 48.8291 2433.22
FRAME: 168
119.804 426.209 2284.39
-21.8265 254.423 2610.75
269.146 -785.466 2773.2
-15.8307 89.6192 2393.9
155.163 -130.991 2558.8
159.731 -498.35 2688.37
87.6314 257.626 2499.42
141.252 222.487 2377.3
142.402 66.1016 2322.28
239.05 -810.701 2508.13
51.6027 98.7115 2404.36
210.733 -164.812 2438.01
200.134 -520.024 2451.33
194.873 187.349 2255.19
162.1 37.2931 2437.85
FRAME: 169
120.266 426.466 2288.42
1.38199 252.488 2622.52
260.645 -778.482 2736.77
-18.9304 70.2923 2388.22
149.944 -123.608 2549.49
155.279 -489.519 2677.75
90.2936 261.121 2485.62
141.224 230.583 2378.23
137.691 52.378 2295.3
243.183 -821.096 2510.91
53.5265 116.91 2385.05
212.825 -153.661 2438.15
202.01 -508.783 2451.49
192.154 200.045 2270.85
161.304 45.9742 2436.03
FRAME: 170
121.328 425.571 2285.11
11.7512 255.454 2621.85
264.073 -780.631 2748.78
-19.6765 94.8283 2399.68
155.718 -126.85 2555.56
158.038 -482.408 2665.2
94.053 257.14 2481.87
145.376 222.257 2367.96
140.102 76.1356 2315.23
238.2 -826.407 2509.78
47.8071 107.427 2382.9
210.274 -162.659 2437.34
200.244 -518.09 2453.04
196.698 187.375 2254.05
164.186 38.7516 2432.21
FRAME: 171
120.473 424.594 2278.32
12.7076 265.925 2588.84
264.018 -793.469 2753.32
-24.2181 116.402 2408.57
150.602 -124.117 2540.26
154.994 -484.197 2634.86
91.245 256.545 2476.26
145.831 227.043 2369.59
166.557 104.594 2329.55
234.387 -816.482 2503.53
67.5979 106.386 2355.35
207.865 -153.981 2430.49
193.425 -511.466 2447.44
200.418 197.54 2262.92
162.532 43.9968 2427.48
FRAME: 172
123.378 421.949 2270.08
-5.46333 296.076 2589.97
259.996 -797.838 2740.56
-16.3628 87.8743 2380.29
151.178 -120.932 2536.04
153.814 -484.708 2622.07
98.4674 258.304 2468.09
148.149 227.332 2362.38
161.375 103.968 2328.2
232.939 -814.331 2501.08
67.6579 122.432 2350.3
203.152 -153.062 2425.95
182.939 -509.515 2441.59
197.83 196.36 2256.67
162.657 45.1676 2421.69
FRAME: 173
126.432 418.162 2256.08
-16.9912 301.517 2554.54
258.764 -795.92 2702.61
-21.5211 115.119 2376.41
153.667 -124.75 2526.94
154.952 -489.991 2575.07
104.505 254.271 2471.24
149.014 219.249 2355.44
163.118 112.243 2326.33
228.664 -814.187 2497.68
78.1358 101.724 2343.89
197.953 -157.484 2415.69
172.833 -514.524 2433.38
193.522 184.226 2239.64
162.412 39.0659 2413.38
FRAME: 174
131.409 421.878 2267.34
6.52397 313.123 2541.4
251.281 -800.118 2701.38
-14.1799 99.7074 2368.41
158.383 -110.258 2503.12
159.731 -495.56 2551.01
113.917 264.475 2442.97
153.144 236.539 2347.63
158.747 169.608 2285.5
229.934 -816.142 2492.22
144.943 187.246 2340
196.048 -136.541 2410.85
172.492 -505.849 2423.57
192.371 208.603 2252.29
165.18 56.5697 2402.31
FRAME: 175
134.196 423.438 2262.42
15.798 300.26 2535.44
242.665 -809.812 2721.62
25.4813 147.035 2364.1
147.5 -116.442 2498.27
152.777 -494.007 2551.77
108 256.835 2429.72
152.623 235.781 2356.91
175.846 170.962 2295.17
234.618 -816.989 2504.33
187.484 332.237 2381.14
199.844 -137.737 2418.86
173.616 -503.841 2432.42
197.246 214.728 2284.11
163.148 54.3459 2407.74
FRAME: 176
135.417 418.36 2253.99
9.9005 330.251 2517.97
242.153 -811.054 2690.84
3.54207 117.205 2348.29
152.875 -119.861 2500.44
146.313 -497.127 2546.2
100.451 257.839 2451.4
146.583 226.319 2344.46
156.688 169.942 2255.93
230.227 -821.927 2492.92
164.842 248.239 2345.43
198.683 -147.98 2403.39
170.098 -515.706 2425.22
192.715 194.798 2237.52
161.181 46.1991 2398.19
FRAME: 177
140.852 405.079 2225.34
5.49592 331.231 2512.77
239.348 -812.391 2684.9
-16.5063 98.4417 2327.2
151.071 -115.382 2498.34
144.383 -493.185 2560.66
98.4581 258.925 2443.96
146.127 222.375 2329.77
139.595 116.646 2233.22
230.162 -830.403 2488.85
159.485 230.022 2307.86
201.121 -148.809 2390.3
171.32 -518.288 2419.71
193.797 185.826 2215.58
161.112 45.1398 2387.05
FRAME: 178
142.89 397.965 2212.27
9.09707 354.225 2473.91
235.326 -803.986 2623.76
-5.2957 134.415 2319.93
153.652 -119.16 2495.14
152.024 -481.503 2520.95
109.1 248.969 2412.44
154.928 205.882 2299.39
120.144 57.0235 2227.49
215.195 -822.93 2536.33
127.012 231.093 2371.44
199.91 -160.947 2386.42
174.579 -522.184 2411.67
200.757 162.795 2186.34
165.855 32.9142 2370.08
FRAME: 179
138.125 384.919 2179.42
10.9177 311.892 2448.57
239.108 -799.128 2653.19
-27.4611 131.094 2309.82
162.299 -118.617 2473.36
162.199 -491.147 2527.67
107.58 240.799 2391.54
157.649 192.959 2275.51
121.798 85.9113 2252.09
231.131 -836.289 2489.13
114.196 183.245 2354.95
203.615 -159.266 2377.69
173.695 -521.917 2401.38
207.718 145.118 2159.48
170.303 27.0087 2350.52
FRAME: 180
139.055 378.992 2168.51
24.2414 292.69 2459.15
230.193 -786.929 2607.79
-18.1961 126.291 2308.01
165.137 -121.704 2469.53
170.85 -486.578 2498.55
110.969 236.098 2374.03
160.036 183.203 2260.82
109.225 49.4426 2220.12
216.341 -821.764 2514.44
67.8654 160.911 2369.62
203.928 -165.007 2380.62
183.094 -520.991 2403.96
209.102 130.309 2147.6
172.284 19.924 2342.95
FRAME: 181
137.75 374.51 2155.23
36.3345 289.68 2454.01
226.906 -797.464 2562.36
-33.2785 125.322 2295.75
169.088 -131.307 2463.57
178.54 -489.969 2457.89
112.773 224.843 2346.83
162.538 169.667 2241.57
102.91 27.136 2198.64
209.962 -842.543 2492.2
32.2281 132.995 2377.22
207.418 -174.664 2382.69
183.937 -529.1 2398.61
212.302 114.49 2136.31
175.395 8.34081 2332.35
FRAME: 182
138.821 367.522 2144.37
42.6452 352.968 2458.82
219.727 -802.361 2568.56
-61.6544 161.699 2370.25
172.736 -137.807 2455.66
176.189 -507.699 2442.45
123.205 217.624 2352.32
165.488 162.612 2239.69
78.1609 0.744822 2195.73
211.738 -844.339 2491.39
-4.87068 99.3582 2389.84
206.715 -183.445 2365.62
187.29 -534.322 2396.76
207.771 107.6 2127.07
177.607 0.993029 2325.17
FRAME: 183
142.071 360.478 2137.64
26.8955 317.405 2490.58
220.966 -824.729 2516.02
-105.257 156.117 2373.13
172.614 -129.294 2459.37
179.78 -510.595 2438.87
128.716 218.861 2362.82
168.196 158.85 2241.58
82.7053 -31.6975 2153.51
212.579 -838.771 2477.04
-44.8396 53.0743 2351.2
207.139 -183.113 2354.46
190.286 -534.511 2392.29
207.676 98.8398 2120.34
179.036 1.32358 2324.25
FRAME: 184
137.424 355.302 2122.92
1.49538 317.35 2494
212.712 -828.99 2477.13
-134.048 123.282 2362.61
164.367 -129.17 2465.57
172.487 -502.094 2442.44
133.546 221.63 2353.04
174.905 162.818 2239.8
104.038 -59.8822 2175.32
216.957 -838.556 2483.6
-55.198 10.2512 2302.92
213.665 -191.345 2344.09
193.561 -544.67 2392.71
216.264 104.005 2126.56
181.961 1.28013 2322.31
FRAME: 185
135.756 350.016 2117.65
-24.3714 241.955 2494.05
214.509 -855.644 2461.31
-147.462 127.549 2394.28
174.967 -130.922 2462.49
174.555 -514.192 2444.48
151.647 206.662 2338.75
182.54 141.32 2223.03
87.5622 -86.3354 2166.86
212.814 -838.957 2492.23
-108.012 -32.0768 2319.25
208.241 -201.672 2338.13
184.441 -548.412 2387.85
213.433 75.9781 2107.32
187.072 -12.4886 2311.67
FRAME: 186
134.984 345.172 2103.64
-45.0722 209.712 2494.71
211.876 -848.231 2464.9
-183.411 168.817 2460.74
174.84 -141.475 2455.2
161.179 -520.445 2432.51
146.447 202.384 2347.35
185.279 142.623 2232.09
110.317 -94.2801 2159.37
221.624 -851.564 2481.2
-127.531 -86.4166 2285.87
216.933 -207.518 2328.6
191.803 -550.739 2382.48
224.111 82.8614 2116.83
190.583 -15.9369 2312
FRAME: 187
133.936 341.358 2103.74
-14.3447 216.682 2483.94
205.103 -855.265 2466.58
-236.885 109.398 2411.67
176.423 -132.994 2459.84
172.583 -517.894 2403.52
156.243 203.383 2335.17
183.125 128.009 2211.18
96.7511 -142.276 2141.43
217.331 -858.701 2492.29
-127.144 -190.468 2271.63
205.565 -208.345 2334.98
192.082 -562.254 2367.71
210.008 52.6358 2087.2
187.06 -21.3302 2304.3
FRAME: 188
133.163 337.61 2088.69
37.6018 177.796 2482.25
201.447 -845.124 2483.49
-49.5609 218.676 2488.74
178.717 -148.122 2452.95
167.123 -537.674 2422.35
159.023 187.973 2330.39
185.001 111.949 2204.71
130.285 -113.945 2106.93
214.043 -842.851 2464.69
-105.766 -247.186 2197.75
203.043 -224.192 2327.86
198.531 -565.474 2374.54
210.978 35.9253 2079.03
187.94 -37.1036 2297.56
FRAME: 189
132.648 334.643 2084.81
60.7015 197.295 2481.77
206.215 -833.501 2472.17
-1.86747 249.526 2456.84
166.688 -149.253 2446.01
157.41 -525.044 2407.55
174.706 194.2 2322.33
188.629 118.954 2193.96
127.761 -123.631 2107.15
220.835 -867.574 2467.44
-58.8433 -296.051 2121.37
179.569 -227.494 2311.58
200.378 -565.118 2371.19
202.552 43.7071 2065.58
180.879 -34.71 2286.38
FRAME: 190
132.293 331.777 2079.55
75.9032 206.063 2489.2
179.054 -815.178 2433.78
39.0657 287.715 2440.81
155.743 -164.383 2431.57
132.618 -507.909 2386.03
176.746 185.926 2326.34
189.657 115.182 2191.53
146.887 -125.425 2063.56
228.037 -858.01 2465.83
-19.5116 -378.586 2018.74
169.39 -240.868 2284.18
214.466 -560.51 2362.22
202.567 44.4392 2056.72
176.112 -43.7215 2274.7
FRAME: 191
133.414 330.174 2074.74
79.0555 179.078 2476.78
205.944 -800.757 2437.69
29.1624 244.294 2464.77
159.087 -176.564 2403.7
123.243 -514.521 2348.11
170.239 161.063 2314.54
190.384 102.927 2178.86
179.85 -139.942 2000.98
213.783 -848.093 2468.64
31.2945 -399.665 1961.49
183.911 -254.294 2229.61
207.114 -561.255 2360.51
210.529 44.7905 2043.17
180.941 -56.2513 2247.76
FRAME: 192
132.425 328.177 2077.79
99.0061 150.312 2482.14
225.481 -828.611 2380.22
60.3179 228.387 2444.53
164.955 -186.361 2383.81
129.449 -519.703 2334.3
166.685 154.375 2321.31
184.723 105.035 2174.88
193.012 -131.065 1975.95
212.239 -853.489 2496.8
66.871 -401.105 1906.16
188.591 -255.204 2190.63
213.795 -558.434 2360.09
202.76 55.6947 2028.45
180.748 -57.874 2231.05
FRAME: 193
131.507 329.341 2072.19
117.504 116.087 2461.98
198.37 -793.691 2375.36
40.5567 161.611 2488.13
158.385 -210.301 2342.66
136.047 -526.936 2325.36
158.829 146.124 2312.54
184.721 98.5314 2171.42
203.141 -138.895 1958.61
201.11 -859.786 2482.78
107.409 -421.538 1863.06
182.928 -258.202 2207.98
209.464 -574.335 2314.61
210.613 50.939 2030.31
177.689 -67.8601 2223.37
FRAME: 194
130.926 327.346 2076.95
123.263 84.8952 2416.33
179.351 -798.326 2299.32
90.9277 80.2931 2452.38
172.729 -222.606 2318.24
143.731 -549.518 2306.02
167.449 134.345 2302.5
182.502 97.6893 2161.04
197.405 -126.406 1931.39
205.699 -826.054 2467.46
140.122 -412.16 1802.56
186.35 -259.915 2192.09
186.139 -584.447 2252.07
197.555 61.0337 2019.58
181.021 -71.7856 2208.1
FRAME: 195
129.61 326.929 2071.92
120.553 91.1333 2440.63
159.487 -821.108 2282.14
86.5075 98.6063 2463.8
171.373 -222.778 2284.56
138.35 -551.497 2334.31
164.384 124.328 2308.78
179.563 97.1606 2157.3
195.172 -112.828 1907.57
213.105 -794.99 2412.19
170.601 -395.725 1763.71
183.313 -245.62 2152.52
197.161 -566.07 2158.93
194.742 69.9931 2005.81
178.453 -68.5191 2187.92
FRAME: 196
128.219 327.055 2069.2
137.954 78.2753 2428.79
149.999 -861.411 2280.85
81.5741 126.146 2459.07
167.919 -219.362 2275.55
141.517 -552.114 2345.49
159.093 124.225 2290.28
177.813 94.8045 2140.88
204.667 -115.144 1878.73
205.691 -774.503 2412.69
190.069 -391.799 1687.62
183.664 -245.861 2133.14
192.483 -570.412 2132.83
196.534 65.3841 1991.48
176.802 -68.9036 2172.61
FRAME: 197
127.195 327.508 2065.62
129.493 99.2831 2430.57
150.237 -819.099 2323.49
59.9331 125.009 2467.89
172.534 -215.168 2276.62
141.795 -535.128 2355.04
158.373 129.776 2285.25
179.279 94.2946 2134.9
223.994 -134.729 1842.24
199.73 -757.775 2394.96
209.792 -391.361 1658.86
189.42 -245.251 2138.19
198.141 -569.079 2120.7
200.185 58.8132 1984.55
180.128 -67.9575 2171.15
FRAME: 198
127.241 330.242 2060.69
125.144 119.537 2426.07
136.169 -750.938 2353.63
49.9223 177.202 2492.76
184.193 -206.035 2298.04
128.026 -488.504 2383.13
166.87 137.195 2275.06
178.719 93.4677 2123.81
223.338 -141.953 1822.34
198.024 -759.328 2384.83
230.576 -372.426 1639.6
197.293 -249.942 2135.43
209.235 -553.612 2122.94
190.569 49.7403 1972.56
184.731 -67.2603 2170.27
FRAME: 199
127.049 330.447 2059.22
86.1304 162.067 2428.24
126.803 -741.632 2327.58
-1.96272 194.64 2503.15
161.418 -191.978 2310.11
127.656 -480.105 2383
138.818 154.327 2241.79
175.908 89.7585 2100.07
259.67 -159.655 1814.9
202.717 -790.456 2382.26
259.459 -373.356 1621.93
196.846 -252.994 2166.48
196.353 -578.112 2137.16
212.998 25.1902 1958.36
177.52 -66.3638 2169.18
FRAME: 200
128.087 332.057 2057.72
72.5415 170.454 2436.35
149.693 -749.005 2342.93
11.6008 214.469 2460.8
175.514 -201.066 2301.16
111.693 -487.035 2366.35
151.533 150.192 2255.15
178.066 97.5348 2105.04
261.47 -140.56 1816.95
206.39 -785.685 2383.88
262.809 -349.332 1620.25
200.397 -251.793 2137.63
203.4 -571.632 2172.11
204.598 44.8779 1954.92
183.011 -64.4474 2162.21
FRAME: 201
128.652 336.236 2052.48
99.8525 142.719 2445.38
122.401 -778.291 2341.61
-10.1026 196.146 2493.3
175.057 -211.521 2322.41
102.082 -511.28 2213.96
155.954 161.709 2253.38
180.612 102.96 2104.06
264.403 -134.999 1807.01
234.169 -807.133 2391.65
268.519 -346.139 1597.67
201.085 -272.113 2160.33
205.111 -578.253 2165.25
205.271 44.2114 1954.74
184.342 -69.4285 2172.72
FRAME: 202
129.358 339.181 2049.97
100.24 128.848 2435.73
114.233 -748.613 2232.94
-57.3222 230.678 2446.63
170.483 -196.61 2272.75
117.748 -509.356 2233.97
142.096 157.797 2245.79
182.248 107.481 2095.29
285.171 -128.715 1810.34
185.711 -739.675 2325.63
267.031 -341.626 1607.86
205.175 -237.725 2129.03
202.121 -540.638 2138.32
222.4 57.1657 1944.79
185.038 -54.8432 2148.09
FRAME: 203
133.293 345.289 2043.53
97.6807 118.912 2440.12
115.313 -746.471 2213.39
-66.8043 209.623 2406
168.312 -187.551 2278.55
118.176 -488.524 2237.63
142.675 166.799 2248.34
182.523 118.33 2098.12
290.621 -112.915 1809.39
197.808 -762.066 2396.01
288.485 -327.427 1610
205.094 -232.113 2125.08
208.387 -535.967 2171.82
222.37 69.8601 1947.9
184.613 -45.7511 2149.97
FRAME: 204
135.5 347.668 2041.14
101.124 118.054 2434.6
151.897 -659.905 2240.23
-68.0604 223.024 2402.91
171.756 -171.471 2287.79
122.809 -471.183 2224.41
142.923 181.401 2240.37
184.439 123.288 2092.58
293.513 -117.232 1810.84
203.498 -764.185 2356.56
289.885 -320.81 1598.58
209.159 -221.423 2144.14
219.266 -536.891 2230.29
225.956 65.1757 1944.8
187.449 -36.5793 2154.28
FRAME: 205
137.962 349.348 2039.12
91.365 127.382 2436.88
123.543 -707.628 2250.84
-81.5215 212.263 2392.49
166.203 -171.646 2278.96
133.932 -485.471 2300.73
138.998 180.975 2236.81
183.16 129.38 2090.68
298.736 -106.124 1816.27
206.203 -766.561 2355.03
270.363 -349.788 1606.42
208.509 -219.438 2127.46
213.979 -527.208 2193.49
227.322 77.7858 1944.55
185.258 -33.0809 2146.95
FRAME: 206
139.462 350.12 2037.46
77.4007 117.222 2442.31
145.188 -704.167 2245.18
-76.1143 205.905 2408.68
161.806 -193.865 2305.06
118.875 -512.914 2295.86
139.761 172.667 2243.4
187.261 126.328 2089.89
298.736 -98.548 1800.4
243.25 -809.038 2338.96
269.69 -329.855 1585.39
213.947 -236.716 2095.49
220.117 -555.455 2182.09
234.762 79.9881 1936.37
187.569 -44.4814 2145.08
FRAME: 207
140.145 350.827 2036.8
92.1539 101.798 2432.71
137.337 -704.349 2242.09
-84.8686 195.426 2402.67
169.346 -192.187 2274.44
133.515 -511.531 2305.13
142.937 169.622 2237.83
187.885 131.958 2088.38
299.556 -87.0791 1812.63
226.809 -782.518 2349.89
310.042 -307.996 1638.96
221.44 -228.457 2082.82
216.994 -566.393 2094.32
232.832 94.2944 1938.93
191.639 -39.1819 2133.5
FRAME: 208
142.87 351.337 2034.38
82.0471 131.333 2438.39
139.49 -703.257 2220.37
-81.3194 203.143 2385.62
167.767 -182.076 2291.98
135.204 -512.328 2360.07
145.43 178.691 2235.14
189.154 132.244 2088.78
299.378 -96.1062 1819.21
214.595 -808.312 2317.34
287.933 -321.184 1609.47
218.937 -228.607 2108.52
214.828 -566.872 2132.01
232.877 85.7959 1942.42
191.253 -36.549 2144.51
FRAME: 209
146.041 352.513 2032.79
84.949 132.78 2424.03
156.414 -702.963 2227.53
-82.6596 220.029 2364.94
163.075 -168.366 2293.77
143.498 -512.966 2370.74
139.483 192.742 2229.06
190.679 135.708 2089.29
307.122 -106.365 1828.76
182.122 -781.029 2362.59
311.392 -369.243 1664.65
212.223 -221.526 2152.48
213.596 -570.84 2142.55
241.875 78.6737 1949.53
189.164 -29.6191 2156.21
FRAME: 210
147.675 353.896 2031.99
92.9618 112.283 2425.92
164.596 -731.602 2232.93
-84.2647 178.992 2316.57
159.275 -174.896 2285.06
131.709 -507.801 2354.35
132.834 159.69 2206.55
186.702 121.672 2073.39
308.232 -99.8338 1826.42
190.001 -811.608 2307.69
321.021 -315.142 1638.91
214.553 -217.427 2136.46
208.366 -572.559 2171.01
240.569 83.6534 1940.24
186.808 -37.2449 2142.08
FRAME: 211
148.979 354.766 2031.27
88.7714 114.708 2416.09
169.95 -747.18 2264.97
-64.4046 178.191 2288.8
162.124 -183.778 2278.66
130.795 -506.477 2368.32
136.251 180.756 2215.73
191.566 130.553 2081.17
313.692 -105.013 1835.25
186.095 -789.155 2321.03
330.239 -368.997 1690.13
215.566 -230.33 2140.84
211.018 -567.581 2170.27
246.881 80.3502 1946.6
190.206 -38.2505 2145.46
FRAME: 212
150.067 354.377 2030.73
79.0972 103.112 2420.08
164.804 -779.529 2263.54
-78.0663 194.964 2350.2
167.708 -188.867 2251.27
116.896 -518.128 2283.5
144.065 173.618 2232.48
195.708 138.329 2089.19
314.141 -80.5098 1839.52
216.044 -819.163 2322.65
325.244 -299.662 1681
219.306 -226.871 2096.83
213.309 -564.352 2142.18
247.351 103.039 1945.89
194.608 -34.7701 2131.62
FRAME: 213
151.51 355.201 2031.01
93.9703 95.3221 2417.22
167.133 -692.889 2236.79
-77.8483 188.438 2347.99
167.565 -187.154 2267.85
129.439 -512.93 2304.45
146.639 178.255 2234.12
195.913 139.597 2089.19
314.659 -83.4001 1842.48
214.229 -794.836 2345.37
318.696 -309.488 1669.63
220.932 -228.089 2094.94
212.191 -551.443 2173.99
245.186 100.938 1944.25
195.081 -34.0126 2135.29
FRAME: 214
153.561 355.782 2031.32
108.425 90.2823 2412.79
164.966 -703.387 2196.04
-73.4148 184.345 2327.28
164.574 -182.264 2288.64
122.459 -510.328 2372.03
146.875 184.162 2233.6
196.901 138.025 2091.3
319.861 -94.7672 1859.82
211.057 -786.128 2337.91
304.896 -380.682 1724.13
220.09 -229.831 2115.23
211.257 -561.868 2171.67
246.927 91.8888 1949
194.616 -34.0111 2146.62
FRAME: 215
154.685 356.345 2030.27
110.414 83.381 2418.74
169.496 -720.224 2331.53
-72.6308 174.418 2349.3
163.486 -188.152 2281.55
116.601 -500.227 2341.74
148.212 177.803 2237.63
198.019 136.965 2091.94
318.451 -90.9338 1859.38
235.567 -813.689 2355.39
295.09 -379.571 1737.47
222.779 -232.748 2096.09
216.107 -562.582 2167.68
247.826 96.1277 1946.25
195.576 -36.7423 2140.38
FRAME: 216
156.233 356.928 2030.18
110.568 89.6819 2416.48
179.036 -719.447 2292.65
-69.8819 163.191 2346.45
167.058 -173.392 2282.01
117.448 -491.043 2358.6
150.511 183.156 2236.91
199.023 138.86 2091.96
321.207 -95.0852 1876.67
226.553 -798.199 2335.11
311.493 -338.352 1726.12
223.073 -223.006 2107.3
218.98 -569.406 2170.5
247.535 94.5636 1947.01
197.044 -29.6694 2143.31
FRAME: 217
157.48 357.532 2030.88
113.009 87.2514 2421.82
180.048 -744.441 2306.55
-68.2568 160.53 2360.73
161.467 -178.598 2297.44
107.772 -503.388 2418.54
152.556 182.609 2242.82
201.102 139.187 2096.92
322.219 -94.301 1883.93
223.835 -793.827 2405.94
249.768 -415.951 1741.81
224.792 -233.661 2095.9
227.283 -569.658 2200.7
249.649 95.7647 1951.01
197.116 -33.4713 2146.79
FRAME: 218
158.155 357.852 2030.54
118.465 87.1567 2424.53
170.721 -713.486 2300.42
-63.088 148.784 2336.06
167.719 -178.433 2293.81
104.277 -500.595 2418.78
151.507 185.138 2239.91
201.773 139.588 2095.99
324.484 -102.635 1904.15
227.203 -813.981 2355.27
287.752 -431.075 1819.24
229.042 -232.876 2113.81
217.719 -579.272 2174.43
252.039 94.0387 1952.08
200.077 -33.0331 2149.9
FRAME: 219
158.907 357.667 2031.11
105.822 114.622 2437.6
176.898 -730.244 2394.14
-52.2883 144.791 2319.61
168.841 -179.247 2293.45
106.661 -511.683 2393.85
151.319 187.989 2237.17
202.129 140.078 2097.94
326.933 -102.866 1928.17
242.284 -831.961 2401.1
306.599 -378.89 1859.68
225.863 -232.191 2136.46
221.219 -577.966 2205.05
252.939 92.1674 1958.71
199.741 -32.8206 2156.45
FRAME: 220
159.464 358.149 2032.01
79.758 108.763 2432.97
148.451 -757.559 2359.81
-58.3648 139.469 2333.36
166.476 -183.5 2298.69
108.072 -514.196 2399.39
149.73 187.017 2239.59
202.796 139.343 2100.74
328.516 -106.208 1943.97
227.39 -842.933 2392.54
294.324 -421.564 1880.36
226.926 -237.362 2139.31
219.479 -591.231 2215.44
255.862 91.6678 1961.89
199.749 -35.5443 2159.87
FRAME: 221
159.635 358.689 2030.01
74.369 103.805 2439.44
124.61 -799.496 2387.49
-50.5869 122.465 2320.4
164.355 -187.393 2305.51
104.377 -526.877 2387.85
148.343 189.496 2241.84
203.156 140.145 2101.76
326.785 -108.345 1959.06
230.976 -833.823 2411.32
285.72 -431.658 1953.95
227.392 -243.518 2143.1
230.925 -588.839 2227.25
257.969 90.7946 1961.68
199.515 -37.6552 2163.03
FRAME: 222
160.147 358.924 2033.49
70.0585 93.3064 2436.67
130.65 -824.51 2369.69
-56.8607 103.823 2308.97
164.026 -185.062 2296.07
101.077 -537.833 2357.46
144.963 186.715 2247.73
201.748 142.869 2108.02
326.533 -101.684 1975.86
234.235 -869.266 2414.74
283.699 -418.448 1992.11
228.439 -235.061 2137.05
238.82 -588.353 2235.42
258.532 99.0229 1968.3
198.99 -33.5962 2162.29
FRAME: 223
159.784 359.473 2032.33
68.2392 81.0885 2423.92
109.504 -838.968 2395.35
-61.3047 99.9459 2294.76
160.82 -194.987 2307.1
99.2164 -549.446 2365.48
142.816 186.567 2244.33
201.532 140.033 2108.42
327.43 -118.767 1994.81
217.035 -868.271 2440.35
250.747 -445.474 2023.87
227.448 -248.299 2150.92
239.832 -599.757 2248.13
260.247 93.4998 1972.5
197.833 -40.8047 2168.71
FRAME: 224
159.808 360.36 2031.96
82.5735 75.3024 2418.64
121.619 -859.999 2441.32
-62.0705 98.3252 2289.62
160.343 -193.097 2313.46
108.606 -533.573 2386.91
141.928 189.183 2243.5
201.192 139.106 2108.86
328.886 -128.041 2009.78
230.036 -861.034 2438.79
264.531 -414.508 2057.83
225.037 -248.564 2165.72
244.191 -592.487 2243.69
260.456 89.0289 1974.22
196.941 -40.8621 2174.23
FRAME: 225
159.141 359.827 2033.76
55.5513 65.4495 2415.16
113.504 -864.382 2429.6
-73.1188 91.1687 2274.78
156.643 -197.055 2313.19
99.7219 -538.253 2399.48
133.075 184.336 2241.13
198.04 136.564 2115.27
333.971 -129.764 2028.1
227.036 -867.919 2434.2
255.764 -406.051 2089
223.888 -247.548 2180.44
244.669 -590.625 2260.06
263.005 88.7907 1989.4
194.153 -42.8687 2181.04
FRAME: 226
159.397 361.091 2034.13
51.1087 63.3716 2411.1
97.588 -859.679 2373.26
-56.7997 77.7748 2263.49
153.709 -196.213 2321
97.9856 -549.076 2390.09
125.019 187.101 2240.58
195.002 136.928 2117.24
329.736 -134.529 2043.36
236.362 -877.633 2450.34
252.772 -400.225 2090.68
222.766 -246.618 2197.28
246.604 -601.493 2277.58
264.986 86.7549 1993.89
191.62 -42.2437 2188.19
FRAME: 227
158.17 361.377 2036.44
46.5168 65.806 2405.24
55.16 -884.491 2316.57
-57.2789 78.1155 2262.99
153.57 -195.288 2328.64
96.2342 -549.029 2382.93
124.499 185.727 2244.31
192.741 138.571 2124.56
328.786 -127.636 2057.92
238.011 -872.271 2438.57
250.362 -372.787 2071.33
225.866 -245.889 2201.18
248.446 -591.508 2278.42
260.984 91.4136 2004.82
191.23 -41.009 2194.74
FRAME: 228
154.844 364.261 2043.07
34.119 66.7477 2398.63
40.4416 -880.914 2346.66
-77.4549 79.8598 2269.2
149.353 -189.264 2339.65
98.7709 -548.808 2383.03
113.833 189.458 2246.1
187.883 143.233 2132.1
328.06 -116.208 2063.32
241.261 -877.331 2435.33
241.679 -341.486 2063.01
228.63 -239.347 2217.11
247.207 -592.857 2282.01
261.934 97.0084 2018.11
188.438 -35.5362 2205.24
FRAME: 229
147.214 368.277 2058.15
26.981 63.5885 2408.06
44.8901 -868.424 2368.65
-73.6565 83.7315 2262.14
144.145 -191.561 2343.82
87.893 -548.668 2371.09
103.674 187.396 2256.57
182.045 144.478 2142.81
328.417 -113.913 2075.78
243.533 -889.238 2430.66
230.598 -330.415 2063.11
229.056 -238.522 2220.45
246.542 -590.133 2287.83
260.416 101.561 2029.05
184.323 -35.2813 2212.47
FRAME: 230
141.241 370.54 2069.14
35.7457 51.2338 2408.67
68.7618 -859.65 2431.9
-75.4067 83.6657 2257.34
137.606 -192.725 2348.72
85.1989 -549.664 2365.32
94.0747 184.725 2262.54
177.458 144.808 2153.79
330.415 -108.88 2087.12
251.936 -884.668 2423.13
237.012 -325.605 2106.28
227.618 -236.174 2231.41
242.112 -584.852 2286.72
260.841 104.892 2045.05
180.035 -34.8205 2221.93
FRAME: 231
134.877 371.46 2077.27
55.0134 31.196 2399.74
68.6068 -859.564 2460.74
-106.735 81.6031 2267.69
131.939 -196.121 2358.15
75.2742 -547.087 2358.56
87.0025 181.528 2265.12
174.357 140.574 2157.85
327.724 -113.675 2106.86
254.585 -890.917 2433.82
246.246 -349.579 2110.26
227.493 -241.227 2240.59
244.319 -588.587 2293.9
261.712 99.6196 2050.57
177.037 -39.05 2228.61
FRAME: 232
130.418 375.036 2090.44
46.4868 22.4964 2398.27
72.3261 -841.992 2506.45
-107.463 72.9436 2278.9
125.108 -193.007 2359.57
55.1756 -534.1 2343.9
80.6034 182.182 2276.75
168.795 144.837 2170.58
327.74 -108.404 2108.76
261.698 -881.659 2432.58
251.439 -344.134 2133.66
222.368 -234.62 2242.3
242.554 -579.31 2295.93
256.986 107.493 2064.41
171.266 -34.4883 2235.76
FRAME: 233
126.126 375.878 2096.93
68.0951 12.9831 2401.81
124.837 -849.606 2537.34
-105.731 52.478 2287.32
119.471 -194.383 2364.46
61.104 -551.846 2359.7
74.0611 180.254 2281.97
164.054 144.118 2177.63
331.698 -108.301 2122.58
251.571 -882.675 2447.95
238.627 -335.766 2098.86
219.494 -234.605 2248.59
245.256 -582.702 2303.76
254.047 107.981 2073.28
166.768 -35.1881 2242.07
FRAME: 234
116.439 378.405 2112.22
66.9723 6.95757 2397.79
128.446 -861.173 2554.65
-125.678 53.0507 2286.29
106.277 -196.15 2369.09
55.233 -558.274 2390.25
60.4622 178.702 2294.16
156.048 144.777 2191.57
335.717 -104.735 2133.52
249.836 -886.921 2462.12
244.702 -330.064 2165.67
211.066 -233.386 2256.75
242.909 -586.636 2312.97
251.634 110.851 2088.98
157.36 -34.9958 2252.24
FRAME: 235
106.104 381.436 2125.56
70.7981 0.71509 2404.75
98.0645 -865.887 2581.65
-141.084 43.8037 2279.92
101.297 -194.893 2375.58
42.8496 -549.32 2429.47
45.8138 180.305 2309.64
145.697 148.518 2205.68
338.157 -100.04 2143.29
256.116 -882.394 2472.48
227.195 -332.084 2170.32
203.787 -227.493 2269.08
238.632 -580.092 2319.26
245.581 116.731 2101.72
149.12 -31.3376 2264
FRAME: 236
98.0579 383.862 2135.79
61.3539 11.8109 2413.34
95.1672 -873.566 2582.05
-151.957 64.5321 2286.61
94.0986 -184.241 2383.22
31.2018 -544.591 2454.78
37.9297 186.014 2321.05
137.452 154.535 2216.61
337.553 -90.7668 2158.13
251.128 -882.008 2480.47
220.22 -312.722 2184.05
194.721 -216.16 2277.43
227.54 -575.99 2321.53
236.975 123.056 2112.18
140.931 -22.8327 2273.47
FRAME: 237
86.2108 387.993 2148.31
63.9571 -7.22512 2414.1
100.503 -878.238 2603.27
-151.629 53.4439 2287.1
93.5727 -184.748 2389.36
27.6959 -543.823 2477.23
29.5745 192.617 2345.73
131.022 163.443 2232.5
333.813 -76.8317 2168.8
253.84 -881.787 2478.65
188.005 -306.377 2177.3
189.542 -212.502 2282.29
224.786 -574.955 2326
232.47 134.269 2119.26
136.29 -17.591 2284.16
FRAME: 238
80.7425 387.647 2150.11
34.4363 7.8996 2425.77
100.47 -877.477 2592.91
-170.186 38.8227 2289.29
84.4466 -177.367 2390.17
16.641 -539.941 2460.6
20.4708 197.016 2346.54
122.587 168.864 2237.07
328.741 -67.413 2180.36
246.82 -878.012 2475.95
173.584 -278.095 2175.45
180.128 -203.789 2287.55
208.515 -563.171 2326.65
224.703 140.712 2127.6
127.437 -10.8571 2287.96
FRAME: 239
66.2182 388.543 2161.78
27.0712 16.7576 2427.97
72.1762 -830.449 2548.59
-187.834 20.8214 2285.89
63.0749 -176.952 2408.16
5.81411 -543.98 2467.68
4.27952 198.196 2350.2
107.309 168.18 2245.86
311.648 -68.2765 2196.85
201.867 -871.845 2498.38
129.014 -279.251 2167.4
165.218 -206.957 2304.32
192.866 -566.533 2345.4
210.338 138.165 2141.53
110.728 -11.8868 2301.05

